[name]
unknown

[dist]
# distance from previous block
# <min> <max>
0	10

[block]
# block no. 0 follows, 69 sequences, length 14
# corresponding to MSA columns:
# 10-23
name=unknown_A
#
# <colnr> <probs for GDERKNQSTAVLIFYWHMCP>
#	G	D	E	R	K	N	Q	S	T	A	V	L	I	F	Y	W	H	M	C	P
0	0.00501	0.00373	0.00458	0.00498	0.00562	0.00341	0.00351	0.00597	0.00842	0.01104	0.16658	0.41176	0.23012	0.07370	0.00597	0.00164	0.00230	0.04472	0.00366	0.00326
1	0.00539	0.00401	0.00472	0.00460	0.00570	0.00354	0.00343	0.00676	0.00985	0.03422	0.39622	0.09927	0.38983	0.00912	0.00464	0.00130	0.00198	0.00786	0.00398	0.00356
2	0.00486	0.00387	0.00435	0.00461	0.00559	0.00340	0.00339	0.00587	0.00869	0.01082	0.08933	0.23073	0.51917	0.02883	0.00510	0.00147	0.00219	0.06076	0.00366	0.00331
3	0.01031	0.80996	0.07368	0.00700	0.01051	0.01510	0.00721	0.01178	0.00799	0.00943	0.00555	0.00642	0.00503	0.00338	0.00259	0.00086	0.00430	0.00215	0.00168	0.00508
4	0.01464	0.01868	0.01111	0.01010	0.01212	0.84648	0.00757	0.01565	0.01111	0.00959	0.00606	0.00707	0.00505	0.00404	0.00353	0.00101	0.00707	0.00252	0.00202	0.00454
5	0.88991	0.00758	0.00576	0.00516	0.00758	0.00879	0.00425	0.01152	0.00667	0.01759	0.00546	0.00637	0.00425	0.00364	0.00243	0.00121	0.00303	0.00212	0.00243	0.00425
6	0.01475	0.01024	0.01204	0.00919	0.01234	0.01099	0.06203	0.62574	0.04270	0.14380	0.01041	0.01024	0.00724	0.00465	0.00397	0.00120	0.00429	0.00369	0.00393	0.00656
7	0.00605	0.00489	0.00644	0.00639	0.00712	0.04604	0.00491	0.00736	0.00651	0.00905	0.01037	0.01550	0.00979	0.06907	0.76481	0.00592	0.01000	0.00419	0.00211	0.00350
8	0.01090	0.03444	0.39242	0.02571	0.03529	0.15505	0.03395	0.09179	0.08140	0.08912	0.00864	0.00929	0.00625	0.00409	0.00376	0.00119	0.00537	0.00318	0.00245	0.00573
9	0.00479	0.00395	0.00420	0.00420	0.00541	0.00337	0.00313	0.00591	0.00922	0.01140	0.16819	0.07521	0.66803	0.00973	0.00465	0.00132	0.00198	0.00822	0.00375	0.00337
10	0.00970	0.00931	0.01591	0.02406	0.83777	0.00931	0.01203	0.01203	0.00893	0.01281	0.00737	0.00970	0.00621	0.00349	0.00388	0.00116	0.00466	0.00349	0.00194	0.00621
11	0.00897	0.00504	0.00619	0.00559	0.00670	0.00491	0.00403	0.07114	0.00865	0.19390	0.06620	0.06328	0.04336	0.39270	0.05275	0.00268	0.00380	0.05285	0.00333	0.00393
12	0.77689	0.06162	0.00700	0.00544	0.00797	0.00922	0.00455	0.03756	0.00728	0.04552	0.00593	0.00670	0.00456	0.00370	0.00253	0.00119	0.00316	0.00223	0.00251	0.00446
13	0.00781	0.01782	0.03011	0.04404	0.00904	0.05734	0.00543	0.05876	0.05120	0.01117	0.02035	0.03616	0.00963	0.18022	0.21769	0.00289	0.05027	0.00407	0.00242	0.18361

[dist]
# distance from previous block
# <min> <max>
0	10

[block]
# block no. 1 follows, 69 sequences, length 10
# corresponding to MSA columns:
# 39-48
name=unknown_B
#
# <colnr> <probs for GDERKNQSTAVLIFYWHMCP>
#	G	D	E	R	K	N	Q	S	T	A	V	L	I	F	Y	W	H	M	C	P
0	0.07917	0.11079	0.16984	0.02725	0.13271	0.07355	0.00893	0.18704	0.05663	0.02658	0.04382	0.00965	0.00734	0.00426	0.00388	0.00116	0.03247	0.00324	0.00258	0.01911
1	0.05968	0.04637	0.08902	0.06095	0.10278	0.09953	0.04427	0.07982	0.14643	0.08979	0.03167	0.03225	0.05194	0.00491	0.00384	0.00121	0.00430	0.02107	0.00293	0.02723
2	0.00826	0.05446	0.00840	0.00577	0.00889	0.00559	0.00465	0.00988	0.00835	0.04775	0.03391	0.05133	0.04863	0.00396	0.00316	0.00073	0.00289	0.00324	0.00258	0.68757
3	0.00750	0.00633	0.02675	0.04061	0.08676	0.02632	0.04418	0.02362	0.05168	0.05719	0.02886	0.18530	0.11120	0.13279	0.08601	0.00217	0.04900	0.00608	0.00289	0.02475
4	0.00823	0.00809	0.05805	0.26674	0.29877	0.00812	0.00966	0.01078	0.03873	0.03473	0.03911	0.04706	0.08319	0.00503	0.00451	0.00128	0.05172	0.00436	0.01679	0.00503
5	0.00977	0.00550	0.00727	0.00622	0.00801	0.00521	0.02638	0.01225	0.08661	0.27519	0.32627	0.04984	0.11269	0.00750	0.02540	0.00140	0.01954	0.00591	0.00419	0.00486
6	0.00796	0.03173	0.03723	0.03786	0.01153	0.06100	0.17524	0.02040	0.03501	0.02229	0.01292	0.24247	0.04633	0.01802	0.01967	0.00135	0.03734	0.00574	0.00267	0.17325
7	0.01464	0.01868	0.01111	0.01010	0.01212	0.84648	0.00757	0.01565	0.01111	0.00959	0.00606	0.00707	0.00505	0.00404	0.00353	0.00101	0.00707	0.00252	0.00202	0.00454
8	0.05203	0.00661	0.00773	0.00637	0.00867	0.00660	0.00513	0.11029	0.12528	0.35927	0.03960	0.01358	0.01037	0.00487	0.00360	0.00115	0.00298	0.00391	0.22633	0.00564
9	0.00479	0.00372	0.00430	0.00468	0.00544	0.00330	0.00327	0.00564	0.00826	0.01044	0.06916	0.39541	0.40328	0.05282	0.00555	0.00156	0.00219	0.00934	0.00361	0.00323

[dist]
# distance from previous block
# <min> <max>
0	2

[block]
# block no. 2 follows, 69 sequences, length 6
# corresponding to MSA columns:
# 51-56
name=unknown_C
#
# <colnr> <probs for GDERKNQSTAVLIFYWHMCP>
#	G	D	E	R	K	N	Q	S	T	A	V	L	I	F	Y	W	H	M	C	P
0	0.01204	0.00640	0.00778	0.00648	0.00872	0.00623	0.00518	0.08218	0.14297	0.36139	0.12271	0.01835	0.11317	0.00674	0.03241	0.00140	0.00319	0.00491	0.05223	0.00554
1	0.00857	0.00835	0.01281	0.37103	0.37074	0.05560	0.01047	0.01085	0.00867	0.01144	0.04055	0.01219	0.05359	0.00424	0.00395	0.00123	0.00478	0.00384	0.00205	0.00507
2	0.05149	0.34748	0.01388	0.00746	0.01036	0.01214	0.00651	0.16065	0.26525	0.07243	0.01012	0.00993	0.00777	0.00432	0.00332	0.00109	0.00376	0.00321	0.00305	0.00577
3	0.00995	0.00993	0.01465	0.20925	0.47730	0.09808	0.05659	0.05462	0.00943	0.01244	0.00728	0.00963	0.00587	0.00370	0.00390	0.00119	0.00513	0.00345	0.00201	0.00559
4	0.00858	0.42564	0.01340	0.00648	0.00857	0.01050	0.00568	0.04238	0.04846	0.00998	0.00845	0.01176	0.00793	0.10344	0.26996	0.00291	0.00609	0.00332	0.00209	0.00439
5	0.40040	0.05689	0.03028	0.08178	0.21867	0.02943	0.00762	0.04160	0.00806	0.03501	0.00649	0.00801	0.00518	0.00387	0.00366	0.00121	0.05183	0.00278	0.00225	0.00499

[dist]
# distance from previous block
# <min> <max>
0	1

[block]
# block no. 3 follows, 69 sequences, length 10
# corresponding to MSA columns:
# 58-67
name=unknown_D
#
# <colnr> <probs for GDERKNQSTAVLIFYWHMCP>
#	G	D	E	R	K	N	Q	S	T	A	V	L	I	F	Y	W	H	M	C	P
0	0.00917	0.00905	0.08759	0.21349	0.13091	0.04758	0.00864	0.07668	0.10982	0.05992	0.05643	0.06512	0.06562	0.00538	0.00438	0.00128	0.03652	0.00451	0.00278	0.00512
1	0.00648	0.00482	0.00583	0.00554	0.00673	0.00477	0.00417	0.07374	0.04471	0.02832	0.19121	0.15645	0.21920	0.03063	0.15568	0.01817	0.00388	0.00681	0.00347	0.02940
2	0.00716	0.00591	0.00836	0.00771	0.00816	0.00750	0.00616	0.00827	0.00658	0.03823	0.01004	0.12065	0.01001	0.01647	0.34662	0.00350	0.34601	0.00475	0.03401	0.00389
3	0.00484	0.00372	0.00438	0.00476	0.00550	0.00331	0.00334	0.00575	0.00841	0.01079	0.11879	0.40868	0.35173	0.04069	0.00534	0.00152	0.00217	0.00935	0.00367	0.00326
4	0.49808	0.05362	0.00879	0.00667	0.00942	0.01018	0.00556	0.29575	0.01106	0.05767	0.00730	0.00775	0.00538	0.00405	0.00302	0.00118	0.00355	0.00270	0.00302	0.00524
5	0.05968	0.06472	0.06447	0.00985	0.01234	0.62375	0.03320	0.06656	0.01093	0.01123	0.00633	0.00732	0.00513	0.00398	0.00349	0.00105	0.00643	0.00263	0.00212	0.00479
6	0.00977	0.11819	0.11497	0.01243	0.01589	0.05393	0.39250	0.07928	0.04063	0.01280	0.00892	0.01060	0.03951	0.00412	0.00473	0.00125	0.06906	0.00396	0.00219	0.00527
7	0.00562	0.00418	0.00526	0.00544	0.00619	0.00415	0.00400	0.00697	0.03519	0.02510	0.10053	0.26625	0.20398	0.09180	0.14111	0.00246	0.02421	0.06078	0.00333	0.00345
8	0.00972	0.06178	0.04186	0.08081	0.18990	0.13563	0.05234	0.06597	0.05522	0.03514	0.03242	0.12310	0.04403	0.00591	0.01830	0.00132	0.03427	0.00467	0.00259	0.00502
9	0.02299	0.07070	0.01216	0.09842	0.09477	0.14090	0.04063	0.22948	0.08977	0.06305	0.02552	0.01079	0.00764	0.00490	0.02071	0.00125	0.00478	0.01824	0.00291	0.04036

[dist]
# distance from previous block
# <min> <max>
2	13

[block]
# block no. 4 follows, 69 sequences, length 30
# corresponding to MSA columns:
# 81-110
name=unknown_E
#
# <colnr> <probs for GDERKNQSTAVLIFYWHMCP>
#	G	D	E	R	K	N	Q	S	T	A	V	L	I	F	Y	W	H	M	C	P
0	0.00587	0.00512	0.02337	0.00589	0.00712	0.00492	0.03588	0.00781	0.06710	0.01092	0.08651	0.09131	0.29975	0.08517	0.18825	0.00262	0.03532	0.00645	0.00307	0.02756
1	0.01473	0.01034	0.01117	0.00867	0.01168	0.02380	0.00712	0.66341	0.05984	0.11480	0.02772	0.01050	0.00789	0.00481	0.00394	0.00119	0.00413	0.00368	0.00401	0.00655
2	0.41151	0.01068	0.03342	0.00800	0.01072	0.12519	0.06038	0.24942	0.01092	0.01791	0.00690	0.00773	0.00522	0.00406	0.00342	0.00119	0.02268	0.00281	0.00274	0.00511
3	0.00611	0.00407	0.00487	0.00488	0.00596	0.00361	0.00361	0.00731	0.00920	0.08232	0.20056	0.23999	0.33964	0.00950	0.00461	0.00136	0.00218	0.02913	0.03741	0.00367
4	0.00828	0.00707	0.00942	0.00798	0.00972	0.03805	0.11688	0.05702	0.16796	0.04853	0.16131	0.09100	0.11842	0.02551	0.04496	0.00163	0.06142	0.01683	0.00338	0.00463
5	0.00546	0.00402	0.00478	0.00463	0.00519	0.00384	0.02004	0.00602	0.00713	0.00926	0.08284	0.04071	0.23824	0.48851	0.06057	0.00299	0.00357	0.00648	0.00286	0.00287
6	0.00874	0.00859	0.01442	0.40734	0.37367	0.03267	0.07581	0.01124	0.00851	0.01140	0.00719	0.01005	0.00570	0.00369	0.00395	0.00124	0.00514	0.00355	0.00185	0.00523
7	0.00740	0.00697	0.01176	0.85280	0.02700	0.00871	0.01089	0.01002	0.00784	0.01002	0.00697	0.01045	0.00523	0.00392	0.00392	0.00131	0.00523	0.00348	0.00174	0.00436
8	0.00838	0.00696	0.00815	0.00584	0.00931	0.00524	0.00467	0.01011	0.00821	0.03435	0.00719	0.00827	0.00591	0.00295	0.00293	0.00060	0.00291	0.00236	0.00239	0.86326
9	0.00707	0.00618	0.00804	0.00756	0.03431	0.00744	0.00566	0.04530	0.00735	0.01014	0.01566	0.05011	0.19520	0.18025	0.07854	0.00237	0.32727	0.00532	0.00249	0.00375
10	0.00824	0.12588	0.63174	0.07767	0.03000	0.00991	0.02482	0.01228	0.02280	0.01190	0.00701	0.00837	0.00515	0.00371	0.00361	0.00120	0.00549	0.00290	0.00172	0.00559
11	0.00813	0.00781	0.01306	0.04624	0.17388	0.03040	0.21977	0.04887	0.00866	0.01176	0.01178	0.25862	0.01213	0.04165	0.01642	0.00155	0.07600	0.00609	0.00254	0.00464
12	0.82293	0.00820	0.00619	0.00550	0.00793	0.04820	0.00450	0.03580	0.00723	0.01743	0.00560	0.00649	0.00436	0.00369	0.00252	0.00120	0.00326	0.00218	0.00245	0.00433
13	0.00972	0.01103	0.01830	0.01384	0.01649	0.12619	0.49325	0.01205	0.00869	0.01133	0.00737	0.03220	0.00616	0.00450	0.00646	0.00138	0.20996	0.00422	0.00197	0.00489
14	0.00498	0.00343	0.00448	0.00532	0.00560	0.00322	0.00357	0.00575	0.00756	0.01037	0.02091	0.79256	0.02467	0.01167	0.00482	0.00154	0.00224	0.01055	0.07354	0.00322
15	0.00822	0.00686	0.00754	0.00692	0.00864	0.00768	0.00531	0.01586	0.53959	0.01500	0.15970	0.01914	0.06736	0.04418	0.06862	0.00179	0.00340	0.00517	0.00381	0.00522
16	0.01308	0.01070	0.01314	0.01011	0.01311	0.05317	0.14975	0.56907	0.02849	0.02061	0.00998	0.07204	0.00796	0.00499	0.00411	0.00123	0.00469	0.00424	0.00347	0.00606
17	0.00681	0.00340	0.00511	0.00511	0.00511	0.00340	0.00340	0.00511	0.00511	0.00681	0.00681	0.01192	0.00681	0.01362	0.01532	0.88594	0.00340	0.00340	0.00170	0.00170
18	0.00896	0.06132	0.59109	0.01022	0.01493	0.07587	0.01205	0.06885	0.04083	0.01278	0.00766	0.00913	0.00579	0.02803	0.03475	0.00145	0.00572	0.00305	0.00197	0.00556
19	0.00665	0.00508	0.00598	0.00616	0.00718	0.00526	0.00452	0.03104	0.22021	0.02475	0.05037	0.45316	0.08487	0.00964	0.00464	0.00148	0.00259	0.05453	0.01773	0.00416
20	0.00812	0.01845	0.68795	0.01218	0.01763	0.00926	0.16662	0.01244	0.00846	0.01244	0.00720	0.00871	0.00515	0.00365	0.00389	0.00126	0.00595	0.00322	0.00172	0.00570
21	0.02879	0.00973	0.04505	0.08657	0.40661	0.01015	0.01014	0.18919	0.06766	0.01518	0.00812	0.00981	0.00644	0.00425	0.00471	0.00125	0.08446	0.00351	0.00248	0.00592
22	0.04421	0.00867	0.08686	0.00943	0.01243	0.00725	0.24025	0.03669	0.02727	0.09478	0.01024	0.06955	0.00844	0.00452	0.00404	0.00114	0.02753	0.01606	0.12022	0.17041
23	0.00478	0.00396	0.00418	0.00417	0.00539	0.00336	0.00311	0.00589	0.00922	0.01135	0.16007	0.06296	0.68862	0.00971	0.00464	0.00132	0.00197	0.00819	0.00374	0.00336
24	0.00681	0.00340	0.00511	0.00511	0.00511	0.00340	0.00340	0.00511	0.00511	0.00681	0.00681	0.01192	0.00681	0.01362	0.01532	0.88594	0.00340	0.00340	0.00170	0.00170
25	0.01048	0.86458	0.02054	0.00671	0.01006	0.01551	0.00671	0.01174	0.00797	0.00922	0.00545	0.00629	0.00503	0.00335	0.00252	0.00084	0.00419	0.00210	0.00168	0.00503
26	0.04004	0.03010	0.03796	0.02882	0.00880	0.08738	0.00584	0.04055	0.04009	0.01050	0.00971	0.01337	0.00868	0.02179	0.59272	0.00475	0.00888	0.00382	0.00221	0.00401
27	0.07870	0.00644	0.02906	0.00594	0.00779	0.00651	0.00482	0.07771	0.20110	0.09748	0.03561	0.04504	0.04394	0.00543	0.00352	0.00117	0.00274	0.02574	0.31640	0.00486
28	0.00548	0.00382	0.00457	0.00481	0.00507	0.00366	0.00301	0.00585	0.00655	0.00878	0.01595	0.30967	0.03114	0.50268	0.01356	0.00283	0.00321	0.02877	0.00286	0.03774
29	0.06087	0.20002	0.00941	0.00614	0.00764	0.07699	0.00492	0.00949	0.04908	0.01051	0.08265	0.03872	0.04705	0.16665	0.18725	0.00271	0.00522	0.02826	0.00250	0.00391

[dist]
# distance from previous block
# <min> <max>
4	33

[block]
# block no. 5 follows, 69 sequences, length 44
# corresponding to MSA columns:
# 150-193
name=unknown_F
#
# <colnr> <probs for GDERKNQSTAVLIFYWHMCP>
#	G	D	E	R	K	N	Q	S	T	A	V	L	I	F	Y	W	H	M	C	P
0	0.19254	0.32443	0.13987	0.00856	0.05119	0.08612	0.02697	0.05920	0.03814	0.01290	0.00721	0.00807	0.02246	0.00382	0.00306	0.00107	0.00445	0.00268	0.00213	0.00510
1	0.00986	0.00787	0.01036	0.02948	0.13691	0.01734	0.03487	0.13972	0.12551	0.07212	0.07197	0.02412	0.06359	0.02789	0.02486	0.00145	0.11888	0.00438	0.04209	0.03675
2	0.02111	0.09810	0.03759	0.02137	0.02037	0.16552	0.00813	0.09346	0.00883	0.05929	0.00648	0.00843	0.00553	0.00544	0.00806	0.00138	0.42074	0.00314	0.00218	0.00486
3	0.00479	0.00343	0.00456	0.00545	0.00569	0.00320	0.00364	0.00550	0.00759	0.01014	0.04013	0.84077	0.02618	0.01219	0.00500	0.00158	0.00226	0.01105	0.00365	0.00320
4	0.00559	0.00440	0.00510	0.00502	0.00612	0.00416	0.00372	0.00799	0.10116	0.01317	0.34740	0.15604	0.30754	0.00902	0.00461	0.00133	0.00210	0.00781	0.00394	0.00377
5	0.00732	0.00432	0.00578	0.00583	0.00676	0.00416	0.00427	0.00866	0.03226	0.15022	0.08582	0.43196	0.04301	0.03817	0.13366	0.00227	0.00376	0.02419	0.00364	0.00394
6	0.03010	0.00872	0.00926	0.00778	0.01018	0.00973	0.00624	0.34857	0.34562	0.01935	0.03667	0.01436	0.04266	0.00537	0.00392	0.00124	0.00344	0.02432	0.06655	0.00592
7	0.00792	0.01988	0.80803	0.01140	0.01711	0.00914	0.04796	0.01242	0.00832	0.01242	0.00707	0.00837	0.00501	0.00371	0.00376	0.00124	0.00583	0.00297	0.00167	0.00577
8	0.01081	0.00872	0.01018	0.00849	0.01099	0.00957	0.05222	0.25923	0.38838	0.02653	0.01316	0.02398	0.01041	0.00631	0.03892	0.00148	0.00398	0.05589	0.00366	0.05710
9	0.00776	0.00564	0.00643	0.00506	0.00748	0.00458	0.00395	0.00945	0.00830	0.03079	0.03883	0.03169	0.03849	0.01613	0.00328	0.00081	0.00252	0.00338	0.26616	0.50926
10	0.00565	0.00399	0.00510	0.00552	0.00600	0.00393	0.00406	0.00658	0.00761	0.01007	0.07276	0.17760	0.06604	0.30522	0.05313	0.00262	0.00359	0.25427	0.00316	0.00309
11	0.01028	0.00923	0.01274	0.01023	0.01289	0.01012	0.20075	0.13583	0.47058	0.01636	0.01280	0.01328	0.00973	0.00492	0.00448	0.00133	0.03458	0.02053	0.00341	0.00593
12	0.00488	0.00358	0.00457	0.00525	0.00567	0.00335	0.00360	0.00564	0.00762	0.00998	0.02341	0.62830	0.14978	0.05951	0.04076	0.00187	0.00269	0.03284	0.00350	0.00318
13	0.00880	0.00740	0.00872	0.05649	0.01065	0.00623	0.00533	0.09099	0.02967	0.01389	0.00743	0.00856	0.00601	0.00320	0.00309	0.00070	0.00319	0.00256	0.00249	0.72459
14	0.00875	0.01394	0.33337	0.01474	0.15234	0.03902	0.29872	0.01219	0.00901	0.01264	0.06079	0.01063	0.00758	0.00383	0.00412	0.00125	0.00569	0.00386	0.00200	0.00550
15	0.00506	0.00353	0.00448	0.00513	0.00539	0.00334	0.00337	0.00571	0.00739	0.00998	0.05376	0.62745	0.04282	0.16423	0.00758	0.00194	0.00251	0.00968	0.03357	0.00308
16	0.03037	0.01086	0.01338	0.01009	0.01334	0.01175	0.13143	0.68609	0.01682	0.02273	0.00911	0.00953	0.00651	0.00447	0.00400	0.00120	0.00464	0.00367	0.00360	0.00641
17	0.01103	0.00983	0.01179	0.04578	0.29486	0.14613	0.02492	0.10715	0.05527	0.08847	0.01230	0.01538	0.06933	0.00516	0.00407	0.00124	0.00457	0.08441	0.00284	0.00547
18	0.03784	0.01559	0.01094	0.00989	0.01168	0.62379	0.03661	0.01403	0.01022	0.01015	0.00765	0.01142	0.00700	0.00501	0.00460	0.00118	0.08379	0.09199	0.00218	0.00444
19	0.00955	0.00723	0.00810	0.00745	0.00942	0.00793	0.00597	0.06640	0.47417	0.08035	0.01814	0.03231	0.07041	0.00675	0.00431	0.00140	0.00319	0.16675	0.01467	0.00548
20	0.01048	0.86458	0.02054	0.00671	0.01006	0.01551	0.00671	0.01174	0.00797	0.00922	0.00545	0.00629	0.00503	0.00335	0.00252	0.00084	0.00419	0.00210	0.00168	0.00503
21	0.00892	0.01122	0.10490	0.01538	0.01927	0.00962	0.68711	0.01218	0.00900	0.01236	0.00830	0.04373	0.00661	0.00380	0.00478	0.00134	0.02958	0.00468	0.00201	0.00523
22	0.00550	0.00408	0.00471	0.00450	0.00571	0.00357	0.00340	0.00689	0.00997	0.04252	0.38982	0.03313	0.45425	0.00890	0.00460	0.00128	0.00197	0.00760	0.00398	0.00360
23	0.00519	0.00390	0.00481	0.00481	0.00572	0.00352	0.00354	0.00662	0.00989	0.01337	0.48084	0.17673	0.23730	0.00928	0.00470	0.00133	0.00198	0.01894	0.00402	0.00351
24	0.00570	0.00380	0.00428	0.00428	0.00428	0.00380	0.00238	0.00570	0.00570	0.00760	0.01235	0.02566	0.01425	0.86222	0.01995	0.00380	0.00380	0.00570	0.00238	0.00238
25	0.00786	0.02028	0.84191	0.01117	0.01697	0.00910	0.01448	0.01242	0.00828	0.01242	0.00704	0.00828	0.00497	0.00372	0.00372	0.00124	0.00579	0.00290	0.00166	0.00579
26	0.00786	0.02028	0.84191	0.01117	0.01697	0.00910	0.01448	0.01242	0.00828	0.01242	0.00704	0.00828	0.00497	0.00372	0.00372	0.00124	0.00579	0.00290	0.00166	0.00579
27	0.00561	0.00417	0.00616	0.00616	0.00682	0.00483	0.00473	0.00691	0.00626	0.00900	0.01063	0.01610	0.01010	0.08575	0.79075	0.00613	0.01005	0.00430	0.00212	0.00342
28	0.47009	0.04417	0.27778	0.00763	0.01117	0.07640	0.00798	0.01242	0.00776	0.04438	0.00638	0.00729	0.00477	0.00373	0.00299	0.00119	0.00431	0.00247	0.00220	0.00489
29	0.00559	0.00385	0.00441	0.00438	0.00461	0.00379	0.00264	0.00590	0.00648	0.00864	0.08813	0.02662	0.08636	0.68169	0.04847	0.00345	0.00372	0.00599	0.00265	0.00262
30	0.21914	0.15563	0.10396	0.00985	0.09246	0.14196	0.05077	0.05993	0.03854	0.06727	0.00729	0.00819	0.00565	0.00389	0.00345	0.00113	0.02046	0.00284	0.00237	0.00521
31	0.03765	0.01213	0.10089	0.01031	0.04780	0.07061	0.06110	0.50790	0.06134	0.02004	0.00891	0.00941	0.00651	0.00446	0.00407	0.00120	0.02279	0.00347	0.00325	0.00617
32	0.00531	0.00383	0.00531	0.00581	0.00632	0.00397	0.00428	0.00638	0.00722	0.00993	0.01747	0.41067	0.04113	0.03406	0.31876	0.00338	0.00547	0.07931	0.02805	0.00334
33	0.00620	0.00435	0.00596	0.00585	0.00641	0.00480	0.00432	0.00720	0.00669	0.03890	0.05766	0.03075	0.01317	0.26898	0.44704	0.00467	0.04235	0.03891	0.00247	0.00333
34	0.00849	0.00807	0.01372	0.46213	0.40920	0.00900	0.01143	0.01097	0.00835	0.01133	0.00716	0.01010	0.00569	0.00372	0.00390	0.00124	0.00496	0.00349	0.00184	0.00523
35	0.11299	0.00698	0.00726	0.00618	0.00820	0.03299	0.00494	0.17518	0.07948	0.15416	0.01162	0.01223	0.00863	0.00616	0.05693	0.00143	0.00354	0.00356	0.30247	0.00506
36	0.00965	0.00811	0.04303	0.00672	0.00989	0.00697	0.00562	0.16412	0.09042	0.05321	0.01182	0.01207	0.08587	0.00427	0.00345	0.00089	0.00324	0.00342	0.00300	0.47422
37	0.03509	0.00660	0.00761	0.00637	0.00852	0.03133	0.00506	0.10071	0.06610	0.21541	0.26030	0.03703	0.06267	0.00614	0.00408	0.00117	0.00295	0.02998	0.00395	0.10893
38	0.09032	0.00743	0.02029	0.00692	0.01001	0.00666	0.00576	0.10148	0.01109	0.54972	0.01259	0.01149	0.00827	0.00443	0.00365	0.00112	0.00338	0.00349	0.00413	0.13778
39	0.15817	0.00908	0.02986	0.00814	0.01081	0.05218	0.08442	0.27187	0.01213	0.17111	0.08602	0.01250	0.00993	0.06073	0.00483	0.00137	0.00406	0.00388	0.00344	0.00545
40	0.00526	0.00369	0.00475	0.00515	0.00540	0.00368	0.00339	0.00586	0.00684	0.00927	0.05050	0.40418	0.01983	0.31136	0.13973	0.00307	0.00406	0.00801	0.00299	0.00297
41	0.00720	0.00471	0.00573	0.00524	0.00664	0.00435	0.00406	0.03794	0.03496	0.11125	0.42980	0.02926	0.25270	0.00810	0.00454	0.00128	0.00226	0.04173	0.00414	0.00412
42	0.00905	0.00714	0.00861	0.00626	0.00958	0.00572	0.01493	0.02986	0.00855	0.07679	0.00763	0.00861	0.00611	0.00324	0.00337	0.00069	0.03218	0.00254	0.00253	0.75662
43	0.00633	0.00417	0.03336	0.00493	0.00513	0.00378	0.00330	0.00563	0.00549	0.00737	0.00940	0.01820	0.01022	0.40883	0.01708	0.44448	0.00367	0.00446	0.00201	0.00216

[dist]
# distance from previous block
# <min> <max>
3	52

[block]
# block no. 6 follows, 69 sequences, length 71
# corresponding to MSA columns:
# 254-324
name=unknown_G
#
# <colnr> <probs for GDERKNQSTAVLIFYWHMCP>
#	G	D	E	R	K	N	Q	S	T	A	V	L	I	F	Y	W	H	M	C	P
0	0.01051	0.69657	0.01928	0.00806	0.04706	0.06252	0.04318	0.01192	0.00826	0.00973	0.00576	0.00677	0.00516	0.00337	0.00275	0.00087	0.00442	0.00231	0.00175	0.04973
1	0.00639	0.00409	0.00472	0.00461	0.00493	0.00416	0.00286	0.00712	0.03661	0.03774	0.01249	0.02309	0.01331	0.66334	0.08178	0.00357	0.00411	0.00530	0.07690	0.00286
2	0.01011	0.00975	0.03158	0.01249	0.02818	0.05192	0.44440	0.07834	0.08261	0.06255	0.03871	0.01275	0.00862	0.00423	0.00425	0.00126	0.00523	0.02781	0.07991	0.00530
3	0.00483	0.00345	0.00458	0.00545	0.00569	0.00323	0.00365	0.00554	0.00754	0.01007	0.03462	0.81444	0.02579	0.03203	0.00535	0.00164	0.00232	0.02297	0.00362	0.00318
4	0.00533	0.00400	0.00494	0.00471	0.00573	0.00361	0.00353	0.00698	0.01059	0.01452	0.64981	0.03126	0.22363	0.00846	0.00463	0.00125	0.00188	0.00737	0.00416	0.00361
5	0.00495	0.00398	0.00441	0.00430	0.00549	0.00344	0.00323	0.00623	0.00968	0.01235	0.31314	0.03483	0.56165	0.00927	0.00463	0.00129	0.00194	0.00787	0.00387	0.00344
6	0.01048	0.86458	0.02054	0.00671	0.01006	0.01551	0.00671	0.01174	0.00797	0.00922	0.00545	0.00629	0.00503	0.00335	0.00252	0.00084	0.00419	0.00210	0.00168	0.00503
7	0.01357	0.00936	0.01016	0.00799	0.01069	0.01017	0.00653	0.62302	0.01610	0.07589	0.01910	0.04453	0.00839	0.00503	0.00382	0.00116	0.00381	0.00391	0.12067	0.00610
8	0.88991	0.00758	0.00576	0.00516	0.00758	0.00879	0.00425	0.01152	0.00667	0.01759	0.00546	0.00637	0.00425	0.00364	0.00243	0.00121	0.00303	0.00212	0.00243	0.00425
9	0.00579	0.00405	0.00495	0.00488	0.00502	0.00431	0.00309	0.00609	0.00583	0.00796	0.01174	0.02306	0.01307	0.67088	0.17896	0.00421	0.03585	0.00533	0.00230	0.00266
10	0.04515	0.15476	0.04852	0.00932	0.01198	0.46270	0.02473	0.16065	0.02506	0.01284	0.00679	0.00759	0.00544	0.00403	0.00344	0.00104	0.00583	0.00271	0.00234	0.00509
11	0.02679	0.00621	0.00733	0.00597	0.00817	0.00605	0.00482	0.15141	0.01118	0.36075	0.01322	0.01307	0.00924	0.00470	0.00344	0.00109	0.00290	0.00373	0.35450	0.00543
12	0.00990	0.00849	0.00895	0.00801	0.01025	0.00982	0.00624	0.04335	0.80793	0.01663	0.01577	0.01448	0.01182	0.00530	0.00399	0.00133	0.00314	0.00441	0.00399	0.00622
13	0.00782	0.00502	0.00647	0.00612	0.00643	0.04223	0.00440	0.00727	0.03873	0.03847	0.00748	0.01181	0.00707	0.02540	0.03948	0.63856	0.09926	0.00349	0.00195	0.00255
14	0.00528	0.00403	0.00465	0.00447	0.00564	0.00353	0.00336	0.00668	0.00998	0.02716	0.40880	0.03339	0.45106	0.00895	0.00462	0.00128	0.00195	0.00765	0.00397	0.00355
15	0.00559	0.00458	0.00589	0.00543	0.00673	0.00422	0.04786	0.00763	0.05561	0.01307	0.35070	0.06837	0.36486	0.00869	0.00464	0.00132	0.00231	0.03494	0.00384	0.00374
16	0.00851	0.00696	0.00817	0.00585	0.00932	0.00525	0.00469	0.01024	0.00825	0.04585	0.00731	0.00834	0.00596	0.00298	0.00294	0.00061	0.00292	0.00239	0.00242	0.85105
17	0.00548	0.00410	0.00515	0.00516	0.00618	0.00377	0.00405	0.00711	0.01016	0.01367	0.47874	0.03434	0.22777	0.00905	0.00479	0.00137	0.00224	0.16929	0.00401	0.00359
18	0.00478	0.00385	0.00431	0.00451	0.00551	0.00338	0.00328	0.00579	0.00866	0.01080	0.09871	0.23079	0.54264	0.01120	0.04214	0.00160	0.00242	0.00868	0.00363	0.00332
19	0.04047	0.00889	0.04126	0.02353	0.31087	0.12882	0.00812	0.01040	0.00802	0.01086	0.00849	0.01215	0.00766	0.06941	0.29066	0.00307	0.00692	0.00367	0.00204	0.00469
20	0.56095	0.00931	0.01097	0.00921	0.04656	0.07725	0.20974	0.01214	0.00777	0.01548	0.00621	0.00762	0.00482	0.00358	0.00313	0.00122	0.00432	0.00284	0.00226	0.00461
21	0.00744	0.00652	0.00899	0.09292	0.09419	0.03313	0.07341	0.04210	0.08666	0.01341	0.21150	0.06776	0.14828	0.00681	0.00435	0.00130	0.00339	0.05400	0.03940	0.00443
22	0.00680	0.00532	0.00640	0.00527	0.00733	0.00441	0.00408	0.00866	0.02318	0.03064	0.38856	0.02115	0.10912	0.00606	0.00391	0.00098	0.00234	0.00520	0.00345	0.35714
23	0.00618	0.00490	0.00705	0.00684	0.00737	0.00592	0.00538	0.00734	0.00640	0.00919	0.01052	0.01738	0.01037	0.09351	0.55461	0.02347	0.14866	0.06922	0.00217	0.00351
24	0.00642	0.00460	0.03513	0.00609	0.00663	0.00461	0.00470	0.00662	0.02036	0.00844	0.00946	0.05193	0.00933	0.01840	0.31378	0.41488	0.03745	0.03632	0.00205	0.00281
25	0.00978	0.04783	0.09776	0.06065	0.44933	0.00878	0.04883	0.01218	0.00880	0.07538	0.00779	0.00953	0.00616	0.00360	0.00385	0.00111	0.01761	0.00330	0.00216	0.12557
26	0.38106	0.00727	0.00785	0.00632	0.00911	0.00736	0.00522	0.05767	0.00970	0.45522	0.01098	0.01023	0.00727	0.00434	0.00331	0.00121	0.00326	0.00316	0.00379	0.00566
27	0.00543	0.00404	0.00501	0.00477	0.00574	0.00370	0.00354	0.00714	0.01997	0.01441	0.63907	0.04021	0.18094	0.04251	0.00524	0.00136	0.00197	0.00727	0.00410	0.00360
28	0.00874	0.00841	0.01454	0.36193	0.47091	0.00909	0.04731	0.01123	0.00850	0.01166	0.00723	0.01005	0.00580	0.00366	0.00393	0.00123	0.00498	0.00354	0.00186	0.00541
29	0.00944	0.00904	0.01543	0.12045	0.74347	0.00924	0.01190	0.01180	0.00880	0.01248	0.00733	0.00979	0.00610	0.00354	0.00389	0.00118	0.00472	0.00349	0.00192	0.00599
30	0.00520	0.00366	0.00474	0.00546	0.00587	0.00347	0.00386	0.00610	0.00780	0.01050	0.04963	0.57409	0.06022	0.07785	0.00610	0.00174	0.00254	0.12561	0.04234	0.00323
31	0.01030	0.32896	0.06644	0.00717	0.01054	0.12170	0.00653	0.03257	0.00883	0.03450	0.00659	0.00749	0.00549	0.00338	0.00295	0.00081	0.00417	0.00238	0.00211	0.33710
32	0.00495	0.00397	0.00430	0.00429	0.00538	0.00346	0.00315	0.00601	0.00896	0.01120	0.17355	0.04760	0.57822	0.09578	0.00621	0.00158	0.00220	0.03227	0.00363	0.00329
33	0.78884	0.00748	0.00615	0.00537	0.00786	0.00844	0.00442	0.01240	0.00720	0.11294	0.00662	0.00718	0.00488	0.00378	0.00260	0.00121	0.00307	0.00233	0.00271	0.00453
34	0.88991	0.00758	0.00576	0.00516	0.00758	0.00879	0.00425	0.01152	0.00667	0.01759	0.00546	0.00637	0.00425	0.00364	0.00243	0.00121	0.00303	0.00212	0.00243	0.00425
35	0.00924	0.00861	0.01304	0.44917	0.30219	0.06014	0.01075	0.03311	0.00879	0.04312	0.00741	0.01004	0.00576	0.00389	0.00403	0.00124	0.01887	0.00345	0.00200	0.00515
36	0.00610	0.00430	0.00528	0.00532	0.00558	0.00451	0.00351	0.00687	0.03545	0.03137	0.04685	0.27326	0.01773	0.45579	0.01335	0.00272	0.06892	0.00712	0.00290	0.00307
37	0.00489	0.00351	0.00460	0.00538	0.00570	0.00328	0.00365	0.00564	0.00767	0.01020	0.05142	0.72661	0.06298	0.04941	0.00565	0.00167	0.00236	0.03859	0.00361	0.00319
38	0.01234	0.05367	0.01077	0.04017	0.01184	0.40051	0.00713	0.07367	0.32252	0.01323	0.01006	0.01019	0.00779	0.00454	0.00370	0.00115	0.00517	0.00333	0.00287	0.00534
39	0.73549	0.00939	0.00672	0.00601	0.00838	0.13976	0.00483	0.02858	0.00760	0.01648	0.00563	0.00654	0.00442	0.00372	0.00263	0.00118	0.00369	0.00221	0.00239	0.00434
40	0.00520	0.00369	0.00502	0.00552	0.00589	0.00370	0.00385	0.00597	0.00717	0.00975	0.05787	0.48301	0.03096	0.09196	0.20802	0.04219	0.00442	0.01956	0.00311	0.00315
41	0.00489	0.00349	0.00466	0.00556	0.00583	0.00328	0.00380	0.00564	0.00758	0.01009	0.02142	0.79238	0.02553	0.02443	0.00525	0.00164	0.00239	0.06530	0.00362	0.00320
42	0.00856	0.00818	0.01399	0.43258	0.42401	0.00903	0.02534	0.01105	0.00840	0.01143	0.00718	0.01009	0.00572	0.00370	0.00391	0.00124	0.00497	0.00351	0.00184	0.00528
43	0.00792	0.03804	0.82464	0.01108	0.01682	0.00924	0.01432	0.01240	0.00827	0.01235	0.00700	0.00824	0.00497	0.00372	0.00370	0.00123	0.00576	0.00288	0.00166	0.00578
44	0.00759	0.00601	0.00698	0.00691	0.02085	0.00642	0.00527	0.02077	0.34465	0.03159	0.11791	0.14798	0.10419	0.00847	0.02316	0.00153	0.00300	0.12818	0.00383	0.00472
45	0.00483	0.00388	0.00430	0.00441	0.00547	0.00336	0.00323	0.00592	0.00908	0.01143	0.18207	0.17978	0.54851	0.00999	0.00470	0.00135	0.00201	0.00856	0.00376	0.00336
46	0.01489	0.01077	0.01161	0.00892	0.01204	0.01188	0.00736	0.77882	0.03511	0.05401	0.00977	0.00966	0.00689	0.00472	0.00392	0.00118	0.00425	0.00356	0.00396	0.00666
47	0.00565	0.00383	0.00453	0.00457	0.00467	0.00391	0.00274	0.00585	0.00585	0.00789	0.01254	0.06147	0.01423	0.72339	0.11962	0.00401	0.00455	0.00576	0.00240	0.00255
48	0.00772	0.00748	0.01173	0.81568	0.02635	0.04561	0.01074	0.01026	0.00798	0.01000	0.00693	0.01030	0.00522	0.00392	0.00390	0.00129	0.00531	0.00344	0.00175	0.00436
49	0.00842	0.00835	0.01171	0.01008	0.01012	0.01163	0.00838	0.00931	0.00602	0.00942	0.00543	0.00894	0.00539	0.00805	0.05669	0.00196	0.81066	0.00347	0.00174	0.00425
50	0.00556	0.00419	0.00620	0.00620	0.00693	0.00483	0.00482	0.00694	0.00642	0.00917	0.01179	0.01638	0.04620	0.02854	0.80960	0.00608	0.01013	0.00438	0.00217	0.00349
51	0.01300	0.35342	0.01484	0.00876	0.01131	0.51766	0.00723	0.01411	0.00987	0.00945	0.00582	0.00676	0.00504	0.00377	0.00313	0.00094	0.00593	0.00236	0.00188	0.00474
52	0.00547	0.00406	0.00516	0.00528	0.00623	0.00376	0.00412	0.00704	0.00991	0.01333	0.42805	0.10153	0.19600	0.00937	0.00483	0.00141	0.00230	0.18461	0.00397	0.00356
53	0.01001	0.00699	0.00834	0.00774	0.00961	0.00744	0.00648	0.20732	0.16802	0.08892	0.03008	0.02727	0.01584	0.00774	0.00464	0.00150	0.00363	0.37946	0.00388	0.00511
54	0.01032	0.64911	0.11896	0.00786	0.01149	0.01384	0.05382	0.01250	0.04107	0.04012	0.00656	0.00736	0.00552	0.00353	0.00289	0.00095	0.00445	0.00250	0.00190	0.00524
55	0.00812	0.10459	0.75989	0.01073	0.01628	0.00974	0.01371	0.01235	0.00825	0.01210	0.00688	0.00808	0.00497	0.00369	0.00360	0.00120	0.00563	0.00282	0.00166	0.00572
56	0.00952	0.00778	0.00860	0.00718	0.00983	0.00792	0.00566	0.04836	0.45402	0.04570	0.01282	0.02760	0.01006	0.00470	0.00367	0.00108	0.00309	0.02261	0.00343	0.30635
57	0.00572	0.00418	0.00481	0.00477	0.00585	0.00378	0.00352	0.02500	0.00902	0.04452	0.15471	0.14801	0.42648	0.07969	0.03534	0.00173	0.00261	0.03313	0.00364	0.00350
58	0.00478	0.00349	0.00450	0.00527	0.00564	0.00321	0.00356	0.00552	0.00776	0.01021	0.04271	0.74501	0.12011	0.01191	0.00495	0.00155	0.00223	0.01072	0.00366	0.00321
59	0.00535	0.00400	0.00484	0.00466	0.00571	0.00357	0.00348	0.00686	0.01022	0.02331	0.52732	0.06952	0.29921	0.00880	0.00464	0.00128	0.00193	0.00763	0.00407	0.00358
60	0.01453	0.01845	0.01106	0.01005	0.01208	0.82764	0.00754	0.01577	0.02957	0.00975	0.00628	0.00724	0.00521	0.00407	0.00355	0.00102	0.00698	0.00257	0.00206	0.00458
61	0.01184	0.02913	0.11161	0.03950	0.04890	0.36268	0.00827	0.03370	0.25047	0.03711	0.00949	0.00991	0.00730	0.00442	0.00388	0.00117	0.01933	0.00328	0.00265	0.00536
62	0.00475	0.00398	0.00413	0.00409	0.00536	0.00336	0.00307	0.00585	0.00920	0.01122	0.13814	0.03668	0.73736	0.00969	0.00463	0.00131	0.00197	0.00813	0.00372	0.00336
63	0.00970	0.00931	0.01591	0.02406	0.83777	0.00931	0.01203	0.01203	0.00893	0.01281	0.00737	0.00970	0.00621	0.00349	0.00388	0.00116	0.00466	0.00349	0.00194	0.00621
64	0.00804	0.05076	0.76130	0.01138	0.04195	0.00943	0.01395	0.01229	0.00822	0.01222	0.00693	0.00826	0.00501	0.00380	0.00396	0.00124	0.03096	0.00290	0.00167	0.00573
65	0.01075	0.01050	0.04358	0.06832	0.34264	0.04852	0.22343	0.15113	0.01072	0.04009	0.00802	0.00987	0.00617	0.00375	0.00407	0.00121	0.00525	0.00375	0.00236	0.00586
66	0.00954	0.00661	0.00713	0.00631	0.00812	0.00720	0.00493	0.10664	0.34244	0.06145	0.09353	0.01538	0.01303	0.00524	0.00363	0.00116	0.00271	0.00430	0.29544	0.00520
67	0.00710	0.00423	0.00469	0.00477	0.00568	0.00428	0.00356	0.05870	0.03078	0.01389	0.02512	0.22318	0.02217	0.01730	0.00380	0.00120	0.00225	0.05167	0.51184	0.00377
68	0.00567	0.00390	0.00480	0.00480	0.00498	0.00409	0.00303	0.00604	0.00586	0.00799	0.01187	0.02299	0.01310	0.64593	0.23467	0.00445	0.00554	0.00531	0.00230	0.00267
69	0.00552	0.00404	0.00523	0.00529	0.00619	0.00376	0.00409	0.00716	0.01015	0.01391	0.52464	0.10749	0.12286	0.00913	0.00480	0.00138	0.00222	0.15449	0.00405	0.00359
70	0.01510	0.01825	0.01013	0.00774	0.01077	0.00858	0.00636	0.31693	0.09158	0.39205	0.01256	0.01156	0.00847	0.00469	0.00385	0.00116	0.00366	0.00370	0.00421	0.06865

[dist]
# distance from previous block
# <min> <max>
0	1

[block]
# block no. 7 follows, 69 sequences, length 10
# corresponding to MSA columns:
# 326-335
name=unknown_H
#
# <colnr> <probs for GDERKNQSTAVLIFYWHMCP>
#	G	D	E	R	K	N	Q	S	T	A	V	L	I	F	Y	W	H	M	C	P
0	0.00988	0.07946	0.06153	0.01041	0.10480	0.05843	0.10400	0.08927	0.14324	0.05906	0.13646	0.03736	0.01280	0.00511	0.00399	0.00120	0.00410	0.02803	0.00306	0.04781
1	0.01309	0.39412	0.01537	0.00801	0.01104	0.15779	0.00701	0.25755	0.01191	0.07891	0.00753	0.00792	0.00589	0.00400	0.00323	0.00100	0.00466	0.00275	0.00266	0.00557
2	0.00564	0.00404	0.00548	0.00548	0.00590	0.00446	0.00388	0.00648	0.00606	0.00849	0.01125	0.01955	0.01160	0.36606	0.51249	0.00529	0.00779	0.00481	0.00221	0.00305
3	0.03887	0.06601	0.09741	0.00901	0.05718	0.23399	0.05957	0.01138	0.00852	0.04371	0.00902	0.01333	0.01909	0.19948	0.04752	0.00194	0.00534	0.01435	0.00223	0.06206
4	0.01025	0.15067	0.14727	0.01472	0.23875	0.05588	0.20652	0.02940	0.00919	0.06992	0.00799	0.02770	0.00638	0.00380	0.00382	0.00117	0.00521	0.00359	0.00215	0.00561
5	0.01257	0.14484	0.04548	0.00802	0.01091	0.02475	0.00697	0.35599	0.10840	0.12306	0.03923	0.01346	0.02619	0.00515	0.00383	0.00119	0.00396	0.05651	0.00356	0.00592
6	0.00519	0.00366	0.00459	0.00511	0.00539	0.00349	0.00339	0.00582	0.00733	0.00977	0.07273	0.47112	0.05469	0.27166	0.00956	0.00225	0.00278	0.05520	0.00330	0.00300
7	0.04303	0.05267	0.06302	0.07116	0.28132	0.04580	0.17174	0.07720	0.00955	0.06469	0.00816	0.03344	0.00659	0.00413	0.00440	0.00123	0.05024	0.00376	0.00230	0.00555
8	0.01041	0.05530	0.03379	0.05443	0.15633	0.17232	0.06120	0.08444	0.05603	0.04465	0.02049	0.05476	0.06246	0.00521	0.00442	0.00122	0.05289	0.02613	0.03845	0.00506
9	0.00880	0.00741	0.01148	0.11038	0.34953	0.03071	0.04166	0.01078	0.00890	0.07739	0.04746	0.05319	0.08613	0.00697	0.05928	0.00159	0.00454	0.05125	0.02750	0.00505

[dist]
# distance from previous block
# <min> <max>
0	25

[block]
# block no. 8 follows, 69 sequences, length 8
# corresponding to MSA columns:
# 361-368
name=unknown_I
#
# <colnr> <probs for GDERKNQSTAVLIFYWHMCP>
#	G	D	E	R	K	N	Q	S	T	A	V	L	I	F	Y	W	H	M	C	P
0	0.00850	0.00795	0.04291	0.00877	0.06266	0.06671	0.02042	0.03662	0.17989	0.04513	0.05175	0.15628	0.06103	0.00925	0.08868	0.00188	0.11872	0.02510	0.00305	0.00471
1	0.03581	0.00806	0.04403	0.05708	0.08581	0.00768	0.04110	0.19129	0.04283	0.14982	0.09527	0.01663	0.06982	0.00547	0.00404	0.00122	0.00372	0.05962	0.01844	0.06228
2	0.00671	0.00435	0.00534	0.02493	0.03985	0.00422	0.00399	0.00865	0.04419	0.04498	0.20393	0.18346	0.11465	0.00744	0.00400	0.00121	0.00224	0.00645	0.28555	0.00388
3	0.00939	0.10303	0.51947	0.01123	0.01599	0.10414	0.12102	0.04892	0.00915	0.01234	0.00699	0.00830	0.00519	0.00371	0.00371	0.00118	0.00582	0.00303	0.00184	0.00555
4	0.00563	0.00409	0.00572	0.00572	0.00622	0.00458	0.00417	0.00663	0.00613	0.00867	0.01103	0.01835	0.01108	0.26900	0.60884	0.00558	0.00857	0.00463	0.00218	0.00318
5	0.00620	0.00415	0.00529	0.00498	0.00605	0.00375	0.00374	0.00783	0.01058	0.07124	0.61850	0.08293	0.14323	0.00833	0.00460	0.00127	0.00200	0.00730	0.00422	0.00382
6	0.00478	0.00341	0.00455	0.00546	0.00569	0.00318	0.00364	0.00546	0.00751	0.01001	0.02161	0.85966	0.02593	0.01228	0.00500	0.00159	0.00227	0.01114	0.00364	0.00318
7	0.00813	0.00697	0.00813	0.00581	0.00929	0.00523	0.00465	0.00987	0.00813	0.01277	0.00697	0.00813	0.00581	0.00290	0.00290	0.00058	0.00290	0.00232	0.00232	0.88619

[dist]
# distance from previous block
# <min> <max>
0	4

[block]
# block no. 9 follows, 69 sequences, length 7
# corresponding to MSA columns:
# 373-379
name=unknown_J
#
# <colnr> <probs for GDERKNQSTAVLIFYWHMCP>
#	G	D	E	R	K	N	Q	S	T	A	V	L	I	F	Y	W	H	M	C	P
0	0.00994	0.58765	0.01671	0.09818	0.01137	0.08956	0.00670	0.01116	0.00796	0.00914	0.00653	0.00921	0.00620	0.10987	0.00492	0.00127	0.00452	0.00273	0.00180	0.00458
1	0.00763	0.00552	0.00604	0.00576	0.00645	0.06907	0.00403	0.00827	0.00721	0.09856	0.01416	0.12443	0.05731	0.38344	0.13793	0.00317	0.04907	0.00574	0.00276	0.00342
2	0.11877	0.00921	0.01329	0.06592	0.32668	0.04766	0.11654	0.06514	0.09808	0.01398	0.00981	0.02631	0.04331	0.00433	0.00406	0.00124	0.02389	0.00388	0.00245	0.00546
3	0.01153	0.09106	0.01042	0.00790	0.01039	0.03484	0.00637	0.16158	0.46267	0.10581	0.01366	0.04544	0.01045	0.00520	0.00386	0.00124	0.00353	0.00420	0.00378	0.00606
4	0.06484	0.07498	0.01108	0.00840	0.01080	0.01135	0.00690	0.32921	0.30141	0.01827	0.01065	0.01072	0.00807	0.00502	0.00486	0.00127	0.10918	0.00364	0.00341	0.00594
5	0.10397	0.00715	0.00721	0.00682	0.03063	0.06282	0.00491	0.11165	0.15022	0.02851	0.02599	0.03509	0.06367	0.25724	0.05363	0.00228	0.00407	0.03681	0.00303	0.00430
6	0.00685	0.00622	0.04419	0.02778	0.05873	0.00576	0.04913	0.00986	0.13847	0.03881	0.04176	0.19708	0.25731	0.00931	0.04852	0.00164	0.01839	0.03256	0.00331	0.00431

[dist]
# distance from previous block
# <min> <max>
12	50

[block]
# block no. 10 follows, 69 sequences, length 25
# corresponding to MSA columns:
# 438-462
name=unknown_K
#
# <colnr> <probs for GDERKNQSTAVLIFYWHMCP>
#	G	D	E	R	K	N	Q	S	T	A	V	L	I	F	Y	W	H	M	C	P
0	0.08067	0.43227	0.10509	0.00819	0.01128	0.15371	0.02650	0.03870	0.01890	0.02912	0.00624	0.00724	0.00523	0.00385	0.00361	0.00103	0.05885	0.00252	0.00197	0.00503
1	0.01183	0.06527	0.01034	0.06150	0.01115	0.00783	0.05569	0.16578	0.07511	0.25894	0.08418	0.09780	0.02327	0.00586	0.00408	0.00126	0.00361	0.03109	0.01992	0.00550
2	0.00940	0.01008	0.02168	0.01561	0.01936	0.00943	0.75125	0.01250	0.00925	0.04722	0.00888	0.04997	0.00703	0.00379	0.00462	0.00133	0.00627	0.00490	0.00218	0.00525
3	0.00859	0.00678	0.00735	0.00650	0.00833	0.00718	0.00504	0.20743	0.22697	0.01605	0.12145	0.09758	0.23703	0.01999	0.00455	0.00134	0.00288	0.00620	0.00386	0.00490
4	0.00477	0.00359	0.00442	0.00502	0.00558	0.00324	0.00346	0.00559	0.00806	0.01041	0.06130	0.59370	0.25378	0.01144	0.00488	0.00150	0.00218	0.01017	0.00367	0.00324
5	0.00953	0.00880	0.03356	0.07461	0.33514	0.03582	0.02750	0.06213	0.19565	0.03730	0.05532	0.06339	0.03390	0.00501	0.00404	0.00125	0.00407	0.00448	0.00286	0.00563
6	0.00478	0.00341	0.00455	0.00546	0.00569	0.00318	0.00364	0.00546	0.00751	0.01001	0.02161	0.85966	0.02593	0.01228	0.00500	0.00159	0.00227	0.01114	0.00364	0.00318
7	0.05939	0.00750	0.04225	0.05840	0.05725	0.00781	0.03125	0.10191	0.20665	0.04061	0.01173	0.02398	0.01992	0.05746	0.23978	0.00282	0.00575	0.01772	0.00289	0.00493
8	0.01106	0.74982	0.01930	0.00712	0.01034	0.09017	0.00682	0.04886	0.00872	0.00996	0.00568	0.00650	0.00511	0.00348	0.00267	0.00087	0.00446	0.00220	0.00181	0.00506
9	0.00786	0.02028	0.84191	0.01117	0.01697	0.00910	0.01448	0.01242	0.00828	0.01242	0.00704	0.00828	0.00497	0.00372	0.00372	0.00124	0.00579	0.00290	0.00166	0.00579
10	0.00647	0.00571	0.00917	0.54814	0.01933	0.00674	0.00827	0.00842	0.00781	0.01012	0.02661	0.28250	0.03159	0.00680	0.00429	0.00140	0.00415	0.00610	0.00244	0.00395
11	0.00563	0.00381	0.00426	0.00426	0.00435	0.00377	0.00242	0.00570	0.00592	0.00780	0.01421	0.02648	0.07014	0.80427	0.01891	0.00363	0.00368	0.00588	0.00246	0.00244
12	0.01280	0.00910	0.01058	0.00855	0.01126	0.00987	0.04354	0.36388	0.28038	0.13631	0.02694	0.03134	0.01005	0.00521	0.00404	0.00126	0.00378	0.02086	0.00398	0.00627
13	0.02847	0.00431	0.00514	0.00492	0.00604	0.00404	0.00374	0.00770	0.04828	0.01436	0.54626	0.03067	0.23676	0.00836	0.00457	0.00128	0.00203	0.03528	0.00406	0.00373
14	0.00818	0.00701	0.00815	0.00587	0.00932	0.00536	0.00469	0.01021	0.03332	0.01289	0.00724	0.00833	0.00600	0.00298	0.00294	0.00060	0.00291	0.00239	0.00237	0.85924
15	0.00786	0.02028	0.84191	0.01117	0.01697	0.00910	0.01448	0.01242	0.00828	0.01242	0.00704	0.00828	0.00497	0.00372	0.00372	0.00124	0.00579	0.00290	0.00166	0.00579
16	0.02595	0.00713	0.00794	0.00710	0.00901	0.00772	0.00549	0.13648	0.35987	0.09658	0.06318	0.18561	0.04385	0.00686	0.00419	0.00133	0.00301	0.00583	0.01748	0.00539
17	0.00519	0.00370	0.00459	0.00497	0.00529	0.00361	0.00326	0.00574	0.00687	0.00910	0.01892	0.37788	0.10502	0.31905	0.10612	0.00289	0.00373	0.00810	0.00301	0.00294
