[name]
unknown

[dist]
# distance from previous block
# <min> <max>
0	26

[block]
# block no. 0 follows, 70 sequences, length 7
# corresponding to MSA columns:
# 32-38
name=unknown_A
#
# <colnr> <probs for GDERKNQSTAVLIFYWHMCP>
#	G	D	E	R	K	N	Q	S	T	A	V	L	I	F	Y	W	H	M	C	P
0	0.00707	0.01991	0.00753	0.02732	0.02514	0.02228	0.00542	0.05956	0.02950	0.02249	0.06159	0.12866	0.08211	0.03365	0.27119	0.00294	0.10120	0.03897	0.00275	0.05072
1	0.00673	0.02899	0.02488	0.03403	0.06217	0.00567	0.02272	0.04136	0.03502	0.01183	0.11829	0.22838	0.11499	0.07107	0.03180	0.00159	0.03874	0.00639	0.00303	0.11232
2	0.00687	0.08717	0.06705	0.11658	0.11640	0.00671	0.00678	0.00911	0.06084	0.01115	0.04583	0.26205	0.12828	0.00737	0.00418	0.00130	0.00339	0.02889	0.00284	0.02720
3	0.00942	0.31909	0.15001	0.09618	0.08240	0.03414	0.02328	0.03747	0.00850	0.05107	0.00820	0.07682	0.00735	0.03151	0.00388	0.00115	0.00441	0.00349	0.00213	0.04949
4	0.00970	0.30959	0.15807	0.00821	0.04240	0.06313	0.00765	0.04332	0.06099	0.06017	0.03852	0.01191	0.03457	0.02983	0.05781	0.00147	0.00469	0.02856	0.00238	0.02704
5	0.00766	0.07496	0.00914	0.02585	0.02951	0.00652	0.04277	0.03432	0.04429	0.01208	0.10604	0.03088	0.03693	0.09735	0.07540	0.00166	0.02841	0.00401	0.00259	0.32963
6	0.04226	0.05265	0.02437	0.00634	0.00890	0.00618	0.03370	0.05651	0.03166	0.16241	0.08830	0.06269	0.09776	0.03808	0.00427	0.00113	0.00310	0.00444	0.00322	0.27206

[dist]
# distance from previous block
# <min> <max>
5	15

[block]
# block no. 1 follows, 70 sequences, length 19
# corresponding to MSA columns:
# 54-72
name=unknown_B
#
# <colnr> <probs for GDERKNQSTAVLIFYWHMCP>
#	G	D	E	R	K	N	Q	S	T	A	V	L	I	F	Y	W	H	M	C	P
0	0.02235	0.02445	0.03872	0.03655	0.01183	0.06309	0.13357	0.04366	0.08000	0.05993	0.00861	0.00997	0.00678	0.01800	0.02904	0.01246	0.00423	0.00319	0.02609	0.36745
1	0.34921	0.14900	0.05937	0.01985	0.04059	0.17866	0.05747	0.03111	0.02141	0.01337	0.00609	0.00726	0.00493	0.00381	0.00345	0.00113	0.04390	0.00257	0.00213	0.00469
2	0.02378	0.00529	0.00629	0.00569	0.00710	0.00526	0.00436	0.08388	0.10381	0.07377	0.46831	0.08691	0.09512	0.00750	0.00438	0.00126	0.00236	0.00648	0.00409	0.00435
3	0.00829	0.00692	0.00817	0.02611	0.00965	0.00539	0.00481	0.01030	0.03170	0.03264	0.00735	0.00840	0.00600	0.00301	0.00295	0.00063	0.00294	0.00242	0.00239	0.81993
4	0.00458	0.00393	0.00393	0.00393	0.00524	0.00327	0.00295	0.00556	0.00884	0.01047	0.03927	0.03731	0.83800	0.00982	0.00458	0.00131	0.00196	0.00818	0.00360	0.00327
5	0.06257	0.00632	0.00832	0.00652	0.00924	0.00562	0.00535	0.01718	0.01075	0.70063	0.08654	0.01424	0.01168	0.00500	0.00384	0.00119	0.00311	0.00407	0.03170	0.00612
6	0.00469	0.00386	0.00413	0.00427	0.00539	0.00330	0.00316	0.00569	0.00874	0.01067	0.07535	0.15713	0.65902	0.01009	0.00465	0.00136	0.00204	0.02954	0.00363	0.00328
7	0.01036	0.86609	0.02032	0.00663	0.00995	0.01534	0.00663	0.01161	0.00788	0.00912	0.00539	0.00622	0.00498	0.00332	0.00249	0.00083	0.00415	0.00207	0.00166	0.00498
8	0.00531	0.00369	0.00425	0.00446	0.00466	0.00356	0.00270	0.00557	0.00642	0.00841	0.01747	0.21699	0.11332	0.56983	0.01459	0.00297	0.00320	0.00716	0.00278	0.00264
9	0.88506	0.00784	0.00606	0.00544	0.00787	0.00896	0.00442	0.01174	0.00693	0.01782	0.00590	0.00699	0.00467	0.00392	0.00262	0.00129	0.00317	0.00227	0.00256	0.00446
10	0.03118	0.00935	0.01075	0.08550	0.05988	0.01041	0.00738	0.43934	0.20748	0.06132	0.01079	0.01088	0.00785	0.00464	0.00383	0.00121	0.00395	0.00369	0.02443	0.00613
11	0.03033	0.02750	0.01019	0.00820	0.01038	0.06777	0.00665	0.42771	0.07213	0.02894	0.00930	0.01052	0.00728	0.00898	0.14212	0.02569	0.07398	0.00353	0.02337	0.00543
12	0.03418	0.02570	0.15840	0.03871	0.09439	0.09571	0.11356	0.19107	0.12937	0.01517	0.00939	0.02424	0.00741	0.00479	0.01658	0.00130	0.00499	0.02679	0.00268	0.00559
13	0.00599	0.00450	0.00544	0.00543	0.00633	0.00448	0.00398	0.00859	0.13695	0.01260	0.29659	0.19841	0.11488	0.08234	0.00638	0.04202	0.00246	0.05524	0.00368	0.00369
14	0.00773	0.00731	0.01236	0.70588	0.17208	0.00872	0.01097	0.01026	0.00794	0.01040	0.00696	0.01020	0.00534	0.00380	0.00387	0.00127	0.00507	0.00345	0.00176	0.00463
15	0.01201	0.00544	0.00706	0.00581	0.00799	0.00473	0.00466	0.01347	0.01058	0.48085	0.20195	0.02186	0.19374	0.00657	0.00419	0.00123	0.00269	0.00551	0.00442	0.00523
16	0.89114	0.00750	0.00570	0.00510	0.00750	0.00870	0.00420	0.01140	0.00660	0.01739	0.00540	0.00630	0.00420	0.00360	0.00240	0.00120	0.00300	0.00210	0.00240	0.00420
17	0.00519	0.00377	0.00506	0.00546	0.00592	0.00383	0.00389	0.00609	0.00709	0.00960	0.04623	0.37314	0.06608	0.13724	0.26057	0.00327	0.00494	0.04647	0.00299	0.00317
18	0.04961	0.00724	0.02900	0.00689	0.00899	0.00745	0.00554	0.05233	0.39100	0.13477	0.22562	0.01774	0.03550	0.00584	0.00403	0.00126	0.00288	0.00489	0.00401	0.00543

[dist]
# distance from previous block
# <min> <max>
1	2

[block]
# block no. 2 follows, 70 sequences, length 22
# corresponding to MSA columns:
# 75-96
name=unknown_C
#
# <colnr> <probs for GDERKNQSTAVLIFYWHMCP>
#	G	D	E	R	K	N	Q	S	T	A	V	L	I	F	Y	W	H	M	C	P
0	0.02419	0.15903	0.07715	0.02367	0.07882	0.09063	0.04270	0.16664	0.07510	0.13852	0.00918	0.01918	0.00692	0.00413	0.00354	0.00108	0.00438	0.00326	0.00287	0.06902
1	0.03780	0.20161	0.17866	0.03897	0.08698	0.02597	0.03370	0.07991	0.11106	0.05439	0.03396	0.06039	0.01672	0.00471	0.00362	0.00117	0.00426	0.01820	0.00258	0.00535
2	0.00838	0.00696	0.00833	0.00640	0.03783	0.00532	0.00488	0.01011	0.00816	0.03790	0.00716	0.00825	0.00587	0.00295	0.00294	0.00061	0.00294	0.00239	0.00236	0.83025
3	0.01229	0.01064	0.00978	0.03538	0.02080	0.20855	0.00659	0.28697	0.11309	0.07560	0.01039	0.04510	0.00846	0.06264	0.03538	0.00152	0.01824	0.00386	0.02939	0.00530
4	0.00981	0.01023	0.00970	0.00878	0.00971	0.24918	0.00688	0.08016	0.00884	0.01083	0.00974	0.18123	0.01017	0.02311	0.01883	0.00153	0.31073	0.03388	0.00244	0.00423
5	0.00708	0.00607	0.00693	0.02168	0.04077	0.07349	0.03407	0.02462	0.05174	0.03998	0.39924	0.02598	0.23846	0.00739	0.00438	0.00123	0.00278	0.00636	0.00368	0.00407
6	0.00563	0.00378	0.00436	0.00436	0.00440	0.00383	0.00251	0.00572	0.00568	0.00761	0.01210	0.02473	0.01382	0.81092	0.07218	0.00391	0.00418	0.00554	0.00233	0.00242
7	0.00854	0.00703	0.00818	0.00595	0.00931	0.00554	0.00476	0.02703	0.04786	0.03908	0.00763	0.00853	0.00617	0.00308	0.00298	0.00064	0.00292	0.00247	0.00249	0.79982
8	0.04955	0.01180	0.00992	0.00858	0.01095	0.26083	0.00671	0.19009	0.34834	0.04662	0.01102	0.01074	0.00827	0.00467	0.00373	0.00118	0.00450	0.00351	0.00331	0.00568
9	0.00640	0.00520	0.00761	0.14440	0.08726	0.00521	0.03186	0.00823	0.02644	0.03473	0.21148	0.18457	0.18359	0.00786	0.00447	0.00134	0.00302	0.03905	0.00328	0.00400
10	0.00618	0.00466	0.00552	0.00550	0.00656	0.00459	0.00409	0.04666	0.10005	0.02574	0.19230	0.26703	0.21490	0.02569	0.03525	0.00160	0.00268	0.04345	0.00373	0.00384
11	0.04203	0.00855	0.00972	0.00774	0.01050	0.00902	0.00630	0.35089	0.16697	0.27851	0.05915	0.01250	0.01013	0.00496	0.00389	0.00121	0.00356	0.00394	0.00415	0.00627
12	0.00823	0.00785	0.01317	0.49673	0.32854	0.00902	0.01106	0.01061	0.00805	0.01090	0.00694	0.00995	0.00553	0.00389	0.00437	0.00126	0.05367	0.00345	0.00179	0.00499
13	0.00615	0.00467	0.00649	0.00624	0.00677	0.00545	0.00471	0.03018	0.00660	0.00939	0.04317	0.02906	0.01114	0.17829	0.51012	0.03627	0.09519	0.00452	0.00223	0.00337
14	0.00870	0.00798	0.01297	0.69778	0.16893	0.00925	0.01131	0.01095	0.00857	0.01133	0.00793	0.01151	0.00626	0.00444	0.00428	0.00144	0.00538	0.00376	0.00209	0.00513
15	0.00997	0.75733	0.10123	0.00706	0.01054	0.01441	0.00734	0.01154	0.00786	0.00943	0.00569	0.00668	0.00511	0.00411	0.02732	0.00103	0.00448	0.00221	0.00167	0.00501
16	0.00745	0.00702	0.01186	0.80692	0.07320	0.00865	0.01083	0.01002	0.00781	0.01006	0.00691	0.01029	0.00522	0.00385	0.00387	0.00128	0.00514	0.00345	0.00173	0.00441
17	0.00925	0.00881	0.01485	0.08650	0.70166	0.00897	0.02322	0.01188	0.03847	0.01269	0.04069	0.01061	0.00748	0.00373	0.00388	0.00117	0.00451	0.00365	0.00207	0.00589
18	0.02251	0.00632	0.00707	0.03116	0.04523	0.06798	0.00516	0.06958	0.06819	0.11281	0.05255	0.34880	0.11541	0.00837	0.00439	0.00136	0.00311	0.02209	0.00355	0.00436
19	0.04443	0.01248	0.01141	0.01023	0.05909	0.36440	0.09241	0.11986	0.02570	0.08297	0.00941	0.07891	0.00814	0.00491	0.00384	0.00115	0.00530	0.03185	0.00271	0.03080
20	0.03688	0.00822	0.01337	0.22356	0.43332	0.02156	0.05505	0.01141	0.03712	0.02358	0.07817	0.01162	0.00869	0.00438	0.01587	0.00128	0.00461	0.00381	0.00220	0.00531
21	0.01101	0.00919	0.00905	0.00790	0.01020	0.11361	0.00625	0.09880	0.42237	0.09278	0.01339	0.01468	0.01052	0.00567	0.01941	0.00132	0.00386	0.06755	0.00357	0.07889

[dist]
# distance from previous block
# <min> <max>
0	4

[block]
# block no. 3 follows, 70 sequences, length 13
# corresponding to MSA columns:
# 101-113
name=unknown_D
#
# <colnr> <probs for GDERKNQSTAVLIFYWHMCP>
#	G	D	E	R	K	N	Q	S	T	A	V	L	I	F	Y	W	H	M	C	P
0	0.00646	0.00453	0.00584	0.00594	0.00657	0.00472	0.00432	0.05846	0.00797	0.04628	0.03131	0.40171	0.04589	0.14008	0.10735	0.00242	0.05346	0.05996	0.00320	0.00354
1	0.00940	0.00817	0.00849	0.00759	0.00964	0.03659	0.00589	0.06488	0.60538	0.01555	0.03481	0.06595	0.04852	0.00580	0.00416	0.00129	0.01953	0.00480	0.00374	0.03983
2	0.00546	0.00387	0.00460	0.00491	0.00531	0.00380	0.00325	0.00644	0.04232	0.00949	0.01856	0.32389	0.10036	0.34760	0.03986	0.00254	0.00316	0.03436	0.03720	0.00302
3	0.00615	0.00420	0.00501	0.00470	0.00590	0.00380	0.00356	0.00790	0.02914	0.06596	0.46397	0.02940	0.28672	0.00806	0.00441	0.00123	0.00199	0.00692	0.05722	0.00378
4	0.89114	0.00750	0.00570	0.00510	0.00750	0.00870	0.00420	0.01140	0.00660	0.01739	0.00540	0.00630	0.00420	0.00360	0.00240	0.00120	0.00300	0.00210	0.00240	0.00420
5	0.01257	0.01507	0.01081	0.03691	0.07754	0.60230	0.00762	0.03578	0.01017	0.01009	0.00676	0.00847	0.00574	0.00728	0.11307	0.00172	0.02867	0.00287	0.00204	0.00454
6	0.01079	0.75945	0.06962	0.00726	0.01073	0.01490	0.00728	0.06103	0.00873	0.01056	0.00606	0.00698	0.00538	0.00364	0.00279	0.00093	0.00436	0.00232	0.00191	0.00529
7	0.00751	0.00567	0.00624	0.00583	0.00720	0.04133	0.00446	0.01116	0.19306	0.06427	0.36918	0.07282	0.10440	0.00731	0.00429	0.00126	0.00251	0.03298	0.05419	0.00435
8	0.03481	0.00616	0.00632	0.00616	0.00696	0.10307	0.00444	0.06989	0.00776	0.01023	0.01206	0.18006	0.01276	0.21678	0.26747	0.03770	0.00588	0.00550	0.00256	0.00345
9	0.01849	0.00466	0.00636	0.17285	0.01018	0.00490	0.00522	0.04366	0.02076	0.01123	0.08312	0.46276	0.08252	0.02781	0.00491	0.00150	0.00295	0.02924	0.00325	0.00363
10	0.01009	0.64942	0.18257	0.00770	0.01142	0.06262	0.00820	0.01197	0.00812	0.00977	0.00573	0.00665	0.00496	0.00343	0.00278	0.00092	0.00462	0.00225	0.00167	0.00510
11	0.03497	0.00953	0.01260	0.00952	0.01264	0.06786	0.18522	0.25945	0.01208	0.17411	0.00969	0.02760	0.00715	0.00457	0.01728	0.00119	0.00458	0.00368	0.00318	0.14311
12	0.09481	0.00837	0.00975	0.00784	0.01044	0.03120	0.05530	0.25534	0.12618	0.21510	0.06296	0.05091	0.03162	0.00522	0.00388	0.00122	0.00364	0.00428	0.00378	0.01818

[dist]
# distance from previous block
# <min> <max>
0	4

[block]
# block no. 4 follows, 70 sequences, length 33
# corresponding to MSA columns:
# 118-150
name=unknown_E
#
# <colnr> <probs for GDERKNQSTAVLIFYWHMCP>
#	G	D	E	R	K	N	Q	S	T	A	V	L	I	F	Y	W	H	M	C	P
0	0.00731	0.00525	0.00592	0.00560	0.00679	0.02951	0.00415	0.06173	0.07565	0.07729	0.23642	0.20205	0.16373	0.08433	0.00583	0.00154	0.00266	0.01648	0.00376	0.00401
1	0.00796	0.00747	0.01261	0.50871	0.30077	0.00853	0.01070	0.01036	0.00800	0.01077	0.00729	0.01045	0.00584	0.00564	0.06773	0.00162	0.00537	0.00350	0.00182	0.00486
2	0.01267	0.00961	0.01178	0.01009	0.07440	0.02000	0.07591	0.46170	0.12124	0.08028	0.02656	0.03937	0.02822	0.00496	0.00400	0.00121	0.00412	0.00414	0.00361	0.00612
3	0.06050	0.07630	0.01585	0.01155	0.01460	0.14964	0.30283	0.15919	0.08825	0.04812	0.00891	0.01019	0.00682	0.00430	0.00429	0.00128	0.02521	0.00378	0.00276	0.00563
4	0.01221	0.00704	0.00832	0.00689	0.00923	0.00699	0.00561	0.25597	0.03744	0.29212	0.04271	0.05848	0.15985	0.00659	0.00421	0.00128	0.00327	0.07219	0.00411	0.00549
5	0.00867	0.00826	0.01406	0.36251	0.50811	0.00897	0.01144	0.01109	0.00839	0.01154	0.00713	0.00990	0.00574	0.00363	0.00385	0.00121	0.00483	0.00345	0.00184	0.00539
6	0.02567	0.01055	0.01082	0.02863	0.01182	0.06484	0.00708	0.55418	0.17769	0.03158	0.01028	0.01018	0.00747	0.00466	0.00382	0.00117	0.00416	0.00356	0.00367	0.02817
7	0.00868	0.00690	0.00809	0.00585	0.00921	0.00533	0.00469	0.03051	0.00849	0.06239	0.00821	0.00906	0.02548	0.00319	0.00300	0.00064	0.00291	0.00256	0.00252	0.79229
8	0.00561	0.00387	0.00482	0.00482	0.00502	0.00408	0.00308	0.00601	0.00581	0.00795	0.01168	0.02240	0.01280	0.61894	0.26278	0.00448	0.00570	0.00520	0.00227	0.00268
9	0.01022	0.77332	0.04660	0.00687	0.01019	0.01470	0.00685	0.01231	0.07025	0.00976	0.00623	0.00691	0.00549	0.00348	0.00264	0.00088	0.00412	0.00227	0.00183	0.00509
10	0.80059	0.07272	0.00695	0.00535	0.00781	0.03213	0.00447	0.01152	0.00681	0.01655	0.00541	0.00631	0.00428	0.00359	0.00244	0.00117	0.00319	0.00211	0.00233	0.00427
11	0.01095	0.00851	0.01034	0.00784	0.01096	0.03461	0.07574	0.21849	0.05874	0.09782	0.00944	0.03010	0.00738	0.00405	0.00354	0.00095	0.00372	0.01476	0.00305	0.38902
12	0.00538	0.00383	0.00491	0.00543	0.00588	0.00370	0.00393	0.00626	0.00760	0.01005	0.06573	0.32874	0.07346	0.22727	0.02997	0.00226	0.00312	0.20612	0.00328	0.00309
13	0.00535	0.00424	0.00470	0.00467	0.00580	0.00367	0.00343	0.00643	0.00965	0.01238	0.27503	0.10535	0.52550	0.00972	0.00480	0.00139	0.00212	0.00819	0.00395	0.00363
14	0.01149	0.00951	0.00928	0.00808	0.01041	0.10745	0.00633	0.10127	0.55121	0.10508	0.02832	0.01318	0.01070	0.00505	0.00389	0.00125	0.00365	0.00407	0.00381	0.00600
15	0.01448	0.01848	0.01099	0.00999	0.01199	0.84819	0.00749	0.01548	0.01099	0.00949	0.00599	0.00699	0.00499	0.00400	0.00350	0.00100	0.00699	0.00250	0.00200	0.00449
16	0.00673	0.00337	0.00505	0.00505	0.00505	0.00337	0.00337	0.00505	0.00505	0.00673	0.00673	0.01178	0.00673	0.01347	0.01515	0.88721	0.00337	0.00337	0.00168	0.00168
17	0.01012	0.53170	0.22944	0.00816	0.01192	0.10187	0.00867	0.01249	0.03538	0.01020	0.00620	0.00707	0.00519	0.00355	0.00295	0.00097	0.00482	0.00240	0.00176	0.00516
18	0.00776	0.00566	0.00701	0.00656	0.00766	0.04601	0.00509	0.08187	0.00835	0.07606	0.07262	0.06426	0.01242	0.06332	0.47822	0.00418	0.02737	0.01884	0.00273	0.00400
19	0.00712	0.00502	0.00601	0.00558	0.00695	0.00495	0.00429	0.01053	0.17084	0.08064	0.43233	0.05147	0.15280	0.00768	0.00444	0.00128	0.00229	0.03739	0.00410	0.00430
20	0.00789	0.05682	0.80789	0.01086	0.01648	0.00928	0.01399	0.01225	0.00817	0.01214	0.00689	0.00810	0.00491	0.00367	0.00363	0.00121	0.00566	0.00283	0.00164	0.00570
21	0.00915	0.18729	0.15260	0.00911	0.08230	0.03676	0.02823	0.08779	0.07297	0.03694	0.02285	0.01284	0.07039	0.04251	0.11029	0.01348	0.00505	0.00374	0.01072	0.00498
22	0.00507	0.00405	0.00461	0.00481	0.00591	0.00362	0.00372	0.00643	0.02402	0.01122	0.11277	0.12221	0.51601	0.00994	0.00474	0.00141	0.00228	0.15010	0.00367	0.00340
23	0.00508	0.00361	0.00478	0.00557	0.00590	0.00344	0.00393	0.00591	0.00759	0.01009	0.03931	0.62585	0.02425	0.09206	0.00640	0.00181	0.00260	0.14517	0.00349	0.00316
24	0.03087	0.66793	0.10185	0.00756	0.01111	0.01384	0.04577	0.03114	0.00831	0.04242	0.00614	0.00696	0.00521	0.00345	0.00279	0.00092	0.00436	0.00237	0.00186	0.00515
25	0.00554	0.00414	0.00617	0.00617	0.00684	0.00481	0.00477	0.00688	0.00621	0.00895	0.01044	0.01555	0.00983	0.05531	0.82235	0.00615	0.01018	0.00420	0.00209	0.00343
26	0.07367	0.00876	0.00918	0.00769	0.01018	0.00977	0.00616	0.31328	0.37961	0.04336	0.01473	0.01397	0.08187	0.00531	0.00387	0.00125	0.00341	0.00421	0.00381	0.00593
27	0.00547	0.00369	0.00428	0.00444	0.00448	0.00365	0.00257	0.00559	0.00596	0.00794	0.01386	0.17532	0.01617	0.71098	0.01708	0.00337	0.00349	0.00660	0.00257	0.00249
28	0.01009	0.01196	0.20301	0.01932	0.03224	0.10461	0.00884	0.15925	0.00991	0.05242	0.03341	0.09927	0.00866	0.00575	0.00618	0.00134	0.22201	0.00413	0.00254	0.00507
29	0.00907	0.00932	0.01226	0.01176	0.10729	0.07481	0.00881	0.01010	0.00666	0.00973	0.00541	0.00850	0.00520	0.00618	0.01099	0.00158	0.69278	0.00333	0.00175	0.00448
30	0.00483	0.00346	0.00441	0.00515	0.00554	0.00319	0.00349	0.00560	0.00768	0.01026	0.03850	0.71843	0.11587	0.01149	0.00481	0.00151	0.00219	0.01032	0.04008	0.00319
31	0.65105	0.03979	0.00740	0.03380	0.00899	0.03701	0.00506	0.08948	0.07039	0.01716	0.00662	0.00735	0.00509	0.00384	0.00274	0.00119	0.00337	0.00246	0.00259	0.00461
32	0.00650	0.00452	0.00570	0.00523	0.00639	0.00431	0.00398	0.01988	0.07315	0.05691	0.70133	0.02704	0.05485	0.00758	0.00448	0.00123	0.00203	0.00664	0.00425	0.00402

[dist]
# distance from previous block
# <min> <max>
5	9

[block]
# block no. 5 follows, 70 sequences, length 37
# corresponding to MSA columns:
# 160-196
name=unknown_F
#
# <colnr> <probs for GDERKNQSTAVLIFYWHMCP>
#	G	D	E	R	K	N	Q	S	T	A	V	L	I	F	Y	W	H	M	C	P
0	0.00825	0.00695	0.00821	0.00594	0.00924	0.00545	0.00477	0.00993	0.00802	0.02934	0.00699	0.00816	0.00579	0.00307	0.00329	0.00063	0.03712	0.00237	0.00232	0.83415
1	0.00479	0.00386	0.00428	0.00437	0.00544	0.00334	0.00322	0.00590	0.00902	0.01133	0.18190	0.15924	0.55789	0.00984	0.00465	0.00134	0.00201	0.02056	0.00372	0.00333
2	0.00483	0.00379	0.00437	0.00453	0.00547	0.00333	0.00328	0.00592	0.00896	0.01149	0.21867	0.25007	0.44153	0.00999	0.00468	0.00136	0.00201	0.00865	0.00375	0.00333
3	0.00546	0.00401	0.00523	0.00591	0.00666	0.00382	0.00470	0.00673	0.00844	0.01091	0.04742	0.28118	0.17209	0.03250	0.00544	0.00167	0.00285	0.38806	0.00357	0.00336
4	0.01143	0.01149	0.00962	0.00858	0.01078	0.25586	0.00662	0.07722	0.53279	0.01484	0.01244	0.01190	0.00945	0.00484	0.00381	0.00121	0.00431	0.00377	0.00337	0.00569
5	0.00778	0.02005	0.84367	0.01105	0.01678	0.00900	0.01432	0.01228	0.00818	0.01228	0.00696	0.00818	0.00491	0.00368	0.00368	0.00123	0.00573	0.00286	0.00164	0.00573
6	0.00854	0.00711	0.01037	0.16825	0.20145	0.00685	0.02324	0.03510	0.02341	0.05888	0.04739	0.07166	0.04446	0.00458	0.00371	0.00105	0.00371	0.00406	0.00255	0.27364
7	0.00575	0.00403	0.00526	0.00563	0.00645	0.00368	0.00417	0.00686	0.00831	0.04035	0.10551	0.49038	0.07334	0.01037	0.00477	0.00147	0.00250	0.14828	0.00361	0.06928
8	0.17060	0.00702	0.00840	0.00670	0.00947	0.00680	0.00549	0.04984	0.08666	0.56682	0.03369	0.01233	0.00940	0.00470	0.00365	0.00121	0.00323	0.00369	0.00425	0.00606
9	0.01111	0.00706	0.00773	0.00664	0.00872	0.02079	0.00524	0.10838	0.31948	0.18464	0.04311	0.01401	0.01106	0.00498	0.00363	0.00116	0.00295	0.00405	0.22974	0.00552
10	0.00702	0.00573	0.00672	0.00568	0.00780	0.00496	0.00433	0.02972	0.08369	0.01289	0.12559	0.19447	0.08463	0.00636	0.00381	0.00102	0.00258	0.00549	0.00314	0.40439
11	0.00851	0.00768	0.01273	0.01011	0.01211	0.03415	0.29856	0.08892	0.00906	0.04533	0.02370	0.19483	0.01196	0.09543	0.06654	0.00196	0.05783	0.01349	0.00269	0.00443
12	0.02941	0.00931	0.01158	0.00914	0.01181	0.05558	0.12424	0.37630	0.03734	0.12826	0.02919	0.07510	0.00957	0.00640	0.04449	0.00148	0.00462	0.02703	0.00349	0.00567
13	0.00893	0.01003	0.02155	0.01554	0.01914	0.00956	0.75422	0.01198	0.00887	0.01210	0.00795	0.01089	0.00617	0.02308	0.03489	0.00155	0.03196	0.00455	0.00197	0.00507
14	0.00735	0.00694	0.01164	0.82997	0.02622	0.00871	0.01070	0.00989	0.00770	0.00989	0.00684	0.01028	0.00517	0.00396	0.00413	0.00130	0.02984	0.00344	0.00172	0.00430
15	0.01206	0.01977	0.03218	0.09198	0.29641	0.04718	0.02357	0.21810	0.06258	0.14336	0.00944	0.01027	0.00695	0.00414	0.00385	0.00118	0.00444	0.00354	0.00296	0.00604
16	0.18135	0.01434	0.01020	0.00896	0.01115	0.50481	0.03506	0.09003	0.04943	0.01279	0.00684	0.00783	0.00550	0.00485	0.03039	0.00125	0.01545	0.00274	0.00234	0.00470
17	0.00624	0.00385	0.00545	0.00593	0.00634	0.00382	0.00456	0.00638	0.00699	0.00920	0.01453	0.12413	0.01587	0.05407	0.01006	0.36691	0.00334	0.34690	0.00274	0.00268
18	0.00648	0.00520	0.00827	0.00744	0.00865	0.00567	0.10266	0.03469	0.02766	0.01053	0.01096	0.03074	0.01005	0.02211	0.59893	0.00477	0.00861	0.04060	0.05211	0.00385
19	0.00841	0.01560	0.46270	0.01351	0.01840	0.00938	0.39083	0.01234	0.00863	0.01234	0.00737	0.00924	0.00536	0.00349	0.00410	0.00126	0.00610	0.00366	0.00179	0.00550
20	0.00495	0.00369	0.00463	0.00523	0.00575	0.00345	0.00360	0.00615	0.03926	0.01067	0.08799	0.63849	0.14941	0.01120	0.00482	0.00150	0.00220	0.01002	0.00366	0.00332
21	0.00479	0.00344	0.00457	0.00544	0.00573	0.00322	0.00371	0.00553	0.00754	0.01000	0.02190	0.79508	0.05135	0.01200	0.00496	0.00158	0.00230	0.05010	0.00360	0.00317
22	0.00563	0.00381	0.00448	0.00448	0.00457	0.00390	0.00267	0.00580	0.00571	0.00771	0.01198	0.02408	0.01354	0.75792	0.12480	0.00407	0.00460	0.00545	0.00231	0.00249
23	0.00834	0.03962	0.81889	0.01126	0.01694	0.00942	0.01430	0.01260	0.00850	0.01267	0.00742	0.00883	0.00539	0.00401	0.00387	0.00131	0.00585	0.00301	0.00181	0.00596
24	0.04785	0.00765	0.00872	0.00720	0.00959	0.03811	0.03162	0.11360	0.23394	0.28645	0.02521	0.01291	0.00979	0.00478	0.00368	0.00118	0.00332	0.00388	0.14480	0.00574
25	0.00556	0.00408	0.00585	0.00585	0.00641	0.00464	0.00437	0.00668	0.00612	0.00872	0.01074	0.01718	0.01054	0.18918	0.68944	0.00576	0.00911	0.00444	0.00213	0.00325
26	0.18942	0.05012	0.01243	0.07035	0.01342	0.38271	0.14542	0.05704	0.00973	0.01239	0.00639	0.00779	0.00508	0.00383	0.00361	0.00113	0.01943	0.00289	0.00213	0.00467
27	0.00796	0.00483	0.00611	0.00546	0.00685	0.00452	0.00420	0.05549	0.02525	0.15363	0.53291	0.07462	0.08755	0.00756	0.00443	0.00124	0.00227	0.00657	0.00424	0.00430
28	0.00826	0.00720	0.00939	0.04098	0.02680	0.00592	0.06396	0.04469	0.00872	0.01318	0.05395	0.00957	0.00751	0.00331	0.00319	0.00073	0.00326	0.00285	0.00242	0.68411
29	0.10544	0.01038	0.04968	0.01625	0.40865	0.08464	0.07615	0.09465	0.02790	0.07780	0.00800	0.00937	0.00619	0.00378	0.00372	0.00117	0.00469	0.00335	0.00243	0.00577
30	0.00690	0.00514	0.05285	0.00550	0.00686	0.00421	0.00448	0.00886	0.02173	0.10207	0.59191	0.10735	0.02987	0.00765	0.00443	0.00125	0.00226	0.00672	0.02590	0.00407
31	0.01227	0.00765	0.00879	0.00733	0.00975	0.00808	0.00586	0.15191	0.34587	0.26123	0.10309	0.01480	0.01293	0.00529	0.00396	0.00124	0.00317	0.00436	0.02642	0.00602
32	0.00611	0.00433	0.00500	0.00497	0.00540	0.00442	0.00324	0.04099	0.05345	0.00950	0.02992	0.11774	0.05606	0.55330	0.05605	0.00315	0.00377	0.03684	0.00277	0.00300
33	0.80797	0.00725	0.00574	0.00512	0.00740	0.00830	0.00415	0.01136	0.00671	0.04817	0.00616	0.00764	0.00496	0.05219	0.00343	0.00134	0.00305	0.00237	0.00249	0.00419
34	0.05522	0.00416	0.00447	0.00440	0.00563	0.00372	0.00329	0.00666	0.00905	0.03592	0.19037	0.11096	0.52032	0.00909	0.00444	0.00130	0.00206	0.00768	0.01777	0.00349
35	0.00994	0.78529	0.05066	0.00665	0.00994	0.01442	0.00672	0.01129	0.00794	0.00932	0.00736	0.00805	0.05199	0.00370	0.00265	0.00087	0.00408	0.00245	0.00177	0.00491
36	0.09682	0.07382	0.01126	0.00813	0.01106	0.04687	0.00676	0.56847	0.01521	0.08525	0.00907	0.00915	0.00651	0.00443	0.00359	0.00113	0.00411	0.00325	0.02906	0.00607

[dist]
# distance from previous block
# <min> <max>
0	1

[block]
# block no. 6 follows, 70 sequences, length 6
# corresponding to MSA columns:
# 198-203
name=unknown_G
#
# <colnr> <probs for GDERKNQSTAVLIFYWHMCP>
#	G	D	E	R	K	N	Q	S	T	A	V	L	I	F	Y	W	H	M	C	P
0	0.00532	0.00405	0.00601	0.00632	0.00695	0.00383	0.05642	0.00644	0.00810	0.01085	0.09527	0.60130	0.02486	0.01097	0.00495	0.00156	0.00269	0.13717	0.00355	0.00339
1	0.00555	0.00379	0.00457	0.00464	0.00477	0.00389	0.00285	0.00583	0.00587	0.00794	0.01262	0.08772	0.01427	0.66374	0.15245	0.00399	0.00471	0.00581	0.00240	0.00259
2	0.16597	0.00882	0.00971	0.00757	0.01052	0.00928	0.00625	0.40942	0.01378	0.30408	0.01069	0.01013	0.00721	0.00452	0.00363	0.00118	0.00372	0.00339	0.00394	0.00618
3	0.00560	0.00390	0.00495	0.00495	0.00520	0.00415	0.00325	0.00610	0.00585	0.00805	0.01155	0.02171	0.01251	0.56273	0.31859	0.00465	0.00615	0.00510	0.00225	0.00275
4	0.00604	0.00483	0.00706	0.05109	0.00811	0.00587	0.00538	0.00727	0.00621	0.00894	0.00969	0.01514	0.00930	0.11260	0.60521	0.00511	0.12247	0.00417	0.00204	0.00349
5	0.14604	0.00910	0.01026	0.00885	0.04280	0.15990	0.09218	0.01407	0.00920	0.29358	0.00993	0.01074	0.00728	0.00795	0.13009	0.00194	0.03451	0.00345	0.00300	0.00514

[dist]
# distance from previous block
# <min> <max>
3	180

[block]
# block no. 7 follows, 70 sequences, length 21
# corresponding to MSA columns:
# 387-407
name=unknown_H
#
# <colnr> <probs for GDERKNQSTAVLIFYWHMCP>
#	G	D	E	R	K	N	Q	S	T	A	V	L	I	F	Y	W	H	M	C	P
0	0.01137	0.06435	0.35575	0.13074	0.01529	0.03715	0.01016	0.03484	0.00939	0.27943	0.00957	0.00998	0.00651	0.00408	0.00371	0.00119	0.00478	0.00324	0.00274	0.00574
1	0.58457	0.02923	0.08764	0.00595	0.00850	0.07754	0.00533	0.01099	0.00747	0.01505	0.01047	0.01100	0.12435	0.00453	0.00293	0.00119	0.00347	0.00308	0.00245	0.00426
2	0.00545	0.00368	0.00428	0.00447	0.00452	0.00363	0.00261	0.00559	0.00601	0.00801	0.01412	0.19945	0.01650	0.68639	0.01665	0.00330	0.00344	0.00676	0.00261	0.00252
3	0.00974	0.53057	0.20963	0.00924	0.06537	0.01298	0.04096	0.03058	0.03906	0.01082	0.00645	0.00743	0.00536	0.00351	0.00302	0.00099	0.00460	0.00256	0.00182	0.00531
4	0.06872	0.55183	0.01672	0.00726	0.01042	0.03759	0.00670	0.23532	0.01072	0.01387	0.00648	0.00709	0.00537	0.00372	0.00289	0.00095	0.00419	0.00248	0.00233	0.00536
5	0.00698	0.03318	0.55198	0.00915	0.01314	0.00737	0.01081	0.01032	0.00827	0.01192	0.06919	0.15615	0.02695	0.00628	0.01686	0.00138	0.00472	0.04813	0.00230	0.00494
6	0.14918	0.07634	0.08115	0.17003	0.03302	0.10448	0.10084	0.09867	0.00974	0.12928	0.00799	0.00912	0.00583	0.00392	0.00356	0.00118	0.00479	0.00317	0.00254	0.00519
7	0.03440	0.57062	0.13224	0.00687	0.01001	0.01228	0.00699	0.01108	0.00767	0.03762	0.00692	0.00949	0.00641	0.12726	0.00518	0.00133	0.00425	0.00276	0.00188	0.00474
8	0.00598	0.00447	0.00604	0.00748	0.12498	0.00440	0.00422	0.00657	0.00671	0.00907	0.01433	0.25174	0.01642	0.47417	0.01285	0.00271	0.00346	0.03857	0.00268	0.00316
9	0.01032	0.15011	0.08817	0.01357	0.27311	0.20266	0.02035	0.02852	0.02435	0.01118	0.00807	0.06147	0.01977	0.00451	0.00427	0.00115	0.06766	0.00353	0.00206	0.00516
10	0.00913	0.02246	0.01418	0.07982	0.54401	0.03993	0.06263	0.03051	0.00937	0.01297	0.12675	0.01233	0.01038	0.00416	0.00396	0.00117	0.00444	0.00398	0.00229	0.00552
11	0.00710	0.00628	0.00835	0.00930	0.12744	0.06039	0.00629	0.00916	0.05802	0.01002	0.00972	0.01350	0.00878	0.02118	0.57818	0.00463	0.05146	0.00392	0.00215	0.00412
12	0.00644	0.00491	0.00567	0.00555	0.00680	0.00475	0.00431	0.12429	0.01013	0.01308	0.11723	0.19209	0.33708	0.00973	0.01724	0.00147	0.00270	0.12901	0.00369	0.00382
13	0.03304	0.02515	0.02255	0.03324	0.09896	0.04869	0.00704	0.11793	0.09808	0.16937	0.03035	0.02320	0.01077	0.02191	0.06939	0.00174	0.05980	0.12033	0.00324	0.00523
14	0.12506	0.04308	0.01145	0.00935	0.01182	0.44707	0.05960	0.19046	0.04275	0.01416	0.00710	0.00788	0.00555	0.00407	0.00349	0.00109	0.00562	0.00285	0.00252	0.00504
15	0.00545	0.00423	0.00614	0.00803	0.12565	0.00404	0.00479	0.00639	0.00773	0.01047	0.04423	0.71327	0.02317	0.01077	0.00478	0.00150	0.00258	0.00981	0.00338	0.00360
16	0.00810	0.04769	0.64504	0.01270	0.13473	0.00912	0.03812	0.01205	0.00838	0.01232	0.03200	0.00901	0.00607	0.00375	0.00372	0.00120	0.00542	0.00310	0.00177	0.00568
17	0.00843	0.00830	0.01314	0.25127	0.40239	0.04613	0.06295	0.01063	0.00865	0.01142	0.01176	0.01373	0.12552	0.00450	0.00399	0.00122	0.00462	0.00416	0.00211	0.00508
18	0.01403	0.00908	0.01044	0.00814	0.01097	0.00962	0.02083	0.50246	0.06680	0.20600	0.09047	0.01241	0.01046	0.00501	0.00397	0.00119	0.00378	0.00399	0.00409	0.00626
19	0.00514	0.00595	0.12512	0.00576	0.00712	0.00404	0.00495	0.00649	0.00804	0.01055	0.04493	0.47219	0.26504	0.01013	0.00465	0.00144	0.00265	0.00890	0.00333	0.00357
20	0.00890	0.00860	0.03887	0.04094	0.66278	0.00827	0.01066	0.01103	0.00861	0.02418	0.00941	0.13219	0.00894	0.00474	0.00399	0.00122	0.00430	0.00453	0.00219	0.00566

[dist]
# distance from previous block
# <min> <max>
15	27

[block]
# block no. 8 follows, 70 sequences, length 102
# corresponding to MSA columns:
# 437-538
name=unknown_I
#
# <colnr> <probs for GDERKNQSTAVLIFYWHMCP>
#	G	D	E	R	K	N	Q	S	T	A	V	L	I	F	Y	W	H	M	C	P
0	0.01185	0.10397	0.04914	0.01348	0.29585	0.03602	0.02204	0.13759	0.07730	0.16820	0.02034	0.01117	0.00786	0.00427	0.00376	0.00116	0.00423	0.02285	0.00295	0.00599
1	0.00621	0.00405	0.00484	0.00477	0.00497	0.00417	0.00297	0.00674	0.07175	0.00808	0.01117	0.02103	0.01207	0.57179	0.04267	0.20910	0.00381	0.00496	0.00231	0.00253
2	0.00972	0.26726	0.07229	0.00689	0.01039	0.02320	0.00633	0.12019	0.00942	0.01308	0.00675	0.00765	0.00555	0.00332	0.00296	0.00078	0.00371	0.00243	0.00226	0.42579
3	0.00472	0.00339	0.00448	0.00535	0.00561	0.00315	0.00358	0.00540	0.00747	0.00992	0.02195	0.83435	0.05214	0.01207	0.00494	0.00157	0.00224	0.01093	0.00360	0.00315
4	0.00638	0.00404	0.00520	0.00515	0.00610	0.00366	0.00377	0.00768	0.00953	0.10048	0.37926	0.31021	0.12522	0.00925	0.00463	0.00135	0.00214	0.00818	0.00402	0.00375
5	0.01016	0.65359	0.17216	0.00767	0.01135	0.06904	0.00811	0.01199	0.00814	0.00973	0.00572	0.00663	0.00496	0.00343	0.00278	0.00091	0.00463	0.00225	0.00168	0.00508
6	0.00541	0.00449	0.00528	0.00567	0.05950	0.00407	0.00388	0.00719	0.04927	0.01232	0.26136	0.03206	0.51816	0.00865	0.00450	0.00127	0.00215	0.00736	0.00370	0.00371
7	0.00906	0.02751	0.00843	0.00588	0.00928	0.00547	0.00476	0.01075	0.00835	0.09786	0.00772	0.00853	0.00612	0.00308	0.00297	0.00064	0.00295	0.00246	0.00254	0.77567
8	0.01064	0.81112	0.01973	0.00682	0.01008	0.04240	0.00668	0.03777	0.00831	0.00962	0.00553	0.00634	0.00503	0.00338	0.00256	0.00085	0.00424	0.00213	0.00174	0.00501
9	0.01032	0.29382	0.40069	0.00898	0.01336	0.01112	0.01021	0.10842	0.00953	0.08871	0.00749	0.00813	0.00556	0.00378	0.00334	0.00109	0.00482	0.00277	0.00220	0.00566
10	0.00930	0.14992	0.23273	0.01327	0.03901	0.04678	0.41968	0.02172	0.00887	0.01187	0.00715	0.00901	0.00546	0.00343	0.00394	0.00119	0.00589	0.00360	0.00185	0.00533
11	0.00472	0.00337	0.00450	0.00540	0.00562	0.00315	0.00360	0.00540	0.00742	0.00990	0.02137	0.86122	0.02564	0.01215	0.00495	0.00157	0.00225	0.01102	0.00360	0.00315
12	0.01196	0.16505	0.01190	0.00847	0.01091	0.28149	0.00681	0.11670	0.31990	0.01379	0.00997	0.00995	0.00776	0.00443	0.00353	0.00111	0.00467	0.00325	0.00290	0.00546
13	0.00898	0.20913	0.41948	0.00906	0.01359	0.00959	0.04592	0.01200	0.00828	0.05481	0.00706	0.00807	0.00537	0.00349	0.00331	0.00102	0.00474	0.00271	0.00194	0.17145
14	0.00867	0.28680	0.53988	0.00944	0.01419	0.01091	0.01142	0.03135	0.00831	0.01150	0.00692	0.03159	0.00555	0.00383	0.00335	0.00111	0.00510	0.00286	0.00175	0.00544
15	0.00877	0.01166	0.14796	0.01476	0.01870	0.02443	0.63662	0.01203	0.00893	0.01219	0.00848	0.06094	0.00690	0.00388	0.00444	0.00131	0.00616	0.00466	0.00201	0.00517
16	0.00523	0.00453	0.00573	0.02064	0.06985	0.00404	0.03077	0.00640	0.00867	0.01072	0.04573	0.14789	0.58998	0.00933	0.00458	0.00134	0.00244	0.02515	0.00340	0.00357
17	0.00935	0.00900	0.01546	0.10929	0.73853	0.00916	0.02889	0.01170	0.00872	0.01238	0.00726	0.00969	0.00604	0.00349	0.00386	0.00117	0.00470	0.00348	0.00190	0.00593
18	0.00810	0.01906	0.76649	0.01132	0.01686	0.00898	0.07057	0.01245	0.00832	0.03223	0.00722	0.00846	0.00509	0.00368	0.00375	0.00123	0.00573	0.00301	0.00174	0.00572
19	0.00960	0.00921	0.01574	0.02380	0.83957	0.00921	0.01190	0.01190	0.00883	0.01267	0.00729	0.00960	0.00614	0.00345	0.00384	0.00115	0.00461	0.00345	0.00192	0.00614
20	0.00755	0.00712	0.01204	0.77075	0.10860	0.00867	0.01088	0.01011	0.00786	0.01018	0.00693	0.01026	0.00527	0.00383	0.00387	0.00128	0.00511	0.00345	0.00174	0.00449
21	0.00973	0.00848	0.01396	0.12247	0.57169	0.00889	0.01066	0.01201	0.02110	0.07866	0.03389	0.01057	0.00726	0.00403	0.00455	0.00122	0.06929	0.00361	0.00221	0.00573
22	0.00886	0.01000	0.02169	0.01563	0.01932	0.00937	0.77242	0.01197	0.00904	0.01226	0.00872	0.06539	0.00716	0.00384	0.00460	0.00132	0.00626	0.00499	0.00207	0.00509
23	0.00835	0.00794	0.01348	0.47969	0.39343	0.00888	0.01128	0.01080	0.00824	0.01115	0.00707	0.01000	0.00561	0.00369	0.00386	0.00123	0.00491	0.00345	0.00181	0.00513
24	0.00485	0.00344	0.00445	0.00520	0.00542	0.00324	0.00341	0.00544	0.00720	0.00957	0.02043	0.72697	0.04011	0.13224	0.00703	0.00188	0.00246	0.01021	0.00342	0.00304
25	0.00563	0.00455	0.00680	0.00686	0.00756	0.00457	0.07024	0.00676	0.00783	0.01042	0.02010	0.52259	0.07438	0.01062	0.00554	0.00158	0.06492	0.16224	0.00332	0.00348
26	0.00931	0.00888	0.01511	0.04633	0.77861	0.00892	0.01149	0.01154	0.00873	0.01246	0.00792	0.04852	0.00700	0.00386	0.00389	0.00117	0.00451	0.00380	0.00199	0.00595
27	0.06850	0.00746	0.00930	0.00717	0.01016	0.00707	0.00593	0.17122	0.01218	0.63885	0.01358	0.01205	0.00871	0.00470	0.00381	0.00119	0.00346	0.00372	0.00448	0.00646
28	0.11538	0.01586	0.01049	0.00927	0.01143	0.60900	0.00712	0.13319	0.01141	0.01258	0.00639	0.00729	0.00514	0.00411	0.00365	0.00106	0.02695	0.00262	0.00231	0.00476
29	0.00647	0.00498	0.00781	0.00704	0.00804	0.00519	0.10201	0.01836	0.00710	0.02781	0.02137	0.05440	0.04893	0.17366	0.35186	0.05559	0.02052	0.07291	0.00245	0.00348
30	0.00954	0.56946	0.27069	0.00876	0.04992	0.01313	0.00921	0.01183	0.00801	0.01024	0.00595	0.00697	0.00501	0.00343	0.00291	0.00097	0.00465	0.00238	0.00166	0.00526
31	0.01731	0.00673	0.00908	0.00696	0.00996	0.00590	0.00575	0.04470	0.01132	0.81613	0.01510	0.01307	0.00950	0.00479	0.00390	0.00120	0.00333	0.00389	0.00477	0.00660
32	0.00747	0.00704	0.01189	0.80080	0.07919	0.00865	0.01084	0.01003	0.00782	0.01008	0.00692	0.01029	0.00523	0.00385	0.00387	0.00128	0.00513	0.00345	0.00174	0.00443
33	0.00792	0.00980	0.15426	0.02888	0.07786	0.02410	0.29204	0.01052	0.00883	0.03212	0.03803	0.09211	0.09797	0.00588	0.00451	0.00135	0.01297	0.09358	0.00253	0.00476
34	0.00805	0.00759	0.01283	0.50727	0.32752	0.00859	0.01086	0.01044	0.00814	0.01093	0.00770	0.04893	0.00646	0.00410	0.00391	0.00125	0.00483	0.00379	0.00188	0.00493
35	0.01576	0.00835	0.00898	0.00728	0.00990	0.14082	0.00584	0.02888	0.02094	0.61598	0.01432	0.03621	0.02418	0.02570	0.00428	0.00125	0.00387	0.01734	0.00419	0.00595
36	0.00926	0.00902	0.01493	0.14332	0.65406	0.02923	0.03135	0.01155	0.00869	0.01209	0.00776	0.01015	0.02098	0.00369	0.00400	0.00118	0.01754	0.00354	0.00192	0.00573
37	0.00803	0.01589	0.56577	0.02435	0.10154	0.00846	0.09039	0.01173	0.00838	0.03199	0.01919	0.08071	0.00740	0.00442	0.00391	0.00126	0.00528	0.00386	0.00197	0.00548
38	0.00782	0.01716	0.68855	0.00997	0.01489	0.00805	0.01239	0.01167	0.00832	0.05230	0.01062	0.06537	0.06662	0.00472	0.00384	0.00125	0.00512	0.00382	0.00206	0.00543
39	0.00959	0.00924	0.01589	0.02363	0.82180	0.00922	0.02954	0.01191	0.00883	0.01266	0.00730	0.00961	0.00614	0.00345	0.00385	0.00115	0.00465	0.00348	0.00192	0.00612
40	0.00749	0.01239	0.37979	0.14744	0.12904	0.00770	0.03070	0.01050	0.00816	0.02224	0.01046	0.16076	0.01808	0.00548	0.00405	0.00131	0.00475	0.03248	0.00217	0.00500
41	0.00867	0.02323	0.18337	0.19458	0.15730	0.00851	0.19596	0.02328	0.00872	0.05754	0.02082	0.07080	0.02080	0.00442	0.00407	0.00126	0.00506	0.00425	0.00219	0.00518
42	0.00971	0.01206	0.35563	0.04819	0.03379	0.00722	0.07945	0.01264	0.00919	0.20982	0.07899	0.05546	0.04487	0.00507	0.00403	0.00126	0.00448	0.01990	0.00286	0.00540
43	0.01007	0.01097	0.22224	0.04104	0.24782	0.00793	0.12005	0.01277	0.00908	0.17800	0.01142	0.04108	0.06083	0.00448	0.00400	0.00123	0.00465	0.00411	0.00259	0.00566
44	0.00874	0.01200	0.29380	0.06302	0.29669	0.00823	0.07910	0.01165	0.00860	0.06400	0.02148	0.09781	0.00833	0.00459	0.00398	0.00125	0.00481	0.00421	0.00220	0.00550
45	0.00884	0.01264	0.39567	0.14677	0.04402	0.00769	0.01045	0.03114	0.03035	0.12666	0.01094	0.12257	0.02511	0.00516	0.00395	0.00128	0.00463	0.00436	0.00251	0.00527
46	0.00953	0.02086	0.21867	0.10965	0.13291	0.00729	0.05046	0.01198	0.00888	0.18649	0.04163	0.12076	0.04207	0.00539	0.00415	0.00127	0.01524	0.00472	0.00279	0.00525
47	0.00857	0.03571	0.52225	0.01015	0.03391	0.00798	0.05850	0.02472	0.00862	0.09770	0.01062	0.12534	0.02873	0.00507	0.00393	0.00127	0.00487	0.00431	0.00234	0.00538
48	0.00803	0.02994	0.51172	0.03495	0.07639	0.00870	0.16019	0.01167	0.00841	0.02218	0.00913	0.05753	0.03507	0.00429	0.00395	0.00125	0.00540	0.00387	0.00194	0.00540
49	0.00937	0.00837	0.14528	0.08276	0.09282	0.00650	0.06640	0.01151	0.00872	0.20350	0.05805	0.11838	0.01182	0.04347	0.09471	0.00192	0.00478	0.02374	0.00294	0.00495
50	0.00879	0.01123	0.25649	0.21634	0.17468	0.01690	0.05540	0.02486	0.00872	0.08456	0.01057	0.04068	0.06481	0.00450	0.00393	0.00124	0.00482	0.00396	0.00225	0.00525
51	0.00800	0.00801	0.07733	0.22238	0.27920	0.00741	0.05517	0.01020	0.00842	0.04930	0.03201	0.17122	0.04355	0.00562	0.00414	0.00129	0.00427	0.00518	0.00242	0.00489
52	0.00870	0.01240	0.27919	0.12816	0.44256	0.00909	0.04087	0.01178	0.00849	0.01217	0.00715	0.00927	0.00561	0.00358	0.00382	0.00120	0.00510	0.00330	0.00180	0.00574
53	0.00958	0.48748	0.22248	0.00955	0.01355	0.02697	0.15854	0.01199	0.00824	0.01051	0.00623	0.00749	0.00513	0.00341	0.00318	0.00102	0.00502	0.00273	0.00171	0.00520
54	0.00857	0.02513	0.33514	0.05628	0.10157	0.00851	0.20105	0.01217	0.04636	0.05758	0.02168	0.01259	0.08701	0.00435	0.00402	0.00125	0.00508	0.00404	0.00225	0.00537
55	0.00853	0.02718	0.51918	0.02606	0.13353	0.01974	0.17631	0.01233	0.00853	0.02203	0.00725	0.00889	0.00534	0.00358	0.00387	0.00123	0.00569	0.00330	0.00179	0.00565
56	0.00653	0.00341	0.00494	0.00499	0.00500	0.00339	0.00328	0.00512	0.00522	0.00696	0.00797	0.05422	0.00836	0.09604	0.01510	0.75849	0.00335	0.00396	0.00184	0.00182
57	0.00732	0.00689	0.01163	0.85444	0.02670	0.00861	0.01077	0.00991	0.00775	0.00991	0.00689	0.01034	0.00517	0.00388	0.00388	0.00129	0.00517	0.00345	0.00172	0.00431
58	0.00907	0.07747	0.43477	0.01293	0.19472	0.04462	0.02784	0.03883	0.00892	0.04261	0.00908	0.01075	0.04396	0.00413	0.00373	0.00119	0.00508	0.02264	0.00205	0.00560
59	0.01039	0.04583	0.07491	0.19973	0.04226	0.12599	0.06353	0.11263	0.20228	0.04347	0.01040	0.01125	0.03138	0.00442	0.00384	0.00121	0.00474	0.00367	0.00272	0.00535
60	0.01081	0.77533	0.01932	0.00699	0.01017	0.10452	0.00673	0.01202	0.00821	0.00916	0.00545	0.00630	0.00498	0.00339	0.00260	0.00085	0.00445	0.00212	0.00169	0.00492
61	0.00474	0.00338	0.00449	0.00537	0.00559	0.00316	0.00357	0.00540	0.00738	0.00985	0.02118	0.84365	0.02540	0.03005	0.00526	0.00162	0.00228	0.01091	0.00357	0.00313
62	0.03345	0.14934	0.22282	0.01120	0.11099	0.15912	0.05899	0.09232	0.04820	0.05602	0.00766	0.00858	0.00586	0.00384	0.00353	0.00111	0.00512	0.00301	0.00227	0.01656
63	0.52606	0.14988	0.05003	0.03554	0.00977	0.03707	0.00585	0.12232	0.00865	0.01623	0.00607	0.00695	0.00474	0.00372	0.00276	0.00113	0.00369	0.00238	0.00241	0.00474
64	0.00673	0.00337	0.00505	0.00505	0.00505	0.00337	0.00337	0.00505	0.00505	0.00673	0.00673	0.01178	0.00673	0.01347	0.01515	0.88721	0.00337	0.00337	0.00168	0.00168
65	0.00555	0.00401	0.00421	0.00421	0.00535	0.00363	0.00313	0.02446	0.01951	0.01200	0.07220	0.11389	0.48996	0.00853	0.00415	0.00123	0.00201	0.00718	0.21132	0.00347
66	0.02280	0.05351	0.05670	0.03644	0.37819	0.06799	0.03341	0.05682	0.09221	0.07897	0.03586	0.02208	0.00797	0.00424	0.00412	0.00119	0.03562	0.00365	0.00253	0.00571
67	0.01076	0.42241	0.06858	0.00766	0.01070	0.01162	0.04442	0.07071	0.11436	0.10978	0.04362	0.03903	0.00858	0.00441	0.00344	0.00106	0.01745	0.00338	0.00266	0.00536
68	0.00901	0.00859	0.01461	0.19924	0.64700	0.00895	0.01146	0.01136	0.00865	0.01215	0.02755	0.01023	0.00668	0.00365	0.00386	0.00118	0.00466	0.00354	0.00193	0.00569
69	0.00752	0.00712	0.01187	0.75427	0.06953	0.00886	0.01068	0.00998	0.00769	0.01002	0.00679	0.01017	0.00522	0.00404	0.00445	0.00131	0.06091	0.00344	0.00173	0.00440
70	0.07922	0.04602	0.13369	0.01933	0.10161	0.02510	0.07000	0.07238	0.01993	0.06162	0.04351	0.18741	0.03890	0.04863	0.00491	0.00141	0.01463	0.02416	0.00280	0.00474
71	0.00865	0.01004	0.12923	0.13016	0.40878	0.00873	0.11644	0.01123	0.00849	0.02185	0.00872	0.06506	0.02067	0.00430	0.00427	0.00125	0.03059	0.00409	0.00202	0.00543
72	0.00492	0.00357	0.00490	0.04957	0.00671	0.00345	0.00397	0.00567	0.00746	0.00994	0.03795	0.77807	0.02435	0.01166	0.00513	0.02325	0.00242	0.01035	0.00347	0.00318
