[name]
unknown

[dist]
# distance from previous block
# <min> <max>
2	12

[block]
# block no. 0 follows, 67 sequences, length 6
# corresponding to MSA columns:
# 12-17
name=unknown_A
#
# <colnr> <probs for GDERKNQSTAVLIFYWHMCP>
#	G	D	E	R	K	N	Q	S	T	A	V	L	I	F	Y	W	H	M	C	P
0	0.00707	0.00580	0.00652	0.00715	0.06955	0.05083	0.00452	0.04431	0.08128	0.01114	0.05002	0.26081	0.07703	0.29437	0.00990	0.00224	0.00343	0.00711	0.00314	0.00376
1	0.03809	0.11222	0.21415	0.01168	0.09065	0.07112	0.14233	0.04843	0.07207	0.08685	0.03065	0.01179	0.00805	0.00440	0.00393	0.00124	0.00507	0.03909	0.00256	0.00564
2	0.03188	0.14269	0.20120	0.03703	0.12138	0.01049	0.03740	0.17608	0.06621	0.09007	0.01017	0.01076	0.03847	0.00437	0.00376	0.00119	0.00460	0.00352	0.00277	0.00595
3	0.00746	0.00569	0.00560	0.00532	0.00677	0.07872	0.00400	0.00860	0.00968	0.11669	0.11445	0.13841	0.46552	0.00907	0.00460	0.00134	0.00270	0.00763	0.00381	0.00396
4	0.00720	0.00499	0.00580	0.00538	0.00679	0.00467	0.00408	0.09827	0.01076	0.07677	0.24420	0.16267	0.33509	0.00903	0.00466	0.00135	0.00241	0.00773	0.00404	0.00412
5	0.16960	0.12979	0.03426	0.08236	0.05025	0.10820	0.03669	0.12484	0.06871	0.14526	0.00896	0.00948	0.00660	0.00421	0.00352	0.00118	0.00447	0.00318	0.00292	0.00555

[dist]
# distance from previous block
# <min> <max>
0	1

[block]
# block no. 1 follows, 67 sequences, length 10
# corresponding to MSA columns:
# 19-28
name=unknown_B
#
# <colnr> <probs for GDERKNQSTAVLIFYWHMCP>
#	G	D	E	R	K	N	Q	S	T	A	V	L	I	F	Y	W	H	M	C	P
0	0.00516	0.00386	0.00470	0.00519	0.00585	0.00355	0.00371	0.00608	0.00830	0.01068	0.06902	0.39140	0.26448	0.09789	0.00660	0.00178	0.00253	0.10231	0.00362	0.00329
1	0.00514	0.00403	0.00465	0.00459	0.00569	0.00354	0.00340	0.00649	0.00994	0.01296	0.36681	0.09854	0.44084	0.00953	0.00477	0.00134	0.00200	0.00819	0.00401	0.00354
2	0.01064	0.08747	0.14874	0.01187	0.13413	0.07440	0.10687	0.15000	0.01067	0.05563	0.03271	0.01344	0.00875	0.08861	0.00562	0.00149	0.00499	0.04592	0.00262	0.00543
3	0.05732	0.45303	0.01630	0.00799	0.01091	0.04370	0.03004	0.14129	0.12257	0.01353	0.00777	0.00843	0.00638	0.00421	0.00381	0.00108	0.06080	0.00289	0.00247	0.00547
4	0.01474	0.00789	0.00934	0.00740	0.01016	0.00792	0.00604	0.26169	0.08591	0.39543	0.03310	0.01400	0.04216	0.00521	0.00397	0.00122	0.00347	0.00417	0.07985	0.00631
5	0.00938	0.00738	0.00863	0.00623	0.00975	0.00585	0.00501	0.06475	0.00921	0.06476	0.00783	0.00873	0.00625	0.00322	0.00311	0.00067	0.00309	0.00256	0.00265	0.77094
6	0.00936	0.00710	0.00823	0.00621	0.00927	0.00601	0.00496	0.10085	0.02748	0.05990	0.06153	0.02871	0.00916	0.00399	0.00332	0.00080	0.00300	0.00324	0.06152	0.58535
7	0.67516	0.02773	0.03806	0.02954	0.00944	0.00908	0.03282	0.02748	0.04103	0.05295	0.02162	0.00798	0.00569	0.00394	0.00285	0.00124	0.00344	0.00262	0.00264	0.00469
8	0.00894	0.06523	0.70560	0.01103	0.01645	0.06869	0.01363	0.04276	0.00904	0.01279	0.00713	0.00831	0.00515	0.00385	0.00374	0.00123	0.00588	0.00292	0.00181	0.00583
9	0.05220	0.05094	0.00630	0.00557	0.00683	0.04495	0.00417	0.00848	0.02955	0.07460	0.11626	0.32118	0.24553	0.00930	0.00452	0.00139	0.00268	0.00799	0.00366	0.00393

[dist]
# distance from previous block
# <min> <max>
0	4

[block]
# block no. 2 follows, 67 sequences, length 7
# corresponding to MSA columns:
# 33-39
name=unknown_C
#
# <colnr> <probs for GDERKNQSTAVLIFYWHMCP>
#	G	D	E	R	K	N	Q	S	T	A	V	L	I	F	Y	W	H	M	C	P
0	0.07166	0.14199	0.16716	0.05157	0.12584	0.13615	0.09812	0.05173	0.00965	0.06872	0.00867	0.00982	0.03372	0.00407	0.00369	0.00117	0.00521	0.00332	0.00229	0.00546
1	0.01186	0.57509	0.01742	0.00754	0.01060	0.12414	0.00687	0.10220	0.00990	0.05033	0.00736	0.04695	0.00656	0.00418	0.00306	0.00097	0.00456	0.00289	0.00226	0.00526
2	0.00491	0.00365	0.00459	0.00525	0.00575	0.00332	0.00359	0.00576	0.00822	0.01076	0.08180	0.63830	0.18589	0.01179	0.00502	0.00155	0.00224	0.01054	0.00377	0.00332
3	0.02896	0.02860	0.01190	0.04151	0.27121	0.04330	0.05519	0.14100	0.02651	0.06387	0.03171	0.07261	0.13469	0.00625	0.02368	0.00138	0.00428	0.00496	0.00297	0.00541
4	0.01087	0.00754	0.00902	0.00902	0.10145	0.02832	0.00627	0.10872	0.21891	0.18002	0.07183	0.11347	0.10400	0.00655	0.00427	0.00131	0.00334	0.00557	0.00391	0.00561
5	0.00495	0.00387	0.00449	0.00475	0.00565	0.00341	0.00341	0.00602	0.00903	0.01155	0.17350	0.31511	0.41869	0.01063	0.00487	0.00143	0.00211	0.00925	0.00385	0.00341
6	0.00926	0.00636	0.00740	0.00671	0.00842	0.00661	0.00514	0.09064	0.25600	0.12240	0.18034	0.20153	0.06696	0.00769	0.00446	0.00137	0.00282	0.00664	0.00416	0.00510

[dist]
# distance from previous block
# <min> <max>
3	14

[block]
# block no. 3 follows, 67 sequences, length 6
# corresponding to MSA columns:
# 56-61
name=unknown_D
#
# <colnr> <probs for GDERKNQSTAVLIFYWHMCP>
#	G	D	E	R	K	N	Q	S	T	A	V	L	I	F	Y	W	H	M	C	P
0	0.00663	0.00570	0.04710	0.06260	0.06876	0.00491	0.00539	0.00839	0.03462	0.06152	0.09205	0.18730	0.33105	0.03434	0.00509	0.00147	0.00291	0.03260	0.00347	0.00409
1	0.06618	0.12820	0.31279	0.01137	0.10262	0.04065	0.07769	0.03631	0.04713	0.08341	0.02882	0.03168	0.00742	0.00424	0.00374	0.00121	0.00494	0.00351	0.00240	0.00568
2	0.00929	0.09051	0.09570	0.05257	0.02872	0.07844	0.09331	0.05738	0.09141	0.04032	0.04840	0.05556	0.05340	0.05891	0.06670	0.00182	0.06548	0.00453	0.00267	0.00489
3	0.06200	0.00804	0.05010	0.02357	0.05322	0.05909	0.03629	0.09256	0.00857	0.04223	0.00956	0.02830	0.00863	0.10481	0.27415	0.00323	0.10270	0.00407	0.02441	0.00445
4	0.00911	0.00959	0.05132	0.00726	0.00891	0.23380	0.00577	0.01104	0.06357	0.06118	0.06773	0.17777	0.20904	0.00827	0.02553	0.00144	0.03492	0.00624	0.00319	0.00431
5	0.00821	0.04089	0.19017	0.00923	0.06613	0.06692	0.04016	0.05017	0.04178	0.02861	0.16081	0.13526	0.04298	0.00886	0.09003	0.00182	0.00480	0.00543	0.00292	0.00480

[dist]
# distance from previous block
# <min> <max>
1	13

[block]
# block no. 4 follows, 67 sequences, length 6
# corresponding to MSA columns:
# 75-80
name=unknown_E
#
# <colnr> <probs for GDERKNQSTAVLIFYWHMCP>
#	G	D	E	R	K	N	Q	S	T	A	V	L	I	F	Y	W	H	M	C	P
0	0.05241	0.00840	0.05051	0.03139	0.03889	0.13663	0.05841	0.01049	0.04527	0.05112	0.10093	0.12421	0.11954	0.11619	0.00628	0.00162	0.00397	0.00575	0.03376	0.00424
1	0.03851	0.02656	0.11910	0.00781	0.05430	0.00660	0.00654	0.04877	0.03975	0.05379	0.12422	0.07992	0.09895	0.03481	0.00489	0.00128	0.03453	0.03300	0.00306	0.18361
2	0.00892	0.00706	0.00770	0.03982	0.06878	0.08481	0.00548	0.08791	0.04327	0.09370	0.12874	0.13466	0.20358	0.06084	0.00541	0.00147	0.00340	0.00638	0.00354	0.00452
3	0.04395	0.09836	0.04580	0.02181	0.03228	0.03824	0.03153	0.10729	0.01049	0.05549	0.18024	0.08091	0.19301	0.03739	0.00476	0.00134	0.00338	0.00580	0.00336	0.00456
4	0.05522	0.03884	0.00940	0.00864	0.08387	0.09899	0.03572	0.09182	0.03201	0.06424	0.18325	0.07040	0.06930	0.02681	0.04927	0.00153	0.00408	0.00503	0.00323	0.06835
5	0.07408	0.12184	0.07504	0.00903	0.06357	0.06740	0.04564	0.19807	0.01130	0.01548	0.13135	0.07125	0.04357	0.00681	0.04699	0.00147	0.00447	0.00453	0.00299	0.00511

[dist]
# distance from previous block
# <min> <max>
0	7

[block]
# block no. 5 follows, 67 sequences, length 9
# corresponding to MSA columns:
# 88-96
name=unknown_F
#
# <colnr> <probs for GDERKNQSTAVLIFYWHMCP>
#	G	D	E	R	K	N	Q	S	T	A	V	L	I	F	Y	W	H	M	C	P
0	0.02341	0.00679	0.00783	0.00673	0.00859	0.00713	0.00529	0.24859	0.06932	0.08532	0.15071	0.05430	0.12979	0.04892	0.12667	0.00215	0.00428	0.00549	0.00374	0.00495
1	0.00533	0.00442	0.00523	0.00585	0.06587	0.00391	0.00388	0.00653	0.00928	0.01173	0.17046	0.09698	0.54543	0.04074	0.00529	0.00144	0.00230	0.00803	0.00367	0.00362
2	0.07982	0.00526	0.00610	0.00552	0.00706	0.00508	0.00422	0.06244	0.00986	0.15064	0.18085	0.08910	0.23688	0.07150	0.06607	0.00187	0.00326	0.00639	0.00378	0.00427
3	0.03569	0.01134	0.01083	0.00881	0.01149	0.13170	0.00706	0.55523	0.05845	0.02082	0.01117	0.07913	0.02910	0.00549	0.00403	0.00123	0.00450	0.00423	0.00366	0.00604
4	0.00884	0.01106	0.18496	0.05701	0.41733	0.02470	0.03708	0.02624	0.02461	0.01268	0.00978	0.13412	0.00909	0.00502	0.00411	0.00127	0.00472	0.00461	0.00226	0.02051
5	0.00764	0.06855	0.00837	0.00695	0.00804	0.06164	0.00546	0.07430	0.00837	0.01120	0.07070	0.08625	0.03592	0.06756	0.38375	0.00378	0.07999	0.00492	0.00259	0.00401
6	0.01361	0.07709	0.01268	0.01193	0.13287	0.53030	0.00825	0.08593	0.06806	0.01211	0.00735	0.00832	0.00597	0.00415	0.00366	0.00108	0.00613	0.00292	0.00234	0.00524
7	0.00944	0.06496	0.01615	0.03100	0.38900	0.02421	0.18144	0.01169	0.00876	0.03079	0.02673	0.02541	0.00760	0.00665	0.08600	0.00176	0.06678	0.00400	0.00213	0.00550
8	0.01122	0.19609	0.09170	0.04990	0.05416	0.07874	0.06695	0.21583	0.01133	0.03341	0.00927	0.04186	0.03401	0.00457	0.00393	0.00113	0.02652	0.00361	0.00262	0.06315

[dist]
# distance from previous block
# <min> <max>
2	6

[block]
# block no. 6 follows, 67 sequences, length 21
# corresponding to MSA columns:
# 103-123
name=unknown_G
#
# <colnr> <probs for GDERKNQSTAVLIFYWHMCP>
#	G	D	E	R	K	N	Q	S	T	A	V	L	I	F	Y	W	H	M	C	P
0	0.00580	0.00403	0.00511	0.00511	0.00536	0.00429	0.00334	0.00630	0.00605	0.00832	0.01197	0.02254	0.01297	0.56625	0.31102	0.00479	0.00631	0.00529	0.00233	0.00284
1	0.00633	0.00471	0.00511	0.00497	0.00572	0.03878	0.00343	0.00694	0.00771	0.03653	0.08701	0.02689	0.25670	0.32527	0.10930	0.05821	0.00408	0.00621	0.00297	0.00315
2	0.01077	0.79520	0.05463	0.00718	0.01067	0.04635	0.00723	0.01219	0.00828	0.00959	0.00567	0.00655	0.00514	0.00347	0.00266	0.00088	0.00447	0.00219	0.00173	0.00516
3	0.00762	0.00661	0.03833	0.00637	0.00857	0.00576	0.00515	0.06858	0.00844	0.01236	0.04205	0.03929	0.02894	0.09766	0.22296	0.00261	0.02300	0.00396	0.00256	0.36920
4	0.00814	0.01989	0.05200	0.00817	0.06607	0.03199	0.07744	0.04945	0.02544	0.08130	0.25555	0.04481	0.19532	0.06001	0.00545	0.00144	0.00337	0.00611	0.00351	0.00453
5	0.09065	0.04678	0.02508	0.01981	0.13743	0.22427	0.03706	0.12032	0.05608	0.06415	0.01081	0.06364	0.05143	0.00509	0.00411	0.00122	0.02996	0.00400	0.00279	0.00530
6	0.25011	0.02402	0.02470	0.02312	0.23015	0.11590	0.04100	0.15621	0.01049	0.03555	0.00772	0.00948	0.00616	0.00417	0.00370	0.00121	0.01754	0.02088	0.01239	0.00548
7	0.00731	0.00726	0.05618	0.02516	0.22935	0.02018	0.05216	0.01777	0.02954	0.01310	0.19718	0.11224	0.18290	0.00700	0.00442	0.00130	0.00344	0.00626	0.02258	0.00466
8	0.00889	0.00753	0.02132	0.04381	0.25527	0.00753	0.03064	0.13563	0.05635	0.03377	0.03541	0.19921	0.12007	0.00697	0.00440	0.00134	0.00371	0.01981	0.00317	0.00517
9	0.00583	0.00390	0.00441	0.00440	0.00443	0.00388	0.00248	0.00589	0.00603	0.00808	0.04220	0.02638	0.01542	0.82836	0.01985	0.00379	0.00382	0.00588	0.00250	0.00248
10	0.01297	0.10156	0.06980	0.01000	0.06474	0.24500	0.00793	0.23315	0.05875	0.06628	0.00875	0.01006	0.00694	0.05453	0.00499	0.00131	0.03150	0.00333	0.00283	0.00558
11	0.00616	0.00452	0.00569	0.00534	0.00633	0.00445	0.00399	0.05481	0.01022	0.01414	0.48617	0.02705	0.11292	0.09923	0.13891	0.00236	0.00366	0.00655	0.00376	0.00375
12	0.01094	0.71138	0.01898	0.00712	0.01029	0.08060	0.00678	0.04349	0.00901	0.01047	0.05423	0.00800	0.00713	0.00382	0.00284	0.00091	0.00439	0.00254	0.00199	0.00509
13	0.00777	0.00710	0.00863	0.00774	0.00824	0.05676	0.01625	0.02074	0.02127	0.01016	0.05033	0.10424	0.06534	0.17916	0.01162	0.03249	0.35213	0.00526	0.01306	0.02170
14	0.02296	0.10470	0.00976	0.01920	0.04762	0.01749	0.06177	0.04136	0.04358	0.01201	0.09004	0.32151	0.10155	0.00834	0.00520	0.00140	0.07696	0.00716	0.00314	0.00426
15	0.04892	0.05750	0.04860	0.05465	0.12076	0.17631	0.01991	0.09800	0.16787	0.05061	0.01051	0.08284	0.00889	0.00515	0.00419	0.00125	0.03160	0.00411	0.00287	0.00547
16	0.02908	0.00918	0.07314	0.18184	0.05958	0.05625	0.15669	0.08218	0.00925	0.01247	0.01064	0.16052	0.01022	0.04597	0.01634	0.00156	0.04819	0.02019	0.01200	0.00472
17	0.00939	0.02627	0.07787	0.16938	0.38613	0.00916	0.05943	0.02198	0.09322	0.03986	0.04707	0.01197	0.02200	0.00423	0.00405	0.00125	0.00468	0.00393	0.00240	0.00575
18	0.21424	0.00685	0.00791	0.00719	0.05691	0.00675	0.00536	0.08290	0.01051	0.27178	0.15002	0.01659	0.10039	0.00559	0.00382	0.00122	0.00309	0.00448	0.00381	0.04059
19	0.05818	0.00530	0.00612	0.00575	0.00712	0.00522	0.02634	0.09808	0.03263	0.01315	0.08097	0.19254	0.33306	0.05429	0.03660	0.00172	0.00304	0.03237	0.00357	0.00393
20	0.01074	0.66719	0.04092	0.00724	0.01044	0.07737	0.00693	0.04333	0.00880	0.01032	0.00684	0.05656	0.00649	0.00407	0.00290	0.00093	0.00441	0.00281	0.00197	0.02973

[dist]
# distance from previous block
# <min> <max>
16	38

[block]
# block no. 7 follows, 67 sequences, length 6
# corresponding to MSA columns:
# 169-174
name=unknown_H
#
# <colnr> <probs for GDERKNQSTAVLIFYWHMCP>
#	G	D	E	R	K	N	Q	S	T	A	V	L	I	F	Y	W	H	M	C	P
0	0.04642	0.00676	0.00860	0.00741	0.00884	0.06117	0.10843	0.05778	0.05152	0.02934	0.10073	0.07368	0.03804	0.21719	0.14278	0.00275	0.00510	0.00538	0.02403	0.00404
1	0.16008	0.08734	0.00862	0.00654	0.00876	0.03328	0.00532	0.03029	0.17603	0.16951	0.10221	0.04411	0.10488	0.00611	0.00388	0.00128	0.00319	0.03980	0.00366	0.00513
2	0.08892	0.00559	0.06138	0.00547	0.00697	0.00460	0.00453	0.00825	0.00998	0.04494	0.45270	0.11494	0.16053	0.00815	0.00447	0.00131	0.00240	0.00701	0.00388	0.00397
3	0.00705	0.00627	0.08409	0.00605	0.00769	0.00508	0.00507	0.00910	0.05735	0.07480	0.09919	0.06493	0.18084	0.14783	0.17826	0.00275	0.00470	0.00581	0.00312	0.05003
4	0.00938	0.05366	0.08739	0.00838	0.05538	0.08545	0.03277	0.03603	0.00905	0.03265	0.00832	0.06560	0.00728	0.00398	0.00340	0.00087	0.00394	0.00327	0.00242	0.49076
5	0.04090	0.07699	0.10219	0.00859	0.05636	0.04194	0.04447	0.07611	0.05703	0.10280	0.06662	0.08469	0.12265	0.05227	0.00525	0.00141	0.03212	0.00509	0.00311	0.01941

[dist]
# distance from previous block
# <min> <max>
0	62

[block]
# block no. 8 follows, 67 sequences, length 23
# corresponding to MSA columns:
# 237-259
name=unknown_I
#
# <colnr> <probs for GDERKNQSTAVLIFYWHMCP>
#	G	D	E	R	K	N	Q	S	T	A	V	L	I	F	Y	W	H	M	C	P
0	0.01089	0.00793	0.05498	0.08060	0.06858	0.00769	0.03485	0.08454	0.06978	0.22043	0.10042	0.01568	0.05989	0.02496	0.05514	0.00167	0.07994	0.00453	0.01212	0.00540
1	0.00497	0.00403	0.00436	0.00435	0.00552	0.00348	0.00321	0.00611	0.00939	0.01175	0.19683	0.07951	0.60294	0.03920	0.00530	0.00144	0.00208	0.00829	0.00382	0.00343
2	0.00530	0.00408	0.00453	0.00448	0.00566	0.00356	0.00333	0.00650	0.00944	0.02790	0.20834	0.08722	0.54609	0.02663	0.02128	0.00149	0.00225	0.00808	0.02032	0.00352
3	0.00483	0.00401	0.00423	0.00429	0.00550	0.00341	0.00317	0.00589	0.00919	0.01122	0.10496	0.11365	0.69142	0.01022	0.00477	0.00137	0.00205	0.00864	0.00378	0.00341
4	0.00647	0.00505	0.00600	0.00615	0.04778	0.02601	0.00431	0.03869	0.01055	0.03012	0.43159	0.07099	0.24345	0.03428	0.00513	0.00138	0.00245	0.02172	0.00394	0.00394
5	0.43050	0.12195	0.00998	0.00684	0.00965	0.02884	0.00578	0.25847	0.01099	0.05332	0.00743	0.00796	0.00559	0.00410	0.00306	0.00117	0.00373	0.00273	0.02261	0.00530
6	0.02649	0.04112	0.17473	0.02135	0.04646	0.12140	0.18164	0.06265	0.17254	0.01369	0.02925	0.02586	0.00810	0.00474	0.00461	0.02406	0.02935	0.00391	0.00256	0.00548
7	0.00952	0.00935	0.01464	0.24036	0.55582	0.05874	0.01155	0.01189	0.00902	0.01222	0.02454	0.01039	0.00667	0.00382	0.00398	0.00122	0.00500	0.00359	0.00199	0.00570
8	0.00743	0.00561	0.00751	0.00792	0.07012	0.01838	0.01594	0.07137	0.03177	0.04577	0.03507	0.25748	0.02778	0.08856	0.26497	0.00320	0.02754	0.00646	0.00300	0.00413
9	0.01504	0.01739	0.01151	0.01009	0.01241	0.66127	0.00772	0.19204	0.01300	0.01320	0.00695	0.00776	0.00553	0.00428	0.00370	0.00107	0.00662	0.00281	0.00249	0.00512
10	0.00906	0.11927	0.01158	0.00859	0.06267	0.03468	0.06415	0.04833	0.02736	0.02583	0.06079	0.08437	0.00994	0.00515	0.01749	0.00108	0.05375	0.00392	0.00259	0.34939
11	0.15209	0.09494	0.10178	0.00906	0.05486	0.11939	0.00763	0.19615	0.01150	0.17701	0.00933	0.03331	0.00700	0.00449	0.00359	0.00118	0.00449	0.00334	0.00311	0.00576
12	0.01467	0.08272	0.01212	0.01004	0.01224	0.75507	0.00768	0.04013	0.01135	0.01026	0.00626	0.00724	0.00521	0.00410	0.00355	0.00103	0.00692	0.00258	0.00210	0.00475
13	0.00581	0.00398	0.00483	0.00483	0.00499	0.00414	0.00300	0.00613	0.00597	0.00812	0.01222	0.02392	0.01357	0.67528	0.20281	0.00446	0.00541	0.00549	0.00237	0.00269
14	0.00641	0.00384	0.00569	0.00569	0.00599	0.00413	0.00407	0.00605	0.00576	0.00797	0.00877	0.01426	0.00856	0.05659	0.35794	0.48340	0.00650	0.00392	0.00194	0.00253
15	0.01306	0.01399	0.01056	0.00934	0.01163	0.40945	0.00719	0.12297	0.33073	0.01455	0.01060	0.01056	0.00814	0.00473	0.00385	0.00118	0.00528	0.00348	0.00311	0.00560
16	0.85424	0.00789	0.00613	0.00542	0.00793	0.00913	0.00447	0.04253	0.00728	0.01827	0.00574	0.00663	0.00444	0.00376	0.00254	0.00124	0.00315	0.00223	0.00254	0.00444
17	0.00962	0.03480	0.02665	0.15977	0.13379	0.03539	0.13465	0.12201	0.00970	0.03049	0.00926	0.02554	0.02514	0.02709	0.08338	0.00187	0.10477	0.01858	0.00238	0.00511
18	0.00697	0.00348	0.00522	0.00522	0.00522	0.00348	0.00348	0.00522	0.00522	0.00697	0.00697	0.01219	0.00697	0.01393	0.01567	0.88332	0.00348	0.00348	0.00174	0.00174
19	0.00930	0.00872	0.02991	0.21942	0.32688	0.02625	0.09806	0.04347	0.00938	0.04104	0.06430	0.02932	0.00887	0.00486	0.01942	0.00136	0.02492	0.00411	0.02504	0.00538
20	0.01534	0.01108	0.01194	0.00916	0.01236	0.01221	0.00756	0.79323	0.01860	0.05307	0.00984	0.00977	0.00693	0.00482	0.00401	0.00120	0.00438	0.00363	0.00404	0.00682
21	0.00864	0.01016	0.18138	0.00995	0.09728	0.04220	0.04402	0.09256	0.02707	0.02970	0.16700	0.03841	0.04416	0.10331	0.02483	0.00170	0.05542	0.00484	0.01250	0.00488
22	0.00573	0.00430	0.00645	0.00645	0.00716	0.00501	0.00501	0.00716	0.00645	0.00931	0.01074	0.01576	0.01003	0.03008	0.84316	0.00645	0.01074	0.00430	0.00215	0.00358

[dist]
# distance from previous block
# <min> <max>
7	12

[block]
# block no. 9 follows, 67 sequences, length 23
# corresponding to MSA columns:
# 275-297
name=unknown_J
#
# <colnr> <probs for GDERKNQSTAVLIFYWHMCP>
#	G	D	E	R	K	N	Q	S	T	A	V	L	I	F	Y	W	H	M	C	P
0	0.03187	0.06949	0.18369	0.04190	0.09290	0.05830	0.05960	0.11850	0.11380	0.02737	0.07016	0.01153	0.00908	0.01764	0.00493	0.00131	0.07593	0.00377	0.00266	0.00556
1	0.00544	0.00414	0.00460	0.00447	0.00570	0.00359	0.00333	0.00668	0.00968	0.03758	0.25538	0.05091	0.54630	0.03801	0.00525	0.00142	0.00210	0.00796	0.00391	0.00357
2	0.04592	0.19919	0.03139	0.04719	0.18336	0.09374	0.00845	0.21760	0.03577	0.05277	0.00806	0.00921	0.00637	0.01661	0.00407	0.00118	0.02751	0.00318	0.00265	0.00578
3	0.00576	0.00449	0.00529	0.00531	0.00635	0.00431	0.00389	0.00828	0.11139	0.01325	0.30842	0.24468	0.24453	0.00951	0.00475	0.00139	0.00220	0.00831	0.00401	0.00386
4	0.01040	0.44277	0.01902	0.04350	0.12836	0.04873	0.15368	0.04205	0.00907	0.01135	0.02607	0.00875	0.00640	0.00409	0.01548	0.00114	0.01872	0.00311	0.00198	0.00531
5	0.00641	0.00450	0.00540	0.00503	0.00632	0.00411	0.00382	0.00849	0.05244	0.06900	0.48153	0.03088	0.29006	0.00847	0.00465	0.00129	0.00210	0.00729	0.00421	0.00399
6	0.00877	0.00877	0.01228	0.01053	0.01053	0.01228	0.00877	0.00965	0.00614	0.00965	0.00526	0.00877	0.00526	0.00702	0.01316	0.00175	0.85172	0.00351	0.00175	0.00439
7	0.00573	0.00429	0.00639	0.00639	0.00708	0.00498	0.00494	0.00712	0.00643	0.00927	0.01080	0.01606	0.01016	0.05415	0.81928	0.00637	0.01054	0.00434	0.00216	0.00355
8	0.00576	0.00417	0.00578	0.00578	0.00626	0.00465	0.00418	0.00673	0.00625	0.00882	0.01135	0.01914	0.01150	0.29748	0.57777	0.00562	0.00853	0.00479	0.00224	0.00321
9	0.00804	0.02074	0.83828	0.01143	0.01736	0.00931	0.01482	0.01270	0.00847	0.01270	0.00720	0.00847	0.00508	0.00381	0.00381	0.00127	0.00593	0.00296	0.00169	0.00593
10	0.03479	0.73404	0.12137	0.00738	0.01109	0.01487	0.00777	0.01209	0.00815	0.01008	0.00578	0.00669	0.00512	0.00349	0.00272	0.00092	0.00446	0.00225	0.00173	0.00522
11	0.88738	0.00776	0.00589	0.00527	0.00776	0.00900	0.00434	0.01179	0.00683	0.01799	0.00558	0.00651	0.00434	0.00372	0.00248	0.00124	0.00310	0.00217	0.00248	0.00434
12	0.01485	0.04604	0.01167	0.01022	0.01233	0.81652	0.00772	0.01589	0.01126	0.00980	0.00618	0.00721	0.00517	0.00411	0.00358	0.00103	0.00714	0.00257	0.00206	0.00467
13	0.00568	0.00409	0.00532	0.00502	0.00593	0.00379	0.00373	0.00750	0.01114	0.01576	0.80034	0.02981	0.03694	0.04100	0.00533	0.00136	0.00197	0.00720	0.00434	0.00373
14	0.02314	0.00853	0.01128	0.38759	0.05958	0.05728	0.03064	0.16380	0.05677	0.04390	0.05822	0.01337	0.05901	0.00486	0.00407	0.00128	0.00466	0.00411	0.00276	0.00512
15	0.00541	0.00374	0.00463	0.00514	0.00530	0.00362	0.00329	0.00586	0.00693	0.00922	0.01773	0.43061	0.02087	0.39877	0.01212	0.00267	0.00312	0.05493	0.00313	0.00291
16	0.01116	0.02432	0.04217	0.02932	0.28405	0.25477	0.14706	0.04135	0.04551	0.01237	0.00863	0.03948	0.01948	0.00431	0.00418	0.00121	0.01910	0.00383	0.00224	0.00546
17	0.02720	0.00835	0.00924	0.00765	0.00984	0.00914	0.00600	0.37788	0.15564	0.08055	0.01202	0.02695	0.00992	0.16006	0.07933	0.00217	0.00452	0.00435	0.00362	0.00558
18	0.16697	0.11277	0.11410	0.00947	0.07731	0.10655	0.02678	0.08252	0.05304	0.03427	0.06770	0.02484	0.01798	0.01557	0.00437	0.00125	0.05915	0.00353	0.01668	0.00514
19	0.00998	0.07032	0.22951	0.01710	0.40833	0.03792	0.02512	0.04873	0.02816	0.03468	0.00797	0.02364	0.00645	0.00403	0.00414	0.00122	0.03109	0.00347	0.00213	0.00601
20	0.01077	0.15601	0.17798	0.02465	0.18983	0.03332	0.02005	0.12904	0.03241	0.07315	0.03076	0.02363	0.00766	0.02439	0.00426	0.00122	0.01871	0.00350	0.00256	0.03610
21	0.01881	0.00593	0.05459	0.00653	0.05182	0.01678	0.00485	0.01983	0.05430	0.01294	0.25340	0.13080	0.26595	0.06412	0.00559	0.00149	0.00273	0.00717	0.00358	0.01878
22	0.05131	0.12225	0.24201	0.01073	0.08872	0.17354	0.02625	0.08050	0.03468	0.01312	0.03600	0.01044	0.04416	0.00444	0.00395	0.00117	0.03071	0.00334	0.00230	0.02037

[dist]
# distance from previous block
# <min> <max>
4	21

[block]
# block no. 10 follows, 67 sequences, length 9
# corresponding to MSA columns:
# 319-327
name=unknown_K
#
# <colnr> <probs for GDERKNQSTAVLIFYWHMCP>
#	G	D	E	R	K	N	Q	S	T	A	V	L	I	F	Y	W	H	M	C	P
0	0.04247	0.28532	0.06628	0.02909	0.03166	0.12006	0.04750	0.17384	0.01115	0.08889	0.04153	0.00954	0.00741	0.00480	0.02298	0.00121	0.00489	0.00317	0.00268	0.00552
1	0.00688	0.00475	0.00568	0.00511	0.00672	0.00404	0.00388	0.00830	0.00978	0.09381	0.27530	0.11312	0.29917	0.00821	0.00444	0.00123	0.00230	0.00704	0.00386	0.13639
2	0.00618	0.03947	0.00603	0.00512	0.00640	0.00468	0.00394	0.05655	0.01096	0.01476	0.50765	0.05620	0.25026	0.00847	0.00461	0.00128	0.00219	0.00728	0.00407	0.00390
3	0.01175	0.17066	0.04033	0.01089	0.13357	0.25541	0.02778	0.09927	0.03413	0.04069	0.06066	0.02436	0.03014	0.00460	0.00367	0.00110	0.00496	0.00356	0.03722	0.00526
4	0.01075	0.04944	0.00945	0.00821	0.06121	0.00830	0.00600	0.16196	0.20590	0.12729	0.10396	0.03690	0.01350	0.12081	0.02034	0.00170	0.02229	0.00472	0.02185	0.00541
5	0.00486	0.00401	0.00426	0.00431	0.00552	0.00342	0.00319	0.00594	0.00925	0.01136	0.12590	0.11238	0.67145	0.01016	0.00477	0.00137	0.00204	0.00860	0.00380	0.00342
6	0.01241	0.02841	0.03568	0.08742	0.27646	0.23286	0.03256	0.14681	0.01130	0.06820	0.00796	0.00936	0.00617	0.00413	0.00408	0.00118	0.02344	0.00333	0.00250	0.00574
7	0.02491	0.09269	0.15174	0.03557	0.21328	0.07572	0.07415	0.09467	0.04020	0.06571	0.00872	0.01104	0.00709	0.08115	0.00532	0.00143	0.00500	0.00360	0.00244	0.00560
8	0.00768	0.00564	0.03145	0.00631	0.00771	0.00510	0.05365	0.04021	0.04790	0.10394	0.12767	0.16351	0.14953	0.20181	0.02804	0.00206	0.00339	0.00684	0.00349	0.00406

[dist]
# distance from previous block
# <min> <max>
0	3

[block]
# block no. 11 follows, 67 sequences, length 41
# corresponding to MSA columns:
# 331-371
name=unknown_L
#
# <colnr> <probs for GDERKNQSTAVLIFYWHMCP>
#	G	D	E	R	K	N	Q	S	T	A	V	L	I	F	Y	W	H	M	C	P
0	0.00819	0.06805	0.79229	0.01117	0.01696	0.00968	0.01437	0.01266	0.00845	0.01252	0.00711	0.00835	0.00508	0.00379	0.00374	0.00125	0.00583	0.00292	0.00169	0.00588
1	0.01252	0.11350	0.01265	0.03653	0.09507	0.32458	0.02079	0.11501	0.14413	0.02772	0.01824	0.00972	0.00725	0.00440	0.00384	0.00113	0.01934	0.00326	0.02490	0.00543
2	0.01219	0.20126	0.15388	0.01110	0.11838	0.13940	0.04019	0.11369	0.01069	0.12722	0.00912	0.00974	0.02756	0.00418	0.00364	0.00113	0.00501	0.00324	0.00260	0.00576
3	0.00622	0.00440	0.00539	0.00545	0.02019	0.00443	0.00365	0.00744	0.04486	0.03306	0.08547	0.05792	0.13150	0.39419	0.16567	0.00343	0.00462	0.01586	0.00293	0.00331
4	0.00869	0.01630	0.52364	0.01176	0.01659	0.00926	0.16658	0.01375	0.11191	0.03061	0.01994	0.01129	0.00728	0.00425	0.00409	0.00131	0.00556	0.02916	0.00223	0.00580
5	0.00883	0.02711	0.04919	0.08119	0.16562	0.12345	0.04497	0.02981	0.05443	0.02970	0.05807	0.17338	0.09368	0.00671	0.00432	0.00132	0.00425	0.03631	0.00288	0.00478
6	0.02844	0.14525	0.17366	0.03106	0.19619	0.07646	0.08779	0.07247	0.00973	0.07849	0.00813	0.01985	0.00648	0.02502	0.00437	0.00125	0.02395	0.00343	0.00232	0.00567
7	0.00499	0.00374	0.00464	0.00520	0.00582	0.00339	0.00365	0.00594	0.00850	0.01108	0.11443	0.53135	0.23242	0.01143	0.00499	0.00153	0.00225	0.03748	0.00380	0.00336
8	0.02416	0.21013	0.01074	0.00693	0.00882	0.13445	0.03983	0.04310	0.00958	0.01169	0.12555	0.12474	0.14868	0.04685	0.00480	0.00134	0.00384	0.03759	0.00295	0.00424
9	0.03537	0.06949	0.18193	0.06651	0.16616	0.04083	0.00910	0.10878	0.03368	0.05993	0.06745	0.07539	0.02862	0.03400	0.00451	0.00133	0.00442	0.00435	0.00273	0.00541
10	0.04630	0.04582	0.06037	0.01351	0.19344	0.09590	0.12508	0.28251	0.03355	0.01682	0.00867	0.03516	0.00691	0.00435	0.00396	0.00121	0.00503	0.00375	0.00278	0.01487
11	0.00572	0.00391	0.00439	0.00437	0.00454	0.00384	0.00255	0.00590	0.00639	0.00843	0.05139	0.02758	0.09292	0.74131	0.01824	0.00353	0.00362	0.00614	0.00264	0.00258
12	0.03895	0.02400	0.01174	0.02749	0.01230	0.26319	0.11833	0.13694	0.12395	0.05751	0.05029	0.05361	0.00987	0.04812	0.00485	0.00135	0.00510	0.00421	0.00300	0.00520
13	0.07566	0.21065	0.15680	0.00986	0.06901	0.14231	0.04223	0.04788	0.02083	0.04273	0.02896	0.03304	0.00736	0.00624	0.06607	0.00154	0.02808	0.00332	0.00227	0.00517
14	0.00500	0.00357	0.00479	0.00572	0.00600	0.00336	0.00393	0.00579	0.00779	0.01037	0.02204	0.79623	0.02627	0.01245	0.00515	0.00164	0.00243	0.07045	0.00372	0.00329
15	0.04918	0.01843	0.01117	0.01010	0.01222	0.78471	0.00761	0.04061	0.01142	0.01061	0.00628	0.00728	0.00518	0.00414	0.00358	0.00105	0.00698	0.00260	0.00214	0.00470
16	0.00858	0.06554	0.56570	0.01258	0.01778	0.00995	0.22358	0.01265	0.00867	0.01250	0.00731	0.00897	0.00535	0.00373	0.00414	0.00128	0.02080	0.00339	0.00178	0.00572
17	0.05568	0.05344	0.03903	0.06067	0.37403	0.06036	0.10319	0.02412	0.10125	0.02242	0.00931	0.03170	0.02199	0.00427	0.00412	0.00124	0.02123	0.00388	0.00235	0.00570
18	0.03116	0.02468	0.07849	0.01252	0.09942	0.00898	0.27617	0.13111	0.02001	0.03984	0.06922	0.04238	0.03024	0.00727	0.08663	0.00180	0.02745	0.00461	0.00269	0.00533
19	0.00583	0.00389	0.00437	0.00437	0.00437	0.00389	0.00243	0.00583	0.00583	0.00778	0.01264	0.02624	0.01458	0.85906	0.02041	0.00389	0.00389	0.00583	0.00243	0.00243
20	0.01018	0.00934	0.01585	0.05180	0.77267	0.00936	0.01200	0.01254	0.00919	0.04709	0.00787	0.01011	0.00647	0.00365	0.00397	0.00120	0.00473	0.00359	0.00210	0.00631
21	0.05424	0.01338	0.01248	0.01070	0.04675	0.34859	0.10729	0.18498	0.04601	0.09766	0.01996	0.02367	0.00721	0.00447	0.00390	0.00117	0.00558	0.00352	0.00292	0.00551
22	0.00489	0.00349	0.00465	0.00558	0.00582	0.00326	0.00372	0.00558	0.00768	0.01024	0.02210	0.85644	0.02653	0.01256	0.00512	0.00163	0.00233	0.01140	0.00372	0.00326
23	0.00757	0.00713	0.01203	0.84942	0.02762	0.00891	0.01114	0.01025	0.00802	0.01025	0.00713	0.01069	0.00535	0.00401	0.00401	0.00134	0.00535	0.00356	0.00178	0.00446
24	0.00757	0.00713	0.01203	0.84942	0.02762	0.00891	0.01114	0.01025	0.00802	0.01025	0.00713	0.01069	0.00535	0.00401	0.00401	0.00134	0.00535	0.00356	0.00178	0.00446
25	0.00744	0.00726	0.01352	0.29965	0.05525	0.00759	0.25546	0.00973	0.00846	0.01125	0.02357	0.25819	0.01227	0.00636	0.00456	0.00142	0.00482	0.00626	0.00247	0.00447
26	0.00497	0.00355	0.00475	0.00568	0.00595	0.00333	0.00387	0.00573	0.00776	0.01034	0.02206	0.81167	0.02634	0.01248	0.00514	0.00164	0.00240	0.05531	0.00372	0.00328
27	0.00832	0.00713	0.00832	0.00594	0.00950	0.00535	0.00475	0.01010	0.00832	0.01307	0.00713	0.00832	0.00594	0.00297	0.00297	0.00059	0.00297	0.00238	0.00238	0.88357
28	0.00537	0.00409	0.00494	0.00472	0.00580	0.00365	0.00354	0.00698	0.01063	0.01437	0.57350	0.03278	0.29733	0.00884	0.00473	0.00129	0.00194	0.00765	0.00419	0.00365
29	0.01097	0.01006	0.00957	0.00850	0.01082	0.10928	0.00661	0.08141	0.66838	0.01659	0.01461	0.01364	0.01099	0.00524	0.00402	0.00131	0.00375	0.00423	0.00384	0.00618
30	0.00779	0.00735	0.01243	0.77236	0.10296	0.00897	0.01125	0.01044	0.00812	0.01051	0.00717	0.01062	0.00544	0.00397	0.00401	0.00132	0.00529	0.00356	0.00180	0.00463
31	0.01575	0.01043	0.01154	0.00885	0.01204	0.01124	0.00731	0.67460	0.01751	0.17324	0.01076	0.01036	0.00739	0.00484	0.00402	0.00121	0.00423	0.00369	0.00419	0.00682
32	0.00981	0.00941	0.01607	0.06572	0.79385	0.00950	0.01225	0.01221	0.00908	0.01296	0.00752	0.00996	0.00630	0.00360	0.00397	0.00120	0.00479	0.00357	0.00198	0.00626
33	0.00509	0.00409	0.00456	0.00447	0.00568	0.00355	0.00338	0.00642	0.00988	0.01261	0.30384	0.03588	0.54745	0.00953	0.00476	0.00134	0.00203	0.02797	0.00395	0.00353
34	0.01302	0.01655	0.07185	0.04106	0.01503	0.52967	0.17719	0.05447	0.01095	0.01142	0.00686	0.00833	0.00544	0.00402	0.00403	0.00115	0.01871	0.00315	0.00211	0.00499
35	0.00697	0.00348	0.00522	0.00522	0.00522	0.00348	0.00348	0.00522	0.00522	0.00697	0.00697	0.01219	0.00697	0.01393	0.01567	0.88332	0.00348	0.00348	0.00174	0.00174
36	0.81446	0.04125	0.00663	0.00546	0.00797	0.00931	0.00453	0.01222	0.04291	0.01760	0.00606	0.00688	0.00472	0.00379	0.00256	0.00123	0.00315	0.00227	0.00252	0.00446
37	0.01097	0.04031	0.01545	0.11572	0.43213	0.08758	0.08053	0.14284	0.01077	0.01428	0.00769	0.00967	0.00614	0.00385	0.00397	0.00120	0.00516	0.00354	0.00229	0.00592
38	0.13332	0.00749	0.00919	0.00714	0.01018	0.00711	0.00590	0.11663	0.01176	0.62849	0.01370	0.01221	0.00880	0.00478	0.00382	0.00124	0.00349	0.00373	0.00452	0.00649
39	0.00486	0.00409	0.00425	0.00428	0.00559	0.00348	0.00325	0.00594	0.00913	0.01098	0.05916	0.03808	0.76040	0.01063	0.02535	0.00150	0.00231	0.03963	0.00370	0.00341
40	0.76400	0.00806	0.00657	0.02204	0.00857	0.02748	0.00477	0.04154	0.00768	0.07011	0.00643	0.00718	0.00483	0.00386	0.00269	0.00124	0.00330	0.00238	0.00267	0.00460

[dist]
# distance from previous block
# <min> <max>
0	3

[block]
# block no. 12 follows, 67 sequences, length 7
# corresponding to MSA columns:
# 375-381
name=unknown_M
#
# <colnr> <probs for GDERKNQSTAVLIFYWHMCP>
#	G	D	E	R	K	N	Q	S	T	A	V	L	I	F	Y	W	H	M	C	P
0	0.00487	0.00354	0.00460	0.00545	0.00578	0.00327	0.00366	0.00560	0.00781	0.01029	0.02374	0.78423	0.09768	0.01235	0.00509	0.00160	0.00230	0.01114	0.00372	0.00327
1	0.88738	0.00776	0.00589	0.00527	0.00776	0.00900	0.00434	0.01179	0.00683	0.01799	0.00558	0.00651	0.00434	0.00372	0.00248	0.00124	0.00310	0.00217	0.00248	0.00434
2	0.01066	0.00993	0.01666	0.09339	0.42683	0.01017	0.18472	0.17035	0.01101	0.01517	0.00804	0.01013	0.00630	0.00381	0.00415	0.00124	0.00518	0.00383	0.00237	0.00607
3	0.01122	0.60290	0.01757	0.00747	0.01041	0.15226	0.00680	0.05908	0.00927	0.01048	0.00725	0.07520	0.00697	0.00436	0.00304	0.00097	0.00463	0.00305	0.00207	0.00501
4	0.00996	0.00563	0.00687	0.00592	0.00783	0.00527	0.00465	0.04086	0.09527	0.26312	0.29003	0.02476	0.20872	0.00727	0.00443	0.00128	0.00260	0.00615	0.00437	0.00498
5	0.13721	0.00738	0.00802	0.00666	0.00898	0.05477	0.00533	0.09866	0.03640	0.32213	0.22366	0.01697	0.04539	0.00576	0.00399	0.00124	0.00325	0.00464	0.00413	0.00543
6	0.19043	0.01296	0.17421	0.01036	0.04494	0.16788	0.12203	0.07746	0.00970	0.01413	0.03798	0.01084	0.05444	0.00456	0.00425	0.00125	0.05156	0.00355	0.00239	0.00507

[dist]
# distance from previous block
# <min> <max>
0	6

# created by:
# /usr/local/bin/augustus/scripts/msa2prfl.pl /tmp/new_cug2/without_ca_b/capping-protein-class-1.fasta
