[name]
unknown

[dist]
# distance from previous block
# <min> <max>
0	12

[block]
# block no. 0 follows, 24 sequences, length 28
# corresponding to MSA columns:
# 12-39
name=unknown_A
#
# <colnr> <probs for GDERKNQSTAVLIFYWHMCP>
#	G	D	E	R	K	N	Q	S	T	A	V	L	I	F	Y	W	H	M	C	P
0	0.02046	0.01710	0.05254	0.01611	0.02075	0.04384	0.03768	0.20862	0.06736	0.06876	0.06197	0.10090	0.06418	0.01394	0.00879	0.00270	0.00772	0.13174	0.00717	0.04769
1	0.05349	0.10144	0.05917	0.01728	0.08281	0.01464	0.05593	0.04419	0.01859	0.07385	0.12796	0.06265	0.14251	0.01800	0.08947	0.00367	0.00873	0.01034	0.00599	0.00929
2	0.01719	0.01730	0.08523	0.01867	0.07698	0.01549	0.07085	0.12548	0.12478	0.02884	0.04995	0.03883	0.18082	0.06223	0.04870	0.00348	0.00846	0.01043	0.00625	0.01006
3	0.01626	0.01930	0.16424	0.01760	0.06422	0.04599	0.04973	0.05055	0.02006	0.07066	0.17903	0.09079	0.15210	0.01335	0.00864	0.00256	0.00752	0.01151	0.00639	0.00950
4	0.01584	0.01549	0.01824	0.01667	0.04839	0.09163	0.09005	0.02301	0.15034	0.02602	0.15029	0.07851	0.21482	0.01407	0.00881	0.00259	0.00709	0.01229	0.00678	0.00908
5	0.02397	0.05452	0.02416	0.05833	0.14611	0.09037	0.01616	0.23067	0.02483	0.08071	0.06322	0.02418	0.04659	0.01002	0.00942	0.00244	0.06913	0.00773	0.00610	0.01133
6	0.06176	0.17880	0.09053	0.07466	0.08130	0.07558	0.01630	0.14204	0.05821	0.07262	0.06047	0.02078	0.01675	0.00870	0.00714	0.00227	0.00888	0.00669	0.00549	0.01106
7	0.15909	0.05022	0.02120	0.01581	0.02150	0.02000	0.04345	0.33672	0.02679	0.07300	0.01912	0.05747	0.01511	0.00948	0.00721	0.00232	0.00771	0.00736	0.04367	0.06275
8	0.01837	0.01707	0.06104	0.19605	0.12762	0.01692	0.09168	0.06692	0.10925	0.06350	0.05774	0.06022	0.02034	0.04651	0.00996	0.00286	0.00901	0.00900	0.00548	0.01046
9	0.06420	0.07077	0.05452	0.01720	0.02273	0.13944	0.01451	0.29060	0.07387	0.03495	0.02048	0.02120	0.05029	0.00962	0.00832	0.00232	0.04363	0.00693	0.00617	0.04824
10	0.10963	0.09486	0.10170	0.02173	0.14399	0.01909	0.01621	0.12085	0.10047	0.09140	0.02113	0.08789	0.01772	0.00996	0.00745	0.00246	0.00799	0.00815	0.00593	0.01137
11	0.02249	0.13650	0.31018	0.02040	0.02818	0.30566	0.02113	0.02771	0.01909	0.02177	0.01294	0.01513	0.01014	0.00770	0.00702	0.00220	0.01236	0.00531	0.00367	0.01043
12	0.09915	0.01527	0.01779	0.01468	0.01960	0.01583	0.01194	0.21545	0.04787	0.21880	0.02469	0.06049	0.01945	0.01737	0.09952	0.00387	0.00911	0.03824	0.00749	0.04337
13	0.01611	0.01374	0.01609	0.01171	0.01843	0.01037	0.00930	0.01953	0.01638	0.02556	0.01556	0.05096	0.01375	0.00681	0.00608	0.00128	0.00581	0.00558	0.00483	0.73214
14	0.01037	0.00747	0.00912	0.00980	0.01068	0.00698	0.00651	0.01186	0.01580	0.02099	0.14548	0.34102	0.13733	0.20865	0.01796	0.00422	0.00520	0.01744	0.00690	0.00621
15	0.02215	0.01756	0.01834	0.01518	0.02030	0.06145	0.01195	0.19097	0.17975	0.07686	0.02475	0.11213	0.02099	0.01092	0.00773	0.00227	0.00718	0.00896	0.00703	0.18352
16	0.01918	0.05308	0.19667	0.05916	0.13668	0.01753	0.14797	0.02599	0.05431	0.09190	0.02103	0.02330	0.04959	0.00828	0.00794	0.00241	0.00984	0.00769	0.00484	0.06262
17	0.06108	0.15123	0.33339	0.05337	0.02872	0.02095	0.02094	0.08307	0.09104	0.02756	0.01597	0.01771	0.01201	0.00789	0.00701	0.00232	0.00963	0.00597	0.00447	0.04569
18	0.01720	0.01841	0.07746	0.09951	0.31776	0.01735	0.11259	0.02176	0.01643	0.02316	0.01625	0.02418	0.01432	0.09532	0.05165	0.00373	0.05063	0.00792	0.00395	0.01040
19	0.00984	0.00724	0.00902	0.01024	0.01116	0.00664	0.00693	0.01137	0.01586	0.02076	0.08479	0.51030	0.16636	0.07535	0.01219	0.00341	0.00467	0.02018	0.00725	0.00643
20	0.01876	0.01298	0.01500	0.01294	0.01651	0.01349	0.01021	0.12537	0.11404	0.11488	0.13277	0.04469	0.22126	0.01503	0.01092	0.03990	0.05259	0.01140	0.00763	0.00964
21	0.06346	0.08918	0.11947	0.05557	0.13251	0.06677	0.01754	0.15526	0.10153	0.03025	0.01897	0.06616	0.01586	0.00980	0.00796	0.01652	0.00897	0.00763	0.00542	0.01119
22	0.01055	0.00806	0.00948	0.01022	0.01161	0.00760	0.00707	0.01351	0.05944	0.02159	0.08674	0.37998	0.22431	0.09624	0.01295	0.00347	0.00483	0.01834	0.00722	0.00681
23	0.00968	0.00792	0.00854	0.00864	0.01097	0.00679	0.00639	0.01188	0.01843	0.02286	0.16472	0.14159	0.51404	0.02001	0.00945	0.00271	0.00404	0.01699	0.00757	0.00679
24	0.02011	0.21640	0.21751	0.05708	0.07583	0.08362	0.13593	0.06030	0.01867	0.02415	0.01384	0.01685	0.01086	0.00733	0.00725	0.00227	0.01101	0.00622	0.00386	0.01090
25	0.01958	0.18666	0.30530	0.02157	0.05408	0.07147	0.08413	0.08335	0.01915	0.02543	0.01547	0.05047	0.01277	0.00834	0.00732	0.00233	0.01064	0.00678	0.00413	0.01103
26	0.02502	0.06102	0.07109	0.01845	0.05914	0.11846	0.04278	0.13710	0.02249	0.16980	0.02290	0.02367	0.04646	0.00950	0.00836	0.00233	0.04307	0.00734	0.10001	0.01102
27	0.01612	0.01095	0.01498	0.01530	0.06361	0.01170	0.01068	0.01985	0.05855	0.11151	0.07244	0.08236	0.06296	0.13084	0.22039	0.00648	0.06630	0.01049	0.00596	0.00849

[dist]
# distance from previous block
# <min> <max>
1	18

[block]
# block no. 1 follows, 24 sequences, length 32
# corresponding to MSA columns:
# 58-89
name=unknown_B
#
# <colnr> <probs for GDERKNQSTAVLIFYWHMCP>
#	G	D	E	R	K	N	Q	S	T	A	V	L	I	F	Y	W	H	M	C	P
0	0.07424	0.15668	0.02796	0.02304	0.13860	0.17339	0.04940	0.07470	0.01987	0.08422	0.01485	0.01707	0.01182	0.00808	0.00814	0.00220	0.05499	0.00598	0.00479	0.05000
1	0.02071	0.02386	0.17961	0.02332	0.09642	0.06793	0.11740	0.05917	0.07816	0.10481	0.02110	0.08451	0.01729	0.00955	0.00808	0.00246	0.00963	0.00855	0.00548	0.06197
2	0.01133	0.00798	0.00987	0.01076	0.01179	0.00778	0.00738	0.04454	0.01611	0.02185	0.04085	0.47614	0.09171	0.10162	0.04813	0.00403	0.00591	0.01835	0.05711	0.00674
3	0.05462	0.01007	0.01078	0.00992	0.01306	0.00949	0.00765	0.05450	0.05318	0.06192	0.18613	0.06087	0.40489	0.01693	0.00890	0.00260	0.00463	0.01412	0.00771	0.00804
4	0.02065	0.02474	0.22947	0.07111	0.18525	0.01842	0.04522	0.06145	0.09395	0.11045	0.01884	0.02087	0.01385	0.00848	0.00870	0.00254	0.04177	0.00711	0.00516	0.01198
5	0.06008	0.06414	0.05638	0.02144	0.15024	0.04618	0.01467	0.14429	0.02020	0.02835	0.02189	0.15717	0.02132	0.04336	0.05143	0.00335	0.03510	0.00990	0.04055	0.00995
6	0.01273	0.00850	0.00989	0.00955	0.01213	0.00737	0.00715	0.01512	0.01906	0.09702	0.18913	0.16049	0.38504	0.01883	0.00932	0.00269	0.00435	0.01611	0.00792	0.00758
7	0.05172	0.00915	0.01119	0.01172	0.01346	0.00909	0.00837	0.01782	0.09256	0.07235	0.10823	0.47630	0.04692	0.02023	0.00937	0.00298	0.00494	0.01804	0.00765	0.00791
8	0.02061	0.08524	0.32505	0.02273	0.09386	0.09874	0.02194	0.02862	0.08983	0.08457	0.01726	0.01884	0.01282	0.00833	0.00818	0.00243	0.03846	0.00635	0.00463	0.01152
9	0.02005	0.06269	0.09593	0.07427	0.23580	0.01800	0.12045	0.07019	0.01966	0.07775	0.05261	0.02278	0.01657	0.00816	0.00781	0.00238	0.00928	0.00764	0.06677	0.01122
10	0.00964	0.00697	0.00913	0.01086	0.01145	0.00646	0.00728	0.01106	0.01536	0.02031	0.04594	0.67709	0.09005	0.02455	0.01008	0.00319	0.00457	0.02219	0.00736	0.00646
11	0.02425	0.06181	0.15066	0.02720	0.17928	0.14414	0.08284	0.06861	0.02066	0.13918	0.01733	0.01916	0.01277	0.00795	0.00770	0.00234	0.01061	0.00673	0.00511	0.01169
12	0.02044	0.07607	0.13940	0.08145	0.28234	0.01853	0.05899	0.05851	0.01937	0.09578	0.05870	0.02214	0.01660	0.00818	0.00780	0.00239	0.00937	0.00735	0.00492	0.01166
13	0.01920	0.01756	0.07335	0.06580	0.16718	0.01780	0.01745	0.05169	0.04321	0.10102	0.02468	0.06199	0.08348	0.01192	0.01321	0.00280	0.20302	0.00893	0.00531	0.01041
14	0.03014	0.02221	0.02380	0.01825	0.02459	0.02459	0.01507	0.64541	0.03728	0.04998	0.01904	0.01904	0.01349	0.00952	0.00793	0.00238	0.00873	0.00714	0.00793	0.01349
15	0.02876	0.02167	0.02413	0.02049	0.07449	0.02388	0.01565	0.56459	0.06944	0.04720	0.01944	0.01966	0.01400	0.00940	0.00793	0.00239	0.00865	0.00723	0.00763	0.01336
16	0.07700	0.01469	0.02371	0.02892	0.27916	0.01444	0.08113	0.02214	0.01761	0.09412	0.02539	0.18823	0.02494	0.01269	0.00857	0.00271	0.00800	0.06053	0.00571	0.01030
17	0.01483	0.01357	0.01916	0.01715	0.01766	0.01809	0.01389	0.01684	0.01232	0.01860	0.01521	0.02451	0.01496	0.07590	0.26363	0.00705	0.41716	0.00779	0.00383	0.00786
18	0.01963	0.01884	0.03219	0.04867	0.67185	0.01884	0.02434	0.02434	0.01806	0.02591	0.01492	0.01963	0.01256	0.00707	0.00785	0.00236	0.00942	0.00707	0.00393	0.01256
19	0.01147	0.00791	0.00979	0.00979	0.01019	0.00831	0.00623	0.01227	0.01187	0.01622	0.02394	0.04610	0.02632	0.53660	0.22164	0.00910	0.01147	0.01068	0.00465	0.00544
20	0.00983	0.00775	0.00866	0.00902	0.01086	0.00681	0.00641	0.01173	0.01737	0.02187	0.13639	0.22366	0.40085	0.07779	0.01207	0.00319	0.00442	0.01740	0.00732	0.00657
21	0.01267	0.00847	0.01079	0.01000	0.01228	0.00767	0.00757	0.01613	0.02187	0.07553	0.54281	0.05932	0.15220	0.01629	0.00926	0.00252	0.00399	0.01422	0.00862	0.00779
22	0.02318	0.02293	0.07291	0.02347	0.02986	0.05642	0.21862	0.24733	0.10700	0.03430	0.01844	0.02063	0.01377	0.00890	0.00974	0.00259	0.06444	0.00789	0.00584	0.01176
23	0.02013	0.01167	0.01478	0.01261	0.01615	0.01144	0.00995	0.12063	0.02365	0.19027	0.32452	0.06067	0.04526	0.01835	0.07980	0.00356	0.00711	0.01127	0.00836	0.00983
24	0.01972	0.01703	0.01793	0.01614	0.02062	0.01972	0.01255	0.04214	0.65752	0.03317	0.03228	0.02959	0.02421	0.01076	0.00807	0.00269	0.00628	0.00897	0.00807	0.01255
25	0.05400	0.01902	0.06584	0.04967	0.12337	0.01898	0.04757	0.15024	0.23831	0.05620	0.02423	0.07675	0.01959	0.01033	0.00805	0.00259	0.00800	0.00887	0.00658	0.01182
26	0.00988	0.00747	0.00913	0.00994	0.01134	0.00672	0.00699	0.01191	0.01746	0.02286	0.17707	0.39793	0.23907	0.02174	0.00975	0.00292	0.00426	0.01922	0.00763	0.00672
27	0.06067	0.14583	0.11833	0.06656	0.08555	0.12104	0.06825	0.06618	0.04514	0.06063	0.05068	0.01996	0.01528	0.00849	0.00796	0.00233	0.03504	0.00668	0.00480	0.01062
28	0.07294	0.01564	0.01618	0.01358	0.01798	0.06852	0.01069	0.16966	0.02354	0.16936	0.09647	0.09731	0.10941	0.03277	0.00902	0.00259	0.00691	0.01037	0.00752	0.04951
29	0.05667	0.09263	0.14991	0.02015	0.07710	0.08985	0.04207	0.10154	0.10313	0.07197	0.04785	0.02088	0.01629	0.00852	0.00733	0.00227	0.00909	0.00678	0.00551	0.07044
30	0.12317	0.22192	0.19073	0.01624	0.02306	0.05624	0.01646	0.10883	0.04321	0.02763	0.01726	0.08986	0.01539	0.00956	0.00682	0.00232	0.00882	0.00721	0.00484	0.01044
31	0.06601	0.11224	0.11093	0.01523	0.02032	0.01739	0.01392	0.08916	0.07443	0.10576	0.05662	0.14988	0.02399	0.01225	0.00912	0.00254	0.06140	0.00976	0.00620	0.04284

[dist]
# distance from previous block
# <min> <max>
3	8

[block]
# block no. 2 follows, 24 sequences, length 21
# corresponding to MSA columns:
# 99-119
name=unknown_C
#
# <colnr> <probs for GDERKNQSTAVLIFYWHMCP>
#	G	D	E	R	K	N	Q	S	T	A	V	L	I	F	Y	W	H	M	C	P
0	0.00994	0.00780	0.00885	0.00910	0.01101	0.00686	0.00655	0.01208	0.01807	0.02308	0.19515	0.20432	0.38113	0.05626	0.01111	0.00301	0.00427	0.01716	0.00752	0.00671
1	0.05341	0.10008	0.02815	0.04616	0.18928	0.01972	0.10114	0.14688	0.05398	0.05936	0.04418	0.05124	0.01758	0.00903	0.00769	0.00238	0.00863	0.00804	0.04180	0.01127
2	0.02666	0.02449	0.02174	0.01814	0.02282	0.20404	0.01444	0.30999	0.11021	0.03566	0.01859	0.01960	0.01413	0.00966	0.00911	0.00239	0.06830	0.00682	0.05178	0.01143
3	0.02141	0.29561	0.03113	0.01843	0.05267	0.02508	0.05206	0.14671	0.09464	0.02727	0.01619	0.01860	0.01338	0.01230	0.05646	0.00301	0.09282	0.00642	0.00496	0.01085
4	0.01352	0.00962	0.01061	0.01000	0.01222	0.00935	0.00708	0.01810	0.11137	0.06544	0.10091	0.05656	0.26737	0.25099	0.01939	0.00432	0.00573	0.01307	0.00689	0.00745
5	0.56417	0.01492	0.01311	0.01133	0.01611	0.01665	0.00926	0.07588	0.01730	0.08900	0.09008	0.01997	0.01764	0.00878	0.00593	0.00245	0.00612	0.00601	0.00601	0.00927
6	0.13974	0.01532	0.01801	0.01437	0.02011	0.01525	0.01175	0.10978	0.11441	0.41673	0.02703	0.02437	0.01796	0.00956	0.00754	0.00248	0.00683	0.00749	0.00863	0.01265
7	0.02074	0.01435	0.01670	0.01436	0.01798	0.01529	0.01119	0.28911	0.02537	0.07713	0.08234	0.18156	0.02962	0.06184	0.10028	0.00426	0.00883	0.01168	0.00733	0.01005
8	0.01377	0.00689	0.01033	0.01033	0.01033	0.00689	0.00689	0.01033	0.01033	0.01377	0.01377	0.02410	0.01377	0.02755	0.03099	0.76928	0.00689	0.00689	0.00344	0.00344
9	0.02323	0.27821	0.12950	0.02001	0.02668	0.27279	0.09750	0.02711	0.01891	0.02076	0.01260	0.01502	0.01041	0.00740	0.00677	0.00207	0.01175	0.00546	0.00372	0.01011
10	0.07405	0.10444	0.06235	0.01737	0.05660	0.02027	0.01427	0.22351	0.11364	0.09366	0.01926	0.01958	0.01431	0.00844	0.00707	0.00217	0.00778	0.00648	0.00640	0.12834
11	0.02066	0.02501	0.12811	0.03562	0.37971	0.12572	0.02201	0.02812	0.10809	0.02577	0.01682	0.01973	0.01343	0.00783	0.00772	0.00238	0.01011	0.00683	0.00444	0.01189
12	0.01927	0.01797	0.02964	0.19920	0.48272	0.01896	0.02315	0.06654	0.01888	0.02626	0.01501	0.01994	0.01216	0.00744	0.00787	0.00242	0.00964	0.00707	0.00411	0.01175
13	0.02120	0.72609	0.04155	0.01357	0.02035	0.03138	0.01357	0.02374	0.01611	0.01866	0.01102	0.01272	0.01018	0.00678	0.00509	0.00170	0.00848	0.00424	0.00339	0.01018
14	0.77733	0.01534	0.01166	0.01043	0.01534	0.01779	0.00859	0.02331	0.01350	0.03558	0.01104	0.01288	0.00859	0.00736	0.00491	0.00245	0.00613	0.00429	0.00491	0.00859
15	0.01527	0.00910	0.01121	0.01075	0.01313	0.00896	0.00817	0.01898	0.05095	0.11231	0.07520	0.12178	0.13655	0.05708	0.14415	0.00478	0.00815	0.02756	0.15781	0.00809
16	0.01155	0.00835	0.01051	0.01043	0.01114	0.00869	0.00712	0.01266	0.01427	0.01940	0.12443	0.13469	0.09119	0.31103	0.09508	0.05081	0.05403	0.01292	0.00571	0.00598
17	0.02578	0.02465	0.02158	0.01837	0.02304	0.21193	0.01450	0.23510	0.22915	0.03378	0.02073	0.02094	0.01576	0.00983	0.00901	0.00246	0.05803	0.00713	0.00657	0.01163
18	0.01176	0.00887	0.01190	0.01178	0.01303	0.00978	0.00889	0.01423	0.01530	0.02188	0.12850	0.15966	0.08679	0.06819	0.25305	0.00657	0.08064	0.01245	0.06966	0.00707
19	0.05795	0.01852	0.06148	0.08021	0.34599	0.01739	0.15197	0.02275	0.01795	0.02580	0.05099	0.02623	0.07005	0.00860	0.00820	0.00249	0.00955	0.00850	0.00446	0.01094
20	0.01035	0.00755	0.00965	0.01027	0.01157	0.00705	0.00730	0.01226	0.01702	0.02270	0.19554	0.33178	0.17983	0.02482	0.06678	0.04863	0.00578	0.01733	0.00720	0.00662

[dist]
# distance from previous block
# <min> <max>
2	267

[block]
# block no. 3 follows, 24 sequences, length 13
# corresponding to MSA columns:
# 387-399
name=unknown_D
#
# <colnr> <probs for GDERKNQSTAVLIFYWHMCP>
#	G	D	E	R	K	N	Q	S	T	A	V	L	I	F	Y	W	H	M	C	P
0	0.17102	0.02009	0.04726	0.02103	0.14608	0.15061	0.01406	0.02589	0.06544	0.08974	0.02285	0.07869	0.05198	0.05094	0.00927	0.00274	0.00858	0.00830	0.00552	0.00991
1	0.01964	0.10377	0.10523	0.10077	0.14779	0.09254	0.01766	0.05697	0.06963	0.05345	0.06041	0.02845	0.06646	0.00995	0.00777	0.00241	0.00905	0.03230	0.00522	0.01052
2	0.01768	0.05728	0.05056	0.06761	0.02008	0.05999	0.01183	0.08435	0.15407	0.02863	0.05783	0.07123	0.09733	0.01163	0.00755	0.00238	0.00676	0.00950	0.17414	0.00955
3	0.01222	0.00970	0.01276	0.01266	0.01428	0.01078	0.00960	0.01709	0.09369	0.02238	0.10256	0.19194	0.08148	0.03490	0.28204	0.00685	0.05835	0.01289	0.00610	0.00773
4	0.01002	0.00722	0.00939	0.01085	0.01160	0.00675	0.00745	0.01166	0.01583	0.02103	0.08674	0.56035	0.09153	0.06109	0.01169	0.00340	0.00482	0.05476	0.00731	0.00649
5	0.01057	0.00805	0.00974	0.00957	0.01163	0.00722	0.00720	0.01358	0.02037	0.02728	0.40635	0.10393	0.27401	0.01826	0.00947	0.00265	0.00403	0.04080	0.00813	0.00715
6	0.02318	0.01875	0.01988	0.01684	0.02194	0.02134	0.01339	0.24223	0.45181	0.03875	0.02789	0.02609	0.02065	0.01035	0.00802	0.00259	0.00709	0.00836	0.00802	0.01286
7	0.01024	0.00798	0.00930	0.00916	0.01129	0.00703	0.00680	0.01299	0.01984	0.02606	0.34525	0.11927	0.34899	0.01870	0.00942	0.00264	0.00394	0.01610	0.00799	0.00703
8	0.01433	0.00904	0.01231	0.01199	0.01391	0.00935	0.00899	0.01751	0.04045	0.10312	0.08888	0.16344	0.05481	0.09205	0.31359	0.00760	0.01246	0.01212	0.00624	0.00782
9	0.01377	0.00689	0.01033	0.01033	0.01033	0.00689	0.00689	0.01033	0.01033	0.01377	0.01377	0.02410	0.01377	0.02755	0.03099	0.76928	0.00689	0.00689	0.00344	0.00344
10	0.00972	0.00763	0.00879	0.00938	0.01115	0.00671	0.00670	0.01173	0.01760	0.02236	0.14405	0.30530	0.36814	0.02130	0.00964	0.00285	0.00419	0.01852	0.00754	0.00671
11	0.02124	0.01494	0.01887	0.01600	0.01892	0.01730	0.01286	0.18973	0.02069	0.11970	0.02087	0.06137	0.01816	0.07526	0.16297	0.00535	0.18118	0.00864	0.00605	0.00991
12	0.01597	0.01314	0.01934	0.08651	0.23227	0.01308	0.01462	0.05542	0.01995	0.05441	0.16883	0.07723	0.17072	0.01309	0.00863	0.00253	0.00675	0.01155	0.00631	0.00964

[dist]
# distance from previous block
# <min> <max>
0	2

# created by:
# /usr/local/bin/augustus/scripts/msa2prfl.pl /tmp/new_cug2/without_ca_b/dynein-tctex.fasta
