[name]
unknown

[dist]
# distance from previous block
# <min> <max>
0	0

[block]
# block no. 0 follows, 10 sequences, length 13
# corresponding to MSA columns:
# 0-12
name=unknown_A
#
# <colnr> <probs for GDERKNQSTAVLIFYWHMCP>
#	G	D	E	R	K	N	Q	S	T	A	V	L	I	F	Y	W	H	M	C	P
0	0.01874	0.01339	0.01874	0.02142	0.02410	0.01339	0.01874	0.02410	0.02677	0.03481	0.06158	0.13119	0.06693	0.03213	0.01606	0.00535	0.01071	0.44043	0.01071	0.01071
1	0.04861	0.01990	0.02662	0.02025	0.02942	0.01689	0.01667	0.05319	0.03212	0.46451	0.04267	0.03762	0.02732	0.01366	0.01130	0.00336	0.00973	0.01108	0.01344	0.10162
2	0.53642	0.02190	0.01928	0.01648	0.02408	0.02411	0.01359	0.03915	0.02277	0.15683	0.02274	0.02346	0.01617	0.01159	0.00819	0.00360	0.00920	0.00749	0.00878	0.01418
3	0.02738	0.02057	0.02445	0.01763	0.02781	0.01569	0.01417	0.03247	0.02518	0.09467	0.02360	0.02591	0.01857	0.00928	0.00897	0.00194	0.00876	0.00745	0.00776	0.58774
4	0.02412	0.02067	0.02412	0.01723	0.02756	0.01550	0.01378	0.02929	0.02412	0.03790	0.02067	0.02412	0.01723	0.00861	0.00861	0.00172	0.00861	0.00689	0.00689	0.66236
5	0.03428	0.02035	0.02516	0.01848	0.02833	0.01608	0.01498	0.03920	0.02744	0.21485	0.02980	0.02972	0.02141	0.01071	0.00973	0.00240	0.00908	0.00863	0.00961	0.42977
6	0.02412	0.02067	0.02412	0.01723	0.02756	0.01550	0.01378	0.02929	0.02412	0.03790	0.02067	0.02412	0.01723	0.00861	0.00861	0.00172	0.00861	0.00689	0.00689	0.66236
7	0.02412	0.02067	0.02412	0.01723	0.02756	0.01550	0.01378	0.02929	0.02412	0.03790	0.02067	0.02412	0.01723	0.00861	0.00861	0.00172	0.00861	0.00689	0.00689	0.66236
8	0.02729	0.02057	0.02444	0.01762	0.02780	0.01568	0.01416	0.03238	0.02515	0.09310	0.02352	0.02586	0.01853	0.00927	0.00896	0.00193	0.00876	0.00743	0.00774	0.58980
9	0.02412	0.02067	0.02412	0.01723	0.02756	0.01550	0.01378	0.02929	0.02412	0.03790	0.02067	0.02412	0.01723	0.00861	0.00861	0.00172	0.00861	0.00689	0.00689	0.66236
10	0.02333	0.01960	0.02333	0.01784	0.02705	0.01519	0.01451	0.02852	0.02451	0.03744	0.02669	0.03987	0.02454	0.01207	0.00971	0.00226	0.00892	0.07067	0.00745	0.56649
11	0.02333	0.01960	0.02333	0.01784	0.02705	0.01519	0.01451	0.02852	0.02451	0.03744	0.02669	0.03987	0.02454	0.01207	0.00971	0.00226	0.00892	0.07067	0.00745	0.56649
12	0.02412	0.02067	0.02412	0.01723	0.02756	0.01550	0.01378	0.02929	0.02412	0.03790	0.02067	0.02412	0.01723	0.00861	0.00861	0.00172	0.00861	0.00689	0.00689	0.66236

[dist]
# distance from previous block
# <min> <max>
5	22

[block]
# block no. 1 follows, 10 sequences, length 7
# corresponding to MSA columns:
# 35-41
name=unknown_B
#
# <colnr> <probs for GDERKNQSTAVLIFYWHMCP>
#	G	D	E	R	K	N	Q	S	T	A	V	L	I	F	Y	W	H	M	C	P
0	0.04123	0.02842	0.02922	0.02390	0.03134	0.08676	0.01906	0.24785	0.04151	0.17423	0.03712	0.12038	0.03076	0.01749	0.01204	0.00366	0.01205	0.01410	0.01152	0.01736
1	0.03752	0.02271	0.02922	0.02669	0.08962	0.02082	0.01893	0.08423	0.07924	0.22553	0.03367	0.03281	0.02382	0.01221	0.01073	0.00303	0.01017	0.01008	0.01050	0.21848
2	0.02668	0.02281	0.02852	0.02608	0.10061	0.01920	0.01778	0.07223	0.02731	0.04121	0.02152	0.02516	0.01764	0.00937	0.00932	0.00214	0.00977	0.00774	0.00717	0.50774
3	0.13948	0.02174	0.02955	0.03305	0.16480	0.02070	0.02057	0.04018	0.02801	0.20261	0.07914	0.03614	0.03013	0.01293	0.01074	0.00333	0.01024	0.01081	0.00971	0.09612
4	0.12560	0.02075	0.02369	0.01768	0.02727	0.01740	0.01431	0.03583	0.02543	0.14393	0.02537	0.02664	0.01900	0.01016	0.00906	0.00240	0.00894	0.00782	0.00853	0.43017
5	0.03335	0.02038	0.02506	0.01837	0.02826	0.01603	0.01487	0.03830	0.02714	0.19878	0.02897	0.02921	0.02103	0.01052	0.00963	0.00234	0.00904	0.00847	0.00936	0.45090
6	0.02587	0.02169	0.02633	0.02311	0.07105	0.01898	0.01652	0.07344	0.06389	0.04304	0.08127	0.03371	0.02982	0.01159	0.01000	0.00244	0.00914	0.00967	0.00830	0.42013

[dist]
# distance from previous block
# <min> <max>
0	3

[block]
# block no. 2 follows, 10 sequences, length 11
# corresponding to MSA columns:
# 45-55
name=unknown_C
#
# <colnr> <probs for GDERKNQSTAVLIFYWHMCP>
#	G	D	E	R	K	N	Q	S	T	A	V	L	I	F	Y	W	H	M	C	P
0	0.02725	0.02345	0.03850	0.02835	0.03835	0.02002	0.16642	0.03389	0.02627	0.08124	0.02754	0.03748	0.02286	0.01163	0.01124	0.00294	0.01253	0.04843	0.00757	0.33405
1	0.50402	0.02397	0.02114	0.01780	0.02554	0.02693	0.01468	0.11327	0.02713	0.10232	0.02113	0.02248	0.01542	0.01169	0.00840	0.00358	0.00974	0.00755	0.00867	0.01454
2	0.02196	0.02067	0.03488	0.56331	0.08010	0.02584	0.03230	0.02972	0.02326	0.02972	0.02067	0.03101	0.01550	0.01163	0.01163	0.00388	0.01550	0.01034	0.00517	0.01292
3	0.03109	0.59826	0.06095	0.01990	0.02985	0.04602	0.01990	0.03483	0.02363	0.02736	0.01617	0.01866	0.01493	0.00995	0.00746	0.00249	0.01244	0.00622	0.00498	0.01493
4	0.05218	0.01979	0.02699	0.02069	0.02969	0.01709	0.01709	0.05668	0.03329	0.52677	0.04588	0.03959	0.02879	0.01439	0.01170	0.00360	0.00990	0.01170	0.01439	0.01979
5	0.01478	0.01056	0.01420	0.01689	0.01784	0.00997	0.01186	0.01725	0.02287	0.03037	0.06376	0.52311	0.07559	0.03586	0.01501	0.00481	0.00728	0.08758	0.01078	0.00962
6	0.01464	0.01032	0.01336	0.01559	0.01615	0.00976	0.01015	0.01632	0.02134	0.02846	0.05937	0.49613	0.07095	0.13213	0.02249	0.00585	0.00753	0.03028	0.01015	0.00903
7	0.35645	0.02862	0.02480	0.02066	0.02848	0.08959	0.01677	0.15078	0.03195	0.11817	0.02333	0.02418	0.01686	0.01222	0.00931	0.00350	0.01151	0.00821	0.00913	0.01547
8	0.03109	0.59826	0.06095	0.01990	0.02985	0.04602	0.01990	0.03483	0.02363	0.02736	0.01617	0.01866	0.01493	0.00995	0.00746	0.00249	0.01244	0.00622	0.00498	0.01493
9	0.01375	0.01178	0.01178	0.01178	0.01571	0.00982	0.00884	0.01669	0.02651	0.03142	0.11782	0.11193	0.51399	0.02946	0.01375	0.00393	0.00589	0.02455	0.01080	0.00982
10	0.02398	0.02225	0.03488	0.41123	0.12411	0.02659	0.03031	0.03597	0.10547	0.03398	0.02542	0.03288	0.01930	0.01219	0.01165	0.00384	0.01422	0.01082	0.00639	0.01453

[dist]
# distance from previous block
# <min> <max>
0	2

[block]
# block no. 3 follows, 10 sequences, length 20
# corresponding to MSA columns:
# 58-77
name=unknown_D
#
# <colnr> <probs for GDERKNQSTAVLIFYWHMCP>
#	G	D	E	R	K	N	Q	S	T	A	V	L	I	F	Y	W	H	M	C	P
0	0.03128	0.03236	0.04478	0.06434	0.43659	0.11556	0.03344	0.03752	0.02758	0.03638	0.02121	0.02746	0.01784	0.01064	0.01134	0.00338	0.01503	0.00987	0.00580	0.01758
1	0.56376	0.02337	0.02222	0.02484	0.10690	0.02635	0.01652	0.03444	0.02093	0.04977	0.01716	0.02058	0.01359	0.01072	0.00793	0.00357	0.00982	0.00699	0.00695	0.01359
2	0.14921	0.01984	0.02580	0.02503	0.07679	0.01899	0.01852	0.04462	0.02908	0.30431	0.04136	0.05218	0.03215	0.01671	0.01173	0.00391	0.01029	0.09115	0.01161	0.01672
3	0.02745	0.02518	0.04073	0.27585	0.28367	0.02772	0.03288	0.07801	0.02796	0.03804	0.02198	0.02964	0.01732	0.01126	0.01157	0.00364	0.01443	0.01036	0.00610	0.01622
4	0.01417	0.01012	0.01350	0.01619	0.01687	0.00945	0.01080	0.01619	0.02227	0.02969	0.06410	0.58367	0.07692	0.03644	0.01484	0.00472	0.00675	0.03306	0.01080	0.00945
5	0.02962	0.02992	0.04415	0.12514	0.41258	0.08532	0.03381	0.03619	0.02682	0.03595	0.02130	0.02817	0.01769	0.01069	0.01141	0.00345	0.01482	0.01004	0.00571	0.01722
6	0.02845	0.02742	0.04606	0.06733	0.47017	0.02843	0.03467	0.03493	0.02562	0.03700	0.02122	0.02845	0.01811	0.01136	0.01416	0.00362	0.06912	0.01034	0.00569	0.01786
7	0.04562	0.02126	0.02680	0.02153	0.02985	0.02043	0.01746	0.05812	0.16430	0.39189	0.04629	0.04066	0.03068	0.01479	0.01173	0.00370	0.00970	0.01211	0.01367	0.01940
8	0.02433	0.03413	0.17668	0.03249	0.04223	0.02574	0.15668	0.03752	0.10391	0.03999	0.11761	0.04136	0.03682	0.01463	0.01473	0.00391	0.06075	0.01329	0.00782	0.01542
9	0.02893	0.02498	0.02630	0.02367	0.03024	0.02893	0.01841	0.06180	0.49770	0.04865	0.04734	0.04339	0.03550	0.01578	0.01183	0.00394	0.00920	0.01315	0.01183	0.01841
10	0.03021	0.03459	0.02418	0.02229	0.02687	0.28915	0.01672	0.03410	0.03218	0.03535	0.20774	0.05548	0.10830	0.01830	0.01204	0.00334	0.01361	0.01439	0.00901	0.01215
11	0.03109	0.59826	0.06095	0.01990	0.02985	0.04602	0.01990	0.03483	0.02363	0.02736	0.01617	0.01866	0.01493	0.00995	0.00746	0.00249	0.01244	0.00622	0.00498	0.01493
12	0.02523	0.02400	0.04078	0.32797	0.28994	0.02670	0.03392	0.03258	0.02480	0.03368	0.02125	0.02994	0.01690	0.01102	0.01157	0.00367	0.01470	0.01035	0.00545	0.01555
13	0.04421	0.03258	0.03490	0.02676	0.03607	0.03607	0.02211	0.47993	0.05468	0.07330	0.02792	0.02792	0.01978	0.01396	0.01163	0.00349	0.01280	0.01047	0.01163	0.01978
14	0.04295	0.02289	0.03497	0.04069	0.22262	0.02125	0.02443	0.04840	0.03060	0.33393	0.03641	0.03532	0.02470	0.01280	0.01162	0.00354	0.01144	0.01117	0.01099	0.01925
15	0.02889	0.02052	0.02461	0.01782	0.02792	0.01577	0.01434	0.03394	0.02568	0.12105	0.02496	0.02675	0.01919	0.00960	0.00914	0.00204	0.00883	0.00771	0.00817	0.55306
16	0.02537	0.02089	0.03364	0.03041	0.08085	0.01992	0.12935	0.07432	0.02970	0.07937	0.05930	0.12380	0.16586	0.02091	0.01345	0.00402	0.01158	0.05382	0.00947	0.01399
17	0.01714	0.01356	0.01571	0.01584	0.01895	0.01325	0.01159	0.02553	0.10699	0.03765	0.18863	0.23533	0.20037	0.02780	0.01374	0.00410	0.00661	0.02428	0.01148	0.01146
18	0.42000	0.24965	0.03439	0.01711	0.02540	0.03395	0.01548	0.03444	0.02131	0.04239	0.01618	0.01880	0.01351	0.01046	0.00730	0.00316	0.01035	0.00627	0.00632	0.01351
19	0.35982	0.02690	0.02738	0.02627	0.08651	0.03003	0.01892	0.20232	0.03373	0.05845	0.02129	0.02347	0.01599	0.01194	0.00938	0.00354	0.01100	0.00835	0.00870	0.01599

[dist]
# distance from previous block
# <min> <max>
0	3

[block]
# block no. 4 follows, 10 sequences, length 6
# corresponding to MSA columns:
# 81-86
name=unknown_E
#
# <colnr> <probs for GDERKNQSTAVLIFYWHMCP>
#	G	D	E	R	K	N	Q	S	T	A	V	L	I	F	Y	W	H	M	C	P
0	0.20192	0.02536	0.03154	0.03727	0.19128	0.02717	0.02267	0.15359	0.03184	0.05029	0.02746	0.09745	0.02479	0.01482	0.01083	0.00367	0.01135	0.01224	0.00839	0.01609
1	0.14575	0.02437	0.02643	0.02181	0.02905	0.02619	0.01797	0.24155	0.04018	0.11071	0.10106	0.04759	0.03767	0.01690	0.01167	0.00375	0.01055	0.05928	0.01124	0.01628
2	0.16867	0.02800	0.02563	0.02239	0.02805	0.11385	0.01802	0.14412	0.03375	0.04870	0.11564	0.04595	0.03846	0.01711	0.01346	0.00378	0.05655	0.05448	0.00932	0.01407
3	0.21757	0.02682	0.07877	0.02099	0.02933	0.02453	0.01882	0.15104	0.03395	0.13605	0.11327	0.03749	0.03476	0.01457	0.01069	0.00359	0.01039	0.01117	0.01032	0.01589
4	0.15819	0.02446	0.02684	0.02136	0.02867	0.02608	0.01729	0.17851	0.03313	0.11282	0.02620	0.03083	0.02056	0.06149	0.01694	0.00404	0.06719	0.00973	0.00928	0.12640
5	0.03748	0.02910	0.02809	0.02268	0.03038	0.11256	0.01810	0.19559	0.03915	0.12770	0.08862	0.04074	0.06576	0.01522	0.01144	0.00325	0.01188	0.01189	0.01057	0.09983

[dist]
# distance from previous block
# <min> <max>
3	5

[block]
# block no. 5 follows, 10 sequences, length 15
# corresponding to MSA columns:
# 92-106
name=unknown_F
#
# <colnr> <probs for GDERKNQSTAVLIFYWHMCP>
#	G	D	E	R	K	N	Q	S	T	A	V	L	I	F	Y	W	H	M	C	P
0	0.10380	0.02717	0.03372	0.02573	0.03502	0.02782	0.07565	0.21393	0.07992	0.11087	0.02874	0.02951	0.02079	0.01241	0.01094	0.00331	0.01188	0.01021	0.00998	0.12861
1	0.08304	0.01894	0.02364	0.02000	0.02703	0.01770	0.01661	0.07534	0.03143	0.24246	0.08507	0.06062	0.04159	0.01834	0.01219	0.00378	0.00970	0.10985	0.01178	0.09089
2	0.03649	0.02414	0.02788	0.02137	0.03006	0.02345	0.01738	0.21392	0.03922	0.14580	0.09161	0.03664	0.03234	0.01380	0.01106	0.00303	0.01013	0.01105	0.01097	0.19966
3	0.11360	0.02527	0.02713	0.02100	0.02960	0.02561	0.01707	0.23300	0.03843	0.05672	0.08043	0.03246	0.02853	0.01307	0.01040	0.00298	0.01019	0.01008	0.00976	0.21469
4	0.03228	0.02186	0.02695	0.02397	0.07193	0.02014	0.01736	0.12589	0.03350	0.13877	0.08719	0.04280	0.07489	0.01445	0.01108	0.00300	0.00962	0.01194	0.01017	0.22220
5	0.21408	0.02321	0.02447	0.01968	0.02701	0.02442	0.01600	0.13301	0.03048	0.05038	0.08384	0.03168	0.02821	0.01343	0.01211	0.00321	0.05784	0.00965	0.00867	0.18863
6	0.03872	0.02751	0.03455	0.02682	0.03567	0.02845	0.06768	0.28582	0.04310	0.12020	0.03302	0.04141	0.02595	0.01521	0.01210	0.00361	0.01251	0.06050	0.01085	0.07633
7	0.29612	0.02505	0.02553	0.02056	0.02836	0.02736	0.01693	0.16068	0.03140	0.10380	0.02309	0.02479	0.01711	0.01255	0.01159	0.00345	0.05530	0.00842	0.00899	0.09893
8	0.19192	0.02091	0.02657	0.02312	0.02834	0.02298	0.06444	0.08625	0.02814	0.04489	0.09338	0.09521	0.04242	0.02001	0.01488	0.00423	0.06882	0.10136	0.00910	0.01303
9	0.10957	0.02199	0.02454	0.01961	0.02776	0.02148	0.01585	0.11355	0.09070	0.17849	0.04401	0.04204	0.08642	0.01489	0.01084	0.00330	0.00942	0.01177	0.01086	0.14293
10	0.03347	0.02349	0.02477	0.02054	0.02803	0.08270	0.01644	0.04075	0.07206	0.17504	0.08536	0.04751	0.03667	0.01534	0.01131	0.00319	0.01047	0.05554	0.01034	0.20700
11	0.09650	0.02204	0.02447	0.01909	0.02769	0.02062	0.01531	0.09193	0.08993	0.08538	0.07131	0.03348	0.02876	0.01228	0.00997	0.00275	0.00907	0.00976	0.00929	0.32037
12	0.03215	0.02121	0.02536	0.01896	0.02821	0.01804	0.01531	0.09109	0.03072	0.15073	0.06968	0.03343	0.02810	0.01187	0.01011	0.00252	0.00915	0.00962	0.00965	0.38409
13	0.02412	0.01963	0.02215	0.01888	0.02555	0.01892	0.01505	0.07995	0.13297	0.04358	0.10449	0.06157	0.11878	0.01837	0.01184	0.00336	0.00859	0.05836	0.01019	0.20367
14	0.03089	0.02390	0.03178	0.02357	0.03304	0.02174	0.07522	0.13540	0.03315	0.08902	0.06962	0.03297	0.02728	0.01187	0.01069	0.00275	0.01081	0.01029	0.00904	0.31695

[dist]
# distance from previous block
# <min> <max>
4	41

[block]
# block no. 6 follows, 10 sequences, length 9
# corresponding to MSA columns:
# 148-156
name=unknown_G
#
# <colnr> <probs for GDERKNQSTAVLIFYWHMCP>
#	G	D	E	R	K	N	Q	S	T	A	V	L	I	F	Y	W	H	M	C	P
0	0.02864	0.21561	0.06613	0.03956	0.05073	0.03481	0.32809	0.03647	0.02621	0.03404	0.02114	0.02724	0.01676	0.00985	0.01169	0.00346	0.01728	0.01129	0.00559	0.01544
1	0.01566	0.01118	0.01520	0.01789	0.01922	0.01073	0.01338	0.01876	0.02373	0.03135	0.06328	0.43661	0.07368	0.03504	0.01524	0.00493	0.00804	0.16546	0.01077	0.00986
2	0.46892	0.02577	0.02288	0.01902	0.02690	0.02933	0.01569	0.17905	0.03113	0.05904	0.02001	0.02183	0.01493	0.01182	0.00864	0.00356	0.01023	0.00765	0.00864	0.01493
3	0.23985	0.41113	0.04669	0.01840	0.02746	0.03954	0.01753	0.03462	0.02238	0.03543	0.01618	0.01873	0.01417	0.01023	0.00738	0.00285	0.01132	0.00624	0.00570	0.01417
4	0.01388	0.01124	0.01234	0.01322	0.01609	0.00970	0.00947	0.01653	0.02513	0.03086	0.10036	0.26525	0.37194	0.03172	0.01410	0.00419	0.00617	0.02731	0.01080	0.00970
5	0.01570	0.01077	0.01304	0.01423	0.01453	0.01047	0.00870	0.01660	0.01927	0.02570	0.04875	0.29981	0.05755	0.34673	0.03965	0.00839	0.00928	0.02403	0.00870	0.00810
6	0.05218	0.01979	0.02699	0.02069	0.02969	0.01709	0.01709	0.05668	0.03329	0.52677	0.04588	0.03959	0.02879	0.01439	0.01170	0.00360	0.00990	0.01170	0.01439	0.01979
7	0.67341	0.02249	0.01709	0.01529	0.02249	0.02609	0.01260	0.03419	0.01979	0.05218	0.01619	0.01889	0.01260	0.01080	0.00720	0.00360	0.00900	0.00630	0.00720	0.01260
8	0.67341	0.02249	0.01709	0.01529	0.02249	0.02609	0.01260	0.03419	0.01979	0.05218	0.01619	0.01889	0.01260	0.01080	0.00720	0.00360	0.00900	0.00630	0.00720	0.01260

[dist]
# distance from previous block
# <min> <max>
0	1

[block]
# block no. 7 follows, 10 sequences, length 7
# corresponding to MSA columns:
# 158-164
name=unknown_H
#
# <colnr> <probs for GDERKNQSTAVLIFYWHMCP>
#	G	D	E	R	K	N	Q	S	T	A	V	L	I	F	Y	W	H	M	C	P
0	0.01591	0.01240	0.01479	0.01570	0.01903	0.01128	0.01278	0.02002	0.02728	0.03429	0.13815	0.11653	0.30383	0.02986	0.01461	0.00443	0.00766	0.18022	0.01098	0.01027
1	0.02733	0.02258	0.02584	0.01875	0.02892	0.01880	0.01511	0.10144	0.02901	0.04357	0.02183	0.02473	0.01764	0.00947	0.00910	0.00201	0.00928	0.00746	0.00765	0.55947
2	0.02879	0.02763	0.04721	0.07139	0.51871	0.02763	0.03569	0.03569	0.02648	0.03800	0.02188	0.02879	0.01842	0.01036	0.01151	0.00345	0.01382	0.01036	0.00576	0.01842
3	0.01417	0.01012	0.01350	0.01619	0.01687	0.00945	0.01080	0.01619	0.02227	0.02969	0.06410	0.58367	0.07692	0.03644	0.01484	0.00472	0.00675	0.03306	0.01080	0.00945
4	0.02721	0.02602	0.04436	0.18519	0.41724	0.02722	0.03491	0.03431	0.02574	0.03608	0.02160	0.02930	0.01775	0.01066	0.01154	0.00355	0.01421	0.01036	0.00562	0.01715
5	0.02973	0.02651	0.03512	0.03285	0.09412	0.03147	0.02417	0.12702	0.02792	0.04067	0.01972	0.02620	0.01696	0.01580	0.02426	0.00399	0.28786	0.00974	0.00688	0.11900
6	0.01843	0.01477	0.01890	0.08606	0.02693	0.01514	0.01439	0.02751	0.09356	0.04233	0.32409	0.07775	0.15124	0.02202	0.01320	0.00377	0.00734	0.01914	0.01137	0.01205

[dist]
# distance from previous block
# <min> <max>
25	78

[block]
# block no. 8 follows, 10 sequences, length 6
# corresponding to MSA columns:
# 255-260
name=unknown_I
#
# <colnr> <probs for GDERKNQSTAVLIFYWHMCP>
#	G	D	E	R	K	N	Q	S	T	A	V	L	I	F	Y	W	H	M	C	P
0	0.01799	0.02365	0.12922	0.01882	0.02600	0.01479	0.01840	0.02395	0.02601	0.03497	0.10750	0.11884	0.22300	0.02307	0.01282	0.00378	0.00928	0.06342	0.00916	0.09529
1	0.02855	0.02330	0.02650	0.01933	0.02944	0.02005	0.01562	0.12880	0.03087	0.04572	0.02227	0.02496	0.01779	0.00979	0.00928	0.00211	0.00954	0.00768	0.00794	0.52046
2	0.03626	0.02692	0.02928	0.02377	0.03140	0.02912	0.01963	0.35027	0.04677	0.06193	0.04606	0.05408	0.10179	0.01867	0.01253	0.00380	0.01147	0.06777	0.01139	0.01708
3	0.03147	0.01831	0.02177	0.01856	0.02454	0.01775	0.01463	0.10386	0.07376	0.18732	0.13257	0.11175	0.15204	0.02126	0.01275	0.00380	0.00843	0.01788	0.01238	0.01516
4	0.03368	0.02312	0.03066	0.20082	0.04727	0.02380	0.02244	0.13464	0.03249	0.14463	0.02751	0.03045	0.01962	0.01199	0.01092	0.00322	0.01209	0.00982	0.00893	0.17191
5	0.02505	0.02044	0.02495	0.02266	0.07107	0.01830	0.01604	0.09643	0.03119	0.04472	0.13894	0.04660	0.08117	0.01475	0.01092	0.00277	0.00881	0.01241	0.00916	0.30363

[dist]
# distance from previous block
# <min> <max>
10	21

[block]
# block no. 9 follows, 10 sequences, length 10
# corresponding to MSA columns:
# 282-291
name=unknown_J
#
# <colnr> <probs for GDERKNQSTAVLIFYWHMCP>
#	G	D	E	R	K	N	Q	S	T	A	V	L	I	F	Y	W	H	M	C	P
0	0.10713	0.02333	0.02420	0.09454	0.03359	0.07658	0.01779	0.06564	0.02808	0.04014	0.07195	0.04965	0.07068	0.01589	0.01103	0.00332	0.01109	0.06332	0.00823	0.18383
1	0.09245	0.02142	0.02453	0.01961	0.02773	0.02004	0.01606	0.11835	0.03175	0.10789	0.06917	0.04443	0.03222	0.01467	0.01077	0.00308	0.00962	0.06236	0.00971	0.26414
2	0.09719	0.03036	0.03023	0.02446	0.03150	0.09285	0.01981	0.23016	0.03808	0.05304	0.05967	0.02986	0.02438	0.01437	0.01452	0.00345	0.08943	0.01002	0.00910	0.09753
3	0.03786	0.01967	0.02706	0.02688	0.08917	0.01869	0.01916	0.04637	0.08838	0.28623	0.09616	0.05653	0.04242	0.01753	0.01251	0.00387	0.00994	0.07203	0.01231	0.01723
4	0.02412	0.02067	0.02412	0.01723	0.02756	0.01550	0.01378	0.02929	0.02412	0.03790	0.02067	0.02412	0.01723	0.00861	0.00861	0.00172	0.00861	0.00689	0.00689	0.66236
5	0.03305	0.02249	0.02638	0.01979	0.02940	0.01978	0.01599	0.09992	0.06930	0.14390	0.02904	0.02941	0.02146	0.01113	0.00993	0.00254	0.00950	0.00889	0.00949	0.38862
6	0.01836	0.01232	0.01530	0.01453	0.01787	0.01102	0.01089	0.02281	0.03034	0.07883	0.33457	0.13508	0.20314	0.02565	0.01367	0.00382	0.00605	0.02230	0.01223	0.01123
7	0.02735	0.02056	0.02597	0.09320	0.03510	0.01713	0.01676	0.03279	0.02515	0.09828	0.02384	0.02702	0.01844	0.00976	0.00942	0.00226	0.00973	0.00797	0.00760	0.49166
8	0.09733	0.02642	0.03070	0.02817	0.09083	0.02710	0.02019	0.20071	0.08766	0.09816	0.02825	0.02910	0.02091	0.01230	0.01057	0.00317	0.01099	0.00969	0.00974	0.15800
9	0.09905	0.02212	0.02993	0.02341	0.03130	0.02190	0.05228	0.04705	0.06586	0.29342	0.03508	0.03395	0.02408	0.01393	0.01435	0.00363	0.07896	0.01076	0.01093	0.08799

[dist]
# distance from previous block
# <min> <max>
13	36

[block]
# block no. 10 follows, 10 sequences, length 14
# corresponding to MSA columns:
# 332-345
name=unknown_K
#
# <colnr> <probs for GDERKNQSTAVLIFYWHMCP>
#	G	D	E	R	K	N	Q	S	T	A	V	L	I	F	Y	W	H	M	C	P
0	0.08381	0.02260	0.03123	0.09132	0.16511	0.02097	0.02196	0.03464	0.02535	0.09476	0.02353	0.02746	0.01830	0.01027	0.00996	0.00280	0.01094	0.00870	0.00729	0.28900
1	0.03629	0.01784	0.02337	0.01902	0.02645	0.01517	0.01537	0.04089	0.02967	0.28558	0.08729	0.09572	0.04136	0.01745	0.01185	0.00344	0.00899	0.05097	0.01193	0.16133
2	0.02716	0.02058	0.02443	0.01760	0.02779	0.01568	0.01414	0.03226	0.02511	0.09094	0.02341	0.02580	0.01848	0.00924	0.00895	0.00193	0.00875	0.00741	0.00770	0.59264
3	0.02412	0.02067	0.02412	0.01723	0.02756	0.01550	0.01378	0.02929	0.02412	0.03790	0.02067	0.02412	0.01723	0.00861	0.00861	0.00172	0.00861	0.00689	0.00689	0.66236
4	0.03947	0.02662	0.02833	0.02256	0.03115	0.06908	0.01812	0.13367	0.12686	0.19916	0.03499	0.03322	0.02474	0.01317	0.01097	0.00320	0.01103	0.01038	0.01106	0.15225
5	0.02300	0.02023	0.02594	0.16422	0.04073	0.01930	0.01879	0.03200	0.08195	0.03631	0.03447	0.03785	0.07289	0.01256	0.01037	0.00281	0.01024	0.01050	0.00746	0.33838
6	0.02736	0.02057	0.02445	0.01763	0.02781	0.01569	0.01416	0.03245	0.02518	0.09440	0.02359	0.02591	0.01856	0.00928	0.00897	0.00194	0.00876	0.00745	0.00776	0.58809
7	0.08636	0.02418	0.03069	0.03410	0.15994	0.02481	0.02152	0.09286	0.13831	0.09822	0.03898	0.03930	0.06710	0.01402	0.01116	0.00346	0.01056	0.01172	0.00946	0.08324
8	0.08575	0.02331	0.03002	0.03314	0.15877	0.02326	0.02084	0.13256	0.03324	0.09066	0.08659	0.04428	0.08883	0.01508	0.01137	0.00338	0.01045	0.01260	0.00942	0.08646
9	0.11964	0.02295	0.02658	0.02075	0.02920	0.02258	0.01699	0.16165	0.03636	0.25116	0.07620	0.03645	0.03034	0.01405	0.01098	0.00337	0.01004	0.01102	0.01182	0.08790
10	0.03024	0.02286	0.02917	0.02264	0.03119	0.02134	0.05583	0.11684	0.08211	0.09440	0.03301	0.09741	0.02818	0.01446	0.01103	0.00303	0.01030	0.01250	0.00945	0.27401
11	0.03188	0.09634	0.03523	0.02424	0.03142	0.03135	0.02038	0.17667	0.03234	0.04550	0.02104	0.02505	0.01725	0.01368	0.01740	0.00330	0.16135	0.00886	0.00772	0.19902
12	0.02592	0.01883	0.02541	0.02155	0.02693	0.01851	0.06412	0.12681	0.03307	0.08677	0.11146	0.20843	0.13580	0.02383	0.01340	0.00399	0.00948	0.02108	0.01100	0.01360
13	0.02735	0.02395	0.03308	0.08586	0.17896	0.02218	0.02288	0.07726	0.02786	0.04077	0.02177	0.02654	0.01768	0.00996	0.01007	0.00262	0.01123	0.00861	0.00688	0.34450

[dist]
# distance from previous block
# <min> <max>
1	10

[block]
# block no. 11 follows, 10 sequences, length 6
# corresponding to MSA columns:
# 356-361
name=unknown_L
#
# <colnr> <probs for GDERKNQSTAVLIFYWHMCP>
#	G	D	E	R	K	N	Q	S	T	A	V	L	I	F	Y	W	H	M	C	P
0	0.03196	0.02819	0.02814	0.02139	0.03091	0.08641	0.01711	0.15369	0.03350	0.04634	0.02231	0.02476	0.01764	0.01048	0.00966	0.00236	0.01128	0.00794	0.00807	0.40787
1	0.03494	0.02528	0.02867	0.02135	0.03114	0.02379	0.01741	0.21004	0.03713	0.10218	0.02613	0.02721	0.01942	0.01132	0.01012	0.00261	0.01040	0.00880	0.00954	0.34252
2	0.02696	0.01945	0.02795	0.02216	0.02922	0.01764	0.08698	0.07471	0.03031	0.11769	0.09721	0.11219	0.15098	0.01940	0.01253	0.00355	0.00987	0.01723	0.01025	0.11373
3	0.10716	0.02898	0.02740	0.02147	0.03041	0.10554	0.01718	0.13545	0.03267	0.08999	0.02363	0.02527	0.01796	0.01111	0.00970	0.00270	0.01167	0.00815	0.00852	0.28503
4	0.10119	0.03407	0.07847	0.02431	0.03304	0.10945	0.02096	0.21026	0.03704	0.05103	0.02655	0.07462	0.02249	0.01422	0.01076	0.00328	0.01296	0.01085	0.00881	0.11566
5	0.02864	0.01916	0.02421	0.02324	0.07436	0.01834	0.01569	0.10119	0.03064	0.11303	0.12888	0.05242	0.04406	0.15097	0.02281	0.00510	0.01000	0.01374	0.00986	0.11366

[dist]
# distance from previous block
# <min> <max>
4	19

[block]
# block no. 12 follows, 10 sequences, length 8
# corresponding to MSA columns:
# 381-388
name=unknown_M
#
# <colnr> <probs for GDERKNQSTAVLIFYWHMCP>
#	G	D	E	R	K	N	Q	S	T	A	V	L	I	F	Y	W	H	M	C	P
0	0.03154	0.02306	0.02569	0.02030	0.02859	0.02246	0.01631	0.15896	0.10698	0.09803	0.04529	0.04412	0.10343	0.01520	0.01110	0.00310	0.00954	0.01223	0.01036	0.21371
1	0.03212	0.19992	0.10961	0.02302	0.03339	0.03154	0.02201	0.10966	0.10020	0.07969	0.02644	0.02723	0.02021	0.01171	0.00981	0.00298	0.01181	0.00880	0.00810	0.13172
2	0.02725	0.02312	0.02901	0.16985	0.04369	0.02355	0.02085	0.10057	0.10604	0.04258	0.02611	0.02973	0.02012	0.01140	0.01041	0.00294	0.01122	0.00939	0.00792	0.28425
3	0.21074	0.02284	0.02539	0.02281	0.06633	0.02262	0.01681	0.10918	0.03001	0.13757	0.03286	0.03329	0.05679	0.01290	0.00992	0.00318	0.00985	0.00984	0.00935	0.15774
4	0.03183	0.02043	0.02491	0.01818	0.02815	0.01594	0.01469	0.03682	0.02664	0.17234	0.02761	0.02837	0.02041	0.01020	0.00946	0.00224	0.00897	0.00821	0.00895	0.48565
5	0.02353	0.02647	0.10634	0.02032	0.03020	0.01852	0.01878	0.03378	0.08810	0.04039	0.09443	0.03570	0.03244	0.01212	0.01017	0.00261	0.00965	0.01002	0.00806	0.37836
6	0.07695	0.03264	0.16381	0.02340	0.03432	0.02295	0.02320	0.04256	0.14190	0.09114	0.02955	0.03018	0.02189	0.01181	0.01029	0.00314	0.01128	0.00935	0.00836	0.21128
7	0.25573	0.01980	0.02066	0.01768	0.02446	0.01983	0.01394	0.07003	0.02623	0.12422	0.03352	0.14989	0.03102	0.01697	0.01026	0.00350	0.00889	0.01360	0.00949	0.13025

[dist]
# distance from previous block
# <min> <max>
8	13

[block]
# block no. 13 follows, 10 sequences, length 7
# corresponding to MSA columns:
# 402-408
name=unknown_N
#
# <colnr> <probs for GDERKNQSTAVLIFYWHMCP>
#	G	D	E	R	K	N	Q	S	T	A	V	L	I	F	Y	W	H	M	C	P
0	0.02676	0.02167	0.02472	0.02144	0.02754	0.02288	0.01746	0.12771	0.12958	0.04517	0.05084	0.06267	0.11348	0.01980	0.01441	0.00383	0.05353	0.08872	0.01011	0.11767
1	0.20900	0.02994	0.03024	0.02376	0.03251	0.03345	0.01962	0.36319	0.04555	0.06777	0.02485	0.02556	0.01790	0.01313	0.01047	0.00352	0.01180	0.00938	0.01047	0.01790
2	0.04337	0.02585	0.03340	0.02585	0.03481	0.02631	0.06312	0.19045	0.11740	0.25509	0.03826	0.03572	0.02597	0.01405	0.01189	0.00365	0.01164	0.01174	0.01227	0.01916
3	0.02277	0.01912	0.02260	0.01677	0.02576	0.01470	0.01329	0.02799	0.02567	0.03944	0.10754	0.03520	0.03356	0.01129	0.00951	0.00206	0.00806	0.00939	0.00793	0.54733
4	0.02478	0.02166	0.02739	0.02491	0.09724	0.01722	0.01689	0.03019	0.02445	0.03791	0.02084	0.02478	0.01740	0.00886	0.00902	0.00197	0.00935	0.00738	0.00673	0.57101
5	0.03569	0.01786	0.02314	0.01870	0.02620	0.01492	0.01474	0.03982	0.02821	0.27660	0.04286	0.15774	0.03636	0.01772	0.01153	0.00332	0.00882	0.01515	0.01146	0.19914
6	0.02882	0.02052	0.02460	0.01781	0.02792	0.01577	0.01434	0.03388	0.02565	0.11986	0.02490	0.02671	0.01917	0.00958	0.00913	0.00204	0.00883	0.00770	0.00815	0.55463

[dist]
# distance from previous block
# <min> <max>
6	27

[block]
# block no. 14 follows, 10 sequences, length 9
# corresponding to MSA columns:
# 436-444
name=unknown_O
#
# <colnr> <probs for GDERKNQSTAVLIFYWHMCP>
#	G	D	E	R	K	N	Q	S	T	A	V	L	I	F	Y	W	H	M	C	P
0	0.02134	0.01765	0.02111	0.01672	0.02434	0.01383	0.01289	0.02596	0.02483	0.03741	0.08771	0.13614	0.03946	0.01563	0.01039	0.00251	0.00789	0.01347	0.00833	0.46238
1	0.02658	0.02229	0.02539	0.01884	0.02867	0.01894	0.01508	0.07634	0.07810	0.04248	0.02425	0.02656	0.01944	0.00990	0.00925	0.00213	0.00908	0.00791	0.00788	0.53086
2	0.04061	0.02791	0.02757	0.02283	0.03014	0.11861	0.01800	0.14262	0.03566	0.21483	0.03749	0.11757	0.03081	0.01686	0.01171	0.00349	0.01203	0.01361	0.01105	0.06660
3	0.02661	0.02195	0.02463	0.02013	0.02794	0.02111	0.01574	0.09109	0.16702	0.04421	0.03521	0.10520	0.03091	0.01509	0.01076	0.00299	0.00904	0.01267	0.00944	0.30826
4	0.10285	0.02173	0.02822	0.02637	0.09345	0.01996	0.04385	0.06474	0.02812	0.04396	0.11290	0.03656	0.03433	0.01243	0.01032	0.00281	0.00974	0.01060	0.00819	0.28887
5	0.08392	0.02203	0.02946	0.02212	0.03164	0.01939	0.06497	0.04182	0.06463	0.19541	0.03078	0.03095	0.02205	0.01132	0.01029	0.00288	0.01028	0.00961	0.00959	0.28687
6	0.02914	0.02147	0.02766	0.02502	0.09369	0.01738	0.01724	0.03444	0.02587	0.11456	0.02479	0.02717	0.01920	0.00975	0.00949	0.00225	0.00951	0.00811	0.00792	0.47536
7	0.02787	0.02290	0.02613	0.01901	0.02915	0.01934	0.01534	0.11345	0.02983	0.04451	0.02203	0.02483	0.01770	0.00961	0.00918	0.00205	0.00939	0.00756	0.00778	0.54234
8	0.02622	0.02174	0.02902	0.02759	0.09370	0.02078	0.01958	0.03111	0.02409	0.06626	0.02535	0.03630	0.02255	0.01367	0.01543	0.00305	0.11444	0.05017	0.00724	0.35170

[dist]
# distance from previous block
# <min> <max>
7	27

[block]
# block no. 15 follows, 10 sequences, length 6
# corresponding to MSA columns:
# 472-477
name=unknown_P
#
# <colnr> <probs for GDERKNQSTAVLIFYWHMCP>
#	G	D	E	R	K	N	Q	S	T	A	V	L	I	F	Y	W	H	M	C	P
0	0.18905	0.03146	0.02940	0.02343	0.03199	0.08684	0.01905	0.28149	0.04097	0.05979	0.02334	0.02466	0.01731	0.01245	0.01016	0.00328	0.01236	0.00880	0.00949	0.08469
1	0.02750	0.01736	0.02107	0.01893	0.02363	0.01744	0.01449	0.09547	0.09275	0.12911	0.18890	0.19336	0.06523	0.02304	0.01313	0.00394	0.00807	0.02005	0.01227	0.01428
2	0.03039	0.02195	0.02578	0.01883	0.02886	0.01814	0.01522	0.08598	0.02898	0.11027	0.02504	0.02672	0.01914	0.01005	0.00940	0.00219	0.00928	0.00798	0.00849	0.49730
3	0.02749	0.02042	0.02543	0.02472	0.08770	0.01912	0.01628	0.06693	0.07717	0.08314	0.03074	0.04197	0.02711	0.16119	0.02293	0.00496	0.01047	0.01132	0.00838	0.23253
4	0.02780	0.01794	0.02121	0.01871	0.02423	0.01743	0.01438	0.08615	0.09601	0.13125	0.09281	0.19101	0.10860	0.02238	0.01266	0.00380	0.00834	0.01922	0.01150	0.07457
5	0.03311	0.02331	0.02707	0.01998	0.02987	0.02053	0.01623	0.13835	0.03264	0.12134	0.02624	0.02738	0.01960	0.01075	0.00979	0.00242	0.00978	0.00846	0.00915	0.41400

[dist]
# distance from previous block
# <min> <max>
0	2

[block]
# block no. 16 follows, 10 sequences, length 14
# corresponding to MSA columns:
# 480-493
name=unknown_Q
#
# <colnr> <probs for GDERKNQSTAVLIFYWHMCP>
#	G	D	E	R	K	N	Q	S	T	A	V	L	I	F	Y	W	H	M	C	P
0	0.02690	0.02465	0.03703	0.02662	0.03724	0.02116	0.13823	0.07390	0.02789	0.04106	0.02212	0.02642	0.01758	0.00944	0.01026	0.00248	0.01195	0.00905	0.00707	0.42895
1	0.09584	0.02720	0.03032	0.07766	0.07871	0.06807	0.02060	0.14723	0.03337	0.11093	0.02526	0.02742	0.01870	0.01163	0.01034	0.00305	0.01201	0.00904	0.00875	0.18388
2	0.17802	0.02454	0.03054	0.03299	0.15911	0.02423	0.02090	0.09903	0.02909	0.09805	0.02369	0.02637	0.01809	0.01095	0.00982	0.00306	0.01082	0.00870	0.00813	0.18387
3	0.11314	0.02115	0.02764	0.22240	0.04653	0.02305	0.02165	0.09500	0.02819	0.08678	0.02911	0.10045	0.02515	0.01493	0.01108	0.00359	0.01171	0.01245	0.00818	0.09781
4	0.02638	0.17138	0.03038	0.01750	0.02453	0.02178	0.01457	0.03007	0.02518	0.10184	0.04540	0.16271	0.09582	0.01877	0.01081	0.00316	0.00904	0.01559	0.00883	0.16624
5	0.03013	0.17538	0.03456	0.01907	0.02873	0.02529	0.01634	0.03776	0.07542	0.09952	0.02556	0.02671	0.02005	0.01048	0.00905	0.00241	0.00986	0.00800	0.00787	0.33781
6	0.10906	0.01867	0.02502	0.22028	0.04344	0.01998	0.01945	0.03083	0.02280	0.09651	0.02697	0.03978	0.02315	0.14253	0.02139	0.00517	0.01200	0.01099	0.00729	0.10470
7	0.02477	0.01512	0.01864	0.01793	0.02098	0.01497	0.01318	0.08297	0.02717	0.10468	0.04918	0.24046	0.05216	0.17813	0.02599	0.00624	0.00970	0.07554	0.01040	0.01177
8	0.03002	0.02008	0.02572	0.02435	0.07762	0.01922	0.01714	0.11843	0.03524	0.12776	0.22121	0.05273	0.05638	0.01678	0.01203	0.00332	0.00894	0.01434	0.01125	0.10744
9	0.03029	0.02796	0.10736	0.02366	0.03284	0.02201	0.05152	0.13829	0.03458	0.11006	0.12234	0.04657	0.07951	0.01564	0.01182	0.00338	0.01107	0.01318	0.01000	0.10792
10	0.08205	0.02102	0.06736	0.01786	0.02481	0.01671	0.01551	0.06558	0.02805	0.10200	0.06261	0.13468	0.19181	0.02111	0.01196	0.00362	0.00881	0.01751	0.00995	0.09699
11	0.09579	0.03932	0.11795	0.03087	0.08721	0.14473	0.02514	0.15208	0.03393	0.04610	0.02167	0.02446	0.01664	0.01157	0.01041	0.00317	0.01455	0.00856	0.00748	0.10837
12	0.03555	0.02912	0.07126	0.02868	0.08329	0.07036	0.02192	0.10869	0.13909	0.15610	0.09674	0.04083	0.03596	0.01493	0.01180	0.00361	0.01159	0.01228	0.01077	0.01742
13	0.09759	0.03192	0.03574	0.10537	0.14958	0.09773	0.02564	0.22289	0.03812	0.05188	0.02322	0.02676	0.01762	0.01229	0.01104	0.00348	0.01407	0.00965	0.00832	0.01709

[dist]
# distance from previous block
# <min> <max>
14	47

[block]
# block no. 17 follows, 10 sequences, length 15
# corresponding to MSA columns:
# 541-555
name=unknown_R
#
# <colnr> <probs for GDERKNQSTAVLIFYWHMCP>
#	G	D	E	R	K	N	Q	S	T	A	V	L	I	F	Y	W	H	M	C	P
0	0.03508	0.02932	0.07997	0.02366	0.03298	0.02661	0.02084	0.23428	0.08045	0.09959	0.08110	0.03563	0.03063	0.01400	0.01130	0.00327	0.01117	0.01114	0.01053	0.12844
1	0.02954	0.02115	0.02788	0.02874	0.12562	0.01888	0.01864	0.03749	0.07566	0.13184	0.04160	0.04185	0.08855	0.01362	0.01081	0.00296	0.00960	0.01154	0.00914	0.25488
2	0.03181	0.02355	0.02695	0.02023	0.02987	0.02134	0.01635	0.13270	0.07455	0.09707	0.02726	0.02829	0.02063	0.01102	0.00988	0.00250	0.00971	0.00873	0.00914	0.39844
3	0.03228	0.02564	0.02669	0.02015	0.02972	0.07466	0.01611	0.08663	0.02981	0.10687	0.02462	0.02630	0.01884	0.01037	0.00958	0.00232	0.01059	0.00801	0.00835	0.43245
4	0.03005	0.02092	0.02664	0.02435	0.07979	0.01813	0.01706	0.07382	0.02851	0.12628	0.03176	0.10313	0.02767	0.01406	0.01058	0.00280	0.00952	0.01196	0.00905	0.33392
5	0.03717	0.02473	0.02560	0.02076	0.02817	0.08003	0.01659	0.13686	0.03605	0.19789	0.09528	0.04973	0.10921	0.01684	0.01180	0.00339	0.01061	0.01349	0.01141	0.07439
6	0.02745	0.02338	0.02863	0.02629	0.09499	0.02088	0.01816	0.08208	0.08216	0.04293	0.02468	0.02737	0.01976	0.01025	0.00970	0.00240	0.00983	0.00846	0.00781	0.43278
7	0.10612	0.03032	0.03198	0.02461	0.03381	0.03293	0.02028	0.38799	0.04797	0.06749	0.02598	0.02661	0.01878	0.01309	0.01087	0.00332	0.01198	0.00968	0.01069	0.08552
8	0.03680	0.02245	0.02339	0.02013	0.02590	0.08735	0.01570	0.06943	0.03027	0.23675	0.04704	0.05934	0.07496	0.12779	0.02128	0.00520	0.01159	0.05901	0.01096	0.01466
9	0.03192	0.02214	0.02577	0.02022	0.02845	0.02053	0.01608	0.15865	0.03371	0.11246	0.03349	0.12212	0.02963	0.01563	0.01094	0.00299	0.00966	0.01299	0.00991	0.28271
10	0.03426	0.02165	0.02606	0.01921	0.02905	0.01809	0.01559	0.08373	0.02991	0.18205	0.02867	0.02896	0.02081	0.01083	0.00981	0.00244	0.00941	0.00864	0.00954	0.41128
11	0.02386	0.02056	0.02589	0.02319	0.08298	0.01643	0.01601	0.02926	0.02530	0.03881	0.07165	0.03114	0.02693	0.01038	0.00947	0.00212	0.00889	0.00875	0.00737	0.52100
12	0.03210	0.02260	0.02630	0.01979	0.02891	0.02035	0.01600	0.14409	0.03385	0.11350	0.07676	0.03364	0.02899	0.01229	0.01031	0.00261	0.00950	0.00989	0.00969	0.34883
13	0.01954	0.01655	0.01872	0.01495	0.02220	0.01296	0.01167	0.02390	0.02581	0.03625	0.10134	0.06269	0.21182	0.01779	0.01100	0.00272	0.00731	0.01478	0.00889	0.35909
14	0.09876	0.02542	0.02737	0.02093	0.03026	0.02499	0.01698	0.19100	0.07539	0.05275	0.02506	0.02658	0.01923	0.01134	0.00981	0.00273	0.01018	0.00863	0.00902	0.31357

[dist]
# distance from previous block
# <min> <max>
0	39

[block]
# block no. 18 follows, 10 sequences, length 17
# corresponding to MSA columns:
# 595-611
name=unknown_S
#
# <colnr> <probs for GDERKNQSTAVLIFYWHMCP>
#	G	D	E	R	K	N	Q	S	T	A	V	L	I	F	Y	W	H	M	C	P
0	0.03433	0.02249	0.03094	0.07973	0.10031	0.02293	0.02165	0.04292	0.08626	0.19404	0.03159	0.03297	0.02299	0.01341	0.01451	0.00348	0.08306	0.01044	0.00937	0.14260
1	0.03364	0.02881	0.02665	0.02169	0.02960	0.13904	0.01692	0.09220	0.03100	0.10373	0.02933	0.09086	0.02549	0.01405	0.01055	0.00283	0.01193	0.01115	0.00873	0.27179
2	0.02982	0.02419	0.02714	0.02033	0.03004	0.02215	0.01639	0.15014	0.07680	0.04817	0.02508	0.02693	0.01962	0.01069	0.00971	0.00239	0.00976	0.00842	0.00860	0.43363
3	0.04332	0.02350	0.02850	0.02223	0.03101	0.02267	0.01839	0.18596	0.03842	0.27878	0.03804	0.04096	0.02736	0.01488	0.01161	0.00345	0.01072	0.04413	0.01223	0.10383
4	0.02206	0.01739	0.01976	0.01656	0.02246	0.01553	0.01254	0.08400	0.02835	0.03925	0.08688	0.12382	0.13492	0.08584	0.01711	0.00404	0.00846	0.01649	0.00929	0.23525
5	0.03690	0.03073	0.03259	0.02981	0.09560	0.09650	0.02118	0.20552	0.03786	0.08371	0.02495	0.02681	0.01884	0.01172	0.01060	0.00292	0.01264	0.00911	0.00894	0.20306
6	0.13147	0.02023	0.02541	0.01965	0.02854	0.01813	0.01619	0.05113	0.03064	0.41804	0.03959	0.03540	0.02556	0.01337	0.01081	0.00342	0.00966	0.01053	0.01274	0.07948
7	0.02930	0.02374	0.02690	0.01969	0.02976	0.02081	0.01593	0.14560	0.03201	0.04704	0.02254	0.02510	0.01789	0.00999	0.00939	0.00218	0.00969	0.00781	0.00812	0.49650
8	0.12263	0.02362	0.02638	0.02000	0.02938	0.02225	0.01633	0.14488	0.03286	0.15104	0.02712	0.02758	0.01965	0.01142	0.00980	0.00280	0.00995	0.00869	0.00966	0.28395
9	0.03483	0.01728	0.02148	0.01794	0.02452	0.01578	0.01431	0.04236	0.08541	0.27979	0.12751	0.06491	0.16451	0.01967	0.01251	0.00373	0.00820	0.01641	0.01296	0.01589
10	0.02636	0.02471	0.02514	0.01870	0.02854	0.07691	0.01479	0.03128	0.02514	0.03680	0.02036	0.02375	0.01697	0.00900	0.00883	0.00187	0.01005	0.00696	0.00679	0.58705
11	0.03153	0.02477	0.02752	0.02650	0.09128	0.08812	0.01806	0.03610	0.02716	0.13050	0.03084	0.09793	0.02686	0.01393	0.01063	0.00286	0.01097	0.01166	0.00857	0.28423
12	0.04398	0.01938	0.02485	0.01987	0.02787	0.01764	0.01615	0.05194	0.09244	0.39798	0.05579	0.04986	0.09524	0.01661	0.01199	0.00369	0.00927	0.01362	0.01358	0.01827
13	0.02662	0.02517	0.02526	0.01887	0.02865	0.08393	0.01491	0.03150	0.02526	0.03668	0.02032	0.02371	0.01694	0.00905	0.00886	0.00189	0.01021	0.00697	0.00677	0.57844
14	0.02842	0.01917	0.02335	0.01778	0.02663	0.01505	0.01406	0.03306	0.02570	0.13372	0.03115	0.09781	0.02705	0.01327	0.01001	0.00247	0.00863	0.01115	0.00887	0.45264
15	0.02749	0.02057	0.02446	0.01764	0.02782	0.01569	0.01418	0.03258	0.02522	0.09662	0.02370	0.02598	0.01862	0.00931	0.00898	0.00195	0.00877	0.00747	0.00779	0.58517
16	0.02782	0.02056	0.02450	0.01768	0.02784	0.01571	0.01422	0.03290	0.02533	0.10238	0.02400	0.02616	0.01875	0.00938	0.00902	0.00197	0.00878	0.00752	0.00788	0.57761

[dist]
# distance from previous block
# <min> <max>
10	20

[block]
# block no. 19 follows, 10 sequences, length 7
# corresponding to MSA columns:
# 632-638
name=unknown_T
#
# <colnr> <probs for GDERKNQSTAVLIFYWHMCP>
#	G	D	E	R	K	N	Q	S	T	A	V	L	I	F	Y	W	H	M	C	P
0	0.02482	0.02130	0.02444	0.01817	0.02795	0.01746	0.01446	0.03403	0.09319	0.03947	0.02456	0.02693	0.01989	0.00966	0.00908	0.00205	0.00870	0.00780	0.00761	0.56844
1	0.03022	0.02173	0.02986	0.02162	0.03185	0.01744	0.06807	0.03579	0.02637	0.13742	0.02614	0.02811	0.01963	0.00993	0.00983	0.00236	0.01015	0.00866	0.00830	0.45652
2	0.02778	0.01897	0.02254	0.01786	0.02594	0.01596	0.01406	0.03508	0.07384	0.12889	0.04243	0.09460	0.07814	0.01537	0.01067	0.00283	0.00845	0.01288	0.00959	0.34411
3	0.02412	0.02067	0.02412	0.01723	0.02756	0.01550	0.01378	0.02929	0.02412	0.03790	0.02067	0.02412	0.01723	0.00861	0.00861	0.00172	0.00861	0.00689	0.00689	0.66236
4	0.04079	0.02449	0.02856	0.02240	0.03121	0.02444	0.01820	0.16958	0.13130	0.22724	0.03719	0.03466	0.02581	0.01363	0.01121	0.00334	0.01035	0.01088	0.01191	0.12280
5	0.01949	0.01577	0.02206	0.01989	0.02363	0.01497	0.05886	0.02526	0.06402	0.03187	0.04434	0.21291	0.04799	0.18059	0.02592	0.00601	0.01019	0.06189	0.00878	0.10556
6	0.09855	0.02586	0.02585	0.02112	0.02873	0.07498	0.01668	0.15601	0.03360	0.09579	0.03145	0.11581	0.02799	0.01570	0.01080	0.00320	0.01088	0.01256	0.00951	0.18493

[dist]
# distance from previous block
# <min> <max>
16	36

[block]
# block no. 20 follows, 10 sequences, length 21
# corresponding to MSA columns:
# 675-695
name=unknown_U
#
# <colnr> <probs for GDERKNQSTAVLIFYWHMCP>
#	G	D	E	R	K	N	Q	S	T	A	V	L	I	F	Y	W	H	M	C	P
0	0.01733	0.01347	0.01687	0.01652	0.02026	0.01137	0.01174	0.02035	0.02285	0.03229	0.05032	0.40611	0.05798	0.02761	0.01287	0.00377	0.00734	0.02476	0.00956	0.21663
1	0.03302	0.02039	0.02503	0.01833	0.02824	0.01601	0.01483	0.03798	0.02703	0.19303	0.02867	0.02903	0.02090	0.01045	0.00959	0.00232	0.00902	0.00842	0.00927	0.45846
2	0.01749	0.01195	0.01461	0.01546	0.01631	0.01195	0.01076	0.01919	0.02004	0.02644	0.04456	0.09359	0.05011	0.41383	0.04551	0.00940	0.01110	0.15131	0.00821	0.00821
3	0.01504	0.01049	0.01324	0.01508	0.01554	0.01003	0.00961	0.01642	0.02057	0.02742	0.05539	0.42261	0.06593	0.21250	0.02892	0.00680	0.00818	0.02794	0.00961	0.00869
4	0.24863	0.02175	0.02453	0.01950	0.02795	0.02158	0.01610	0.08591	0.03084	0.33721	0.03492	0.03202	0.02288	0.01322	0.01026	0.00359	0.00986	0.00988	0.01187	0.01751
5	0.03605	0.08894	0.21236	0.02939	0.04173	0.02690	0.08772	0.09230	0.03098	0.19556	0.02952	0.03007	0.02016	0.01217	0.01135	0.00356	0.01428	0.01025	0.00880	0.01790
