[name]
unknown

[dist]
# distance from previous block
# <min> <max>
0	30

[block]
# block no. 0 follows, 71 sequences, length 15
# corresponding to MSA columns:
# 30-44
name=unknown_A
#
# <colnr> <probs for GDERKNQSTAVLIFYWHMCP>
#	G	D	E	R	K	N	Q	S	T	A	V	L	I	F	Y	W	H	M	C	P
0	0.00558	0.00372	0.00418	0.00418	0.00418	0.00372	0.00232	0.00558	0.00558	0.00743	0.01208	0.02509	0.01394	0.86525	0.01952	0.00372	0.00372	0.00558	0.00232	0.00232
1	0.00795	0.00681	0.00795	0.00568	0.00909	0.00511	0.00454	0.00965	0.00795	0.01249	0.00681	0.00795	0.00568	0.00284	0.00284	0.00057	0.00284	0.00227	0.00227	0.88869
2	0.01458	0.01074	0.01151	0.00882	0.01189	0.01189	0.00729	0.82855	0.01803	0.02416	0.00921	0.00921	0.00652	0.00460	0.00384	0.00115	0.00422	0.00345	0.00384	0.00652
3	0.00479	0.00392	0.00428	0.00449	0.00563	0.00341	0.00347	0.00586	0.00863	0.01048	0.03449	0.10888	0.64513	0.01004	0.00468	0.00139	0.00221	0.13139	0.00356	0.00327
4	0.00543	0.00392	0.00513	0.00482	0.00573	0.00362	0.00362	0.00724	0.01085	0.01538	0.83931	0.02864	0.03618	0.00784	0.00452	0.00121	0.00181	0.00693	0.00422	0.00362
5	0.89233	0.00741	0.00564	0.00504	0.00741	0.00860	0.00415	0.01127	0.00653	0.01720	0.00534	0.00623	0.00415	0.00356	0.00237	0.00119	0.00297	0.00208	0.00237	0.00415
6	0.00724	0.00681	0.01150	0.85604	0.02641	0.00852	0.01065	0.00980	0.00767	0.00980	0.00681	0.01022	0.00511	0.00383	0.00383	0.00128	0.00511	0.00341	0.00170	0.00426
7	0.00795	0.00681	0.00795	0.00568	0.00909	0.00511	0.00454	0.00965	0.00795	0.01249	0.00681	0.00795	0.00568	0.00284	0.00284	0.00057	0.00284	0.00227	0.00227	0.88869
8	0.00453	0.00388	0.00388	0.00388	0.00518	0.00324	0.00291	0.00550	0.00874	0.01036	0.03884	0.03690	0.83978	0.00971	0.00453	0.00129	0.00194	0.00809	0.00356	0.00324
9	0.00467	0.00334	0.00445	0.00534	0.00556	0.00311	0.00356	0.00534	0.00734	0.00979	0.02113	0.86275	0.02536	0.01201	0.00489	0.00156	0.00222	0.01090	0.00356	0.00311
10	0.00724	0.00681	0.01150	0.85604	0.02641	0.00852	0.01065	0.00980	0.00767	0.00980	0.00681	0.01022	0.00511	0.00383	0.00383	0.00128	0.00511	0.00341	0.00170	0.00426
11	0.01720	0.00653	0.00890	0.00682	0.00979	0.00564	0.00564	0.01869	0.01097	0.84399	0.01513	0.01305	0.00949	0.00475	0.00386	0.00119	0.00326	0.00386	0.00475	0.00653
12	0.03797	0.04834	0.78855	0.01058	0.01605	0.00911	0.01356	0.01209	0.00803	0.01221	0.00678	0.00796	0.00484	0.00363	0.00356	0.00120	0.00552	0.00278	0.00165	0.00559
13	0.00769	0.01983	0.84538	0.01093	0.01659	0.00890	0.01417	0.01214	0.00810	0.01214	0.00688	0.00810	0.00486	0.00364	0.00364	0.00121	0.00567	0.00283	0.00162	0.00567
14	0.00775	0.00738	0.01160	0.77930	0.04885	0.03708	0.01047	0.03350	0.00810	0.01027	0.00686	0.01006	0.00517	0.00385	0.00382	0.00126	0.00513	0.00338	0.00178	0.00438

[dist]
# distance from previous block
# <min> <max>
1	9

[block]
# block no. 1 follows, 71 sequences, length 6
# corresponding to MSA columns:
# 54-59
name=unknown_B
#
# <colnr> <probs for GDERKNQSTAVLIFYWHMCP>
#	G	D	E	R	K	N	Q	S	T	A	V	L	I	F	Y	W	H	M	C	P
0	0.16721	0.08455	0.02712	0.00601	0.00787	0.02541	0.00489	0.11507	0.05837	0.04208	0.13003	0.18036	0.12288	0.00685	0.00383	0.00124	0.00295	0.00564	0.00328	0.00437
1	0.01106	0.30805	0.05335	0.01080	0.17211	0.10113	0.00793	0.11219	0.10256	0.05134	0.02953	0.00916	0.00712	0.00396	0.00333	0.00104	0.00436	0.00303	0.00246	0.00549
2	0.00751	0.15951	0.00897	0.00660	0.03667	0.00759	0.00511	0.01162	0.25317	0.01263	0.15625	0.04345	0.17439	0.04656	0.00470	0.00134	0.00290	0.05321	0.00331	0.00451
3	0.00751	0.01114	0.32169	0.00793	0.03868	0.00630	0.00811	0.01013	0.00837	0.03962	0.04122	0.01410	0.15541	0.00462	0.00357	0.00100	0.00378	0.00377	0.00239	0.31066
4	0.00632	0.00627	0.00531	0.00543	0.00649	0.15430	0.00393	0.00720	0.00867	0.01000	0.02722	0.29956	0.42648	0.00943	0.00446	0.00133	0.00292	0.00800	0.00328	0.00341
5	0.00839	0.00783	0.01314	0.11068	0.60368	0.00798	0.01018	0.01041	0.00837	0.01174	0.00965	0.16185	0.00941	0.00500	0.00400	0.00123	0.00420	0.00475	0.00217	0.00535

[dist]
# distance from previous block
# <min> <max>
0	1

[block]
# block no. 2 follows, 71 sequences, length 49
# corresponding to MSA columns:
# 61-109
name=unknown_C
#
# <colnr> <probs for GDERKNQSTAVLIFYWHMCP>
#	G	D	E	R	K	N	Q	S	T	A	V	L	I	F	Y	W	H	M	C	P
0	0.01025	0.86756	0.02009	0.00656	0.00984	0.01517	0.00656	0.01148	0.00779	0.00902	0.00533	0.00615	0.00492	0.00328	0.00246	0.00082	0.00410	0.00205	0.00164	0.00492
1	0.00457	0.00389	0.00394	0.00392	0.00520	0.00325	0.00294	0.00558	0.00883	0.01057	0.07241	0.03655	0.80608	0.00963	0.00453	0.00129	0.00194	0.00804	0.00359	0.00325
2	0.00618	0.00441	0.00618	0.00706	0.00794	0.00441	0.00618	0.00794	0.00883	0.01147	0.02030	0.04325	0.02207	0.01059	0.00530	0.00177	0.00353	0.81553	0.00353	0.00353
3	0.00631	0.00378	0.00392	0.00385	0.00491	0.00351	0.00288	0.00773	0.00844	0.03323	0.06707	0.02355	0.31077	0.03486	0.00403	0.00116	0.00194	0.00546	0.46910	0.00349
4	0.89233	0.00741	0.00564	0.00504	0.00741	0.00860	0.00415	0.01127	0.00653	0.01720	0.00534	0.00623	0.00415	0.00356	0.00237	0.00119	0.00297	0.00208	0.00237	0.00415
5	0.02459	0.54576	0.06272	0.00767	0.02556	0.04096	0.00716	0.18880	0.01007	0.01268	0.00650	0.00734	0.00545	0.00457	0.03460	0.00113	0.00453	0.00251	0.00216	0.00525
6	0.00777	0.04771	0.81824	0.01078	0.01637	0.00911	0.01392	0.01212	0.00809	0.01204	0.00683	0.00803	0.00486	0.00363	0.00360	0.00120	0.00562	0.00281	0.00162	0.00564
7	0.01720	0.00653	0.00890	0.00682	0.00979	0.00564	0.00564	0.01869	0.01097	0.84399	0.01513	0.01305	0.00949	0.00475	0.00386	0.00119	0.00326	0.00386	0.00475	0.00653
8	0.01433	0.01082	0.01210	0.00927	0.01234	0.05127	0.06486	0.68479	0.01664	0.07085	0.00930	0.00940	0.00657	0.00448	0.00387	0.00116	0.00445	0.00350	0.00367	0.00633
9	0.01168	0.17678	0.27440	0.00970	0.04414	0.02567	0.08664	0.04466	0.00946	0.26668	0.00927	0.00952	0.00649	0.00391	0.00357	0.00113	0.00463	0.00319	0.00271	0.00576
10	0.00613	0.00410	0.00535	0.00501	0.00605	0.00376	0.00383	0.00789	0.01069	0.06475	0.72345	0.02866	0.06402	0.00785	0.00452	0.00123	0.00198	0.04276	0.00420	0.00377
11	0.00724	0.00681	0.01150	0.85604	0.02641	0.00852	0.01065	0.00980	0.00767	0.00980	0.00681	0.01022	0.00511	0.00383	0.00383	0.00128	0.00511	0.00341	0.00170	0.00426
12	0.01415	0.01091	0.01124	0.00879	0.01173	0.05377	0.00719	0.72118	0.08487	0.02275	0.00957	0.00951	0.00687	0.00462	0.00382	0.00115	0.00426	0.00348	0.00375	0.00638
13	0.00703	0.00452	0.00615	0.00616	0.00712	0.00467	0.00478	0.04642	0.00800	0.09810	0.01601	0.21946	0.04634	0.04507	0.32932	0.00336	0.00576	0.13488	0.00307	0.00380
14	0.00467	0.00334	0.00445	0.00534	0.00556	0.00311	0.00356	0.00534	0.00734	0.00979	0.02113	0.86275	0.02536	0.01201	0.00489	0.00156	0.00222	0.01090	0.00356	0.00311
15	0.00905	0.03784	0.04721	0.01570	0.01961	0.00985	0.77696	0.01225	0.00898	0.01217	0.00765	0.01014	0.00576	0.00325	0.00443	0.00128	0.00637	0.00440	0.00192	0.00518
16	0.00465	0.00389	0.00405	0.00401	0.00525	0.00329	0.00301	0.00574	0.00902	0.01104	0.14693	0.03578	0.73127	0.00946	0.00453	0.00128	0.00192	0.00794	0.00365	0.00329
17	0.03710	0.01137	0.01122	0.00881	0.01172	0.09797	0.00719	0.70417	0.03679	0.02227	0.00892	0.00902	0.00642	0.00452	0.00376	0.00114	0.00444	0.00334	0.00361	0.00623
18	0.00548	0.00411	0.00616	0.00616	0.00685	0.00479	0.00479	0.00685	0.00616	0.00890	0.01027	0.01506	0.00959	0.02876	0.85006	0.00616	0.01027	0.00411	0.00205	0.00342
19	0.00795	0.00681	0.00795	0.00568	0.00909	0.00511	0.00454	0.00965	0.00795	0.01249	0.00681	0.00795	0.00568	0.00284	0.00284	0.00057	0.00284	0.00227	0.00227	0.88869
20	0.00618	0.00441	0.00618	0.00706	0.00794	0.00441	0.00618	0.00794	0.00883	0.01147	0.02030	0.04325	0.02207	0.01059	0.00530	0.00177	0.00353	0.81553	0.00353	0.00353
21	0.00769	0.01983	0.84538	0.01093	0.01659	0.00890	0.01417	0.01214	0.00810	0.01214	0.00688	0.00810	0.00486	0.00364	0.00364	0.00121	0.00567	0.00283	0.00162	0.00567
22	0.01432	0.01827	0.01087	0.00988	0.01185	0.84986	0.00741	0.01531	0.01087	0.00938	0.00593	0.00691	0.00494	0.00395	0.00346	0.00099	0.00691	0.00247	0.00198	0.00444
23	0.89233	0.00741	0.00564	0.00504	0.00741	0.00860	0.00415	0.01127	0.00653	0.01720	0.00534	0.00623	0.00415	0.00356	0.00237	0.00119	0.00297	0.00208	0.00237	0.00415
24	0.00459	0.00389	0.00396	0.00394	0.00521	0.00326	0.00296	0.00561	0.00887	0.01068	0.08962	0.03638	0.78880	0.00959	0.00453	0.00129	0.00193	0.00802	0.00360	0.00326
25	0.00453	0.00388	0.00388	0.00388	0.00518	0.00324	0.00291	0.00550	0.00874	0.01036	0.03884	0.03690	0.83978	0.00971	0.00453	0.00129	0.00194	0.00809	0.00356	0.00324
26	0.00894	0.00855	0.01457	0.22704	0.64212	0.00897	0.01149	0.01129	0.00847	0.01186	0.00712	0.00967	0.00584	0.00352	0.00381	0.00117	0.00469	0.00341	0.00185	0.00563
27	0.01412	0.03259	0.01104	0.00983	0.01178	0.81654	0.00742	0.01511	0.01070	0.00937	0.00590	0.00693	0.00494	0.00400	0.00365	0.00100	0.02619	0.00248	0.00196	0.00445
28	0.00666	0.00333	0.00500	0.00500	0.00500	0.00333	0.00333	0.00500	0.00500	0.00666	0.00666	0.01166	0.00666	0.01332	0.01499	0.88844	0.00333	0.00333	0.00167	0.00167
29	0.00969	0.01479	0.48256	0.00968	0.01401	0.00887	0.02635	0.06558	0.20458	0.11061	0.01007	0.01025	0.00714	0.00419	0.00376	0.00123	0.00469	0.00338	0.00267	0.00591
30	0.01025	0.86756	0.02009	0.00656	0.00984	0.01517	0.00656	0.01148	0.00779	0.00902	0.00533	0.00615	0.00492	0.00328	0.00246	0.00082	0.00410	0.00205	0.00164	0.00492
31	0.00618	0.00441	0.00618	0.00706	0.00794	0.00441	0.00618	0.00794	0.00883	0.01147	0.02030	0.04325	0.02207	0.01059	0.00530	0.00177	0.00353	0.81553	0.00353	0.00353
32	0.08796	0.01835	0.73844	0.01059	0.01589	0.00891	0.04370	0.01207	0.00799	0.01261	0.00677	0.00801	0.00483	0.00362	0.00356	0.00121	0.00545	0.00283	0.00170	0.00551
33	0.00700	0.00652	0.00920	0.00840	0.00856	0.00844	0.02251	0.00782	0.00649	0.00950	0.01117	0.33116	0.01273	0.00865	0.00952	0.00162	0.51830	0.00623	0.00239	0.00381
34	0.00467	0.00334	0.00445	0.00534	0.00556	0.00311	0.00356	0.00534	0.00734	0.00979	0.02113	0.86275	0.02536	0.01201	0.00489	0.00156	0.00222	0.01090	0.00356	0.00311
35	0.00666	0.00333	0.00500	0.00500	0.00500	0.00333	0.00333	0.00500	0.00500	0.00666	0.00666	0.01166	0.00666	0.01332	0.01499	0.88844	0.00333	0.00333	0.00167	0.00167
36	0.01058	0.79808	0.01934	0.00683	0.01001	0.08345	0.00663	0.01179	0.00804	0.00905	0.00538	0.00621	0.00492	0.00334	0.00254	0.00083	0.00433	0.00208	0.00167	0.00488
37	0.00569	0.00442	0.00657	0.00645	0.00708	0.00531	0.00506	0.00702	0.00614	0.00892	0.00988	0.01457	0.00925	0.02713	0.78813	0.00583	0.07297	0.00405	0.00203	0.00348
38	0.01695	0.00694	0.00915	0.00702	0.00999	0.00624	0.00580	0.09761	0.01166	0.76410	0.01455	0.01268	0.00920	0.00473	0.00385	0.00118	0.00336	0.00382	0.00466	0.00652
39	0.00558	0.00372	0.00418	0.00418	0.00418	0.00372	0.00232	0.00558	0.00558	0.00743	0.01208	0.02509	0.01394	0.86525	0.01952	0.00372	0.00372	0.00558	0.00232	0.00232
40	0.00550	0.00401	0.00567	0.00567	0.00619	0.00453	0.00418	0.00653	0.00602	0.00854	0.01072	0.01754	0.01066	0.23574	0.64454	0.00556	0.00865	0.00447	0.00212	0.00315
41	0.00856	0.18155	0.64049	0.01003	0.01504	0.05783	0.01233	0.01220	0.00819	0.01139	0.00653	0.00766	0.00487	0.00359	0.00341	0.00113	0.00544	0.00266	0.00164	0.00545
42	0.00858	0.00885	0.01643	0.33100	0.23529	0.02424	0.29665	0.01128	0.00848	0.01137	0.00723	0.01001	0.00560	0.00352	0.00406	0.00124	0.00547	0.00378	0.00184	0.00505
43	0.00605	0.00432	0.00604	0.00692	0.00775	0.00431	0.00596	0.00773	0.00870	0.01134	0.02037	0.11078	0.02234	0.01071	0.00526	0.00175	0.00342	0.74922	0.00353	0.00350
44	0.00955	0.00951	0.01643	0.02217	0.70644	0.02999	0.12524	0.01193	0.00883	0.01241	0.00726	0.00954	0.00601	0.00340	0.00389	0.00116	0.00488	0.00355	0.00191	0.00591
45	0.00492	0.00466	0.05249	0.00517	0.00625	0.00365	0.01551	0.00603	0.00816	0.01044	0.06496	0.37765	0.37567	0.02649	0.00493	0.00145	0.00239	0.02238	0.00343	0.00336
46	0.00986	0.27389	0.02768	0.00712	0.01031	0.14093	0.03219	0.03204	0.00865	0.01122	0.00631	0.00735	0.00534	0.00322	0.00291	0.00076	0.00407	0.00235	0.00205	0.41175
47	0.01055	0.02193	0.00941	0.00756	0.01025	0.02152	0.00604	0.23427	0.39642	0.01715	0.01196	0.01160	0.02008	0.00453	0.00363	0.00109	0.00337	0.00363	0.00346	0.20155
48	0.00930	0.00936	0.06757	0.07734	0.01317	0.02069	0.12141	0.05219	0.48470	0.01463	0.02622	0.01255	0.00958	0.00476	0.00438	0.00129	0.04564	0.00409	0.00314	0.01801

[dist]
# distance from previous block
# <min> <max>
0	1

[block]
# block no. 3 follows, 71 sequences, length 37
# corresponding to MSA columns:
# 111-147
name=unknown_D
#
# <colnr> <probs for GDERKNQSTAVLIFYWHMCP>
#	G	D	E	R	K	N	Q	S	T	A	V	L	I	F	Y	W	H	M	C	P
0	0.69581	0.06100	0.00736	0.00592	0.00829	0.14639	0.00483	0.01194	0.00731	0.01543	0.00543	0.00634	0.00433	0.00361	0.00256	0.00113	0.00368	0.00214	0.00226	0.00425
1	0.35759	0.00904	0.06914	0.14334	0.15926	0.00895	0.16499	0.01135	0.00767	0.01383	0.00646	0.00837	0.00502	0.00357	0.00350	0.00122	0.01680	0.00306	0.00204	0.00480
2	0.00949	0.00911	0.01556	0.02353	0.84133	0.00911	0.01177	0.01177	0.00873	0.01253	0.00721	0.00949	0.00607	0.00342	0.00380	0.00114	0.00456	0.00342	0.00190	0.00607
3	0.00494	0.00390	0.00445	0.00431	0.00543	0.00341	0.00324	0.00630	0.00971	0.01266	0.40568	0.03311	0.47151	0.00885	0.00453	0.00125	0.00188	0.00756	0.00386	0.00341
4	0.00475	0.00339	0.00453	0.00538	0.00564	0.00317	0.00364	0.00549	0.00751	0.01003	0.04912	0.80806	0.02562	0.01182	0.00489	0.00155	0.00225	0.03643	0.00358	0.00314
5	0.00467	0.00334	0.00445	0.00534	0.00556	0.00311	0.00356	0.00534	0.00734	0.00979	0.02113	0.86275	0.02536	0.01201	0.00489	0.00156	0.00222	0.01090	0.00356	0.00311
6	0.00954	0.00824	0.00867	0.00780	0.00997	0.00954	0.00607	0.02037	0.83441	0.01604	0.01561	0.01431	0.01170	0.00520	0.00390	0.00130	0.00303	0.00433	0.00390	0.00607
7	0.00769	0.01983	0.84538	0.01093	0.01659	0.00890	0.01417	0.01214	0.00810	0.01214	0.00688	0.00810	0.00486	0.00364	0.00364	0.00121	0.00567	0.00283	0.00162	0.00567
8	0.00823	0.00681	0.00798	0.00571	0.00911	0.00513	0.00458	0.00993	0.00804	0.03770	0.00707	0.00811	0.00579	0.00290	0.00287	0.00059	0.00285	0.00232	0.00235	0.86195
9	0.00795	0.00681	0.00795	0.00568	0.00909	0.00511	0.00454	0.00965	0.00795	0.01249	0.00681	0.00795	0.00568	0.00284	0.00284	0.00057	0.00284	0.00227	0.00227	0.88869
10	0.00611	0.00436	0.00610	0.00698	0.00783	0.00435	0.00606	0.00782	0.00876	0.01140	0.02034	0.08164	0.02222	0.01066	0.00528	0.00176	0.00347	0.77783	0.00353	0.00351
11	0.01432	0.01827	0.01087	0.00988	0.01185	0.84986	0.00741	0.01531	0.01087	0.00938	0.00593	0.00691	0.00494	0.00395	0.00346	0.00099	0.00691	0.00247	0.00198	0.00444
12	0.00795	0.00681	0.00795	0.00568	0.00909	0.00511	0.00454	0.00965	0.00795	0.01249	0.00681	0.00795	0.00568	0.00284	0.00284	0.00057	0.00284	0.00227	0.00227	0.88869
13	0.00479	0.00349	0.00452	0.00526	0.00562	0.00326	0.00357	0.00571	0.02157	0.01025	0.06868	0.75007	0.07596	0.01152	0.00483	0.00152	0.00220	0.01039	0.00360	0.00320
14	0.00954	0.00896	0.01490	0.11203	0.70705	0.00920	0.01139	0.05768	0.00914	0.01289	0.00728	0.00955	0.00600	0.00353	0.00380	0.00115	0.00460	0.00342	0.00199	0.00590
15	0.01432	0.01827	0.01087	0.00988	0.01185	0.84986	0.00741	0.01531	0.01087	0.00938	0.00593	0.00691	0.00494	0.00395	0.00346	0.00099	0.00691	0.00247	0.00198	0.00444
16	0.00724	0.00681	0.01150	0.85604	0.02641	0.00852	0.01065	0.00980	0.00767	0.00980	0.00681	0.01022	0.00511	0.00383	0.00383	0.00128	0.00511	0.00341	0.00170	0.00426
17	0.00769	0.01983	0.84538	0.01093	0.01659	0.00890	0.01417	0.01214	0.00810	0.01214	0.00688	0.00810	0.00486	0.00364	0.00364	0.00121	0.00567	0.00283	0.00162	0.00567
18	0.00895	0.00868	0.01404	0.10054	0.33453	0.02599	0.16492	0.01317	0.18565	0.01276	0.01051	0.02426	0.02138	0.00445	0.00407	0.00126	0.00456	0.05237	0.00246	0.00545
19	0.00618	0.00441	0.00618	0.00706	0.00794	0.00441	0.00618	0.00794	0.00883	0.01147	0.02030	0.04325	0.02207	0.01059	0.00530	0.00177	0.00353	0.81553	0.00353	0.00353
20	0.00703	0.00360	0.00368	0.00366	0.00456	0.00358	0.00275	0.00882	0.00824	0.01437	0.07027	0.01530	0.01167	0.00470	0.00281	0.00092	0.00179	0.00381	0.82489	0.00358
21	0.00859	0.22868	0.54654	0.01032	0.01515	0.02772	0.08881	0.01206	0.00817	0.01133	0.00656	0.00780	0.00496	0.00352	0.00343	0.00112	0.00538	0.00279	0.00166	0.00541
22	0.00561	0.00415	0.00526	0.00497	0.00596	0.00392	0.00375	0.00784	0.05348	0.01507	0.73953	0.02859	0.07761	0.00785	0.00450	0.00123	0.00191	0.02090	0.00416	0.00372
23	0.00618	0.00441	0.00618	0.00706	0.00794	0.00441	0.00618	0.00794	0.00883	0.01147	0.02030	0.04325	0.02207	0.01059	0.00530	0.00177	0.00353	0.81553	0.00353	0.00353
24	0.00552	0.00371	0.00418	0.00421	0.00426	0.00368	0.00238	0.00557	0.00573	0.00760	0.01316	0.05192	0.03883	0.81287	0.01861	0.00358	0.00362	0.00582	0.00240	0.00238
25	0.00769	0.01983	0.84538	0.01093	0.01659	0.00890	0.01417	0.01214	0.00810	0.01214	0.00688	0.00810	0.00486	0.00364	0.00364	0.00121	0.00567	0.00283	0.00162	0.00567
26	0.00956	0.00939	0.01550	0.03706	0.75465	0.03575	0.03946	0.01181	0.00873	0.01230	0.00714	0.00943	0.00599	0.00351	0.00400	0.00115	0.02335	0.00342	0.00189	0.00592
27	0.00548	0.00411	0.00616	0.00616	0.00685	0.00479	0.00479	0.00685	0.00616	0.00890	0.01027	0.01506	0.00959	0.02876	0.85006	0.00616	0.01027	0.00411	0.00205	0.00342
28	0.17405	0.37722	0.02749	0.00869	0.02300	0.14691	0.12572	0.01207	0.00815	0.01117	0.00581	0.00709	0.00493	0.00362	0.00348	0.00104	0.05037	0.00258	0.00188	0.00473
29	0.00558	0.00372	0.00418	0.00418	0.00418	0.00372	0.00232	0.00558	0.00558	0.00743	0.01208	0.02509	0.01394	0.86525	0.01952	0.00372	0.00372	0.00558	0.00232	0.00232
30	0.71081	0.06064	0.00734	0.00578	0.00815	0.05266	0.00480	0.06006	0.00749	0.01644	0.00559	0.00651	0.00441	0.00373	0.00287	0.00117	0.03260	0.00222	0.00237	0.00436
31	0.85494	0.00746	0.00589	0.00525	0.00753	0.00873	0.00433	0.01118	0.00650	0.01687	0.00533	0.00632	0.00419	0.00369	0.00280	0.00121	0.03915	0.00213	0.00234	0.00415
32	0.00564	0.00409	0.00524	0.00492	0.00588	0.00387	0.00370	0.00782	0.04545	0.01538	0.78765	0.02774	0.03461	0.00766	0.00446	0.00120	0.00186	0.00676	0.02235	0.00372
33	0.00548	0.00411	0.00616	0.00616	0.00685	0.00479	0.00479	0.00685	0.00616	0.00890	0.01027	0.01506	0.00959	0.02876	0.85006	0.00616	0.01027	0.00411	0.00205	0.00342
34	0.00543	0.00392	0.00513	0.00482	0.00573	0.00362	0.00362	0.00724	0.01085	0.01538	0.83931	0.02864	0.03618	0.00784	0.00452	0.00121	0.00181	0.00693	0.00422	0.00362
35	0.03889	0.00655	0.00882	0.00678	0.00973	0.00571	0.00560	0.01850	0.01086	0.82350	0.01488	0.01288	0.00936	0.00472	0.00382	0.00119	0.00326	0.00381	0.00469	0.00647
36	0.00453	0.00388	0.00388	0.00388	0.00518	0.00324	0.00291	0.00550	0.00874	0.01036	0.03884	0.03690	0.83978	0.00971	0.00453	0.00129	0.00194	0.00809	0.00356	0.00324

[dist]
# distance from previous block
# <min> <max>
0	253

# created by:
# /usr/local/bin/augustus/scripts/msa2prfl.pl /tmp/cug/new/actin-related-protein-class-2.fasta
