[name]
unknown

[dist]
# distance from previous block
# <min> <max>
24	213

[block]
# block no. 0 follows, 70 sequences, length 6
# corresponding to MSA columns:
# 213-218
name=unknown_A
#
# <colnr> <probs for GDERKNQSTAVLIFYWHMCP>
#	G	D	E	R	K	N	Q	S	T	A	V	L	I	F	Y	W	H	M	C	P
0	0.00632	0.00461	0.00523	0.00485	0.00572	0.00441	0.00329	0.07273	0.00818	0.01098	0.12361	0.08359	0.14867	0.41745	0.01166	0.00242	0.00308	0.00616	0.00301	0.07404
1	0.04122	0.00980	0.08444	0.09809	0.17621	0.00883	0.18704	0.14524	0.01016	0.01451	0.04048	0.01009	0.00703	0.00376	0.00382	0.00112	0.00468	0.00356	0.00238	0.14754
2	0.00860	0.00771	0.01128	0.00876	0.01147	0.03048	0.20576	0.07960	0.05614	0.03150	0.05524	0.07018	0.07780	0.00531	0.00401	0.00112	0.00391	0.06295	0.00287	0.26532
3	0.05675	0.00478	0.00564	0.00548	0.00667	0.00471	0.00418	0.00883	0.07504	0.08049	0.21081	0.20262	0.22586	0.00869	0.00475	0.00137	0.03123	0.05439	0.00374	0.00394
4	0.01044	0.00910	0.01014	0.00820	0.01078	0.10756	0.08193	0.21794	0.07071	0.04028	0.01194	0.09356	0.04469	0.00536	0.00388	0.00111	0.00402	0.05172	0.00308	0.21356
5	0.00717	0.00469	0.00584	0.00567	0.00683	0.00435	0.00415	0.07323	0.00930	0.09871	0.12878	0.46549	0.08833	0.00936	0.00452	0.00136	0.00249	0.00828	0.00374	0.06770

[dist]
# distance from previous block
# <min> <max>
0	1

[block]
# block no. 1 follows, 70 sequences, length 22
# corresponding to MSA columns:
# 220-241
name=unknown_B
#
# <colnr> <probs for GDERKNQSTAVLIFYWHMCP>
#	G	D	E	R	K	N	Q	S	T	A	V	L	I	F	Y	W	H	M	C	P
0	0.01451	0.01768	0.01105	0.00988	0.01199	0.76059	0.00748	0.10046	0.01174	0.01105	0.00634	0.00723	0.00516	0.00406	0.00354	0.00102	0.00671	0.00260	0.00219	0.00471
1	0.00933	0.01012	0.02119	0.01537	0.01890	0.00946	0.73263	0.01208	0.00913	0.01242	0.00885	0.01276	0.00726	0.09379	0.00639	0.00166	0.00641	0.00486	0.00219	0.00521
2	0.00960	0.00921	0.01574	0.02380	0.83957	0.00921	0.01190	0.01190	0.00883	0.01267	0.00729	0.00960	0.00614	0.00345	0.00384	0.00115	0.00461	0.00345	0.00192	0.00614
3	0.01354	0.01698	0.01049	0.00959	0.01145	0.75983	0.00721	0.01458	0.01049	0.00944	0.00645	0.00785	0.00549	0.00662	0.09201	0.00155	0.00735	0.00267	0.00201	0.00439
4	0.00567	0.00407	0.00584	0.00584	0.00647	0.00465	0.00444	0.00694	0.00630	0.00922	0.01073	0.01624	0.01017	0.11481	0.70269	0.00560	0.00909	0.00427	0.06360	0.00336
5	0.01034	0.00752	0.00846	0.00705	0.00879	0.00826	0.00543	0.43192	0.01228	0.01658	0.01036	0.01509	0.00936	0.25788	0.17042	0.00289	0.00529	0.00424	0.00309	0.00476
6	0.01242	0.00942	0.01012	0.00832	0.01098	0.01055	0.00669	0.39711	0.40969	0.06270	0.01273	0.01199	0.00927	0.00495	0.00391	0.00124	0.00364	0.00394	0.00396	0.00637
7	0.06121	0.45942	0.21954	0.00807	0.01167	0.13908	0.00842	0.01220	0.00837	0.01046	0.00670	0.00759	0.02549	0.00369	0.00298	0.00099	0.00484	0.00248	0.00180	0.00500
8	0.00554	0.00415	0.00623	0.00623	0.00692	0.00485	0.00485	0.00692	0.00623	0.00900	0.01038	0.01523	0.00969	0.02908	0.84839	0.00623	0.01038	0.00415	0.00208	0.00346
9	0.00471	0.00341	0.00446	0.00530	0.00560	0.00316	0.00356	0.00541	0.00751	0.00993	0.02250	0.80898	0.07716	0.01200	0.00493	0.00156	0.00223	0.01084	0.00360	0.00316
10	0.00935	0.00897	0.01530	0.11188	0.75337	0.00915	0.01178	0.01169	0.00871	0.01237	0.00725	0.00967	0.00604	0.00350	0.00384	0.00117	0.00467	0.00345	0.00190	0.00595
11	0.01011	0.01044	0.01389	0.14786	0.52362	0.15676	0.01063	0.01270	0.05442	0.01188	0.00747	0.00952	0.00610	0.00371	0.00379	0.00116	0.00503	0.00334	0.00201	0.00557
12	0.01059	0.81939	0.01980	0.00682	0.01006	0.06122	0.00668	0.01182	0.00805	0.00914	0.00542	0.00626	0.00498	0.00335	0.00254	0.00084	0.00430	0.00210	0.00168	0.00495
13	0.00973	0.49989	0.31816	0.00839	0.01257	0.01281	0.00947	0.06858	0.00871	0.01133	0.00623	0.00715	0.00506	0.00354	0.00302	0.00100	0.00473	0.00246	0.00181	0.00536
14	0.00954	0.01104	0.02201	0.01588	0.01966	0.07082	0.76596	0.01264	0.00928	0.01221	0.00771	0.01021	0.00582	0.00332	0.00450	0.00128	0.00657	0.00442	0.00196	0.00518
15	0.00639	0.00514	0.00557	0.00516	0.00655	0.05267	0.02831	0.00760	0.00929	0.06959	0.16519	0.06971	0.49693	0.02440	0.02880	0.00146	0.00275	0.00722	0.00359	0.00368
16	0.03303	0.00550	0.00643	0.04282	0.02299	0.00569	0.00440	0.08975	0.05417	0.01153	0.02863	0.12912	0.03850	0.42873	0.03501	0.00278	0.00391	0.05024	0.00303	0.00375
17	0.01097	0.00631	0.00757	0.00659	0.00833	0.00615	0.00506	0.16090	0.01089	0.23822	0.07353	0.08195	0.08463	0.15547	0.04636	0.00204	0.00377	0.06062	0.02568	0.00497
18	0.00553	0.00453	0.00667	0.00635	0.00743	0.00421	0.08993	0.00686	0.00854	0.01118	0.12988	0.28136	0.22961	0.03611	0.03764	0.00171	0.00312	0.12241	0.00341	0.00351
19	0.00745	0.00702	0.01187	0.80634	0.07377	0.00865	0.01083	0.01002	0.00781	0.01007	0.00691	0.01029	0.00522	0.00385	0.00387	0.00128	0.00514	0.00345	0.00173	0.00441
20	0.01044	0.12458	0.29826	0.02574	0.02904	0.23589	0.16230	0.01335	0.02592	0.02917	0.00703	0.00833	0.00539	0.00370	0.00366	0.00113	0.00588	0.00306	0.00192	0.00522
21	0.00737	0.05182	0.00982	0.34818	0.10189	0.02275	0.00766	0.00906	0.02899	0.01051	0.11096	0.02960	0.05165	0.00668	0.00597	0.15803	0.00405	0.02877	0.00229	0.00395

[dist]
# distance from previous block
# <min> <max>
19	104

[block]
# block no. 2 follows, 70 sequences, length 31
# corresponding to MSA columns:
# 346-376
name=unknown_C
#
# <colnr> <probs for GDERKNQSTAVLIFYWHMCP>
#	G	D	E	R	K	N	Q	S	T	A	V	L	I	F	Y	W	H	M	C	P
0	0.00869	0.00713	0.00768	0.00694	0.00885	0.00792	0.00538	0.03148	0.57522	0.03246	0.14283	0.01893	0.10169	0.00611	0.00408	0.00129	0.00277	0.00514	0.01997	0.00543
1	0.00468	0.00385	0.00408	0.00417	0.00528	0.00329	0.00304	0.00564	0.00867	0.01057	0.07874	0.13867	0.66710	0.03838	0.00513	0.00142	0.00205	0.00839	0.00359	0.00325
2	0.00586	0.00407	0.00514	0.00480	0.00588	0.00368	0.00363	0.00753	0.01062	0.05104	0.66576	0.02968	0.17154	0.00811	0.00454	0.00123	0.00192	0.00707	0.00418	0.00372
3	0.00471	0.00383	0.00414	0.00437	0.00539	0.00331	0.00319	0.00562	0.00844	0.01030	0.03392	0.20981	0.60968	0.03871	0.00519	0.00146	0.00214	0.03901	0.00356	0.00323
4	0.00875	0.06525	0.01473	0.01123	0.01227	0.01167	0.17924	0.01013	0.00674	0.00996	0.00568	0.00875	0.00525	0.00582	0.01035	0.00156	0.62283	0.00355	0.00175	0.00450
5	0.00787	0.00655	0.00761	0.00563	0.00874	0.00506	0.00446	0.00973	0.02392	0.01270	0.00808	0.04610	0.00701	0.00343	0.00297	0.00065	0.00278	0.00281	0.06041	0.77349
6	0.87886	0.00819	0.00643	0.00580	0.00826	0.00924	0.00465	0.01209	0.00726	0.01825	0.00641	0.00769	0.00516	0.00426	0.00285	0.00138	0.00335	0.00244	0.00273	0.00472
7	0.01439	0.01069	0.01144	0.00885	0.01189	0.01186	0.00729	0.77219	0.07324	0.02388	0.00974	0.00966	0.00695	0.00469	0.00388	0.00117	0.00419	0.00355	0.00388	0.00656
8	0.01078	0.02046	0.10575	0.20605	0.07901	0.09584	0.03866	0.13515	0.06630	0.09550	0.00846	0.00985	0.00632	0.00443	0.00482	0.00126	0.10003	0.00342	0.00254	0.00536
9	0.03123	0.01105	0.00881	0.00785	0.00942	0.33112	0.00592	0.16849	0.02387	0.01224	0.02424	0.01213	0.00810	0.13347	0.12547	0.06042	0.01587	0.00355	0.00248	0.00426
10	0.00478	0.00375	0.00429	0.00465	0.00549	0.00332	0.00334	0.00568	0.00829	0.01037	0.05604	0.33069	0.45304	0.04208	0.00531	0.00151	0.00221	0.04837	0.00357	0.00322
11	0.00836	0.00795	0.01350	0.47667	0.39638	0.00889	0.01128	0.01081	0.00824	0.01116	0.00707	0.01000	0.00561	0.00368	0.00386	0.00123	0.00491	0.00345	0.00181	0.00514
12	0.00472	0.00393	0.00411	0.00407	0.00532	0.00333	0.00305	0.00583	0.00916	0.01123	0.15854	0.03606	0.71826	0.00954	0.00458	0.00130	0.00194	0.00801	0.00370	0.00333
13	0.89114	0.00750	0.00570	0.00510	0.00750	0.00870	0.00420	0.01140	0.00660	0.01739	0.00540	0.00630	0.00420	0.00360	0.00240	0.00120	0.00300	0.00210	0.00240	0.00420
14	0.00649	0.00531	0.00786	0.18500	0.13207	0.00550	0.00611	0.00767	0.00724	0.00984	0.01257	0.26736	0.01366	0.20719	0.02363	0.02457	0.00378	0.00615	0.00250	0.06551
15	0.06562	0.00823	0.00921	0.00722	0.01008	0.06594	0.00588	0.17525	0.01195	0.46679	0.04832	0.01184	0.00922	0.00461	0.00372	0.00112	0.00363	0.00361	0.00404	0.08372
16	0.00960	0.00831	0.03105	0.01011	0.13845	0.00870	0.02197	0.17483	0.32654	0.01604	0.04494	0.05619	0.07522	0.00642	0.03476	0.00144	0.00374	0.00472	0.02138	0.00559
17	0.01017	0.76188	0.10581	0.00716	0.01070	0.03057	0.00745	0.01175	0.00797	0.00946	0.00556	0.00644	0.00497	0.00337	0.00263	0.00087	0.00436	0.00216	0.00166	0.00504
18	0.02283	0.04382	0.19618	0.00700	0.00983	0.00659	0.00685	0.08317	0.02053	0.15963	0.24546	0.01868	0.12162	0.00591	0.00401	0.00119	0.00336	0.00490	0.00344	0.03500
19	0.02609	0.14389	0.07355	0.00679	0.00846	0.03922	0.01352	0.02957	0.03485	0.04761	0.13765	0.06156	0.01355	0.13654	0.14162	0.00238	0.07176	0.00458	0.00263	0.00416
20	0.00804	0.00689	0.00804	0.00574	0.00919	0.00517	0.00459	0.00976	0.00804	0.01263	0.00689	0.00804	0.00574	0.00287	0.00287	0.00057	0.00287	0.00230	0.00230	0.88745
21	0.00710	0.00720	0.05931	0.02262	0.18068	0.00662	0.10730	0.00939	0.04831	0.01187	0.10134	0.19332	0.10508	0.02011	0.01630	0.00146	0.05444	0.04024	0.00284	0.00447
22	0.00745	0.02244	0.00790	0.00685	0.02228	0.00624	0.06206	0.09892	0.15298	0.01486	0.29203	0.09362	0.16351	0.00723	0.00433	0.00127	0.00279	0.00632	0.02245	0.00447
23	0.00506	0.00392	0.00449	0.00436	0.00540	0.00346	0.00321	0.00629	0.00946	0.01233	0.36846	0.03264	0.43964	0.06077	0.00569	0.01821	0.00204	0.00745	0.00377	0.00335
24	0.00862	0.00737	0.00899	0.00763	0.08638	0.00599	0.00545	0.06364	0.00878	0.01341	0.00709	0.00827	0.00584	0.00304	0.00303	0.00067	0.00312	0.00248	0.00237	0.74784
25	0.01307	0.01398	0.01002	0.00892	0.01093	0.49708	0.00685	0.15478	0.06175	0.04071	0.00905	0.01206	0.00778	0.05675	0.00471	0.00128	0.00563	0.06452	0.01533	0.00482
26	0.00576	0.00378	0.00468	0.00476	0.00554	0.00359	0.00352	0.00730	0.00926	0.01362	0.38418	0.20026	0.05313	0.00862	0.02354	0.00136	0.00218	0.03919	0.22222	0.00352
27	0.00504	0.00391	0.00458	0.00448	0.00553	0.00345	0.00334	0.00642	0.00980	0.01293	0.43078	0.08305	0.39470	0.00903	0.00460	0.00128	0.00191	0.00778	0.00393	0.00345
28	0.07573	0.00694	0.00895	0.00691	0.00988	0.00631	0.00571	0.07147	0.01126	0.73327	0.01424	0.01248	0.00904	0.00471	0.00380	0.00120	0.00334	0.00375	0.00458	0.00644
29	0.00683	0.00536	0.00667	0.07397	0.00861	0.00538	0.00493	0.00863	0.06372	0.01334	0.33528	0.06734	0.19767	0.05145	0.10113	0.00215	0.03282	0.00675	0.00375	0.00423
30	0.00850	0.00705	0.00980	0.11617	0.17348	0.00635	0.00683	0.01035	0.00833	0.05874	0.02955	0.06553	0.00805	0.00402	0.00357	0.00091	0.01629	0.00347	0.00242	0.46059

[dist]
# distance from previous block
# <min> <max>
15	69

[block]
# block no. 3 follows, 70 sequences, length 37
# corresponding to MSA columns:
# 446-482
name=unknown_D
#
# <colnr> <probs for GDERKNQSTAVLIFYWHMCP>
#	G	D	E	R	K	N	Q	S	T	A	V	L	I	F	Y	W	H	M	C	P
0	0.02459	0.15743	0.51914	0.01067	0.06851	0.01943	0.01163	0.08271	0.03120	0.01300	0.00712	0.00817	0.00534	0.00372	0.00348	0.00114	0.00511	0.00284	0.00194	0.02283
1	0.00870	0.08945	0.31563	0.04853	0.19289	0.02614	0.08676	0.02551	0.02939	0.02292	0.00959	0.01103	0.06249	0.01467	0.00394	0.00119	0.00490	0.00353	0.00205	0.04069
2	0.00553	0.00378	0.00433	0.00436	0.00449	0.00377	0.00257	0.00569	0.00594	0.00787	0.01418	0.05546	0.06708	0.73277	0.06370	0.00366	0.00395	0.00591	0.00246	0.00250
3	0.02367	0.12714	0.19904	0.02430	0.04974	0.08619	0.05033	0.01048	0.02724	0.02083	0.05663	0.08306	0.14470	0.00600	0.00425	0.00124	0.03591	0.04213	0.00251	0.00461
4	0.05337	0.07760	0.26312	0.01087	0.08121	0.10057	0.09002	0.07754	0.05723	0.12356	0.02319	0.00964	0.00680	0.00402	0.00369	0.00117	0.00494	0.00329	0.00254	0.00562
5	0.00967	0.00793	0.00892	0.02158	0.04150	0.15348	0.07160	0.01111	0.01955	0.15941	0.06042	0.17580	0.11478	0.03610	0.02036	0.00147	0.04890	0.02033	0.01264	0.00443
6	0.00884	0.09003	0.01402	0.11916	0.51612	0.00915	0.00997	0.01123	0.04326	0.01174	0.00949	0.05621	0.04056	0.01963	0.00429	0.00123	0.02356	0.00399	0.00212	0.00542
7	0.03741	0.04263	0.06474	0.04118	0.24268	0.17889	0.02610	0.14312	0.02522	0.09444	0.00858	0.03383	0.00684	0.01333	0.00388	0.00116	0.00483	0.00344	0.00261	0.02509
8	0.00862	0.04054	0.19610	0.00853	0.01143	0.03336	0.09321	0.06775	0.11472	0.06104	0.05101	0.13668	0.09262	0.00610	0.00410	0.00126	0.00400	0.02346	0.00298	0.04250
9	0.00544	0.00400	0.00501	0.00528	0.00620	0.00367	0.00409	0.00680	0.00921	0.02417	0.25277	0.19306	0.25467	0.00987	0.00482	0.00145	0.00238	0.19983	0.00380	0.00348
10	0.00931	0.01054	0.11876	0.01308	0.15862	0.03932	0.21287	0.07112	0.18541	0.01389	0.04889	0.03608	0.00927	0.01450	0.02485	0.00141	0.01970	0.00425	0.00263	0.00549
11	0.00993	0.00902	0.03078	0.05062	0.46492	0.00904	0.09232	0.08083	0.06382	0.05391	0.00871	0.01106	0.00709	0.04989	0.01961	0.00143	0.02514	0.00377	0.00237	0.00574
12	0.01253	0.41681	0.01555	0.00805	0.01100	0.19422	0.00703	0.25203	0.02591	0.01382	0.00685	0.00744	0.00557	0.00389	0.00314	0.00097	0.00478	0.00262	0.00242	0.00537
13	0.00549	0.00371	0.00432	0.00446	0.00451	0.00369	0.00261	0.00563	0.00593	0.00793	0.01362	0.15717	0.01581	0.70902	0.03745	0.00347	0.00368	0.00645	0.00254	0.00250
14	0.00870	0.00872	0.03143	0.31982	0.45437	0.00905	0.08918	0.01124	0.00846	0.01165	0.00719	0.00991	0.00574	0.00359	0.00392	0.00122	0.00501	0.00355	0.00185	0.00539
15	0.00973	0.06435	0.63788	0.01004	0.01511	0.00882	0.01227	0.02575	0.00883	0.15908	0.00838	0.00898	0.00577	0.00387	0.00366	0.00120	0.00519	0.00301	0.00223	0.00585
16	0.00732	0.00689	0.01163	0.85444	0.02670	0.00861	0.01077	0.00991	0.00775	0.00991	0.00689	0.01034	0.00517	0.00388	0.00388	0.00129	0.00517	0.00345	0.00172	0.00431
17	0.00625	0.00446	0.00625	0.00714	0.00803	0.00446	0.00625	0.00803	0.00892	0.01160	0.02053	0.04373	0.02231	0.01071	0.00535	0.00178	0.00357	0.81348	0.00357	0.00357
18	0.00779	0.00737	0.01247	0.68442	0.19308	0.00874	0.01100	0.01031	0.00797	0.01047	0.00697	0.01018	0.00537	0.00379	0.00387	0.00126	0.00505	0.00345	0.00176	0.00468
19	0.00566	0.00423	0.00605	0.00600	0.00654	0.00488	0.00451	0.00677	0.00611	0.00874	0.01054	0.01687	0.01035	0.18163	0.66816	0.00562	0.03755	0.00440	0.00211	0.00328
20	0.00554	0.00415	0.00623	0.00623	0.00692	0.00485	0.00485	0.00692	0.00623	0.00900	0.01038	0.01523	0.00969	0.02908	0.84839	0.00623	0.01038	0.00415	0.00208	0.00346
21	0.00960	0.00921	0.01574	0.02380	0.83957	0.00921	0.01190	0.01190	0.00883	0.01267	0.00729	0.00960	0.00614	0.00345	0.00384	0.00115	0.00461	0.00345	0.00192	0.00614
22	0.00753	0.00698	0.01170	0.74116	0.10338	0.00847	0.01055	0.01006	0.00787	0.01035	0.00716	0.01043	0.00545	0.00386	0.00383	0.00126	0.00498	0.00345	0.03706	0.00445
23	0.00814	0.00773	0.01311	0.55494	0.31979	0.00883	0.01117	0.01062	0.00814	0.01090	0.00704	0.01007	0.00552	0.00372	0.00386	0.00124	0.00497	0.00345	0.00179	0.00497
24	0.00506	0.00396	0.00448	0.00447	0.00551	0.00352	0.00335	0.00624	0.00911	0.01165	0.25021	0.03444	0.47785	0.09087	0.00609	0.00156	0.00223	0.07243	0.00366	0.00331
25	0.00754	0.00729	0.01006	0.00848	0.01032	0.09997	0.19706	0.00912	0.00870	0.02727	0.04777	0.31275	0.09020	0.00759	0.00443	0.00131	0.00390	0.04656	0.00295	0.09674
26	0.08958	0.00720	0.00786	0.00589	0.00903	0.02287	0.00468	0.04006	0.02309	0.01335	0.00754	0.03686	0.00650	0.01453	0.00318	0.00075	0.00301	0.00270	0.00243	0.69889
27	0.07049	0.01592	0.01001	0.00903	0.01105	0.66336	0.00684	0.06246	0.01093	0.01098	0.00933	0.00998	0.08453	0.00456	0.00355	0.00105	0.00609	0.00307	0.00229	0.00448
28	0.04734	0.01065	0.09006	0.00844	0.01166	0.01029	0.00746	0.55996	0.01531	0.14747	0.00999	0.00990	0.00694	0.00454	0.00376	0.00117	0.00411	0.00345	0.04122	0.00629
29	0.09346	0.00946	0.01061	0.19249	0.01363	0.14486	0.00806	0.02233	0.05211	0.01089	0.00658	0.00908	0.00561	0.00601	0.03563	0.00156	0.35549	0.00322	0.01452	0.00439
30	0.00823	0.16487	0.60097	0.09069	0.01638	0.01008	0.01245	0.01214	0.02868	0.01160	0.00690	0.00821	0.00512	0.00368	0.00350	0.00117	0.00534	0.00282	0.00171	0.00547
31	0.00971	0.00849	0.01414	0.04439	0.09296	0.00855	0.29543	0.08178	0.17074	0.08056	0.03646	0.04826	0.06200	0.00501	0.00427	0.00129	0.00451	0.02306	0.00299	0.00539
32	0.00826	0.00615	0.08584	0.00581	0.00762	0.00485	0.00504	0.01079	0.05562	0.16003	0.45360	0.02139	0.02374	0.00635	0.00407	0.00118	0.00252	0.00545	0.12717	0.00450
33	0.00887	0.00590	0.00711	0.03903	0.03448	0.03368	0.00501	0.04289	0.09855	0.16843	0.23782	0.09137	0.11060	0.05349	0.04372	0.00162	0.00327	0.00587	0.00374	0.00456
34	0.01326	0.01369	0.01023	0.00883	0.01112	0.43334	0.00685	0.24112	0.08641	0.04015	0.01126	0.01139	0.08569	0.00487	0.00376	0.00111	0.00529	0.00353	0.00294	0.00517
35	0.00599	0.00437	0.00578	0.00655	0.08455	0.00452	0.00382	0.00653	0.00608	0.00834	0.01133	0.02157	0.01234	0.59305	0.20546	0.00407	0.00534	0.00509	0.00225	0.00296
36	0.01363	0.01711	0.01053	0.00963	0.01150	0.76771	0.00724	0.01466	0.01053	0.00944	0.00641	0.00778	0.00544	0.00639	0.08412	0.00150	0.00732	0.00265	0.00201	0.00440

[dist]
# distance from previous block
# <min> <max>
0	1

[block]
# block no. 4 follows, 70 sequences, length 17
# corresponding to MSA columns:
# 484-500
name=unknown_E
#
# <colnr> <probs for GDERKNQSTAVLIFYWHMCP>
#	G	D	E	R	K	N	Q	S	T	A	V	L	I	F	Y	W	H	M	C	P
0	0.00934	0.00943	0.09504	0.23829	0.34306	0.00894	0.01041	0.08071	0.07515	0.04393	0.00957	0.01125	0.03952	0.00414	0.00388	0.00122	0.00456	0.00368	0.00234	0.00556
1	0.00974	0.00960	0.01346	0.16331	0.24632	0.11228	0.13648	0.09180	0.04457	0.01297	0.01985	0.03658	0.03123	0.00447	0.00400	0.00122	0.00492	0.02459	0.02745	0.00518
2	0.01044	0.00908	0.01524	0.02168	0.02384	0.00908	0.36889	0.23330	0.04249	0.05858	0.10874	0.03725	0.02305	0.00473	0.00430	0.00125	0.00478	0.00473	0.01315	0.00541
3	0.00904	0.04688	0.16059	0.03848	0.40075	0.01988	0.12910	0.02076	0.04833	0.01259	0.04368	0.01068	0.00754	0.02042	0.00430	0.00124	0.01436	0.00368	0.00209	0.00562
4	0.00901	0.00829	0.00907	0.00695	0.00973	0.07393	0.00558	0.05750	0.00854	0.01256	0.00668	0.00810	0.00563	0.00366	0.00449	0.00081	0.13421	0.00255	0.00227	0.63043
5	0.00800	0.01761	0.66920	0.01178	0.08193	0.00870	0.04408	0.01202	0.00826	0.01235	0.00701	0.00837	0.00512	0.00357	0.00365	0.00116	0.00541	0.00292	0.00173	0.08713
6	0.00737	0.08455	0.04546	0.04367	0.10200	0.00664	0.02281	0.03333	0.06298	0.02308	0.16141	0.06954	0.18708	0.00656	0.00407	0.00119	0.00316	0.04607	0.00308	0.08595
7	0.00625	0.00544	0.07180	0.00508	0.00674	0.00404	0.00432	0.00774	0.00943	0.08858	0.22557	0.07823	0.45529	0.00854	0.00447	0.00129	0.00237	0.00724	0.00371	0.00386
8	0.00879	0.00931	0.12473	0.00986	0.11356	0.00727	0.06545	0.08168	0.03520	0.03014	0.08463	0.03117	0.00933	0.00415	0.00385	0.00099	0.02776	0.00355	0.00257	0.34601
9	0.00861	0.38300	0.25696	0.00784	0.01125	0.01097	0.00837	0.01155	0.07396	0.01108	0.05514	0.06243	0.04760	0.00479	0.00364	0.00110	0.03088	0.00364	0.00219	0.00500
10	0.02663	0.08893	0.06416	0.01304	0.21887	0.06788	0.05594	0.03393	0.00805	0.01118	0.00817	0.06028	0.03265	0.00534	0.00672	0.00134	0.28610	0.00384	0.00203	0.00492
11	0.01297	0.12683	0.01119	0.00847	0.01070	0.49525	0.00666	0.03986	0.04325	0.09799	0.01055	0.01087	0.08278	0.00509	0.02024	0.00115	0.00559	0.00325	0.00253	0.00478
12	0.01037	0.70081	0.05139	0.00691	0.01016	0.01407	0.00683	0.08660	0.00903	0.01105	0.05662	0.00797	0.00705	0.00374	0.00279	0.00090	0.00408	0.00254	0.00202	0.00507
13	0.06161	0.00824	0.08446	0.00645	0.00906	0.07284	0.01512	0.02445	0.00843	0.01218	0.05174	0.06306	0.12154	0.02740	0.04819	0.00130	0.01474	0.00412	0.00257	0.36249
14	0.07862	0.19029	0.02855	0.00971	0.07681	0.13401	0.03074	0.09464	0.02505	0.05528	0.00740	0.02196	0.00631	0.00551	0.03334	0.00137	0.17890	0.01424	0.00230	0.00498
15	0.03335	0.02412	0.06247	0.26172	0.26995	0.00812	0.00939	0.02552	0.00851	0.02670	0.08395	0.01159	0.00872	0.00556	0.05200	0.00146	0.02954	0.00364	0.00219	0.07149
16	0.00726	0.00691	0.05892	0.04337	0.12209	0.00599	0.01815	0.08405	0.03062	0.01341	0.16687	0.04468	0.26300	0.01719	0.00433	0.00121	0.00310	0.00563	0.00315	0.10006

[dist]
# distance from previous block
# <min> <max>
7	24

[block]
# block no. 5 follows, 70 sequences, length 13
# corresponding to MSA columns:
# 526-538
name=unknown_F
#
# <colnr> <probs for GDERKNQSTAVLIFYWHMCP>
#	G	D	E	R	K	N	Q	S	T	A	V	L	I	F	Y	W	H	M	C	P
0	0.00996	0.09434	0.05839	0.14861	0.33296	0.10481	0.02323	0.03894	0.08111	0.02345	0.00788	0.00958	0.00630	0.00388	0.00383	0.00115	0.02058	0.00329	0.02227	0.00544
1	0.00676	0.00505	0.00697	0.04639	0.04966	0.00530	0.02744	0.03731	0.04071	0.03003	0.05677	0.06714	0.08533	0.12430	0.29830	0.00327	0.00569	0.00509	0.07897	0.01955
2	0.00542	0.00397	0.00538	0.00542	0.00600	0.00422	0.00395	0.00649	0.00702	0.00975	0.12483	0.09281	0.07048	0.19315	0.43858	0.00433	0.00663	0.00569	0.00266	0.00322
3	0.00639	0.00459	0.00578	0.00551	0.00660	0.00473	0.00420	0.00888	0.10023	0.04627	0.26349	0.02287	0.14236	0.04944	0.27281	0.00292	0.00484	0.00567	0.03855	0.00388
4	0.84927	0.00745	0.00586	0.00518	0.00761	0.00855	0.00427	0.01176	0.00681	0.05692	0.00587	0.00663	0.00446	0.00366	0.00247	0.00120	0.00301	0.00219	0.00251	0.00431
5	0.01059	0.27048	0.30853	0.00939	0.03803	0.04077	0.00968	0.11164	0.00953	0.08572	0.00735	0.00820	0.00560	0.00401	0.00400	0.00112	0.06475	0.00284	0.00222	0.00555
6	0.02378	0.44777	0.27695	0.02657	0.03227	0.02741	0.02597	0.02972	0.00830	0.01082	0.00754	0.00856	0.03836	0.00415	0.01625	0.00110	0.00477	0.00275	0.00182	0.00515
7	0.01547	0.00618	0.00835	0.00654	0.00923	0.00536	0.00535	0.01699	0.01100	0.71117	0.11507	0.01601	0.04439	0.00537	0.00401	0.00121	0.00307	0.00444	0.00469	0.00612
8	0.00592	0.00599	0.09519	0.00649	0.00765	0.00478	0.02630	0.02209	0.07771	0.01087	0.01829	0.51993	0.03992	0.09358	0.00616	0.00172	0.00304	0.04737	0.00326	0.00374
9	0.00884	0.00823	0.01214	0.46034	0.21193	0.07537	0.02801	0.02485	0.00859	0.04780	0.00842	0.07291	0.00713	0.00444	0.00393	0.00125	0.00490	0.00398	0.00211	0.00482
10	0.00582	0.00358	0.00415	0.00453	0.00519	0.00341	0.00323	0.00707	0.00804	0.01212	0.05286	0.37299	0.10061	0.00854	0.00398	0.00126	0.00205	0.02759	0.36961	0.00339
11	0.00920	0.17157	0.02712	0.00813	0.08867	0.05374	0.00603	0.06007	0.03223	0.06847	0.07067	0.15512	0.04216	0.00558	0.00364	0.00106	0.00347	0.00465	0.00283	0.18560
12	0.03245	0.23020	0.04598	0.02233	0.07390	0.05419	0.00647	0.09335	0.03598	0.04561	0.01157	0.08611	0.08423	0.00495	0.00344	0.00103	0.00374	0.00394	0.00260	0.15793

[dist]
# distance from previous block
# <min> <max>
2	15

[block]
# block no. 6 follows, 70 sequences, length 10
# corresponding to MSA columns:
# 555-564
name=unknown_G
#
# <colnr> <probs for GDERKNQSTAVLIFYWHMCP>
#	G	D	E	R	K	N	Q	S	T	A	V	L	I	F	Y	W	H	M	C	P
0	0.00600	0.00372	0.00502	0.00502	0.00520	0.00389	0.00334	0.00575	0.00558	0.00761	0.00982	0.01802	0.01039	0.35343	0.22713	0.31587	0.00529	0.00446	0.00205	0.00239
1	0.00810	0.03858	0.01007	0.10183	0.18552	0.00724	0.04106	0.05379	0.10541	0.03062	0.12686	0.03621	0.11998	0.00635	0.01933	0.00134	0.00365	0.05391	0.04536	0.00480
2	0.00532	0.00419	0.00525	0.00569	0.02299	0.00416	0.00399	0.00651	0.02776	0.01087	0.09949	0.43948	0.24182	0.01018	0.00527	0.00145	0.06461	0.00881	0.02870	0.00345
3	0.00730	0.00683	0.01147	0.77270	0.06468	0.00837	0.01047	0.00978	0.00779	0.01004	0.00762	0.05226	0.00622	0.00426	0.00393	0.00130	0.00500	0.00382	0.00182	0.00434
4	0.00845	0.00656	0.00958	0.05400	0.14461	0.00717	0.03776	0.14704	0.00883	0.02549	0.00899	0.01245	0.00782	0.03535	0.31256	0.10817	0.03392	0.00381	0.02306	0.00438
5	0.00804	0.00689	0.00804	0.00574	0.00919	0.00517	0.00459	0.00976	0.00804	0.01263	0.00689	0.00804	0.00574	0.00287	0.00287	0.00057	0.00287	0.00230	0.00230	0.88745
6	0.00538	0.00386	0.00449	0.00469	0.00517	0.00368	0.00318	0.00597	0.00716	0.00922	0.04167	0.11114	0.21269	0.43940	0.01234	0.00263	0.00311	0.11840	0.00298	0.00285
7	0.07271	0.00652	0.00851	0.03668	0.15334	0.01727	0.03128	0.10025	0.02896	0.05199	0.07337	0.11048	0.19304	0.00734	0.02127	0.02987	0.00341	0.01805	0.03115	0.00452
8	0.08685	0.01139	0.01018	0.03033	0.12678	0.30730	0.00723	0.05820	0.07480	0.02542	0.00804	0.01011	0.00678	0.05041	0.06351	0.00164	0.07922	0.00324	0.03383	0.00474
9	0.63305	0.00849	0.00698	0.00654	0.03976	0.07616	0.00500	0.09343	0.00829	0.01690	0.00677	0.03881	0.00559	0.00408	0.00280	0.00118	0.00344	0.00271	0.03555	0.00448

[dist]
# distance from previous block
# <min> <max>
13	87

[block]
# block no. 7 follows, 70 sequences, length 20
# corresponding to MSA columns:
# 668-687
name=unknown_H
#
# <colnr> <probs for GDERKNQSTAVLIFYWHMCP>
#	G	D	E	R	K	N	Q	S	T	A	V	L	I	F	Y	W	H	M	C	P
0	0.03636	0.00874	0.01255	0.15305	0.25101	0.06894	0.07274	0.06168	0.00984	0.23782	0.00953	0.01069	0.00693	0.00499	0.03690	0.00139	0.00483	0.00358	0.00281	0.00564
1	0.00570	0.00404	0.00496	0.00471	0.00580	0.00362	0.00354	0.00724	0.01027	0.04805	0.55258	0.05598	0.26224	0.00846	0.00456	0.00125	0.00194	0.00734	0.00408	0.00365
2	0.19225	0.00739	0.00834	0.00670	0.00944	0.03962	0.00547	0.03920	0.05956	0.55269	0.01274	0.01156	0.00839	0.00454	0.00356	0.00119	0.00336	0.00349	0.02456	0.00594
3	0.00481	0.00379	0.00437	0.00456	0.00549	0.00335	0.00330	0.00588	0.00879	0.01123	0.18224	0.25584	0.45071	0.01057	0.02574	0.00149	0.00223	0.00862	0.00369	0.00332
4	0.00503	0.00396	0.00455	0.00487	0.00583	0.00357	0.00367	0.00621	0.02212	0.01059	0.04318	0.22163	0.46478	0.04319	0.00536	0.00154	0.00238	0.14067	0.00356	0.00331
5	0.00921	0.01020	0.02118	0.01533	0.01904	0.00978	0.72711	0.01340	0.10802	0.01287	0.00880	0.01094	0.00660	0.00351	0.00450	0.00131	0.00612	0.00455	0.00220	0.00534
6	0.00794	0.01890	0.74511	0.01168	0.01720	0.00910	0.11172	0.01229	0.00830	0.01229	0.00706	0.00846	0.00503	0.00363	0.00379	0.00124	0.00583	0.00307	0.00168	0.00567
7	0.21397	0.00934	0.00982	0.00770	0.01062	0.01015	0.00635	0.49884	0.01433	0.16752	0.00948	0.00931	0.00658	0.00444	0.00355	0.00118	0.00381	0.00325	0.00371	0.00605
8	0.00559	0.00452	0.00700	0.00659	0.00759	0.00421	0.10247	0.00702	0.00888	0.01201	0.25629	0.38997	0.08932	0.00957	0.00480	0.00144	0.00273	0.07283	0.00359	0.00359
9	0.05440	0.00804	0.00973	0.00749	0.01050	0.00792	0.00619	0.28551	0.01326	0.53622	0.01289	0.01161	0.00837	0.00470	0.00383	0.00119	0.00361	0.00369	0.00439	0.00649
10	0.03048	0.00702	0.00832	0.00680	0.00932	0.00693	0.00548	0.11788	0.17979	0.40335	0.03669	0.01702	0.14206	0.00572	0.00400	0.00124	0.00312	0.00466	0.00426	0.00586
11	0.00909	0.00680	0.00725	0.00647	0.00826	0.00754	0.00504	0.11345	0.40646	0.01664	0.11280	0.01558	0.01364	0.00530	0.00367	0.00117	0.00271	0.00438	0.24856	0.00519
12	0.00559	0.00396	0.00526	0.00526	0.00561	0.00432	0.00363	0.00630	0.00594	0.00828	0.01128	0.02017	0.01184	0.43546	0.44494	0.00503	0.00716	0.00488	0.00221	0.00292
13	0.89114	0.00750	0.00570	0.00510	0.00750	0.00870	0.00420	0.01140	0.00660	0.01739	0.00540	0.00630	0.00420	0.00360	0.00240	0.00120	0.00300	0.00210	0.00240	0.00420
14	0.01488	0.00725	0.00902	0.00723	0.00991	0.00704	0.00585	0.14549	0.12592	0.53169	0.01491	0.08092	0.01072	0.00543	0.00399	0.00124	0.00334	0.00447	0.00444	0.00626
15	0.73819	0.00795	0.00658	0.00571	0.00818	0.00915	0.00468	0.10979	0.05271	0.01818	0.00643	0.00710	0.00490	0.00382	0.00266	0.00120	0.00315	0.00239	0.00266	0.00459
16	0.00737	0.00511	0.00600	0.00560	0.00707	0.02097	0.02043	0.03956	0.04524	0.11863	0.12461	0.13879	0.36335	0.00869	0.00453	0.00135	0.00261	0.07224	0.00379	0.00406
17	0.08221	0.01019	0.01071	0.00846	0.01136	0.01138	0.00692	0.63365	0.14812	0.02256	0.01004	0.00990	0.00725	0.00467	0.00377	0.00119	0.00397	0.00353	0.00377	0.00633
18	0.04471	0.02299	0.02328	0.00897	0.01153	0.09348	0.10475	0.21813	0.31917	0.01679	0.02758	0.02839	0.00929	0.00478	0.00384	0.00121	0.00412	0.00399	0.04736	0.00565
19	0.14565	0.00802	0.00909	0.00705	0.01003	0.00795	0.00578	0.24136	0.03692	0.33986	0.01088	0.01034	0.00743	0.00430	0.00351	0.00110	0.00345	0.00329	0.00378	0.14022

[dist]
# distance from previous block
# <min> <max>
0	1

[block]
# block no. 8 follows, 70 sequences, length 47
# corresponding to MSA columns:
# 689-735
name=unknown_I
#
# <colnr> <probs for GDERKNQSTAVLIFYWHMCP>
#	G	D	E	R	K	N	Q	S	T	A	V	L	I	F	Y	W	H	M	C	P
0	0.00741	0.00398	0.00401	0.00394	0.00495	0.00408	0.00297	0.00993	0.07170	0.01459	0.01289	0.01445	0.01008	0.00457	0.00281	0.00094	0.00190	0.00367	0.81732	0.00381
1	0.00542	0.00391	0.00485	0.00467	0.00561	0.00357	0.00348	0.00706	0.01029	0.01441	0.62055	0.06756	0.16215	0.00820	0.00447	0.00123	0.00187	0.00717	0.05996	0.00357
2	0.00528	0.00395	0.00489	0.00466	0.00566	0.00357	0.00349	0.00691	0.01047	0.01436	0.65109	0.03091	0.22375	0.00837	0.00457	0.00124	0.00186	0.00728	0.00411	0.00357
3	0.01128	0.67833	0.01825	0.00738	0.01040	0.19983	0.00682	0.01247	0.00857	0.00920	0.00552	0.00639	0.00498	0.00347	0.00271	0.00087	0.00478	0.00217	0.00173	0.00487
4	0.00493	0.00390	0.00443	0.00439	0.00547	0.00340	0.00326	0.00620	0.00951	0.01230	0.33204	0.09929	0.47851	0.00930	0.00461	0.00130	0.00194	0.00797	0.00385	0.00340
5	0.89114	0.00750	0.00570	0.00510	0.00750	0.00870	0.00420	0.01140	0.00660	0.01739	0.00540	0.00630	0.00420	0.00360	0.00240	0.00120	0.00300	0.00210	0.00240	0.00420
6	0.02892	0.00778	0.06198	0.00731	0.01037	0.00655	0.00635	0.09857	0.01133	0.65744	0.01380	0.01248	0.00892	0.00581	0.04261	0.00143	0.00387	0.00378	0.00435	0.00636
7	0.01034	0.00985	0.04038	0.01248	0.10965	0.02495	0.23526	0.11900	0.27971	0.04110	0.01055	0.01134	0.00797	0.00444	0.00470	0.00129	0.06427	0.00405	0.00291	0.00578
8	0.02497	0.01065	0.12396	0.01083	0.07183	0.00992	0.12702	0.17424	0.33462	0.01620	0.01107	0.01146	0.00831	0.00512	0.02575	0.00139	0.01980	0.00390	0.00307	0.00590
9	0.00906	0.00782	0.00820	0.00743	0.00952	0.00890	0.00577	0.01886	0.73698	0.01555	0.01851	0.01712	0.10770	0.00579	0.00402	0.00131	0.00294	0.00482	0.00390	0.00580
10	0.00987	0.00894	0.01346	0.12945	0.44863	0.00979	0.01015	0.11857	0.10977	0.01396	0.00834	0.01015	0.00667	0.00418	0.00465	0.00124	0.08045	0.00357	0.00237	0.00579
11	0.00488	0.00394	0.00434	0.00424	0.00542	0.00340	0.00318	0.00615	0.00955	0.01216	0.30495	0.03453	0.57126	0.00919	0.00458	0.00128	0.00192	0.00779	0.00382	0.00340
12	0.01392	0.00831	0.00902	0.00726	0.00980	0.05704	0.00587	0.27621	0.08973	0.31326	0.01243	0.01192	0.00863	0.00470	0.00367	0.00114	0.00355	0.00368	0.15392	0.00592
13	0.00738	0.00391	0.00394	0.00388	0.00487	0.00400	0.00293	0.00977	0.06037	0.01457	0.01285	0.01445	0.01006	0.00456	0.00279	0.00093	0.00189	0.00366	0.82943	0.00377
14	0.00529	0.00396	0.00491	0.00467	0.00567	0.00358	0.00350	0.00694	0.01051	0.01445	0.66578	0.03076	0.20901	0.00833	0.00457	0.00124	0.00186	0.00726	0.00412	0.00358
15	0.00964	0.67377	0.15328	0.00720	0.01070	0.01357	0.00761	0.01134	0.00779	0.00953	0.00608	0.00775	0.00554	0.05790	0.00377	0.00108	0.00438	0.00243	0.00170	0.00493
16	0.00834	0.20455	0.66412	0.01009	0.01529	0.01039	0.01265	0.01213	0.00812	0.01159	0.00662	0.00776	0.00492	0.00360	0.00342	0.00114	0.00538	0.00269	0.00164	0.00556
17	0.89114	0.00750	0.00570	0.00510	0.00750	0.00870	0.00420	0.01140	0.00660	0.01739	0.00540	0.00630	0.00420	0.00360	0.00240	0.00120	0.00300	0.00210	0.00240	0.00420
18	0.00698	0.00518	0.00667	0.00665	0.00788	0.00528	0.02586	0.01982	0.15975	0.04835	0.08518	0.19017	0.09958	0.01003	0.04462	0.00173	0.00332	0.26518	0.00365	0.00414
19	0.00534	0.00413	0.00483	0.00453	0.00576	0.00360	0.00342	0.00683	0.00988	0.01335	0.45250	0.03055	0.34775	0.00826	0.00442	0.00121	0.00195	0.00709	0.02510	0.05951
20	0.00539	0.00416	0.00475	0.00479	0.00573	0.01261	0.00348	0.01723	0.00894	0.02633	0.20200	0.23308	0.38285	0.05006	0.00549	0.00147	0.01636	0.00822	0.00366	0.00341
21	0.02509	0.03291	0.24456	0.02226	0.07461	0.14679	0.07701	0.03348	0.05162	0.04111	0.02762	0.00923	0.00659	0.00375	0.00357	0.00105	0.00488	0.00308	0.00224	0.18855
22	0.01199	0.43792	0.01568	0.00834	0.01084	0.37240	0.00714	0.01310	0.00907	0.00929	0.00563	0.00672	0.00499	0.00387	0.00369	0.00097	0.06950	0.00235	0.00181	0.00471
23	0.01452	0.01075	0.01151	0.00888	0.01194	0.01192	0.00732	0.79173	0.05350	0.02408	0.00959	0.00953	0.00682	0.00468	0.00388	0.00117	0.00421	0.00353	0.00388	0.00657
24	0.00958	0.00672	0.01026	0.39099	0.01737	0.00735	0.05351	0.08457	0.00963	0.16841	0.05704	0.07050	0.04245	0.00524	0.00404	0.00127	0.00416	0.01897	0.03312	0.00480
25	0.00552	0.00402	0.00472	0.00460	0.00573	0.00354	0.00345	0.00685	0.00967	0.04749	0.35127	0.09591	0.41065	0.00905	0.00459	0.00130	0.00202	0.02216	0.00391	0.00356
26	0.01003	0.03793	0.05897	0.11269	0.04646	0.19625	0.00738	0.11918	0.15291	0.01339	0.06092	0.08399	0.06048	0.00553	0.00404	0.00122	0.01635	0.00446	0.00287	0.00495
27	0.00473	0.00341	0.00449	0.00533	0.00561	0.00316	0.00358	0.00545	0.00755	0.01004	0.03965	0.81345	0.05525	0.01197	0.00493	0.00156	0.00223	0.01083	0.00361	0.00316
28	0.01225	0.36370	0.01536	0.00940	0.06344	0.32300	0.02501	0.10351	0.01027	0.01134	0.00626	0.00720	0.00527	0.00371	0.00316	0.00095	0.00526	0.00253	0.00207	0.02631
29	0.00555	0.00411	0.00601	0.00600	0.00664	0.00470	0.00458	0.00682	0.00635	0.00910	0.04046	0.01665	0.01107	0.10443	0.74231	0.00582	0.00947	0.00439	0.00218	0.00337
30	0.86936	0.00747	0.00578	0.00514	0.00756	0.00862	0.00424	0.01158	0.00671	0.03795	0.00564	0.00647	0.00433	0.00363	0.00244	0.00120	0.00301	0.00214	0.00246	0.00426
31	0.66278	0.00780	0.00676	0.00593	0.00832	0.00889	0.00492	0.15009	0.00879	0.01808	0.00741	0.01015	0.00622	0.00441	0.00291	0.00125	0.00327	0.07471	0.00276	0.00455
32	0.01102	0.57872	0.01697	0.00806	0.05991	0.09482	0.00683	0.05669	0.00897	0.06015	0.00738	0.06127	0.00672	0.00411	0.00298	0.00095	0.00429	0.00295	0.00214	0.00507
33	0.01077	0.62826	0.01878	0.00809	0.01112	0.11536	0.07936	0.01215	0.00832	0.02342	0.00583	0.00692	0.00514	0.00360	0.00336	0.00094	0.04942	0.00245	0.00178	0.00493
34	0.00483	0.00393	0.00428	0.00421	0.00539	0.00338	0.00315	0.00604	0.00939	0.01184	0.25623	0.04984	0.60526	0.00935	0.00459	0.00129	0.00193	0.00791	0.00378	0.00338
35	0.00960	0.00792	0.00845	0.00756	0.00970	0.00899	0.00589	0.03279	0.71582	0.04593	0.05233	0.01601	0.05065	0.00556	0.00400	0.00130	0.00299	0.00464	0.00397	0.00592
36	0.00853	0.02463	0.17353	0.39622	0.15287	0.05205	0.02267	0.01118	0.00833	0.04901	0.00817	0.06095	0.00671	0.00430	0.00387	0.00125	0.00502	0.00376	0.00201	0.00495
37	0.00807	0.00512	0.00625	0.00608	0.00726	0.00515	0.00445	0.02449	0.17801	0.14469	0.06517	0.39835	0.03389	0.06153	0.02141	0.00164	0.00283	0.00757	0.01370	0.00437
38	0.00563	0.00368	0.00433	0.00444	0.00446	0.00365	0.00259	0.00556	0.00579	0.00773	0.01280	0.12192	0.01479	0.68831	0.01759	0.08231	0.00355	0.00606	0.00244	0.00238
39	0.15241	0.00632	0.00763	0.00644	0.00862	0.00626	0.03454	0.05423	0.07342	0.28469	0.08286	0.04347	0.13823	0.00735	0.05109	0.00154	0.00345	0.02870	0.00375	0.00501
40	0.00864	0.00859	0.03406	0.03768	0.50475	0.02939	0.02394	0.01073	0.02312	0.01186	0.03322	0.11092	0.03336	0.00524	0.00507	0.00128	0.10603	0.00457	0.00223	0.00530
41	0.00645	0.00525	0.00571	0.00606	0.00668	0.07178	0.00439	0.04560	0.00811	0.01038	0.01743	0.40318	0.03215	0.15820	0.06083	0.00221	0.00372	0.14531	0.00317	0.00338
42	0.00479	0.00343	0.00456	0.00545	0.00572	0.00321	0.00370	0.00551	0.00751	0.00998	0.02160	0.81461	0.03763	0.01205	0.00496	0.00158	0.00230	0.04466	0.00360	0.00317
43	0.00573	0.00503	0.02704	0.00856	0.13677	0.00450	0.03306	0.00693	0.00807	0.01081	0.05821	0.52997	0.13074	0.00977	0.00467	0.00144	0.00279	0.00886	0.00326	0.00379
44	0.05120	0.02535	0.21757	0.03363	0.01605	0.03500	0.33269	0.07935	0.02420	0.04920	0.00870	0.03948	0.00694	0.00428	0.00440	0.00129	0.03624	0.02686	0.00230	0.00529
45	0.01241	0.04614	0.02946	0.01102	0.06551	0.15975	0.16510	0.34234	0.01309	0.04387	0.00994	0.01068	0.05031	0.00440	0.00390	0.00115	0.00504	0.00372	0.01653	0.00562
46	0.06502	0.10966	0.05991	0.02347	0.07971	0.13505	0.25625	0.06082	0.00926	0.02258	0.00913	0.01086	0.05844	0.01637	0.00475	0.03539	0.03257	0.00371	0.00218	0.00488

[dist]
# distance from previous block
# <min> <max>
12	14

[block]
# block no. 9 follows, 70 sequences, length 31
# corresponding to MSA columns:
# 751-781
name=unknown_J
#
# <colnr> <probs for GDERKNQSTAVLIFYWHMCP>
#	G	D	E	R	K	N	Q	S	T	A	V	L	I	F	Y	W	H	M	C	P
0	0.00648	0.00367	0.00542	0.02704	0.00618	0.00374	0.00408	0.00576	0.00594	0.00789	0.01004	0.06862	0.01053	0.02467	0.05397	0.61692	0.00373	0.13096	0.00212	0.00223
1	0.00850	0.00962	0.15059	0.05991	0.15049	0.06371	0.03565	0.02768	0.06250	0.05520	0.01233	0.16505	0.03485	0.00749	0.05560	0.00160	0.03218	0.04238	0.00263	0.02206
2	0.00527	0.00414	0.02486	0.00553	0.00614	0.00364	0.01803	0.00626	0.02215	0.02617	0.02167	0.63048	0.11069	0.08812	0.00617	0.00172	0.00255	0.00967	0.00344	0.00331
3	0.02033	0.00534	0.00707	0.00627	0.00820	0.00476	0.00504	0.01296	0.00977	0.44533	0.02985	0.17880	0.10997	0.00768	0.00439	0.00137	0.00297	0.13064	0.00422	0.00505
4	0.00923	0.08777	0.46417	0.01176	0.04325	0.10480	0.15521	0.02487	0.04075	0.01207	0.00726	0.00859	0.00543	0.00368	0.00374	0.00118	0.00572	0.00315	0.00187	0.00548
5	0.05085	0.03612	0.23306	0.06000	0.07657	0.04702	0.19353	0.13747	0.07248	0.01429	0.00803	0.00945	0.00604	0.00415	0.01143	0.00127	0.02693	0.00349	0.00231	0.00553
6	0.00498	0.00364	0.00469	0.00543	0.00579	0.00348	0.00367	0.00616	0.04590	0.01029	0.03907	0.75829	0.05554	0.02673	0.00514	0.00158	0.00229	0.01042	0.00361	0.00329
7	0.00890	0.00830	0.01388	0.07142	0.67096	0.00841	0.01053	0.01092	0.00836	0.01183	0.00811	0.01221	0.00736	0.11182	0.00587	0.00150	0.00452	0.01760	0.00199	0.00551
8	0.00909	0.01180	0.25641	0.05623	0.25866	0.01956	0.04214	0.04289	0.07267	0.05122	0.00925	0.07719	0.00780	0.00471	0.00452	0.00127	0.06273	0.00400	0.00231	0.00554
9	0.01032	0.08136	0.11292	0.04606	0.27907	0.19768	0.14212	0.02194	0.02752	0.01162	0.00746	0.03069	0.00620	0.00385	0.00379	0.00115	0.00547	0.00346	0.00199	0.00534
10	0.00616	0.00469	0.00606	0.00579	0.00618	0.00541	0.00420	0.00712	0.02431	0.00902	0.01208	0.01934	0.05415	0.35422	0.28226	0.00389	0.13288	0.00481	0.05423	0.00319
11	0.12986	0.00542	0.00598	0.00548	0.00708	0.00542	0.00422	0.04097	0.09685	0.12062	0.20610	0.13388	0.18930	0.00740	0.00410	0.00128	0.00249	0.00623	0.02298	0.00433
12	0.00964	0.00833	0.00877	0.00789	0.01008	0.00964	0.00614	0.02060	0.83257	0.01622	0.01578	0.01446	0.01183	0.00526	0.00394	0.00131	0.00307	0.00438	0.00394	0.00614
13	0.00709	0.00424	0.00496	0.00473	0.00516	0.00417	0.00293	0.00770	0.03741	0.10329	0.01313	0.06264	0.01404	0.69359	0.01664	0.00327	0.00361	0.00564	0.00275	0.00301
14	0.01047	0.25890	0.06762	0.01185	0.01534	0.12677	0.37124	0.05981	0.00946	0.01171	0.00688	0.00853	0.00547	0.00353	0.00384	0.00112	0.01696	0.00339	0.00197	0.00515
15	0.01001	0.74916	0.13411	0.00724	0.01089	0.01446	0.00770	0.01170	0.00792	0.00956	0.00561	0.00649	0.00497	0.00337	0.00265	0.00088	0.00436	0.00218	0.00166	0.00508
16	0.08846	0.00733	0.00911	0.00708	0.01002	0.00695	0.00586	0.14931	0.01185	0.62852	0.01359	0.01248	0.00887	0.00477	0.00380	0.00120	0.00344	0.01658	0.00443	0.00635
17	0.01150	0.45659	0.04775	0.00994	0.11521	0.21412	0.00785	0.07582	0.00956	0.01096	0.00614	0.00714	0.00525	0.00361	0.00305	0.00095	0.00496	0.00249	0.00194	0.00516
18	0.00532	0.00430	0.00478	0.00462	0.00586	0.00393	0.00350	0.00740	0.07488	0.01270	0.31310	0.03271	0.48263	0.00882	0.00454	0.00129	0.00203	0.02011	0.00386	0.00364
19	0.15192	0.00720	0.00835	0.00685	0.00947	0.00728	0.00555	0.03936	0.22271	0.44738	0.04384	0.01291	0.01024	0.00484	0.00370	0.00123	0.00316	0.00384	0.00416	0.00599
20	0.00551	0.00414	0.00515	0.00482	0.00590	0.00379	0.00363	0.00744	0.03144	0.01467	0.66723	0.02939	0.16376	0.00803	0.00451	0.00122	0.00191	0.00701	0.00410	0.02633
21	0.00922	0.00997	0.02050	0.01478	0.01843	0.00946	0.69682	0.07503	0.00983	0.01320	0.01045	0.01250	0.07191	0.00389	0.00452	0.00130	0.00600	0.00478	0.00224	0.00518
22	0.00564	0.00456	0.00653	0.00645	0.00725	0.00448	0.06906	0.00748	0.07202	0.01128	0.11762	0.56219	0.06706	0.01014	0.00498	0.00148	0.02547	0.00916	0.00352	0.00364
23	0.11610	0.00499	0.00620	0.00590	0.00690	0.00561	0.00451	0.06777	0.00745	0.01149	0.07552	0.01620	0.01153	0.13956	0.49798	0.00449	0.00741	0.00428	0.00246	0.00364
24	0.08241	0.02188	0.02898	0.01112	0.08420	0.48812	0.07115	0.05426	0.06016	0.01181	0.00693	0.00809	0.00560	0.00409	0.00400	0.00112	0.04609	0.00292	0.00221	0.00489
25	0.00680	0.00579	0.00519	0.00512	0.00542	0.12187	0.00317	0.00700	0.00652	0.00798	0.01205	0.08763	0.01372	0.67740	0.01631	0.00320	0.00409	0.00562	0.00240	0.00271
26	0.00668	0.00565	0.00613	0.00582	0.00690	0.05614	0.00445	0.06614	0.02093	0.01125	0.08653	0.02529	0.28161	0.11679	0.18936	0.00268	0.04416	0.05685	0.00301	0.00365
