[name]
unknown

[dist]
# distance from previous block
# <min> <max>
54	246

[block]
# block no. 0 follows, 72 sequences, length 43
# corresponding to MSA columns:
# 281-323
name=unknown_A
#
# <colnr> <probs for GDERKNQSTAVLIFYWHMCP>
#	G	D	E	R	K	N	Q	S	T	A	V	L	I	F	Y	W	H	M	C	P
0	0.00528	0.00387	0.00495	0.00468	0.00562	0.00354	0.00351	0.00700	0.01054	0.01474	0.76607	0.02909	0.11106	0.00793	0.00447	0.00120	0.00180	0.00697	0.00411	0.00354
1	0.00531	0.00383	0.00502	0.00481	0.00565	0.00354	0.00357	0.00700	0.01045	0.01476	0.77462	0.09604	0.03492	0.00809	0.00450	0.00122	0.00182	0.00718	0.00412	0.00354
2	0.01026	0.84383	0.01960	0.00659	0.00979	0.03975	0.00651	0.01147	0.00780	0.00893	0.00529	0.00611	0.00487	0.00326	0.00246	0.00082	0.00414	0.00204	0.00163	0.00485
3	0.00477	0.00375	0.00432	0.00444	0.00539	0.00330	0.00326	0.00590	0.00890	0.01144	0.24393	0.20625	0.44682	0.00961	0.00457	0.00132	0.00197	0.02309	0.00369	0.00328
4	0.89350	0.00733	0.00557	0.00499	0.00733	0.00851	0.00411	0.01115	0.00645	0.01702	0.00528	0.00616	0.00411	0.00352	0.00235	0.00117	0.00293	0.00205	0.00235	0.00411
5	0.00902	0.02410	0.01156	0.00962	0.01003	0.01139	0.00803	0.07861	0.00700	0.03258	0.00570	0.00858	0.00531	0.00680	0.02859	0.00168	0.73175	0.00333	0.00193	0.00440
6	0.01030	0.71725	0.08466	0.00753	0.04392	0.01373	0.00724	0.01183	0.00795	0.05746	0.00603	0.00676	0.00517	0.00336	0.00266	0.00088	0.00415	0.00225	0.00181	0.00506
7	0.00857	0.00706	0.00828	0.00764	0.04652	0.02942	0.03862	0.17630	0.21167	0.01552	0.18665	0.11306	0.11060	0.00662	0.00415	0.00124	0.00307	0.00570	0.01446	0.00484
8	0.00898	0.00517	0.00617	0.00553	0.00710	0.00509	0.00433	0.02305	0.14964	0.19071	0.24656	0.03544	0.06237	0.00619	0.00387	0.00117	0.00241	0.03790	0.19373	0.00459
9	0.01373	0.01028	0.01099	0.00859	0.01150	0.01144	0.00704	0.71838	0.13098	0.02279	0.00998	0.00980	0.00716	0.00463	0.00380	0.00116	0.00401	0.00354	0.00380	0.00639
10	0.00635	0.00421	0.00541	0.00495	0.00606	0.00388	0.00376	0.02577	0.01079	0.07461	0.72231	0.02723	0.07493	0.00756	0.00441	0.00119	0.00195	0.00663	0.00417	0.00383
11	0.01076	0.00856	0.00913	0.00774	0.01006	0.00967	0.00615	0.28419	0.49482	0.01840	0.05659	0.01324	0.01110	0.00506	0.00383	0.00122	0.00328	0.00411	0.03615	0.00593
12	0.00838	0.00672	0.00792	0.00568	0.00903	0.00508	0.00455	0.01005	0.00803	0.05914	0.00720	0.00815	0.00583	0.00291	0.00287	0.00060	0.00283	0.00233	0.00238	0.84031
13	0.00519	0.00387	0.00483	0.00459	0.00556	0.00350	0.00344	0.00682	0.01032	0.01422	0.68163	0.02995	0.19583	0.00812	0.00447	0.00121	0.00182	0.00709	0.00405	0.00350
14	0.00493	0.00383	0.00453	0.00446	0.00546	0.00343	0.00332	0.00626	0.00939	0.01239	0.39928	0.09348	0.38249	0.00970	0.03873	0.00145	0.00221	0.00753	0.00376	0.00337
15	0.01014	0.86900	0.01987	0.00649	0.00973	0.01501	0.00649	0.01136	0.00771	0.00892	0.00527	0.00608	0.00487	0.00324	0.00243	0.00081	0.00406	0.00203	0.00162	0.00487
16	0.89350	0.00733	0.00557	0.00499	0.00733	0.00851	0.00411	0.01115	0.00645	0.01702	0.00528	0.00616	0.00411	0.00352	0.00235	0.00117	0.00293	0.00205	0.00235	0.00411
17	0.00531	0.00395	0.00503	0.00564	0.00643	0.00373	0.00449	0.00652	0.00822	0.01049	0.02467	0.23281	0.23502	0.04941	0.00559	0.00166	0.00279	0.38153	0.00345	0.00327
18	0.00873	0.00627	0.00663	0.00592	0.00758	0.00685	0.00461	0.13016	0.31092	0.01610	0.08394	0.01552	0.04573	0.00519	0.00348	0.00111	0.00257	0.00425	0.32961	0.00484
19	0.00467	0.00333	0.00443	0.00529	0.00552	0.00312	0.00355	0.00534	0.00726	0.00967	0.02069	0.82773	0.02477	0.03017	0.00516	0.00159	0.00226	0.02886	0.00349	0.00307
20	0.01017	0.00771	0.00938	0.05612	0.12366	0.03426	0.00667	0.27687	0.05273	0.07967	0.05812	0.14946	0.06453	0.00680	0.02675	0.00137	0.00378	0.02347	0.00334	0.00514
21	0.00991	0.00971	0.01471	0.05020	0.71262	0.07469	0.01106	0.04898	0.00918	0.01258	0.00711	0.00920	0.00591	0.00349	0.00373	0.00112	0.00469	0.00331	0.00196	0.00584
22	0.01277	0.01131	0.01239	0.01019	0.05011	0.16046	0.10982	0.42017	0.05072	0.03942	0.00847	0.00908	0.00629	0.00416	0.00387	0.00110	0.01727	0.00334	0.00303	0.06602
23	0.01134	0.00839	0.00919	0.00763	0.01001	0.00925	0.00610	0.32710	0.35260	0.07950	0.12437	0.01405	0.01273	0.00524	0.00391	0.00121	0.00330	0.00427	0.00394	0.00588
24	0.00675	0.00539	0.00768	0.19694	0.05856	0.00587	0.00668	0.01849	0.08878	0.01140	0.04428	0.11479	0.01595	0.06484	0.00547	0.00161	0.00362	0.30818	0.03075	0.00395
25	0.11848	0.00735	0.01113	0.46211	0.16882	0.00874	0.00939	0.02788	0.00772	0.01146	0.00695	0.01022	0.00565	0.00417	0.00447	0.00127	0.08829	0.02470	0.01666	0.00454
26	0.01158	0.01175	0.00957	0.00846	0.01061	0.29919	0.00654	0.12315	0.41970	0.01462	0.03771	0.01143	0.00938	0.00473	0.00372	0.00116	0.00443	0.00362	0.00321	0.00543
27	0.05653	0.02984	0.00914	0.05217	0.07205	0.07837	0.02799	0.00888	0.00683	0.00966	0.02575	0.01403	0.00862	0.27789	0.03310	0.00217	0.23074	0.00391	0.00204	0.05029
28	0.00512	0.00388	0.00523	0.00533	0.00603	0.00408	0.00398	0.00622	0.00690	0.00934	0.04627	0.13435	0.18432	0.08219	0.47413	0.00415	0.00664	0.00598	0.00263	0.00324
29	0.14261	0.00756	0.00871	0.00685	0.00966	0.04503	0.00562	0.10591	0.01098	0.59891	0.01252	0.01125	0.00810	0.00447	0.00358	0.00116	0.00345	0.00346	0.00413	0.00602
30	0.89350	0.00733	0.00557	0.00499	0.00733	0.00851	0.00411	0.01115	0.00645	0.01702	0.00528	0.00616	0.00411	0.00352	0.00235	0.00117	0.00293	0.00205	0.00235	0.00411
31	0.05306	0.11582	0.01425	0.10903	0.32183	0.02378	0.08681	0.05142	0.00913	0.15389	0.00819	0.00951	0.00620	0.00373	0.00373	0.00113	0.01720	0.00331	0.00242	0.00553
32	0.00539	0.00374	0.00478	0.00491	0.00517	0.00393	0.00325	0.00594	0.00599	0.00825	0.01265	0.13917	0.01394	0.46726	0.27994	0.00409	0.00548	0.00576	0.01760	0.00277
33	0.00466	0.00346	0.00436	0.00502	0.00550	0.00316	0.00347	0.00546	0.00771	0.01006	0.05692	0.64726	0.18527	0.01123	0.00477	0.00148	0.00216	0.03138	0.00355	0.00313
34	0.01419	0.10277	0.01218	0.00952	0.01191	0.49095	0.00742	0.21666	0.05014	0.01413	0.02674	0.00934	0.00709	0.00471	0.00383	0.00118	0.00586	0.00312	0.00281	0.00545
35	0.03784	0.13405	0.07478	0.08107	0.10870	0.08746	0.14380	0.05958	0.02630	0.06247	0.02506	0.00923	0.00632	0.00416	0.00482	0.00119	0.12263	0.00331	0.00218	0.00506
36	0.00789	0.00816	0.05976	0.01132	0.04733	0.00729	0.32876	0.00966	0.00863	0.01195	0.03129	0.31763	0.04082	0.00745	0.00533	0.00153	0.05734	0.00692	0.02624	0.00470
37	0.00467	0.00369	0.00415	0.00435	0.00524	0.00324	0.00310	0.00559	0.00834	0.01050	0.12174	0.26061	0.48631	0.05439	0.00535	0.00147	0.00207	0.00850	0.00353	0.00316
38	0.02856	0.03311	0.17287	0.11483	0.18304	0.02650	0.13591	0.04642	0.02263	0.09091	0.01973	0.01112	0.02850	0.03176	0.02945	0.00141	0.01209	0.00366	0.00228	0.00522
39	0.03385	0.28826	0.07058	0.01214	0.19589	0.06942	0.12581	0.02958	0.02381	0.07612	0.00751	0.02605	0.00615	0.00374	0.00350	0.00106	0.01596	0.00316	0.00213	0.00528
40	0.00798	0.00605	0.00812	0.01763	0.09037	0.03254	0.03392	0.05436	0.02891	0.07632	0.03396	0.10678	0.01231	0.18376	0.13695	0.02612	0.06188	0.06013	0.00270	0.01922
41	0.00488	0.00346	0.00437	0.00498	0.00536	0.00320	0.00333	0.00554	0.00737	0.02052	0.03979	0.63885	0.12746	0.10431	0.00635	0.00173	0.00233	0.00968	0.00342	0.00307
42	0.00947	0.06827	0.16686	0.01196	0.21424	0.05058	0.05251	0.03096	0.03825	0.10825	0.05884	0.07553	0.04179	0.00487	0.00403	0.00117	0.02691	0.00418	0.00258	0.02874

[dist]
# distance from previous block
# <min> <max>
1	57

[block]
# block no. 1 follows, 72 sequences, length 10
# corresponding to MSA columns:
# 381-390
name=unknown_B
#
# <colnr> <probs for GDERKNQSTAVLIFYWHMCP>
#	G	D	E	R	K	N	Q	S	T	A	V	L	I	F	Y	W	H	M	C	P
0	0.00713	0.05806	0.10244	0.00611	0.00800	0.02709	0.00534	0.06207	0.08145	0.04333	0.11617	0.16668	0.24565	0.03088	0.02127	0.00142	0.00312	0.00634	0.00326	0.00418
1	0.00808	0.00745	0.09362	0.03001	0.00932	0.02832	0.02133	0.03036	0.04214	0.09324	0.11894	0.06760	0.13451	0.00551	0.00370	0.00103	0.00309	0.00464	0.03458	0.26251
2	0.03817	0.00748	0.00929	0.00803	0.06956	0.02912	0.05769	0.11556	0.04451	0.04330	0.01107	0.03822	0.07851	0.00566	0.05239	0.00122	0.00380	0.00363	0.00269	0.38012
3	0.00690	0.00574	0.00813	0.07487	0.11615	0.01700	0.03284	0.03646	0.03452	0.01067	0.03153	0.16996	0.03509	0.14926	0.12546	0.00237	0.07073	0.01482	0.05361	0.00388
4	0.00761	0.00599	0.00854	0.04265	0.12499	0.02268	0.05084	0.07866	0.00805	0.04205	0.03240	0.06544	0.01121	0.22205	0.23659	0.00315	0.00570	0.02493	0.00248	0.00400
5	0.00762	0.00671	0.05473	0.05267	0.17421	0.00597	0.05326	0.04469	0.00948	0.06988	0.21442	0.05932	0.15975	0.02884	0.00461	0.00131	0.00333	0.04161	0.00312	0.00449
6	0.00733	0.05807	0.00887	0.03902	0.21608	0.00620	0.00608	0.05592	0.00960	0.03871	0.21881	0.05556	0.25153	0.00666	0.00410	0.00119	0.00295	0.00576	0.00314	0.00441
7	0.01063	0.02058	0.04907	0.14280	0.29556	0.04035	0.03134	0.12115	0.08423	0.12071	0.00951	0.04101	0.00743	0.00425	0.00380	0.00118	0.00434	0.00374	0.00269	0.00563
8	0.01071	0.05149	0.01480	0.03354	0.41089	0.03816	0.10464	0.21080	0.06101	0.01504	0.00804	0.00947	0.00631	0.00377	0.00378	0.00114	0.00462	0.00347	0.00245	0.00587
9	0.00922	0.00896	0.08390	0.18880	0.34841	0.00853	0.00975	0.06191	0.11293	0.06088	0.01022	0.03005	0.04111	0.00429	0.00382	0.00120	0.00427	0.00382	0.00244	0.00548

[dist]
# distance from previous block
# <min> <max>
19	33

[block]
# block no. 2 follows, 72 sequences, length 10
# corresponding to MSA columns:
# 424-433
name=unknown_C
#
# <colnr> <probs for GDERKNQSTAVLIFYWHMCP>
#	G	D	E	R	K	N	Q	S	T	A	V	L	I	F	Y	W	H	M	C	P
0	0.01016	0.01162	0.06399	0.01265	0.07327	0.18812	0.33600	0.04548	0.09176	0.02722	0.06202	0.01081	0.00812	0.00408	0.00435	0.00120	0.03781	0.00391	0.00236	0.00508
1	0.00866	0.03866	0.09045	0.14059	0.12733	0.13308	0.04391	0.04754	0.03545	0.02345	0.03863	0.03934	0.14377	0.00601	0.02881	0.00134	0.02329	0.02263	0.00244	0.00461
2	0.02334	0.02443	0.22659	0.15536	0.03814	0.02684	0.08329	0.05111	0.06726	0.03836	0.09222	0.11265	0.01114	0.00525	0.00417	0.00126	0.02668	0.00456	0.00252	0.00483
3	0.10675	0.00857	0.07944	0.24791	0.23435	0.03850	0.05790	0.01046	0.00793	0.03113	0.00858	0.10570	0.00774	0.01903	0.00420	0.01646	0.00445	0.00409	0.00211	0.00470
4	0.00744	0.00675	0.00717	0.00640	0.00785	0.08948	0.05766	0.06746	0.13355	0.01183	0.06250	0.07512	0.27147	0.15297	0.00678	0.00167	0.00336	0.02342	0.00316	0.00396
5	0.00558	0.00524	0.08839	0.00553	0.00641	0.00421	0.00443	0.00635	0.00654	0.00892	0.03542	0.17903	0.08374	0.23511	0.19388	0.11505	0.00475	0.00589	0.00247	0.00304
6	0.00840	0.00895	0.05214	0.05550	0.05736	0.04172	0.23039	0.02671	0.02589	0.01092	0.00842	0.01364	0.00773	0.06110	0.00782	0.00157	0.27530	0.08457	0.01738	0.00448
7	0.00842	0.01626	0.53750	0.01370	0.15719	0.04677	0.14256	0.01211	0.00839	0.01197	0.00696	0.00854	0.00516	0.00351	0.00376	0.00119	0.00560	0.00315	0.00171	0.00554
8	0.00644	0.00647	0.14275	0.00568	0.00708	0.00460	0.00507	0.00786	0.00730	0.03687	0.01509	0.05220	0.08357	0.32799	0.00970	0.00218	0.00345	0.13197	0.14028	0.00346
9	0.00905	0.00860	0.01436	0.04417	0.62419	0.00873	0.06819	0.01207	0.09058	0.01231	0.00830	0.01094	0.00702	0.05946	0.00482	0.00132	0.00445	0.00368	0.00210	0.00565

[dist]
# distance from previous block
# <min> <max>
15	98

[block]
# block no. 3 follows, 72 sequences, length 13
# corresponding to MSA columns:
# 560-572
name=unknown_D
#
# <colnr> <probs for GDERKNQSTAVLIFYWHMCP>
#	G	D	E	R	K	N	Q	S	T	A	V	L	I	F	Y	W	H	M	C	P
0	0.00697	0.00651	0.01084	0.79440	0.02458	0.00803	0.00999	0.00937	0.00761	0.00971	0.00846	0.04152	0.03798	0.00430	0.00386	0.00127	0.00483	0.00381	0.00182	0.00413
1	0.00993	0.00728	0.00859	0.00763	0.03506	0.00779	0.00584	0.33967	0.07926	0.03683	0.03627	0.11008	0.01089	0.00992	0.13833	0.05963	0.00455	0.03165	0.00322	0.05757
2	0.00526	0.00381	0.00455	0.00466	0.00515	0.00376	0.00318	0.00587	0.00668	0.00869	0.01896	0.06799	0.20959	0.42143	0.14929	0.00325	0.00423	0.06814	0.00269	0.00282
3	0.00761	0.01962	0.84707	0.01081	0.01641	0.00881	0.01401	0.01201	0.00801	0.01201	0.00681	0.00801	0.00480	0.00360	0.00360	0.00120	0.00560	0.00280	0.00160	0.00560
4	0.00814	0.00502	0.00602	0.00570	0.00679	0.00499	0.00408	0.06546	0.10600	0.15096	0.01712	0.32125	0.05513	0.21605	0.00796	0.00193	0.00295	0.00694	0.00348	0.00404
5	0.00769	0.00667	0.00831	0.00608	0.00925	0.00513	0.04309	0.00938	0.00787	0.01216	0.00776	0.06722	0.00697	0.00345	0.00303	0.00066	0.00293	0.00294	0.00232	0.78708
6	0.01032	0.13306	0.00962	0.00707	0.00868	0.20747	0.00549	0.04886	0.15514	0.05600	0.00837	0.01006	0.00697	0.00727	0.00729	0.30459	0.00423	0.00312	0.00237	0.00402
7	0.66178	0.00885	0.00693	0.00653	0.03989	0.12323	0.00498	0.01243	0.03806	0.05889	0.00631	0.00702	0.00484	0.00369	0.00268	0.00115	0.00354	0.00233	0.00245	0.00441
8	0.00710	0.01125	0.30738	0.01019	0.01322	0.00759	0.20026	0.00977	0.00773	0.01097	0.01103	0.16495	0.04437	0.00794	0.08686	0.00180	0.08582	0.00502	0.00215	0.00458
9	0.01160	0.09100	0.17297	0.03573	0.02288	0.17581	0.00826	0.25463	0.07362	0.05369	0.02244	0.00983	0.03035	0.00431	0.00358	0.00110	0.00474	0.00323	0.00274	0.01749
10	0.00526	0.00410	0.00465	0.00458	0.00562	0.00376	0.00336	0.03139	0.03401	0.01200	0.26000	0.14640	0.40518	0.05609	0.00530	0.00142	0.00212	0.00768	0.00366	0.00342
11	0.00764	0.03620	0.18420	0.00702	0.02320	0.03679	0.00656	0.02352	0.07727	0.04363	0.25288	0.01737	0.09909	0.00545	0.00379	0.00108	0.00328	0.00454	0.00301	0.16348
12	0.00532	0.00370	0.00451	0.00469	0.00497	0.00365	0.00306	0.00585	0.00670	0.00899	0.09439	0.18004	0.05656	0.48122	0.07214	0.00300	0.00359	0.05207	0.00281	0.00275

[dist]
# distance from previous block
# <min> <max>
0	3

[block]
# block no. 4 follows, 72 sequences, length 12
# corresponding to MSA columns:
# 578-589
name=unknown_E
#
# <colnr> <probs for GDERKNQSTAVLIFYWHMCP>
#	G	D	E	R	K	N	Q	S	T	A	V	L	I	F	Y	W	H	M	C	P
0	0.00974	0.18390	0.25391	0.00895	0.02755	0.01013	0.04596	0.09463	0.21717	0.05815	0.04620	0.01056	0.00836	0.00423	0.00354	0.00114	0.00422	0.00340	0.00269	0.00558
1	0.00717	0.00685	0.01179	0.76932	0.02489	0.00830	0.06342	0.00968	0.00771	0.00987	0.00805	0.01116	0.03802	0.00398	0.00386	0.00127	0.00502	0.00362	0.00177	0.00423
2	0.00584	0.00446	0.00614	0.00591	0.00649	0.00499	0.02157	0.00730	0.05229	0.00909	0.03645	0.06262	0.01221	0.27403	0.42774	0.00440	0.04794	0.00492	0.00234	0.00327
3	0.22642	0.02336	0.12870	0.04794	0.15311	0.01979	0.08154	0.12224	0.03119	0.04271	0.04473	0.01064	0.04356	0.00416	0.00350	0.00118	0.00413	0.00343	0.00252	0.00513
4	0.00585	0.00413	0.00472	0.00478	0.00540	0.00402	0.00320	0.00722	0.07781	0.03810	0.03598	0.20211	0.18606	0.37659	0.01084	0.00236	0.00289	0.02171	0.00308	0.00315
5	0.21176	0.00732	0.00828	0.00663	0.00927	0.00741	0.00543	0.15862	0.05875	0.41470	0.06477	0.01179	0.00951	0.00463	0.00353	0.00118	0.00322	0.00357	0.00393	0.00572
6	0.00943	0.22438	0.49326	0.00958	0.01394	0.16559	0.01096	0.01243	0.00844	0.01076	0.00626	0.00733	0.00483	0.00357	0.00329	0.00107	0.00546	0.00255	0.00167	0.00520
7	0.02199	0.01042	0.09121	0.01085	0.02408	0.00963	0.26340	0.31763	0.04292	0.07624	0.02474	0.01051	0.00715	0.02660	0.00448	0.00125	0.01650	0.00381	0.00292	0.03366
8	0.00464	0.00339	0.00437	0.00509	0.00546	0.00312	0.00345	0.00539	0.00759	0.01001	0.06240	0.72698	0.12133	0.01142	0.00478	0.00149	0.00215	0.01027	0.00355	0.00312
9	0.00541	0.00366	0.00414	0.00420	0.00427	0.00361	0.00241	0.00550	0.00578	0.00765	0.01384	0.07993	0.05536	0.76889	0.01763	0.00342	0.00349	0.00598	0.00244	0.00239
10	0.00933	0.15289	0.11358	0.04056	0.04381	0.17374	0.03322	0.05487	0.07270	0.02051	0.08767	0.10414	0.04364	0.00564	0.01452	0.00120	0.01643	0.00433	0.00255	0.00467
11	0.00783	0.00669	0.00779	0.00566	0.00890	0.00515	0.00451	0.00981	0.03493	0.01257	0.03551	0.00877	0.00684	0.00305	0.00290	0.00061	0.00278	0.00247	0.00237	0.83086

[dist]
# distance from previous block
# <min> <max>
68	226

# created by:
# /usr/local/bin/augustus/scripts/msa2prfl.pl /tmp/new_cug2/actin-related-protein-class-4.fasta
