[name]
unknown

[dist]
# distance from previous block
# <min> <max>
0	26

[block]
# block no. 0 follows, 71 sequences, length 7
# corresponding to MSA columns:
# 32-38
name=unknown_A
#
# <colnr> <probs for GDERKNQSTAVLIFYWHMCP>
#	G	D	E	R	K	N	Q	S	T	A	V	L	I	F	Y	W	H	M	C	P
0	0.00698	0.01986	0.00743	0.02725	0.02461	0.02223	0.00535	0.05953	0.02945	0.02238	0.06149	0.13142	0.08208	0.03351	0.27042	0.00290	0.10093	0.03881	0.00272	0.05065
1	0.00666	0.02896	0.02482	0.03381	0.06201	0.00560	0.02271	0.04135	0.03498	0.01170	0.11817	0.23030	0.11429	0.07110	0.03179	0.00157	0.03855	0.00633	0.00300	0.11230
2	0.00680	0.08685	0.06704	0.11581	0.11853	0.00664	0.00671	0.00902	0.06081	0.01103	0.04567	0.26207	0.12823	0.00729	0.00413	0.00129	0.00336	0.02888	0.00281	0.02703
3	0.00932	0.32100	0.14960	0.09600	0.08242	0.03409	0.02322	0.03742	0.00840	0.05085	0.00810	0.07663	0.00727	0.03131	0.00383	0.00114	0.00436	0.00345	0.00211	0.04950
4	0.00962	0.30942	0.15818	0.00812	0.04236	0.06278	0.00757	0.04301	0.06076	0.06292	0.03785	0.01176	0.03411	0.02974	0.05781	0.00145	0.00464	0.02854	0.00236	0.02702
5	0.00756	0.07478	0.00902	0.02552	0.02925	0.00644	0.04233	0.03422	0.04423	0.01196	0.10815	0.03079	0.03689	0.09726	0.07548	0.00165	0.02835	0.00397	0.00257	0.32958
6	0.04199	0.05265	0.02430	0.00626	0.00879	0.00610	0.03370	0.05641	0.03159	0.16190	0.08804	0.06258	0.09663	0.04142	0.00429	0.00113	0.00307	0.00439	0.00318	0.27159

[dist]
# distance from previous block
# <min> <max>
5	15

[block]
# block no. 1 follows, 71 sequences, length 19
# corresponding to MSA columns:
# 54-72
name=unknown_B
#
# <colnr> <probs for GDERKNQSTAVLIFYWHMCP>
#	G	D	E	R	K	N	Q	S	T	A	V	L	I	F	Y	W	H	M	C	P
0	0.02217	0.02435	0.03843	0.03625	0.01177	0.06284	0.13924	0.04347	0.07929	0.05961	0.00851	0.00986	0.00670	0.01789	0.02870	0.01241	0.00420	0.00317	0.02588	0.36529
1	0.34679	0.15464	0.05921	0.01970	0.04044	0.17771	0.05706	0.03092	0.02130	0.01319	0.00602	0.00718	0.00488	0.00377	0.00340	0.00112	0.04341	0.00254	0.00210	0.00465
2	0.02365	0.00522	0.00622	0.00562	0.00702	0.00519	0.00431	0.08337	0.10343	0.07356	0.47136	0.08634	0.09461	0.00742	0.00433	0.00124	0.00233	0.00641	0.00405	0.00430
3	0.00820	0.00685	0.00808	0.02603	0.00954	0.00533	0.00476	0.01018	0.03159	0.03250	0.00727	0.00831	0.00593	0.00298	0.00292	0.00062	0.00291	0.00240	0.00236	0.82126
4	0.00453	0.00388	0.00388	0.00388	0.00518	0.00324	0.00291	0.00550	0.00874	0.01036	0.03884	0.03690	0.83978	0.00971	0.00453	0.00129	0.00194	0.00809	0.00356	0.00324
5	0.06220	0.00626	0.00824	0.00646	0.00915	0.00555	0.00529	0.01700	0.01064	0.70306	0.08592	0.01408	0.01153	0.00494	0.00380	0.00118	0.00308	0.00402	0.03155	0.00606
6	0.00464	0.00382	0.00409	0.00422	0.00533	0.00327	0.00313	0.00563	0.00864	0.01055	0.07479	0.15593	0.66177	0.00997	0.00460	0.00134	0.00202	0.02943	0.00359	0.00325
7	0.01025	0.86756	0.02009	0.00656	0.00984	0.01517	0.00656	0.01148	0.00779	0.00902	0.00533	0.00615	0.00492	0.00328	0.00246	0.00082	0.00410	0.00205	0.00164	0.00492
8	0.00524	0.00365	0.00421	0.00442	0.00462	0.00352	0.00268	0.00551	0.00636	0.00832	0.01730	0.22158	0.11271	0.56694	0.01437	0.00293	0.00316	0.00711	0.00276	0.00261
9	0.88631	0.00776	0.00599	0.00539	0.00779	0.00887	0.00437	0.01161	0.00685	0.01762	0.00584	0.00691	0.00462	0.00388	0.00259	0.00127	0.00314	0.00224	0.00254	0.00441
10	0.03095	0.00924	0.01061	0.08471	0.05942	0.01029	0.00729	0.43742	0.21237	0.06087	0.01071	0.01079	0.00779	0.00459	0.00379	0.00119	0.00390	0.00365	0.02434	0.00607
11	0.03017	0.02730	0.01008	0.00812	0.01027	0.06742	0.00658	0.43122	0.07173	0.02864	0.00920	0.01040	0.00719	0.00886	0.14154	0.02548	0.07364	0.00349	0.02328	0.00538
12	0.03391	0.02550	0.15762	0.03845	0.09367	0.09529	0.11305	0.19645	0.12801	0.01507	0.00928	0.02400	0.00732	0.00474	0.01650	0.00128	0.00493	0.02673	0.00266	0.00554
13	0.00591	0.00444	0.00537	0.00537	0.00625	0.00442	0.00393	0.00847	0.13599	0.01245	0.29534	0.20370	0.11434	0.08185	0.00629	0.04121	0.00243	0.05492	0.00364	0.00364
14	0.00764	0.00722	0.01222	0.70828	0.17105	0.00862	0.01085	0.01015	0.00786	0.01028	0.00689	0.01009	0.00528	0.00376	0.00383	0.00125	0.00501	0.00341	0.00174	0.00458
15	0.01184	0.00537	0.00698	0.00574	0.00789	0.00467	0.00460	0.01328	0.01047	0.47880	0.20640	0.02166	0.19278	0.00650	0.00415	0.00121	0.00265	0.00546	0.00437	0.00517
16	0.89233	0.00741	0.00564	0.00504	0.00741	0.00860	0.00415	0.01127	0.00653	0.01720	0.00534	0.00623	0.00415	0.00356	0.00237	0.00119	0.00297	0.00208	0.00237	0.00415
17	0.00513	0.00372	0.00500	0.00540	0.00585	0.00379	0.00384	0.00602	0.00701	0.00950	0.04600	0.37690	0.06582	0.13626	0.25944	0.00322	0.00487	0.04613	0.00296	0.00314
18	0.04939	0.00717	0.02892	0.00682	0.00890	0.00739	0.00549	0.05192	0.39508	0.13394	0.22425	0.01752	0.03520	0.00577	0.00399	0.00125	0.00285	0.00483	0.00397	0.00537

[dist]
# distance from previous block
# <min> <max>
1	2

[block]
# block no. 2 follows, 71 sequences, length 22
# corresponding to MSA columns:
# 75-96
name=unknown_C
#
# <colnr> <probs for GDERKNQSTAVLIFYWHMCP>
#	G	D	E	R	K	N	Q	S	T	A	V	L	I	F	Y	W	H	M	C	P
0	0.02399	0.15878	0.07691	0.02354	0.07862	0.09039	0.04259	0.16590	0.07439	0.13773	0.00905	0.01900	0.00683	0.00407	0.00350	0.00107	0.00433	0.00321	0.00283	0.07325
1	0.03769	0.20136	0.18166	0.03879	0.08692	0.02575	0.03357	0.07958	0.11060	0.05411	0.03368	0.06014	0.01658	0.00465	0.00358	0.00115	0.00421	0.01811	0.00255	0.00530
2	0.00828	0.00689	0.00824	0.00633	0.03773	0.00526	0.00482	0.01000	0.00807	0.03778	0.00708	0.00816	0.00581	0.00292	0.00290	0.00061	0.00291	0.00236	0.00233	0.83151
3	0.01216	0.01056	0.00968	0.03531	0.02064	0.21154	0.00652	0.28622	0.11273	0.07531	0.01026	0.04500	0.00836	0.06250	0.03534	0.00150	0.01807	0.00381	0.02923	0.00524
4	0.00972	0.01015	0.00959	0.00869	0.00961	0.25181	0.00680	0.08011	0.00875	0.01071	0.00962	0.18101	0.01005	0.02301	0.01872	0.00151	0.30970	0.03385	0.00241	0.00418
5	0.00699	0.00600	0.00684	0.02155	0.04072	0.07337	0.03404	0.02447	0.05154	0.03984	0.39716	0.02574	0.24217	0.00732	0.00433	0.00122	0.00275	0.00630	0.00364	0.00402
6	0.00557	0.00374	0.00431	0.00431	0.00435	0.00379	0.00248	0.00566	0.00561	0.00753	0.01197	0.02446	0.01366	0.81240	0.07199	0.00387	0.00413	0.00548	0.00231	0.00239
7	0.00845	0.00695	0.00809	0.00588	0.00921	0.00547	0.00471	0.02690	0.04747	0.03893	0.00754	0.00844	0.00610	0.00305	0.00294	0.00063	0.00289	0.00244	0.00246	0.80146
8	0.05338	0.01165	0.00979	0.00847	0.01081	0.25975	0.00662	0.18947	0.34798	0.04617	0.01088	0.01061	0.00816	0.00461	0.00368	0.00117	0.00444	0.00347	0.00327	0.00561
9	0.00632	0.00513	0.00751	0.14367	0.08704	0.00515	0.03182	0.00813	0.02633	0.03452	0.21052	0.18385	0.18726	0.00779	0.00442	0.00132	0.00298	0.03904	0.00325	0.00395
10	0.00610	0.00461	0.00545	0.00543	0.00648	0.00453	0.00404	0.04646	0.10001	0.02548	0.19175	0.26604	0.21785	0.02556	0.03521	0.00158	0.00264	0.04329	0.00369	0.00380
11	0.04188	0.00847	0.00962	0.00766	0.01039	0.00893	0.00624	0.35395	0.16619	0.27767	0.05896	0.01235	0.01001	0.00491	0.00385	0.00119	0.00353	0.00389	0.00411	0.00620
12	0.00814	0.00776	0.01302	0.49868	0.32797	0.00892	0.01093	0.01050	0.00796	0.01078	0.00686	0.00985	0.00546	0.00384	0.00432	0.00125	0.05365	0.00341	0.00177	0.00493
13	0.00608	0.00461	0.00641	0.00616	0.00670	0.00538	0.00466	0.03009	0.00652	0.00929	0.04311	0.02885	0.01102	0.17757	0.51314	0.03605	0.09434	0.00447	0.00221	0.00333
14	0.00861	0.00790	0.01284	0.69940	0.16865	0.00915	0.01119	0.01084	0.00848	0.01122	0.00785	0.01140	0.00620	0.00440	0.00424	0.00143	0.00532	0.00372	0.00207	0.00508
15	0.00986	0.75883	0.10104	0.00698	0.01042	0.01425	0.00726	0.01141	0.00777	0.00933	0.00563	0.00660	0.00505	0.00406	0.02728	0.00101	0.00443	0.00219	0.00165	0.00495
16	0.00737	0.00695	0.01173	0.80847	0.07297	0.00855	0.01071	0.00991	0.00773	0.00995	0.00684	0.01018	0.00517	0.00381	0.00383	0.00127	0.00508	0.00341	0.00171	0.00436
17	0.00915	0.00871	0.01469	0.08604	0.70355	0.00887	0.02311	0.01175	0.03840	0.01255	0.04065	0.01049	0.00740	0.00369	0.00384	0.00116	0.00446	0.00361	0.00205	0.00582
18	0.02235	0.00626	0.00700	0.03106	0.04511	0.06796	0.00510	0.06944	0.06803	0.11594	0.05224	0.34767	0.11499	0.00826	0.00434	0.00135	0.00308	0.02200	0.00352	0.00432
19	0.04418	0.01231	0.01126	0.01011	0.05900	0.36359	0.09221	0.11947	0.02552	0.08252	0.00935	0.07790	0.00810	0.00488	0.00381	0.00114	0.00524	0.03602	0.00269	0.03070
20	0.03679	0.00813	0.01322	0.22323	0.43549	0.02143	0.05480	0.01129	0.03702	0.02338	0.07804	0.01149	0.00859	0.00433	0.01576	0.00126	0.00456	0.00376	0.00218	0.00525
21	0.01089	0.00908	0.00895	0.00781	0.01009	0.11316	0.00618	0.09860	0.42459	0.09263	0.01326	0.01451	0.01041	0.00560	0.01936	0.00130	0.00381	0.06744	0.00354	0.07880

[dist]
# distance from previous block
# <min> <max>
0	4

[block]
# block no. 3 follows, 71 sequences, length 13
# corresponding to MSA columns:
# 101-113
name=unknown_D
#
# <colnr> <probs for GDERKNQSTAVLIFYWHMCP>
#	G	D	E	R	K	N	Q	S	T	A	V	L	I	F	Y	W	H	M	C	P
0	0.00638	0.00448	0.00578	0.00588	0.00649	0.00466	0.00427	0.05836	0.00788	0.04622	0.03104	0.40390	0.04568	0.13947	0.10733	0.00239	0.05346	0.05964	0.00317	0.00350
1	0.00930	0.00808	0.00839	0.00750	0.00954	0.03649	0.00582	0.06477	0.60705	0.01538	0.03464	0.06586	0.04836	0.00573	0.00411	0.00127	0.01948	0.00474	0.00370	0.03977
2	0.00539	0.00382	0.00455	0.00486	0.00525	0.00376	0.00321	0.00637	0.04232	0.00939	0.01844	0.32332	0.10322	0.34635	0.03968	0.00251	0.00312	0.03428	0.03717	0.00299
3	0.00608	0.00415	0.00495	0.00464	0.00583	0.00376	0.00352	0.00781	0.02904	0.06572	0.46276	0.02911	0.28935	0.00798	0.00436	0.00122	0.00197	0.00685	0.05718	0.00373
4	0.89233	0.00741	0.00564	0.00504	0.00741	0.00860	0.00415	0.01127	0.00653	0.01720	0.00534	0.00623	0.00415	0.00356	0.00237	0.00119	0.00297	0.00208	0.00237	0.00415
5	0.01243	0.01491	0.01069	0.03681	0.07742	0.60408	0.00754	0.03565	0.01006	0.00998	0.00668	0.00837	0.00568	0.00719	0.11298	0.00170	0.02848	0.00283	0.00201	0.00449
6	0.01067	0.76083	0.06946	0.00718	0.01061	0.01474	0.00720	0.06100	0.00864	0.01044	0.00599	0.00691	0.00532	0.00360	0.00276	0.00092	0.00431	0.00229	0.00188	0.00523
7	0.00742	0.00561	0.00617	0.00576	0.00711	0.04132	0.00440	0.01102	0.19253	0.06421	0.37154	0.07263	0.10391	0.00723	0.00424	0.00125	0.00248	0.03290	0.05397	0.00430
8	0.03473	0.00609	0.00625	0.00609	0.00688	0.10279	0.00439	0.06959	0.00766	0.01011	0.01192	0.17925	0.01260	0.21620	0.27057	0.03767	0.00583	0.00543	0.00253	0.00341
9	0.01839	0.00464	0.00631	0.17211	0.01007	0.00487	0.00517	0.04718	0.02060	0.01117	0.08292	0.46139	0.08231	0.02766	0.00485	0.00148	0.00292	0.02913	0.00322	0.00361
10	0.00998	0.65115	0.18211	0.00761	0.01129	0.06253	0.00811	0.01183	0.00803	0.00966	0.00567	0.00658	0.00491	0.00339	0.00275	0.00091	0.00457	0.00223	0.00166	0.00504
11	0.03482	0.00943	0.01245	0.00941	0.01250	0.06765	0.18451	0.26256	0.01197	0.17394	0.00958	0.02742	0.00707	0.00452	0.01721	0.00118	0.00452	0.00364	0.00315	0.14246
12	0.09468	0.00827	0.00964	0.00775	0.01032	0.03112	0.05533	0.25475	0.12595	0.21793	0.06236	0.05056	0.03148	0.00515	0.00384	0.00120	0.00360	0.00423	0.00375	0.01809

[dist]
# distance from previous block
# <min> <max>
0	4

[block]
# block no. 4 follows, 71 sequences, length 33
# corresponding to MSA columns:
# 118-150
name=unknown_E
#
# <colnr> <probs for GDERKNQSTAVLIFYWHMCP>
#	G	D	E	R	K	N	Q	S	T	A	V	L	I	F	Y	W	H	M	C	P
0	0.00722	0.00518	0.00585	0.00554	0.00672	0.02939	0.00410	0.06147	0.07554	0.07704	0.23522	0.20535	0.16319	0.08427	0.00576	0.00152	0.00263	0.01635	0.00371	0.00396
1	0.00786	0.00738	0.01246	0.51204	0.29879	0.00844	0.01058	0.01024	0.00791	0.01065	0.00721	0.01034	0.00577	0.00558	0.06777	0.00160	0.00531	0.00346	0.00180	0.00481
2	0.01254	0.00951	0.01165	0.00998	0.07437	0.01986	0.07577	0.46398	0.12077	0.07996	0.02640	0.03925	0.02811	0.00490	0.00396	0.00120	0.00408	0.00409	0.00358	0.00605
3	0.06017	0.07624	0.01564	0.01140	0.01442	0.14921	0.30174	0.15832	0.09239	0.04785	0.00885	0.01010	0.00678	0.00426	0.00424	0.00126	0.02506	0.00374	0.00274	0.00557
4	0.01204	0.00694	0.00820	0.00680	0.00910	0.00689	0.00553	0.25472	0.03669	0.29165	0.04257	0.05826	0.16396	0.00654	0.00416	0.00126	0.00323	0.07198	0.00406	0.00542
5	0.00858	0.00818	0.01392	0.36116	0.51083	0.00887	0.01131	0.01097	0.00830	0.01142	0.00705	0.00979	0.00568	0.00359	0.00381	0.00120	0.00478	0.00341	0.00182	0.00534
6	0.02539	0.01043	0.01069	0.02851	0.01169	0.06467	0.00700	0.55274	0.18128	0.03105	0.01019	0.01009	0.00741	0.00461	0.00378	0.00116	0.00411	0.00352	0.00363	0.02806
7	0.00858	0.00683	0.00800	0.00578	0.00911	0.00527	0.00464	0.03038	0.00840	0.06213	0.00811	0.00896	0.02534	0.00316	0.00296	0.00064	0.00288	0.00253	0.00249	0.79383
8	0.00555	0.00383	0.00476	0.00476	0.00496	0.00403	0.00304	0.00595	0.00575	0.00786	0.01155	0.02217	0.01267	0.62149	0.26154	0.00443	0.00563	0.00515	0.00224	0.00264
9	0.01011	0.77476	0.04635	0.00680	0.01007	0.01454	0.00677	0.01217	0.07027	0.00965	0.00616	0.00683	0.00543	0.00344	0.00261	0.00087	0.00407	0.00225	0.00181	0.00503
10	0.80178	0.07271	0.00687	0.00529	0.00772	0.03200	0.00442	0.01140	0.00674	0.01637	0.00535	0.00624	0.00423	0.00355	0.00241	0.00115	0.00316	0.00208	0.00231	0.00422
11	0.01082	0.00841	0.01021	0.00774	0.01083	0.03441	0.07528	0.21809	0.05848	0.09736	0.00932	0.02996	0.00730	0.00400	0.00350	0.00093	0.00367	0.01466	0.00301	0.39201
12	0.00532	0.00378	0.00485	0.00537	0.00581	0.00366	0.00388	0.00619	0.00751	0.00993	0.06542	0.33164	0.07312	0.22655	0.02981	0.00223	0.00308	0.20553	0.00324	0.00306
13	0.00529	0.00419	0.00465	0.00462	0.00574	0.00363	0.00339	0.00636	0.00954	0.01224	0.27388	0.10481	0.52823	0.00961	0.00475	0.00137	0.00210	0.00811	0.00390	0.00359
14	0.01135	0.00940	0.00918	0.00799	0.01029	0.10733	0.00626	0.10102	0.55336	0.10463	0.02816	0.01304	0.01058	0.00499	0.00385	0.00123	0.00361	0.00402	0.00377	0.00593
15	0.01432	0.01827	0.01087	0.00988	0.01185	0.84986	0.00741	0.01531	0.01087	0.00938	0.00593	0.00691	0.00494	0.00395	0.00346	0.00099	0.00691	0.00247	0.00198	0.00444
16	0.00666	0.00333	0.00500	0.00500	0.00500	0.00333	0.00333	0.00500	0.00500	0.00666	0.00666	0.01166	0.00666	0.01332	0.01499	0.88844	0.00333	0.00333	0.00167	0.00167
17	0.01000	0.53382	0.22914	0.00806	0.01178	0.10128	0.00857	0.01234	0.03531	0.01009	0.00613	0.00699	0.00513	0.00351	0.00291	0.00095	0.00476	0.00237	0.00174	0.00510
18	0.00766	0.00560	0.00693	0.00649	0.00757	0.04591	0.00503	0.08162	0.00825	0.07588	0.07242	0.06384	0.01228	0.06289	0.48085	0.00414	0.02723	0.01877	0.00270	0.00395
19	0.00703	0.00496	0.00594	0.00551	0.00687	0.00488	0.00424	0.01039	0.17033	0.08036	0.43105	0.05122	0.15649	0.00761	0.00439	0.00127	0.00226	0.03692	0.00405	0.00425
20	0.00780	0.05649	0.80970	0.01074	0.01630	0.00918	0.01384	0.01211	0.00808	0.01201	0.00681	0.00801	0.00486	0.00363	0.00359	0.00120	0.00560	0.00280	0.00162	0.00563
21	0.00903	0.18648	0.15196	0.00900	0.08205	0.03656	0.02809	0.08737	0.07267	0.03679	0.02266	0.01272	0.07041	0.04179	0.11475	0.01341	0.00502	0.00370	0.01061	0.00492
22	0.00501	0.00400	0.00455	0.00475	0.00584	0.00358	0.00367	0.00635	0.02389	0.01109	0.11241	0.12139	0.51999	0.00983	0.00469	0.00139	0.00225	0.14830	0.00363	0.00336
23	0.00503	0.00357	0.00473	0.00551	0.00583	0.00340	0.00388	0.00584	0.00750	0.00998	0.03909	0.62779	0.02399	0.09177	0.00632	0.00179	0.00257	0.14483	0.00345	0.00312
24	0.03074	0.67014	0.10130	0.00747	0.01098	0.01370	0.04554	0.03095	0.00821	0.04222	0.00607	0.00688	0.00515	0.00341	0.00276	0.00091	0.00431	0.00235	0.00184	0.00509
25	0.00548	0.00410	0.00610	0.00610	0.00676	0.00476	0.00472	0.00681	0.00614	0.00885	0.01033	0.01538	0.00972	0.05501	0.82399	0.00609	0.01006	0.00415	0.00206	0.00339
26	0.07334	0.00867	0.00909	0.00761	0.01007	0.00967	0.00609	0.31631	0.37833	0.04317	0.01455	0.01380	0.08182	0.00525	0.00382	0.00123	0.00338	0.00417	0.00376	0.00587
27	0.00541	0.00365	0.00423	0.00439	0.00443	0.00361	0.00254	0.00553	0.00589	0.00786	0.01370	0.17485	0.01598	0.71271	0.01690	0.00333	0.00345	0.00653	0.00254	0.00246
28	0.00996	0.01187	0.20637	0.01919	0.03204	0.10413	0.00877	0.15901	0.00979	0.05222	0.03331	0.09899	0.00855	0.00568	0.00610	0.00133	0.22110	0.00408	0.00251	0.00502
29	0.00897	0.00922	0.01212	0.01162	0.10712	0.07477	0.00871	0.00998	0.00658	0.00962	0.00535	0.00841	0.00515	0.00612	0.01087	0.00156	0.69437	0.00330	0.00173	0.00443
30	0.00477	0.00342	0.00436	0.00510	0.00548	0.00316	0.00345	0.00554	0.00759	0.01014	0.03821	0.72066	0.11506	0.01137	0.00476	0.00149	0.00217	0.01021	0.03990	0.00316
31	0.65283	0.03961	0.00731	0.03374	0.00889	0.03687	0.00500	0.08897	0.07040	0.01697	0.00655	0.00727	0.00503	0.00379	0.00271	0.00117	0.00333	0.00243	0.00256	0.00456
32	0.00649	0.00448	0.00565	0.00519	0.00634	0.00428	0.00394	0.01981	0.07313	0.06142	0.69840	0.02666	0.05432	0.00748	0.00443	0.00121	0.00202	0.00655	0.00420	0.00399

[dist]
# distance from previous block
# <min> <max>
5	9

[block]
# block no. 5 follows, 71 sequences, length 37
# corresponding to MSA columns:
# 160-196
name=unknown_F
#
# <colnr> <probs for GDERKNQSTAVLIFYWHMCP>
#	G	D	E	R	K	N	Q	S	T	A	V	L	I	F	Y	W	H	M	C	P
0	0.00816	0.00687	0.00812	0.00588	0.00914	0.00539	0.00472	0.00982	0.00793	0.02916	0.00691	0.00807	0.00573	0.00303	0.00325	0.00062	0.03712	0.00235	0.00230	0.83543
1	0.00474	0.00382	0.00423	0.00432	0.00538	0.00331	0.00319	0.00583	0.00892	0.01120	0.18116	0.15859	0.56027	0.00973	0.00460	0.00132	0.00198	0.02046	0.00368	0.00329
2	0.00478	0.00375	0.00432	0.00448	0.00541	0.00329	0.00325	0.00587	0.00887	0.01139	0.22286	0.24919	0.43916	0.00987	0.00462	0.00134	0.00198	0.00855	0.00372	0.00329
3	0.00540	0.00397	0.00518	0.00585	0.00659	0.00378	0.00465	0.00666	0.00835	0.01079	0.04707	0.28015	0.17159	0.03239	0.00538	0.00165	0.00282	0.39087	0.00353	0.00333
4	0.01130	0.01135	0.00952	0.00848	0.01066	0.25527	0.00655	0.07690	0.53515	0.01468	0.01232	0.01178	0.00936	0.00479	0.00377	0.00120	0.00425	0.00373	0.00333	0.00563
5	0.00769	0.01983	0.84538	0.01093	0.01659	0.00890	0.01417	0.01214	0.00810	0.01214	0.00688	0.00810	0.00486	0.00364	0.00364	0.00121	0.00567	0.00283	0.00162	0.00567
6	0.00844	0.00703	0.01024	0.16746	0.20097	0.00676	0.02312	0.03491	0.02327	0.05851	0.04710	0.07145	0.04421	0.00452	0.00367	0.00104	0.00366	0.00401	0.00252	0.27709
7	0.00568	0.00399	0.00519	0.00556	0.00637	0.00363	0.00412	0.00678	0.00822	0.04017	0.10467	0.48841	0.07774	0.01025	0.00471	0.00145	0.00247	0.14786	0.00357	0.06913
8	0.16951	0.00695	0.00832	0.00664	0.00937	0.00674	0.00543	0.04972	0.09063	0.56513	0.03355	0.01221	0.00931	0.00465	0.00362	0.00120	0.00319	0.00365	0.00420	0.00599
9	0.01097	0.00697	0.00762	0.00655	0.00860	0.02058	0.00517	0.10792	0.31855	0.18398	0.04291	0.01386	0.01094	0.00492	0.00358	0.00115	0.00291	0.00400	0.23336	0.00545
10	0.00695	0.00568	0.00665	0.00563	0.00772	0.00493	0.00429	0.02968	0.08803	0.01277	0.12516	0.19365	0.08442	0.00629	0.00377	0.00101	0.00255	0.00543	0.00311	0.40228
11	0.00842	0.00760	0.01260	0.01000	0.01198	0.03409	0.29772	0.08850	0.00894	0.04523	0.02334	0.19378	0.01178	0.09499	0.06545	0.00194	0.06329	0.01333	0.00266	0.00438
12	0.02924	0.00925	0.01145	0.00905	0.01168	0.06016	0.12403	0.37447	0.03707	0.12769	0.02892	0.07487	0.00944	0.00632	0.04432	0.00146	0.00459	0.02694	0.00344	0.00560
13	0.00883	0.00992	0.02133	0.01537	0.01894	0.00946	0.75645	0.01186	0.00878	0.01197	0.00786	0.01077	0.00610	0.02290	0.03476	0.00153	0.03173	0.00450	0.00194	0.00502
14	0.00727	0.00686	0.01151	0.83168	0.02594	0.00861	0.01058	0.00978	0.00762	0.00978	0.00676	0.01017	0.00511	0.00392	0.00409	0.00129	0.02967	0.00341	0.00170	0.00426
15	0.01192	0.01956	0.03198	0.09170	0.29950	0.04696	0.02345	0.21782	0.06214	0.14278	0.00933	0.01016	0.00687	0.00409	0.00380	0.00117	0.00439	0.00350	0.00292	0.00598
16	0.18039	0.01417	0.01010	0.00886	0.01103	0.50292	0.03499	0.09462	0.04882	0.01272	0.00678	0.00775	0.00544	0.00479	0.03034	0.00124	0.01536	0.00271	0.00232	0.00466
17	0.00617	0.00381	0.00540	0.00587	0.00627	0.00378	0.00452	0.00632	0.00692	0.00911	0.01440	0.12375	0.01572	0.05387	0.00992	0.36567	0.00331	0.34981	0.00271	0.00266
18	0.00641	0.00513	0.00818	0.00735	0.00854	0.00561	0.10248	0.03451	0.02757	0.01041	0.01083	0.03050	0.00994	0.02189	0.60107	0.00473	0.00852	0.04041	0.05212	0.00380
19	0.00832	0.01545	0.46546	0.01334	0.01819	0.00927	0.38969	0.01221	0.00854	0.01221	0.00729	0.00913	0.00530	0.00345	0.00405	0.00125	0.00603	0.00361	0.00177	0.00544
20	0.00489	0.00365	0.00458	0.00517	0.00568	0.00342	0.00356	0.00608	0.03918	0.01055	0.08770	0.64055	0.14865	0.01108	0.00477	0.00148	0.00218	0.00992	0.00362	0.00328
21	0.00474	0.00341	0.00452	0.00538	0.00566	0.00318	0.00367	0.00547	0.00746	0.00989	0.02165	0.79672	0.05107	0.01187	0.00490	0.00156	0.00228	0.04988	0.00356	0.00314
22	0.00556	0.00377	0.00443	0.00443	0.00452	0.00385	0.00263	0.00574	0.00565	0.00762	0.01185	0.02383	0.01339	0.75967	0.12434	0.00403	0.00454	0.00539	0.00229	0.00246
23	0.00825	0.03904	0.82096	0.01114	0.01676	0.00931	0.01415	0.01247	0.00841	0.01254	0.00734	0.00874	0.00533	0.00396	0.00383	0.00130	0.00579	0.00298	0.00179	0.00590
24	0.04776	0.00757	0.00863	0.00712	0.00949	0.03799	0.03156	0.11353	0.23313	0.28948	0.02488	0.01277	0.00967	0.00473	0.00364	0.00116	0.00328	0.00384	0.14412	0.00568
25	0.00550	0.00403	0.00578	0.00578	0.00634	0.00459	0.00432	0.00660	0.00605	0.00862	0.01062	0.01698	0.01042	0.18839	0.69156	0.00570	0.00902	0.00439	0.00211	0.00321
26	0.18884	0.04976	0.01234	0.07002	0.01330	0.38164	0.14896	0.05679	0.00962	0.01226	0.00632	0.00772	0.00503	0.00379	0.00358	0.00111	0.01932	0.00286	0.00211	0.00463
27	0.00786	0.00477	0.00604	0.00539	0.00677	0.00446	0.00415	0.05544	0.02511	0.15264	0.53575	0.07414	0.08719	0.00748	0.00438	0.00123	0.00224	0.00650	0.00419	0.00425
28	0.00817	0.00712	0.00928	0.04093	0.02667	0.00586	0.06382	0.04457	0.00863	0.01303	0.05394	0.00946	0.00743	0.00328	0.00316	0.00072	0.00322	0.00281	0.00239	0.68550
29	0.10480	0.01026	0.04938	0.01611	0.41168	0.08451	0.07578	0.09437	0.02766	0.07750	0.00791	0.00927	0.00612	0.00373	0.00368	0.00115	0.00464	0.00331	0.00240	0.00571
30	0.00682	0.00508	0.05285	0.00544	0.00678	0.00416	0.00443	0.00875	0.02154	0.10169	0.59416	0.10682	0.02957	0.00757	0.00439	0.00123	0.00224	0.00665	0.02583	0.00402
31	0.01214	0.00758	0.00871	0.00726	0.00965	0.00801	0.00580	0.15599	0.34446	0.26007	0.10284	0.01461	0.01276	0.00523	0.00391	0.00122	0.00314	0.00430	0.02635	0.00595
32	0.00604	0.00428	0.00495	0.00491	0.00533	0.00437	0.00320	0.04084	0.05343	0.00939	0.02967	0.11732	0.05584	0.55524	0.05586	0.00312	0.00373	0.03678	0.00274	0.00297
33	0.80916	0.00717	0.00568	0.00506	0.00732	0.00821	0.00411	0.01123	0.00664	0.04799	0.00609	0.00755	0.00491	0.05220	0.00340	0.00133	0.00302	0.00234	0.00246	0.00414
34	0.05519	0.00411	0.00442	0.00435	0.00557	0.00368	0.00325	0.00658	0.00895	0.03565	0.19001	0.10958	0.52323	0.00899	0.00439	0.00129	0.00204	0.00760	0.01769	0.00345
35	0.00983	0.78672	0.05046	0.00658	0.00983	0.01426	0.00664	0.01117	0.00786	0.00921	0.00728	0.00796	0.05200	0.00366	0.00262	0.00086	0.00404	0.00242	0.00175	0.00485
36	0.09652	0.07369	0.01114	0.00804	0.01094	0.04673	0.00668	0.57058	0.01505	0.08497	0.00897	0.00905	0.00644	0.00439	0.00355	0.00112	0.00406	0.00321	0.02886	0.00601

[dist]
# distance from previous block
# <min> <max>
0	1

[block]
# block no. 6 follows, 71 sequences, length 6
# corresponding to MSA columns:
# 198-203
name=unknown_G
#
# <colnr> <probs for GDERKNQSTAVLIFYWHMCP>
#	G	D	E	R	K	N	Q	S	T	A	V	L	I	F	Y	W	H	M	C	P
0	0.00526	0.00401	0.00594	0.00625	0.00687	0.00378	0.05643	0.00637	0.00801	0.01072	0.09514	0.60265	0.02459	0.01085	0.00490	0.00154	0.00266	0.13716	0.00351	0.00336
1	0.00549	0.00375	0.00452	0.00459	0.00472	0.00384	0.00282	0.00576	0.00581	0.00785	0.01248	0.08756	0.01411	0.66537	0.15205	0.00395	0.00466	0.00575	0.00237	0.00256
2	0.16550	0.00873	0.00961	0.00749	0.01040	0.00918	0.00619	0.41128	0.01364	0.30397	0.01057	0.01001	0.00713	0.00447	0.00359	0.00117	0.00368	0.00336	0.00390	0.00612
3	0.00554	0.00386	0.00489	0.00489	0.00514	0.00410	0.00321	0.00603	0.00579	0.00796	0.01143	0.02149	0.01238	0.56486	0.31776	0.00460	0.00607	0.00505	0.00223	0.00272
4	0.00597	0.00478	0.00698	0.05106	0.00802	0.00580	0.00532	0.00719	0.00614	0.00884	0.00958	0.01497	0.00920	0.11234	0.60684	0.00505	0.12233	0.00413	0.00201	0.00345
5	0.14564	0.00898	0.01014	0.00874	0.04267	0.15923	0.09174	0.01393	0.00910	0.29634	0.00984	0.01063	0.00721	0.00786	0.13011	0.00192	0.03443	0.00341	0.00298	0.00509

[dist]
# distance from previous block
# <min> <max>
3	180

[block]
# block no. 7 follows, 71 sequences, length 21
# corresponding to MSA columns:
# 387-407
name=unknown_H
#
# <colnr> <probs for GDERKNQSTAVLIFYWHMCP>
#	G	D	E	R	K	N	Q	S	T	A	V	L	I	F	Y	W	H	M	C	P
0	0.01125	0.06356	0.35531	0.13089	0.01513	0.04071	0.01004	0.03460	0.00930	0.27830	0.00944	0.00986	0.00643	0.00404	0.00367	0.00118	0.00474	0.00320	0.00270	0.00567
1	0.58557	0.02912	0.08762	0.00588	0.00841	0.07753	0.00527	0.01086	0.00738	0.01489	0.01036	0.01088	0.12456	0.00448	0.00290	0.00118	0.00343	0.00305	0.00242	0.00421
2	0.00539	0.00364	0.00424	0.00442	0.00447	0.00359	0.00258	0.00553	0.00594	0.00792	0.01397	0.19950	0.01632	0.68759	0.01647	0.00327	0.00341	0.00668	0.00258	0.00249
3	0.00964	0.53241	0.20919	0.00913	0.06531	0.01284	0.04086	0.03047	0.03887	0.01070	0.00637	0.00735	0.00530	0.00347	0.00298	0.00098	0.00455	0.00253	0.00180	0.00525
4	0.06780	0.55373	0.01655	0.00718	0.01031	0.03748	0.00663	0.23562	0.01060	0.01371	0.00641	0.00701	0.00531	0.00368	0.00286	0.00094	0.00414	0.00245	0.00230	0.00530
5	0.00690	0.03297	0.55091	0.00904	0.01297	0.00727	0.01066	0.01019	0.00817	0.01178	0.06903	0.15888	0.02688	0.00623	0.01681	0.00137	0.00466	0.04814	0.00228	0.00488
6	0.14918	0.07551	0.08436	0.16943	0.03286	0.10439	0.10049	0.09852	0.00962	0.12889	0.00790	0.00901	0.00576	0.00388	0.00352	0.00116	0.00474	0.00313	0.00250	0.00513
7	0.03431	0.57181	0.13211	0.00679	0.00990	0.01214	0.00691	0.01096	0.00759	0.03755	0.00685	0.00938	0.00634	0.12744	0.00512	0.00131	0.00420	0.00273	0.00186	0.00468
8	0.00592	0.00442	0.00597	0.00739	0.12519	0.00436	0.00417	0.00650	0.00664	0.00897	0.01417	0.25159	0.01624	0.47540	0.01271	0.00268	0.00342	0.03851	0.00265	0.00313
9	0.01020	0.15019	0.08773	0.01345	0.27553	0.20187	0.02025	0.02840	0.02413	0.01106	0.00798	0.06143	0.01970	0.00446	0.00423	0.00113	0.06763	0.00349	0.00204	0.00511
10	0.00903	0.02236	0.01402	0.07966	0.54537	0.03983	0.06261	0.03038	0.00926	0.01282	0.12694	0.01220	0.01027	0.00412	0.00392	0.00116	0.00440	0.00394	0.00227	0.00546
11	0.00702	0.00621	0.00825	0.00920	0.12762	0.06039	0.00622	0.00905	0.05802	0.00991	0.00962	0.01336	0.00868	0.02095	0.57953	0.00458	0.05130	0.00388	0.00212	0.00407
12	0.00637	0.00485	0.00561	0.00550	0.00673	0.00470	0.00427	0.12451	0.01002	0.01294	0.11671	0.19103	0.33687	0.00963	0.01718	0.00146	0.00268	0.13151	0.00365	0.00378
13	0.03732	0.02507	0.02242	0.03314	0.09886	0.04864	0.00695	0.11698	0.09726	0.16897	0.03009	0.02289	0.01063	0.02174	0.06907	0.00171	0.05932	0.12057	0.00320	0.00517
14	0.12447	0.04294	0.01133	0.00925	0.01169	0.44660	0.05962	0.19266	0.04267	0.01403	0.00703	0.00780	0.00550	0.00402	0.00346	0.00107	0.00556	0.00282	0.00249	0.00499
15	0.00539	0.00419	0.00607	0.00794	0.12585	0.00399	0.00474	0.00632	0.00765	0.01035	0.04404	0.71455	0.02291	0.01065	0.00472	0.00149	0.00255	0.00970	0.00334	0.00356
16	0.00801	0.04734	0.64663	0.01256	0.13483	0.00902	0.03800	0.01192	0.00829	0.01219	0.03191	0.00891	0.00600	0.00371	0.00368	0.00119	0.00536	0.00306	0.00175	0.00562
17	0.00833	0.00821	0.01298	0.25351	0.40184	0.04601	0.06246	0.01050	0.00855	0.01129	0.01163	0.01358	0.12572	0.00445	0.00394	0.00120	0.00456	0.00412	0.00209	0.00502
18	0.01388	0.00898	0.01033	0.00806	0.01085	0.00952	0.02077	0.50458	0.06607	0.20595	0.09043	0.01226	0.01033	0.00496	0.00392	0.00118	0.00374	0.00395	0.00405	0.00619
19	0.00508	0.00589	0.12532	0.00570	0.00704	0.00400	0.00489	0.00641	0.00795	0.01043	0.04455	0.47339	0.26505	0.01002	0.00460	0.00142	0.00263	0.00881	0.00330	0.00353
20	0.00880	0.00851	0.03870	0.04067	0.66438	0.00818	0.01054	0.01090	0.00852	0.02400	0.00931	0.13232	0.00884	0.00469	0.00395	0.00121	0.00425	0.00448	0.00216	0.00560

[dist]
# distance from previous block
# <min> <max>
15	27

[block]
# block no. 8 follows, 71 sequences, length 102
# corresponding to MSA columns:
# 437-538
name=unknown_I
#
# <colnr> <probs for GDERKNQSTAVLIFYWHMCP>
#	G	D	E	R	K	N	Q	S	T	A	V	L	I	F	Y	W	H	M	C	P
0	0.01174	0.10386	0.04895	0.01329	0.29489	0.03585	0.02186	0.13694	0.07696	0.17167	0.02024	0.01106	0.00778	0.00423	0.00371	0.00114	0.00418	0.02279	0.00292	0.00592
1	0.00615	0.00400	0.00479	0.00472	0.00492	0.00412	0.00294	0.00666	0.07171	0.00798	0.01103	0.02075	0.01191	0.57005	0.04231	0.21250	0.00377	0.00490	0.00229	0.00250
2	0.00961	0.26635	0.07196	0.00681	0.01027	0.02305	0.00625	0.12010	0.00931	0.01294	0.00668	0.00757	0.00549	0.00328	0.00293	0.00077	0.00367	0.00241	0.00224	0.42830
3	0.00467	0.00335	0.00443	0.00529	0.00555	0.00312	0.00354	0.00534	0.00739	0.00981	0.02171	0.83586	0.05187	0.01194	0.00488	0.00155	0.00222	0.01081	0.00356	0.00312
4	0.00630	0.00399	0.00515	0.00510	0.00603	0.00361	0.00373	0.00759	0.00943	0.09974	0.38244	0.30913	0.12482	0.00914	0.00458	0.00133	0.00212	0.00809	0.00397	0.00371
5	0.01005	0.65600	0.17121	0.00758	0.01121	0.06877	0.00801	0.01185	0.00805	0.00962	0.00565	0.00656	0.00491	0.00339	0.00274	0.00090	0.00457	0.00222	0.00166	0.00503
6	0.00534	0.00444	0.00521	0.00560	0.05946	0.00402	0.00383	0.00710	0.04861	0.01218	0.26024	0.03174	0.52122	0.00857	0.00445	0.00126	0.00213	0.00729	0.00365	0.00366
7	0.00895	0.02732	0.00834	0.00582	0.00918	0.00540	0.00470	0.01062	0.00826	0.09736	0.00763	0.00843	0.00605	0.00304	0.00293	0.00064	0.00291	0.00243	0.00251	0.77748
8	0.01052	0.81258	0.01952	0.00674	0.00997	0.04224	0.00661	0.03767	0.00822	0.00952	0.00547	0.00627	0.00497	0.00334	0.00254	0.00084	0.00420	0.00211	0.00172	0.00496
9	0.01021	0.29687	0.39957	0.00887	0.01320	0.01102	0.01008	0.10790	0.00942	0.08857	0.00740	0.00804	0.00550	0.00374	0.00330	0.00107	0.00476	0.00274	0.00217	0.00560
10	0.00919	0.14927	0.23203	0.01314	0.03881	0.04653	0.42259	0.02156	0.00878	0.01175	0.00707	0.00892	0.00541	0.00340	0.00390	0.00118	0.00583	0.00357	0.00183	0.00527
11	0.00467	0.00334	0.00445	0.00534	0.00556	0.00311	0.00356	0.00534	0.00734	0.00979	0.02113	0.86275	0.02536	0.01201	0.00489	0.00156	0.00222	0.01090	0.00356	0.00311
12	0.01181	0.16438	0.01175	0.00837	0.01079	0.28041	0.00673	0.11590	0.32365	0.01365	0.00989	0.00986	0.00770	0.00439	0.00349	0.00110	0.00461	0.00322	0.00287	0.00540
13	0.00893	0.20783	0.41721	0.00895	0.01341	0.00945	0.04563	0.01192	0.00821	0.06025	0.00704	0.00802	0.00534	0.00346	0.00328	0.00101	0.00468	0.00268	0.00194	0.17077
14	0.00857	0.28499	0.54310	0.00935	0.01405	0.01078	0.01132	0.03120	0.00822	0.01138	0.00685	0.03151	0.00549	0.00379	0.00331	0.00110	0.00504	0.00283	0.00173	0.00538
15	0.00867	0.01152	0.14749	0.01460	0.01850	0.02416	0.63903	0.01190	0.00883	0.01206	0.00839	0.06070	0.00682	0.00383	0.00439	0.00129	0.00610	0.00461	0.00199	0.00511
16	0.00517	0.00448	0.00566	0.02055	0.06960	0.00400	0.03073	0.00633	0.00857	0.01060	0.04507	0.14751	0.59233	0.00923	0.00453	0.00133	0.00241	0.02503	0.00336	0.00353
17	0.00925	0.00890	0.01529	0.10895	0.74035	0.00906	0.02875	0.01158	0.00863	0.01224	0.00718	0.00958	0.00597	0.00346	0.00381	0.00116	0.00465	0.00344	0.00188	0.00587
18	0.00801	0.01886	0.76831	0.01119	0.01667	0.00888	0.07042	0.01231	0.00823	0.03200	0.00714	0.00837	0.00503	0.00364	0.00371	0.00122	0.00566	0.00298	0.00172	0.00565
19	0.00949	0.00911	0.01556	0.02353	0.84133	0.00911	0.01177	0.01177	0.00873	0.01253	0.00721	0.00949	0.00607	0.00342	0.00380	0.00114	0.00456	0.00342	0.00190	0.00607
20	0.00747	0.00705	0.01191	0.77241	0.10827	0.00858	0.01076	0.00999	0.00777	0.01007	0.00685	0.01015	0.00521	0.00379	0.00383	0.00126	0.00506	0.00341	0.00172	0.00444
21	0.00962	0.00839	0.01382	0.12200	0.57385	0.00879	0.01054	0.01187	0.02097	0.07854	0.03375	0.01045	0.00717	0.00399	0.00450	0.00120	0.06910	0.00357	0.00219	0.00567
22	0.00877	0.00989	0.02145	0.01546	0.01911	0.00927	0.77431	0.01183	0.00894	0.01212	0.00862	0.06529	0.00708	0.00380	0.00455	0.00131	0.00619	0.00494	0.00204	0.00504
23	0.00826	0.00786	0.01335	0.47787	0.39659	0.00879	0.01116	0.01069	0.00815	0.01104	0.00700	0.00989	0.00555	0.00364	0.00382	0.00121	0.00486	0.00341	0.00179	0.00508
24	0.00480	0.00340	0.00440	0.00515	0.00536	0.00320	0.00337	0.00538	0.00712	0.00947	0.02021	0.72894	0.03986	0.13164	0.00694	0.00185	0.00243	0.01010	0.00339	0.00301
25	0.00559	0.00453	0.00677	0.00681	0.00750	0.00457	0.07024	0.00670	0.00773	0.01030	0.01978	0.51941	0.07407	0.01048	0.00552	0.00157	0.07005	0.16165	0.00328	0.00345
26	0.00921	0.00878	0.01494	0.04608	0.78035	0.00882	0.01136	0.01142	0.00864	0.01232	0.00784	0.04841	0.00693	0.00382	0.00385	0.00116	0.00446	0.00376	0.00197	0.00589
27	0.06797	0.00737	0.00920	0.00709	0.01004	0.00699	0.00586	0.17071	0.01204	0.64122	0.01344	0.01193	0.00862	0.00465	0.00377	0.00118	0.00343	0.00368	0.00444	0.00639
28	0.11510	0.01569	0.01038	0.00917	0.01131	0.61123	0.00704	0.13268	0.01128	0.01242	0.00631	0.00720	0.00508	0.00407	0.00361	0.00105	0.02679	0.00259	0.00228	0.00471
29	0.00639	0.00492	0.00771	0.00694	0.00793	0.00513	0.10161	0.01825	0.00701	0.02735	0.02119	0.05410	0.04881	0.17806	0.35020	0.05541	0.02040	0.07275	0.00242	0.00343
30	0.00943	0.56703	0.27436	0.00868	0.04983	0.01296	0.00914	0.01170	0.00793	0.01014	0.00589	0.00690	0.00495	0.00340	0.00289	0.00096	0.00460	0.00235	0.00165	0.00520
31	0.01712	0.00666	0.00898	0.00689	0.00985	0.00583	0.00569	0.04452	0.01120	0.81783	0.01494	0.01293	0.00940	0.00474	0.00386	0.00119	0.00329	0.00384	0.00472	0.00653
32	0.00739	0.00696	0.01176	0.80238	0.07893	0.00856	0.01072	0.00992	0.00774	0.00997	0.00684	0.01018	0.00517	0.00381	0.00383	0.00127	0.00508	0.00341	0.00172	0.00438
33	0.00783	0.00974	0.15806	0.02869	0.07758	0.02401	0.29092	0.01041	0.00873	0.03197	0.03774	0.09150	0.09767	0.00580	0.00446	0.00133	0.01289	0.09345	0.00249	0.00471
34	0.00795	0.00750	0.01268	0.50988	0.32634	0.00849	0.01074	0.01032	0.00804	0.01080	0.00761	0.04882	0.00639	0.00405	0.00387	0.00124	0.00477	0.00375	0.00186	0.00488
35	0.01558	0.00832	0.00889	0.00722	0.00980	0.14526	0.00578	0.02850	0.02055	0.61401	0.01411	0.03595	0.02397	0.02553	0.00423	0.00124	0.00384	0.01720	0.00413	0.00588
36	0.00917	0.00892	0.01477	0.14232	0.65691	0.02904	0.03115	0.01143	0.00859	0.01196	0.00767	0.01003	0.02075	0.00365	0.00396	0.00117	0.01745	0.00350	0.00190	0.00567
37	0.00794	0.01573	0.56781	0.02418	0.10129	0.00836	0.09015	0.01161	0.00829	0.03183	0.01907	0.08055	0.00731	0.00436	0.00387	0.00124	0.00522	0.00382	0.00195	0.00542
38	0.00771	0.01691	0.68667	0.00983	0.01468	0.00794	0.01221	0.01151	0.00824	0.05179	0.01067	0.06438	0.07148	0.00470	0.00380	0.00124	0.00504	0.00380	0.00204	0.00536
39	0.00948	0.00914	0.01571	0.02338	0.82375	0.00912	0.02923	0.01178	0.00874	0.01252	0.00722	0.00951	0.00607	0.00341	0.00381	0.00114	0.00460	0.00344	0.00190	0.00605
40	0.00740	0.01223	0.37889	0.15121	0.12825	0.00762	0.03043	0.01038	0.00807	0.02207	0.01033	0.16025	0.01793	0.00542	0.00400	0.00130	0.00470	0.03244	0.00215	0.00494
41	0.00858	0.02308	0.18298	0.19378	0.15672	0.00843	0.19934	0.02312	0.00862	0.05736	0.02069	0.07046	0.02069	0.00436	0.00402	0.00125	0.00501	0.00421	0.00217	0.00512
42	0.00959	0.01196	0.35903	0.04809	0.03359	0.00715	0.07855	0.01250	0.00908	0.20949	0.07854	0.05516	0.04465	0.00501	0.00398	0.00125	0.00443	0.01978	0.00282	0.00534
43	0.00995	0.01089	0.22580	0.04083	0.24727	0.00784	0.11932	0.01262	0.00898	0.17716	0.01127	0.04089	0.06077	0.00443	0.00395	0.00122	0.00461	0.00406	0.00256	0.00560
44	0.00864	0.01190	0.29680	0.06281	0.29583	0.00814	0.07881	0.01153	0.00851	0.06388	0.02133	0.09734	0.00822	0.00453	0.00393	0.00123	0.00476	0.00416	0.00218	0.00544
45	0.00879	0.01246	0.39417	0.14633	0.04371	0.00760	0.01031	0.03082	0.03023	0.13091	0.01084	0.12195	0.02501	0.00510	0.00390	0.00127	0.00457	0.00431	0.00249	0.00522
46	0.00941	0.02070	0.21782	0.11478	0.13127	0.00721	0.05004	0.01184	0.00878	0.18616	0.04144	0.12018	0.04191	0.00533	0.00410	0.00126	0.01517	0.00466	0.00276	0.00519
47	0.00845	0.03547	0.52101	0.01001	0.03369	0.00787	0.05810	0.02437	0.00851	0.09649	0.01056	0.12988	0.02865	0.00506	0.00389	0.00125	0.00481	0.00430	0.00232	0.00531
48	0.00794	0.02974	0.51035	0.03477	0.07551	0.00861	0.16472	0.01154	0.00832	0.02179	0.00902	0.05689	0.03499	0.00423	0.00391	0.00124	0.00535	0.00383	0.00191	0.00534
49	0.00925	0.00825	0.14478	0.08193	0.09237	0.00641	0.06622	0.01135	0.00861	0.20262	0.05792	0.11792	0.01172	0.04897	0.09366	0.00190	0.00472	0.02363	0.00290	0.00488
50	0.00869	0.01115	0.25991	0.21570	0.17398	0.01679	0.05508	0.02467	0.00863	0.08422	0.01044	0.04036	0.06472	0.00445	0.00389	0.00123	0.00477	0.00391	0.00222	0.00520
51	0.00793	0.00792	0.07674	0.22118	0.28303	0.00734	0.05505	0.01010	0.00833	0.04919	0.03182	0.17055	0.04334	0.00555	0.00409	0.00128	0.00422	0.00512	0.00239	0.00484
52	0.00860	0.01230	0.28217	0.12772	0.44136	0.00899	0.04071	0.01165	0.00840	0.01204	0.00707	0.00917	0.00555	0.00354	0.00378	0.00119	0.00505	0.00327	0.00178	0.00567
53	0.00947	0.48624	0.22111	0.00948	0.01343	0.02681	0.16234	0.01186	0.00815	0.01040	0.00617	0.00742	0.00507	0.00337	0.00315	0.00101	0.00497	0.00271	0.00170	0.00514
54	0.00848	0.02493	0.33394	0.05573	0.10119	0.00842	0.20503	0.01203	0.04628	0.05715	0.02152	0.01245	0.08676	0.00430	0.00398	0.00123	0.00503	0.00400	0.00222	0.00531
55	0.00843	0.02699	0.52199	0.02585	0.13286	0.01960	0.17573	0.01219	0.00843	0.02186	0.00717	0.00879	0.00528	0.00354	0.00383	0.00121	0.00563	0.00326	0.00176	0.00559
56	0.00646	0.00337	0.00489	0.00493	0.00494	0.00336	0.00324	0.00507	0.00516	0.00689	0.00788	0.05404	0.00827	0.09569	0.01494	0.76003	0.00331	0.00391	0.00182	0.00180
57	0.00724	0.00681	0.01150	0.85604	0.02641	0.00852	0.01065	0.00980	0.00767	0.00980	0.00681	0.01022	0.00511	0.00383	0.00383	0.00128	0.00511	0.00341	0.00170	0.00426
58	0.00898	0.08251	0.43235	0.01275	0.19394	0.04455	0.02762	0.03866	0.00882	0.04234	0.00896	0.01060	0.04382	0.00408	0.00369	0.00117	0.00501	0.02258	0.00202	0.00553
59	0.01027	0.04557	0.07454	0.20318	0.04179	0.12580	0.06339	0.11221	0.20178	0.04320	0.01027	0.01112	0.03123	0.00437	0.00379	0.00120	0.00469	0.00363	0.00268	0.00528
60	0.01068	0.77708	0.01911	0.00691	0.01006	0.10410	0.00665	0.01189	0.00812	0.00906	0.00539	0.00623	0.00492	0.00335	0.00257	0.00084	0.00440	0.00209	0.00168	0.00487
61	0.00469	0.00334	0.00444	0.00531	0.00553	0.00313	0.00353	0.00534	0.00730	0.00974	0.02094	0.84519	0.02512	0.02990	0.00520	0.00160	0.00226	0.01079	0.00353	0.00310
62	0.03326	0.15364	0.22153	0.01106	0.11066	0.15852	0.05866	0.09190	0.04801	0.05583	0.00757	0.00847	0.00579	0.00380	0.00349	0.00109	0.00506	0.00297	0.00225	0.01645
63	0.52398	0.15353	0.04982	0.03547	0.00967	0.03700	0.00579	0.12201	0.00855	0.01602	0.00600	0.00687	0.00469	0.00368	0.00273	0.00112	0.00366	0.00235	0.00238	0.00469
64	0.00666	0.00333	0.00500	0.00500	0.00500	0.00333	0.00333	0.00500	0.00500	0.00666	0.00666	0.01166	0.00666	0.01332	0.01499	0.88844	0.00333	0.00333	0.00167	0.00167
65	0.00550	0.00396	0.00416	0.00416	0.00528	0.00359	0.00309	0.02421	0.01937	0.01187	0.07179	0.11350	0.48855	0.00842	0.00410	0.00122	0.00199	0.00709	0.21471	0.00343
66	0.02265	0.05330	0.05644	0.03616	0.37721	0.06735	0.03323	0.05639	0.09641	0.07868	0.03580	0.02184	0.00790	0.00420	0.00407	0.00117	0.03542	0.00361	0.00251	0.00565
67	0.01064	0.42098	0.06835	0.00758	0.01058	0.01149	0.04435	0.07037	0.11856	0.10933	0.04303	0.03894	0.00849	0.00436	0.00341	0.00105	0.01720	0.00335	0.00264	0.00530
68	0.00892	0.00850	0.01445	0.19865	0.64913	0.00885	0.01133	0.01124	0.00856	0.01202	0.02738	0.01011	0.00660	0.00361	0.00382	0.00117	0.00461	0.00350	0.00191	0.00563
69	0.00744	0.00704	0.01173	0.75648	0.06867	0.00876	0.01056	0.00986	0.00761	0.00990	0.00672	0.01006	0.00516	0.00400	0.00440	0.00130	0.06084	0.00340	0.00171	0.00435
70	0.07892	0.04574	0.13324	0.01919	0.10142	0.02499	0.06970	0.07211	0.01981	0.06135	0.04285	0.19152	0.03848	0.04838	0.00486	0.00140	0.01455	0.02406	0.00277	0.00468
71	0.00856	0.00992	0.12812	0.12980	0.41302	0.00863	0.11534	0.01111	0.00840	0.02170	0.00863	0.06496	0.02057	0.00425	0.00422	0.00123	0.03014	0.00404	0.00200	0.00537
72	0.00487	0.00353	0.00484	0.04948	0.00663	0.00341	0.00392	0.00560	0.00738	0.00983	0.03755	0.77992	0.02408	0.01153	0.00508	0.02312	0.00239	0.01024	0.00343	0.00315
