[name]
unknown

[dist]
# distance from previous block
# <min> <max>
52	191

[block]
# block no. 0 follows, 63 sequences, length 7
# corresponding to MSA columns:
# 386-392
name=unknown_A
#
# <colnr> <probs for GDERKNQSTAVLIFYWHMCP>
#	G	D	E	R	K	N	Q	S	T	A	V	L	I	F	Y	W	H	M	C	P
0	0.00697	0.00556	0.00639	0.00632	0.00719	0.04322	0.00468	0.00836	0.03394	0.04666	0.12897	0.28583	0.19097	0.06600	0.03808	0.00190	0.08495	0.02644	0.00363	0.00392
1	0.00861	0.00586	0.00687	0.03574	0.00834	0.00603	0.02358	0.10273	0.09320	0.04459	0.09738	0.06369	0.15033	0.00769	0.03500	0.00145	0.00311	0.00564	0.29546	0.00466
2	0.05401	0.08301	0.09877	0.06391	0.16248	0.04796	0.02444	0.06951	0.02329	0.09311	0.02823	0.01173	0.00814	0.02439	0.05402	0.00165	0.06189	0.00371	0.08019	0.00555
3	0.00804	0.05403	0.03976	0.08862	0.03456	0.00692	0.04992	0.05858	0.06833	0.04610	0.22080	0.06866	0.20924	0.02198	0.00488	0.00140	0.00341	0.00645	0.00361	0.00473
4	0.00647	0.00498	0.00654	0.00782	0.08615	0.00487	0.00493	0.04435	0.03646	0.01182	0.02167	0.50262	0.10183	0.10510	0.00692	0.00188	0.00302	0.03503	0.00360	0.00394
5	0.00713	0.00459	0.00599	0.00664	0.03828	0.00434	0.00438	0.03326	0.00871	0.09057	0.02141	0.55025	0.07237	0.12260	0.00727	0.00193	0.00292	0.00966	0.00379	0.00392
6	0.10801	0.06923	0.06702	0.04336	0.16509	0.07860	0.03675	0.07463	0.03574	0.02798	0.02555	0.03135	0.00933	0.12064	0.04842	0.00194	0.02153	0.02708	0.00260	0.00514

[dist]
# distance from previous block
# <min> <max>
0	1

[block]
# block no. 1 follows, 63 sequences, length 24
# corresponding to MSA columns:
# 394-417
name=unknown_B
#
# <colnr> <probs for GDERKNQSTAVLIFYWHMCP>
#	G	D	E	R	K	N	Q	S	T	A	V	L	I	F	Y	W	H	M	C	P
0	0.00584	0.00456	0.00540	0.02309	0.00676	0.03462	0.00415	0.00668	0.00819	0.01064	0.04888	0.51492	0.09152	0.13324	0.04526	0.00222	0.00335	0.04371	0.00355	0.00344
1	0.17127	0.04605	0.02636	0.14213	0.12249	0.06720	0.05167	0.01192	0.03736	0.03080	0.00925	0.07908	0.00844	0.02658	0.03508	0.00166	0.10791	0.01735	0.00245	0.00496
2	0.01000	0.00530	0.00649	0.00575	0.00733	0.00505	0.00445	0.03863	0.04041	0.20764	0.27285	0.02255	0.03353	0.06728	0.00544	0.00145	0.00271	0.03394	0.22440	0.00480
3	0.01162	0.00917	0.01334	0.17587	0.22377	0.03871	0.06241	0.10918	0.01094	0.14240	0.02836	0.01238	0.03502	0.00463	0.00449	0.00127	0.03161	0.00402	0.00293	0.07787
4	0.04175	0.01068	0.03231	0.00986	0.03506	0.01146	0.02618	0.52883	0.03600	0.09012	0.01033	0.01089	0.00755	0.00672	0.05573	0.00165	0.05993	0.00385	0.01455	0.00657
5	0.00601	0.00445	0.00535	0.00518	0.00633	0.00405	0.00386	0.00791	0.03809	0.03359	0.45308	0.11253	0.28502	0.00951	0.00496	0.00139	0.00216	0.00825	0.00433	0.00395
6	0.00948	0.00726	0.00865	0.05069	0.01024	0.02218	0.03294	0.15444	0.15681	0.05083	0.19267	0.04157	0.10368	0.05073	0.03342	0.00168	0.00372	0.02724	0.03665	0.00512
7	0.00700	0.00473	0.00548	0.00545	0.00576	0.00468	0.00340	0.00729	0.02629	0.00988	0.03735	0.05816	0.04500	0.59305	0.08185	0.05814	0.00457	0.00630	0.03237	0.00324
8	0.00597	0.00457	0.00586	0.00578	0.00680	0.00431	0.02632	0.03234	0.00969	0.01291	0.21154	0.24983	0.24432	0.03967	0.07166	0.00199	0.00324	0.03494	0.02448	0.00378
9	0.00900	0.00784	0.03658	0.04208	0.01090	0.00599	0.00565	0.03079	0.00906	0.03639	0.00847	0.03728	0.00714	0.00367	0.00332	0.00076	0.00332	0.00300	0.02347	0.71531
10	0.05066	0.06896	0.21227	0.14103	0.01552	0.06461	0.00967	0.18045	0.07691	0.04036	0.00961	0.03133	0.00744	0.00566	0.03367	0.00148	0.00524	0.00369	0.03566	0.00577
11	0.02768	0.00756	0.00872	0.00674	0.00969	0.00689	0.00541	0.16563	0.02458	0.12789	0.10673	0.01362	0.02496	0.00475	0.00372	0.00099	0.00322	0.00384	0.07905	0.36832
12	0.00606	0.00441	0.00539	0.00548	0.00652	0.00399	0.00398	0.00758	0.02973	0.03241	0.21963	0.34806	0.20337	0.01032	0.00494	0.00146	0.00236	0.02438	0.02571	0.05421
13	0.02093	0.00445	0.00571	0.00625	0.00709	0.00433	0.00481	0.00848	0.02930	0.04933	0.06497	0.37452	0.04106	0.01069	0.00505	0.00163	0.00286	0.24376	0.11087	0.00391
14	0.01160	0.00784	0.02789	0.00794	0.00985	0.01829	0.00648	0.15139	0.08517	0.19132	0.05549	0.09424	0.01244	0.00930	0.09706	0.00199	0.12191	0.00500	0.07926	0.00552
15	0.00905	0.00549	0.00611	0.00563	0.00709	0.00560	0.00433	0.07941	0.09896	0.07840	0.09992	0.05318	0.06510	0.05191	0.00484	0.00138	0.00269	0.04001	0.37628	0.00463
16	0.00529	0.00407	0.00477	0.00511	0.00597	0.00364	0.00365	0.00633	0.00914	0.01169	0.13048	0.32179	0.36745	0.05972	0.00609	0.00168	0.00241	0.04332	0.00391	0.00351
17	0.32703	0.00940	0.00965	0.00768	0.01074	0.01015	0.00634	0.34181	0.01345	0.20989	0.01008	0.00990	0.00697	0.00467	0.00364	0.00128	0.00389	0.00335	0.00386	0.00622
18	0.07085	0.00870	0.00976	0.00782	0.01061	0.04021	0.00637	0.22755	0.05733	0.36943	0.01316	0.01258	0.00903	0.00544	0.01520	0.00134	0.02579	0.00391	0.09850	0.00641
19	0.44836	0.06966	0.01012	0.03423	0.01113	0.24560	0.03339	0.04456	0.04377	0.01560	0.00682	0.00783	0.00540	0.00412	0.00321	0.00122	0.00483	0.00270	0.00252	0.00493
20	0.01077	0.00904	0.05967	0.08229	0.01211	0.02447	0.00709	0.19819	0.12608	0.06669	0.17855	0.04310	0.14869	0.00728	0.00481	0.00148	0.00387	0.00591	0.00413	0.00579
21	0.00989	0.07909	0.07504	0.37681	0.07619	0.02278	0.03018	0.12903	0.08230	0.01416	0.00978	0.01236	0.02311	0.00467	0.00412	0.00133	0.00508	0.02432	0.01427	0.00550
22	0.01380	0.15758	0.01318	0.02853	0.01235	0.44683	0.00768	0.09846	0.06656	0.03176	0.03361	0.00969	0.00750	0.02144	0.00443	0.00120	0.03431	0.00319	0.00260	0.00528
23	0.38280	0.00764	0.00821	0.00668	0.00958	0.00774	0.00549	0.03692	0.02388	0.43252	0.03189	0.01149	0.00862	0.00474	0.00356	0.00130	0.00342	0.00348	0.00405	0.00597

[dist]
# distance from previous block
# <min> <max>
0	2

[block]
# block no. 2 follows, 63 sequences, length 22
# corresponding to MSA columns:
# 420-441
name=unknown_C
#
# <colnr> <probs for GDERKNQSTAVLIFYWHMCP>
#	G	D	E	R	K	N	Q	S	T	A	V	L	I	F	Y	W	H	M	C	P
0	0.00553	0.00419	0.00512	0.00518	0.00617	0.00378	0.00384	0.00701	0.01040	0.01388	0.40542	0.18295	0.27728	0.01018	0.00507	0.00145	0.00219	0.04239	0.00424	0.00373
1	0.03350	0.41407	0.17159	0.00907	0.01256	0.06943	0.03314	0.02755	0.00920	0.02834	0.00837	0.01005	0.02529	0.00647	0.04840	0.04113	0.04087	0.00319	0.00224	0.00554
2	0.00564	0.00417	0.00499	0.00507	0.00585	0.00384	0.00359	0.00678	0.00938	0.01245	0.28947	0.15649	0.23641	0.18873	0.00855	0.00202	0.00262	0.04661	0.00385	0.00347
3	0.38759	0.13982	0.07049	0.02888	0.03552	0.07409	0.00688	0.08212	0.05184	0.02498	0.01567	0.00896	0.00634	0.01801	0.03211	0.00146	0.00450	0.00292	0.00261	0.00519
4	0.00934	0.00609	0.02036	0.00746	0.02687	0.03405	0.03274	0.04796	0.03929	0.09136	0.01063	0.03642	0.02225	0.01192	0.04223	0.48450	0.02449	0.04590	0.00261	0.00353
5	0.01158	0.07929	0.21389	0.01132	0.06969	0.21271	0.02935	0.10199	0.04325	0.02232	0.04100	0.01022	0.00764	0.00478	0.00491	0.00127	0.09044	0.00346	0.03528	0.00563
6	0.03010	0.01008	0.09504	0.10334	0.04046	0.06080	0.04926	0.13790	0.01057	0.02763	0.03249	0.03583	0.02029	0.06854	0.10627	0.02246	0.07002	0.01828	0.05539	0.00524
7	0.00931	0.00660	0.00766	0.02718	0.02611	0.00697	0.00538	0.05862	0.27517	0.08692	0.14402	0.09489	0.07305	0.06773	0.00562	0.00156	0.00306	0.00600	0.08897	0.00519
8	0.02635	0.00866	0.06584	0.04768	0.11758	0.01737	0.00753	0.04924	0.26991	0.08477	0.12041	0.06964	0.03949	0.00671	0.02323	0.00148	0.00384	0.00523	0.02929	0.00574
9	0.00631	0.00448	0.00529	0.00521	0.00630	0.00423	0.00391	0.04165	0.01042	0.01448	0.31097	0.14530	0.22931	0.00993	0.03313	0.00155	0.00256	0.02977	0.13128	0.00390
10	0.00852	0.00774	0.03212	0.00774	0.00944	0.05346	0.04014	0.03736	0.18154	0.02868	0.24449	0.02260	0.10894	0.00855	0.04921	0.00169	0.08217	0.03884	0.03190	0.00487
11	0.00991	0.00795	0.00953	0.00804	0.06568	0.00698	0.00591	0.13052	0.03103	0.03238	0.06323	0.01118	0.00909	0.00444	0.01718	0.00095	0.00351	0.00328	0.02861	0.55060
12	0.00560	0.00425	0.00500	0.00485	0.00599	0.00378	0.00362	0.00717	0.01075	0.01443	0.45945	0.06093	0.35025	0.00943	0.00491	0.00136	0.00206	0.00812	0.03428	0.00378
13	0.00732	0.00485	0.00608	0.00580	0.00674	0.00495	0.00423	0.05022	0.00862	0.06586	0.09501	0.05490	0.11697	0.25067	0.25631	0.00373	0.00564	0.01949	0.02882	0.00381
14	0.03394	0.76936	0.05507	0.00747	0.01111	0.04417	0.00750	0.01276	0.00863	0.01028	0.00594	0.00686	0.00537	0.00365	0.00279	0.00093	0.00464	0.00230	0.00183	0.00539
15	0.07588	0.00512	0.00575	0.00629	0.00695	0.04490	0.00447	0.02278	0.00826	0.01156	0.01909	0.57857	0.02205	0.03545	0.09898	0.00227	0.00389	0.04055	0.00350	0.00368
16	0.00796	0.00745	0.01244	0.76264	0.05011	0.00922	0.01132	0.01067	0.00854	0.01107	0.04217	0.01199	0.00708	0.00446	0.00447	0.00140	0.02643	0.00390	0.00199	0.00469
17	0.00690	0.03455	0.13282	0.00650	0.00893	0.00571	0.01581	0.03969	0.00991	0.01329	0.12207	0.07962	0.33424	0.00805	0.00451	0.00131	0.00317	0.04258	0.02904	0.10129
18	0.00528	0.00397	0.00491	0.00545	0.00615	0.00360	0.00388	0.00632	0.00903	0.01176	0.12572	0.47967	0.24979	0.01183	0.00523	0.00159	0.00238	0.05591	0.00399	0.00355
19	0.07034	0.18079	0.12508	0.03370	0.01373	0.02998	0.11792	0.14189	0.06426	0.03512	0.00905	0.03370	0.00733	0.00605	0.05084	0.00155	0.03274	0.00371	0.00266	0.03956
20	0.01130	0.01210	0.09337	0.06960	0.09900	0.15812	0.09265	0.13642	0.03932	0.04638	0.05845	0.03364	0.06210	0.00531	0.00469	0.00130	0.04091	0.00440	0.00289	0.02805
21	0.05550	0.03916	0.04727	0.07235	0.04296	0.05792	0.04437	0.04980	0.04310	0.03542	0.03663	0.06230	0.01049	0.09291	0.16837	0.01739	0.09757	0.00461	0.01727	0.00462

[dist]
# distance from previous block
# <min> <max>
11	207

[block]
# block no. 3 follows, 63 sequences, length 16
# corresponding to MSA columns:
# 710-725
name=unknown_D
#
# <colnr> <probs for GDERKNQSTAVLIFYWHMCP>
#	G	D	E	R	K	N	Q	S	T	A	V	L	I	F	Y	W	H	M	C	P
0	0.04486	0.08415	0.05958	0.12147	0.15221	0.05631	0.09013	0.19472	0.04360	0.03189	0.02431	0.04469	0.02401	0.00482	0.00412	0.00129	0.00500	0.00414	0.00283	0.00587
1	0.00735	0.00501	0.00616	0.00632	0.00723	0.00496	0.00453	0.10897	0.02807	0.04743	0.07441	0.58619	0.03818	0.01095	0.00501	0.00157	0.00273	0.00975	0.04102	0.00417
2	0.02870	0.12002	0.05946	0.00800	0.02871	0.04648	0.03594	0.05235	0.00940	0.01370	0.00732	0.00859	0.00604	0.00352	0.00350	0.00084	0.02151	0.00271	0.00240	0.54082
3	0.00564	0.00428	0.00471	0.00471	0.00597	0.00372	0.00350	0.00684	0.00967	0.03691	0.13213	0.12983	0.56786	0.01083	0.02476	0.00155	0.00240	0.00866	0.03231	0.00371
4	0.01114	0.81397	0.02159	0.00738	0.01080	0.01645	0.00729	0.01247	0.00844	0.00990	0.00583	0.00686	0.00540	0.00378	0.00323	0.00094	0.04505	0.00232	0.00180	0.00536
5	0.00681	0.00562	0.00600	0.00594	0.00716	0.03935	0.00439	0.03828	0.10928	0.01339	0.15342	0.24696	0.26793	0.01065	0.04008	0.00168	0.00304	0.00822	0.02765	0.00417
6	0.00813	0.00762	0.01289	0.68146	0.11252	0.00910	0.03003	0.01080	0.00863	0.01128	0.03760	0.01232	0.00725	0.02798	0.00472	0.00146	0.00540	0.00397	0.00202	0.00482
7	0.03969	0.00955	0.01286	0.10384	0.31159	0.05094	0.00937	0.11831	0.05762	0.12474	0.01008	0.03379	0.00788	0.00451	0.00405	0.00123	0.00455	0.00388	0.00299	0.08851
8	0.00911	0.00890	0.07370	0.08239	0.11064	0.03286	0.02958	0.06196	0.10570	0.03004	0.08044	0.07996	0.07489	0.00588	0.00446	0.00126	0.02739	0.00500	0.04152	0.13432
9	0.00549	0.00405	0.00517	0.00574	0.00636	0.00379	0.00408	0.00683	0.02795	0.01223	0.17534	0.53248	0.12166	0.01175	0.00525	0.00161	0.00243	0.06012	0.00405	0.00364
10	0.03780	0.00692	0.00947	0.12301	0.07711	0.00728	0.03233	0.12359	0.04008	0.09128	0.05397	0.18236	0.04943	0.06680	0.04434	0.00187	0.00425	0.03972	0.00342	0.00496
11	0.02427	0.06803	0.25009	0.02974	0.10022	0.11455	0.05429	0.12085	0.05592	0.06350	0.00877	0.00975	0.00657	0.00420	0.00393	0.00121	0.00537	0.00337	0.00261	0.07274
12	0.01314	0.01503	0.01277	0.12782	0.06078	0.45651	0.04660	0.07090	0.04471	0.01223	0.00757	0.00924	0.00611	0.00462	0.00480	0.00124	0.07710	0.00328	0.02038	0.00517
13	0.00556	0.00452	0.00497	0.00500	0.00623	0.00411	0.00369	0.00753	0.06935	0.01264	0.16941	0.16578	0.50547	0.01034	0.00498	0.00145	0.00224	0.00884	0.00405	0.00383
14	0.00549	0.00422	0.00476	0.00480	0.00590	0.00374	0.00356	0.00677	0.00981	0.01271	0.22741	0.10134	0.45462	0.05586	0.00584	0.00157	0.00230	0.04472	0.04097	0.00362
15	0.00625	0.03232	0.00574	0.00529	0.00621	0.01673	0.00374	0.01887	0.04786	0.01155	0.12779	0.17040	0.26060	0.24237	0.00945	0.00217	0.00298	0.02254	0.00355	0.00359

[dist]
# distance from previous block
# <min> <max>
4	54

[block]
# block no. 4 follows, 63 sequences, length 13
# corresponding to MSA columns:
# 785-797
name=unknown_E
#
# <colnr> <probs for GDERKNQSTAVLIFYWHMCP>
#	G	D	E	R	K	N	Q	S	T	A	V	L	I	F	Y	W	H	M	C	P
0	0.00692	0.04744	0.06238	0.00909	0.11213	0.00597	0.00640	0.00919	0.06032	0.01280	0.14197	0.37843	0.04010	0.00953	0.00489	0.00152	0.00322	0.07970	0.00356	0.00444
1	0.51863	0.11325	0.01006	0.00752	0.03142	0.10444	0.00604	0.13854	0.00991	0.01786	0.00665	0.00751	0.00522	0.00409	0.00304	0.00122	0.00416	0.00260	0.00269	0.00516
2	0.02471	0.01812	0.01811	0.07131	0.01041	0.00672	0.00580	0.13534	0.01058	0.08065	0.07257	0.12944	0.01308	0.00908	0.10336	0.00183	0.00431	0.00501	0.09550	0.18405
3	0.00731	0.00421	0.00640	0.00710	0.06912	0.00421	0.00445	0.00630	0.00638	0.00868	0.06219	0.05372	0.01047	0.01387	0.04186	0.68093	0.00384	0.00434	0.00214	0.00248
4	0.01121	0.04785	0.02180	0.06696	0.01334	0.00871	0.17209	0.11673	0.11619	0.14354	0.05156	0.01584	0.05233	0.06113	0.00540	0.00149	0.00436	0.00475	0.07914	0.00560
5	0.52616	0.00854	0.00818	0.00783	0.07224	0.04717	0.00576	0.03070	0.00901	0.20719	0.00889	0.00924	0.00638	0.00427	0.00320	0.00128	0.00365	0.00295	0.03198	0.00537
6	0.33292	0.00705	0.00719	0.00614	0.00857	0.00733	0.00493	0.01436	0.09576	0.19744	0.04758	0.01230	0.00955	0.00561	0.03147	0.00140	0.00335	0.00355	0.13069	0.07279
7	0.01384	0.01022	0.01178	0.00940	0.01224	0.01098	0.04540	0.55685	0.05490	0.04779	0.06625	0.11502	0.01248	0.00647	0.00459	0.00140	0.00432	0.00526	0.00424	0.00656
8	0.00788	0.00560	0.00695	0.04549	0.00865	0.00571	0.00516	0.10631	0.02253	0.07133	0.06087	0.38019	0.17561	0.01006	0.00539	0.00154	0.04293	0.02954	0.00388	0.00436
9	0.00693	0.07086	0.00767	0.00654	0.00750	0.04305	0.00506	0.00826	0.00731	0.01015	0.01175	0.07121	0.01142	0.09002	0.55537	0.00509	0.00876	0.00483	0.06441	0.00382
10	0.04950	0.00737	0.00851	0.00714	0.00947	0.00755	0.00570	0.19508	0.10188	0.23295	0.08474	0.06863	0.08015	0.00761	0.04341	0.00157	0.00368	0.00523	0.07405	0.00577
11	0.02398	0.10713	0.11610	0.03636	0.09087	0.03277	0.08257	0.22570	0.05727	0.02665	0.02483	0.05059	0.02062	0.01867	0.02679	0.03201	0.00499	0.00421	0.01210	0.00578
12	0.01004	0.00853	0.03136	0.02180	0.02382	0.03445	0.01463	0.19884	0.17558	0.03084	0.03592	0.10681	0.09436	0.02758	0.09015	0.00202	0.06639	0.00556	0.01594	0.00537

[dist]
# distance from previous block
# <min> <max>
2	68

# created by:
# /usr/local/bin/augustus/scripts/msa2prfl.pl /tmp/cug/new/actin-related-protein-class-10.fasta
