[name]
unknown

[dist]
# distance from previous block
# <min> <max>
0	43

[block]
# block no. 0 follows, 67 sequences, length 7
# corresponding to MSA columns:
# 44-50
name=unknown_A
#
# <colnr> <probs for GDERKNQSTAVLIFYWHMCP>
#	G	D	E	R	K	N	Q	S	T	A	V	L	I	F	Y	W	H	M	C	P
0	0.04074	0.00422	0.00497	0.00514	0.00598	0.00408	0.00371	0.04051	0.00926	0.01343	0.21864	0.37015	0.09925	0.00929	0.00445	0.00136	0.00223	0.00815	0.15075	0.00367
1	0.00715	0.03203	0.02698	0.00587	0.00743	0.00568	0.00472	0.10761	0.06475	0.01554	0.41480	0.06029	0.18880	0.00801	0.00456	0.00130	0.00256	0.03358	0.00400	0.00431
2	0.00538	0.00388	0.00443	0.00467	0.00534	0.00358	0.00322	0.00622	0.00804	0.01060	0.07255	0.23173	0.29155	0.22192	0.00862	0.00203	0.00261	0.03953	0.07093	0.00318
3	0.01082	0.03457	0.00972	0.00715	0.01040	0.08304	0.00576	0.15252	0.06735	0.05850	0.00853	0.00913	0.00665	0.00369	0.00333	0.00083	0.00368	0.00284	0.00287	0.51862
4	0.01333	0.01037	0.01077	0.00856	0.01153	0.05438	0.00692	0.46681	0.19662	0.05626	0.01090	0.01070	0.00797	0.00470	0.00388	0.00116	0.00407	0.00363	0.00377	0.11368
5	0.04573	0.05451	0.01188	0.00924	0.02731	0.12978	0.13031	0.18952	0.02565	0.07370	0.14017	0.03072	0.08791	0.00558	0.00429	0.00123	0.01933	0.00470	0.00327	0.00519
6	0.00574	0.00426	0.00628	0.00628	0.00694	0.00492	0.00481	0.00705	0.00640	0.00919	0.01089	0.01660	0.01039	0.09662	0.77712	0.00624	0.01019	0.00442	0.00217	0.00349

[dist]
# distance from previous block
# <min> <max>
10	30

[block]
# block no. 1 follows, 67 sequences, length 6
# corresponding to MSA columns:
# 87-92
name=unknown_B
#
# <colnr> <probs for GDERKNQSTAVLIFYWHMCP>
#	G	D	E	R	K	N	Q	S	T	A	V	L	I	F	Y	W	H	M	C	P
0	0.00825	0.19142	0.16338	0.05160	0.03400	0.05483	0.00763	0.01062	0.05749	0.01068	0.02773	0.04404	0.06480	0.06808	0.12633	0.03721	0.03100	0.00410	0.00226	0.00455
1	0.04425	0.08571	0.22111	0.00878	0.02706	0.07638	0.04754	0.06154	0.02751	0.06694	0.01554	0.07346	0.16130	0.00608	0.00432	0.00129	0.02995	0.03344	0.00278	0.00502
2	0.00703	0.07870	0.00882	0.00744	0.02818	0.02996	0.06153	0.00859	0.00897	0.01161	0.07982	0.08881	0.17389	0.03788	0.00546	0.00152	0.02826	0.26651	0.00319	0.06383
3	0.00880	0.08687	0.07598	0.03710	0.01063	0.05659	0.06040	0.04684	0.02858	0.06686	0.04302	0.19302	0.07691	0.00680	0.00466	0.00128	0.05347	0.03007	0.02867	0.08345
4	0.01091	0.19907	0.12123	0.03309	0.04149	0.10067	0.05035	0.08924	0.06927	0.08445	0.03488	0.01140	0.04052	0.00596	0.04776	0.00145	0.04664	0.00359	0.00263	0.00539
5	0.04595	0.05584	0.10946	0.05578	0.01245	0.15381	0.03140	0.09473	0.02309	0.08860	0.00920	0.01080	0.02470	0.00586	0.05142	0.00142	0.04646	0.02048	0.00261	0.15594

[dist]
# distance from previous block
# <min> <max>
0	16

[block]
# block no. 2 follows, 67 sequences, length 6
# corresponding to MSA columns:
# 111-116
name=unknown_C
#
# <colnr> <probs for GDERKNQSTAVLIFYWHMCP>
#	G	D	E	R	K	N	Q	S	T	A	V	L	I	F	Y	W	H	M	C	P
0	0.02558	0.03548	0.26515	0.01036	0.07744	0.09109	0.06537	0.06749	0.02478	0.04155	0.10966	0.02887	0.05198	0.00597	0.03685	0.00142	0.00494	0.00418	0.03066	0.02117
1	0.00749	0.05514	0.17856	0.00836	0.03660	0.00665	0.08423	0.00990	0.02668	0.05262	0.17647	0.05929	0.11982	0.07207	0.08665	0.00197	0.00455	0.00548	0.00294	0.00454
2	0.00649	0.00507	0.00616	0.00594	0.00704	0.00534	0.00448	0.00994	0.18069	0.01290	0.24260	0.05364	0.11833	0.09225	0.20420	0.00279	0.00452	0.03004	0.00350	0.00408
3	0.00816	0.00696	0.00796	0.00741	0.00904	0.03969	0.03818	0.05242	0.29867	0.01356	0.01933	0.07002	0.13286	0.06307	0.06874	0.00198	0.00403	0.14965	0.00353	0.00474
4	0.00775	0.00627	0.00756	0.00793	0.06549	0.00663	0.00566	0.07547	0.24366	0.01402	0.06113	0.19444	0.13521	0.00952	0.05060	0.00172	0.00345	0.09508	0.00367	0.00475
5	0.00675	0.15106	0.00822	0.00587	0.00722	0.00617	0.00463	0.02580	0.00841	0.01114	0.09475	0.26285	0.08243	0.08817	0.06992	0.00195	0.00361	0.08468	0.00310	0.07327

[dist]
# distance from previous block
# <min> <max>
2	3

[block]
# block no. 3 follows, 67 sequences, length 18
# corresponding to MSA columns:
# 120-137
name=unknown_D
#
# <colnr> <probs for GDERKNQSTAVLIFYWHMCP>
#	G	D	E	R	K	N	Q	S	T	A	V	L	I	F	Y	W	H	M	C	P
0	0.81222	0.03094	0.00666	0.00555	0.00810	0.00939	0.00461	0.05963	0.00757	0.01819	0.00582	0.00670	0.00451	0.00378	0.00257	0.00123	0.00321	0.00226	0.00255	0.00451
1	0.00596	0.00406	0.00499	0.00516	0.00605	0.00372	0.00375	0.00735	0.02148	0.05168	0.24160	0.33355	0.20211	0.00989	0.00474	0.00141	0.00222	0.02938	0.05722	0.00368
2	0.00650	0.00531	0.00617	0.00522	0.00724	0.00430	0.00393	0.00786	0.00868	0.01222	0.12769	0.12749	0.21368	0.06243	0.00504	0.00121	0.00258	0.00588	0.00315	0.38342
3	0.00676	0.00580	0.00776	0.00728	0.00824	0.05341	0.03970	0.00855	0.03424	0.00994	0.01098	0.01512	0.02818	0.02415	0.64105	0.00521	0.05941	0.00426	0.02609	0.00386
4	0.01345	0.32190	0.01483	0.00908	0.01164	0.54565	0.00743	0.01457	0.01021	0.00968	0.00597	0.00695	0.00516	0.00388	0.00324	0.00097	0.00617	0.00243	0.00194	0.00483
5	0.00749	0.00455	0.00622	0.00645	0.04624	0.00471	0.00416	0.04049	0.06692	0.00890	0.00870	0.01433	0.00850	0.13862	0.02763	0.59363	0.00374	0.00393	0.00213	0.00265
6	0.01046	0.54199	0.20215	0.00936	0.06632	0.08842	0.00908	0.01254	0.00857	0.01044	0.00612	0.00719	0.00521	0.00359	0.00304	0.00099	0.00495	0.00246	0.00176	0.00536
7	0.05969	0.00896	0.00955	0.04817	0.02999	0.15399	0.00660	0.02539	0.01060	0.44136	0.04802	0.03321	0.01048	0.00541	0.00449	0.00127	0.04843	0.04492	0.00381	0.00569
8	0.00659	0.00457	0.00559	0.00581	0.00688	0.00435	0.00440	0.00865	0.08253	0.07286	0.07918	0.32683	0.22513	0.01023	0.00489	0.00152	0.00260	0.13955	0.00389	0.00394
9	0.02410	0.06943	0.27423	0.08430	0.02319	0.00827	0.00906	0.08752	0.01942	0.17311	0.08251	0.03360	0.05707	0.00506	0.00393	0.00123	0.00430	0.00411	0.00301	0.03255
10	0.00900	0.07842	0.10026	0.12289	0.10492	0.00921	0.12061	0.02287	0.00843	0.05311	0.00895	0.07465	0.00796	0.00573	0.02722	0.00143	0.13427	0.02366	0.00227	0.08413
11	0.00963	0.01044	0.01276	0.01035	0.01241	0.23213	0.26032	0.02722	0.00926	0.01115	0.01181	0.10359	0.05821	0.10913	0.03230	0.00175	0.03387	0.00509	0.04423	0.00435
12	0.00670	0.00354	0.00511	0.00517	0.00530	0.00351	0.00349	0.00546	0.00573	0.00771	0.00999	0.07439	0.04882	0.01371	0.03298	0.72735	0.00344	0.00432	0.03125	0.00204
13	0.07574	0.03507	0.18749	0.21339	0.09124	0.12564	0.10543	0.03492	0.00932	0.07351	0.00772	0.00945	0.00574	0.00393	0.00384	0.00124	0.00548	0.00333	0.00220	0.00532
14	0.00655	0.00526	0.00808	0.00743	0.00811	0.00623	0.04957	0.00760	0.00640	0.00924	0.00943	0.01454	0.00897	0.06504	0.53895	0.09549	0.14329	0.00419	0.00205	0.00356
15	0.00638	0.00460	0.00543	0.00525	0.00651	0.00425	0.00403	0.05530	0.01037	0.04825	0.28498	0.11694	0.34566	0.00933	0.00477	0.00138	0.00236	0.07632	0.00401	0.00387
16	0.00571	0.00415	0.00558	0.00558	0.00618	0.00451	0.00407	0.00673	0.00661	0.00922	0.01434	0.02083	0.09458	0.24698	0.51647	0.00510	0.00779	0.00511	0.02723	0.00326
17	0.01046	0.15646	0.25104	0.05180	0.14353	0.03801	0.06326	0.06686	0.09785	0.07013	0.00874	0.00971	0.00659	0.00402	0.00375	0.00119	0.00497	0.00334	0.00242	0.00588

[dist]
# distance from previous block
# <min> <max>
7	11

[block]
# block no. 4 follows, 67 sequences, length 12
# corresponding to MSA columns:
# 153-164
name=unknown_E
#
# <colnr> <probs for GDERKNQSTAVLIFYWHMCP>
#	G	D	E	R	K	N	Q	S	T	A	V	L	I	F	Y	W	H	M	C	P
0	0.00866	0.19663	0.63289	0.01070	0.01603	0.01072	0.04674	0.01256	0.00844	0.01202	0.00690	0.00814	0.00514	0.00371	0.00359	0.00119	0.00562	0.00287	0.00171	0.00574
1	0.00611	0.00468	0.00610	0.00619	0.00676	0.00512	0.00452	0.02168	0.05808	0.01046	0.03908	0.28331	0.04674	0.15318	0.23902	0.00329	0.06434	0.03479	0.00299	0.00358
2	0.00923	0.00710	0.00841	0.00605	0.00957	0.00540	0.00486	0.01099	0.00861	0.09058	0.00795	0.00882	0.00632	0.00316	0.00307	0.00065	0.00301	0.00253	0.00262	0.80107
3	0.00503	0.00360	0.00478	0.00548	0.00585	0.00336	0.00373	0.00595	0.00836	0.01132	0.17253	0.70292	0.02863	0.01175	0.00505	0.00156	0.00225	0.01063	0.00385	0.00336
4	0.00706	0.00451	0.00563	0.00548	0.00662	0.00430	0.00424	0.00925	0.05298	0.07771	0.38741	0.09699	0.08407	0.00821	0.00452	0.00133	0.00235	0.11147	0.12179	0.00406
5	0.00717	0.00447	0.00537	0.00517	0.00655	0.00392	0.00396	0.00842	0.00968	0.14444	0.16223	0.15116	0.39717	0.00941	0.00474	0.00139	0.00239	0.06431	0.00403	0.00401
6	0.01010	0.00794	0.00866	0.00771	0.00986	0.00890	0.00600	0.05793	0.61460	0.07085	0.10087	0.05173	0.01509	0.00597	0.00419	0.00135	0.00308	0.00503	0.00416	0.00601
7	0.00686	0.01113	0.33173	0.00881	0.01189	0.00648	0.07390	0.00976	0.00922	0.01294	0.18997	0.11852	0.06767	0.00712	0.00453	0.00140	0.00416	0.11629	0.00294	0.00465
8	0.01053	0.01050	0.05374	0.00880	0.01213	0.15551	0.12076	0.01250	0.00924	0.08565	0.00782	0.00897	0.00611	0.00358	0.00379	0.00091	0.03121	0.00296	0.00245	0.45285
9	0.01157	0.03459	0.00918	0.00714	0.00960	0.03436	0.00576	0.17140	0.07323	0.19930	0.15902	0.03990	0.03641	0.00567	0.00431	0.00116	0.03274	0.01485	0.00381	0.14599
10	0.00842	0.11909	0.07496	0.00656	0.00813	0.02944	0.00554	0.05110	0.08227	0.02499	0.01156	0.01526	0.07733	0.03337	0.00956	0.39236	0.00380	0.04023	0.00241	0.00362
11	0.04792	0.01183	0.00895	0.00870	0.03699	0.38260	0.00626	0.05528	0.06672	0.01161	0.01263	0.21223	0.04616	0.04825	0.00508	0.00139	0.02485	0.00531	0.00280	0.00443

[dist]
# distance from previous block
# <min> <max>
0	6

[block]
# block no. 5 follows, 67 sequences, length 14
# corresponding to MSA columns:
# 171-184
name=unknown_F
#
# <colnr> <probs for GDERKNQSTAVLIFYWHMCP>
#	G	D	E	R	K	N	Q	S	T	A	V	L	I	F	Y	W	H	M	C	P
0	0.01247	0.19980	0.07322	0.00893	0.03683	0.11227	0.00761	0.20762	0.15757	0.08628	0.00968	0.00979	0.00730	0.00435	0.00359	0.00111	0.00447	0.00325	0.00305	0.05083
1	0.04040	0.03833	0.02552	0.04512	0.14572	0.08852	0.00768	0.13043	0.11177	0.12446	0.01178	0.03841	0.00992	0.01462	0.00420	0.00129	0.00424	0.09725	0.00321	0.05713
2	0.04710	0.00896	0.03994	0.05113	0.34970	0.02174	0.04759	0.07653	0.04921	0.16317	0.04679	0.04672	0.02395	0.00473	0.00405	0.00125	0.00427	0.00424	0.00300	0.00593
3	0.01021	0.00992	0.00909	0.06530	0.01089	0.25435	0.04618	0.06269	0.04608	0.07032	0.18542	0.01965	0.18078	0.00631	0.00423	0.00122	0.00430	0.00517	0.00328	0.00460
4	0.00741	0.00672	0.01075	0.29378	0.18350	0.00753	0.02673	0.00934	0.00833	0.01124	0.04924	0.17472	0.04927	0.00674	0.00522	0.00143	0.08016	0.06086	0.00253	0.00450
5	0.01002	0.01080	0.20136	0.02194	0.15889	0.04791	0.00908	0.06546	0.02237	0.13090	0.11409	0.07228	0.02580	0.00581	0.00462	0.00131	0.04291	0.04598	0.00304	0.00544
6	0.01028	0.01035	0.05921	0.17033	0.35959	0.07183	0.09244	0.03016	0.06677	0.05966	0.00849	0.01041	0.00659	0.00400	0.00422	0.00125	0.02269	0.00367	0.00230	0.00575
7	0.00720	0.00514	0.00654	0.00634	0.00738	0.00554	0.00478	0.04598	0.11857	0.05109	0.05106	0.13988	0.04627	0.12191	0.32874	0.00367	0.00604	0.03670	0.00311	0.00407
8	0.00904	0.00556	0.00680	0.00623	0.00754	0.00584	0.00483	0.07689	0.07466	0.12760	0.07684	0.08384	0.01475	0.10363	0.09378	0.00213	0.04424	0.07222	0.17911	0.00446
9	0.00915	0.15060	0.44347	0.01270	0.06605	0.01066	0.19954	0.03924	0.00903	0.01266	0.00725	0.00882	0.00546	0.00367	0.00384	0.00122	0.00574	0.00330	0.00187	0.00574
10	0.00601	0.00472	0.00620	0.00624	0.00712	0.00472	0.02903	0.00757	0.04431	0.02897	0.06984	0.36416	0.22938	0.01036	0.00558	0.00154	0.06761	0.09930	0.00360	0.00373
11	0.01359	0.00576	0.00774	0.00643	0.00866	0.00507	0.00510	0.01508	0.01077	0.54584	0.15104	0.14324	0.01704	0.00663	0.00426	0.00129	0.00294	0.00566	0.03819	0.00567
12	0.00556	0.00382	0.00450	0.00471	0.00485	0.00376	0.00285	0.00582	0.00644	0.00854	0.01606	0.22008	0.05473	0.59417	0.04443	0.00333	0.00367	0.00720	0.00278	0.00271
13	0.17083	0.12290	0.43086	0.00883	0.01293	0.05019	0.01008	0.01195	0.00820	0.01308	0.02061	0.03142	0.00650	0.00518	0.03778	0.00141	0.00510	0.00308	0.04390	0.00517

[dist]
# distance from previous block
# <min> <max>
0	1

[block]
# block no. 6 follows, 67 sequences, length 24
# corresponding to MSA columns:
# 186-209
name=unknown_G
#
# <colnr> <probs for GDERKNQSTAVLIFYWHMCP>
#	G	D	E	R	K	N	Q	S	T	A	V	L	I	F	Y	W	H	M	C	P
0	0.00532	0.00372	0.00473	0.00523	0.00542	0.00367	0.00338	0.00584	0.00687	0.00924	0.01746	0.46528	0.02045	0.32560	0.09638	0.00295	0.00376	0.00863	0.00309	0.00299
1	0.16765	0.01394	0.27049	0.10519	0.14016	0.12798	0.09471	0.01269	0.00874	0.01305	0.00690	0.00865	0.00529	0.00378	0.00369	0.00124	0.00545	0.00311	0.00198	0.00531
2	0.00624	0.00446	0.00548	0.00508	0.00617	0.00417	0.00379	0.04491	0.01095	0.03201	0.59449	0.02972	0.15521	0.07270	0.00587	0.00147	0.00221	0.00710	0.00415	0.00382
3	0.00832	0.00713	0.00832	0.00594	0.00950	0.00535	0.00475	0.01010	0.00832	0.01307	0.00713	0.00832	0.00594	0.00297	0.00297	0.00059	0.00297	0.00238	0.00238	0.88357
4	0.00696	0.00465	0.00571	0.00550	0.00677	0.00432	0.00425	0.03673	0.02272	0.09041	0.29412	0.12828	0.25287	0.00964	0.02559	0.00152	0.00264	0.08927	0.00404	0.00403
5	0.00559	0.00385	0.00452	0.00466	0.00487	0.00374	0.00285	0.00598	0.00695	0.00931	0.10934	0.17805	0.05713	0.56883	0.01512	0.00306	0.00329	0.00713	0.00295	0.00278
6	0.01238	0.01049	0.01614	0.04145	0.01594	0.01092	0.31906	0.40355	0.04465	0.04525	0.00944	0.01063	0.00688	0.00498	0.02802	0.00142	0.00545	0.00411	0.00315	0.00609
7	0.00528	0.00402	0.00483	0.00529	0.00604	0.00374	0.00381	0.00659	0.03810	0.01097	0.06533	0.40160	0.27657	0.06053	0.00588	0.00167	0.00247	0.09015	0.00369	0.00343
8	0.00548	0.00407	0.00524	0.00527	0.00602	0.00386	0.00385	0.00689	0.00985	0.01357	0.48248	0.25286	0.11096	0.02705	0.00541	0.00145	0.02585	0.02222	0.00403	0.00359
9	0.00997	0.01065	0.05354	0.01556	0.39168	0.15831	0.00917	0.05996	0.01025	0.01321	0.08913	0.02782	0.09876	0.00504	0.00405	0.00118	0.00459	0.00433	0.00256	0.03024
10	0.01050	0.01531	0.35777	0.10977	0.05911	0.12004	0.01114	0.13412	0.09942	0.03197	0.00861	0.00963	0.00633	0.00422	0.00388	0.00124	0.00539	0.00331	0.00244	0.00581
11	0.00922	0.00795	0.01099	0.00790	0.01151	0.00654	0.13314	0.05939	0.00923	0.03999	0.00771	0.00896	0.00614	0.00321	0.00334	0.00077	0.00367	0.00287	0.00250	0.66497
12	0.00538	0.00391	0.00499	0.00556	0.00607	0.00369	0.00384	0.03819	0.00865	0.01155	0.11637	0.67061	0.08302	0.01159	0.00500	0.00155	0.00234	0.01041	0.00381	0.00347
13	0.03429	0.00578	0.00698	0.00576	0.00789	0.00545	0.00463	0.06827	0.01058	0.39806	0.03696	0.01421	0.01051	0.00489	0.00350	0.00111	0.00279	0.00393	0.36902	0.00540
14	0.00874	0.00849	0.01070	0.00877	0.01102	0.10946	0.18520	0.01261	0.18527	0.04296	0.10487	0.02173	0.26002	0.00651	0.00443	0.00130	0.00400	0.00579	0.00334	0.00479
15	0.01228	0.00688	0.00836	0.00721	0.00937	0.00691	0.00567	0.13466	0.16523	0.31905	0.03943	0.21835	0.01502	0.00711	0.00436	0.00137	0.00322	0.02551	0.00431	0.00571
16	0.00539	0.00392	0.00548	0.00587	0.00631	0.00416	0.00421	0.00636	0.00690	0.00954	0.01570	0.36887	0.01740	0.10822	0.40740	0.00416	0.00651	0.00743	0.00284	0.00333
17	0.17267	0.00966	0.01084	0.09586	0.01297	0.03699	0.02862	0.38442	0.01329	0.13228	0.00908	0.00963	0.00648	0.00462	0.00428	0.00126	0.05437	0.00339	0.00339	0.00587
18	0.00772	0.00556	0.00792	0.00743	0.00869	0.00567	0.07069	0.03910	0.06171	0.06772	0.09791	0.24805	0.02001	0.00888	0.00524	0.00152	0.04877	0.21332	0.06984	0.00426
19	0.68223	0.00824	0.00692	0.00596	0.00848	0.02535	0.00488	0.11948	0.00889	0.04844	0.04461	0.00828	0.00644	0.00413	0.00287	0.00123	0.00331	0.00267	0.00286	0.00474
20	0.00895	0.00851	0.01429	0.36582	0.47363	0.00929	0.01163	0.01174	0.03477	0.01204	0.00765	0.01040	0.00612	0.00381	0.00399	0.00126	0.00495	0.00360	0.00197	0.00557
21	0.01322	0.01006	0.01124	0.00965	0.08398	0.04624	0.00719	0.44962	0.01446	0.08099	0.00913	0.00952	0.00672	0.00422	0.00373	0.00104	0.00413	0.00328	0.00341	0.22818
22	0.01283	0.01102	0.01055	0.00882	0.01142	0.12024	0.00699	0.36849	0.34806	0.01935	0.01199	0.01190	0.00901	0.02550	0.00438	0.00131	0.00426	0.00391	0.00375	0.00624
23	0.33868	0.00918	0.00901	0.00727	0.01013	0.05104	0.00596	0.27089	0.01209	0.23471	0.00959	0.00941	0.00664	0.00442	0.00343	0.00122	0.00381	0.00314	0.00360	0.00580

[dist]
# distance from previous block
# <min> <max>
0	1

[block]
# block no. 7 follows, 67 sequences, length 45
# corresponding to MSA columns:
# 211-255
name=unknown_H
#
# <colnr> <probs for GDERKNQSTAVLIFYWHMCP>
#	G	D	E	R	K	N	Q	S	T	A	V	L	I	F	Y	W	H	M	C	P
0	0.00495	0.00369	0.00450	0.00506	0.00559	0.00336	0.00344	0.00571	0.00802	0.01037	0.05133	0.54409	0.23920	0.08339	0.00630	0.00174	0.00237	0.01002	0.00364	0.00324
1	0.00547	0.00409	0.00508	0.00483	0.00587	0.00370	0.00362	0.00717	0.01087	0.01493	0.65856	0.03185	0.21192	0.00863	0.00473	0.00128	0.00192	0.00752	0.00426	0.00370
2	0.00525	0.00408	0.00477	0.00460	0.00573	0.00360	0.00345	0.00674	0.01035	0.01369	0.47195	0.03389	0.39930	0.00909	0.00473	0.00130	0.00196	0.00780	0.00410	0.00360
3	0.01086	0.79204	0.04515	0.00718	0.01062	0.05895	0.00715	0.01224	0.00833	0.00955	0.00566	0.00654	0.00515	0.00348	0.00267	0.00088	0.00449	0.00219	0.00173	0.00514
4	0.00512	0.00402	0.00457	0.00470	0.00572	0.00356	0.00348	0.00626	0.00920	0.01168	0.18755	0.14618	0.47163	0.05589	0.00569	0.00154	0.00226	0.06373	0.00379	0.00341
5	0.69357	0.09533	0.05265	0.00607	0.00884	0.03775	0.00538	0.03845	0.00759	0.01681	0.00582	0.00674	0.00457	0.00375	0.00265	0.00120	0.00356	0.00227	0.00240	0.00460
6	0.05286	0.12422	0.01199	0.00822	0.01095	0.05525	0.00691	0.25802	0.03491	0.28675	0.01046	0.01031	0.00740	0.00485	0.00475	0.00123	0.09779	0.00345	0.00360	0.00609
7	0.03801	0.14190	0.01274	0.03252	0.02729	0.03400	0.02619	0.39251	0.04576	0.16927	0.01014	0.01014	0.00726	0.00452	0.00372	0.00116	0.00422	0.00346	0.02898	0.00622
8	0.27891	0.00689	0.02114	0.01810	0.08841	0.01717	0.00535	0.04924	0.06765	0.01517	0.18474	0.04399	0.07350	0.08048	0.03187	0.00166	0.00341	0.00478	0.00312	0.00442
9	0.00941	0.00569	0.00659	0.00590	0.00759	0.00573	0.00457	0.03626	0.19310	0.16374	0.18612	0.06504	0.08814	0.00653	0.00404	0.00123	0.00256	0.00551	0.19734	0.00492
10	0.01332	0.01149	0.01206	0.04700	0.09389	0.12391	0.02324	0.44147	0.15836	0.01961	0.01000	0.01034	0.00743	0.00465	0.00398	0.00122	0.00470	0.00365	0.00343	0.00627
11	0.00558	0.00410	0.00523	0.00494	0.00593	0.00374	0.00371	0.00738	0.01112	0.01553	0.74933	0.03086	0.12078	0.00840	0.00473	0.00127	0.00191	0.00738	0.00434	0.00374
12	0.01044	0.10344	0.01058	0.00815	0.01056	0.04792	0.00651	0.04414	0.67551	0.01591	0.01448	0.01351	0.01098	0.00514	0.00389	0.00129	0.00352	0.00416	0.00373	0.00615
13	0.00871	0.00696	0.00818	0.00608	0.00932	0.00555	0.00484	0.01112	0.06237	0.05659	0.07567	0.01080	0.00917	0.00366	0.00324	0.00073	0.00292	0.00300	0.00279	0.70830
14	0.00503	0.00407	0.00446	0.00437	0.00560	0.00351	0.00328	0.00632	0.00983	0.01246	0.28579	0.03592	0.58623	0.00955	0.00474	0.00133	0.00199	0.00809	0.00394	0.00351
15	0.00660	0.00525	0.00575	0.00561	0.00676	0.03129	0.00414	0.10678	0.01019	0.01317	0.15794	0.29012	0.28657	0.02151	0.02804	0.00157	0.00283	0.00826	0.00376	0.00387
16	0.01150	0.66666	0.04323	0.00770	0.01093	0.18254	0.00728	0.01284	0.00881	0.00961	0.00575	0.00665	0.00515	0.00358	0.00282	0.00091	0.00493	0.00226	0.00179	0.00507
17	0.88738	0.00776	0.00589	0.00527	0.00776	0.00900	0.00434	0.01179	0.00683	0.01799	0.00558	0.00651	0.00434	0.00372	0.00248	0.00124	0.00310	0.00217	0.00248	0.00434
18	0.00878	0.00733	0.00831	0.03424	0.07971	0.04334	0.00590	0.12743	0.18658	0.02751	0.23937	0.02201	0.17945	0.00676	0.00434	0.00128	0.00316	0.00571	0.00377	0.00501
19	0.00525	0.00399	0.00469	0.00468	0.00569	0.00355	0.00345	0.00663	0.00989	0.01317	0.38073	0.13954	0.35756	0.00944	0.00472	0.00134	0.00200	0.00817	0.03195	0.00355
20	0.00668	0.00549	0.00902	0.00768	0.00921	0.00506	0.17739	0.00834	0.00932	0.04664	0.22346	0.23221	0.15253	0.05444	0.00567	0.00155	0.00329	0.03452	0.00352	0.00399
21	0.01025	0.01762	0.01303	0.10586	0.30045	0.05158	0.05010	0.11536	0.11656	0.02593	0.00919	0.01114	0.00739	0.02382	0.05545	0.00158	0.02407	0.00373	0.00257	0.05431
22	0.01091	0.02699	0.01546	0.01873	0.47680	0.13844	0.09986	0.03653	0.06573	0.02703	0.00812	0.00989	0.00657	0.00387	0.00412	0.00119	0.01952	0.00357	0.00225	0.02443
23	0.37427	0.00721	0.00732	0.00617	0.00851	0.00774	0.00499	0.12673	0.00968	0.20545	0.00992	0.01088	0.00739	0.03668	0.07232	0.00172	0.00389	0.00326	0.09079	0.00507
24	0.00948	0.00692	0.00782	0.05199	0.00930	0.03637	0.00544	0.17979	0.03874	0.09295	0.19039	0.03335	0.18743	0.03403	0.00530	0.00137	0.05117	0.00561	0.04778	0.00476
25	0.02160	0.00502	0.00715	0.03200	0.08657	0.00493	0.03611	0.00807	0.00864	0.03407	0.19645	0.14056	0.07173	0.17759	0.04554	0.00212	0.00355	0.08333	0.03117	0.00382
26	0.00873	0.00977	0.10406	0.19965	0.18690	0.01031	0.01043	0.03198	0.00776	0.01118	0.00677	0.01010	0.00589	0.03789	0.00821	0.00156	0.33839	0.00357	0.00189	0.00497
27	0.01439	0.01206	0.01147	0.00924	0.01212	0.14184	0.00745	0.57162	0.14231	0.02155	0.01013	0.01008	0.00740	0.00480	0.00396	0.00120	0.00466	0.00359	0.00372	0.00641
28	0.00987	0.00944	0.01513	0.14054	0.64118	0.03245	0.01161	0.04066	0.00935	0.01303	0.00751	0.00990	0.00618	0.00368	0.00394	0.00119	0.00485	0.00351	0.00204	0.03394
29	0.00568	0.00404	0.00503	0.00503	0.00541	0.00421	0.00335	0.00627	0.00638	0.00860	0.01492	0.02405	0.09818	0.49579	0.29165	0.00447	0.00597	0.00560	0.00247	0.00291
30	0.45051	0.00729	0.00761	0.00621	0.00900	0.00744	0.00512	0.01569	0.00916	0.42946	0.01073	0.01010	0.00715	0.00435	0.00326	0.00124	0.00326	0.00311	0.00373	0.00559
31	0.88738	0.00776	0.00589	0.00527	0.00776	0.00900	0.00434	0.01179	0.00683	0.01799	0.00558	0.00651	0.00434	0.00372	0.00248	0.00124	0.00310	0.00217	0.00248	0.00434
32	0.01215	0.62687	0.04248	0.00737	0.01069	0.09222	0.00703	0.01356	0.00897	0.13566	0.00724	0.00767	0.00588	0.00374	0.00293	0.00094	0.00448	0.00250	0.00224	0.00538
33	0.00587	0.00390	0.00459	0.00459	0.00465	0.00396	0.00269	0.00592	0.00586	0.00787	0.01222	0.02473	0.01386	0.75156	0.08929	0.04352	0.00445	0.00560	0.00238	0.00250
34	0.00550	0.00373	0.00486	0.00549	0.00599	0.00342	0.00377	0.00636	0.00824	0.04669	0.08473	0.69274	0.09004	0.01171	0.00501	0.00156	0.00232	0.01053	0.00383	0.00346
35	0.01296	0.37618	0.01552	0.03483	0.01198	0.42384	0.00747	0.05473	0.01027	0.01045	0.00614	0.00712	0.00525	0.00387	0.00321	0.00098	0.00578	0.00248	0.00201	0.00496
36	0.00637	0.00407	0.00544	0.00560	0.00619	0.00395	0.00392	0.00697	0.00734	0.05842	0.05198	0.36211	0.01842	0.14818	0.14765	0.10017	0.00419	0.01894	0.00309	0.03701
37	0.00860	0.00902	0.02978	0.01223	0.06045	0.03894	0.27690	0.01032	0.00769	0.01072	0.00852	0.06107	0.00826	0.13788	0.00998	0.00188	0.29648	0.00469	0.00209	0.00451
38	0.00753	0.00497	0.00579	0.00529	0.00682	0.00463	0.00406	0.02790	0.08229	0.12096	0.28817	0.05100	0.33834	0.00825	0.00454	0.00130	0.00232	0.00701	0.02451	0.00430
39	0.02265	0.00598	0.00713	0.03235	0.04900	0.05942	0.00552	0.00917	0.02217	0.06468	0.03054	0.33612	0.04067	0.00907	0.01593	0.00153	0.08367	0.09999	0.10035	0.00406
40	0.01057	0.12088	0.29697	0.07757	0.12659	0.20784	0.03669	0.01356	0.03182	0.03097	0.00728	0.00867	0.00565	0.00388	0.00369	0.00116	0.00572	0.00303	0.00198	0.00549
41	0.00770	0.00693	0.03477	0.04812	0.11117	0.02444	0.07317	0.03788	0.01967	0.03288	0.01153	0.06516	0.03882	0.07782	0.34352	0.00359	0.05131	0.00475	0.00240	0.00438
42	0.00507	0.00370	0.00476	0.00541	0.00582	0.00352	0.00371	0.00585	0.00767	0.01012	0.03092	0.58550	0.12050	0.08852	0.07500	0.00219	0.00315	0.03185	0.00349	0.00324
43	0.04134	0.02309	0.13354	0.02630	0.17485	0.05011	0.18526	0.07953	0.05798	0.07685	0.01038	0.10375	0.00884	0.00492	0.00417	0.00129	0.00494	0.00458	0.00268	0.00562
44	0.03965	0.03703	0.09621	0.07214	0.18367	0.03796	0.00904	0.20969	0.08776	0.03578	0.00895	0.02567	0.00704	0.00447	0.00434	0.00121	0.05293	0.00354	0.00277	0.08016

[dist]
# distance from previous block
# <min> <max>
9	42

[block]
# block no. 8 follows, 67 sequences, length 6
# corresponding to MSA columns:
# 323-328
name=unknown_I
#
# <colnr> <probs for GDERKNQSTAVLIFYWHMCP>
#	G	D	E	R	K	N	Q	S	T	A	V	L	I	F	Y	W	H	M	C	P
0	0.00657	0.00436	0.00606	0.00603	0.00646	0.00479	0.00443	0.00718	0.04653	0.00888	0.01068	0.01830	0.01068	0.14074	0.28665	0.31430	0.03761	0.07454	0.00226	0.00294
1	0.00776	0.00778	0.06814	0.08164	0.05530	0.00741	0.19595	0.00989	0.00797	0.04377	0.03290	0.09325	0.01027	0.03208	0.26129	0.00300	0.06982	0.00493	0.00235	0.00452
2	0.00839	0.10286	0.10549	0.00803	0.04753	0.05536	0.03584	0.05573	0.10139	0.03059	0.09939	0.02211	0.26521	0.00670	0.00420	0.00126	0.00367	0.03828	0.00318	0.00480
3	0.05398	0.01062	0.04324	0.00831	0.01118	0.10227	0.00692	0.35699	0.10722	0.16426	0.01354	0.01303	0.07995	0.00521	0.00396	0.00123	0.00420	0.00401	0.00378	0.00608
4	0.01089	0.01091	0.01328	0.14558	0.08619	0.18102	0.12760	0.10548	0.07705	0.03163	0.03422	0.01080	0.00753	0.00559	0.03650	0.00149	0.10276	0.00377	0.00250	0.00522
5	0.00955	0.05228	0.10173	0.02927	0.02782	0.08914	0.04138	0.07079	0.24860	0.01390	0.07809	0.03913	0.04043	0.03544	0.02070	0.00150	0.08755	0.00446	0.00300	0.00525

[dist]
# distance from previous block
# <min> <max>
0	1

[block]
# block no. 9 follows, 67 sequences, length 6
# corresponding to MSA columns:
# 330-335
name=unknown_J
#
# <colnr> <probs for GDERKNQSTAVLIFYWHMCP>
#	G	D	E	R	K	N	Q	S	T	A	V	L	I	F	Y	W	H	M	C	P
0	0.00496	0.00373	0.00462	0.00529	0.00589	0.00339	0.00373	0.00583	0.00820	0.01053	0.02719	0.57025	0.25032	0.01179	0.00504	0.00157	0.00234	0.06827	0.00372	0.00332
1	0.04608	0.05064	0.05061	0.05640	0.16077	0.04455	0.22623	0.01239	0.03084	0.06399	0.00833	0.02897	0.00686	0.02615	0.00552	0.00134	0.10729	0.00388	0.00228	0.06687
2	0.03775	0.29239	0.19862	0.01012	0.01384	0.06788	0.16081	0.04336	0.02939	0.01220	0.03413	0.00902	0.00663	0.00396	0.00393	0.00113	0.04009	0.00319	0.00207	0.02948
3	0.00582	0.00394	0.00464	0.00464	0.00473	0.00403	0.00276	0.00600	0.00591	0.00797	0.01240	0.02492	0.01400	0.75410	0.12458	0.00421	0.00476	0.00564	0.00239	0.00258
4	0.00969	0.00928	0.01584	0.10899	0.75155	0.00947	0.01219	0.01210	0.00902	0.01281	0.00750	0.01000	0.00625	0.00362	0.00397	0.00121	0.00482	0.00357	0.00196	0.00616
5	0.01181	0.01237	0.05461	0.12437	0.06922	0.25995	0.03948	0.16312	0.03491	0.04352	0.00878	0.05775	0.00734	0.00561	0.02685	0.00139	0.06730	0.00380	0.00260	0.00524

[dist]
# distance from previous block
# <min> <max>
83	198

[block]
# block no. 10 follows, 67 sequences, length 32
# corresponding to MSA columns:
# 644-675
name=unknown_K
#
# <colnr> <probs for GDERKNQSTAVLIFYWHMCP>
#	G	D	E	R	K	N	Q	S	T	A	V	L	I	F	Y	W	H	M	C	P
0	0.02803	0.08410	0.14928	0.01016	0.02913	0.06358	0.16535	0.07298	0.05156	0.14037	0.01208	0.12604	0.02851	0.00547	0.00413	0.00129	0.00471	0.01485	0.00295	0.00543
1	0.00488	0.00351	0.00464	0.00554	0.00581	0.00326	0.00370	0.00559	0.00772	0.01026	0.02266	0.83210	0.05051	0.01249	0.00511	0.00162	0.00232	0.01131	0.00372	0.00326
2	0.00513	0.00402	0.02798	0.00560	0.00601	0.00350	0.00392	0.00594	0.00766	0.01037	0.03951	0.73074	0.02490	0.07572	0.00617	0.00176	0.00252	0.01046	0.02480	0.00329
3	0.05425	0.02757	0.01164	0.01059	0.08908	0.19652	0.02689	0.27720	0.23337	0.01746	0.01017	0.01038	0.00771	0.00460	0.00386	0.00121	0.00473	0.00356	0.00324	0.00598
4	0.04894	0.01841	0.01117	0.01010	0.01222	0.78301	0.00761	0.04249	0.01144	0.01065	0.00629	0.00728	0.00519	0.00414	0.00359	0.00105	0.00698	0.00260	0.00215	0.00471
5	0.00543	0.00439	0.00487	0.00474	0.00599	0.00400	0.00355	0.00749	0.07130	0.01290	0.28536	0.06522	0.49176	0.00928	0.00470	0.00134	0.00209	0.00790	0.00397	0.00373
6	0.00517	0.00387	0.00476	0.00497	0.00575	0.00350	0.00354	0.00637	0.00938	0.01252	0.32891	0.32098	0.23557	0.02948	0.00522	0.00147	0.00212	0.00898	0.00395	0.00347
7	0.00496	0.00404	0.00432	0.00430	0.00546	0.00348	0.00316	0.00605	0.00925	0.01149	0.16776	0.06720	0.62390	0.05996	0.00568	0.00150	0.00213	0.00822	0.00376	0.00339
8	0.00976	0.00854	0.01005	0.00911	0.04142	0.00959	0.05768	0.04229	0.66364	0.01646	0.05470	0.01563	0.03205	0.00547	0.00416	0.00134	0.00341	0.00471	0.00388	0.00611
9	0.88738	0.00776	0.00589	0.00527	0.00776	0.00900	0.00434	0.01179	0.00683	0.01799	0.00558	0.00651	0.00434	0.00372	0.00248	0.00124	0.00310	0.00217	0.00248	0.00434
10	0.44777	0.04274	0.08159	0.02094	0.01053	0.04618	0.00654	0.24075	0.01074	0.03230	0.00723	0.00794	0.00539	0.00409	0.00314	0.00121	0.00396	0.00275	0.01897	0.00526
11	0.07900	0.00897	0.00892	0.00794	0.01017	0.06266	0.00623	0.11740	0.49555	0.04353	0.01449	0.06385	0.01166	0.00576	0.00402	0.00134	0.00354	0.03501	0.01412	0.00584
12	0.01499	0.01079	0.01165	0.00903	0.01216	0.01188	0.00743	0.71435	0.08077	0.06986	0.01049	0.01026	0.00741	0.00487	0.00402	0.00122	0.00426	0.00371	0.00407	0.00678
13	0.06043	0.00534	0.00583	0.00608	0.00679	0.05611	0.00427	0.03827	0.00819	0.04806	0.01768	0.55371	0.02018	0.09809	0.03050	0.00191	0.02280	0.00871	0.00339	0.00365
14	0.02584	0.00469	0.00551	0.00525	0.00669	0.00422	0.00394	0.00913	0.04089	0.16393	0.09476	0.22273	0.37860	0.00929	0.00462	0.00139	0.00241	0.00795	0.00400	0.00416
15	0.01057	0.05046	0.10003	0.00943	0.01284	0.12428	0.12608	0.11333	0.06079	0.02686	0.02334	0.00953	0.00686	0.00391	0.00388	0.00102	0.02486	0.00323	0.00255	0.28613
16	0.73142	0.03122	0.04524	0.00632	0.00900	0.07442	0.02847	0.01220	0.00736	0.01675	0.00578	0.00678	0.00451	0.00374	0.00270	0.00122	0.00369	0.00231	0.00238	0.00449
17	0.00528	0.00377	0.00489	0.00559	0.00598	0.00358	0.00393	0.00612	0.00788	0.01042	0.05205	0.54049	0.06805	0.13050	0.00729	0.00195	0.00272	0.13272	0.00356	0.00324
18	0.00954	0.01584	0.50600	0.01002	0.01477	0.00898	0.02637	0.09618	0.08961	0.06285	0.00951	0.01015	0.02267	0.00417	0.00382	0.00120	0.00499	0.00333	0.00247	0.09753
19	0.01035	0.21878	0.10142	0.01160	0.01501	0.05401	0.29567	0.04916	0.06014	0.03571	0.00780	0.00937	0.00615	0.00407	0.00478	0.00123	0.08996	0.00357	0.00220	0.01902
20	0.00827	0.00740	0.01202	0.65886	0.02386	0.00918	0.02634	0.02736	0.00826	0.04212	0.02794	0.01103	0.00637	0.00453	0.00517	0.00138	0.10962	0.00369	0.00202	0.00459
21	0.00504	0.00396	0.00455	0.00465	0.00566	0.00347	0.00339	0.00624	0.00948	0.01221	0.26269	0.20085	0.44338	0.01008	0.00481	0.00138	0.00205	0.00871	0.00392	0.00347
22	0.00576	0.00428	0.00494	0.00510	0.02176	0.00389	0.00367	0.00692	0.00906	0.04122	0.11623	0.17909	0.47449	0.00956	0.00486	0.00137	0.02626	0.00811	0.06979	0.00364
23	0.11217	0.01439	0.03110	0.05522	0.08827	0.43560	0.07905	0.07143	0.01065	0.03317	0.00709	0.00847	0.00563	0.00469	0.02526	0.00128	0.00616	0.00303	0.00229	0.00504
24	0.01000	0.63325	0.24287	0.00810	0.01221	0.01409	0.00902	0.01220	0.00824	0.01032	0.00602	0.00699	0.00513	0.00353	0.00291	0.00097	0.00473	0.00237	0.00171	0.00536
25	0.00500	0.00368	0.00467	0.00538	0.00586	0.00339	0.00373	0.00583	0.00807	0.01054	0.04781	0.62911	0.16128	0.03366	0.00546	0.00164	0.00238	0.05551	0.00371	0.00330
26	0.01185	0.00875	0.01141	0.19426	0.07914	0.02005	0.02890	0.33832	0.01297	0.10802	0.04241	0.01239	0.02946	0.00693	0.07549	0.00169	0.00501	0.00398	0.00324	0.00572
27	0.00854	0.00644	0.00946	0.23127	0.07289	0.02969	0.05096	0.01040	0.00918	0.13034	0.07546	0.10884	0.14489	0.00761	0.03229	0.00154	0.00413	0.05841	0.00312	0.00456
28	0.00819	0.00649	0.00917	0.13595	0.03097	0.00694	0.06743	0.10766	0.09260	0.04057	0.01495	0.21016	0.04557	0.08297	0.08276	0.00210	0.00451	0.04338	0.00312	0.00452
29	0.00776	0.00494	0.00587	0.00567	0.00673	0.00483	0.00408	0.02809	0.09683	0.12035	0.04362	0.21156	0.14002	0.24601	0.00906	0.00213	0.00306	0.05184	0.00359	0.00397
30	0.03108	0.00934	0.01203	0.00961	0.04336	0.07568	0.14664	0.08803	0.06356	0.01398	0.00804	0.00947	0.00645	0.00450	0.02763	0.00114	0.05178	0.00322	0.00250	0.39196
31	0.01063	0.18689	0.01857	0.01411	0.14718	0.08962	0.31325	0.06379	0.06159	0.01286	0.00819	0.01038	0.00666	0.00394	0.00411	0.00120	0.01719	0.02207	0.00225	0.00553

[dist]
# distance from previous block
# <min> <max>
5	23

[block]
# block no. 11 follows, 67 sequences, length 10
# corresponding to MSA columns:
# 705-714
name=unknown_L
#
# <colnr> <probs for GDERKNQSTAVLIFYWHMCP>
#	G	D	E	R	K	N	Q	S	T	A	V	L	I	F	Y	W	H	M	C	P
0	0.13092	0.00687	0.00703	0.00656	0.00770	0.07218	0.00489	0.08209	0.06147	0.01221	0.01115	0.08993	0.01105	0.21653	0.22171	0.00324	0.04304	0.00478	0.00267	0.00397
1	0.01206	0.14988	0.06486	0.00741	0.01009	0.00905	0.00644	0.21675	0.05013	0.20747	0.01348	0.10007	0.04654	0.08135	0.00537	0.00146	0.00383	0.00468	0.00352	0.00556
2	0.04401	0.01291	0.01017	0.00988	0.08364	0.39680	0.00697	0.09909	0.03979	0.03254	0.01151	0.06708	0.08249	0.00521	0.00382	0.00112	0.00516	0.00397	0.00271	0.08114
3	0.00994	0.00941	0.01334	0.01016	0.01309	0.11219	0.26392	0.03658	0.00972	0.07303	0.07639	0.01276	0.03910	0.00600	0.05884	0.00145	0.02581	0.00408	0.00265	0.22155
4	0.01060	0.26167	0.09954	0.00799	0.01084	0.12357	0.02642	0.03437	0.11818	0.08247	0.08784	0.03041	0.05298	0.00522	0.00372	0.00116	0.00430	0.03064	0.00288	0.00521
5	0.00758	0.00656	0.00852	0.03171	0.05927	0.02976	0.05643	0.05984	0.10029	0.01347	0.14548	0.12829	0.16174	0.00821	0.02216	0.00148	0.03264	0.07992	0.00341	0.04323
6	0.00670	0.03157	0.06016	0.00609	0.00721	0.03475	0.00492	0.02270	0.02886	0.01071	0.08471	0.18475	0.13718	0.06773	0.00813	0.19165	0.00330	0.10243	0.00302	0.00341
7	0.00975	0.54262	0.23740	0.06336	0.01380	0.01341	0.04766	0.01212	0.00829	0.01052	0.00623	0.00746	0.00519	0.00357	0.00310	0.00102	0.00491	0.00258	0.00173	0.00532
8	0.00826	0.00783	0.01327	0.60770	0.26395	0.00909	0.01148	0.01085	0.00835	0.01108	0.00725	0.01047	0.00564	0.00388	0.00400	0.00129	0.00518	0.00357	0.00184	0.00501
9	0.03554	0.01051	0.03304	0.03824	0.24972	0.07284	0.19139	0.12802	0.04994	0.04610	0.00929	0.01136	0.02255	0.00443	0.00475	0.00129	0.06225	0.02045	0.00256	0.00574

[dist]
# distance from previous block
# <min> <max>
0	1

[block]
# block no. 12 follows, 67 sequences, length 13
# corresponding to MSA columns:
# 716-728
name=unknown_M
#
# <colnr> <probs for GDERKNQSTAVLIFYWHMCP>
#	G	D	E	R	K	N	Q	S	T	A	V	L	I	F	Y	W	H	M	C	P
0	0.16315	0.09329	0.07839	0.01155	0.01510	0.00990	0.36966	0.06803	0.00957	0.09502	0.00879	0.04422	0.00688	0.00411	0.00396	0.00127	0.00515	0.00403	0.00254	0.00538
1	0.15777	0.00918	0.00985	0.00785	0.01070	0.00992	0.00642	0.41441	0.09368	0.17434	0.05744	0.01154	0.00928	0.00492	0.00381	0.00124	0.00375	0.00375	0.00397	0.00620
2	0.00697	0.00348	0.00522	0.00522	0.00522	0.00348	0.00348	0.00522	0.00522	0.00697	0.00697	0.01219	0.00697	0.01393	0.01567	0.88332	0.00348	0.00348	0.00174	0.00174
3	0.00675	0.00619	0.00839	0.00764	0.02325	0.04843	0.12607	0.00902	0.08096	0.01186	0.09969	0.26248	0.21810	0.04729	0.00545	0.00153	0.00335	0.02614	0.00339	0.00403
4	0.66605	0.00820	0.00718	0.00607	0.00872	0.00921	0.00500	0.13672	0.00914	0.10149	0.00724	0.00771	0.00529	0.00402	0.00287	0.00124	0.00333	0.00258	0.00297	0.00497
5	0.14020	0.00669	0.00834	0.00673	0.00947	0.00623	0.00556	0.01723	0.02846	0.60642	0.01458	0.01476	0.01004	0.00517	0.00385	0.00127	0.00330	0.05519	0.05041	0.00610
6	0.07341	0.00891	0.00854	0.00735	0.00943	0.10762	0.00579	0.25556	0.11883	0.04837	0.13776	0.06506	0.01386	0.00581	0.00393	0.00122	0.00365	0.01695	0.10270	0.00525
7	0.00978	0.00903	0.00790	0.00715	0.00895	0.18792	0.00547	0.06473	0.21851	0.04823	0.17449	0.05076	0.14931	0.00664	0.00420	0.00125	0.00364	0.00542	0.03175	0.00486
8	0.00541	0.00391	0.00516	0.00597	0.00651	0.00372	0.00447	0.00647	0.00822	0.01075	0.02310	0.49369	0.09698	0.04648	0.00584	0.00177	0.00279	0.26173	0.00366	0.00337
9	0.04210	0.00751	0.00887	0.00716	0.00976	0.00753	0.00579	0.20688	0.09197	0.39192	0.01407	0.05691	0.01016	0.00530	0.00389	0.00123	0.00336	0.00427	0.11522	0.00612
10	0.01352	0.01237	0.01278	0.05386	0.12831	0.22080	0.04746	0.35439	0.01375	0.05108	0.00863	0.02466	0.00667	0.00457	0.00422	0.00120	0.02929	0.00355	0.00300	0.00589
11	0.00616	0.00438	0.00561	0.00619	0.00687	0.00431	0.00469	0.05816	0.00883	0.01178	0.02080	0.45148	0.04879	0.05857	0.00594	0.00176	0.00294	0.25546	0.03366	0.00359
12	0.12562	0.00883	0.03480	0.00687	0.00953	0.10386	0.00554	0.10433	0.00971	0.04238	0.01056	0.15303	0.02434	0.00527	0.00356	0.00103	0.00363	0.00424	0.00286	0.34001

[dist]
# distance from previous block
# <min> <max>
1	19

[block]
# block no. 13 follows, 67 sequences, length 6
# corresponding to MSA columns:
# 751-756
name=unknown_N
#
# <colnr> <probs for GDERKNQSTAVLIFYWHMCP>
#	G	D	E	R	K	N	Q	S	T	A	V	L	I	F	Y	W	H	M	C	P
0	0.00975	0.03116	0.09525	0.01060	0.11967	0.03565	0.08926	0.05774	0.00917	0.11469	0.02784	0.08457	0.07182	0.00676	0.00627	0.11818	0.06000	0.00465	0.00274	0.04420
1	0.00634	0.00372	0.00516	0.00522	0.00535	0.00382	0.00347	0.00572	0.00573	0.00776	0.01001	0.06949	0.01069	0.23835	0.14934	0.45599	0.00468	0.00473	0.00211	0.00231
2	0.00589	0.00673	0.12270	0.00612	0.00774	0.00516	0.00549	0.00758	0.00858	0.01157	0.18426	0.02593	0.30169	0.07886	0.15072	0.00242	0.05541	0.00623	0.00308	0.00384
3	0.01215	0.00930	0.00964	0.00806	0.01057	0.03994	0.00643	0.31739	0.35339	0.06372	0.01407	0.01350	0.04024	0.00525	0.00395	0.00125	0.00364	0.00417	0.07718	0.00616
4	0.00987	0.00906	0.01407	0.21643	0.41907	0.05169	0.05655	0.04811	0.00950	0.05257	0.00958	0.04107	0.03591	0.00437	0.00408	0.00125	0.00488	0.00406	0.00230	0.00559
5	0.01061	0.07811	0.30033	0.06276	0.04974	0.00996	0.21473	0.10356	0.01020	0.10887	0.00858	0.00983	0.00616	0.00392	0.00402	0.00125	0.00547	0.00360	0.00243	0.00587

[dist]
# distance from previous block
# <min> <max>
0	41

# created by:
# /usr/local/bin/augustus/scripts/msa2prfl.pl /tmp/new_cug2/actin-related-protein-class-7.fasta
