[name]
unknown

[dist]
# distance from previous block
# <min> <max>
0	10

[block]
# block no. 0 follows, 70 sequences, length 14
# corresponding to MSA columns:
# 10-23
name=unknown_A
#
# <colnr> <probs for GDERKNQSTAVLIFYWHMCP>
#	G	D	E	R	K	N	Q	S	T	A	V	L	I	F	Y	W	H	M	C	P
0	0.00495	0.00369	0.00453	0.00493	0.00556	0.00337	0.00347	0.00590	0.00832	0.01092	0.16620	0.41504	0.22874	0.07305	0.00589	0.00162	0.00227	0.04467	0.00362	0.00323
1	0.00533	0.00397	0.00467	0.00455	0.00564	0.00350	0.00339	0.00669	0.00975	0.03408	0.39924	0.09890	0.38822	0.00902	0.00459	0.00129	0.00196	0.00777	0.00393	0.00352
2	0.00481	0.00383	0.00430	0.00455	0.00552	0.00336	0.00335	0.00581	0.00859	0.01070	0.08859	0.22971	0.52196	0.02863	0.00504	0.00145	0.00216	0.06074	0.00362	0.00327
3	0.01020	0.81142	0.07351	0.00692	0.01039	0.01493	0.00713	0.01165	0.00790	0.00932	0.00549	0.00635	0.00497	0.00334	0.00256	0.00085	0.00425	0.00212	0.00166	0.00502
4	0.01448	0.01848	0.01099	0.00999	0.01199	0.84819	0.00749	0.01548	0.01099	0.00949	0.00599	0.00699	0.00499	0.00400	0.00350	0.00100	0.00699	0.00250	0.00200	0.00449
5	0.89114	0.00750	0.00570	0.00510	0.00750	0.00870	0.00420	0.01140	0.00660	0.01739	0.00540	0.00630	0.00420	0.00360	0.00240	0.00120	0.00300	0.00210	0.00240	0.00420
6	0.01459	0.01013	0.01191	0.00909	0.01220	0.01087	0.06196	0.62840	0.04253	0.14277	0.01029	0.01012	0.00715	0.00460	0.00393	0.00118	0.00424	0.00365	0.00389	0.00649
7	0.00598	0.00483	0.00636	0.00631	0.00704	0.04562	0.00485	0.00727	0.00643	0.00895	0.01026	0.01533	0.00968	0.06874	0.76690	0.00586	0.00990	0.00415	0.00209	0.00346
8	0.01078	0.03418	0.39038	0.02554	0.03493	0.15406	0.03368	0.09136	0.08650	0.08905	0.00859	0.00922	0.00622	0.00406	0.00372	0.00118	0.00529	0.00315	0.00243	0.00567
9	0.00473	0.00391	0.00416	0.00415	0.00534	0.00333	0.00309	0.00584	0.00911	0.01126	0.16708	0.07485	0.67049	0.00962	0.00460	0.00131	0.00196	0.00813	0.00371	0.00333
10	0.00960	0.00921	0.01574	0.02380	0.83957	0.00921	0.01190	0.01190	0.00883	0.01267	0.00729	0.00960	0.00614	0.00345	0.00384	0.00115	0.00461	0.00345	0.00192	0.00614
11	0.00892	0.00500	0.00614	0.00554	0.00665	0.00486	0.00400	0.07112	0.00857	0.19805	0.06597	0.06285	0.04310	0.39071	0.05253	0.00264	0.00375	0.05238	0.00330	0.00391
12	0.77833	0.06150	0.00692	0.00538	0.00788	0.00912	0.00450	0.03742	0.00720	0.04523	0.00586	0.00662	0.00451	0.00366	0.00250	0.00118	0.00312	0.00220	0.00248	0.00440
13	0.00771	0.01765	0.02990	0.04397	0.00891	0.05724	0.00535	0.05855	0.05091	0.01103	0.02020	0.03595	0.00955	0.18465	0.21661	0.00287	0.05001	0.00403	0.00239	0.18252

[dist]
# distance from previous block
# <min> <max>
0	10

[block]
# block no. 1 follows, 70 sequences, length 10
# corresponding to MSA columns:
# 39-48
name=unknown_B
#
# <colnr> <probs for GDERKNQSTAVLIFYWHMCP>
#	G	D	E	R	K	N	Q	S	T	A	V	L	I	F	Y	W	H	M	C	P
0	0.07905	0.11043	0.16921	0.02710	0.13217	0.07331	0.00882	0.19013	0.05663	0.02646	0.04365	0.00954	0.00726	0.00422	0.00384	0.00115	0.03233	0.00321	0.00256	0.01895
1	0.05961	0.04610	0.08867	0.06064	0.10241	0.09930	0.04408	0.07969	0.14977	0.08935	0.03150	0.03199	0.05176	0.00485	0.00380	0.00120	0.00425	0.02098	0.00290	0.02715
2	0.00816	0.05445	0.00831	0.00571	0.00880	0.00552	0.00460	0.00977	0.00826	0.04753	0.03374	0.05117	0.04831	0.00391	0.00313	0.00072	0.00286	0.00320	0.00255	0.68931
3	0.00741	0.00625	0.02660	0.04046	0.08657	0.02617	0.04400	0.02352	0.05146	0.05715	0.02822	0.18480	0.11502	0.13208	0.08581	0.00214	0.04879	0.00603	0.00286	0.02468
4	0.00815	0.00800	0.05802	0.26593	0.30151	0.00803	0.00956	0.01066	0.03848	0.03462	0.03889	0.04684	0.08297	0.00497	0.00446	0.00126	0.05163	0.00431	0.01673	0.00498
5	0.00965	0.00544	0.00718	0.00614	0.00791	0.00515	0.02633	0.01209	0.08641	0.27435	0.32960	0.04953	0.11189	0.00742	0.02535	0.00138	0.01941	0.00584	0.00414	0.00480
6	0.00788	0.03165	0.03711	0.03773	0.01140	0.06076	0.17453	0.02025	0.03906	0.02199	0.01279	0.24159	0.04616	0.01790	0.01954	0.00133	0.03725	0.00567	0.00264	0.17277
7	0.01448	0.01848	0.01099	0.00999	0.01199	0.84819	0.00749	0.01548	0.01099	0.00949	0.00599	0.00699	0.00499	0.00400	0.00350	0.00100	0.00699	0.00250	0.00200	0.00449
8	0.05187	0.00654	0.00765	0.00630	0.00858	0.00653	0.00507	0.10989	0.12505	0.36198	0.03948	0.01343	0.01025	0.00482	0.00356	0.00114	0.00295	0.00387	0.22546	0.00558
9	0.00474	0.00368	0.00425	0.00463	0.00538	0.00326	0.00323	0.00558	0.00817	0.01032	0.06888	0.39438	0.40560	0.05269	0.00548	0.00154	0.00217	0.00923	0.00357	0.00319

[dist]
# distance from previous block
# <min> <max>
0	2

[block]
# block no. 2 follows, 70 sequences, length 6
# corresponding to MSA columns:
# 51-56
name=unknown_C
#
# <colnr> <probs for GDERKNQSTAVLIFYWHMCP>
#	G	D	E	R	K	N	Q	S	T	A	V	L	I	F	Y	W	H	M	C	P
0	0.01191	0.00634	0.00771	0.00642	0.00863	0.00618	0.00513	0.08509	0.14220	0.36104	0.12242	0.01812	0.11296	0.00666	0.03241	0.00138	0.00315	0.00485	0.05192	0.00548
1	0.00848	0.00826	0.01268	0.36974	0.37323	0.05559	0.01036	0.01073	0.00858	0.01132	0.04050	0.01206	0.05361	0.00419	0.00390	0.00121	0.00472	0.00380	0.00203	0.00502
2	0.05139	0.34706	0.01371	0.00738	0.01025	0.01200	0.00643	0.16038	0.26830	0.07129	0.01002	0.00983	0.00769	0.00428	0.00328	0.00108	0.00372	0.00318	0.00302	0.00570
3	0.00984	0.00982	0.01449	0.20804	0.48015	0.09785	0.05644	0.05449	0.00932	0.01231	0.00720	0.00952	0.00581	0.00366	0.00385	0.00118	0.00507	0.00342	0.00199	0.00553
4	0.00849	0.42745	0.01327	0.00640	0.00848	0.01040	0.00562	0.04232	0.04841	0.00987	0.00835	0.01161	0.00783	0.10297	0.26995	0.00287	0.00601	0.00328	0.00206	0.00434
5	0.40277	0.05687	0.03016	0.08126	0.21793	0.02933	0.00752	0.04146	0.00796	0.03487	0.00642	0.00792	0.00511	0.00383	0.00361	0.00120	0.05186	0.00274	0.00223	0.00493

[dist]
# distance from previous block
# <min> <max>
0	1

[block]
# block no. 3 follows, 70 sequences, length 10
# corresponding to MSA columns:
# 58-67
name=unknown_D
#
# <colnr> <probs for GDERKNQSTAVLIFYWHMCP>
#	G	D	E	R	K	N	Q	S	T	A	V	L	I	F	Y	W	H	M	C	P
0	0.00904	0.00893	0.08735	0.21308	0.13076	0.04737	0.00852	0.07635	0.10949	0.05930	0.05617	0.06412	0.07027	0.00534	0.00433	0.00127	0.03603	0.00448	0.00275	0.00505
1	0.00640	0.00476	0.00576	0.00547	0.00665	0.00471	0.00412	0.07373	0.04423	0.02819	0.19027	0.15599	0.22232	0.03048	0.15545	0.01815	0.00383	0.00674	0.00343	0.02932
2	0.00709	0.00586	0.00828	0.00764	0.00808	0.00745	0.00610	0.00819	0.00650	0.03817	0.00990	0.12042	0.00988	0.01621	0.34452	0.00344	0.34971	0.00470	0.03399	0.00385
3	0.00479	0.00368	0.00434	0.00471	0.00544	0.00328	0.00330	0.00569	0.00833	0.01069	0.12202	0.40826	0.34991	0.04054	0.00528	0.00150	0.00214	0.00924	0.00363	0.00323
4	0.49969	0.05346	0.00868	0.00659	0.00931	0.01006	0.00550	0.29559	0.01092	0.05749	0.00722	0.00766	0.00532	0.00401	0.00299	0.00117	0.00351	0.00267	0.00299	0.00518
5	0.05945	0.06441	0.06430	0.00974	0.01220	0.62609	0.03279	0.06633	0.01081	0.01110	0.00626	0.00724	0.00507	0.00394	0.00345	0.00103	0.00636	0.00260	0.00210	0.00474
6	0.00966	0.11713	0.11361	0.01232	0.01574	0.05383	0.39652	0.07899	0.04046	0.01266	0.00882	0.01048	0.03939	0.00407	0.00469	0.00124	0.06908	0.00392	0.00217	0.00521
7	0.00555	0.00413	0.00520	0.00538	0.00612	0.00411	0.00396	0.00689	0.03510	0.02498	0.10010	0.26516	0.20385	0.09142	0.14427	0.00244	0.02390	0.06073	0.00329	0.00342
8	0.00958	0.06126	0.04170	0.08018	0.18964	0.13547	0.05083	0.06574	0.05480	0.03499	0.03222	0.12811	0.04369	0.00589	0.01824	0.00131	0.03417	0.00466	0.00257	0.00495
9	0.02288	0.07066	0.01204	0.09830	0.09434	0.14080	0.04052	0.23396	0.08887	0.06178	0.02486	0.01065	0.00753	0.00485	0.02067	0.00124	0.00473	0.01820	0.00288	0.04025

[dist]
# distance from previous block
# <min> <max>
2	13

[block]
# block no. 4 follows, 70 sequences, length 30
# corresponding to MSA columns:
# 81-110
name=unknown_E
#
# <colnr> <probs for GDERKNQSTAVLIFYWHMCP>
#	G	D	E	R	K	N	Q	S	T	A	V	L	I	F	Y	W	H	M	C	P
0	0.00580	0.00506	0.02325	0.00582	0.00703	0.00486	0.03576	0.00771	0.06696	0.01078	0.08601	0.09108	0.29783	0.09063	0.18692	0.00259	0.03501	0.00637	0.00303	0.02749
1	0.01457	0.01023	0.01105	0.00857	0.01156	0.02365	0.00704	0.66578	0.05939	0.11444	0.02755	0.01038	0.00780	0.00476	0.00389	0.00117	0.00409	0.00364	0.00396	0.00648
2	0.41491	0.01054	0.03324	0.00789	0.01059	0.12436	0.06013	0.24856	0.01077	0.01771	0.00681	0.00764	0.00515	0.00401	0.00338	0.00118	0.02260	0.00277	0.00271	0.00505
3	0.00604	0.00402	0.00481	0.00482	0.00589	0.00357	0.00357	0.00722	0.00910	0.08198	0.19960	0.23876	0.34344	0.00940	0.00456	0.00134	0.00216	0.02883	0.03728	0.00363
4	0.00819	0.00701	0.00940	0.00794	0.00968	0.03770	0.12159	0.05679	0.16705	0.04841	0.16049	0.09056	0.11794	0.02534	0.04435	0.00160	0.06130	0.01675	0.00333	0.00459
5	0.00540	0.00398	0.00473	0.00458	0.00512	0.00380	0.01995	0.00596	0.00704	0.00915	0.08249	0.04035	0.23692	0.49167	0.06034	0.00296	0.00354	0.00640	0.00283	0.00283
6	0.00863	0.00848	0.01424	0.41187	0.37065	0.03252	0.07576	0.01111	0.00841	0.01126	0.00711	0.00994	0.00563	0.00365	0.00390	0.00123	0.00509	0.00351	0.00183	0.00516
7	0.00732	0.00689	0.01163	0.85444	0.02670	0.00861	0.01077	0.00991	0.00775	0.00991	0.00689	0.01034	0.00517	0.00388	0.00388	0.00129	0.00517	0.00345	0.00172	0.00431
8	0.00828	0.00688	0.00806	0.00577	0.00921	0.00518	0.00462	0.01000	0.00812	0.03409	0.00711	0.00817	0.00584	0.00292	0.00290	0.00059	0.00288	0.00234	0.00236	0.86467
9	0.00698	0.00610	0.00792	0.00745	0.03415	0.00733	0.00558	0.04521	0.00726	0.01001	0.01549	0.04989	0.19485	0.18489	0.07770	0.00235	0.32540	0.00527	0.00246	0.00370
10	0.00815	0.12507	0.63404	0.07760	0.02980	0.00980	0.02468	0.01215	0.02270	0.01177	0.00693	0.00827	0.00510	0.00367	0.00357	0.00118	0.00543	0.00287	0.00170	0.00553
11	0.00805	0.00774	0.01297	0.04611	0.17278	0.03032	0.22392	0.04875	0.00857	0.01163	0.01162	0.25733	0.01196	0.04145	0.01633	0.00153	0.07583	0.00601	0.00251	0.00459
12	0.81866	0.00818	0.00615	0.00547	0.00787	0.05342	0.00447	0.03569	0.00717	0.01718	0.00555	0.00642	0.00431	0.00365	0.00250	0.00119	0.00325	0.00216	0.00242	0.00428
13	0.00964	0.01096	0.01806	0.01367	0.01628	0.13089	0.49152	0.01194	0.00860	0.01119	0.00728	0.03197	0.00609	0.00444	0.00637	0.00136	0.20879	0.00416	0.00195	0.00483
14	0.00492	0.00339	0.00443	0.00526	0.00554	0.00319	0.00353	0.00569	0.00748	0.01026	0.02068	0.79408	0.02440	0.01154	0.00477	0.00152	0.00221	0.01043	0.07351	0.00319
15	0.00813	0.00679	0.00747	0.00684	0.00856	0.00761	0.00525	0.01571	0.54249	0.01483	0.15852	0.01890	0.06710	0.04410	0.06851	0.00177	0.00337	0.00511	0.00377	0.00517
16	0.01294	0.01059	0.01300	0.00999	0.01296	0.05294	0.14969	0.57166	0.02826	0.02040	0.00986	0.07140	0.00786	0.00493	0.00406	0.00121	0.00463	0.00419	0.00343	0.00599
17	0.00673	0.00337	0.00505	0.00505	0.00505	0.00337	0.00337	0.00505	0.00505	0.00673	0.00673	0.01178	0.00673	0.01347	0.01515	0.88721	0.00337	0.00337	0.00168	0.00168
18	0.00885	0.06102	0.59300	0.01011	0.01477	0.07581	0.01193	0.06871	0.04067	0.01264	0.00757	0.00903	0.00572	0.02796	0.03465	0.00144	0.00566	0.00302	0.00195	0.00549
19	0.00660	0.00504	0.00593	0.00610	0.00711	0.00523	0.00448	0.03087	0.22430	0.02459	0.04983	0.45154	0.08407	0.00951	0.00459	0.00146	0.00256	0.05443	0.01762	0.00413
20	0.00803	0.01826	0.69017	0.01204	0.01743	0.00915	0.16603	0.01230	0.00837	0.01230	0.00712	0.00861	0.00509	0.00361	0.00385	0.00124	0.00588	0.00318	0.00170	0.00564
21	0.02859	0.00962	0.04485	0.08625	0.40957	0.01003	0.01004	0.18817	0.06750	0.01500	0.00802	0.00971	0.00637	0.00420	0.00466	0.00123	0.08443	0.00347	0.00244	0.00585
22	0.04408	0.00857	0.08653	0.00931	0.01229	0.00716	0.23981	0.03648	0.02708	0.09433	0.01010	0.06884	0.00832	0.00445	0.00399	0.00112	0.02735	0.01597	0.11931	0.17490
23	0.00472	0.00391	0.00414	0.00412	0.00533	0.00333	0.00307	0.00582	0.00911	0.01122	0.15920	0.06251	0.69092	0.00961	0.00459	0.00130	0.00195	0.00810	0.00370	0.00333
24	0.00673	0.00337	0.00505	0.00505	0.00505	0.00337	0.00337	0.00505	0.00505	0.00673	0.00673	0.01178	0.00673	0.01347	0.01515	0.88721	0.00337	0.00337	0.00168	0.00168
25	0.01036	0.86609	0.02032	0.00663	0.00995	0.01534	0.00663	0.01161	0.00788	0.00912	0.00539	0.00622	0.00498	0.00332	0.00249	0.00083	0.00415	0.00207	0.00166	0.00498
26	0.03996	0.03000	0.03782	0.02860	0.00870	0.08732	0.00577	0.04039	0.04001	0.01038	0.00960	0.01322	0.00858	0.02157	0.59465	0.00470	0.00879	0.00378	0.00219	0.00396
27	0.07852	0.00638	0.02900	0.00589	0.00772	0.00646	0.00477	0.07699	0.20599	0.09632	0.03533	0.04483	0.04383	0.00537	0.00348	0.00115	0.00272	0.02560	0.31484	0.00481
28	0.00542	0.00377	0.00452	0.00476	0.00502	0.00361	0.00298	0.00578	0.00648	0.00869	0.01580	0.31349	0.03092	0.50037	0.01335	0.00279	0.00317	0.02855	0.00283	0.03769
29	0.06072	0.20432	0.00937	0.00607	0.00757	0.07632	0.00487	0.00939	0.04873	0.01039	0.08239	0.03834	0.04692	0.16568	0.18656	0.00267	0.00516	0.02819	0.00247	0.00388

[dist]
# distance from previous block
# <min> <max>
4	33

[block]
# block no. 5 follows, 70 sequences, length 44
# corresponding to MSA columns:
# 150-193
name=unknown_F
#
# <colnr> <probs for GDERKNQSTAVLIFYWHMCP>
#	G	D	E	R	K	N	Q	S	T	A	V	L	I	F	Y	W	H	M	C	P
0	0.19173	0.32855	0.13910	0.00846	0.05092	0.08557	0.02685	0.05877	0.03805	0.01274	0.00711	0.00796	0.02215	0.00377	0.00303	0.00105	0.00440	0.00265	0.00211	0.00505
1	0.00973	0.00776	0.01021	0.02933	0.13656	0.01717	0.03470	0.13939	0.12463	0.07189	0.07156	0.02393	0.06853	0.02751	0.02473	0.00143	0.11835	0.00435	0.04156	0.03666
2	0.02080	0.09757	0.03736	0.02119	0.02013	0.16491	0.00804	0.09313	0.00872	0.05910	0.00640	0.00834	0.00547	0.00539	0.00800	0.00137	0.42405	0.00310	0.00215	0.00480
3	0.00474	0.00339	0.00451	0.00539	0.00563	0.00316	0.00360	0.00544	0.00750	0.01002	0.03990	0.84232	0.02589	0.01205	0.00494	0.00157	0.00224	0.01093	0.00361	0.00316
4	0.00551	0.00434	0.00503	0.00495	0.00604	0.00410	0.00367	0.00787	0.09988	0.01300	0.34546	0.15557	0.31232	0.00893	0.00456	0.00131	0.00208	0.00774	0.00390	0.00372
5	0.00722	0.00427	0.00570	0.00577	0.00667	0.00411	0.00422	0.00855	0.03209	0.14955	0.08549	0.43463	0.04281	0.03800	0.13336	0.00224	0.00371	0.02410	0.00360	0.00389
6	0.02981	0.00862	0.00916	0.00769	0.01007	0.00963	0.00617	0.34751	0.34883	0.01912	0.03649	0.01420	0.04236	0.00531	0.00387	0.00123	0.00340	0.02425	0.06643	0.00586
7	0.00783	0.01966	0.80978	0.01127	0.01692	0.00904	0.04781	0.01228	0.00822	0.01228	0.00699	0.00828	0.00495	0.00367	0.00372	0.00123	0.00576	0.00294	0.00165	0.00571
8	0.01068	0.00864	0.01014	0.00844	0.01093	0.00946	0.05724	0.25808	0.38644	0.02620	0.01298	0.02369	0.01026	0.00622	0.03887	0.00146	0.00396	0.05585	0.00361	0.05685
9	0.00767	0.00558	0.00636	0.00501	0.00741	0.00453	0.00391	0.00935	0.00821	0.03045	0.03868	0.03148	0.03839	0.01605	0.00325	0.00080	0.00249	0.00334	0.26513	0.51190
10	0.00559	0.00395	0.00505	0.00546	0.00595	0.00390	0.00402	0.00651	0.00752	0.00996	0.07247	0.17691	0.06569	0.30265	0.05850	0.00261	0.00359	0.25348	0.00312	0.00306
11	0.01016	0.00914	0.01265	0.01015	0.01279	0.01000	0.20431	0.13545	0.46900	0.01616	0.01263	0.01312	0.00960	0.00485	0.00443	0.00131	0.03455	0.02047	0.00337	0.00586
12	0.00483	0.00354	0.00452	0.00519	0.00561	0.00331	0.00356	0.00557	0.00754	0.00987	0.02314	0.63025	0.14933	0.05923	0.04067	0.00185	0.00266	0.03272	0.00347	0.00315
13	0.00870	0.00732	0.00863	0.05638	0.01053	0.00616	0.00527	0.09084	0.02953	0.01373	0.00735	0.00846	0.00594	0.00317	0.00306	0.00069	0.00315	0.00253	0.00246	0.72611
14	0.00866	0.01377	0.33238	0.01459	0.15186	0.03893	0.30176	0.01206	0.00891	0.01250	0.06061	0.01052	0.00749	0.00378	0.00408	0.00123	0.00563	0.00382	0.00198	0.00544
15	0.00500	0.00349	0.00443	0.00507	0.00533	0.00330	0.00333	0.00565	0.00731	0.00987	0.05355	0.62925	0.04251	0.16391	0.00749	0.00192	0.00248	0.00957	0.03348	0.00305
16	0.03019	0.01074	0.01323	0.00997	0.01319	0.01162	0.13123	0.68816	0.01664	0.02248	0.00901	0.00943	0.00644	0.00442	0.00396	0.00119	0.00459	0.00363	0.00356	0.00634
17	0.01091	0.00971	0.01165	0.04555	0.29388	0.14570	0.02479	0.10662	0.06026	0.08834	0.01217	0.01517	0.06863	0.00510	0.00402	0.00122	0.00451	0.08352	0.00282	0.00542
18	0.03766	0.01543	0.01082	0.00978	0.01156	0.62605	0.03654	0.01388	0.01011	0.01003	0.00756	0.01127	0.00692	0.00495	0.00454	0.00117	0.08332	0.09187	0.00215	0.00439
19	0.00945	0.00716	0.00801	0.00737	0.00932	0.00786	0.00591	0.06618	0.47709	0.07985	0.01793	0.03185	0.07025	0.00666	0.00426	0.00139	0.00316	0.16634	0.01454	0.00542
20	0.01036	0.86609	0.02032	0.00663	0.00995	0.01534	0.00663	0.01161	0.00788	0.00912	0.00539	0.00622	0.00498	0.00332	0.00249	0.00083	0.00415	0.00207	0.00166	0.00498
21	0.00882	0.01110	0.10468	0.01521	0.01907	0.00952	0.68940	0.01205	0.00890	0.01222	0.00820	0.04322	0.00653	0.00375	0.00472	0.00132	0.02951	0.00462	0.00198	0.00517
22	0.00544	0.00404	0.00466	0.00445	0.00565	0.00353	0.00336	0.00681	0.00985	0.04238	0.38864	0.03279	0.45682	0.00881	0.00455	0.00127	0.00195	0.00752	0.00394	0.00356
23	0.00513	0.00386	0.00475	0.00475	0.00565	0.00348	0.00350	0.00654	0.00978	0.01320	0.47830	0.17627	0.24139	0.00919	0.00465	0.00131	0.00196	0.01884	0.00397	0.00347
24	0.00564	0.00376	0.00423	0.00423	0.00423	0.00376	0.00235	0.00564	0.00564	0.00752	0.01222	0.02537	0.01409	0.86375	0.01973	0.00376	0.00376	0.00564	0.00235	0.00235
25	0.00778	0.02005	0.84367	0.01105	0.01678	0.00900	0.01432	0.01228	0.00818	0.01228	0.00696	0.00818	0.00491	0.00368	0.00368	0.00123	0.00573	0.00286	0.00164	0.00573
26	0.00778	0.02005	0.84367	0.01105	0.01678	0.00900	0.01432	0.01228	0.00818	0.01228	0.00696	0.00818	0.00491	0.00368	0.00368	0.00123	0.00573	0.00286	0.00164	0.00573
27	0.00554	0.00413	0.00610	0.00610	0.00674	0.00477	0.00468	0.00684	0.00619	0.00890	0.01051	0.01591	0.00999	0.08510	0.79277	0.00606	0.00994	0.00425	0.00210	0.00339
28	0.47300	0.04393	0.27669	0.00753	0.01102	0.07603	0.00787	0.01228	0.00767	0.04424	0.00630	0.00720	0.00471	0.00369	0.00296	0.00118	0.00425	0.00244	0.00218	0.00483
29	0.00553	0.00381	0.00436	0.00434	0.00455	0.00375	0.00261	0.00583	0.00641	0.00854	0.08791	0.02633	0.08610	0.68349	0.04823	0.00342	0.00368	0.00592	0.00262	0.00259
30	0.21810	0.15482	0.10352	0.00974	0.09184	0.14659	0.05052	0.05955	0.03847	0.06696	0.00720	0.00809	0.00559	0.00385	0.00341	0.00112	0.02033	0.00281	0.00234	0.00515
31	0.03744	0.01197	0.09960	0.01028	0.05309	0.07009	0.06082	0.50647	0.06103	0.01978	0.00880	0.00930	0.00643	0.00441	0.00402	0.00119	0.02254	0.00343	0.00321	0.00610
32	0.00525	0.00379	0.00526	0.00575	0.00626	0.00393	0.00424	0.00632	0.00713	0.00981	0.01724	0.40944	0.04089	0.03381	0.32184	0.00336	0.00543	0.07900	0.02796	0.00331
33	0.00613	0.00430	0.00590	0.00579	0.00635	0.00475	0.00428	0.00712	0.00661	0.03880	0.05745	0.03047	0.01301	0.26781	0.44981	0.00462	0.04228	0.03879	0.00244	0.00329
34	0.00839	0.00798	0.01356	0.46472	0.40808	0.00889	0.01130	0.01084	0.00826	0.01120	0.00708	0.00999	0.00562	0.00368	0.00386	0.00123	0.00490	0.00345	0.00181	0.00517
35	0.11262	0.00688	0.00716	0.00610	0.00809	0.03270	0.00487	0.17459	0.07920	0.15338	0.01150	0.01210	0.00855	0.00609	0.05684	0.00141	0.00349	0.00353	0.30591	0.00500
36	0.00951	0.00800	0.04291	0.00663	0.00975	0.00687	0.00555	0.16379	0.08986	0.05256	0.01185	0.01209	0.09047	0.00426	0.00342	0.00089	0.00320	0.00341	0.00297	0.47202
37	0.03497	0.00653	0.00754	0.00631	0.00843	0.03118	0.00501	0.10052	0.06593	0.22005	0.25944	0.03659	0.06234	0.00607	0.00403	0.00116	0.00292	0.02975	0.00391	0.10731
38	0.09002	0.00734	0.01986	0.00683	0.00989	0.00657	0.00569	0.10095	0.01094	0.54711	0.01241	0.01134	0.00816	0.00437	0.00361	0.00110	0.00334	0.00344	0.00407	0.14296
39	0.15759	0.00899	0.02972	0.00805	0.01070	0.05206	0.08401	0.27504	0.01203	0.17076	0.08548	0.01234	0.00980	0.06065	0.00478	0.00136	0.00401	0.00384	0.00341	0.00539
40	0.00520	0.00365	0.00470	0.00510	0.00535	0.00364	0.00336	0.00579	0.00677	0.00917	0.05034	0.40723	0.01965	0.30997	0.13923	0.00303	0.00400	0.00794	0.00296	0.00294
41	0.00711	0.00466	0.00566	0.00518	0.00656	0.00430	0.00402	0.03785	0.03483	0.11076	0.43306	0.02892	0.25133	0.00801	0.00449	0.00127	0.00224	0.04159	0.00409	0.00407
42	0.00895	0.00706	0.00851	0.00619	0.00948	0.00566	0.01485	0.02971	0.00846	0.07665	0.00754	0.00851	0.00604	0.00320	0.00333	0.00068	0.03211	0.00251	0.00250	0.75807
43	0.00625	0.00412	0.03327	0.00487	0.00506	0.00374	0.00326	0.00557	0.00543	0.00729	0.00932	0.01804	0.01013	0.41261	0.01691	0.44192	0.00363	0.00442	0.00199	0.00213

[dist]
# distance from previous block
# <min> <max>
3	52

[block]
# block no. 6 follows, 70 sequences, length 71
# corresponding to MSA columns:
# 254-324
name=unknown_G
#
# <colnr> <probs for GDERKNQSTAVLIFYWHMCP>
#	G	D	E	R	K	N	Q	S	T	A	V	L	I	F	Y	W	H	M	C	P
0	0.01040	0.69862	0.01907	0.00796	0.04692	0.06203	0.04311	0.01179	0.00816	0.00962	0.00569	0.00669	0.00511	0.00334	0.00272	0.00086	0.00437	0.00228	0.00173	0.04953
1	0.00632	0.00404	0.00466	0.00456	0.00487	0.00411	0.00283	0.00704	0.03653	0.03758	0.01235	0.02284	0.01316	0.66522	0.08141	0.00353	0.00407	0.00525	0.07679	0.00283
2	0.00997	0.00960	0.03122	0.01230	0.02783	0.05153	0.44243	0.07793	0.08133	0.06231	0.04521	0.01274	0.00875	0.00421	0.00420	0.00125	0.00515	0.02754	0.07929	0.00523
3	0.00478	0.00341	0.00453	0.00539	0.00563	0.00319	0.00361	0.00547	0.00746	0.00996	0.03428	0.81621	0.02550	0.03181	0.00529	0.00162	0.00230	0.02284	0.00358	0.00314
4	0.00528	0.00395	0.00489	0.00466	0.00566	0.00357	0.00349	0.00691	0.01048	0.01437	0.65230	0.03090	0.22254	0.00836	0.00457	0.00124	0.00186	0.00728	0.00411	0.00357
5	0.00489	0.00394	0.00435	0.00425	0.00543	0.00340	0.00319	0.00616	0.00956	0.01220	0.31083	0.03447	0.56536	0.00917	0.00458	0.00128	0.00192	0.00778	0.00383	0.00340
6	0.01036	0.86609	0.02032	0.00663	0.00995	0.01534	0.00663	0.01161	0.00788	0.00912	0.00539	0.00622	0.00498	0.00332	0.00249	0.00083	0.00415	0.00207	0.00166	0.00498
7	0.01343	0.00926	0.01006	0.00791	0.01058	0.01007	0.00646	0.62575	0.01593	0.07516	0.01894	0.04439	0.00829	0.00498	0.00378	0.00115	0.00377	0.00387	0.12021	0.00603
8	0.89114	0.00750	0.00570	0.00510	0.00750	0.00870	0.00420	0.01140	0.00660	0.01739	0.00540	0.00630	0.00420	0.00360	0.00240	0.00120	0.00300	0.00210	0.00240	0.00420
9	0.00572	0.00400	0.00489	0.00483	0.00496	0.00426	0.00305	0.00602	0.00576	0.00787	0.01161	0.02282	0.01293	0.67309	0.17811	0.00416	0.03577	0.00527	0.00227	0.00263
10	0.04498	0.15390	0.04821	0.00922	0.01185	0.46604	0.02453	0.16001	0.02479	0.01268	0.00671	0.00750	0.00537	0.00398	0.00340	0.00103	0.00577	0.00268	0.00231	0.00503
11	0.02655	0.00618	0.00728	0.00593	0.00811	0.00603	0.00479	0.15695	0.01111	0.35848	0.01304	0.01290	0.00912	0.00464	0.00340	0.00108	0.00287	0.00369	0.35246	0.00538
12	0.00978	0.00840	0.00885	0.00792	0.01014	0.00971	0.00617	0.04301	0.80993	0.01645	0.01560	0.01432	0.01169	0.00524	0.00394	0.00131	0.00310	0.00436	0.00394	0.00615
13	0.00773	0.00495	0.00639	0.00605	0.00635	0.04215	0.00435	0.00719	0.03866	0.03837	0.00739	0.01168	0.00699	0.02515	0.03923	0.64054	0.09894	0.00345	0.00193	0.00252
14	0.00522	0.00399	0.00459	0.00442	0.00557	0.00349	0.00332	0.00660	0.00986	0.02696	0.40729	0.03305	0.45403	0.00886	0.00457	0.00127	0.00192	0.00757	0.00393	0.00351
15	0.00553	0.00453	0.00582	0.00537	0.00664	0.00416	0.04749	0.00754	0.05538	0.01294	0.35503	0.06800	0.36258	0.00859	0.00458	0.00130	0.00228	0.03474	0.00380	0.00370
16	0.00841	0.00688	0.00808	0.00579	0.00922	0.00519	0.00464	0.01013	0.00816	0.04570	0.00723	0.00824	0.00590	0.00295	0.00291	0.00060	0.00289	0.00236	0.00240	0.85235
17	0.00543	0.00406	0.00510	0.00512	0.00612	0.00373	0.00402	0.00704	0.01003	0.01351	0.47608	0.03403	0.22658	0.00896	0.00474	0.00136	0.00222	0.17436	0.00396	0.00355
18	0.00473	0.00381	0.00426	0.00445	0.00545	0.00334	0.00324	0.00573	0.00856	0.01068	0.09819	0.22917	0.54582	0.01107	0.04207	0.00158	0.00239	0.00858	0.00359	0.00328
19	0.04033	0.00877	0.04111	0.02330	0.30936	0.12853	0.00801	0.01027	0.00792	0.01073	0.00840	0.01203	0.00759	0.06882	0.29465	0.00305	0.00687	0.00363	0.00202	0.00463
20	0.55795	0.00922	0.01093	0.00915	0.04588	0.07712	0.21451	0.01201	0.00770	0.01528	0.00615	0.00755	0.00477	0.00354	0.00310	0.00121	0.00429	0.00282	0.00223	0.00457
21	0.00737	0.00647	0.00900	0.09259	0.09321	0.03288	0.07943	0.04156	0.08640	0.01325	0.21035	0.06725	0.14712	0.00671	0.00430	0.00128	0.00338	0.05391	0.03916	0.00439
22	0.00670	0.00525	0.00631	0.00520	0.00723	0.00435	0.00403	0.00854	0.02297	0.03037	0.38649	0.02105	0.11487	0.00603	0.00387	0.00097	0.00231	0.00517	0.00341	0.35488
23	0.00613	0.00487	0.00701	0.00679	0.00731	0.00590	0.00534	0.00728	0.00632	0.00909	0.01037	0.01714	0.01022	0.09299	0.55104	0.02325	0.15415	0.06917	0.00215	0.00347
24	0.00635	0.00455	0.03499	0.00602	0.00655	0.00455	0.00464	0.00653	0.02018	0.00833	0.00934	0.05174	0.00922	0.01816	0.31211	0.41834	0.03734	0.03627	0.00202	0.00277
25	0.00966	0.04767	0.09657	0.06009	0.44676	0.00866	0.04827	0.01203	0.00870	0.07522	0.00770	0.00942	0.00609	0.00355	0.00380	0.00109	0.01750	0.00325	0.00214	0.13183
26	0.37750	0.00719	0.00777	0.00626	0.00902	0.00726	0.00517	0.05749	0.00961	0.45996	0.01091	0.01015	0.00722	0.00430	0.00328	0.00120	0.00323	0.00314	0.00376	0.00561
27	0.00537	0.00399	0.00495	0.00472	0.00568	0.00366	0.00351	0.00706	0.01982	0.01425	0.64169	0.03981	0.17983	0.04239	0.00518	0.00134	0.00195	0.00718	0.00406	0.00356
28	0.00866	0.00833	0.01439	0.35966	0.47459	0.00900	0.04717	0.01111	0.00841	0.01154	0.00715	0.00993	0.00574	0.00362	0.00389	0.00122	0.00492	0.00350	0.00184	0.00536
29	0.00933	0.00894	0.01526	0.12010	0.74533	0.00914	0.01177	0.01167	0.00870	0.01235	0.00725	0.00968	0.00603	0.00350	0.00384	0.00117	0.00467	0.00345	0.00190	0.00593
30	0.00514	0.00362	0.00469	0.00540	0.00580	0.00343	0.00382	0.00603	0.00772	0.01038	0.04934	0.57676	0.05997	0.07719	0.00602	0.00172	0.00251	0.12505	0.04224	0.00319
31	0.01017	0.32727	0.06607	0.00709	0.01041	0.12133	0.00645	0.03239	0.00872	0.03424	0.00652	0.00741	0.00543	0.00334	0.00292	0.00080	0.00412	0.00235	0.00209	0.34087
32	0.00490	0.00392	0.00425	0.00424	0.00532	0.00342	0.00312	0.00594	0.00886	0.01107	0.17235	0.04720	0.58110	0.09553	0.00613	0.00156	0.00217	0.03207	0.00359	0.00325
33	0.79071	0.00739	0.00608	0.00531	0.00777	0.00835	0.00437	0.01226	0.00711	0.11220	0.00654	0.00709	0.00482	0.00374	0.00257	0.00120	0.00303	0.00231	0.00267	0.00447
34	0.89114	0.00750	0.00570	0.00510	0.00750	0.00870	0.00420	0.01140	0.00660	0.01739	0.00540	0.00630	0.00420	0.00360	0.00240	0.00120	0.00300	0.00210	0.00240	0.00420
35	0.00918	0.00859	0.01289	0.44671	0.30087	0.06613	0.01061	0.03240	0.00871	0.04279	0.00732	0.00991	0.00569	0.00384	0.00398	0.00122	0.01871	0.00340	0.00198	0.00509
36	0.00602	0.00425	0.00522	0.00526	0.00552	0.00445	0.00347	0.00678	0.03532	0.03106	0.04650	0.27770	0.01758	0.45338	0.01315	0.00269	0.06868	0.00707	0.00287	0.00303
37	0.00484	0.00348	0.00455	0.00532	0.00563	0.00325	0.00361	0.00558	0.00759	0.01008	0.05117	0.72838	0.06258	0.04923	0.00558	0.00165	0.00233	0.03843	0.00357	0.00315
38	0.01222	0.05331	0.01065	0.04006	0.01172	0.40373	0.00705	0.07325	0.32148	0.01306	0.00992	0.01006	0.00769	0.00448	0.00366	0.00113	0.00512	0.00329	0.00284	0.00528
39	0.73702	0.00928	0.00664	0.00594	0.00829	0.13955	0.00477	0.02835	0.00751	0.01630	0.00557	0.00647	0.00437	0.00368	0.00260	0.00117	0.00365	0.00219	0.00237	0.00429
40	0.00514	0.00364	0.00496	0.00546	0.00582	0.00366	0.00381	0.00590	0.00709	0.00964	0.05756	0.48611	0.03064	0.09145	0.20717	0.04211	0.00436	0.01929	0.00307	0.00312
41	0.00484	0.00345	0.00461	0.00550	0.00577	0.00325	0.00376	0.00558	0.00750	0.00998	0.02118	0.79405	0.02525	0.02425	0.00519	0.00162	0.00236	0.06512	0.00358	0.00317
42	0.00846	0.00808	0.01382	0.43588	0.42225	0.00892	0.02517	0.01092	0.00830	0.01129	0.00710	0.00998	0.00565	0.00366	0.00387	0.00122	0.00492	0.00347	0.00182	0.00522
43	0.00783	0.03768	0.82651	0.01096	0.01664	0.00914	0.01416	0.01226	0.00818	0.01221	0.00692	0.00814	0.00491	0.00368	0.00366	0.00122	0.00570	0.00285	0.00164	0.00571
44	0.00750	0.00593	0.00691	0.00684	0.02074	0.00634	0.00522	0.02055	0.34336	0.03135	0.11670	0.14724	0.10256	0.00840	0.02304	0.00152	0.00297	0.13440	0.00378	0.00466
45	0.00477	0.00384	0.00425	0.00435	0.00540	0.00332	0.00319	0.00585	0.00898	0.01129	0.18118	0.17856	0.55165	0.00988	0.00464	0.00134	0.00199	0.00846	0.00372	0.00332
46	0.01473	0.01065	0.01148	0.00883	0.01191	0.01175	0.00728	0.78082	0.03485	0.05374	0.00966	0.00955	0.00681	0.00467	0.00388	0.00117	0.00421	0.00352	0.00391	0.00658
47	0.00559	0.00379	0.00448	0.00452	0.00461	0.00386	0.00270	0.00578	0.00579	0.00780	0.01240	0.06120	0.01408	0.72568	0.11868	0.00396	0.00449	0.00570	0.00237	0.00252
48	0.00764	0.00740	0.01160	0.81735	0.02605	0.04548	0.01062	0.01015	0.00789	0.00989	0.00685	0.01019	0.00516	0.00388	0.00386	0.00128	0.00525	0.00340	0.00173	0.00431
49	0.00833	0.00826	0.01158	0.00997	0.01001	0.01151	0.00829	0.00920	0.00595	0.00931	0.00537	0.00883	0.00533	0.00795	0.05634	0.00193	0.81249	0.00343	0.00172	0.00420
50	0.00550	0.00414	0.00613	0.00613	0.00685	0.00478	0.00476	0.00686	0.00634	0.00906	0.01165	0.01620	0.04607	0.02823	0.81134	0.00601	0.01001	0.00433	0.00214	0.00345
51	0.01284	0.35712	0.01471	0.00865	0.01117	0.51544	0.00715	0.01393	0.00974	0.00934	0.00575	0.00668	0.00499	0.00372	0.00309	0.00093	0.00585	0.00233	0.00186	0.00469
52	0.00540	0.00402	0.00510	0.00521	0.00615	0.00371	0.00407	0.00695	0.00979	0.01317	0.42633	0.10096	0.20038	0.00927	0.00478	0.00139	0.00227	0.18361	0.00392	0.00352
53	0.00993	0.00694	0.00827	0.00766	0.00952	0.00739	0.00641	0.21165	0.16717	0.08851	0.02978	0.02685	0.01560	0.00763	0.00459	0.00148	0.00359	0.37812	0.00384	0.00506
54	0.01019	0.64494	0.12501	0.00780	0.01140	0.01365	0.05317	0.01236	0.04097	0.04002	0.00650	0.00729	0.00546	0.00349	0.00287	0.00094	0.00441	0.00247	0.00188	0.00519
55	0.00805	0.10964	0.75648	0.01058	0.01606	0.00967	0.01351	0.01221	0.00815	0.01194	0.00679	0.00798	0.00492	0.00364	0.00356	0.00119	0.00556	0.00278	0.00164	0.00565
56	0.00941	0.00769	0.00850	0.00709	0.00972	0.00781	0.00559	0.04777	0.45226	0.04550	0.01264	0.02731	0.00992	0.00464	0.00362	0.00106	0.00305	0.02249	0.00339	0.31051
57	0.00565	0.00413	0.00475	0.00471	0.00578	0.00374	0.00347	0.02483	0.00892	0.04438	0.15394	0.14713	0.42964	0.07953	0.03520	0.00171	0.00258	0.03286	0.00360	0.00346
58	0.00472	0.00345	0.00445	0.00522	0.00558	0.00318	0.00352	0.00546	0.00767	0.01009	0.04236	0.74674	0.11974	0.01178	0.00490	0.00154	0.00221	0.01060	0.00361	0.00318
59	0.00529	0.00395	0.00478	0.00461	0.00565	0.00353	0.00344	0.00678	0.01010	0.02311	0.52472	0.06916	0.30331	0.00871	0.00458	0.00127	0.00191	0.00755	0.00402	0.00354
60	0.01437	0.01825	0.01094	0.00994	0.01194	0.82944	0.00746	0.01560	0.02936	0.00964	0.00621	0.00716	0.00515	0.00402	0.00351	0.00101	0.00690	0.00254	0.00204	0.00453
61	0.01169	0.02882	0.11144	0.03931	0.04873	0.36079	0.00817	0.03347	0.25458	0.03680	0.00942	0.00983	0.00724	0.00438	0.00383	0.00116	0.01916	0.00325	0.00263	0.00531
62	0.00469	0.00393	0.00408	0.00404	0.00530	0.00332	0.00303	0.00578	0.00910	0.01110	0.13749	0.03628	0.73939	0.00959	0.00458	0.00130	0.00195	0.00804	0.00368	0.00332
63	0.00960	0.00921	0.01574	0.02380	0.83957	0.00921	0.01190	0.01190	0.00883	0.01267	0.00729	0.00960	0.00614	0.00345	0.00384	0.00115	0.00461	0.00345	0.00192	0.00614
64	0.00795	0.05053	0.76337	0.01125	0.04167	0.00933	0.01379	0.01215	0.00813	0.01209	0.00685	0.00816	0.00496	0.00375	0.00391	0.00122	0.03068	0.00287	0.00165	0.00567
65	0.01065	0.01038	0.04314	0.06799	0.34104	0.04821	0.22229	0.15597	0.01065	0.03990	0.00794	0.00976	0.00611	0.00372	0.00402	0.00120	0.00519	0.00370	0.00235	0.00580
66	0.00944	0.00655	0.00706	0.00626	0.00805	0.00714	0.00489	0.10623	0.34621	0.06109	0.09321	0.01521	0.01288	0.00518	0.00359	0.00115	0.00268	0.00426	0.29378	0.00514
67	0.00703	0.00418	0.00464	0.00471	0.00561	0.00423	0.00351	0.05857	0.03058	0.01374	0.02488	0.22196	0.02192	0.01700	0.00375	0.00118	0.00222	0.05136	0.51519	0.00373
68	0.00561	0.00386	0.00475	0.00475	0.00492	0.00404	0.00299	0.00597	0.00579	0.00790	0.01174	0.02275	0.01296	0.64824	0.23369	0.00440	0.00547	0.00525	0.00228	0.00264
69	0.00545	0.00400	0.00517	0.00522	0.00612	0.00371	0.00404	0.00707	0.01004	0.01373	0.52273	0.10615	0.12821	0.00903	0.00475	0.00136	0.00220	0.15349	0.00400	0.00355
70	0.01493	0.01815	0.01003	0.00767	0.01066	0.00852	0.00630	0.32207	0.09130	0.38895	0.01239	0.01141	0.00836	0.00464	0.00381	0.00115	0.00362	0.00366	0.00416	0.06824

[dist]
# distance from previous block
# <min> <max>
0	1

[block]
# block no. 7 follows, 70 sequences, length 10
# corresponding to MSA columns:
# 326-335
name=unknown_H
#
# <colnr> <probs for GDERKNQSTAVLIFYWHMCP>
#	G	D	E	R	K	N	Q	S	T	A	V	L	I	F	Y	W	H	M	C	P
0	0.00981	0.07940	0.06124	0.01029	0.10441	0.05810	0.10351	0.09526	0.14257	0.05879	0.13502	0.03714	0.01260	0.00505	0.00395	0.00118	0.00406	0.02798	0.00303	0.04662
1	0.01295	0.39257	0.01518	0.00793	0.01093	0.16183	0.00693	0.25665	0.01178	0.07857	0.00744	0.00782	0.00582	0.00395	0.00319	0.00099	0.00462	0.00271	0.00263	0.00550
2	0.00558	0.00400	0.00543	0.00543	0.00585	0.00441	0.00385	0.00641	0.00599	0.00841	0.01112	0.01929	0.01145	0.36293	0.51694	0.00524	0.00773	0.00475	0.00219	0.00302
3	0.03868	0.06554	0.09662	0.00896	0.05680	0.23338	0.06497	0.01126	0.00843	0.04348	0.00892	0.01317	0.01899	0.19850	0.04743	0.00191	0.00529	0.01432	0.00220	0.06114
4	0.01013	0.14997	0.14630	0.01456	0.23684	0.05539	0.21171	0.02929	0.00909	0.06981	0.00790	0.02761	0.00631	0.00376	0.00379	0.00115	0.00516	0.00356	0.00212	0.00555
5	0.01242	0.15050	0.04541	0.00792	0.01078	0.02468	0.00689	0.35440	0.10794	0.12202	0.03879	0.01323	0.02601	0.00507	0.00378	0.00118	0.00392	0.05571	0.00350	0.00585
6	0.00513	0.00361	0.00454	0.00505	0.00533	0.00345	0.00335	0.00575	0.00725	0.00966	0.07176	0.47444	0.05443	0.27062	0.00943	0.00222	0.00275	0.05500	0.00326	0.00297
7	0.04260	0.05227	0.06276	0.07070	0.27944	0.04571	0.17635	0.07705	0.00945	0.06455	0.00808	0.03338	0.00652	0.00408	0.00436	0.00122	0.05001	0.00373	0.00228	0.00549
8	0.01028	0.05514	0.03365	0.05339	0.15556	0.17113	0.06035	0.08391	0.05572	0.04440	0.02033	0.05445	0.06221	0.00517	0.00443	0.00121	0.05921	0.02608	0.03836	0.00500
9	0.00871	0.00734	0.01139	0.10960	0.35359	0.03068	0.04158	0.01067	0.00880	0.07699	0.04685	0.05298	0.08598	0.00686	0.05842	0.00157	0.00449	0.05119	0.02731	0.00500

[dist]
# distance from previous block
# <min> <max>
0	25

[block]
# block no. 8 follows, 70 sequences, length 8
# corresponding to MSA columns:
# 361-368
name=unknown_I
#
# <colnr> <probs for GDERKNQSTAVLIFYWHMCP>
#	G	D	E	R	K	N	Q	S	T	A	V	L	I	F	Y	W	H	M	C	P
0	0.00837	0.00783	0.04281	0.00865	0.06257	0.06607	0.02030	0.03611	0.17923	0.04440	0.05160	0.16225	0.06096	0.00915	0.08727	0.00185	0.11781	0.02510	0.00303	0.00465
1	0.03547	0.00793	0.04341	0.05652	0.08478	0.00756	0.04071	0.19042	0.04265	0.14873	0.09507	0.01667	0.06945	0.00545	0.00401	0.00121	0.00368	0.06572	0.01836	0.06221
2	0.00664	0.00430	0.00527	0.02484	0.03967	0.00417	0.00394	0.00856	0.04407	0.04480	0.20289	0.18245	0.11381	0.00734	0.00394	0.00120	0.00221	0.00636	0.28972	0.00383
3	0.00927	0.10230	0.52220	0.01110	0.01582	0.10370	0.12086	0.04865	0.00904	0.01221	0.00692	0.00821	0.00513	0.00367	0.00367	0.00117	0.00576	0.00300	0.00182	0.00549
4	0.00557	0.00404	0.00565	0.00565	0.00614	0.00453	0.00412	0.00655	0.00606	0.00857	0.01092	0.01819	0.01098	0.27252	0.60671	0.00551	0.00845	0.00459	0.00216	0.00314
5	0.00613	0.00410	0.00523	0.00492	0.00599	0.00371	0.00370	0.00775	0.01047	0.07107	0.62119	0.08264	0.14194	0.00824	0.00455	0.00125	0.00197	0.00721	0.00417	0.00377
6	0.00472	0.00337	0.00450	0.00540	0.00562	0.00315	0.00360	0.00540	0.00742	0.00990	0.02137	0.86122	0.02564	0.01215	0.00495	0.00157	0.00225	0.01102	0.00360	0.00315
7	0.00804	0.00689	0.00804	0.00574	0.00919	0.00517	0.00459	0.00976	0.00804	0.01263	0.00689	0.00804	0.00574	0.00287	0.00287	0.00057	0.00287	0.00230	0.00230	0.88745

[dist]
# distance from previous block
# <min> <max>
0	4

[block]
# block no. 9 follows, 70 sequences, length 7
# corresponding to MSA columns:
# 373-379
name=unknown_J
#
# <colnr> <probs for GDERKNQSTAVLIFYWHMCP>
#	G	D	E	R	K	N	Q	S	T	A	V	L	I	F	Y	W	H	M	C	P
0	0.00983	0.58868	0.01653	0.09829	0.01124	0.08953	0.00663	0.01104	0.00787	0.00904	0.00645	0.00911	0.00613	0.11002	0.00487	0.00126	0.00447	0.00270	0.00178	0.00453
1	0.00755	0.00546	0.00598	0.00570	0.00638	0.06913	0.00398	0.00818	0.00713	0.09867	0.01401	0.12442	0.05726	0.38424	0.13791	0.00313	0.04908	0.00567	0.00273	0.00339
2	0.11883	0.00910	0.01314	0.06586	0.32786	0.04749	0.11637	0.06512	0.09819	0.01383	0.00970	0.02620	0.04329	0.00428	0.00401	0.00122	0.02385	0.00383	0.00242	0.00540
3	0.01138	0.09104	0.01029	0.00780	0.01026	0.03419	0.00629	0.16170	0.46120	0.10582	0.01354	0.04850	0.01039	0.00517	0.00382	0.00123	0.00349	0.00418	0.00373	0.00598
4	0.06478	0.07498	0.01096	0.00831	0.01068	0.01122	0.00682	0.32946	0.30240	0.01807	0.01053	0.01061	0.00799	0.00497	0.00480	0.00126	0.10934	0.00360	0.00337	0.00587
5	0.10400	0.00705	0.00711	0.00672	0.03049	0.06279	0.00485	0.11173	0.14780	0.02824	0.02590	0.03498	0.06731	0.25719	0.05362	0.00225	0.00402	0.03671	0.00299	0.00424
6	0.00678	0.00616	0.04416	0.02766	0.05874	0.00570	0.04902	0.00976	0.13958	0.03866	0.04149	0.19691	0.25762	0.00920	0.04854	0.00162	0.01835	0.03251	0.00328	0.00427

[dist]
# distance from previous block
# <min> <max>
12	50

[block]
# block no. 10 follows, 70 sequences, length 25
# corresponding to MSA columns:
# 438-462
name=unknown_K
#
# <colnr> <probs for GDERKNQSTAVLIFYWHMCP>
#	G	D	E	R	K	N	Q	S	T	A	V	L	I	F	Y	W	H	M	C	P
0	0.08021	0.43490	0.10469	0.00809	0.01115	0.15322	0.02641	0.03852	0.01876	0.02897	0.00617	0.00716	0.00517	0.00381	0.00357	0.00102	0.05878	0.00249	0.00195	0.00497
1	0.01168	0.06516	0.01022	0.06141	0.01102	0.00775	0.05534	0.16493	0.07962	0.25758	0.08379	0.09750	0.02309	0.00580	0.00404	0.00124	0.00357	0.03103	0.01982	0.00544
2	0.00929	0.00997	0.02145	0.01544	0.01915	0.00932	0.75322	0.01237	0.00915	0.04710	0.00878	0.04979	0.00695	0.00374	0.00456	0.00131	0.00620	0.00484	0.00216	0.00519
3	0.00848	0.00669	0.00725	0.00641	0.00822	0.00708	0.00498	0.20655	0.22605	0.01587	0.12597	0.09698	0.23612	0.01988	0.00450	0.00132	0.00284	0.00613	0.00382	0.00484
4	0.00472	0.00355	0.00437	0.00497	0.00552	0.00320	0.00342	0.00553	0.00797	0.01030	0.06081	0.59663	0.25234	0.01132	0.00483	0.00149	0.00215	0.01006	0.00363	0.00320
5	0.00942	0.00871	0.03339	0.07413	0.33914	0.03567	0.02716	0.06197	0.19453	0.03699	0.05498	0.06316	0.03372	0.00495	0.00400	0.00123	0.00403	0.00443	0.00283	0.00558
6	0.00472	0.00337	0.00450	0.00540	0.00562	0.00315	0.00360	0.00540	0.00742	0.00990	0.02137	0.86122	0.02564	0.01215	0.00495	0.00157	0.00225	0.01102	0.00360	0.00315
7	0.05920	0.00740	0.04204	0.05814	0.05707	0.00771	0.03098	0.10170	0.20547	0.04042	0.01159	0.02369	0.01974	0.05732	0.24376	0.00281	0.00572	0.01754	0.00285	0.00487
8	0.01093	0.75140	0.01909	0.00704	0.01023	0.08995	0.00674	0.04875	0.00862	0.00985	0.00562	0.00643	0.00505	0.00344	0.00264	0.00086	0.00441	0.00218	0.00179	0.00501
9	0.00778	0.02005	0.84367	0.01105	0.01678	0.00900	0.01432	0.01228	0.00818	0.01228	0.00696	0.00818	0.00491	0.00368	0.00368	0.00123	0.00573	0.00286	0.00164	0.00573
10	0.00640	0.00566	0.00908	0.55106	0.01916	0.00667	0.00819	0.00833	0.00773	0.01001	0.02641	0.28112	0.03140	0.00670	0.00424	0.00138	0.00411	0.00602	0.00240	0.00390
11	0.00557	0.00377	0.00421	0.00421	0.00430	0.00373	0.00239	0.00563	0.00585	0.00772	0.01405	0.02618	0.06993	0.80588	0.01871	0.00359	0.00364	0.00581	0.00243	0.00241
12	0.01263	0.00900	0.01045	0.00845	0.01113	0.00976	0.04349	0.36232	0.28408	0.13570	0.02676	0.03119	0.00996	0.00515	0.00400	0.00125	0.00374	0.02081	0.00394	0.00619
13	0.02829	0.00426	0.00508	0.00486	0.00597	0.00400	0.00370	0.00762	0.04813	0.01422	0.54971	0.03031	0.23489	0.00826	0.00452	0.00127	0.00201	0.03520	0.00401	0.00369
14	0.00809	0.00693	0.00806	0.00581	0.00921	0.00530	0.00464	0.01009	0.03324	0.01274	0.00716	0.00824	0.00593	0.00294	0.00290	0.00060	0.00288	0.00236	0.00235	0.86051
15	0.00778	0.02005	0.84367	0.01105	0.01678	0.00900	0.01432	0.01228	0.00818	0.01228	0.00696	0.00818	0.00491	0.00368	0.00368	0.00123	0.00573	0.00286	0.00164	0.00573
16	0.02581	0.00705	0.00785	0.00702	0.00891	0.00764	0.00543	0.13540	0.36361	0.09603	0.06287	0.18527	0.04367	0.00678	0.00414	0.00132	0.00298	0.00577	0.01712	0.00534
17	0.00513	0.00366	0.00455	0.00493	0.00524	0.00358	0.00323	0.00568	0.00679	0.00900	0.01867	0.37691	0.10444	0.31720	0.11050	0.00288	0.00372	0.00799	0.00297	0.00291
