[name]
unknown

[dist]
# distance from previous block
# <min> <max>
0	127

[block]
# block no. 0 follows, 70 sequences, length 72
# corresponding to MSA columns:
# 151-222
name=unknown_A
#
# <colnr> <probs for GDERKNQSTAVLIFYWHMCP>
#	G	D	E	R	K	N	Q	S	T	A	V	L	I	F	Y	W	H	M	C	P
0	0.00507	0.00364	0.00477	0.00543	0.00581	0.00344	0.00370	0.02685	0.00813	0.01095	0.11957	0.73875	0.02647	0.01144	0.00488	0.00152	0.00225	0.01034	0.00369	0.00330
1	0.00500	0.00385	0.00438	0.00454	0.00554	0.00336	0.00331	0.00605	0.00884	0.02548	0.15414	0.24469	0.48499	0.01005	0.00467	0.00137	0.00206	0.02059	0.00372	0.00336
2	0.00982	0.00842	0.00887	0.00793	0.01015	0.00973	0.00618	0.04921	0.80366	0.01651	0.01555	0.01428	0.01165	0.00524	0.00394	0.00131	0.00311	0.00435	0.00394	0.00615
3	0.00848	0.01989	0.75649	0.01094	0.01628	0.09687	0.01361	0.01261	0.00848	0.01199	0.00686	0.00806	0.00492	0.00372	0.00366	0.00120	0.00586	0.00283	0.00167	0.00560
4	0.01505	0.00760	0.03148	0.00772	0.01064	0.00686	0.04994	0.10153	0.01118	0.57898	0.01416	0.01304	0.04256	0.00490	0.00436	0.00121	0.04674	0.00395	0.00416	0.04398
5	0.00813	0.00663	0.00788	0.00592	0.00909	0.00511	0.00480	0.00985	0.00822	0.03727	0.00857	0.01193	0.00759	0.00375	0.00316	0.00072	0.00296	0.08727	0.00250	0.76863
6	0.00601	0.00431	0.00540	0.00582	0.00640	0.00428	0.00414	0.09168	0.00854	0.01136	0.01929	0.59640	0.03292	0.08943	0.01659	0.00181	0.00282	0.08584	0.00349	0.00348
7	0.01374	0.01671	0.01066	0.00964	0.01169	0.69723	0.00728	0.03689	0.13825	0.01091	0.00759	0.00821	0.00609	0.00421	0.00357	0.00105	0.00632	0.00281	0.00235	0.00480
8	0.00948	0.00845	0.00944	0.00702	0.01028	0.06919	0.04671	0.13045	0.00983	0.01407	0.00803	0.00900	0.02646	0.00341	0.00319	0.00075	0.00355	0.00275	0.00252	0.62543
9	0.00793	0.00780	0.06356	0.28409	0.22778	0.00775	0.00921	0.06082	0.02999	0.01231	0.06844	0.12874	0.01158	0.00565	0.00422	0.00131	0.01266	0.04886	0.00249	0.00481
10	0.01124	0.00933	0.02535	0.08668	0.42307	0.02241	0.04147	0.18023	0.02699	0.10077	0.00892	0.01024	0.01342	0.00396	0.00387	0.00117	0.00450	0.00357	0.00266	0.02015
11	0.01302	0.01744	0.09912	0.01059	0.01300	0.64718	0.06994	0.01455	0.01025	0.00999	0.00618	0.00747	0.00506	0.00407	0.00415	0.00109	0.05756	0.00275	0.00194	0.00466
12	0.00743	0.00833	0.09885	0.74535	0.04600	0.00867	0.01117	0.01020	0.00782	0.01022	0.00691	0.01009	0.00517	0.00385	0.00385	0.00128	0.00521	0.00338	0.00172	0.00450
13	0.00915	0.24718	0.44262	0.01008	0.03032	0.06789	0.04914	0.01270	0.05419	0.01139	0.00696	0.00806	0.00539	0.00375	0.00363	0.00112	0.02636	0.00281	0.00182	0.00541
14	0.00915	0.00876	0.03876	0.12371	0.46971	0.00860	0.10778	0.01176	0.02987	0.04711	0.04253	0.01197	0.02834	0.00409	0.00413	0.00122	0.01906	0.01388	0.01401	0.00554
15	0.00640	0.00440	0.00595	0.00669	0.00759	0.00439	0.00570	0.00827	0.02488	0.02226	0.02001	0.10282	0.03125	0.01011	0.00505	0.00167	0.00329	0.64889	0.07675	0.00363
16	0.00993	0.00474	0.00538	0.00478	0.00629	0.00461	0.00373	0.03691	0.04296	0.21292	0.01352	0.03518	0.01022	0.00481	0.00314	0.00102	0.00230	0.00389	0.58916	0.00451
17	0.00868	0.04094	0.48759	0.01269	0.01758	0.00962	0.30138	0.05240	0.00901	0.01283	0.00734	0.00899	0.00534	0.00357	0.00397	0.00124	0.00590	0.00348	0.00186	0.00557
18	0.00584	0.00432	0.00528	0.02619	0.00671	0.00407	0.00407	0.00774	0.05489	0.04031	0.28962	0.15340	0.28324	0.00907	0.00464	0.00136	0.00231	0.08941	0.00383	0.00370
19	0.00502	0.00356	0.00454	0.00517	0.00545	0.00337	0.00346	0.00567	0.00732	0.00972	0.04911	0.57820	0.05676	0.18995	0.00803	0.00202	0.00261	0.05367	0.00336	0.00303
20	0.00563	0.00377	0.00431	0.00431	0.00434	0.00380	0.00245	0.00569	0.00566	0.00758	0.01214	0.02497	0.01392	0.83070	0.05255	0.00386	0.00402	0.00558	0.00234	0.00239
21	0.00840	0.02037	0.83630	0.01143	0.01716	0.00934	0.01451	0.01270	0.00858	0.01286	0.00757	0.00903	0.00550	0.00409	0.00395	0.00134	0.00592	0.00307	0.00185	0.00604
22	0.01057	0.00926	0.01107	0.03571	0.10955	0.04111	0.05932	0.17953	0.43679	0.01657	0.01313	0.01296	0.03696	0.00486	0.00396	0.00125	0.00388	0.00414	0.00342	0.00596
23	0.00563	0.00379	0.00437	0.00437	0.00442	0.00384	0.00253	0.00573	0.00568	0.00762	0.01209	0.02465	0.01378	0.80476	0.07831	0.00393	0.00423	0.00553	0.00233	0.00243
24	0.14950	0.05522	0.01070	0.00892	0.01120	0.55336	0.00692	0.13737	0.01126	0.01295	0.00637	0.00720	0.00511	0.00400	0.00334	0.00105	0.00583	0.00257	0.00233	0.00479
25	0.00560	0.00409	0.00476	0.00464	0.00548	0.00385	0.00329	0.02667	0.02456	0.01220	0.31433	0.10192	0.23143	0.19512	0.00781	0.00181	0.00240	0.00709	0.03960	0.00335
26	0.03130	0.02930	0.00906	0.00636	0.00975	0.00627	0.02890	0.08295	0.00898	0.02489	0.00717	0.00820	0.00582	0.00310	0.00300	0.00068	0.00314	0.00248	0.00245	0.72619
27	0.01516	0.00643	0.00824	0.00651	0.00912	0.00591	0.00531	0.06759	0.04706	0.61427	0.01449	0.01322	0.00957	0.00476	0.00370	0.00115	0.00310	0.00385	0.15450	0.00607
28	0.00506	0.00373	0.00460	0.00495	0.00568	0.00337	0.00353	0.00612	0.00870	0.02206	0.21079	0.41769	0.24701	0.01043	0.00476	0.00142	0.00213	0.03086	0.00377	0.00335
29	0.00653	0.00563	0.00680	0.00664	0.00741	0.08236	0.00514	0.00784	0.00669	0.00917	0.00985	0.01437	0.00916	0.04153	0.69785	0.00538	0.04595	0.00398	0.02415	0.00357
30	0.00540	0.00390	0.00465	0.00458	0.00556	0.00355	0.00344	0.00690	0.00973	0.01342	0.43673	0.07278	0.26168	0.01991	0.00463	0.00129	0.00198	0.04012	0.09623	0.00350
31	0.06338	0.00995	0.02487	0.00833	0.01141	0.01048	0.00697	0.60049	0.01594	0.19343	0.01029	0.00993	0.00706	0.00461	0.00380	0.00117	0.00402	0.00349	0.00395	0.00645
32	0.00716	0.02588	0.00695	0.09475	0.00927	0.15917	0.00521	0.00846	0.00920	0.01081	0.11406	0.06426	0.36297	0.00788	0.00455	0.00129	0.02523	0.07605	0.00309	0.00373
33	0.00899	0.09853	0.01590	0.01056	0.01418	0.00848	0.36225	0.03848	0.00885	0.01257	0.00723	0.00894	0.00575	0.00315	0.00361	0.00094	0.00465	0.00331	0.00214	0.38150
34	0.03774	0.00701	0.00900	0.00686	0.00991	0.00621	0.00564	0.08324	0.01114	0.64034	0.01340	0.01199	0.00868	0.00449	0.00372	0.00111	0.00331	0.00360	0.00432	0.12827
35	0.00569	0.00428	0.00525	0.00493	0.00601	0.00402	0.00372	0.02292	0.04774	0.01488	0.64966	0.02936	0.17084	0.00807	0.00453	0.00124	0.00195	0.00703	0.00413	0.00376
36	0.00488	0.00349	0.00468	0.00558	0.00588	0.00329	0.00388	0.00567	0.00758	0.01008	0.02128	0.77563	0.02529	0.01200	0.00499	0.00160	0.00239	0.09504	0.00360	0.00319
37	0.01527	0.01001	0.01111	0.00851	0.01160	0.01076	0.00703	0.66480	0.01680	0.18830	0.01051	0.01009	0.00719	0.00468	0.00388	0.00117	0.00407	0.00357	0.00406	0.00659
38	0.00472	0.00337	0.00450	0.00540	0.00562	0.00315	0.00360	0.00540	0.00742	0.00990	0.02137	0.86122	0.02564	0.01215	0.00495	0.00157	0.00225	0.01102	0.00360	0.00315
39	0.00554	0.00415	0.00623	0.00623	0.00692	0.00485	0.00485	0.00692	0.00623	0.00900	0.01038	0.01523	0.00969	0.02908	0.84839	0.00623	0.01038	0.00415	0.00208	0.00346
40	0.10831	0.00759	0.00921	0.00714	0.01009	0.00735	0.00589	0.18846	0.01213	0.58341	0.01300	0.01165	0.00840	0.00464	0.00374	0.00119	0.00347	0.00362	0.00435	0.00635
41	0.04979	0.00953	0.01021	0.00824	0.01087	0.01054	0.00668	0.59869	0.11035	0.02144	0.01135	0.09959	0.00937	0.00557	0.00396	0.00124	0.00385	0.01891	0.00379	0.00602
42	0.89114	0.00750	0.00570	0.00510	0.00750	0.00870	0.00420	0.01140	0.00660	0.01739	0.00540	0.00630	0.00420	0.00360	0.00240	0.00120	0.00300	0.00210	0.00240	0.00420
43	0.00773	0.00752	0.01250	0.73811	0.07087	0.02954	0.05884	0.01030	0.00797	0.01020	0.00695	0.01022	0.00526	0.00382	0.00391	0.00128	0.00526	0.00349	0.00175	0.00447
44	0.00949	0.00820	0.00862	0.00777	0.00994	0.00946	0.00604	0.02016	0.80848	0.01605	0.01647	0.01513	0.03599	0.00539	0.00396	0.00131	0.00304	0.00449	0.00393	0.00605
45	0.00992	0.00847	0.00892	0.00795	0.01019	0.00977	0.00620	0.06500	0.78771	0.01667	0.01542	0.01418	0.01155	0.00523	0.00394	0.00131	0.00313	0.00433	0.00394	0.00616
46	0.89114	0.00750	0.00570	0.00510	0.00750	0.00870	0.00420	0.01140	0.00660	0.01739	0.00540	0.00630	0.00420	0.00360	0.00240	0.00120	0.00300	0.00210	0.00240	0.00420
47	0.00656	0.00403	0.00460	0.00447	0.00542	0.00398	0.00334	0.00888	0.05981	0.01480	0.34720	0.05892	0.02156	0.00629	0.00364	0.00109	0.00191	0.00537	0.43435	0.00377
48	0.00739	0.00501	0.00624	0.00552	0.00684	0.00486	0.00426	0.11441	0.01192	0.06541	0.68151	0.02548	0.03110	0.00732	0.00444	0.00121	0.00223	0.00637	0.00425	0.00421
49	0.00505	0.00374	0.00471	0.00491	0.00563	0.00340	0.00351	0.00630	0.00929	0.01258	0.39739	0.33961	0.16996	0.00982	0.00471	0.00137	0.00201	0.00870	0.00390	0.00340
50	0.01072	0.74140	0.05361	0.00706	0.01045	0.01473	0.00703	0.09697	0.00897	0.01086	0.00587	0.00662	0.00514	0.00347	0.00268	0.00088	0.00422	0.00225	0.00189	0.00518
51	0.01019	0.00651	0.00698	0.00586	0.00768	0.00686	0.00467	0.31884	0.01232	0.04760	0.07891	0.01456	0.04481	0.00507	0.00342	0.00105	0.00280	0.00404	0.41299	0.00484
52	0.89114	0.00750	0.00570	0.00510	0.00750	0.00870	0.00420	0.01140	0.00660	0.01739	0.00540	0.00630	0.00420	0.00360	0.00240	0.00120	0.00300	0.00210	0.00240	0.00420
53	0.00972	0.63079	0.16104	0.00776	0.01115	0.01389	0.00815	0.01149	0.00773	0.00969	0.00563	0.00679	0.00498	0.00374	0.00376	0.00099	0.09368	0.00235	0.00166	0.00503
54	0.76236	0.00795	0.04070	0.09427	0.00989	0.00870	0.00530	0.01128	0.00678	0.01640	0.00562	0.00680	0.00433	0.00363	0.00261	0.00121	0.00334	0.00227	0.00230	0.00427
55	0.09887	0.00446	0.00553	0.00524	0.00634	0.00460	0.00404	0.00825	0.00886	0.04760	0.39043	0.02070	0.03105	0.01316	0.24802	0.00264	0.00448	0.00524	0.08671	0.00377
56	0.00964	0.00685	0.00717	0.00620	0.00808	0.00744	0.00489	0.23828	0.21967	0.01725	0.01530	0.01542	0.09619	0.00530	0.00354	0.00112	0.00282	0.00425	0.32553	0.00504
57	0.10223	0.00820	0.01008	0.00847	0.00984	0.01005	0.02731	0.17485	0.08736	0.03571	0.02313	0.01028	0.00722	0.00649	0.04194	0.00159	0.35374	0.00353	0.07311	0.00488
58	0.00958	0.00673	0.00755	0.00636	0.00835	0.00689	0.00505	0.26271	0.08840	0.09133	0.23899	0.02214	0.21609	0.00684	0.00424	0.00123	0.00286	0.00568	0.00400	0.00497
59	0.00698	0.00499	0.00609	0.00555	0.00685	0.00494	0.00424	0.03066	0.14627	0.05809	0.61258	0.02555	0.05722	0.00731	0.00442	0.00124	0.00217	0.00637	0.00421	0.00428
60	0.00821	0.00704	0.00812	0.00597	0.00928	0.00564	0.00476	0.01090	0.09437	0.01301	0.00782	0.00871	0.00638	0.00312	0.00298	0.00065	0.00289	0.00252	0.00247	0.79518
61	0.00540	0.00409	0.00494	0.00468	0.00575	0.00371	0.00352	0.02259	0.01050	0.01425	0.59091	0.03099	0.26759	0.00841	0.00456	0.00124	0.00191	0.00728	0.00407	0.00360
62	0.00549	0.00408	0.00575	0.00574	0.00646	0.00454	0.00438	0.00675	0.00665	0.00938	0.03827	0.01867	0.09754	0.08628	0.65368	0.00525	0.00855	0.00475	0.02442	0.00337
63	0.00918	0.36675	0.40808	0.00965	0.01411	0.03979	0.07957	0.01212	0.00823	0.01090	0.00636	0.00753	0.00502	0.00351	0.00326	0.00106	0.00519	0.00267	0.00169	0.00534
64	0.89114	0.00750	0.00570	0.00510	0.00750	0.00870	0.00420	0.01140	0.00660	0.01739	0.00540	0.00630	0.00420	0.00360	0.00240	0.00120	0.00300	0.00210	0.00240	0.00420
65	0.00565	0.00385	0.00465	0.00478	0.00495	0.00391	0.00306	0.00600	0.00612	0.00819	0.01331	0.06289	0.01503	0.65561	0.09855	0.00370	0.00432	0.09031	0.00250	0.00262
66	0.03063	0.00806	0.00926	0.00736	0.01005	0.00827	0.00600	0.32528	0.10157	0.31080	0.04317	0.01477	0.09623	0.00540	0.00396	0.00121	0.00345	0.00431	0.00417	0.00605
67	0.00484	0.00355	0.00455	0.00514	0.00563	0.00326	0.00355	0.00575	0.00818	0.01086	0.14805	0.60916	0.14058	0.01116	0.00485	0.00149	0.00216	0.02032	0.00370	0.00325
68	0.10164	0.00779	0.00852	0.00717	0.05831	0.05129	0.00530	0.02719	0.03565	0.06184	0.00769	0.01694	0.00621	0.00336	0.00305	0.00078	0.00326	0.00263	0.00251	0.58890
69	0.25458	0.00931	0.00905	0.00729	0.01008	0.06595	0.00593	0.30159	0.07080	0.13500	0.00909	0.00912	0.00655	0.00422	0.00336	0.00112	0.00375	0.00305	0.00333	0.08681
70	0.01506	0.00959	0.01073	0.00829	0.01129	0.01023	0.00683	0.58460	0.04519	0.22410	0.01107	0.01054	0.00758	0.00471	0.00386	0.00117	0.00394	0.00362	0.02108	0.00652
71	0.00599	0.00482	0.00533	0.03031	0.00700	0.00453	0.00413	0.09207	0.00987	0.01225	0.05926	0.03420	0.58388	0.00916	0.00460	0.00136	0.00252	0.12141	0.00359	0.00371

[dist]
# distance from previous block
# <min> <max>
0	1

[block]
# block no. 1 follows, 70 sequences, length 18
# corresponding to MSA columns:
# 224-241
name=unknown_B
#
# <colnr> <probs for GDERKNQSTAVLIFYWHMCP>
#	G	D	E	R	K	N	Q	S	T	A	V	L	I	F	Y	W	H	M	C	P
0	0.00718	0.00673	0.01107	0.70188	0.08215	0.00807	0.00999	0.00957	0.00795	0.01016	0.01048	0.01325	0.09678	0.00450	0.00395	0.00128	0.00478	0.00397	0.00194	0.00432
1	0.00648	0.00489	0.00590	0.00607	0.00730	0.00477	0.00500	0.09696	0.00984	0.01257	0.03997	0.10067	0.29769	0.00980	0.00489	0.00153	0.00297	0.37530	0.00363	0.00377
2	0.01134	0.61720	0.04609	0.00765	0.01071	0.23120	0.00712	0.01264	0.00869	0.00932	0.00560	0.00649	0.00498	0.00351	0.00279	0.00089	0.00494	0.00221	0.00175	0.00488
3	0.00540	0.00434	0.00479	0.00474	0.00586	0.00406	0.00348	0.00755	0.09944	0.01185	0.19008	0.12788	0.44418	0.06220	0.00549	0.00147	0.00220	0.00771	0.00369	0.00359
4	0.43027	0.00702	0.00744	0.00605	0.00876	0.00712	0.00499	0.01535	0.00897	0.45247	0.01062	0.00994	0.00705	0.00423	0.00319	0.00120	0.00316	0.00305	0.00366	0.00546
5	0.89114	0.00750	0.00570	0.00510	0.00750	0.00870	0.00420	0.01140	0.00660	0.01739	0.00540	0.00630	0.00420	0.00360	0.00240	0.00120	0.00300	0.00210	0.00240	0.00420
6	0.02193	0.00714	0.01098	0.66668	0.02288	0.00858	0.00964	0.09994	0.00905	0.04455	0.00833	0.01097	0.02247	0.00414	0.00383	0.00126	0.00477	0.00355	0.03470	0.00460
7	0.01107	0.75092	0.03921	0.00677	0.01011	0.01413	0.00672	0.01243	0.00824	0.10077	0.00652	0.00703	0.00548	0.00349	0.00267	0.00088	0.00409	0.00229	0.00200	0.00517
8	0.00489	0.00394	0.00437	0.00432	0.00548	0.00341	0.00326	0.00614	0.00944	0.01198	0.27255	0.05260	0.56412	0.00934	0.00461	0.00130	0.00197	0.02910	0.00380	0.00339
9	0.01002	0.00851	0.00898	0.00797	0.01022	0.00982	0.00623	0.07969	0.77286	0.01682	0.01530	0.01409	0.01145	0.00522	0.00394	0.00130	0.00316	0.00432	0.00394	0.00617
10	0.00914	0.07301	0.45390	0.11725	0.07724	0.10169	0.03614	0.02548	0.01953	0.02820	0.00708	0.00857	0.00529	0.00379	0.00379	0.00119	0.01847	0.00300	0.00185	0.00539
11	0.00871	0.00946	0.05717	0.01128	0.01366	0.05598	0.33513	0.04238	0.09907	0.01193	0.00994	0.08586	0.00897	0.08327	0.04054	0.00177	0.11295	0.00480	0.00239	0.00473
12	0.00537	0.00366	0.00492	0.00563	0.00608	0.00344	0.00401	0.00631	0.00802	0.03585	0.08813	0.66098	0.02562	0.01139	0.00494	0.00156	0.00242	0.11464	0.00369	0.00335
13	0.01009	0.00904	0.01755	0.01293	0.01616	0.00858	0.53245	0.08818	0.01010	0.11574	0.03593	0.10477	0.00952	0.00471	0.00447	0.00131	0.00531	0.00517	0.00274	0.00525
14	0.00697	0.09937	0.00704	0.00550	0.00634	0.02032	0.00394	0.05807	0.02348	0.02813	0.04568	0.24906	0.03072	0.34502	0.04059	0.00245	0.01452	0.00648	0.00286	0.00345
15	0.00845	0.03841	0.08808	0.00958	0.01171	0.15704	0.19438	0.04011	0.00894	0.01116	0.01269	0.31937	0.01335	0.00743	0.01851	0.00142	0.02161	0.03079	0.00264	0.00433
16	0.00474	0.00364	0.00436	0.00489	0.00556	0.00325	0.00344	0.00560	0.00810	0.01033	0.05054	0.49952	0.33249	0.01110	0.00481	0.00147	0.00217	0.03712	0.00362	0.00322
17	0.00709	0.00648	0.01088	0.66271	0.02275	0.00778	0.03745	0.00948	0.00794	0.01022	0.00960	0.06257	0.00868	0.00525	0.00416	0.00138	0.00483	0.11449	0.00209	0.00417

[dist]
# distance from previous block
# <min> <max>
3	9

[block]
# block no. 2 follows, 70 sequences, length 25
# corresponding to MSA columns:
# 251-275
name=unknown_C
#
# <colnr> <probs for GDERKNQSTAVLIFYWHMCP>
#	G	D	E	R	K	N	Q	S	T	A	V	L	I	F	Y	W	H	M	C	P
0	0.00585	0.00460	0.00631	0.00700	0.08363	0.00455	0.00475	0.00771	0.03419	0.01263	0.35504	0.07921	0.14610	0.01254	0.18176	0.00233	0.00404	0.04051	0.00341	0.00383
1	0.01093	0.00739	0.00861	0.00721	0.00918	0.01868	0.02503	0.32745	0.05190	0.11371	0.04606	0.12215	0.03274	0.06227	0.03879	0.04885	0.00381	0.01784	0.04237	0.00504
2	0.00525	0.00508	0.08265	0.00604	0.00683	0.00389	0.00481	0.00636	0.00753	0.01014	0.01926	0.62744	0.02249	0.07356	0.00596	0.00173	0.00283	0.10146	0.00332	0.00338
3	0.04404	0.00891	0.01137	0.02565	0.03494	0.12007	0.18313	0.14811	0.02744	0.01291	0.01026	0.09390	0.00973	0.14723	0.07863	0.00209	0.01696	0.01755	0.00259	0.00449
4	0.09489	0.00991	0.01036	0.00831	0.01111	0.01111	0.00676	0.54808	0.22205	0.02171	0.01057	0.01033	0.00769	0.00471	0.00376	0.00120	0.00385	0.00359	0.00376	0.00626
5	0.01421	0.01106	0.01266	0.00964	0.01279	0.03849	0.08339	0.72511	0.01715	0.02284	0.00907	0.00934	0.00648	0.00450	0.00393	0.00117	0.00456	0.00356	0.00364	0.00640
6	0.04583	0.01086	0.01085	0.00854	0.01146	0.11020	0.00696	0.54823	0.02771	0.16554	0.00992	0.00968	0.00692	0.00457	0.00379	0.00115	0.00436	0.00341	0.00376	0.00625
7	0.08996	0.05207	0.73351	0.01032	0.01565	0.00922	0.01308	0.01217	0.00803	0.01263	0.00675	0.00793	0.00485	0.00366	0.00352	0.00121	0.00541	0.00276	0.00171	0.00556
8	0.00655	0.00569	0.00890	0.19676	0.11284	0.00604	0.06141	0.00795	0.00755	0.01001	0.01472	0.20676	0.08967	0.18237	0.00783	0.00188	0.03407	0.03266	0.00254	0.00381
9	0.00803	0.10192	0.76399	0.01062	0.01612	0.00962	0.01358	0.01221	0.00816	0.01197	0.00681	0.00799	0.00492	0.00365	0.00357	0.00119	0.00558	0.00279	0.00164	0.00566
10	0.00466	0.00379	0.00413	0.00435	0.00536	0.00326	0.00315	0.00561	0.00858	0.01057	0.07336	0.24632	0.59272	0.01032	0.00467	0.00137	0.00203	0.00885	0.00363	0.00326
11	0.00633	0.00416	0.00536	0.00495	0.00606	0.00378	0.00375	0.00805	0.01078	0.07912	0.69965	0.02851	0.10896	0.00786	0.00452	0.00123	0.00196	0.00688	0.00425	0.00385
12	0.00750	0.00717	0.01240	0.77856	0.05514	0.00870	0.05596	0.01012	0.00787	0.01014	0.00696	0.01032	0.00524	0.00383	0.00391	0.00129	0.00522	0.00351	0.00174	0.00442
13	0.00963	0.00847	0.01919	0.00792	0.00979	0.08490	0.04316	0.19174	0.19034	0.02573	0.01591	0.15599	0.09504	0.00690	0.00470	0.00134	0.05095	0.05566	0.01768	0.00496
14	0.00491	0.00397	0.00442	0.00465	0.00577	0.00348	0.00360	0.00603	0.00880	0.01079	0.06270	0.11407	0.59535	0.01012	0.00475	0.00141	0.00226	0.14599	0.00362	0.00333
15	0.00960	0.00921	0.01574	0.02380	0.83957	0.00921	0.01190	0.01190	0.00883	0.01267	0.00729	0.00960	0.00614	0.00345	0.00384	0.00115	0.00461	0.00345	0.00192	0.00614
16	0.00778	0.02005	0.84367	0.01105	0.01678	0.00900	0.01432	0.01228	0.00818	0.01228	0.00696	0.00818	0.00491	0.00368	0.00368	0.00123	0.00573	0.00286	0.00164	0.00573
17	0.00919	0.00887	0.01436	0.25921	0.46701	0.03226	0.05968	0.03397	0.05450	0.01229	0.00770	0.01005	0.00614	0.00371	0.00389	0.00121	0.00485	0.00354	0.00203	0.00553
18	0.03337	0.00578	0.00663	0.05282	0.00829	0.04308	0.00481	0.05569	0.03776	0.15352	0.11710	0.12570	0.03350	0.02909	0.03957	0.00149	0.01637	0.03100	0.20005	0.00437
19	0.04675	0.00466	0.00438	0.00418	0.00530	0.03124	0.00319	0.05465	0.00871	0.01498	0.01193	0.01357	0.00934	0.00447	0.00279	0.00093	0.00216	0.00350	0.76943	0.00383
20	0.00579	0.00438	0.00617	0.04155	0.00716	0.00500	0.00456	0.00690	0.00657	0.00930	0.08727	0.01844	0.01284	0.23072	0.48578	0.00471	0.05256	0.00472	0.00231	0.00328
21	0.00517	0.00384	0.00482	0.00484	0.00569	0.00349	0.00355	0.00660	0.00980	0.01336	0.50553	0.20451	0.18356	0.00920	0.00466	0.00132	0.00197	0.02060	0.00399	0.00348
22	0.01483	0.04314	0.01060	0.00798	0.01082	0.07266	0.00655	0.41480	0.02294	0.28647	0.02013	0.02899	0.00826	0.00480	0.00380	0.00115	0.00400	0.00370	0.02820	0.00618
23	0.00937	0.02057	0.03350	0.03273	0.32365	0.02239	0.00796	0.04911	0.08179	0.09008	0.03661	0.12255	0.05691	0.00537	0.00394	0.00118	0.00371	0.00476	0.00286	0.09096
24	0.01112	0.61950	0.04245	0.00786	0.03255	0.12036	0.00716	0.07755	0.03097	0.01077	0.00615	0.00693	0.00532	0.00358	0.00284	0.00091	0.00455	0.00236	0.00195	0.00513

[dist]
# distance from previous block
# <min> <max>
8	33

[block]
# block no. 3 follows, 70 sequences, length 13
# corresponding to MSA columns:
# 309-321
name=unknown_D
#
# <colnr> <probs for GDERKNQSTAVLIFYWHMCP>
#	G	D	E	R	K	N	Q	S	T	A	V	L	I	F	Y	W	H	M	C	P
0	0.01138	0.03774	0.08910	0.07654	0.05012	0.04034	0.00766	0.26713	0.18963	0.08996	0.01170	0.03648	0.02854	0.00486	0.00381	0.00120	0.00403	0.00391	0.04008	0.00577
1	0.01052	0.03551	0.13059	0.04263	0.10506	0.03844	0.05163	0.11588	0.22776	0.02798	0.06393	0.02806	0.04591	0.00586	0.00457	0.00145	0.01643	0.03842	0.00335	0.00600
2	0.00559	0.00392	0.00504	0.00502	0.00533	0.00416	0.00336	0.00622	0.00616	0.00853	0.05817	0.02175	0.01371	0.50099	0.33101	0.00455	0.00615	0.00516	0.00235	0.00284
3	0.00911	0.00862	0.01427	0.08175	0.62966	0.00872	0.03020	0.01189	0.05771	0.01265	0.02754	0.03484	0.00766	0.00392	0.00387	0.00116	0.00439	0.00378	0.00215	0.04612
4	0.00472	0.00337	0.00450	0.00540	0.00562	0.00315	0.00360	0.00540	0.00742	0.00990	0.02137	0.86122	0.02564	0.01215	0.00495	0.00157	0.00225	0.01102	0.00360	0.00315
5	0.00804	0.00689	0.00804	0.00574	0.00919	0.00517	0.00459	0.00976	0.00804	0.01263	0.00689	0.00804	0.00574	0.00287	0.00287	0.00057	0.00287	0.00230	0.00230	0.88745
6	0.01036	0.86609	0.02032	0.00663	0.00995	0.01534	0.00663	0.01161	0.00788	0.00912	0.00539	0.00622	0.00498	0.00332	0.00249	0.00083	0.00415	0.00207	0.00166	0.00498
7	0.84603	0.05147	0.00645	0.00518	0.00762	0.00904	0.00432	0.01141	0.00666	0.01697	0.00540	0.00629	0.00424	0.00358	0.00240	0.00118	0.00306	0.00210	0.00236	0.00424
8	0.00951	0.00941	0.01491	0.07478	0.47216	0.04203	0.08105	0.03780	0.00853	0.01198	0.00684	0.00936	0.00579	0.00426	0.00586	0.00129	0.19352	0.00350	0.00193	0.00547
9	0.00776	0.04079	0.14153	0.00777	0.03430	0.03739	0.04868	0.05051	0.10157	0.01335	0.14510	0.02057	0.10460	0.04901	0.00483	0.00137	0.00360	0.08669	0.09607	0.00452
10	0.00474	0.00372	0.00429	0.00460	0.00545	0.00327	0.00328	0.00570	0.00854	0.01083	0.12394	0.35164	0.43525	0.01049	0.00472	0.00140	0.00206	0.00913	0.00368	0.00327
11	0.00910	0.04976	0.22418	0.08073	0.14095	0.07266	0.11473	0.03289	0.11250	0.01244	0.02898	0.01073	0.02365	0.00468	0.01923	0.00132	0.05028	0.00362	0.00222	0.00534
12	0.00486	0.00365	0.00444	0.00482	0.00546	0.00331	0.00335	0.00578	0.00833	0.01089	0.16461	0.43618	0.25998	0.05889	0.00561	0.00156	0.00218	0.00922	0.00364	0.00323

[dist]
# distance from previous block
# <min> <max>
0	1

[block]
# block no. 4 follows, 70 sequences, length 69
# corresponding to MSA columns:
# 323-391
name=unknown_E
#
# <colnr> <probs for GDERKNQSTAVLIFYWHMCP>
#	G	D	E	R	K	N	Q	S	T	A	V	L	I	F	Y	W	H	M	C	P
0	0.61958	0.07654	0.03440	0.00697	0.05324	0.02903	0.00556	0.09841	0.02084	0.01687	0.00614	0.00699	0.00478	0.00372	0.00273	0.00116	0.00349	0.00239	0.00246	0.00470
1	0.01162	0.05408	0.04165	0.01058	0.11577	0.17110	0.08680	0.09851	0.02159	0.14602	0.08715	0.01139	0.00940	0.00495	0.02590	0.00122	0.00473	0.00362	0.00287	0.09106
2	0.06865	0.13402	0.46888	0.00919	0.01360	0.00974	0.01057	0.08187	0.05300	0.07938	0.03088	0.00918	0.00663	0.00400	0.00350	0.00117	0.00476	0.00303	0.00233	0.00563
3	0.00734	0.00682	0.01162	0.47022	0.16511	0.00767	0.06302	0.00955	0.00802	0.01062	0.01011	0.16352	0.00967	0.00549	0.00416	0.00134	0.00458	0.03452	0.00218	0.00446
4	0.00663	0.00456	0.00544	0.00515	0.00557	0.00486	0.00343	0.07990	0.00693	0.00953	0.01120	0.02076	0.01194	0.55541	0.14910	0.05070	0.02713	0.00496	0.03385	0.00297
5	0.00792	0.00803	0.05293	0.65634	0.03735	0.00874	0.11342	0.01081	0.02439	0.03233	0.00742	0.01039	0.00551	0.00384	0.00396	0.00129	0.00527	0.00359	0.00188	0.00462
6	0.04699	0.00749	0.00915	0.00705	0.01001	0.00707	0.00578	0.18336	0.03437	0.48621	0.04331	0.01212	0.00936	0.00461	0.00374	0.00112	0.00337	0.00368	0.00416	0.11703
7	0.00933	0.00732	0.00831	0.00635	0.00939	0.00654	0.00507	0.08899	0.15329	0.05223	0.00937	0.00987	0.00729	0.00363	0.00319	0.00081	0.00300	0.00292	0.05108	0.56201
8	0.00778	0.02005	0.84367	0.01105	0.01678	0.00900	0.01432	0.01228	0.00818	0.01228	0.00696	0.00818	0.00491	0.00368	0.00368	0.00123	0.00573	0.00286	0.00164	0.00573
9	0.00491	0.00389	0.00420	0.00429	0.00543	0.00332	0.00315	0.00590	0.00876	0.02734	0.08051	0.17699	0.63777	0.01001	0.00463	0.00135	0.00203	0.00852	0.00366	0.00334
10	0.00488	0.00353	0.00471	0.00551	0.00587	0.00335	0.00385	0.00570	0.00755	0.01002	0.02157	0.70974	0.06352	0.01282	0.04978	0.00183	0.00278	0.07627	0.00352	0.00321
11	0.00563	0.00377	0.00430	0.00430	0.00432	0.00380	0.00244	0.00568	0.00566	0.00757	0.01215	0.02501	0.01394	0.83401	0.04926	0.00385	0.00399	0.00558	0.00234	0.00239
12	0.01214	0.03155	0.04103	0.04839	0.02602	0.40612	0.25930	0.09663	0.01079	0.01205	0.00696	0.00851	0.00545	0.00383	0.00397	0.00114	0.01567	0.00330	0.00214	0.00499
13	0.00804	0.00689	0.00804	0.00574	0.00919	0.00517	0.00459	0.00976	0.00804	0.01263	0.00689	0.00804	0.00574	0.00287	0.00287	0.00057	0.00287	0.00230	0.00230	0.88745
14	0.00911	0.05726	0.21333	0.03621	0.01723	0.00951	0.43477	0.05869	0.00936	0.03458	0.03847	0.03472	0.00740	0.00398	0.00431	0.00126	0.01816	0.00419	0.00217	0.00529
15	0.00669	0.00463	0.00585	0.00637	0.05064	0.00435	0.00432	0.06521	0.00903	0.07741	0.05400	0.45979	0.21709	0.00985	0.00463	0.00142	0.00252	0.00869	0.00365	0.00387
16	0.00531	0.00402	0.00442	0.00436	0.00546	0.00357	0.00321	0.00628	0.00848	0.03641	0.09463	0.03331	0.55942	0.13640	0.04733	0.00191	0.00272	0.03603	0.00343	0.00329
17	0.83582	0.00760	0.00600	0.00529	0.00773	0.00874	0.00436	0.04198	0.00715	0.03903	0.00580	0.00659	0.00443	0.00367	0.00249	0.00120	0.00305	0.00220	0.00252	0.00435
18	0.01078	0.06681	0.02181	0.00753	0.00972	0.02197	0.00615	0.41403	0.02277	0.01755	0.05529	0.12370	0.03039	0.03389	0.04533	0.00152	0.04196	0.00472	0.02767	0.03641
19	0.08819	0.01847	0.72776	0.01041	0.01571	0.00912	0.01307	0.05129	0.00852	0.01332	0.00693	0.00807	0.00493	0.00372	0.00358	0.00122	0.00541	0.00283	0.00181	0.00563
20	0.02954	0.05297	0.14375	0.00719	0.00936	0.05672	0.00649	0.15079	0.02117	0.04328	0.04056	0.01417	0.00959	0.16806	0.18208	0.00267	0.00554	0.00392	0.04767	0.00449
21	0.03204	0.14012	0.08094	0.00748	0.01033	0.07742	0.06540	0.08330	0.00952	0.01290	0.07726	0.05463	0.07542	0.00493	0.00356	0.00102	0.00386	0.02283	0.01556	0.22148
22	0.41501	0.00878	0.00825	0.00662	0.00943	0.02858	0.00542	0.28627	0.01088	0.01872	0.00700	0.00765	0.00530	0.00383	0.00301	0.00107	0.00350	0.00261	0.00287	0.16521
23	0.00491	0.00375	0.00451	0.00473	0.00554	0.00335	0.00339	0.00604	0.00900	0.01182	0.27701	0.32114	0.31071	0.01005	0.00471	0.00137	0.00202	0.00881	0.00380	0.00335
24	0.00969	0.04050	0.01315	0.00978	0.01217	0.03950	0.16512	0.13118	0.00923	0.01310	0.00680	0.00872	0.00564	0.00444	0.00631	0.00116	0.26020	0.00324	0.00225	0.25780
25	0.00930	0.23749	0.41480	0.02286	0.05445	0.01929	0.09346	0.04833	0.02418	0.03122	0.00711	0.00827	0.00540	0.00364	0.00349	0.00113	0.00518	0.00294	0.00191	0.00554
26	0.00680	0.00428	0.00561	0.00599	0.00699	0.00398	0.00475	0.00805	0.00869	0.11033	0.02349	0.30028	0.16617	0.01030	0.00491	0.00156	0.00283	0.31752	0.00373	0.00375
27	0.00636	0.00425	0.00488	0.00492	0.00594	0.00411	0.00366	0.00860	0.08608	0.03904	0.15808	0.21186	0.18370	0.00815	0.00414	0.00127	0.00217	0.03569	0.22334	0.00378
28	0.00854	0.00601	0.00776	0.00736	0.03773	0.01351	0.02800	0.13824	0.03968	0.08225	0.05806	0.08935	0.05337	0.11331	0.15001	0.03550	0.02029	0.10360	0.00316	0.00427
29	0.00921	0.06689	0.18354	0.02152	0.04349	0.17363	0.25222	0.01154	0.00880	0.01100	0.00923	0.14477	0.00863	0.00525	0.00440	0.02894	0.00544	0.00460	0.00213	0.00475
30	0.01508	0.00962	0.01076	0.00830	0.01131	0.01027	0.00684	0.59378	0.03877	0.22066	0.01099	0.01049	0.00753	0.00470	0.00386	0.00117	0.00395	0.00362	0.02177	0.00652
31	0.00485	0.00402	0.00422	0.00418	0.00542	0.00345	0.00313	0.01833	0.00919	0.01129	0.13663	0.06715	0.69554	0.00959	0.00458	0.00131	0.00199	0.00807	0.00369	0.00337
32	0.02917	0.01673	0.02224	0.05374	0.02797	0.09978	0.06422	0.23719	0.03710	0.11590	0.01077	0.04515	0.00913	0.00631	0.00543	0.09152	0.02672	0.09281	0.00309	0.00503
33	0.04074	0.00891	0.01452	0.14443	0.63882	0.00928	0.01118	0.06252	0.00918	0.01316	0.00729	0.00957	0.00596	0.00360	0.00380	0.00117	0.00461	0.00341	0.00203	0.00583
34	0.00826	0.00588	0.00679	0.00613	0.00772	0.01589	0.00472	0.02548	0.26921	0.10586	0.38370	0.05368	0.07686	0.00693	0.00429	0.00126	0.00250	0.00596	0.00412	0.00477
35	0.05287	0.77983	0.01912	0.00674	0.00994	0.05927	0.00656	0.01180	0.00798	0.00954	0.00542	0.00626	0.00494	0.00337	0.00254	0.00086	0.00424	0.00210	0.00171	0.00491
36	0.00549	0.00414	0.00515	0.00550	0.00626	0.00404	0.00400	0.02325	0.06493	0.01152	0.12976	0.44404	0.15349	0.01140	0.04959	0.00172	0.00277	0.06575	0.00363	0.00355
37	0.00986	0.72292	0.10922	0.00709	0.01051	0.02340	0.00734	0.01143	0.00792	0.00951	0.00633	0.04749	0.00596	0.00379	0.00275	0.00091	0.00426	0.00259	0.00175	0.00496
38	0.00488	0.00356	0.00465	0.00536	0.00578	0.00325	0.00362	0.00561	0.00750	0.01005	0.02131	0.79114	0.05340	0.01162	0.00484	0.00152	0.00227	0.01050	0.00354	0.04561
39	0.00732	0.00689	0.01163	0.85444	0.02670	0.00861	0.01077	0.00991	0.00775	0.00991	0.00689	0.01034	0.00517	0.00388	0.00388	0.00129	0.00517	0.00345	0.00172	0.00431
40	0.08960	0.00858	0.00973	0.02516	0.05907	0.04983	0.03518	0.16684	0.07692	0.04435	0.00853	0.02589	0.00677	0.00384	0.00335	0.00094	0.00365	0.00309	0.00279	0.37589
41	0.02891	0.00916	0.05762	0.07821	0.11472	0.03006	0.17298	0.09932	0.12928	0.04677	0.02805	0.03416	0.04467	0.00478	0.00404	0.00123	0.00442	0.04003	0.00279	0.06883
42	0.00483	0.00344	0.00455	0.00539	0.00563	0.00323	0.00362	0.00551	0.00737	0.00982	0.02080	0.78168	0.02484	0.06208	0.00583	0.00171	0.00239	0.04062	0.00352	0.00312
43	0.00547	0.00383	0.00523	0.00546	0.00583	0.00407	0.00385	0.00614	0.00634	0.00874	0.01343	0.21348	0.01466	0.24266	0.36177	0.06033	0.00615	0.02705	0.00251	0.00299
44	0.03054	0.01288	0.21810	0.02318	0.04735	0.02698	0.23008	0.31512	0.01228	0.03351	0.00820	0.00933	0.00593	0.00395	0.00398	0.00122	0.00527	0.00359	0.00266	0.00587
45	0.01395	0.04645	0.01145	0.03124	0.01219	0.44643	0.00742	0.30625	0.06161	0.01524	0.00776	0.00832	0.00597	0.00428	0.00363	0.00108	0.00563	0.00297	0.00277	0.00536
46	0.00470	0.00391	0.00411	0.00416	0.00536	0.00332	0.00311	0.00574	0.00891	0.01084	0.09741	0.08854	0.70918	0.00984	0.00462	0.00133	0.00201	0.02597	0.00365	0.00330
47	0.00525	0.00404	0.00483	0.00482	0.00578	0.00372	0.00354	0.00702	0.04729	0.01293	0.39793	0.18833	0.28190	0.00919	0.00462	0.00132	0.00201	0.00801	0.00392	0.00356
48	0.00477	0.00339	0.00449	0.00534	0.00556	0.00318	0.00354	0.00541	0.00734	0.00979	0.02094	0.82250	0.02511	0.05160	0.00563	0.00168	0.00232	0.01077	0.00354	0.00311
49	0.01465	0.01035	0.01095	0.00852	0.01146	0.04442	0.00699	0.65274	0.03557	0.11812	0.01014	0.00997	0.00712	0.00465	0.00383	0.00116	0.00415	0.00352	0.03532	0.00639
50	0.89114	0.00750	0.00570	0.00510	0.00750	0.00870	0.00420	0.01140	0.00660	0.01739	0.00540	0.00630	0.00420	0.00360	0.00240	0.00120	0.00300	0.00210	0.00240	0.00420
51	0.89114	0.00750	0.00570	0.00510	0.00750	0.00870	0.00420	0.01140	0.00660	0.01739	0.00540	0.00630	0.00420	0.00360	0.00240	0.00120	0.00300	0.00210	0.00240	0.00420
52	0.01208	0.01083	0.00991	0.00845	0.01086	0.16327	0.00666	0.27907	0.39097	0.01757	0.01180	0.01144	0.00883	0.00481	0.00380	0.00119	0.00413	0.00372	0.03472	0.00589
53	0.01001	0.00851	0.00897	0.00796	0.01022	0.00981	0.00623	0.07893	0.77364	0.01681	0.01531	0.01409	0.01146	0.00522	0.00394	0.00130	0.00315	0.00432	0.00394	0.00617
54	0.00589	0.00437	0.00569	0.00636	0.00710	0.00438	0.00498	0.00812	0.09223	0.01143	0.04321	0.39266	0.03462	0.01068	0.00500	0.00162	0.00288	0.35149	0.00364	0.00365
55	0.00536	0.00393	0.00462	0.00498	0.00549	0.00381	0.00334	0.00662	0.06144	0.00988	0.02142	0.39309	0.16431	0.24803	0.00890	0.00211	0.00269	0.02607	0.02074	0.00316
56	0.00901	0.00830	0.01380	0.24599	0.41986	0.00849	0.06241	0.02324	0.00864	0.03303	0.00740	0.00973	0.00590	0.00353	0.00377	0.00112	0.00461	0.00338	0.00202	0.12579
57	0.62845	0.01079	0.00728	0.00656	0.00884	0.26025	0.00519	0.01262	0.00791	0.01502	0.00558	0.00651	0.00444	0.00372	0.00273	0.00114	0.00420	0.00222	0.00228	0.00429
58	0.00561	0.00379	0.00438	0.00441	0.00449	0.00381	0.00260	0.00575	0.00582	0.00777	0.01285	0.03996	0.02604	0.77360	0.06297	0.00377	0.00405	0.02344	0.00240	0.00246
59	0.84957	0.03079	0.00605	0.00511	0.00750	0.00878	0.00424	0.01135	0.00666	0.01711	0.00554	0.00646	0.00433	0.00361	0.00241	0.00118	0.00301	0.00213	0.01996	0.00421
60	0.01089	0.48376	0.08875	0.00792	0.01112	0.10700	0.02961	0.12404	0.03566	0.01219	0.05074	0.00848	0.00711	0.00391	0.00311	0.00098	0.00453	0.00279	0.00222	0.00518
61	0.00732	0.00689	0.01163	0.85444	0.02670	0.00861	0.01077	0.00991	0.00775	0.00991	0.00689	0.01034	0.00517	0.00388	0.00388	0.00129	0.00517	0.00345	0.00172	0.00431
62	0.00518	0.00375	0.00493	0.00571	0.00615	0.00360	0.00411	0.00635	0.03023	0.01046	0.03895	0.62457	0.04700	0.03361	0.00536	0.00165	0.00254	0.15899	0.00358	0.00330
63	0.00501	0.00373	0.00470	0.00536	0.00586	0.00353	0.00371	0.00629	0.04739	0.01053	0.05381	0.66098	0.13012	0.01132	0.00485	0.00152	0.00227	0.03203	0.00364	0.00334
64	0.03128	0.01109	0.05696	0.01325	0.21947	0.14023	0.07974	0.15305	0.08764	0.02487	0.01623	0.01008	0.01777	0.00470	0.00507	0.02966	0.08743	0.00353	0.00251	0.00543
65	0.00813	0.13458	0.73221	0.01045	0.01585	0.00986	0.01328	0.01219	0.00814	0.01185	0.00675	0.00792	0.00492	0.00363	0.00352	0.00117	0.00552	0.00276	0.00164	0.00563
66	0.00504	0.00364	0.00470	0.00547	0.00589	0.00346	0.00383	0.00614	0.03011	0.01037	0.02204	0.69562	0.07550	0.01149	0.00487	0.00155	0.00235	0.07790	0.02672	0.00329
67	0.00884	0.06637	0.09264	0.17797	0.43847	0.00936	0.09988	0.01139	0.00849	0.01176	0.00756	0.03611	0.00635	0.00380	0.00386	0.00119	0.00492	0.00367	0.00190	0.00548
68	0.08150	0.05478	0.03626	0.03307	0.19135	0.05881	0.03381	0.10150	0.02616	0.12742	0.02809	0.09894	0.07481	0.02249	0.00426	0.00127	0.01280	0.00457	0.00294	0.00517

[dist]
# distance from previous block
# <min> <max>
4	26

[block]
# block no. 5 follows, 70 sequences, length 42
# corresponding to MSA columns:
# 418-459
name=unknown_F
#
# <colnr> <probs for GDERKNQSTAVLIFYWHMCP>
#	G	D	E	R	K	N	Q	S	T	A	V	L	I	F	Y	W	H	M	C	P
0	0.00923	0.00748	0.00910	0.00796	0.00994	0.02458	0.06870	0.14952	0.28865	0.03496	0.08602	0.07515	0.05281	0.00676	0.00434	0.00136	0.00348	0.14183	0.01300	0.00513
1	0.00960	0.00948	0.01565	0.04388	0.71941	0.04223	0.06099	0.01189	0.00888	0.01240	0.00755	0.02660	0.00644	0.00365	0.00389	0.00117	0.00478	0.00364	0.00195	0.00591
2	0.00486	0.00387	0.00437	0.00449	0.00554	0.00338	0.00334	0.00600	0.00905	0.01145	0.19550	0.16457	0.51346	0.00984	0.00467	0.00135	0.00205	0.04511	0.00373	0.00334
3	0.00910	0.00860	0.01457	0.11036	0.68979	0.00878	0.01134	0.01139	0.00872	0.01229	0.00827	0.01229	0.00728	0.00406	0.00396	0.00121	0.00459	0.06562	0.00202	0.00575
4	0.00460	0.00386	0.00400	0.00411	0.00528	0.00326	0.00303	0.00554	0.00866	0.01040	0.03708	0.13818	0.73854	0.01010	0.00463	0.00134	0.00200	0.00853	0.00360	0.00326
5	0.00623	0.00530	0.00603	0.05816	0.00754	0.06927	0.00446	0.00711	0.00705	0.00902	0.01576	0.09468	0.14744	0.21546	0.28302	0.02637	0.02581	0.00556	0.00248	0.00325
6	0.01715	0.00698	0.00924	0.00708	0.01009	0.00627	0.00585	0.09219	0.01174	0.76804	0.01475	0.01284	0.00932	0.00479	0.00390	0.00120	0.00339	0.00386	0.00471	0.00660
7	0.00918	0.00747	0.00854	0.00636	0.00954	0.00642	0.00509	0.17381	0.01005	0.01484	0.00827	0.06110	0.00714	0.00380	0.00320	0.00075	0.00311	0.00308	0.00270	0.65553
8	0.00903	0.00722	0.00859	0.00633	0.00947	0.00610	0.00512	0.05604	0.00864	0.06439	0.00741	0.00846	0.00598	0.00339	0.00375	0.00073	0.06850	0.00255	0.00249	0.71583
9	0.00789	0.05863	0.80612	0.01085	0.01647	0.00929	0.01397	0.01225	0.00817	0.01213	0.00689	0.00810	0.00491	0.00367	0.00363	0.00121	0.00566	0.00283	0.00164	0.00570
10	0.00732	0.00689	0.01163	0.85444	0.02670	0.00861	0.01077	0.00991	0.00775	0.00991	0.00689	0.01034	0.00517	0.00388	0.00388	0.00129	0.00517	0.00345	0.00172	0.00431
11	0.00953	0.00892	0.01479	0.16371	0.65052	0.00928	0.01143	0.06199	0.00923	0.01293	0.00735	0.00970	0.00600	0.00360	0.00385	0.00118	0.00468	0.00345	0.00201	0.00586
12	0.00669	0.00525	0.00638	0.00621	0.00708	0.06529	0.00474	0.00790	0.00691	0.04826	0.01229	0.01682	0.06208	0.09784	0.62215	0.00509	0.00870	0.00441	0.00232	0.00357
13	0.01204	0.00977	0.00984	0.00816	0.01062	0.07029	0.00650	0.45139	0.22151	0.01931	0.01348	0.07755	0.06072	0.00565	0.00399	0.00123	0.00386	0.00451	0.00372	0.00586
14	0.01083	0.00730	0.00811	0.00692	0.00920	0.00776	0.00546	0.07648	0.42545	0.16172	0.02501	0.01356	0.01062	0.00487	0.00367	0.00116	0.00297	0.00399	0.14146	0.07346
15	0.00651	0.00345	0.00488	0.00488	0.00488	0.00345	0.00316	0.00517	0.00517	0.00690	0.00786	0.01458	0.00825	0.18852	0.01609	0.70532	0.00345	0.00383	0.00182	0.00182
16	0.00481	0.00395	0.00425	0.00420	0.00542	0.00338	0.00317	0.00600	0.00930	0.01160	0.21239	0.03563	0.64690	0.00943	0.00460	0.00130	0.00197	0.02462	0.00374	0.00336
17	0.89114	0.00750	0.00570	0.00510	0.00750	0.00870	0.00420	0.01140	0.00660	0.01739	0.00540	0.00630	0.00420	0.00360	0.00240	0.00120	0.00300	0.00210	0.00240	0.00420
18	0.85122	0.00746	0.00585	0.00518	0.00761	0.00856	0.00427	0.01174	0.00680	0.05508	0.00585	0.00661	0.00445	0.00365	0.00247	0.00120	0.00301	0.00218	0.00251	0.00431
19	0.01474	0.01086	0.01163	0.00892	0.01202	0.01202	0.00737	0.82664	0.01823	0.02443	0.00931	0.00931	0.00659	0.00465	0.00388	0.00116	0.00427	0.00349	0.00388	0.00659
20	0.00472	0.00395	0.00412	0.00413	0.00539	0.00335	0.00313	0.00580	0.00900	0.01091	0.09980	0.03692	0.74429	0.00971	0.00461	0.00132	0.00202	0.03988	0.00365	0.00331
21	0.00472	0.00337	0.00450	0.00540	0.00562	0.00315	0.00360	0.00540	0.00742	0.00990	0.02137	0.86122	0.02564	0.01215	0.00495	0.00157	0.00225	0.01102	0.00360	0.00315
22	0.03125	0.00831	0.00980	0.00769	0.01060	0.00847	0.00630	0.29217	0.13406	0.42938	0.01316	0.01194	0.00881	0.00480	0.00387	0.00120	0.00359	0.00380	0.00432	0.00648
23	0.68787	0.00904	0.02852	0.00611	0.00867	0.06741	0.00512	0.12298	0.00853	0.01767	0.00601	0.00681	0.00460	0.00377	0.00271	0.00118	0.00352	0.00234	0.00255	0.00459
24	0.00472	0.00337	0.00450	0.00540	0.00562	0.00315	0.00360	0.00540	0.00742	0.00990	0.02137	0.86122	0.02564	0.01215	0.00495	0.00157	0.00225	0.01102	0.00360	0.00315
25	0.01397	0.01034	0.01119	0.00871	0.01163	0.01148	0.00716	0.74409	0.04963	0.02315	0.00963	0.00988	0.00699	0.00619	0.05615	0.00148	0.00460	0.00357	0.00377	0.00638
26	0.06401	0.00807	0.00841	0.00757	0.00972	0.00930	0.00590	0.01940	0.74273	0.01626	0.05386	0.01464	0.01253	0.00528	0.00388	0.00130	0.00301	0.00437	0.00386	0.00590
27	0.00568	0.00381	0.00438	0.00445	0.00452	0.00381	0.00265	0.00582	0.00589	0.00783	0.01285	0.02678	0.01473	0.79829	0.01863	0.00361	0.00374	0.06764	0.00244	0.00244
28	0.00954	0.00997	0.03413	0.16764	0.44709	0.06956	0.16272	0.03036	0.00905	0.01216	0.00727	0.00966	0.00582	0.00357	0.00395	0.00120	0.00525	0.00358	0.00194	0.00553
29	0.00967	0.01011	0.01376	0.16725	0.42628	0.16033	0.06488	0.01173	0.00894	0.01137	0.00810	0.07467	0.00724	0.00428	0.00392	0.00119	0.00509	0.00394	0.00203	0.00523
30	0.00539	0.00397	0.00518	0.00586	0.00660	0.00376	0.00462	0.00665	0.00848	0.01099	0.06139	0.32603	0.16837	0.01092	0.00504	0.00160	0.00275	0.35541	0.00362	0.00338
31	0.00685	0.00377	0.00526	0.00516	0.00544	0.00377	0.00355	0.04282	0.00640	0.00868	0.06842	0.06329	0.03154	0.01224	0.01265	0.68292	0.00315	0.00421	0.02762	0.00223
32	0.00630	0.00500	0.00637	0.00675	0.07039	0.00494	0.00462	0.00937	0.13505	0.01434	0.48379	0.07796	0.11801	0.01800	0.00464	0.00130	0.00233	0.02284	0.00389	0.00413
33	0.01137	0.02708	0.01067	0.02135	0.09285	0.02093	0.00718	0.27293	0.44750	0.02700	0.01244	0.01203	0.00928	0.00481	0.00388	0.00124	0.00370	0.00392	0.00363	0.00622
34	0.00980	0.00848	0.01340	0.19761	0.47519	0.00895	0.01033	0.11405	0.00984	0.04719	0.02699	0.02944	0.00732	0.00451	0.01925	0.00129	0.00462	0.00374	0.00233	0.00565
35	0.02857	0.05115	0.15941	0.03303	0.10288	0.02044	0.06421	0.31706	0.01255	0.15893	0.00924	0.00968	0.00654	0.00417	0.00379	0.00118	0.00458	0.00341	0.00309	0.00610
36	0.00956	0.16519	0.36125	0.01022	0.01435	0.02558	0.13910	0.02181	0.04637	0.09285	0.00906	0.01162	0.00717	0.00428	0.00377	0.00121	0.00506	0.06383	0.00228	0.00544
37	0.00609	0.00376	0.00552	0.00552	0.00583	0.00408	0.00395	0.00596	0.00564	0.00784	0.00890	0.01459	0.00875	0.09743	0.39675	0.40436	0.00661	0.00393	0.00192	0.00256
38	0.00798	0.03508	0.23406	0.12738	0.02981	0.03304	0.14456	0.01057	0.00823	0.03977	0.01059	0.14668	0.01002	0.00621	0.01961	0.00145	0.06027	0.06767	0.00230	0.00472
