[name]
unknown

[dist]
# distance from previous block
# <min> <max>
0	16

[block]
# block no. 0 follows, 70 sequences, length 15
# corresponding to MSA columns:
# 16-30
name=unknown_A
#
# <colnr> <probs for GDERKNQSTAVLIFYWHMCP>
#	G	D	E	R	K	N	Q	S	T	A	V	L	I	F	Y	W	H	M	C	P
0	0.00953	0.34577	0.29608	0.00859	0.01243	0.01116	0.03209	0.08931	0.01984	0.03292	0.02065	0.01139	0.02766	0.00439	0.00343	0.00111	0.00460	0.06158	0.00220	0.00528
1	0.10018	0.30706	0.31112	0.00850	0.02230	0.01093	0.02324	0.04994	0.03073	0.05981	0.01885	0.00884	0.02548	0.00389	0.00322	0.00109	0.00449	0.00286	0.00216	0.00532
2	0.01035	0.09680	0.01518	0.02804	0.46512	0.00941	0.08782	0.07666	0.00978	0.07932	0.05553	0.01068	0.00803	0.00387	0.00380	0.00113	0.00442	0.00363	0.00242	0.02803
3	0.00622	0.00503	0.00786	0.00818	0.09254	0.00514	0.08270	0.00733	0.00686	0.00949	0.03242	0.13443	0.01329	0.29923	0.26822	0.00365	0.00589	0.00563	0.00240	0.00350
4	0.00918	0.61907	0.09195	0.00695	0.00997	0.01269	0.00697	0.01074	0.00758	0.00938	0.00652	0.00818	0.00590	0.00845	0.16997	0.00193	0.00552	0.00256	0.00174	0.00474
5	0.01556	0.09556	0.01050	0.00725	0.01022	0.00794	0.00607	0.13061	0.09000	0.56438	0.01349	0.01206	0.00892	0.00467	0.00376	0.00117	0.00350	0.00370	0.00427	0.00639
6	0.05334	0.00770	0.00938	0.00726	0.01018	0.00749	0.00598	0.24065	0.01276	0.55133	0.01313	0.01188	0.00855	0.00470	0.00379	0.00118	0.00350	0.00370	0.03713	0.00638
7	0.00752	0.00406	0.00533	0.00554	0.00640	0.00373	0.00398	0.00850	0.00826	0.17510	0.01924	0.58745	0.02075	0.00986	0.00451	0.00143	0.00244	0.02585	0.09614	0.00389
8	0.00940	0.50857	0.11643	0.00716	0.01009	0.04717	0.00701	0.04083	0.00840	0.02612	0.00910	0.17591	0.00920	0.00521	0.00324	0.00105	0.00407	0.00404	0.00220	0.00478
9	0.00585	0.17412	0.00760	0.00553	0.00646	0.00558	0.00415	0.00668	0.00769	0.00991	0.03737	0.61620	0.07857	0.01014	0.00443	0.00140	0.00260	0.00896	0.00323	0.00353
10	0.00480	0.00345	0.00449	0.00528	0.00558	0.00322	0.00355	0.00548	0.00744	0.00984	0.02194	0.74521	0.07513	0.05962	0.00576	0.00168	0.00235	0.02852	0.00353	0.00312
11	0.02820	0.00640	0.00979	0.56162	0.01999	0.00762	0.00862	0.07488	0.00848	0.01133	0.01011	0.17871	0.00951	0.00613	0.02224	0.00143	0.00451	0.00494	0.02128	0.00423
12	0.00743	0.00700	0.01182	0.81539	0.06491	0.00864	0.01082	0.01000	0.00780	0.01004	0.00691	0.01030	0.00521	0.00386	0.00387	0.00129	0.00514	0.00345	0.00173	0.00439
13	0.00526	0.00409	0.00593	0.17338	0.00980	0.00424	0.00502	0.00635	0.00759	0.01006	0.04239	0.66851	0.02191	0.01039	0.00473	0.00151	0.00281	0.00940	0.00325	0.00339
14	0.01009	0.48906	0.01494	0.00721	0.00954	0.19325	0.00627	0.01116	0.00841	0.00936	0.00867	0.17562	0.00907	0.00530	0.00346	0.00104	0.02697	0.00397	0.00212	0.00449

[dist]
# distance from previous block
# <min> <max>
0	1

[block]
# block no. 1 follows, 70 sequences, length 16
# corresponding to MSA columns:
# 32-47
name=unknown_B
#
# <colnr> <probs for GDERKNQSTAVLIFYWHMCP>
#	G	D	E	R	K	N	Q	S	T	A	V	L	I	F	Y	W	H	M	C	P
0	0.00845	0.00676	0.00798	0.00580	0.00911	0.00513	0.00462	0.01013	0.00819	0.05867	0.00782	0.03564	0.00659	0.00328	0.00299	0.00064	0.00287	0.00267	0.00248	0.81017
1	0.00932	0.05093	0.06330	0.12756	0.26555	0.05646	0.08859	0.03092	0.17602	0.01281	0.03184	0.01143	0.02499	0.00427	0.00413	0.00122	0.02899	0.00379	0.00242	0.00546
2	0.01175	0.03004	0.03258	0.05703	0.19050	0.26051	0.05664	0.11118	0.08110	0.05893	0.00836	0.00974	0.00659	0.01989	0.02048	0.00130	0.03218	0.00335	0.00249	0.00536
3	0.00508	0.00401	0.00460	0.00471	0.00570	0.00364	0.00343	0.00667	0.04856	0.01183	0.22646	0.23853	0.40333	0.00972	0.00464	0.00135	0.00206	0.00842	0.00378	0.00347
4	0.04633	0.01118	0.13186	0.05186	0.10009	0.03253	0.10831	0.27097	0.13551	0.03419	0.03242	0.01059	0.00770	0.00431	0.00389	0.00122	0.00459	0.00369	0.00295	0.00584
5	0.01095	0.08552	0.15669	0.03174	0.14432	0.02257	0.05667	0.13537	0.12753	0.12396	0.02392	0.02796	0.00800	0.00443	0.00399	0.00120	0.02278	0.00369	0.00288	0.00583
6	0.01340	0.04432	0.01180	0.01012	0.01197	0.68606	0.03516	0.01447	0.01018	0.00955	0.00592	0.00727	0.00504	0.00431	0.00468	0.00109	0.11555	0.00267	0.00195	0.00450
7	0.00478	0.00346	0.00452	0.00526	0.00561	0.00320	0.00356	0.00557	0.00781	0.01041	0.09113	0.74045	0.07660	0.01165	0.00489	0.00153	0.00220	0.01051	0.00366	0.00320
8	0.04362	0.04971	0.04016	0.01118	0.07096	0.26123	0.17629	0.09539	0.06918	0.07959	0.00946	0.04470	0.02220	0.00441	0.00385	0.00116	0.00529	0.00377	0.00262	0.00523
9	0.01330	0.07127	0.03072	0.02723	0.07887	0.42243	0.03087	0.11296	0.05458	0.09199	0.00794	0.00864	0.00611	0.00416	0.00380	0.00109	0.02325	0.00300	0.00255	0.00524
10	0.00472	0.00373	0.00425	0.00454	0.00543	0.00327	0.00325	0.00568	0.00854	0.01076	0.11096	0.32825	0.47199	0.01046	0.00471	0.00139	0.00205	0.00907	0.00366	0.00327
11	0.00604	0.00390	0.00391	0.00388	0.00502	0.00362	0.00292	0.00772	0.03204	0.01262	0.02534	0.02528	0.40205	0.00705	0.00363	0.00111	0.00192	0.00580	0.44262	0.00352
12	0.02837	0.01085	0.14300	0.11569	0.13578	0.03209	0.04915	0.18402	0.13798	0.09515	0.00961	0.01039	0.00703	0.00427	0.00400	0.00123	0.01915	0.00356	0.00286	0.00583
13	0.00474	0.00346	0.00447	0.00521	0.00559	0.00319	0.00353	0.00551	0.00775	0.01023	0.06218	0.73164	0.11486	0.01169	0.00489	0.00153	0.00220	0.01052	0.00363	0.00319
14	0.00849	0.05401	0.28032	0.00890	0.01215	0.08099	0.11078	0.01102	0.00911	0.07892	0.10006	0.07409	0.14328	0.00573	0.00406	0.00123	0.00442	0.00493	0.00269	0.00481
15	0.02298	0.02134	0.01048	0.03800	0.01143	0.00653	0.11445	0.04124	0.03220	0.03077	0.00749	0.00873	0.00599	0.00316	0.00321	0.00077	0.00353	0.00277	0.00238	0.63254

[dist]
# distance from previous block
# <min> <max>
3	16

[block]
# block no. 2 follows, 70 sequences, length 12
# corresponding to MSA columns:
# 66-77
name=unknown_C
#
# <colnr> <probs for GDERKNQSTAVLIFYWHMCP>
#	G	D	E	R	K	N	Q	S	T	A	V	L	I	F	Y	W	H	M	C	P
0	0.08410	0.03312	0.43818	0.01083	0.01537	0.00904	0.17191	0.06330	0.00916	0.09971	0.00798	0.00902	0.00565	0.00375	0.00374	0.00121	0.00522	0.00326	0.00225	0.02321
1	0.06333	0.65514	0.14986	0.00725	0.01089	0.01365	0.00768	0.01191	0.00794	0.03412	0.00592	0.00674	0.00505	0.00343	0.00271	0.00093	0.00430	0.00225	0.00179	0.00509
2	0.00471	0.00342	0.00445	0.00528	0.00559	0.00316	0.00355	0.00541	0.00754	0.00994	0.02282	0.79423	0.09170	0.01196	0.00492	0.00155	0.00223	0.01079	0.00360	0.00316
3	0.00472	0.00337	0.00450	0.00540	0.00562	0.00315	0.00360	0.00540	0.00742	0.00990	0.02137	0.86122	0.02564	0.01215	0.00495	0.00157	0.00225	0.01102	0.00360	0.00315
4	0.01470	0.01005	0.01103	0.00855	0.01156	0.01093	0.00703	0.64620	0.08343	0.14009	0.01069	0.01028	0.00745	0.00472	0.00389	0.00118	0.00403	0.00362	0.00401	0.00656
5	0.01453	0.01029	0.01117	0.00866	0.01168	0.01129	0.00713	0.69119	0.08623	0.09213	0.01035	0.01007	0.00729	0.00472	0.00389	0.00118	0.00408	0.00360	0.00396	0.00655
6	0.00543	0.00411	0.00503	0.00477	0.00582	0.00378	0.00359	0.00740	0.03972	0.01444	0.63014	0.03031	0.21456	0.00825	0.00455	0.00124	0.00190	0.00718	0.00411	0.00366
7	0.01036	0.86609	0.02032	0.00663	0.00995	0.01534	0.00663	0.01161	0.00788	0.00912	0.00539	0.00622	0.00498	0.00332	0.00249	0.00083	0.00415	0.00207	0.00166	0.00498
8	0.00793	0.00652	0.00810	0.00741	0.03121	0.00691	0.05144	0.01394	0.38698	0.03574	0.29807	0.03888	0.07755	0.00646	0.00426	0.00128	0.00279	0.00566	0.00388	0.00498
9	0.00804	0.00689	0.00804	0.00574	0.00919	0.00517	0.00459	0.00976	0.00804	0.01263	0.00689	0.00804	0.00574	0.00287	0.00287	0.00057	0.00287	0.00230	0.00230	0.88745
10	0.00472	0.00337	0.00450	0.00540	0.00562	0.00315	0.00360	0.00540	0.00742	0.00990	0.02137	0.86122	0.02564	0.01215	0.00495	0.00157	0.00225	0.01102	0.00360	0.00315
11	0.03555	0.02419	0.13096	0.02587	0.18498	0.02443	0.09293	0.21062	0.15685	0.01609	0.03663	0.02612	0.00830	0.00440	0.00390	0.00122	0.00447	0.00384	0.00283	0.00583

[dist]
# distance from previous block
# <min> <max>
7	10

[block]
# block no. 3 follows, 70 sequences, length 24
# corresponding to MSA columns:
# 89-112
name=unknown_D
#
# <colnr> <probs for GDERKNQSTAVLIFYWHMCP>
#	G	D	E	R	K	N	Q	S	T	A	V	L	I	F	Y	W	H	M	C	P
0	0.00895	0.11757	0.37429	0.00994	0.03918	0.02739	0.06582	0.06599	0.06655	0.02684	0.00889	0.05501	0.00738	0.00439	0.00368	0.00116	0.00476	0.02722	0.00226	0.08274
1	0.00558	0.00400	0.00546	0.00546	0.00588	0.00443	0.00388	0.00643	0.00600	0.00843	0.01109	0.01914	0.01139	0.35099	0.52880	0.00528	0.00783	0.00473	0.00218	0.00303
2	0.00472	0.00337	0.00450	0.00540	0.00562	0.00315	0.00360	0.00540	0.00742	0.00990	0.02137	0.86122	0.02564	0.01215	0.00495	0.00157	0.00225	0.01102	0.00360	0.00315
3	0.00796	0.00438	0.00454	0.00431	0.00549	0.00447	0.00329	0.02585	0.09331	0.05068	0.01405	0.01519	0.04217	0.00481	0.00298	0.00098	0.00205	0.00388	0.70556	0.00405
4	0.00723	0.00361	0.00361	0.00361	0.00452	0.00361	0.00271	0.00903	0.00813	0.01445	0.01265	0.01445	0.00994	0.00452	0.00271	0.00090	0.00181	0.00361	0.88528	0.00361
5	0.01036	0.86609	0.02032	0.00663	0.00995	0.01534	0.00663	0.01161	0.00788	0.00912	0.00539	0.00622	0.00498	0.00332	0.00249	0.00083	0.00415	0.00207	0.00166	0.00498
6	0.00554	0.00415	0.00623	0.00623	0.00692	0.00485	0.00485	0.00692	0.00623	0.00900	0.01038	0.01523	0.00969	0.02908	0.84839	0.00623	0.01038	0.00415	0.00208	0.00346
7	0.01436	0.04436	0.01127	0.00989	0.01192	0.82276	0.00746	0.01536	0.01089	0.00948	0.00597	0.00697	0.00499	0.00397	0.00346	0.00099	0.00690	0.00248	0.00199	0.00451
8	0.00732	0.00689	0.01163	0.85444	0.02670	0.00861	0.01077	0.00991	0.00775	0.00991	0.00689	0.01034	0.00517	0.00388	0.00388	0.00129	0.00517	0.00345	0.00172	0.00431
9	0.01036	0.86609	0.02032	0.00663	0.00995	0.01534	0.00663	0.01161	0.00788	0.00912	0.00539	0.00622	0.00498	0.00332	0.00249	0.00083	0.00415	0.00207	0.00166	0.00498
10	0.51372	0.00599	0.00510	0.00477	0.00666	0.00643	0.00377	0.00918	0.00754	0.02979	0.03335	0.07567	0.27296	0.00628	0.00334	0.00126	0.00260	0.00479	0.00295	0.00386
11	0.01036	0.86609	0.02032	0.00663	0.00995	0.01534	0.00663	0.01161	0.00788	0.00912	0.00539	0.00622	0.00498	0.00332	0.00249	0.00083	0.00415	0.00207	0.00166	0.00498
12	0.01447	0.01045	0.01129	0.00873	0.01172	0.01149	0.00718	0.77000	0.01760	0.05151	0.00994	0.03992	0.00738	0.00493	0.00392	0.00118	0.00416	0.00377	0.00390	0.00647
13	0.00602	0.00473	0.00661	0.00635	0.00676	0.00567	0.00479	0.00698	0.00604	0.00868	0.01002	0.01672	0.01008	0.23459	0.51051	0.00490	0.14077	0.00441	0.00209	0.00330
14	0.00732	0.00689	0.01163	0.85444	0.02670	0.00861	0.01077	0.00991	0.00775	0.00991	0.00689	0.01034	0.00517	0.00388	0.00388	0.00129	0.00517	0.00345	0.00172	0.00431
15	0.01474	0.01086	0.01163	0.00892	0.01202	0.01202	0.00737	0.82664	0.01823	0.02443	0.00931	0.00931	0.00659	0.00465	0.00388	0.00116	0.00427	0.00349	0.00388	0.00659
16	0.00804	0.00689	0.00804	0.00574	0.00919	0.00517	0.00459	0.00976	0.00804	0.01263	0.00689	0.00804	0.00574	0.00287	0.00287	0.00057	0.00287	0.00230	0.00230	0.88745
17	0.00659	0.00341	0.00492	0.00494	0.00497	0.00341	0.00325	0.00520	0.00523	0.00704	0.00774	0.03110	0.00797	0.10206	0.01515	0.75768	0.00335	0.00377	0.02039	0.00182
18	0.01441	0.01070	0.01145	0.00885	0.01190	0.01187	0.00729	0.77469	0.07071	0.02390	0.00972	0.00964	0.00693	0.00469	0.00388	0.00117	0.00419	0.00355	0.00388	0.00656
19	0.05756	0.01794	0.01073	0.00975	0.01176	0.80694	0.00733	0.01528	0.01077	0.00988	0.00596	0.00696	0.00495	0.00398	0.00344	0.00101	0.00680	0.00248	0.00202	0.00448
20	0.00858	0.04267	0.19792	0.01381	0.27285	0.02216	0.08051	0.01270	0.14161	0.01331	0.12710	0.01327	0.02731	0.00454	0.00395	0.00121	0.00435	0.00410	0.00254	0.00549
21	0.00554	0.00414	0.00615	0.00615	0.00681	0.00480	0.00474	0.00687	0.00621	0.00894	0.01046	0.01566	0.00988	0.06416	0.81356	0.00613	0.01011	0.00422	0.00209	0.00341
22	0.00603	0.01805	0.04722	0.00592	0.00683	0.00488	0.01938	0.00722	0.00703	0.02407	0.10572	0.04065	0.04384	0.26199	0.34799	0.00399	0.02065	0.02261	0.00254	0.00339
23	0.06950	0.03083	0.00822	0.00572	0.00909	0.00570	0.00462	0.00993	0.00793	0.01287	0.00675	0.00787	0.00561	0.00293	0.00283	0.00062	0.00292	0.00228	0.00229	0.80150

[dist]
# distance from previous block
# <min> <max>
3	10

[block]
# block no. 4 follows, 70 sequences, length 16
# corresponding to MSA columns:
# 124-139
name=unknown_E
#
# <colnr> <probs for GDERKNQSTAVLIFYWHMCP>
#	G	D	E	R	K	N	Q	S	T	A	V	L	I	F	Y	W	H	M	C	P
0	0.11150	0.00880	0.00978	0.00752	0.01056	0.00902	0.00619	0.40769	0.01363	0.24040	0.01014	0.00984	0.00701	0.00433	0.00358	0.00110	0.00367	0.00328	0.00374	0.12823
1	0.00797	0.00684	0.00790	0.00577	0.00907	0.00531	0.00460	0.01011	0.04820	0.01272	0.00867	0.00957	0.04071	0.00328	0.00299	0.00064	0.00284	0.00264	0.00243	0.80773
2	0.00649	0.00486	0.00656	0.00705	0.07693	0.00529	0.00451	0.00745	0.02330	0.02534	0.05123	0.02031	0.01276	0.43626	0.21061	0.00370	0.07349	0.01814	0.00239	0.00333
3	0.00804	0.00689	0.00804	0.00574	0.00919	0.00517	0.00459	0.00976	0.00804	0.01263	0.00689	0.00804	0.00574	0.00287	0.00287	0.00057	0.00287	0.00230	0.00230	0.88745
4	0.01445	0.01071	0.01147	0.00886	0.01191	0.01189	0.00730	0.78044	0.06490	0.02396	0.00968	0.00960	0.00689	0.00469	0.00388	0.00117	0.00420	0.00354	0.00388	0.00657
5	0.02472	0.22385	0.16161	0.04232	0.06797	0.04565	0.00830	0.10738	0.03263	0.21013	0.02253	0.00962	0.00703	0.00407	0.00346	0.00110	0.00433	0.00312	0.00281	0.01736
6	0.01009	0.01867	0.05957	0.00792	0.04939	0.04285	0.01822	0.06746	0.04945	0.17585	0.03090	0.05553	0.09755	0.00669	0.05277	0.00141	0.06003	0.00426	0.00309	0.18829
7	0.00473	0.00346	0.00445	0.00520	0.00558	0.00318	0.00352	0.00548	0.00772	0.01016	0.05143	0.73046	0.12695	0.01171	0.00489	0.00153	0.00220	0.01053	0.00362	0.00318
8	0.00732	0.00689	0.01163	0.85444	0.02670	0.00861	0.01077	0.00991	0.00775	0.00991	0.00689	0.01034	0.00517	0.00388	0.00388	0.00129	0.00517	0.00345	0.00172	0.00431
9	0.00979	0.05217	0.22341	0.02774	0.21313	0.00936	0.24504	0.02584	0.05626	0.08673	0.00850	0.00994	0.00633	0.00370	0.00396	0.00122	0.00522	0.00366	0.00225	0.00574
10	0.00538	0.00365	0.00488	0.00560	0.00602	0.00343	0.00395	0.00626	0.00784	0.03774	0.05999	0.67295	0.02493	0.03469	0.00535	0.00163	0.00246	0.10630	0.00363	0.00332
11	0.00778	0.02005	0.84367	0.01105	0.01678	0.00900	0.01432	0.01228	0.00818	0.01228	0.00696	0.00818	0.00491	0.00368	0.00368	0.00123	0.00573	0.00286	0.00164	0.00573
12	0.00584	0.00608	0.09649	0.00545	0.00727	0.00444	0.01987	0.02111	0.02563	0.03567	0.17211	0.06182	0.49384	0.00848	0.00446	0.00130	0.00257	0.02019	0.00352	0.00385
13	0.00725	0.00548	0.00778	0.00970	0.19916	0.00547	0.00568	0.00895	0.05951	0.06534	0.03080	0.29091	0.07604	0.15931	0.03365	0.00194	0.01904	0.00680	0.00302	0.00416
14	0.01534	0.00614	0.00819	0.00653	0.00910	0.00543	0.00532	0.01696	0.02477	0.68267	0.01528	0.03046	0.01061	0.03910	0.00450	0.00131	0.00319	0.03445	0.07466	0.00601
15	0.01448	0.01848	0.01099	0.00999	0.01199	0.84819	0.00749	0.01548	0.01099	0.00949	0.00599	0.00699	0.00499	0.00400	0.00350	0.00100	0.00699	0.00250	0.00200	0.00449

[dist]
# distance from previous block
# <min> <max>
0	202

# created by:
# /usr/local/bin/augustus/scripts/msa2prfl.pl /tmp/new_cug/capping-protein-class-2.fasta
