[name]
unknown

[dist]
# distance from previous block
# <min> <max>
2	12

[block]
# block no. 0 follows, 68 sequences, length 6
# corresponding to MSA columns:
# 12-17
name=unknown_A
#
# <colnr> <probs for GDERKNQSTAVLIFYWHMCP>
#	G	D	E	R	K	N	Q	S	T	A	V	L	I	F	Y	W	H	M	C	P
0	0.00699	0.00574	0.00645	0.00707	0.06963	0.05084	0.00447	0.04431	0.08138	0.01101	0.04986	0.26306	0.07702	0.29294	0.00975	0.00221	0.00339	0.00704	0.00311	0.00372
1	0.03788	0.11150	0.21288	0.01154	0.09058	0.07476	0.14196	0.04821	0.07212	0.08686	0.03038	0.01165	0.00795	0.00435	0.00388	0.00122	0.00502	0.03915	0.00253	0.00558
2	0.03175	0.14215	0.20472	0.03693	0.12141	0.01036	0.03674	0.17511	0.06610	0.08988	0.01004	0.01063	0.03831	0.00432	0.00372	0.00118	0.00455	0.00348	0.00274	0.00589
3	0.00738	0.00562	0.00553	0.00526	0.00669	0.07884	0.00395	0.00850	0.00956	0.11678	0.11360	0.14093	0.46461	0.00897	0.00455	0.00132	0.00267	0.00755	0.00376	0.00392
4	0.00712	0.00493	0.00573	0.00532	0.00671	0.00462	0.00404	0.09827	0.01064	0.07677	0.24640	0.16243	0.33407	0.00892	0.00461	0.00133	0.00238	0.00764	0.00399	0.00407
5	0.16961	0.13343	0.03421	0.08214	0.05016	0.10747	0.03637	0.12418	0.06778	0.14523	0.00883	0.00935	0.00652	0.00415	0.00347	0.00116	0.00442	0.00313	0.00288	0.00548

[dist]
# distance from previous block
# <min> <max>
0	1

[block]
# block no. 1 follows, 68 sequences, length 10
# corresponding to MSA columns:
# 19-28
name=unknown_B
#
# <colnr> <probs for GDERKNQSTAVLIFYWHMCP>
#	G	D	E	R	K	N	Q	S	T	A	V	L	I	F	Y	W	H	M	C	P
0	0.00510	0.00382	0.00464	0.00513	0.00578	0.00350	0.00367	0.00601	0.00820	0.01055	0.06877	0.39377	0.26375	0.09742	0.00651	0.00176	0.00251	0.10224	0.00358	0.00325
1	0.00508	0.00399	0.00459	0.00453	0.00562	0.00350	0.00336	0.00642	0.00983	0.01280	0.36561	0.09822	0.44346	0.00943	0.00471	0.00132	0.00197	0.00810	0.00396	0.00350
2	0.01051	0.08728	0.14772	0.01175	0.13373	0.07403	0.11041	0.14977	0.01055	0.05534	0.03259	0.01329	0.00865	0.08849	0.00555	0.00147	0.00494	0.04596	0.00259	0.00537
3	0.05724	0.45194	0.01610	0.00790	0.01080	0.04352	0.02996	0.14431	0.12194	0.01342	0.00769	0.00833	0.00631	0.00416	0.00377	0.00107	0.06083	0.00286	0.00245	0.00542
4	0.01459	0.00779	0.00924	0.00732	0.01004	0.00782	0.00597	0.26088	0.08578	0.39820	0.03288	0.01384	0.04187	0.00515	0.00392	0.00120	0.00343	0.00412	0.07971	0.00624
5	0.00927	0.00730	0.00853	0.00616	0.00963	0.00579	0.00496	0.06474	0.00911	0.06456	0.00774	0.00863	0.00617	0.00318	0.00307	0.00067	0.00306	0.00253	0.00261	0.77229
6	0.00924	0.00702	0.00813	0.00613	0.00916	0.00594	0.00489	0.09984	0.02734	0.05959	0.06143	0.02855	0.00904	0.00394	0.00328	0.00079	0.00297	0.00320	0.06155	0.58797
7	0.67309	0.02759	0.03794	0.02946	0.00933	0.00896	0.03279	0.02716	0.04081	0.05653	0.02156	0.00792	0.00565	0.00390	0.00283	0.00123	0.00340	0.00260	0.00262	0.00464
8	0.00884	0.06494	0.70746	0.01090	0.01626	0.06857	0.01348	0.04265	0.00894	0.01264	0.00705	0.00822	0.00510	0.00381	0.00370	0.00121	0.00581	0.00288	0.00179	0.00576
9	0.05212	0.05081	0.00622	0.00550	0.00675	0.04488	0.00412	0.00837	0.02939	0.07430	0.11604	0.32317	0.24524	0.00920	0.00447	0.00137	0.00265	0.00791	0.00361	0.00388

[dist]
# distance from previous block
# <min> <max>
0	4

[block]
# block no. 2 follows, 68 sequences, length 7
# corresponding to MSA columns:
# 33-39
name=unknown_C
#
# <colnr> <probs for GDERKNQSTAVLIFYWHMCP>
#	G	D	E	R	K	N	Q	S	T	A	V	L	I	F	Y	W	H	M	C	P
0	0.07150	0.14075	0.16681	0.05153	0.12527	0.13485	0.10316	0.05131	0.00953	0.06834	0.00857	0.00973	0.03371	0.00402	0.00366	0.00116	0.00516	0.00330	0.00226	0.00539
1	0.01175	0.57214	0.01719	0.00746	0.01049	0.12368	0.00680	0.10669	0.00984	0.05031	0.00730	0.04692	0.00649	0.00414	0.00303	0.00096	0.00451	0.00286	0.00225	0.00521
2	0.00486	0.00360	0.00453	0.00519	0.00569	0.00328	0.00355	0.00569	0.00813	0.01064	0.08153	0.64037	0.18515	0.01166	0.00496	0.00153	0.00221	0.01042	0.00373	0.00328
3	0.02886	0.02854	0.01176	0.04138	0.27002	0.04273	0.05487	0.14565	0.02647	0.06385	0.03119	0.07213	0.13402	0.00617	0.02356	0.00136	0.00424	0.00489	0.00294	0.00536
4	0.01077	0.00748	0.00894	0.00892	0.10102	0.02830	0.00621	0.11364	0.21808	0.17885	0.07119	0.11324	0.10314	0.00647	0.00422	0.00130	0.00331	0.00550	0.00386	0.00555
5	0.00490	0.00383	0.00444	0.00471	0.00559	0.00337	0.00337	0.00595	0.00892	0.01142	0.17291	0.31911	0.41631	0.01052	0.00481	0.00142	0.00208	0.00916	0.00380	0.00337
6	0.00916	0.00630	0.00732	0.00665	0.00834	0.00655	0.00509	0.08973	0.26049	0.12197	0.17989	0.19997	0.06669	0.00758	0.00441	0.00135	0.00279	0.00655	0.00411	0.00505

[dist]
# distance from previous block
# <min> <max>
3	14

[block]
# block no. 3 follows, 68 sequences, length 6
# corresponding to MSA columns:
# 56-61
name=unknown_D
#
# <colnr> <probs for GDERKNQSTAVLIFYWHMCP>
#	G	D	E	R	K	N	Q	S	T	A	V	L	I	F	Y	W	H	M	C	P
0	0.00655	0.00563	0.04712	0.06264	0.06863	0.00485	0.00533	0.00829	0.03458	0.06145	0.09146	0.18705	0.33270	0.03429	0.00504	0.00145	0.00288	0.03258	0.00343	0.00404
1	0.06615	0.12787	0.31263	0.01127	0.10271	0.04021	0.08043	0.03585	0.04707	0.08335	0.02836	0.03137	0.00732	0.00419	0.00370	0.00120	0.00489	0.00347	0.00237	0.00561
2	0.00919	0.09317	0.09468	0.05249	0.02850	0.07830	0.09333	0.05701	0.09141	0.03999	0.04834	0.05548	0.05338	0.05887	0.06659	0.00179	0.06554	0.00447	0.00263	0.00484
3	0.06195	0.00796	0.05011	0.02351	0.05322	0.05891	0.03622	0.09519	0.00851	0.04205	0.00944	0.02792	0.00852	0.10388	0.27395	0.00319	0.10264	0.00402	0.02443	0.00441
4	0.00899	0.00946	0.05131	0.00717	0.00880	0.23309	0.00570	0.01090	0.06360	0.06112	0.06769	0.17725	0.21124	0.00818	0.02552	0.00143	0.03493	0.00618	0.00316	0.00426
5	0.00812	0.04072	0.19212	0.00913	0.06589	0.06665	0.04018	0.05016	0.04162	0.02850	0.16058	0.13507	0.04280	0.00876	0.09016	0.00180	0.00475	0.00536	0.00288	0.00475

[dist]
# distance from previous block
# <min> <max>
1	13

[block]
# block no. 4 follows, 68 sequences, length 6
# corresponding to MSA columns:
# 75-80
name=unknown_E
#
# <colnr> <probs for GDERKNQSTAVLIFYWHMCP>
#	G	D	E	R	K	N	Q	S	T	A	V	L	I	F	Y	W	H	M	C	P
0	0.05216	0.00830	0.05057	0.03129	0.03883	0.13501	0.06143	0.01036	0.04512	0.05101	0.10096	0.12370	0.11963	0.11623	0.00621	0.00160	0.00393	0.00568	0.03377	0.00419
1	0.03775	0.02545	0.12265	0.00774	0.05434	0.00653	0.00650	0.04869	0.03964	0.05367	0.12411	0.07984	0.09860	0.03473	0.00483	0.00126	0.03457	0.03302	0.00302	0.18306
2	0.00884	0.00702	0.00763	0.03967	0.06870	0.08753	0.00542	0.08766	0.04310	0.09318	0.12869	0.13442	0.20306	0.06064	0.00535	0.00145	0.00337	0.00629	0.00350	0.00447
3	0.04373	0.09843	0.04576	0.02175	0.03221	0.03782	0.03153	0.10655	0.01036	0.05454	0.17965	0.08083	0.19656	0.03733	0.00471	0.00133	0.00334	0.00575	0.00332	0.00450
4	0.05476	0.03871	0.00928	0.00853	0.08393	0.09886	0.03573	0.09134	0.03194	0.06390	0.18234	0.07035	0.07248	0.02671	0.04926	0.00151	0.00403	0.00499	0.00319	0.06815
5	0.07401	0.12197	0.07500	0.00893	0.06359	0.06745	0.04560	0.20097	0.01119	0.01534	0.12922	0.07117	0.04342	0.00672	0.04704	0.00146	0.00442	0.00447	0.00296	0.00506

[dist]
# distance from previous block
# <min> <max>
0	7

[block]
# block no. 5 follows, 68 sequences, length 9
# corresponding to MSA columns:
# 88-96
name=unknown_F
#
# <colnr> <probs for GDERKNQSTAVLIFYWHMCP>
#	G	D	E	R	K	N	Q	S	T	A	V	L	I	F	Y	W	H	M	C	P
0	0.02327	0.00671	0.00773	0.00665	0.00849	0.00704	0.00523	0.24897	0.06914	0.08518	0.15032	0.05400	0.13163	0.04879	0.12645	0.00212	0.00423	0.00543	0.00370	0.00490
1	0.00527	0.00437	0.00517	0.00579	0.06595	0.00387	0.00383	0.00646	0.00918	0.01160	0.17023	0.09661	0.54693	0.04069	0.00523	0.00142	0.00227	0.00794	0.00363	0.00358
2	0.07983	0.00520	0.00603	0.00545	0.00698	0.00502	0.00417	0.06240	0.00975	0.15037	0.18060	0.08878	0.23842	0.07152	0.06613	0.00185	0.00323	0.00632	0.00373	0.00422
3	0.03552	0.01121	0.01071	0.00871	0.01136	0.13183	0.00698	0.55672	0.05832	0.02059	0.01104	0.07916	0.02901	0.00542	0.00398	0.00121	0.00444	0.00418	0.00362	0.00597
4	0.00874	0.01092	0.18464	0.05689	0.41911	0.02460	0.03696	0.02609	0.02448	0.01254	0.00967	0.13419	0.00898	0.00496	0.00406	0.00126	0.00467	0.00456	0.00223	0.02045
5	0.00755	0.06859	0.00827	0.00687	0.00795	0.06162	0.00540	0.07438	0.00828	0.01107	0.07070	0.08598	0.03578	0.06734	0.38524	0.00374	0.07986	0.00487	0.00256	0.00397
6	0.01345	0.07702	0.01254	0.01180	0.13297	0.53163	0.00815	0.08582	0.06802	0.01197	0.00727	0.00822	0.00591	0.00410	0.00362	0.00107	0.00606	0.00289	0.00231	0.00518
7	0.00934	0.06489	0.01597	0.03081	0.39040	0.02411	0.18147	0.01155	0.00866	0.03067	0.02662	0.02529	0.00751	0.00657	0.08607	0.00174	0.06683	0.00395	0.00210	0.00544
8	0.01109	0.19826	0.09076	0.04984	0.05399	0.07879	0.06686	0.21595	0.01120	0.03325	0.00915	0.04173	0.03390	0.00451	0.00388	0.00112	0.02645	0.00356	0.00259	0.06310

[dist]
# distance from previous block
# <min> <max>
2	6

[block]
# block no. 6 follows, 68 sequences, length 21
# corresponding to MSA columns:
# 103-123
name=unknown_G
#
# <colnr> <probs for GDERKNQSTAVLIFYWHMCP>
#	G	D	E	R	K	N	Q	S	T	A	V	L	I	F	Y	W	H	M	C	P
0	0.00573	0.00399	0.00505	0.00505	0.00530	0.00424	0.00331	0.00623	0.00598	0.00823	0.01183	0.02226	0.01282	0.56548	0.31317	0.00474	0.00625	0.00523	0.00230	0.00281
1	0.00625	0.00465	0.00505	0.00491	0.00565	0.03880	0.00338	0.00685	0.00763	0.03615	0.08665	0.02663	0.25970	0.32443	0.10905	0.05800	0.00402	0.00614	0.00293	0.00311
2	0.01065	0.79669	0.05447	0.00710	0.01054	0.04620	0.00714	0.01205	0.00819	0.00948	0.00560	0.00647	0.00509	0.00343	0.00263	0.00087	0.00442	0.00217	0.00171	0.00510
3	0.00752	0.00653	0.03827	0.00630	0.00847	0.00569	0.00509	0.06856	0.00834	0.01221	0.04183	0.03913	0.02884	0.09690	0.22606	0.00260	0.02287	0.00392	0.00253	0.36835
4	0.00804	0.01975	0.05177	0.00807	0.06593	0.03180	0.07747	0.04925	0.02534	0.08109	0.25892	0.04450	0.19398	0.05995	0.00538	0.00143	0.00333	0.00605	0.00347	0.00447
5	0.08982	0.04675	0.02491	0.01965	0.13687	0.22784	0.03699	0.11995	0.05588	0.06387	0.01067	0.06341	0.05125	0.00503	0.00407	0.00120	0.02989	0.00395	0.00276	0.00524
6	0.24975	0.02394	0.02444	0.02287	0.22908	0.11935	0.04070	0.15602	0.01038	0.03532	0.00762	0.00936	0.00608	0.00412	0.00366	0.00120	0.01749	0.02087	0.01236	0.00541
7	0.00724	0.00719	0.05575	0.02504	0.23214	0.02011	0.05204	0.01765	0.02936	0.01295	0.19679	0.11182	0.18261	0.00691	0.00437	0.00128	0.00340	0.00618	0.02254	0.00461
8	0.00876	0.00743	0.02116	0.04363	0.25409	0.00742	0.03048	0.13530	0.05619	0.03344	0.03528	0.20261	0.12000	0.00692	0.00435	0.00133	0.00366	0.01970	0.00314	0.00510
9	0.00576	0.00385	0.00436	0.00435	0.00438	0.00384	0.00245	0.00583	0.00596	0.00798	0.04208	0.02608	0.01524	0.82994	0.01962	0.00375	0.00377	0.00582	0.00247	0.00245
10	0.01283	0.10123	0.06977	0.00989	0.06465	0.24763	0.00784	0.23260	0.05855	0.06589	0.00864	0.00994	0.00685	0.05455	0.00493	0.00129	0.03130	0.00329	0.00280	0.00552
11	0.00609	0.00447	0.00562	0.00528	0.00626	0.00440	0.00394	0.05483	0.01011	0.01400	0.48917	0.02674	0.11199	0.09876	0.13849	0.00233	0.00361	0.00648	0.00372	0.00371
12	0.01081	0.71319	0.01877	0.00704	0.01017	0.08027	0.00670	0.04325	0.00890	0.01035	0.05426	0.00791	0.00705	0.00378	0.00281	0.00090	0.00434	0.00251	0.00197	0.00503
13	0.00768	0.00701	0.00853	0.00765	0.00814	0.05674	0.01613	0.02060	0.02111	0.01003	0.04994	0.10328	0.06480	0.17872	0.01152	0.03669	0.35169	0.00519	0.01299	0.02157
14	0.02282	0.10438	0.00972	0.01915	0.04745	0.01735	0.06606	0.04073	0.04322	0.01187	0.08962	0.32079	0.10080	0.00822	0.00514	0.00139	0.07690	0.00707	0.00310	0.00421
15	0.04875	0.05722	0.04839	0.05410	0.12022	0.17997	0.01981	0.09757	0.16741	0.05031	0.01037	0.08280	0.00878	0.00509	0.00414	0.00123	0.03154	0.00406	0.00284	0.00540
16	0.02898	0.00908	0.07312	0.18144	0.05938	0.05587	0.15996	0.08195	0.00915	0.01233	0.01051	0.16024	0.01009	0.04580	0.01618	0.00154	0.04804	0.02011	0.01157	0.00467
17	0.00928	0.02602	0.07747	0.16892	0.38940	0.00905	0.05937	0.02182	0.09268	0.03944	0.04685	0.01183	0.02189	0.00418	0.00400	0.00124	0.00463	0.00389	0.00237	0.00568
18	0.21363	0.00676	0.00780	0.00710	0.05689	0.00666	0.00529	0.08249	0.01038	0.27057	0.14994	0.01650	0.10377	0.00555	0.00378	0.00121	0.00305	0.00445	0.00376	0.04042
19	0.05816	0.00523	0.00605	0.00568	0.00704	0.00516	0.02631	0.09775	0.03256	0.01299	0.08076	0.19178	0.33548	0.05420	0.03656	0.00170	0.00301	0.03217	0.00353	0.00389
20	0.01062	0.66882	0.04073	0.00716	0.01033	0.07719	0.00685	0.04309	0.00869	0.01020	0.00676	0.05657	0.00641	0.00402	0.00287	0.00092	0.00436	0.00277	0.00194	0.02970

[dist]
# distance from previous block
# <min> <max>
16	38

[block]
# block no. 7 follows, 68 sequences, length 6
# corresponding to MSA columns:
# 169-174
name=unknown_H
#
# <colnr> <probs for GDERKNQSTAVLIFYWHMCP>
#	G	D	E	R	K	N	Q	S	T	A	V	L	I	F	Y	W	H	M	C	P
0	0.04626	0.00668	0.00850	0.00732	0.00874	0.06121	0.10865	0.05774	0.05152	0.02922	0.10073	0.07335	0.03791	0.21840	0.14270	0.00272	0.00504	0.00532	0.02398	0.00399
1	0.16004	0.08741	0.00852	0.00647	0.00866	0.03307	0.00526	0.03002	0.17769	0.16929	0.10202	0.04395	0.10490	0.00604	0.00384	0.00126	0.00316	0.03973	0.00361	0.00507
2	0.08898	0.00553	0.06145	0.00541	0.00689	0.00455	0.00448	0.00815	0.00987	0.04482	0.45478	0.11476	0.15949	0.00805	0.00442	0.00130	0.00238	0.00693	0.00384	0.00393
3	0.00696	0.00620	0.08419	0.00598	0.00760	0.00502	0.00501	0.00899	0.05736	0.07460	0.09897	0.06467	0.18228	0.14780	0.17812	0.00271	0.00464	0.00575	0.00308	0.05006
4	0.00927	0.05341	0.08741	0.00828	0.05531	0.08554	0.03275	0.03595	0.00894	0.03254	0.00822	0.06563	0.00720	0.00393	0.00336	0.00086	0.00390	0.00323	0.00239	0.49185
5	0.04056	0.07694	0.10423	0.00849	0.05608	0.04188	0.04445	0.07594	0.05683	0.10282	0.06630	0.08456	0.12266	0.05228	0.00519	0.00139	0.03198	0.00503	0.00308	0.01931

[dist]
# distance from previous block
# <min> <max>
0	62

[block]
# block no. 8 follows, 68 sequences, length 23
# corresponding to MSA columns:
# 237-259
name=unknown_I
#
# <colnr> <probs for GDERKNQSTAVLIFYWHMCP>
#	G	D	E	R	K	N	Q	S	T	A	V	L	I	F	Y	W	H	M	C	P
0	0.01074	0.00783	0.05457	0.08550	0.06813	0.00761	0.03466	0.08407	0.06942	0.21986	0.10015	0.01548	0.05972	0.02464	0.05494	0.00165	0.07918	0.00448	0.01204	0.00533
1	0.00492	0.00399	0.00432	0.00431	0.00546	0.00344	0.00318	0.00605	0.00930	0.01164	0.20086	0.07902	0.60044	0.03902	0.00524	0.00142	0.00206	0.00819	0.00378	0.00339
2	0.00524	0.00404	0.00447	0.00442	0.00559	0.00352	0.00329	0.00642	0.00933	0.02776	0.20729	0.08672	0.54881	0.02649	0.02122	0.00147	0.00222	0.00799	0.02021	0.00348
3	0.00478	0.00397	0.00418	0.00424	0.00544	0.00337	0.00313	0.00582	0.00909	0.01109	0.10435	0.11311	0.69360	0.01010	0.00472	0.00136	0.00202	0.00854	0.00374	0.00337
4	0.00639	0.00499	0.00593	0.00607	0.04769	0.02594	0.00426	0.03854	0.01043	0.02993	0.43040	0.07064	0.24640	0.03417	0.00508	0.00137	0.00242	0.02159	0.00389	0.00389
5	0.43334	0.12140	0.00985	0.00676	0.00953	0.02871	0.00571	0.25773	0.01085	0.05307	0.00733	0.00786	0.00552	0.00405	0.00302	0.00115	0.00369	0.00269	0.02251	0.00524
6	0.02636	0.04089	0.17403	0.02096	0.04632	0.12113	0.18541	0.06245	0.17192	0.01353	0.02892	0.02571	0.00800	0.00468	0.00456	0.02401	0.02929	0.00387	0.00253	0.00541
7	0.00940	0.00924	0.01446	0.24367	0.55425	0.05852	0.01142	0.01174	0.00891	0.01207	0.02446	0.01027	0.00659	0.00378	0.00393	0.00121	0.00495	0.00355	0.00196	0.00563
8	0.00742	0.00556	0.00744	0.00783	0.07002	0.01825	0.01576	0.07133	0.03169	0.05105	0.03485	0.25519	0.02739	0.08822	0.26396	0.00315	0.02744	0.00636	0.00298	0.00410
9	0.01487	0.01720	0.01138	0.00998	0.01227	0.66322	0.00763	0.19177	0.01285	0.01304	0.00687	0.00767	0.00546	0.00423	0.00366	0.00106	0.00654	0.00278	0.00246	0.00506
10	0.00895	0.11867	0.01144	0.00849	0.06209	0.03416	0.06364	0.04815	0.02720	0.02565	0.06066	0.08413	0.00981	0.00510	0.01742	0.00108	0.05903	0.00388	0.00256	0.34790
11	0.15164	0.09939	0.10090	0.00893	0.05446	0.11866	0.00753	0.19564	0.01135	0.17654	0.00921	0.03318	0.00691	0.00444	0.00354	0.00116	0.00444	0.00329	0.00306	0.00569
12	0.01450	0.08244	0.01198	0.00992	0.01210	0.75691	0.00759	0.03995	0.01122	0.01014	0.00618	0.00716	0.00516	0.00405	0.00351	0.00101	0.00685	0.00255	0.00207	0.00470
13	0.00574	0.00393	0.00478	0.00478	0.00493	0.00409	0.00297	0.00606	0.00590	0.00802	0.01208	0.02366	0.01342	0.67753	0.20195	0.00440	0.00534	0.00543	0.00234	0.00265
14	0.00633	0.00380	0.00563	0.00563	0.00593	0.00409	0.00403	0.00599	0.00569	0.00788	0.00868	0.01410	0.00846	0.05613	0.36082	0.48206	0.00645	0.00388	0.00192	0.00251
15	0.01290	0.01380	0.01043	0.00923	0.01150	0.40806	0.00710	0.12271	0.33391	0.01440	0.01051	0.01047	0.00807	0.00468	0.00381	0.00117	0.00521	0.00344	0.00308	0.00554
16	0.85551	0.00780	0.00606	0.00536	0.00784	0.00902	0.00442	0.04243	0.00720	0.01806	0.00567	0.00656	0.00439	0.00372	0.00251	0.00123	0.00312	0.00220	0.00251	0.00439
17	0.00951	0.03469	0.02653	0.15927	0.13302	0.03520	0.13855	0.12185	0.00960	0.03019	0.00915	0.02532	0.02492	0.02699	0.08319	0.00185	0.10430	0.01848	0.00235	0.00505
18	0.00689	0.00344	0.00517	0.00517	0.00517	0.00344	0.00344	0.00517	0.00517	0.00689	0.00689	0.01205	0.00689	0.01377	0.01550	0.88464	0.00344	0.00344	0.00172	0.00172
19	0.00920	0.00863	0.02976	0.21881	0.33019	0.02594	0.09761	0.04333	0.00927	0.04086	0.06409	0.02916	0.00876	0.00480	0.01930	0.00134	0.02460	0.00406	0.02497	0.00532
20	0.01516	0.01096	0.01181	0.00905	0.01222	0.01208	0.00748	0.79529	0.01839	0.05275	0.00973	0.00965	0.00685	0.00476	0.00397	0.00119	0.00433	0.00358	0.00400	0.00674
21	0.00858	0.01010	0.18055	0.00984	0.09704	0.04758	0.04369	0.09215	0.02677	0.02951	0.16627	0.03813	0.04375	0.10279	0.02472	0.00167	0.05482	0.00477	0.01243	0.00482
22	0.00566	0.00425	0.00637	0.00637	0.00708	0.00496	0.00496	0.00708	0.00637	0.00920	0.01062	0.01558	0.00991	0.02974	0.84494	0.00637	0.01062	0.00425	0.00212	0.00354

[dist]
# distance from previous block
# <min> <max>
7	12

[block]
# block no. 9 follows, 68 sequences, length 23
# corresponding to MSA columns:
# 275-297
name=unknown_J
#
# <colnr> <probs for GDERKNQSTAVLIFYWHMCP>
#	G	D	E	R	K	N	Q	S	T	A	V	L	I	F	Y	W	H	M	C	P
0	0.03164	0.06912	0.18274	0.04160	0.09239	0.06392	0.05923	0.11765	0.11308	0.02711	0.06998	0.01138	0.00896	0.01754	0.00487	0.00129	0.07566	0.00372	0.00263	0.00549
1	0.00538	0.00409	0.00455	0.00441	0.00563	0.00354	0.00329	0.00659	0.00956	0.03728	0.25373	0.05045	0.54964	0.03792	0.00519	0.00140	0.00208	0.00788	0.00386	0.00352
2	0.04576	0.20448	0.03123	0.04690	0.18198	0.09297	0.00834	0.21652	0.03552	0.05237	0.00795	0.00909	0.00629	0.01653	0.00402	0.00116	0.02745	0.00314	0.00261	0.00571
3	0.00569	0.00444	0.00523	0.00525	0.00627	0.00426	0.00385	0.00817	0.11096	0.01308	0.30711	0.24843	0.24359	0.00942	0.00470	0.00138	0.00218	0.00824	0.00396	0.00381
4	0.01028	0.44565	0.01881	0.04333	0.12804	0.04846	0.15307	0.04188	0.00896	0.01122	0.02593	0.00864	0.00632	0.00404	0.01538	0.00112	0.01859	0.00307	0.00196	0.00525
5	0.00633	0.00444	0.00532	0.00496	0.00624	0.00406	0.00377	0.00836	0.05169	0.06843	0.48010	0.03059	0.29404	0.00839	0.00460	0.00128	0.00208	0.00722	0.00416	0.00394
6	0.00867	0.00867	0.01214	0.01041	0.01041	0.01214	0.00867	0.00954	0.00607	0.00954	0.00520	0.00867	0.00520	0.00694	0.01301	0.00173	0.85340	0.00347	0.00173	0.00434
7	0.00567	0.00424	0.00631	0.00631	0.00700	0.00492	0.00488	0.00704	0.00635	0.00916	0.01067	0.01588	0.01004	0.05374	0.82112	0.00630	0.01042	0.00429	0.00213	0.00351
8	0.00570	0.00412	0.00570	0.00570	0.00618	0.00459	0.00412	0.00665	0.00617	0.00871	0.01123	0.01897	0.01138	0.30148	0.57522	0.00555	0.00840	0.00474	0.00222	0.00317
9	0.00795	0.02051	0.84011	0.01130	0.01716	0.00921	0.01465	0.01256	0.00837	0.01256	0.00712	0.00837	0.00502	0.00377	0.00377	0.00126	0.00586	0.00293	0.00167	0.00586
10	0.03457	0.73611	0.12078	0.00729	0.01096	0.01471	0.00768	0.01195	0.00806	0.00996	0.00571	0.00661	0.00506	0.00345	0.00269	0.00091	0.00441	0.00222	0.00171	0.00516
11	0.88866	0.00767	0.00583	0.00521	0.00767	0.00889	0.00429	0.01166	0.00675	0.01779	0.00552	0.00644	0.00429	0.00368	0.00245	0.00123	0.00307	0.00215	0.00245	0.00429
12	0.01468	0.04583	0.01154	0.01011	0.01219	0.81829	0.00763	0.01571	0.01113	0.00969	0.00611	0.00712	0.00511	0.00406	0.00354	0.00102	0.00706	0.00254	0.00203	0.00461
13	0.00562	0.00404	0.00526	0.00496	0.00586	0.00375	0.00369	0.00742	0.01101	0.01558	0.80223	0.02948	0.03653	0.04091	0.00527	0.00135	0.00195	0.00712	0.00429	0.00369
14	0.02297	0.00843	0.01116	0.39075	0.05926	0.05697	0.03056	0.16311	0.05647	0.04360	0.05813	0.01321	0.05883	0.00480	0.00403	0.00127	0.00461	0.00407	0.00273	0.00506
15	0.00534	0.00369	0.00458	0.00508	0.00525	0.00358	0.00326	0.00579	0.00685	0.00912	0.01756	0.43372	0.02067	0.39697	0.01194	0.00264	0.00308	0.05491	0.00310	0.00287
16	0.01102	0.02396	0.04187	0.02914	0.28823	0.25374	0.14658	0.04093	0.04517	0.01223	0.00853	0.03930	0.01934	0.00426	0.00413	0.00119	0.01899	0.00379	0.00222	0.00540
17	0.02698	0.00823	0.00910	0.00754	0.00970	0.00901	0.00591	0.37635	0.15525	0.08010	0.01189	0.02677	0.00984	0.16476	0.07858	0.00216	0.00446	0.00431	0.00357	0.00549
18	0.16622	0.11166	0.11334	0.00937	0.07699	0.11196	0.02663	0.08207	0.05266	0.03409	0.06764	0.02467	0.01771	0.01544	0.00432	0.00123	0.05885	0.00349	0.01658	0.00508
19	0.00986	0.06989	0.23362	0.01688	0.40683	0.03782	0.02499	0.04843	0.02795	0.03438	0.00787	0.02346	0.00637	0.00399	0.00409	0.00120	0.03090	0.00343	0.00211	0.00594
20	0.01067	0.15501	0.17725	0.02444	0.18896	0.03308	0.01990	0.13411	0.03226	0.07267	0.03067	0.02348	0.00757	0.02428	0.00421	0.00121	0.01863	0.00346	0.00254	0.03561
21	0.01853	0.00585	0.05440	0.00645	0.05170	0.01654	0.00479	0.01969	0.05368	0.01277	0.25228	0.12998	0.27052	0.06386	0.00552	0.00148	0.00269	0.00709	0.00354	0.01865
22	0.05119	0.12174	0.24054	0.01061	0.08816	0.17900	0.02608	0.07983	0.03443	0.01295	0.03564	0.01029	0.04376	0.00439	0.00391	0.00115	0.03059	0.00330	0.00227	0.02019

[dist]
# distance from previous block
# <min> <max>
4	21

[block]
# block no. 10 follows, 68 sequences, length 9
# corresponding to MSA columns:
# 319-327
name=unknown_K
#
# <colnr> <probs for GDERKNQSTAVLIFYWHMCP>
#	G	D	E	R	K	N	Q	S	T	A	V	L	I	F	Y	W	H	M	C	P
0	0.04207	0.28448	0.06605	0.03331	0.03071	0.11954	0.04752	0.17362	0.01101	0.08849	0.04151	0.00944	0.00732	0.00474	0.02291	0.00120	0.00484	0.00314	0.00265	0.00545
1	0.00680	0.00469	0.00561	0.00505	0.00664	0.00399	0.00383	0.00820	0.00967	0.09373	0.27502	0.11290	0.30113	0.00812	0.00439	0.00121	0.00227	0.00697	0.00381	0.13595
2	0.00611	0.03948	0.00596	0.00507	0.00632	0.00462	0.00390	0.05657	0.01084	0.01460	0.50975	0.05588	0.24945	0.00837	0.00456	0.00126	0.00217	0.00720	0.00403	0.00386
3	0.01163	0.17049	0.04019	0.01077	0.13352	0.25757	0.02765	0.09905	0.03404	0.04050	0.06031	0.02423	0.03001	0.00454	0.00363	0.00109	0.00491	0.00352	0.03715	0.00520
4	0.01061	0.04941	0.00933	0.00810	0.06103	0.00819	0.00592	0.16182	0.20563	0.12673	0.10393	0.03670	0.01335	0.12328	0.02025	0.00169	0.02218	0.00467	0.02182	0.00534
5	0.00480	0.00397	0.00421	0.00426	0.00545	0.00338	0.00315	0.00587	0.00915	0.01123	0.12568	0.11197	0.67310	0.01005	0.00472	0.00135	0.00202	0.00850	0.00376	0.00338
6	0.01228	0.02827	0.03552	0.08722	0.27591	0.23513	0.03240	0.14678	0.01117	0.06798	0.00786	0.00925	0.00610	0.00408	0.00403	0.00117	0.02340	0.00329	0.00247	0.00567
7	0.02477	0.09202	0.15500	0.03541	0.21308	0.07515	0.07410	0.09405	0.04001	0.06556	0.00862	0.01091	0.00700	0.08121	0.00526	0.00142	0.00494	0.00356	0.00240	0.00553
8	0.00759	0.00559	0.03147	0.00627	0.00767	0.00505	0.05665	0.03974	0.04763	0.10353	0.12739	0.16312	0.14935	0.20142	0.02790	0.00204	0.00337	0.00676	0.00344	0.00402

[dist]
# distance from previous block
# <min> <max>
0	3

[block]
# block no. 11 follows, 68 sequences, length 41
# corresponding to MSA columns:
# 331-371
name=unknown_L
#
# <colnr> <probs for GDERKNQSTAVLIFYWHMCP>
#	G	D	E	R	K	N	Q	S	T	A	V	L	I	F	Y	W	H	M	C	P
0	0.00810	0.06752	0.79440	0.01105	0.01677	0.00957	0.01421	0.01252	0.00835	0.01238	0.00703	0.00826	0.00503	0.00375	0.00370	0.00123	0.00577	0.00288	0.00168	0.00582
1	0.01239	0.11319	0.01250	0.03640	0.09482	0.32814	0.02066	0.11463	0.14307	0.02744	0.01809	0.00959	0.00715	0.00435	0.00380	0.00112	0.01926	0.00322	0.02482	0.00536
2	0.01209	0.20047	0.15325	0.01094	0.11735	0.13850	0.03990	0.11311	0.01057	0.13229	0.00907	0.00966	0.02751	0.00414	0.00360	0.00111	0.00494	0.00321	0.00259	0.00570
3	0.00617	0.00438	0.00536	0.00541	0.02009	0.00442	0.00363	0.00745	0.05033	0.03283	0.08490	0.05742	0.13013	0.39237	0.16527	0.00338	0.00457	0.01569	0.00291	0.00329
4	0.00857	0.01604	0.52141	0.01160	0.01635	0.00912	0.16621	0.01355	0.11076	0.03013	0.01977	0.01140	0.00730	0.00424	0.00406	0.00130	0.00549	0.03476	0.00221	0.00572
5	0.00871	0.02687	0.04899	0.08087	0.16508	0.12266	0.04477	0.02958	0.05420	0.02955	0.06332	0.17211	0.09335	0.00664	0.00427	0.00131	0.00419	0.03597	0.00285	0.00472
6	0.02826	0.14448	0.17290	0.03093	0.20000	0.07613	0.08750	0.07220	0.00962	0.07821	0.00804	0.01971	0.00641	0.02494	0.00432	0.00124	0.02386	0.00339	0.00229	0.00561
7	0.00493	0.00370	0.00459	0.00514	0.00575	0.00336	0.00361	0.00587	0.00841	0.01096	0.11399	0.52926	0.23611	0.01129	0.00494	0.00151	0.00222	0.03730	0.00375	0.00332
8	0.02400	0.20888	0.01057	0.00683	0.00870	0.13413	0.03974	0.04291	0.00946	0.01154	0.12374	0.12432	0.15409	0.04662	0.00474	0.00133	0.00379	0.03750	0.00292	0.00419
9	0.03509	0.06878	0.18633	0.06631	0.16578	0.04050	0.00904	0.10837	0.03346	0.05974	0.06714	0.07482	0.02845	0.03370	0.00445	0.00132	0.00438	0.00430	0.00270	0.00535
10	0.04614	0.04539	0.06026	0.01339	0.19292	0.09484	0.12984	0.28126	0.03339	0.01661	0.00857	0.03497	0.00683	0.00429	0.00392	0.00119	0.00499	0.00372	0.00274	0.01473
11	0.00566	0.00387	0.00434	0.00432	0.00449	0.00379	0.00252	0.00583	0.00631	0.00833	0.05113	0.02726	0.09274	0.74304	0.01804	0.00349	0.00358	0.00607	0.00261	0.00255
12	0.03881	0.02385	0.01160	0.02734	0.01216	0.26727	0.11771	0.13631	0.12348	0.05718	0.05007	0.05340	0.00974	0.04765	0.00478	0.00134	0.00505	0.00415	0.00296	0.00514
13	0.07527	0.20896	0.15607	0.00975	0.06882	0.14748	0.04210	0.04762	0.02063	0.04253	0.02885	0.03275	0.00726	0.00615	0.06586	0.00152	0.02776	0.00328	0.00224	0.00510
14	0.00495	0.00353	0.00473	0.00565	0.00593	0.00332	0.00388	0.00572	0.00770	0.01025	0.02179	0.79800	0.02597	0.01231	0.00509	0.00163	0.00240	0.07021	0.00368	0.00325
15	0.04901	0.01822	0.01104	0.00999	0.01208	0.78648	0.00753	0.04044	0.01129	0.01049	0.00621	0.00720	0.00513	0.00409	0.00354	0.00103	0.00690	0.00257	0.00212	0.00465
16	0.00849	0.06528	0.56376	0.01246	0.01759	0.00984	0.22725	0.01250	0.00857	0.01236	0.00723	0.00888	0.00529	0.00369	0.00410	0.00126	0.02067	0.00336	0.00176	0.00565
17	0.05549	0.05315	0.03885	0.05998	0.37791	0.06002	0.10245	0.02392	0.10091	0.02221	0.00920	0.03156	0.02187	0.00422	0.00407	0.00123	0.02116	0.00383	0.00233	0.00564
18	0.03105	0.02455	0.07824	0.01237	0.09913	0.00890	0.27485	0.13610	0.01935	0.03974	0.06885	0.04209	0.03010	0.00716	0.08586	0.00178	0.02737	0.00455	0.00267	0.00528
19	0.00577	0.00384	0.00432	0.00432	0.00432	0.00384	0.00240	0.00577	0.00577	0.00769	0.01249	0.02595	0.01441	0.86066	0.02018	0.00384	0.00384	0.00577	0.00240	0.00240
20	0.01006	0.00923	0.01567	0.05147	0.77468	0.00925	0.01187	0.01239	0.00909	0.04687	0.00778	0.00999	0.00639	0.00360	0.00393	0.00118	0.00467	0.00355	0.00208	0.00624
21	0.05392	0.01326	0.01233	0.01058	0.04653	0.35203	0.10711	0.18445	0.04576	0.09683	0.01981	0.02350	0.00711	0.00442	0.00385	0.00116	0.00553	0.00348	0.00288	0.00544
22	0.00483	0.00345	0.00460	0.00552	0.00575	0.00322	0.00368	0.00552	0.00759	0.01012	0.02185	0.85807	0.02622	0.01242	0.00506	0.00161	0.00230	0.01127	0.00368	0.00322
23	0.00749	0.00705	0.01189	0.85113	0.02731	0.00881	0.01101	0.01013	0.00793	0.01013	0.00705	0.01057	0.00529	0.00396	0.00396	0.00132	0.00529	0.00352	0.00176	0.00440
24	0.00749	0.00705	0.01189	0.85113	0.02731	0.00881	0.01101	0.01013	0.00793	0.01013	0.00705	0.01057	0.00529	0.00396	0.00396	0.00132	0.00529	0.00352	0.00176	0.00440
25	0.00735	0.00715	0.01332	0.29817	0.05487	0.00748	0.25497	0.00960	0.00836	0.01112	0.02336	0.26196	0.01221	0.00632	0.00451	0.00140	0.00475	0.00622	0.00245	0.00441
26	0.00492	0.00351	0.00470	0.00562	0.00589	0.00329	0.00383	0.00567	0.00768	0.01022	0.02181	0.81333	0.02604	0.01234	0.00508	0.00162	0.00237	0.05517	0.00368	0.00324
27	0.00822	0.00705	0.00822	0.00587	0.00940	0.00529	0.00470	0.00998	0.00822	0.01292	0.00705	0.00822	0.00587	0.00294	0.00294	0.00059	0.00294	0.00235	0.00235	0.88490
28	0.00531	0.00404	0.00488	0.00467	0.00574	0.00361	0.00350	0.00690	0.01051	0.01421	0.57601	0.03239	0.29629	0.00873	0.00468	0.00128	0.00192	0.00756	0.00414	0.00361
29	0.01084	0.00994	0.00946	0.00840	0.01069	0.10889	0.00654	0.08114	0.67064	0.01641	0.01445	0.01349	0.01087	0.00518	0.00397	0.00129	0.00371	0.00419	0.00379	0.00611
30	0.00770	0.00727	0.01228	0.77442	0.10233	0.00887	0.01112	0.01032	0.00803	0.01039	0.00709	0.01050	0.00538	0.00392	0.00396	0.00131	0.00523	0.00352	0.00178	0.00458
31	0.01557	0.01031	0.01141	0.00875	0.01190	0.01112	0.00723	0.67686	0.01732	0.17270	0.01063	0.01024	0.00730	0.00479	0.00397	0.00120	0.00418	0.00365	0.00414	0.00674
32	0.00970	0.00930	0.01589	0.06536	0.79581	0.00939	0.01211	0.01207	0.00897	0.01281	0.00744	0.00985	0.00623	0.00355	0.00393	0.00118	0.00474	0.00353	0.00195	0.00619
33	0.00504	0.00404	0.00450	0.00442	0.00561	0.00351	0.00334	0.00635	0.00976	0.01246	0.30281	0.03549	0.54995	0.00942	0.00470	0.00132	0.00200	0.02788	0.00391	0.00349
34	0.01288	0.01638	0.07170	0.04080	0.01485	0.53218	0.17686	0.05421	0.01082	0.01129	0.00677	0.00823	0.00538	0.00398	0.00398	0.00113	0.01843	0.00312	0.00209	0.00494
35	0.00689	0.00344	0.00517	0.00517	0.00517	0.00344	0.00344	0.00517	0.00517	0.00689	0.00689	0.01205	0.00689	0.01377	0.01550	0.88464	0.00344	0.00344	0.00172	0.00172
36	0.81584	0.04117	0.00655	0.00540	0.00788	0.00920	0.00448	0.01208	0.04278	0.01741	0.00599	0.00680	0.00467	0.00374	0.00253	0.00122	0.00312	0.00225	0.00249	0.00441
37	0.01087	0.04006	0.01525	0.11540	0.43029	0.08679	0.08017	0.14738	0.01070	0.01418	0.00761	0.00956	0.00607	0.00382	0.00392	0.00118	0.00510	0.00350	0.00227	0.00586
38	0.13278	0.00740	0.00908	0.00706	0.01006	0.00702	0.00583	0.11624	0.01163	0.63078	0.01356	0.01208	0.00871	0.00473	0.00378	0.00122	0.00345	0.00369	0.00447	0.00642
39	0.00480	0.00404	0.00420	0.00423	0.00552	0.00344	0.00321	0.00587	0.00903	0.01085	0.05871	0.03765	0.76242	0.01051	0.02526	0.00148	0.00228	0.03946	0.00366	0.00337
40	0.76550	0.00797	0.00650	0.02195	0.00847	0.02736	0.00471	0.04133	0.00759	0.06991	0.00635	0.00710	0.00477	0.00381	0.00266	0.00122	0.00327	0.00235	0.00264	0.00455

[dist]
# distance from previous block
# <min> <max>
0	3

[block]
# block no. 12 follows, 68 sequences, length 7
# corresponding to MSA columns:
# 375-381
name=unknown_M
#
# <colnr> <probs for GDERKNQSTAVLIFYWHMCP>
#	G	D	E	R	K	N	Q	S	T	A	V	L	I	F	Y	W	H	M	C	P
0	0.00482	0.00350	0.00455	0.00539	0.00572	0.00323	0.00362	0.00554	0.00772	0.01017	0.02347	0.78571	0.09754	0.01221	0.00503	0.00159	0.00227	0.01102	0.00368	0.00323
1	0.88866	0.00767	0.00583	0.00521	0.00767	0.00889	0.00429	0.01166	0.00675	0.01779	0.00552	0.00644	0.00429	0.00368	0.00245	0.00123	0.00307	0.00215	0.00245	0.00429
2	0.01056	0.00982	0.01645	0.09285	0.42620	0.01007	0.18436	0.17319	0.01091	0.01504	0.00795	0.01001	0.00623	0.00377	0.00410	0.00123	0.00511	0.00378	0.00235	0.00601
3	0.01109	0.60466	0.01738	0.00739	0.01029	0.15184	0.00672	0.05899	0.00916	0.01036	0.00716	0.07522	0.00689	0.00431	0.00300	0.00096	0.00457	0.00301	0.00204	0.00495
4	0.00983	0.00556	0.00679	0.00585	0.00773	0.00521	0.00459	0.04073	0.09529	0.26216	0.29237	0.02450	0.20866	0.00719	0.00438	0.00127	0.00257	0.00609	0.00432	0.00492
5	0.13703	0.00729	0.00791	0.00657	0.00886	0.05470	0.00526	0.09860	0.03623	0.32092	0.22062	0.01688	0.05099	0.00571	0.00395	0.00122	0.00321	0.00461	0.00408	0.00536
6	0.18993	0.01284	0.17376	0.01024	0.04474	0.17126	0.12159	0.07747	0.00960	0.01396	0.03789	0.01070	0.05441	0.00451	0.00419	0.00124	0.05079	0.00351	0.00236	0.00501

[dist]
# distance from previous block
# <min> <max>
0	6

# created by:
# /usr/local/bin/augustus/scripts/msa2prfl.pl /tmp/new_cug/capping-protein-class-1.fasta
