[name]
unknown

[dist]
# distance from previous block
# <min> <max>
20	77

[block]
# block no. 0 follows, 44 sequences, length 9
# corresponding to MSA columns:
# 105-113
name=unknown_A
#
# <colnr> <probs for GDERKNQSTAVLIFYWHMCP>
#	G	D	E	R	K	N	Q	S	T	A	V	L	I	F	Y	W	H	M	C	P
0	0.00928	0.00685	0.00861	0.00791	0.00981	0.00643	0.01972	0.04831	0.03224	0.04566	0.22871	0.14411	0.16230	0.05314	0.06896	0.00249	0.00446	0.04755	0.00492	0.08854
1	0.03290	0.11537	0.25987	0.05277	0.04909	0.02949	0.04992	0.08354	0.06660	0.06448	0.04064	0.01895	0.06159	0.00675	0.00533	0.00170	0.00634	0.04360	0.00362	0.00746
2	0.01501	0.05242	0.14077	0.03034	0.14186	0.03346	0.06893	0.16497	0.10026	0.08553	0.03198	0.01656	0.04884	0.00625	0.00540	0.00165	0.00615	0.00531	0.00404	0.04026
3	0.01633	0.06307	0.06426	0.01174	0.05236	0.06828	0.00937	0.16171	0.08637	0.19607	0.05766	0.15477	0.01736	0.00840	0.00560	0.00173	0.00528	0.00699	0.00498	0.00767
4	0.05448	0.01034	0.01520	0.34546	0.11338	0.02944	0.04049	0.04585	0.06195	0.07639	0.06065	0.03711	0.01271	0.02665	0.04517	0.00220	0.00663	0.00563	0.00353	0.00674
5	0.01432	0.07658	0.17280	0.16757	0.06774	0.03467	0.01302	0.06598	0.09237	0.12963	0.01292	0.01457	0.00960	0.00781	0.04541	0.00208	0.05695	0.00477	0.00360	0.00759
6	0.01189	0.04258	0.01683	0.13116	0.20228	0.03013	0.09470	0.01458	0.01244	0.06858	0.11735	0.09872	0.06898	0.00802	0.00659	0.00179	0.05579	0.00714	0.00375	0.00671
7	0.00788	0.00650	0.04505	0.00689	0.00761	0.00564	0.00486	0.00864	0.00908	0.01204	0.02222	0.10061	0.09371	0.54709	0.04805	0.00446	0.00531	0.05676	0.00367	0.00393
8	0.03866	0.01672	0.27170	0.07429	0.03229	0.04883	0.01310	0.07654	0.03825	0.12921	0.04373	0.06604	0.01354	0.00751	0.00633	0.00183	0.05641	0.05377	0.00388	0.00739

[dist]
# distance from previous block
# <min> <max>
22	36

[block]
# block no. 1 follows, 44 sequences, length 15
# corresponding to MSA columns:
# 162-176
name=unknown_B
#
# <colnr> <probs for GDERKNQSTAVLIFYWHMCP>
#	G	D	E	R	K	N	Q	S	T	A	V	L	I	F	Y	W	H	M	C	P
0	0.01345	0.13590	0.13290	0.04842	0.25447	0.01281	0.08141	0.03098	0.01253	0.08555	0.01471	0.02977	0.06432	0.00603	0.00525	0.00160	0.00626	0.01547	0.00327	0.04490
1	0.01237	0.21629	0.20334	0.01565	0.04100	0.02926	0.24565	0.01612	0.01186	0.01592	0.01152	0.07023	0.01016	0.00589	0.00527	0.00161	0.00719	0.02268	0.00279	0.05517
2	0.01180	0.01423	0.14723	0.33099	0.35756	0.01257	0.01668	0.01572	0.01167	0.01619	0.00995	0.01357	0.00781	0.00515	0.00538	0.00172	0.00705	0.00471	0.00252	0.00752
3	0.00776	0.10130	0.00891	0.00736	0.00838	0.00662	0.00529	0.00884	0.01073	0.01395	0.06890	0.50500	0.11107	0.09950	0.00868	0.00235	0.00363	0.01245	0.00460	0.00467
4	0.01385	0.03226	0.13927	0.01171	0.05527	0.01028	0.00999	0.13472	0.09219	0.14033	0.14393	0.15316	0.02179	0.00885	0.00579	0.00178	0.00492	0.00755	0.00494	0.00741
5	0.01035	0.01260	0.14975	0.51379	0.03027	0.01150	0.01465	0.01500	0.05472	0.01563	0.05267	0.01913	0.01185	0.00651	0.00561	0.00185	0.00682	0.05790	0.00296	0.00643
6	0.00714	0.00612	0.00703	0.00702	0.00831	0.00601	0.00527	0.00841	0.01151	0.01436	0.04408	0.20917	0.52276	0.01400	0.00792	0.00199	0.09787	0.01156	0.00474	0.00473
7	0.02902	0.01428	0.12733	0.19269	0.26318	0.01277	0.08577	0.04586	0.10241	0.05524	0.01217	0.01452	0.00922	0.00547	0.00546	0.00173	0.00673	0.00504	0.00324	0.00786
8	0.01298	0.07238	0.18933	0.27557	0.11309	0.09445	0.05685	0.07028	0.01288	0.01668	0.01032	0.03227	0.00821	0.00560	0.00528	0.00168	0.00744	0.00475	0.00277	0.00716
9	0.01173	0.02463	0.60522	0.06187	0.11370	0.01289	0.01893	0.05664	0.01234	0.01806	0.01001	0.01200	0.00726	0.00523	0.00524	0.00171	0.00771	0.00422	0.00253	0.00808
10	0.10724	0.00560	0.00672	0.00756	0.00836	0.00554	0.00531	0.00901	0.01070	0.01578	0.08230	0.58560	0.03279	0.04260	0.00724	0.00224	0.00342	0.05247	0.00487	0.00465
11	0.01159	0.11124	0.40297	0.09027	0.06005	0.01361	0.06662	0.03337	0.01151	0.01630	0.01045	0.04252	0.00854	0.00707	0.03171	0.00197	0.06553	0.00476	0.00257	0.00736
12	0.06012	0.13870	0.44504	0.01648	0.11432	0.01433	0.04789	0.07029	0.01251	0.01833	0.00969	0.01145	0.00731	0.00513	0.00493	0.00163	0.00722	0.00407	0.00266	0.00791
13	0.10782	0.00595	0.00655	0.00688	0.00832	0.00560	0.00497	0.00964	0.01129	0.05393	0.03622	0.39295	0.30260	0.01392	0.00627	0.00199	0.00322	0.01202	0.00494	0.00491
14	0.01355	0.01375	0.07781	0.08402	0.22247	0.05415	0.13456	0.11828	0.01394	0.03750	0.01273	0.01790	0.01069	0.01025	0.09901	0.00259	0.00804	0.05797	0.00334	0.00744

[dist]
# distance from previous block
# <min> <max>
55	84

[block]
# block no. 2 follows, 44 sequences, length 18
# corresponding to MSA columns:
# 313-330
name=unknown_C
#
# <colnr> <probs for GDERKNQSTAVLIFYWHMCP>
#	G	D	E	R	K	N	Q	S	T	A	V	L	I	F	Y	W	H	M	C	P
0	0.04400	0.03776	0.13806	0.04705	0.15036	0.03286	0.08069	0.16006	0.01495	0.09171	0.01639	0.01747	0.08895	0.00692	0.01780	0.00177	0.00639	0.00544	0.00383	0.03754
1	0.01215	0.05923	0.12254	0.31604	0.11849	0.01280	0.09710	0.04334	0.03029	0.04458	0.02774	0.01583	0.03855	0.00591	0.00587	0.00175	0.03252	0.00522	0.00299	0.00706
2	0.00691	0.00513	0.00627	0.00681	0.00763	0.00468	0.00469	0.00816	0.01156	0.01520	0.16626	0.41665	0.21342	0.09005	0.00871	0.00233	0.00316	0.01283	0.00506	0.00449
3	0.01142	0.01081	0.11415	0.01079	0.02579	0.00859	0.07754	0.08395	0.05005	0.07906	0.08865	0.21911	0.09199	0.00992	0.00590	0.00181	0.00472	0.00876	0.09055	0.00645
4	0.11517	0.13543	0.14258	0.04173	0.08910	0.17923	0.01166	0.09975	0.01392	0.05703	0.03014	0.04031	0.00978	0.00597	0.00483	0.00157	0.00675	0.00446	0.00335	0.00725
5	0.00884	0.00570	0.00786	0.07499	0.01105	0.00550	0.00620	0.01023	0.01133	0.09305	0.06696	0.59516	0.05285	0.01462	0.00664	0.00209	0.00362	0.01315	0.00506	0.00511
6	0.09750	0.20998	0.45652	0.01253	0.01864	0.01402	0.01483	0.01609	0.01109	0.01667	0.01077	0.07834	0.00931	0.00606	0.00475	0.00163	0.00672	0.00463	0.00266	0.00727
7	0.01682	0.08414	0.10122	0.03544	0.07019	0.10805	0.13792	0.12001	0.04381	0.15574	0.01253	0.01368	0.00919	0.00593	0.00621	0.00168	0.06085	0.00487	0.00383	0.00789
8	0.01180	0.01177	0.04992	0.47321	0.19652	0.01240	0.11053	0.01553	0.01166	0.03955	0.01036	0.01434	0.00788	0.00524	0.00556	0.00177	0.00729	0.00504	0.00266	0.00697
9	0.00765	0.08831	0.00859	0.00705	0.00856	0.00646	0.00538	0.00915	0.01203	0.01532	0.13845	0.30150	0.30421	0.01368	0.00637	0.00192	0.00331	0.05224	0.00491	0.00489
10	0.01802	0.01473	0.07900	0.01146	0.01507	0.11336	0.00988	0.26852	0.04164	0.16657	0.01432	0.01485	0.01038	0.00723	0.02118	0.00177	0.06234	0.00483	0.11697	0.00788
11	0.04485	0.04403	0.13597	0.05429	0.15738	0.03095	0.01172	0.04792	0.04229	0.08092	0.03599	0.14147	0.03594	0.00934	0.03446	0.00206	0.07297	0.00669	0.00372	0.00703
12	0.00871	0.00555	0.00713	0.00767	0.00880	0.00505	0.00560	0.01008	0.01173	0.09328	0.05873	0.47867	0.16909	0.01499	0.00676	0.00211	0.00342	0.09229	0.00526	0.00505
13	0.01051	0.02385	0.63456	0.01393	0.02058	0.01120	0.01728	0.01562	0.01139	0.01686	0.07481	0.01453	0.01097	0.00711	0.00695	0.08818	0.00725	0.00460	0.00262	0.00722
14	0.10276	0.02745	0.01557	0.22148	0.08666	0.05401	0.02910	0.20141	0.08370	0.05107	0.03181	0.03263	0.01063	0.00633	0.00550	0.00172	0.02169	0.00511	0.00393	0.00742
15	0.01311	0.01131	0.01430	0.12508	0.09530	0.09082	0.06688	0.09723	0.04222	0.07325	0.05296	0.05362	0.10946	0.03983	0.07525	0.00249	0.00675	0.01951	0.00400	0.00663
16	0.00719	0.00555	0.00726	0.07422	0.01038	0.00531	0.00574	0.00889	0.01222	0.01617	0.22757	0.37391	0.19782	0.01382	0.00658	0.00197	0.00327	0.01225	0.00508	0.00479
17	0.67077	0.00982	0.00863	0.00825	0.03754	0.01114	0.00628	0.01533	0.00939	0.05145	0.00866	0.01062	0.00692	0.00776	0.03185	0.08838	0.00472	0.00340	0.00336	0.00573

[dist]
# distance from previous block
# <min> <max>
5	17

[block]
# block no. 3 follows, 44 sequences, length 16
# corresponding to MSA columns:
# 348-363
name=unknown_D
#
# <colnr> <probs for GDERKNQSTAVLIFYWHMCP>
#	G	D	E	R	K	N	Q	S	T	A	V	L	I	F	Y	W	H	M	C	P
0	0.00824	0.00621	0.00703	0.00696	0.00856	0.00573	0.00513	0.07186	0.01336	0.03333	0.12276	0.26832	0.39508	0.01371	0.00649	0.00192	0.00317	0.01181	0.00524	0.00511
1	0.12740	0.01189	0.01558	0.03441	0.01653	0.06860	0.16268	0.06944	0.12784	0.09104	0.05342	0.06413	0.03591	0.00888	0.04018	0.00211	0.03017	0.02856	0.00424	0.00698
2	0.07347	0.03215	0.01348	0.01101	0.01401	0.06651	0.02041	0.21338	0.18113	0.08666	0.01625	0.09480	0.01374	0.04261	0.00730	0.00191	0.06653	0.00611	0.00470	0.03384
3	0.01211	0.01081	0.06123	0.03295	0.11642	0.01031	0.05347	0.05873	0.16649	0.05783	0.08654	0.02635	0.05629	0.07670	0.02125	0.01661	0.02744	0.07716	0.02443	0.00688
4	0.00755	0.00607	0.00733	0.00738	0.00849	0.00603	0.00546	0.00943	0.03484	0.01588	0.18101	0.24388	0.29784	0.04821	0.00847	0.00213	0.07048	0.02973	0.00496	0.00485
5	0.04881	0.06516	0.05431	0.05343	0.01782	0.44445	0.03852	0.05334	0.01471	0.11985	0.01054	0.01165	0.00803	0.00579	0.00537	0.00153	0.03228	0.00403	0.00340	0.00698
6	0.01363	0.35297	0.26495	0.01255	0.04042	0.05073	0.01293	0.05226	0.09928	0.01679	0.02945	0.01216	0.00935	0.00544	0.00456	0.00148	0.00649	0.00400	0.00296	0.00760
7	0.00678	0.00505	0.00632	0.00711	0.00790	0.00460	0.00497	0.00805	0.01150	0.01506	0.11948	0.52999	0.20233	0.01562	0.00680	0.00208	0.00306	0.03357	0.00517	0.00456
8	0.01125	0.02610	0.09579	0.05081	0.01330	0.02734	0.00878	0.05469	0.01132	0.08709	0.04852	0.03400	0.03034	0.15562	0.24765	0.00453	0.05425	0.02917	0.00362	0.00582
9	0.03514	0.01184	0.08142	0.47134	0.14068	0.01211	0.03054	0.01566	0.04462	0.04301	0.01131	0.03921	0.00897	0.00591	0.00573	0.00180	0.02587	0.00517	0.00286	0.00681
10	0.01380	0.01381	0.03862	0.10726	0.38151	0.02637	0.20840	0.09259	0.02920	0.01902	0.01089	0.01392	0.00856	0.00510	0.00567	0.00170	0.00726	0.00526	0.00302	0.00805
11	0.00800	0.00598	0.00700	0.00702	0.00865	0.00529	0.00517	0.00989	0.03508	0.04288	0.08600	0.29033	0.32609	0.02669	0.00675	0.00195	0.00324	0.04316	0.00501	0.07582
12	0.01573	0.07806	0.05856	0.01672	0.14759	0.16919	0.11079	0.12407	0.01528	0.07600	0.07742	0.03724	0.03617	0.00649	0.00545	0.00161	0.00681	0.00556	0.00379	0.00745
13	0.00683	0.00517	0.00633	0.00699	0.00795	0.00467	0.00499	0.00821	0.01181	0.01533	0.13446	0.43646	0.26261	0.01520	0.00676	0.00205	0.00306	0.05133	0.00518	0.00461
14	0.00811	0.00576	0.00707	0.00727	0.00872	0.00506	0.00531	0.00957	0.01179	0.05512	0.08406	0.39394	0.23580	0.01402	0.00649	0.00195	0.00328	0.05585	0.00505	0.07578
15	0.01341	0.06132	0.13629	0.03571	0.08561	0.06478	0.13324	0.08529	0.16033	0.01875	0.01375	0.06346	0.01144	0.00766	0.02812	0.00197	0.06206	0.00573	0.00356	0.00753

[dist]
# distance from previous block
# <min> <max>
1	8

[block]
# block no. 4 follows, 44 sequences, length 20
# corresponding to MSA columns:
# 372-391
name=unknown_E
#
# <colnr> <probs for GDERKNQSTAVLIFYWHMCP>
#	G	D	E	R	K	N	Q	S	T	A	V	L	I	F	Y	W	H	M	C	P
0	0.05531	0.17128	0.15356	0.02695	0.06971	0.04381	0.01104	0.04907	0.09441	0.01768	0.04000	0.01392	0.01060	0.00854	0.07019	0.00208	0.02893	0.00436	0.00323	0.12533
1	0.03925	0.07019	0.06028	0.01484	0.11144	0.03608	0.09471	0.16711	0.07130	0.06021	0.06267	0.10815	0.03974	0.00773	0.00598	0.00174	0.03030	0.00665	0.00421	0.00743
2	0.00862	0.00742	0.04578	0.00941	0.01110	0.00623	0.09028	0.01036	0.01129	0.05197	0.05796	0.41537	0.12532	0.09143	0.00871	0.00236	0.00433	0.03233	0.00462	0.00512
3	0.02994	0.09440	0.10699	0.05896	0.04528	0.11594	0.09790	0.08546	0.08617	0.08809	0.01423	0.01522	0.04638	0.00604	0.00547	0.00160	0.02476	0.00493	0.00368	0.06856
4	0.03014	0.05302	0.08912	0.01686	0.15800	0.06258	0.12206	0.10489	0.06440	0.06190	0.05356	0.10617	0.01443	0.00708	0.00558	0.00170	0.00621	0.00636	0.00388	0.03208
5	0.01070	0.01097	0.08970	0.01273	0.11177	0.03951	0.05401	0.07770	0.01285	0.01725	0.13704	0.05178	0.09198	0.22417	0.01182	0.00270	0.00547	0.02805	0.00395	0.00587
6	0.01131	0.01314	0.12355	0.07158	0.15271	0.02873	0.09251	0.04300	0.05814	0.01718	0.05083	0.05090	0.12288	0.04250	0.00754	0.00192	0.06171	0.00660	0.00351	0.03978
7	0.02860	0.10863	0.16818	0.07401	0.05154	0.05659	0.06218	0.19504	0.05395	0.04079	0.04221	0.01587	0.01120	0.04769	0.00641	0.00183	0.00659	0.01743	0.00370	0.00757
8	0.01184	0.01347	0.10699	0.12221	0.27416	0.03443	0.08369	0.04187	0.03909	0.01707	0.01758	0.05595	0.11337	0.00709	0.00616	0.00177	0.03648	0.00631	0.00324	0.00722
9	0.00811	0.00737	0.04492	0.00911	0.01071	0.00644	0.05196	0.01115	0.07741	0.01621	0.10790	0.41764	0.11743	0.01374	0.00666	0.00207	0.00392	0.07704	0.00493	0.00529
10	0.04197	0.07982	0.08369	0.09189	0.16007	0.05893	0.04982	0.05478	0.07870	0.03133	0.05555	0.11382	0.05198	0.00770	0.00552	0.00173	0.00585	0.01614	0.00371	0.00700
11	0.01349	0.09115	0.21104	0.03421	0.17158	0.01276	0.10641	0.08850	0.01373	0.07164	0.05890	0.03885	0.01291	0.00644	0.00552	0.00171	0.00659	0.04334	0.00350	0.00771
12	0.01023	0.01149	0.12015	0.01194	0.09415	0.04864	0.00917	0.07799	0.04178	0.01754	0.06847	0.26338	0.18099	0.01114	0.00610	0.00187	0.00474	0.00964	0.00440	0.00616
13	0.01445	0.02947	0.02700	0.01388	0.09633	0.18276	0.04591	0.17275	0.03606	0.01943	0.03615	0.12973	0.06133	0.00978	0.03971	0.00200	0.00662	0.03259	0.00405	0.04000
14	0.06305	0.07000	0.23890	0.01588	0.15071	0.01154	0.06750	0.01663	0.05457	0.07054	0.07538	0.06468	0.02530	0.04424	0.00641	0.00188	0.00608	0.00589	0.00352	0.00729
15	0.06409	0.16892	0.22932	0.04614	0.09770	0.11263	0.06904	0.03067	0.02832	0.01656	0.01126	0.04533	0.00978	0.00609	0.00504	0.00164	0.00706	0.04034	0.00289	0.00717
16	0.01145	0.00983	0.04920	0.00912	0.01110	0.09105	0.00728	0.04571	0.04027	0.08776	0.05176	0.16431	0.09007	0.08697	0.16762	0.00355	0.00695	0.03067	0.02961	0.00572
17	0.01245	0.17308	0.39742	0.04536	0.08044	0.04275	0.01507	0.01669	0.01202	0.05348	0.05719	0.04789	0.01139	0.00604	0.00504	0.00162	0.00682	0.00482	0.00293	0.00748
18	0.01242	0.05267	0.05604	0.21742	0.12589	0.09976	0.05560	0.05071	0.07729	0.01662	0.01574	0.10963	0.04569	0.00745	0.00558	0.00176	0.00643	0.02197	0.01461	0.00675
19	0.05035	0.01122	0.01306	0.02987	0.10425	0.03870	0.00906	0.28690	0.03147	0.02342	0.08503	0.18866	0.01883	0.00987	0.02940	0.00194	0.00534	0.00750	0.00465	0.05050

[dist]
# distance from previous block
# <min> <max>
4	40

[block]
# block no. 5 follows, 44 sequences, length 75
# corresponding to MSA columns:
# 432-506
name=unknown_F
#
# <colnr> <probs for GDERKNQSTAVLIFYWHMCP>
#	G	D	E	R	K	N	Q	S	T	A	V	L	I	F	Y	W	H	M	C	P
0	0.01312	0.01366	0.05172	0.09752	0.57167	0.04302	0.07024	0.01648	0.01234	0.01713	0.01078	0.03779	0.00920	0.00531	0.00550	0.00167	0.00684	0.00521	0.00274	0.00807
1	0.00698	0.00558	0.00620	0.00620	0.00771	0.00493	0.00455	0.00886	0.02901	0.01641	0.22423	0.12971	0.47690	0.03941	0.00717	0.00196	0.00288	0.01131	0.00524	0.00476
2	0.01520	0.27094	0.10986	0.04602	0.07217	0.17721	0.01162	0.05588	0.04163	0.03394	0.00987	0.01155	0.00807	0.00571	0.00567	0.00151	0.07402	0.00393	0.03807	0.00713
3	0.01285	0.10788	0.40838	0.01423	0.05331	0.05318	0.03285	0.07312	0.02896	0.04783	0.01333	0.04727	0.03920	0.00754	0.03513	0.00194	0.00733	0.00499	0.00309	0.00760
4	0.00733	0.00521	0.00635	0.00697	0.00798	0.00466	0.00488	0.00853	0.01149	0.04485	0.06699	0.49902	0.27510	0.01537	0.00671	0.00205	0.00307	0.01358	0.00517	0.00471
5	0.00911	0.00798	0.00933	0.00923	0.01036	0.08655	0.00712	0.01090	0.00976	0.01295	0.01654	0.05421	0.04275	0.05420	0.57929	0.00702	0.03029	0.03426	0.00315	0.00498
6	0.05030	0.10845	0.19665	0.04124	0.21541	0.10970	0.03397	0.11013	0.01393	0.01873	0.01103	0.01391	0.01802	0.00568	0.00510	0.00161	0.00703	0.02834	0.00305	0.00771
7	0.01348	0.01114	0.01504	0.03079	0.27189	0.04392	0.01118	0.13998	0.01424	0.05092	0.01722	0.02373	0.06364	0.03591	0.07799	0.00253	0.03768	0.09750	0.03404	0.00716
8	0.00768	0.00607	0.00762	0.00806	0.00881	0.02996	0.00582	0.00903	0.01023	0.01369	0.05630	0.36763	0.08669	0.06589	0.26574	0.00447	0.02680	0.01071	0.00416	0.00465
9	0.12156	0.05759	0.01380	0.04089	0.04675	0.08877	0.00863	0.14091	0.04575	0.09407	0.02905	0.01399	0.01016	0.00566	0.00469	0.00139	0.00535	0.01921	0.00401	0.24777
10	0.01202	0.03292	0.14421	0.01148	0.03906	0.04103	0.02973	0.12453	0.07551	0.04277	0.07639	0.11406	0.12152	0.02764	0.00646	0.00192	0.00531	0.08225	0.00446	0.00673
11	0.00791	0.00587	0.00675	0.00729	0.00814	0.02936	0.00504	0.00902	0.01121	0.03926	0.08206	0.44707	0.16930	0.11548	0.00936	0.00247	0.00362	0.03130	0.00489	0.00460
12	0.03968	0.04692	0.09563	0.04710	0.28533	0.15420	0.08430	0.01770	0.04212	0.01695	0.01053	0.01346	0.00865	0.00524	0.00516	0.00154	0.00707	0.01922	0.00290	0.09631
13	0.01360	0.07466	0.07439	0.16098	0.18441	0.09788	0.11971	0.06200	0.05175	0.01697	0.01062	0.01352	0.00848	0.00692	0.03669	0.00197	0.05038	0.00484	0.00292	0.00731
14	0.00836	0.00627	0.00837	0.00847	0.00947	0.02218	0.00642	0.01032	0.02590	0.02613	0.03587	0.10992	0.04184	0.10807	0.49408	0.00655	0.01076	0.05259	0.00357	0.00486
15	0.09453	0.03884	0.08943	0.06107	0.03288	0.08584	0.07332	0.14019	0.05998	0.17446	0.01630	0.01661	0.05913	0.00642	0.00524	0.00167	0.00608	0.00519	0.02518	0.00767
16	0.03539	0.15819	0.13448	0.01448	0.08045	0.07275	0.08088	0.12522	0.03298	0.09548	0.01188	0.03685	0.00940	0.00592	0.00552	0.00158	0.03759	0.00472	0.00357	0.05267
17	0.03656	0.00848	0.03515	0.00971	0.03932	0.00801	0.02714	0.07925	0.04971	0.06661	0.22238	0.16895	0.15868	0.01102	0.00663	0.00186	0.03432	0.02507	0.00507	0.00605
18	0.00904	0.00602	0.00739	0.00744	0.00872	0.00565	0.00534	0.03811	0.03276	0.07826	0.17137	0.36749	0.16299	0.06372	0.00786	0.00217	0.00337	0.01181	0.00529	0.00521
19	0.04691	0.03972	0.01197	0.00822	0.01298	0.00831	0.00666	0.03704	0.01166	0.01838	0.00963	0.01116	0.00798	0.00418	0.00403	0.00088	0.00417	0.00326	0.00327	0.74957
20	0.05369	0.02975	0.01639	0.07009	0.12677	0.01152	0.12158	0.10448	0.06093	0.04720	0.04398	0.13143	0.03618	0.03454	0.00732	0.00198	0.05513	0.03620	0.00399	0.00687
21	0.00676	0.00510	0.00620	0.00683	0.00772	0.00460	0.00475	0.00802	0.01162	0.01511	0.13462	0.45645	0.25917	0.03757	0.00732	0.00212	0.00302	0.01334	0.00514	0.00454
22	0.01063	0.00759	0.00878	0.00807	0.01013	0.00756	0.00615	0.07842	0.13958	0.07651	0.26342	0.14017	0.19894	0.01120	0.00620	0.00182	0.00344	0.00963	0.00559	0.00617
23	0.04012	0.16674	0.16418	0.04380	0.10661	0.09213	0.02735	0.09564	0.12743	0.03433	0.01250	0.04393	0.01015	0.00606	0.00500	0.00161	0.00646	0.00481	0.00347	0.00769
24	0.01030	0.00969	0.01635	0.79530	0.03755	0.01211	0.01514	0.01393	0.01090	0.01393	0.00969	0.01453	0.00727	0.00545	0.00545	0.00182	0.00727	0.00484	0.00242	0.00606
25	0.00711	0.00521	0.00668	0.00757	0.00835	0.00486	0.00550	0.00847	0.01135	0.01486	0.08300	0.47175	0.15271	0.04913	0.00782	0.00230	0.00347	0.14026	0.00504	0.00456
26	0.01310	0.01463	0.11114	0.11249	0.51319	0.01306	0.07698	0.04769	0.01274	0.01799	0.01032	0.01346	0.00828	0.00501	0.00546	0.00167	0.00695	0.00489	0.00274	0.00821
27	0.03803	0.01383	0.03731	0.01221	0.01595	0.01499	0.02824	0.40788	0.23096	0.04904	0.01581	0.03999	0.01201	0.00716	0.00618	0.00177	0.04936	0.00557	0.00512	0.00859
28	0.00680	0.00495	0.00635	0.00732	0.00784	0.00464	0.00497	0.00781	0.01048	0.01377	0.03153	0.61187	0.12277	0.07535	0.03830	0.00265	0.00375	0.02960	0.00485	0.00440
29	0.01760	0.03904	0.01994	0.04695	0.04388	0.37953	0.17636	0.13885	0.01580	0.01781	0.00979	0.01182	0.00773	0.00568	0.00597	0.00160	0.04685	0.00453	0.00318	0.00709
30	0.07917	0.10292	0.04553	0.01606	0.18441	0.03298	0.06276	0.10775	0.12596	0.02023	0.08197	0.04573	0.01484	0.04876	0.00643	0.00185	0.00564	0.00573	0.00388	0.00739
31	0.00712	0.00539	0.00663	0.00708	0.00823	0.00490	0.00527	0.00881	0.01257	0.01646	0.22304	0.28576	0.26802	0.01432	0.00674	0.00201	0.00313	0.10451	0.00529	0.00474
32	0.01378	0.06987	0.01836	0.01431	0.01593	0.13783	0.08414	0.05492	0.01121	0.01477	0.01011	0.01342	0.03956	0.00812	0.01256	0.00203	0.46507	0.00490	0.00276	0.00635
33	0.01575	0.03383	0.03296	0.03071	0.01563	0.19035	0.06329	0.10942	0.08206	0.11633	0.07955	0.05708	0.01722	0.02458	0.00641	0.00184	0.01921	0.09232	0.00448	0.00699
34	0.04834	0.13599	0.27032	0.07558	0.18768	0.05662	0.03159	0.05126	0.01246	0.03358	0.01062	0.04299	0.00872	0.00562	0.00503	0.00162	0.00692	0.00461	0.00284	0.00762
35	0.01147	0.00721	0.00942	0.00854	0.01066	0.00684	0.02819	0.04174	0.06211	0.15246	0.27830	0.12418	0.13710	0.01124	0.00635	0.00188	0.00372	0.08682	0.00565	0.00614
36	0.15192	0.02798	0.06078	0.06040	0.06879	0.04438	0.02439	0.11090	0.03590	0.13178	0.06008	0.07740	0.08748	0.00778	0.00563	0.00174	0.02497	0.00627	0.00438	0.00704
37	0.05941	0.09140	0.28692	0.01377	0.01864	0.22780	0.04266	0.06562	0.01324	0.04027	0.00970	0.01144	0.00753	0.00675	0.03009	0.00184	0.05878	0.00403	0.00288	0.00722
38	0.03510	0.01238	0.01315	0.01075	0.01418	0.04353	0.00867	0.36591	0.13558	0.10680	0.11440	0.02030	0.03318	0.00756	0.00554	0.00169	0.00505	0.02176	0.03638	0.00810
39	0.00904	0.00700	0.00858	0.00814	0.00954	0.02376	0.00625	0.02987	0.04559	0.03581	0.30551	0.07624	0.13638	0.04208	0.15556	0.00327	0.05214	0.03507	0.00482	0.00534
40	0.06951	0.17796	0.14454	0.01418	0.04946	0.14013	0.09380	0.14163	0.04780	0.01919	0.01061	0.02865	0.00856	0.00575	0.00524	0.00158	0.02623	0.00446	0.00326	0.00747
41	0.01060	0.00815	0.00883	0.00844	0.01006	0.02954	0.00615	0.05320	0.20237	0.04405	0.05605	0.15961	0.11005	0.21350	0.01164	0.00278	0.00441	0.05000	0.00479	0.00576
42	0.01207	0.00816	0.00948	0.00852	0.01078	0.00828	0.00656	0.10399	0.15569	0.10899	0.22391	0.14178	0.12684	0.01041	0.00602	0.00180	0.00366	0.00892	0.03757	0.00659
43	0.08214	0.03375	0.06275	0.08313	0.13837	0.16068	0.14101	0.05325	0.05907	0.04752	0.01161	0.04333	0.00948	0.00604	0.00594	0.00171	0.04458	0.00514	0.00327	0.00723
44	0.15068	0.08510	0.15977	0.06322	0.01793	0.13368	0.03050	0.11929	0.11233	0.04774	0.01186	0.02439	0.00910	0.00590	0.00488	0.00164	0.00653	0.00442	0.00363	0.00743
45	0.00702	0.00540	0.00634	0.00676	0.00787	0.00492	0.00481	0.00868	0.03002	0.01532	0.13173	0.32530	0.32357	0.06305	0.00794	0.00219	0.00315	0.03621	0.00508	0.00464
46	0.01483	0.44927	0.12444	0.05117	0.06149	0.16317	0.01179	0.01728	0.01194	0.01387	0.00828	0.00998	0.00710	0.00511	0.00464	0.00138	0.03136	0.00344	0.00245	0.00703
47	0.01602	0.07111	0.03820	0.04129	0.07191	0.03236	0.23939	0.27664	0.07326	0.04236	0.03463	0.01473	0.01048	0.00582	0.00563	0.00169	0.00691	0.00543	0.00405	0.00812
48	0.01292	0.03887	0.04868	0.08995	0.06245	0.06280	0.11563	0.13107	0.07735	0.01939	0.07349	0.04202	0.09281	0.00796	0.00665	0.00181	0.06007	0.04516	0.00397	0.00692
49	0.00720	0.00551	0.00662	0.00715	0.00825	0.00511	0.00521	0.00911	0.03901	0.01547	0.11682	0.34551	0.27675	0.04425	0.00751	0.00217	0.00327	0.08525	0.00511	0.00473
50	0.05194	0.04801	0.03814	0.01300	0.04381	0.11490	0.05509	0.23978	0.17463	0.09575	0.01618	0.01690	0.03608	0.00671	0.00537	0.00168	0.00608	0.02322	0.00465	0.00808
51	0.05116	0.26909	0.09186	0.01231	0.04482	0.04361	0.05566	0.13715	0.08902	0.06748	0.01238	0.04553	0.01014	0.00658	0.00547	0.03588	0.00599	0.00474	0.00365	0.00749
52	0.00777	0.00586	0.00736	0.00797	0.00917	0.00561	0.00617	0.01030	0.05331	0.01646	0.14534	0.27514	0.18664	0.01440	0.00687	0.00213	0.00360	0.22572	0.00522	0.00497
53	0.03422	0.12287	0.13303	0.07296	0.07479	0.04628	0.14766	0.05916	0.07188	0.04145	0.03207	0.04246	0.01068	0.00631	0.00649	0.00174	0.08009	0.00529	0.00326	0.00730
54	0.06433	0.11569	0.16084	0.04301	0.08087	0.01387	0.04843	0.21634	0.03249	0.06072	0.01428	0.05944	0.03408	0.00675	0.00525	0.00168	0.00611	0.02416	0.00389	0.00775
55	0.01389	0.28525	0.09705	0.07234	0.02151	0.01618	0.25471	0.05025	0.05436	0.04639	0.01066	0.01269	0.00832	0.00520	0.00544	0.00160	0.02907	0.00473	0.00297	0.00740
56	0.03862	0.00903	0.06268	0.00924	0.01170	0.02314	0.03604	0.03647	0.03664	0.10450	0.10668	0.10092	0.17929	0.06226	0.00768	0.00217	0.00457	0.15763	0.00488	0.00588
57	0.01497	0.08572	0.10185	0.06457	0.26531	0.08654	0.10140	0.10697	0.05759	0.04641	0.01130	0.01326	0.00875	0.00537	0.00531	0.00163	0.00702	0.00476	0.00327	0.00802
58	0.01314	0.01492	0.10282	0.08326	0.26104	0.10983	0.13373	0.01652	0.01306	0.04543	0.10537	0.04908	0.01467	0.00634	0.00568	0.00169	0.00689	0.00593	0.00331	0.00728
59	0.00947	0.00473	0.00710	0.00710	0.00710	0.00473	0.00473	0.00710	0.00710	0.00947	0.00947	0.01657	0.00947	0.01894	0.02131	0.84138	0.00473	0.00473	0.00237	0.00237
60	0.01375	0.21658	0.15965	0.03581	0.07348	0.12230	0.06915	0.06714	0.04254	0.01654	0.01289	0.07289	0.02248	0.01747	0.00542	0.00166	0.00682	0.03321	0.00315	0.00709
61	0.04132	0.07923	0.15513	0.01635	0.12964	0.07482	0.11189	0.09373	0.10674	0.03583	0.04263	0.01587	0.03467	0.00602	0.00529	0.00165	0.00652	0.00518	0.02983	0.00766
62	0.01457	0.01078	0.01309	0.01184	0.04587	0.01149	0.03565	0.23910	0.19152	0.07924	0.07225	0.11870	0.03843	0.00926	0.00600	0.00187	0.00489	0.08257	0.00529	0.00761
63	0.00685	0.00514	0.00631	0.00718	0.00790	0.00476	0.00490	0.00828	0.03281	0.01423	0.03489	0.58858	0.19687	0.04469	0.00756	0.00223	0.00318	0.01407	0.00501	0.00455
64	0.01533	0.22816	0.10756	0.01454	0.06128	0.23809	0.10344	0.04616	0.06584	0.01593	0.01212	0.01341	0.04395	0.00569	0.00492	0.00150	0.00745	0.00447	0.00301	0.00715
65	0.01320	0.11425	0.10492	0.06746	0.20857	0.03489	0.07295	0.10640	0.05576	0.01860	0.03153	0.06597	0.05046	0.00674	0.00568	0.00168	0.02418	0.00582	0.00343	0.00750
66	0.00804	0.00564	0.00728	0.00774	0.00871	0.00539	0.00565	0.01028	0.04486	0.03793	0.24413	0.38536	0.06095	0.04764	0.00763	0.00219	0.00338	0.09690	0.00532	0.00498
67	0.01427	0.11915	0.30658	0.01478	0.04672	0.17506	0.07033	0.08092	0.03302	0.01751	0.03406	0.01278	0.00921	0.00684	0.03416	0.00185	0.00798	0.00438	0.00295	0.00744
68	0.01409	0.08243	0.17288	0.10310	0.10822	0.01265	0.11045	0.07983	0.05514	0.11665	0.03253	0.06307	0.01182	0.00637	0.00548	0.00172	0.00649	0.00566	0.00370	0.00772
69	0.06102	0.01439	0.05160	0.09302	0.40796	0.09866	0.09069	0.03510	0.01271	0.01753	0.01116	0.04276	0.00965	0.00573	0.00544	0.00169	0.00697	0.02339	0.00293	0.00761
70	0.00696	0.00512	0.00638	0.00714	0.00783	0.00480	0.00495	0.00805	0.01068	0.01392	0.04949	0.46181	0.18124	0.11808	0.04198	0.00281	0.00392	0.05567	0.00477	0.00439
71	0.01480	0.30271	0.14538	0.03194	0.03646	0.12674	0.04228	0.06999	0.05156	0.04848	0.02463	0.03783	0.03317	0.00604	0.00477	0.00150	0.00662	0.00461	0.00322	0.00726
72	0.01482	0.09423	0.26368	0.01726	0.15643	0.08879	0.05027	0.10359	0.04894	0.07115	0.01190	0.03394	0.00927	0.00577	0.00521	0.00163	0.00701	0.00475	0.00334	0.00801
73	0.01246	0.04601	0.04898	0.09896	0.02025	0.04042	0.21952	0.06220	0.08226	0.03748	0.02878	0.06362	0.01218	0.01152	0.11407	0.00279	0.08217	0.00615	0.00341	0.00679
74	0.01179	0.07063	0.50455	0.06212	0.07286	0.01267	0.05274	0.03646	0.01215	0.04206	0.01325	0.01482	0.05860	0.00578	0.00527	0.00170	0.00730	0.00475	0.00277	0.00772

[dist]
# distance from previous block
# <min> <max>
0	33

# created by:
# /usr/local/bin/augustus/scripts/msa2prfl.pl /tmp/cug/new/dynactin2-p50.fasta
