[name]
unknown

[dist]
# distance from previous block
# <min> <max>
0	17

[block]
# block no. 0 follows, 32 sequences, length 6
# corresponding to MSA columns:
# 17-22
name=unknown_A
#
# <colnr> <probs for GDERKNQSTAVLIFYWHMCP>
#	G	D	E	R	K	N	Q	S	T	A	V	L	I	F	Y	W	H	M	C	P
0	0.00995	0.00760	0.01015	0.01131	0.07140	0.00739	0.00751	0.01177	0.01408	0.01878	0.17579	0.04504	0.22929	0.10160	0.14601	0.07251	0.00709	0.04162	0.00522	0.00591
1	0.01208	0.01074	0.01531	0.06431	0.09146	0.04451	0.05715	0.01539	0.04276	0.01861	0.10035	0.10074	0.02343	0.08787	0.24665	0.00539	0.04311	0.00884	0.00436	0.00695
2	0.01528	0.00832	0.00906	0.00811	0.01046	0.00839	0.00631	0.10281	0.01722	0.08561	0.09570	0.02639	0.02133	0.00852	0.00546	0.00172	0.00388	0.00689	0.55120	0.00734
3	0.06932	0.03725	0.07344	0.01178	0.01624	0.06112	0.01012	0.16635	0.01821	0.02649	0.06452	0.09713	0.01798	0.00863	0.00602	0.00177	0.00602	0.00692	0.09721	0.20349
4	0.04455	0.04981	0.05574	0.00877	0.01164	0.01028	0.00752	0.11186	0.01621	0.02637	0.01930	0.02264	0.01533	0.04103	0.00634	0.00189	0.00459	0.00606	0.53278	0.00727
5	0.18120	0.06921	0.01697	0.07574	0.01910	0.01583	0.03851	0.22249	0.05528	0.06496	0.01971	0.02076	0.07061	0.00952	0.03075	0.00231	0.00673	0.00629	0.06522	0.00883

[dist]
# distance from previous block
# <min> <max>
3	43

[block]
# block no. 1 follows, 32 sequences, length 11
# corresponding to MSA columns:
# 74-84
name=unknown_B
#
# <colnr> <probs for GDERKNQSTAVLIFYWHMCP>
#	G	D	E	R	K	N	Q	S	T	A	V	L	I	F	Y	W	H	M	C	P
0	0.01732	0.08334	0.08747	0.04255	0.07737	0.07535	0.08885	0.11496	0.01739	0.04672	0.03405	0.04920	0.01310	0.00705	0.00620	0.00175	0.00757	0.00601	0.00430	0.21945
1	0.00944	0.00689	0.00860	0.03383	0.01091	0.00661	0.00638	0.03350	0.01424	0.01879	0.13704	0.35031	0.16467	0.11294	0.01237	0.04319	0.00442	0.01443	0.00586	0.00558
2	0.06949	0.01652	0.06943	0.01339	0.01814	0.05970	0.01148	0.22175	0.06272	0.12523	0.01720	0.04148	0.01329	0.01084	0.05686	0.00253	0.03516	0.00609	0.02299	0.12572
3	0.01691	0.24606	0.12325	0.04373	0.10022	0.08945	0.06842	0.04454	0.01451	0.01867	0.01128	0.01513	0.00979	0.04084	0.00965	0.00220	0.12824	0.00526	0.00322	0.00862
4	0.00832	0.00595	0.00792	0.00924	0.00976	0.00555	0.00624	0.00971	0.01353	0.01821	0.11268	0.68102	0.04648	0.02021	0.00849	0.00266	0.00381	0.01830	0.00636	0.00555
5	0.01644	0.01688	0.01452	0.01340	0.01552	0.24710	0.01015	0.04488	0.09166	0.01784	0.01598	0.02220	0.01449	0.10866	0.23648	0.03185	0.06449	0.00642	0.00401	0.00706
6	0.01192	0.00986	0.00931	0.00913	0.00994	0.08815	0.00587	0.04618	0.01260	0.01573	0.02422	0.15248	0.05529	0.49291	0.02449	0.00497	0.00662	0.01062	0.00456	0.00513
7	0.01251	0.00625	0.00625	0.00625	0.00782	0.00625	0.00469	0.01563	0.01407	0.02502	0.02189	0.02502	0.01720	0.00782	0.00469	0.00156	0.00313	0.00625	0.80144	0.00625
8	0.04453	0.06405	0.05196	0.06221	0.15745	0.04432	0.03699	0.06700	0.05369	0.06839	0.03529	0.01694	0.01239	0.00687	0.00704	0.00182	0.05411	0.00553	0.00429	0.20511
9	0.04363	0.01606	0.10094	0.01807	0.14281	0.04018	0.01329	0.10399	0.12215	0.04950	0.12200	0.02664	0.08031	0.01120	0.04018	0.00253	0.04462	0.00763	0.00524	0.00903
10	0.01251	0.00625	0.00625	0.00625	0.00782	0.00625	0.00469	0.01563	0.01407	0.02502	0.02189	0.02502	0.01720	0.00782	0.00469	0.00156	0.00313	0.00625	0.80144	0.00625

[dist]
# distance from previous block
# <min> <max>
1	1

[block]
# block no. 2 follows, 32 sequences, length 21
# corresponding to MSA columns:
# 87-107
name=unknown_C
#
# <colnr> <probs for GDERKNQSTAVLIFYWHMCP>
#	G	D	E	R	K	N	Q	S	T	A	V	L	I	F	Y	W	H	M	C	P
0	0.03602	0.01441	0.07034	0.08554	0.04975	0.05534	0.03399	0.11548	0.03807	0.05265	0.09312	0.10511	0.06801	0.03122	0.07224	0.00307	0.05392	0.00868	0.00503	0.00801
1	0.01141	0.00957	0.01207	0.01203	0.05979	0.00948	0.00849	0.01467	0.05537	0.02080	0.12928	0.15906	0.17390	0.01275	0.00889	0.00212	0.09422	0.01055	0.04202	0.15352
2	0.01753	0.01568	0.02423	0.19153	0.34127	0.01683	0.06023	0.16162	0.05916	0.02541	0.01411	0.01738	0.01097	0.00674	0.00676	0.00209	0.00812	0.00620	0.00416	0.00998
3	0.01683	0.00896	0.00970	0.00847	0.01111	0.00910	0.00666	0.13038	0.01759	0.11506	0.02151	0.02328	0.01617	0.00792	0.00528	0.00170	0.00415	0.00628	0.57212	0.00774
4	0.01409	0.09235	0.04627	0.08824	0.09216	0.03244	0.04247	0.01820	0.06967	0.01906	0.01453	0.01974	0.01272	0.07902	0.09637	0.04151	0.00833	0.00584	0.00375	0.20325
5	0.01505	0.13949	0.03580	0.13004	0.05476	0.06201	0.04392	0.04757	0.05739	0.03733	0.01757	0.06981	0.03578	0.03597	0.10519	0.04368	0.03169	0.00704	0.02221	0.00769
6	0.01396	0.00980	0.01495	0.01219	0.01517	0.00967	0.16251	0.05925	0.01564	0.02498	0.02050	0.02606	0.01659	0.00801	0.00583	0.00184	0.00543	0.04850	0.52191	0.00720
7	0.01367	0.01305	0.05917	0.01467	0.01848	0.01229	0.15214	0.02223	0.22523	0.02393	0.08678	0.05054	0.06236	0.01108	0.02926	0.00246	0.00658	0.05319	0.13459	0.00831
8	0.01517	0.06827	0.06927	0.01770	0.09765	0.01361	0.11831	0.10159	0.06001	0.05252	0.06760	0.18124	0.02292	0.04895	0.03207	0.00270	0.00728	0.00964	0.00505	0.00844
9	0.03309	0.08965	0.04201	0.01070	0.01306	0.01195	0.00857	0.03833	0.01257	0.01797	0.05446	0.06364	0.01956	0.26373	0.07871	0.00420	0.10322	0.00767	0.00408	0.12284
10	0.01631	0.04606	0.26629	0.02224	0.15136	0.05669	0.11174	0.11598	0.01761	0.02400	0.04998	0.02007	0.05655	0.00747	0.00677	0.00207	0.00871	0.00654	0.00401	0.00954
11	0.01138	0.04084	0.01086	0.00901	0.01158	0.00818	0.00708	0.01373	0.01605	0.06836	0.24122	0.08284	0.28284	0.01371	0.00816	0.00212	0.04103	0.03502	0.00616	0.08982
12	0.03563	0.06591	0.27766	0.01534	0.05321	0.01363	0.01512	0.06517	0.07437	0.05277	0.10879	0.10307	0.03806	0.01142	0.03825	0.00252	0.00747	0.00803	0.00479	0.00881
13	0.05285	0.01464	0.04702	0.01446	0.04229	0.06164	0.07743	0.18014	0.06166	0.02645	0.06859	0.05794	0.05370	0.04442	0.07144	0.00299	0.00772	0.00775	0.09855	0.00831
14	0.01628	0.01476	0.02435	0.10109	0.55912	0.01498	0.01861	0.02069	0.04240	0.05111	0.01717	0.02031	0.05537	0.00695	0.00674	0.00205	0.00758	0.00658	0.00382	0.01006
15	0.00996	0.00855	0.05156	0.00984	0.01111	0.00788	0.00765	0.01180	0.01139	0.01588	0.06349	0.03749	0.02370	0.33110	0.31704	0.00750	0.01117	0.05326	0.00415	0.00548
16	0.01251	0.00625	0.00625	0.00625	0.00782	0.00625	0.00469	0.01563	0.01407	0.02502	0.02189	0.02502	0.01720	0.00782	0.00469	0.00156	0.00313	0.00625	0.80144	0.00625
17	0.01807	0.01316	0.01504	0.01150	0.01661	0.01206	0.00924	0.21692	0.01958	0.09379	0.01967	0.06848	0.05727	0.00800	0.00607	0.00159	0.00557	0.00648	0.00547	0.39542
18	0.14334	0.01748	0.01938	0.12142	0.05330	0.16674	0.09981	0.07696	0.07253	0.02283	0.01528	0.03780	0.01302	0.00991	0.03843	0.00253	0.02885	0.04790	0.00425	0.00822
19	0.01251	0.00625	0.00625	0.00625	0.00782	0.00625	0.00469	0.01563	0.01407	0.02502	0.02189	0.02502	0.01720	0.00782	0.00469	0.00156	0.00313	0.00625	0.80144	0.00625
20	0.08381	0.01032	0.01219	0.03020	0.01426	0.05421	0.04867	0.06712	0.01474	0.02065	0.02596	0.30928	0.02830	0.06984	0.01045	0.04253	0.00593	0.10555	0.03959	0.00640

[dist]
# distance from previous block
# <min> <max>
11	33

[block]
# block no. 3 follows, 32 sequences, length 10
# corresponding to MSA columns:
# 141-150
name=unknown_D
#
# <colnr> <probs for GDERKNQSTAVLIFYWHMCP>
#	G	D	E	R	K	N	Q	S	T	A	V	L	I	F	Y	W	H	M	C	P
0	0.01251	0.00625	0.00625	0.00625	0.00782	0.00625	0.00469	0.01563	0.01407	0.02502	0.02189	0.02502	0.01720	0.00782	0.00469	0.00156	0.00313	0.00625	0.80144	0.00625
1	0.01023	0.00711	0.00828	0.00816	0.00876	0.00714	0.00517	0.04279	0.01213	0.01626	0.07832	0.10940	0.06312	0.52056	0.06998	0.00565	0.00659	0.01069	0.00473	0.00491
2	0.01478	0.05988	0.13255	0.04057	0.04468	0.07242	0.16688	0.04047	0.10771	0.02170	0.06218	0.06392	0.10399	0.00945	0.00714	0.00218	0.00789	0.02848	0.00461	0.00850
3	0.01251	0.00625	0.00625	0.00625	0.00782	0.00625	0.00469	0.01563	0.01407	0.02502	0.02189	0.02502	0.01720	0.00782	0.00469	0.00156	0.00313	0.00625	0.80144	0.00625
4	0.01391	0.01193	0.01391	0.00994	0.01590	0.00894	0.00795	0.01690	0.01391	0.02186	0.01193	0.01391	0.00994	0.00497	0.00497	0.00099	0.00497	0.00398	0.00398	0.80521
5	0.01453	0.04571	0.13957	0.14856	0.08506	0.03702	0.05774	0.10333	0.01655	0.02216	0.02140	0.12357	0.05997	0.01016	0.00707	0.00223	0.00760	0.05980	0.02968	0.00829
6	0.01251	0.00625	0.00625	0.00625	0.00782	0.00625	0.00469	0.01563	0.01407	0.02502	0.02189	0.02502	0.01720	0.00782	0.00469	0.00156	0.00313	0.00625	0.80144	0.00625
7	0.14240	0.14174	0.06756	0.06261	0.07454	0.09259	0.07387	0.04329	0.06350	0.07735	0.01385	0.01653	0.01103	0.03416	0.02732	0.00239	0.03697	0.00548	0.00411	0.00869
8	0.08190	0.01472	0.05762	0.01252	0.01656	0.03578	0.01063	0.24318	0.08688	0.08119	0.02543	0.08654	0.08184	0.01059	0.00680	0.00218	0.00611	0.06310	0.06745	0.00897
9	0.08080	0.06094	0.01636	0.08156	0.01914	0.10803	0.01077	0.14397	0.07179	0.11940	0.02156	0.06115	0.05878	0.04761	0.00792	0.00229	0.00697	0.03877	0.00542	0.03677

[dist]
# distance from previous block
# <min> <max>
0	1

[block]
# block no. 4 follows, 32 sequences, length 6
# corresponding to MSA columns:
# 152-157
name=unknown_E
#
# <colnr> <probs for GDERKNQSTAVLIFYWHMCP>
#	G	D	E	R	K	N	Q	S	T	A	V	L	I	F	Y	W	H	M	C	P
0	0.01630	0.04695	0.07684	0.05363	0.08914	0.04066	0.03012	0.08589	0.08970	0.10851	0.08009	0.16714	0.06446	0.01106	0.00712	0.00220	0.00635	0.00955	0.00561	0.00870
1	0.01236	0.01076	0.01126	0.01130	0.04544	0.06576	0.00818	0.07271	0.06558	0.02328	0.22153	0.07897	0.28043	0.01380	0.00765	0.00222	0.00489	0.05056	0.00626	0.00708
2	0.01529	0.01284	0.01472	0.01421	0.06582	0.04214	0.01028	0.16055	0.10476	0.02482	0.09571	0.06427	0.12831	0.08622	0.01171	0.00271	0.09400	0.03798	0.00559	0.00805
3	0.01831	0.01276	0.01662	0.01610	0.10230	0.01275	0.03399	0.19240	0.05198	0.13083	0.04614	0.12013	0.04221	0.03977	0.00819	0.00232	0.00620	0.06445	0.00600	0.07654
4	0.03543	0.05358	0.04324	0.03428	0.10527	0.07480	0.01158	0.10167	0.07609	0.05374	0.10690	0.10611	0.03793	0.00987	0.00727	0.00205	0.03627	0.00812	0.04040	0.05540
5	0.01796	0.16782	0.02278	0.04818	0.20827	0.04219	0.01351	0.18699	0.05036	0.02451	0.01612	0.08059	0.01467	0.06729	0.00849	0.00231	0.00726	0.00693	0.00452	0.00924

[dist]
# distance from previous block
# <min> <max>
10	34

[block]
# block no. 5 follows, 32 sequences, length 15
# corresponding to MSA columns:
# 202-216
name=unknown_F
#
# <colnr> <probs for GDERKNQSTAVLIFYWHMCP>
#	G	D	E	R	K	N	Q	S	T	A	V	L	I	F	Y	W	H	M	C	P
0	0.22682	0.01532	0.04314	0.01323	0.01630	0.11658	0.06725	0.04433	0.01358	0.02155	0.01461	0.01908	0.03570	0.04882	0.10271	0.05742	0.08723	0.00585	0.04342	0.00706
1	0.01412	0.00781	0.00798	0.00740	0.00943	0.00806	0.00569	0.10074	0.01624	0.02716	0.02117	0.02391	0.01648	0.00785	0.00494	0.00162	0.00366	0.00623	0.70260	0.00690
2	0.05853	0.10396	0.11023	0.01725	0.06320	0.04809	0.09137	0.15476	0.03670	0.08484	0.01489	0.04296	0.01183	0.00750	0.00718	0.00198	0.05113	0.00602	0.00459	0.08298
3	0.01073	0.00649	0.00933	0.00933	0.00998	0.00700	0.00674	0.01078	0.01013	0.01456	0.01576	0.02463	0.01502	0.07367	0.33173	0.35081	0.01087	0.00666	0.07115	0.00459
4	0.01851	0.10871	0.02110	0.11039	0.04835	0.03752	0.06347	0.21712	0.10703	0.05929	0.06348	0.02360	0.06230	0.00859	0.00670	0.00206	0.00713	0.01992	0.00537	0.00935
5	0.01250	0.00997	0.01133	0.01077	0.01222	0.06060	0.00793	0.06267	0.05948	0.01744	0.01816	0.02821	0.01745	0.20878	0.35849	0.07419	0.01222	0.00743	0.00408	0.00610
6	0.03845	0.15108	0.08550	0.07287	0.19660	0.06601	0.04150	0.07048	0.08337	0.02276	0.04872	0.01799	0.01373	0.00703	0.00612	0.00193	0.00757	0.00584	0.05325	0.00921
7	0.01585	0.06700	0.01791	0.06609	0.01980	0.01641	0.05693	0.03009	0.50533	0.02470	0.02350	0.02466	0.01847	0.07265	0.00904	0.00257	0.00621	0.00740	0.00581	0.00959
8	0.16166	0.06978	0.05148	0.03830	0.03767	0.05771	0.01067	0.10463	0.01627	0.09993	0.01546	0.06796	0.01298	0.01046	0.05497	0.00242	0.00725	0.00592	0.00473	0.16976
9	0.01351	0.01344	0.10805	0.01148	0.01540	0.01077	0.01020	0.08171	0.12687	0.05121	0.22721	0.08961	0.11780	0.01144	0.00716	0.00209	0.00514	0.00972	0.00611	0.08107
10	0.01176	0.00949	0.01216	0.06452	0.07450	0.00943	0.00909	0.06057	0.06180	0.02251	0.18799	0.09582	0.18669	0.06601	0.00942	0.00252	0.00505	0.05819	0.00581	0.04669
11	0.08587	0.06519	0.08694	0.04174	0.03597	0.01449	0.01142	0.11149	0.12491	0.02444	0.07871	0.04097	0.05059	0.06550	0.06565	0.00308	0.04437	0.00724	0.00493	0.03651
12	0.01554	0.01675	0.08335	0.05764	0.36962	0.05024	0.07478	0.04618	0.03698	0.02252	0.08894	0.07287	0.01850	0.00812	0.00698	0.00210	0.00777	0.00760	0.00415	0.00938
13	0.01605	0.01209	0.01454	0.01150	0.01617	0.01107	0.03193	0.06937	0.14882	0.09780	0.07539	0.04611	0.07093	0.00839	0.00628	0.00170	0.00521	0.00706	0.00564	0.34394
14	0.07152	0.03949	0.02287	0.12072	0.33114	0.01428	0.08908	0.01896	0.01440	0.05288	0.01597	0.07061	0.01455	0.06144	0.00871	0.00245	0.00769	0.03053	0.00390	0.00881

[dist]
# distance from previous block
# <min> <max>
2	35

[block]
# block no. 6 follows, 32 sequences, length 12
# corresponding to MSA columns:
# 261-272
name=unknown_G
#
# <colnr> <probs for GDERKNQSTAVLIFYWHMCP>
#	G	D	E	R	K	N	Q	S	T	A	V	L	I	F	Y	W	H	M	C	P
0	0.01237	0.01280	0.09428	0.25072	0.02518	0.01174	0.01311	0.06780	0.04249	0.01978	0.02043	0.21128	0.02037	0.06379	0.06641	0.00323	0.00786	0.00956	0.00441	0.04238
1	0.06480	0.00839	0.00882	0.00841	0.00979	0.03598	0.00579	0.01378	0.01218	0.07085	0.02506	0.03668	0.09470	0.36856	0.11058	0.00519	0.00728	0.00865	0.09888	0.00565
2	0.05543	0.03885	0.19865	0.07538	0.03998	0.07411	0.05627	0.13396	0.01743	0.08777	0.01641	0.04739	0.02847	0.01105	0.06021	0.00275	0.03596	0.00641	0.00442	0.00908
3	0.01864	0.04633	0.12188	0.05341	0.08934	0.01474	0.19468	0.08549	0.03550	0.16758	0.04136	0.06799	0.01560	0.00797	0.00706	0.00215	0.00812	0.00753	0.00499	0.00964
4	0.00876	0.00657	0.00797	0.00879	0.00976	0.00618	0.00602	0.01091	0.04649	0.01812	0.08658	0.47338	0.17693	0.08786	0.01068	0.00292	0.00405	0.01623	0.00613	0.00567
5	0.01475	0.01386	0.06236	0.18528	0.19216	0.01357	0.07003	0.05136	0.01535	0.05316	0.07188	0.05390	0.01783	0.05822	0.00955	0.00248	0.04625	0.02663	0.03301	0.00838
6	0.03972	0.07772	0.12091	0.04794	0.22083	0.10518	0.07160	0.06475	0.09194	0.05375	0.03242	0.01729	0.01248	0.00690	0.00645	0.00201	0.00837	0.00591	0.00416	0.00967
7	0.10901	0.04103	0.01378	0.04087	0.01476	0.05010	0.00923	0.01784	0.05856	0.09114	0.02097	0.07651	0.06142	0.15670	0.07886	0.00386	0.13573	0.00793	0.00462	0.00707
8	0.01226	0.00933	0.01136	0.01204	0.05881	0.05678	0.00828	0.01402	0.01371	0.06424	0.10841	0.11251	0.11043	0.06487	0.23865	0.07400	0.00939	0.00964	0.00490	0.00635
9	0.06679	0.04534	0.08943	0.09596	0.12220	0.04246	0.04766	0.01743	0.01420	0.04833	0.08204	0.14434	0.02086	0.01289	0.05675	0.00282	0.06973	0.00852	0.00433	0.00790
10	0.10424	0.07507	0.13820	0.01893	0.12813	0.07443	0.04971	0.04253	0.02916	0.04833	0.03062	0.03719	0.01261	0.02593	0.03864	0.03541	0.09254	0.00602	0.00384	0.00847
11	0.09170	0.14255	0.02243	0.05389	0.16117	0.04401	0.07510	0.01986	0.04231	0.05257	0.01545	0.09176	0.01397	0.00831	0.00750	0.00205	0.07154	0.00682	0.03664	0.04037

[dist]
# distance from previous block
# <min> <max>
20	131

[block]
# block no. 7 follows, 32 sequences, length 13
# corresponding to MSA columns:
# 466-478
name=unknown_H
#
# <colnr> <probs for GDERKNQSTAVLIFYWHMCP>
#	G	D	E	R	K	N	Q	S	T	A	V	L	I	F	Y	W	H	M	C	P
0	0.01466	0.01529	0.04475	0.08428	0.11955	0.13690	0.03002	0.06094	0.01581	0.01977	0.04081	0.21656	0.08706	0.03274	0.00882	0.00238	0.04733	0.01015	0.00465	0.00754
1	0.04527	0.01094	0.01437	0.07053	0.01740	0.01060	0.05132	0.07890	0.04498	0.10735	0.02086	0.15348	0.01991	0.14849	0.01172	0.00281	0.00610	0.00878	0.00518	0.17102
2	0.01779	0.01594	0.01882	0.08400	0.13337	0.12715	0.04738	0.04965	0.10136	0.07694	0.01756	0.03678	0.01457	0.00843	0.00782	0.00209	0.06738	0.04622	0.07008	0.05665
3	0.01507	0.01403	0.05478	0.15917	0.21573	0.01386	0.01503	0.06772	0.01518	0.04126	0.01575	0.10135	0.01424	0.00856	0.00808	0.00207	0.08003	0.00717	0.03275	0.11817
4	0.00825	0.00603	0.00777	0.00898	0.00968	0.00554	0.00611	0.00964	0.01361	0.01801	0.09386	0.62528	0.12258	0.01999	0.00844	0.00262	0.00378	0.01797	0.00632	0.00554
5	0.01466	0.01291	0.01839	0.24709	0.14778	0.01490	0.01455	0.05057	0.17440	0.02289	0.09064	0.02271	0.01813	0.00842	0.00808	0.00221	0.07142	0.00700	0.04456	0.00871
6	0.06804	0.01220	0.01366	0.01174	0.01538	0.01302	0.00944	0.16182	0.17239	0.10745	0.02150	0.02495	0.01700	0.01348	0.08937	0.00302	0.00691	0.05171	0.12848	0.05845
7	0.01595	0.10162	0.06444	0.14017	0.42160	0.01678	0.04799	0.04340	0.01525	0.02098	0.01321	0.04461	0.01134	0.00672	0.00650	0.00201	0.00810	0.00624	0.00343	0.00964
8	0.01318	0.01141	0.01407	0.07581	0.12269	0.06325	0.01063	0.04464	0.06734	0.01974	0.05225	0.13724	0.03938	0.13070	0.10077	0.00394	0.00795	0.04525	0.03257	0.00718
9	0.02131	0.09377	0.04998	0.04455	0.07891	0.13709	0.04302	0.26548	0.06798	0.06664	0.01622	0.05607	0.01302	0.00803	0.00651	0.00199	0.00810	0.00639	0.00515	0.00979
10	0.01320	0.01178	0.05311	0.04025	0.07625	0.01145	0.03550	0.12138	0.01623	0.02236	0.10634	0.07742	0.07050	0.05084	0.21837	0.02503	0.02905	0.00868	0.00479	0.00748
11	0.01416	0.09703	0.01815	0.25510	0.08286	0.01385	0.01281	0.07024	0.03049	0.04596	0.02144	0.05297	0.08328	0.08994	0.05656	0.00315	0.00785	0.03225	0.00428	0.00764
12	0.01202	0.00621	0.00643	0.00660	0.00803	0.00616	0.00487	0.01492	0.01393	0.02412	0.02360	0.10850	0.02029	0.00932	0.00513	0.00170	0.00321	0.00771	0.71109	0.00616

[dist]
# distance from previous block
# <min> <max>
8	242

# created by:
# /usr/local/bin/augustus/scripts/msa2prfl.pl /tmp/new_cug/dynactin4-p62.fasta
