[name]
unknown

[dist]
# distance from previous block
# <min> <max>
7	37

[block]
# block no. 0 follows, 28 sequences, length 35
# corresponding to MSA columns:
# 37-71
name=unknown_A
#
# <colnr> <probs for GDERKNQSTAVLIFYWHMCP>
#	G	D	E	R	K	N	Q	S	T	A	V	L	I	F	Y	W	H	M	C	P
0	0.57948	0.01613	0.08135	0.01390	0.08105	0.01570	0.01086	0.02074	0.01292	0.02930	0.01180	0.01568	0.00987	0.06705	0.00765	0.00264	0.00654	0.00486	0.00426	0.00822
1	0.02680	0.03337	0.02047	0.01850	0.02233	0.66265	0.01393	0.05169	0.04857	0.01928	0.01221	0.01384	0.01000	0.00763	0.00661	0.00191	0.01263	0.00489	0.00402	0.00869
2	0.01304	0.01197	0.01964	0.57641	0.06329	0.01440	0.01778	0.01735	0.01494	0.01928	0.05026	0.08247	0.05094	0.00944	0.00756	0.00245	0.00861	0.00839	0.00393	0.00785
3	0.00869	0.00727	0.00757	0.00771	0.00993	0.00615	0.00570	0.01055	0.01649	0.01996	0.09802	0.13356	0.60616	0.01867	0.00866	0.00249	0.00372	0.01575	0.00681	0.00615
4	0.02651	0.01993	0.02186	0.01695	0.02221	0.02252	0.01402	0.61185	0.03196	0.04309	0.01669	0.01730	0.01209	0.00911	0.00886	0.00228	0.07742	0.00653	0.00688	0.01194
5	0.01748	0.01591	0.02739	0.23558	0.44591	0.01668	0.05558	0.02196	0.01623	0.05664	0.01427	0.01881	0.01130	0.00681	0.00730	0.00225	0.00900	0.00663	0.00377	0.01049
6	0.01841	0.16313	0.04385	0.02281	0.19741	0.05510	0.04211	0.07485	0.17261	0.02468	0.01917	0.07787	0.01661	0.01018	0.02786	0.00246	0.00814	0.00753	0.00492	0.01028
7	0.02976	0.01348	0.01692	0.01312	0.01841	0.01275	0.01079	0.16539	0.02303	0.50360	0.02589	0.02347	0.01689	0.00889	0.00709	0.00218	0.00629	0.00710	0.08312	0.01183
8	0.01750	0.01916	0.12327	0.02567	0.19904	0.04444	0.13584	0.02337	0.07382	0.07909	0.04181	0.08089	0.04107	0.00940	0.00865	0.00239	0.05124	0.00852	0.00479	0.01003
9	0.00877	0.00729	0.00767	0.00775	0.00997	0.00618	0.00575	0.01071	0.01672	0.02043	0.12857	0.12301	0.58529	0.01844	0.00865	0.00248	0.00370	0.01557	0.00687	0.00618
10	0.01858	0.01824	0.08944	0.10930	0.20284	0.04112	0.01707	0.16235	0.06392	0.04095	0.01895	0.07506	0.01660	0.03045	0.00878	0.00251	0.02792	0.04070	0.00506	0.01016
11	0.61696	0.04725	0.01398	0.04692	0.01724	0.01770	0.00951	0.11073	0.01557	0.03303	0.01127	0.01296	0.00864	0.00702	0.00503	0.00222	0.00625	0.00442	0.00475	0.00856
12	0.07587	0.01413	0.01650	0.01394	0.01786	0.01478	0.04123	0.27486	0.05762	0.03162	0.02474	0.26429	0.02455	0.01301	0.00765	0.00238	0.00637	0.01116	0.00645	0.08100
13	0.01961	0.35274	0.03379	0.05780	0.12128	0.06752	0.12451	0.07733	0.01729	0.02163	0.01220	0.01501	0.01021	0.00681	0.00682	0.00196	0.03446	0.00553	0.00367	0.00981
14	0.01813	0.01914	0.02569	0.18019	0.20085	0.15322	0.11521	0.04031	0.01670	0.02097	0.01362	0.01848	0.01119	0.01195	0.07790	0.00320	0.05379	0.00656	0.00367	0.00923
15	0.00880	0.00737	0.00766	0.00759	0.00995	0.00623	0.00569	0.01085	0.01707	0.02083	0.15186	0.06799	0.61727	0.01796	0.00859	0.00243	0.00365	0.01506	0.00691	0.00623
16	0.01614	0.01163	0.01422	0.01260	0.01513	0.01259	0.00987	0.14844	0.04251	0.08223	0.16596	0.16795	0.10571	0.01662	0.04668	0.00301	0.10193	0.01166	0.00669	0.00844
17	0.00904	0.00710	0.00800	0.00851	0.01014	0.00628	0.00610	0.01072	0.01555	0.01943	0.08788	0.25125	0.40584	0.07887	0.01116	0.00300	0.00422	0.04429	0.00661	0.00599
18	0.14953	0.01845	0.05491	0.07658	0.02267	0.08271	0.01345	0.19253	0.02123	0.21177	0.01743	0.01802	0.01224	0.00847	0.00810	0.00229	0.06703	0.00607	0.00605	0.01046
19	0.75519	0.01439	0.01127	0.00994	0.01451	0.01664	0.00819	0.05599	0.01353	0.03331	0.01051	0.01211	0.00811	0.00685	0.00465	0.00225	0.00575	0.00407	0.00465	0.00811
20	0.01879	0.02010	0.02070	0.11086	0.11121	0.24222	0.06190	0.04152	0.03988	0.01984	0.01600	0.02435	0.01462	0.12532	0.05151	0.00350	0.03592	0.02938	0.00408	0.00829
21	0.01512	0.00898	0.00974	0.00894	0.01132	0.00922	0.00688	0.07290	0.07792	0.05084	0.14785	0.03125	0.02763	0.00981	0.00618	0.00193	0.00407	0.00808	0.48348	0.00785
22	0.01438	0.01179	0.01310	0.01207	0.01499	0.01286	0.00917	0.02673	0.37856	0.02829	0.25290	0.06066	0.07019	0.05008	0.00942	0.00266	0.00490	0.01069	0.00739	0.00918
23	0.00884	0.00726	0.00778	0.00789	0.01003	0.00620	0.00583	0.01082	0.01680	0.02075	0.15028	0.14055	0.54493	0.01842	0.00866	0.00249	0.00371	0.01563	0.00691	0.00620
24	0.06124	0.14503	0.02253	0.03701	0.02113	0.22286	0.01298	0.25328	0.02306	0.02875	0.01468	0.03823	0.01202	0.00837	0.00698	0.00203	0.03203	0.00588	0.04216	0.00975
25	0.01618	0.04188	0.21838	0.08983	0.09085	0.01637	0.01794	0.04388	0.03642	0.04628	0.01498	0.05333	0.01259	0.00865	0.00969	0.00226	0.13099	0.00651	0.00404	0.13897
26	0.13539	0.05165	0.17966	0.01948	0.08197	0.18505	0.01676	0.07619	0.01714	0.02399	0.01291	0.03921	0.01088	0.00846	0.00890	0.00229	0.11096	0.00579	0.00398	0.00936
27	0.01487	0.00850	0.00985	0.00893	0.01125	0.00830	0.00687	0.06668	0.01917	0.08318	0.28318	0.03670	0.03741	0.01100	0.00677	0.00200	0.00397	0.00926	0.36442	0.00767
28	0.01411	0.01258	0.01837	0.05274	0.19493	0.01340	0.03411	0.02002	0.12029	0.02416	0.16971	0.11118	0.08933	0.01226	0.00952	0.00247	0.07568	0.01057	0.00570	0.00888
29	0.00895	0.00684	0.00822	0.00901	0.01033	0.00611	0.00633	0.01071	0.01574	0.02034	0.13831	0.41121	0.28137	0.02018	0.00894	0.00269	0.00392	0.01778	0.00691	0.00611
30	0.01897	0.07489	0.15276	0.09972	0.02756	0.15133	0.09393	0.10884	0.01847	0.02326	0.01635	0.03979	0.04163	0.00880	0.00904	0.00231	0.09208	0.00680	0.00413	0.00934
31	0.52882	0.01339	0.01212	0.01053	0.01477	0.01478	0.00848	0.07528	0.01554	0.11960	0.03860	0.05713	0.01466	0.04088	0.00693	0.00250	0.00580	0.00612	0.00555	0.00853
32	0.02101	0.47556	0.03365	0.01598	0.02148	0.19831	0.07634	0.02357	0.01632	0.01788	0.01081	0.01293	0.00951	0.00675	0.00618	0.00178	0.03489	0.00462	0.00332	0.00910
33	0.01277	0.03411	0.01233	0.04381	0.01424	0.00947	0.00824	0.04486	0.05378	0.04944	0.35461	0.15509	0.04725	0.07242	0.01042	0.00269	0.00481	0.01228	0.00689	0.05048
34	0.01753	0.04198	0.05477	0.08451	0.07795	0.09637	0.05484	0.02335	0.11851	0.06522	0.01979	0.10455	0.01775	0.04876	0.01019	0.00255	0.06804	0.00824	0.00491	0.08017

[dist]
# distance from previous block
# <min> <max>
0	21

[block]
# block no. 1 follows, 28 sequences, length 18
# corresponding to MSA columns:
# 93-110
name=unknown_B
#
# <colnr> <probs for GDERKNQSTAVLIFYWHMCP>
#	G	D	E	R	K	N	Q	S	T	A	V	L	I	F	Y	W	H	M	C	P
0	0.02245	0.01583	0.01799	0.01594	0.05926	0.01690	0.01203	0.27226	0.20666	0.13395	0.03028	0.02875	0.11418	0.01034	0.00750	0.00231	0.00653	0.00838	0.00727	0.01118
1	0.00987	0.00744	0.00809	0.00816	0.01040	0.00635	0.00603	0.01173	0.01650	0.05316	0.09004	0.17683	0.53276	0.01853	0.00864	0.00252	0.00388	0.01574	0.00691	0.00643
2	0.02299	0.01949	0.02259	0.02012	0.09157	0.09549	0.07848	0.30362	0.11913	0.06101	0.07414	0.02193	0.01805	0.00878	0.00744	0.00222	0.00828	0.00734	0.00630	0.01102
3	0.00947	0.00729	0.00859	0.00923	0.01087	0.00660	0.00693	0.01144	0.01588	0.02009	0.10189	0.22122	0.34108	0.06879	0.01093	0.00303	0.00455	0.12933	0.00667	0.00612
4	0.79588	0.01406	0.01068	0.00956	0.01406	0.01631	0.00787	0.02137	0.01237	0.03261	0.01012	0.01181	0.00787	0.00675	0.00450	0.00225	0.00562	0.00394	0.00450	0.00787
5	0.01534	0.01431	0.02409	0.21356	0.33036	0.01524	0.05731	0.02020	0.04398	0.02172	0.01780	0.07399	0.01613	0.01195	0.05576	0.00302	0.00932	0.04230	0.00408	0.00952
6	0.01228	0.01034	0.01160	0.01159	0.01291	0.08063	0.00868	0.01436	0.01296	0.01725	0.02154	0.06282	0.02160	0.16928	0.41730	0.00855	0.01449	0.05213	0.03339	0.00631
7	0.05947	0.00910	0.00911	0.00833	0.01077	0.00953	0.00647	0.10993	0.01775	0.03005	0.02207	0.02488	0.01714	0.00841	0.00536	0.00179	0.00416	0.00658	0.63147	0.00762
8	0.01006	0.00736	0.00944	0.00964	0.01067	0.00756	0.00685	0.01167	0.01290	0.01732	0.06055	0.11125	0.13510	0.25591	0.26979	0.00724	0.01051	0.03535	0.00506	0.00576
9	0.00919	0.00677	0.00821	0.00905	0.00998	0.00622	0.00609	0.01055	0.01452	0.01894	0.09773	0.41805	0.19590	0.13787	0.01355	0.00345	0.00449	0.01720	0.00647	0.00579
10	0.24436	0.11567	0.18148	0.04912	0.02180	0.06762	0.01472	0.08396	0.01609	0.02587	0.01292	0.01575	0.01031	0.01304	0.09583	0.00334	0.00983	0.00518	0.00406	0.00905
11	0.01691	0.01705	0.07740	0.09615	0.17716	0.03403	0.03820	0.02279	0.08380	0.04836	0.01538	0.01788	0.01208	0.00663	0.00654	0.00182	0.00754	0.00578	0.00438	0.31013
12	0.29227	0.08909	0.01834	0.01537	0.06890	0.14778	0.03714	0.02249	0.01511	0.06891	0.01387	0.01813	0.01178	0.08263	0.00952	0.00261	0.03462	0.00556	0.03749	0.00837
13	0.01626	0.00981	0.01153	0.01019	0.01298	0.00979	0.00792	0.07878	0.08426	0.11419	0.30381	0.03726	0.03912	0.01135	0.00723	0.00213	0.00439	0.00961	0.22094	0.00846
14	0.01439	0.01746	0.14737	0.12156	0.04996	0.01486	0.04729	0.02294	0.17525	0.02471	0.15496	0.03045	0.07092	0.01040	0.00891	0.00244	0.06282	0.00869	0.00540	0.00922
15	0.00918	0.00714	0.00835	0.00858	0.01032	0.00631	0.00623	0.01138	0.01719	0.02235	0.25986	0.22489	0.34550	0.01834	0.00875	0.00252	0.00373	0.01593	0.00714	0.00631
16	0.01560	0.09066	0.08586	0.08909	0.13776	0.01585	0.01447	0.04697	0.17471	0.02399	0.06123	0.05349	0.10761	0.01077	0.00814	0.03363	0.00698	0.00852	0.00523	0.00943
17	0.01740	0.01365	0.01587	0.01150	0.01785	0.01106	0.00927	0.08643	0.01737	0.06631	0.01432	0.01589	0.01136	0.00594	0.00569	0.00126	0.00570	0.00471	0.00489	0.66355

[dist]
# distance from previous block
# <min> <max>
0	18

[block]
# block no. 2 follows, 28 sequences, length 20
# corresponding to MSA columns:
# 129-148
name=unknown_C
#
# <colnr> <probs for GDERKNQSTAVLIFYWHMCP>
#	G	D	E	R	K	N	Q	S	T	A	V	L	I	F	Y	W	H	M	C	P
0	0.01552	0.01314	0.03739	0.01353	0.01691	0.04932	0.06538	0.12074	0.01990	0.06404	0.13763	0.14956	0.15773	0.01581	0.03172	0.00280	0.00679	0.06741	0.00651	0.00819
1	0.04373	0.01306	0.01762	0.04259	0.05980	0.01657	0.01289	0.01878	0.07366	0.02046	0.01559	0.02195	0.01402	0.05859	0.12161	0.00431	0.33844	0.00695	0.09145	0.00795
2	0.18432	0.01583	0.08196	0.04981	0.06138	0.01495	0.01250	0.14653	0.03984	0.10040	0.01763	0.02048	0.01359	0.03551	0.09290	0.00348	0.00851	0.00630	0.08463	0.00945
3	0.01772	0.04666	0.06179	0.01609	0.08442	0.04836	0.03465	0.07382	0.01773	0.05874	0.05300	0.01881	0.01478	0.00690	0.00620	0.00161	0.00679	0.00569	0.04695	0.37927
4	0.01138	0.00831	0.01041	0.01075	0.01245	0.00813	0.00825	0.05090	0.04279	0.02458	0.22898	0.26003	0.10425	0.01789	0.00888	0.00271	0.00471	0.14906	0.02859	0.00696
5	0.01497	0.01430	0.05752	0.10101	0.21402	0.01356	0.04693	0.05825	0.06120	0.02506	0.15229	0.06007	0.05678	0.05343	0.00937	0.00257	0.00712	0.00918	0.03330	0.00908
6	0.00949	0.00750	0.00852	0.00895	0.01092	0.00669	0.00692	0.01158	0.01628	0.02018	0.09446	0.11246	0.43985	0.06464	0.01073	0.00296	0.00456	0.15049	0.00666	0.00617
7	0.56595	0.05786	0.01599	0.01270	0.01734	0.14336	0.05117	0.02289	0.01429	0.02851	0.01061	0.01253	0.00842	0.00681	0.00514	0.00216	0.00751	0.00436	0.00424	0.00817
8	0.07299	0.06051	0.02178	0.01610	0.02169	0.07789	0.01330	0.52745	0.03029	0.06294	0.01649	0.01669	0.01187	0.00838	0.00691	0.00213	0.00820	0.00612	0.00665	0.01161
9	0.01073	0.00810	0.01154	0.01136	0.01233	0.00943	0.00855	0.01276	0.01143	0.01636	0.01959	0.03159	0.01931	0.18801	0.54316	0.01029	0.05709	0.00826	0.00395	0.00616
10	0.01297	0.01104	0.01169	0.01086	0.01342	0.04871	0.00825	0.02050	0.19196	0.02739	0.39036	0.04740	0.14945	0.01371	0.00816	0.00234	0.00460	0.01174	0.00742	0.00804
11	0.01196	0.00896	0.01081	0.05448	0.01404	0.00900	0.00795	0.08540	0.01629	0.02079	0.04301	0.10402	0.31033	0.05889	0.09579	0.11743	0.00699	0.01181	0.00561	0.00646
12	0.00899	0.00736	0.00780	0.00770	0.00991	0.00631	0.00570	0.01101	0.01697	0.02102	0.17998	0.06608	0.55248	0.05445	0.01002	0.00266	0.00381	0.01472	0.00685	0.00618
13	0.66389	0.01531	0.01419	0.01399	0.07717	0.04061	0.03960	0.02180	0.01325	0.03088	0.01069	0.01276	0.00840	0.00672	0.00500	0.00224	0.00645	0.00440	0.00435	0.00831
14	0.02001	0.06001	0.13073	0.08811	0.13232	0.03316	0.07969	0.16529	0.02041	0.08139	0.03717	0.01872	0.01323	0.00745	0.00704	0.00211	0.00866	0.00642	0.00490	0.08318
15	0.13550	0.05612	0.07335	0.05753	0.06563	0.29935	0.01488	0.16701	0.02114	0.02682	0.01277	0.01463	0.00994	0.00748	0.00644	0.00206	0.01004	0.00521	0.00451	0.00959
16	0.05376	0.01414	0.01491	0.01248	0.01648	0.01546	0.00998	0.26172	0.16245	0.06707	0.02232	0.02284	0.01661	0.00881	0.00644	0.00208	0.00579	0.00690	0.26967	0.01011
17	0.01495	0.01463	0.04455	0.09429	0.16560	0.04511	0.07316	0.04381	0.08118	0.02479	0.17617	0.10047	0.06809	0.01117	0.00791	0.00236	0.00715	0.01012	0.00554	0.00895
18	0.00985	0.00784	0.00889	0.00855	0.01077	0.00710	0.00643	0.01340	0.05475	0.02438	0.34304	0.06078	0.38517	0.01639	0.00852	0.00238	0.00368	0.01399	0.00733	0.00674
19	0.06786	0.05704	0.06848	0.11068	0.07342	0.17474	0.07121	0.08221	0.01760	0.02276	0.01423	0.02025	0.01217	0.01057	0.03845	0.00273	0.09856	0.04395	0.00407	0.00900

[dist]
# distance from previous block
# <min> <max>
0	1

[block]
# block no. 3 follows, 28 sequences, length 17
# corresponding to MSA columns:
# 150-166
name=unknown_D
#
# <colnr> <probs for GDERKNQSTAVLIFYWHMCP>
#	G	D	E	R	K	N	Q	S	T	A	V	L	I	F	Y	W	H	M	C	P
0	0.07959	0.01331	0.01451	0.01188	0.01605	0.01396	0.00960	0.23538	0.05585	0.17437	0.02201	0.02237	0.01586	0.00861	0.00633	0.00205	0.00574	0.00668	0.27579	0.01006
1	0.02192	0.01466	0.02126	0.02335	0.22631	0.01440	0.04745	0.12406	0.04617	0.21624	0.05679	0.05467	0.08020	0.00974	0.00759	0.00228	0.00707	0.00856	0.00642	0.01087
2	0.01964	0.06997	0.07363	0.05402	0.06466	0.08384	0.15501	0.10980	0.09865	0.07511	0.01903	0.07181	0.01565	0.01102	0.04285	0.00275	0.00959	0.00787	0.00511	0.01000
3	0.00886	0.00732	0.00780	0.00800	0.01019	0.00626	0.00600	0.01082	0.01658	0.02020	0.10578	0.12861	0.57091	0.01866	0.00872	0.00253	0.00386	0.04587	0.00682	0.00619
4	0.74683	0.01446	0.01139	0.01002	0.01460	0.01670	0.00825	0.06310	0.01376	0.03346	0.01059	0.01217	0.00816	0.00687	0.00468	0.00224	0.00577	0.00410	0.00468	0.00816
5	0.02564	0.02388	0.02122	0.09259	0.02530	0.23943	0.01447	0.37791	0.05288	0.03353	0.01548	0.01666	0.01151	0.00823	0.00705	0.00212	0.00970	0.00601	0.00574	0.01064
6	0.01407	0.01292	0.01967	0.50733	0.07297	0.04649	0.01735	0.01802	0.01433	0.01861	0.01410	0.02060	0.01132	0.01410	0.09678	0.04330	0.01061	0.00655	0.03313	0.00777
7	0.01017	0.00743	0.00956	0.00903	0.01079	0.00681	0.00677	0.01350	0.02031	0.02851	0.65362	0.05535	0.11073	0.01510	0.00857	0.00230	0.00345	0.01329	0.00792	0.00681
8	0.01197	0.03699	0.04340	0.01085	0.01330	0.05381	0.00872	0.03928	0.01741	0.02257	0.20983	0.18015	0.21997	0.01858	0.05619	0.00306	0.02738	0.01316	0.00631	0.00706
9	0.00907	0.00725	0.00811	0.00817	0.01018	0.00630	0.00602	0.01125	0.01728	0.02197	0.23106	0.14969	0.45198	0.01803	0.00867	0.00247	0.00368	0.01544	0.00708	0.00630
10	0.52535	0.02010	0.20244	0.01278	0.01877	0.01596	0.01318	0.02123	0.01314	0.02886	0.01159	0.01396	0.00897	0.01016	0.05534	0.00293	0.00801	0.00460	0.00406	0.00857
11	0.07142	0.14565	0.06630	0.08055	0.08212	0.06788	0.01416	0.18283	0.02063	0.09976	0.01606	0.01760	0.01204	0.00763	0.00634	0.00204	0.00790	0.00580	0.08314	0.01015
12	0.17172	0.12839	0.02111	0.01613	0.02036	0.48906	0.01266	0.02658	0.01824	0.02050	0.01087	0.01266	0.00908	0.00718	0.00591	0.00190	0.01096	0.00443	0.00380	0.00845
13	0.01606	0.00969	0.01042	0.00937	0.01198	0.01007	0.00727	0.10918	0.07785	0.05251	0.11601	0.02945	0.02494	0.00952	0.00614	0.00193	0.00433	0.00777	0.47735	0.00815
14	0.01606	0.03420	0.05026	0.04511	0.10203	0.01495	0.05127	0.02542	0.24137	0.05991	0.12560	0.03267	0.10603	0.01078	0.00861	0.00240	0.04841	0.00914	0.00609	0.00970
15	0.00893	0.00667	0.00831	0.00940	0.01041	0.00605	0.00648	0.01053	0.01515	0.01981	0.11010	0.52239	0.19723	0.02103	0.00905	0.00278	0.00402	0.01874	0.00687	0.00605
16	0.33289	0.02002	0.12187	0.01437	0.01975	0.05800	0.01329	0.14534	0.01820	0.10621	0.01402	0.01529	0.01028	0.00797	0.00756	0.00231	0.07254	0.00528	0.00514	0.00969

[dist]
# distance from previous block
# <min> <max>
0	2

[block]
# block no. 4 follows, 28 sequences, length 30
# corresponding to MSA columns:
# 169-198
name=unknown_E
#
# <colnr> <probs for GDERKNQSTAVLIFYWHMCP>
#	G	D	E	R	K	N	Q	S	T	A	V	L	I	F	Y	W	H	M	C	P
0	0.06225	0.01238	0.01336	0.01106	0.01483	0.01294	0.00889	0.23151	0.02203	0.13711	0.02174	0.02283	0.01595	0.00854	0.00610	0.00196	0.00542	0.00663	0.37495	0.00949
1	0.01194	0.01325	0.08658	0.01476	0.08804	0.03179	0.03540	0.01600	0.04096	0.02355	0.22912	0.04906	0.30377	0.01382	0.00815	0.00234	0.00558	0.01189	0.00619	0.00780
2	0.00882	0.00729	0.00773	0.00780	0.01000	0.00621	0.00578	0.01081	0.01684	0.02070	0.14625	0.12162	0.56840	0.01833	0.00864	0.00247	0.00369	0.01550	0.00690	0.00621
3	0.26195	0.01361	0.01712	0.07209	0.17704	0.03576	0.01313	0.01895	0.01349	0.02365	0.01389	0.01896	0.01200	0.02101	0.21411	0.00503	0.04994	0.00599	0.00392	0.00836
4	0.01957	0.63913	0.09270	0.01357	0.02000	0.07620	0.01376	0.02238	0.01523	0.01764	0.01043	0.01207	0.00932	0.00637	0.00498	0.00164	0.00840	0.00407	0.00315	0.00938
5	0.05873	0.00736	0.00773	0.00752	0.00939	0.00736	0.00568	0.01641	0.01639	0.02793	0.18822	0.03290	0.03029	0.00994	0.00591	0.00187	0.00353	0.00818	0.54781	0.00686
6	0.01158	0.00717	0.00855	0.00821	0.00991	0.00683	0.00616	0.01499	0.01847	0.02834	0.42950	0.04353	0.04881	0.01233	0.00719	0.00205	0.00341	0.01062	0.31552	0.00683
7	0.00979	0.00782	0.00971	0.01073	0.05296	0.00703	0.00722	0.01222	0.01746	0.02290	0.27304	0.17474	0.33348	0.01722	0.00861	0.00246	0.00399	0.01496	0.00697	0.00667
8	0.00914	0.00739	0.00813	0.00794	0.01016	0.00637	0.00596	0.01150	0.01787	0.02272	0.27488	0.06489	0.49308	0.01726	0.00859	0.00240	0.00360	0.01463	0.00716	0.00637
9	0.01695	0.26756	0.14227	0.14443	0.14803	0.02048	0.01765	0.04143	0.05180	0.02120	0.01466	0.05629	0.01270	0.00776	0.00643	0.00209	0.00846	0.00630	0.00377	0.00976
10	0.01981	0.28496	0.07682	0.07446	0.09686	0.05156	0.03855	0.14557	0.01904	0.02478	0.01284	0.01504	0.01038	0.00681	0.00610	0.00185	0.00839	0.00523	0.00414	0.09681
11	0.38802	0.10018	0.01951	0.01458	0.01893	0.21007	0.05755	0.02336	0.01514	0.02509	0.01071	0.01300	0.00879	0.00729	0.00680	0.00215	0.06190	0.00464	0.00399	0.00832
12	0.01520	0.01230	0.01351	0.01233	0.01550	0.01343	0.00948	0.06416	0.36420	0.02925	0.19752	0.08190	0.08831	0.01248	0.00781	0.00241	0.00496	0.01065	0.03514	0.00945
13	0.01418	0.01387	0.03913	0.06581	0.04274	0.08280	0.01071	0.02133	0.16614	0.02572	0.29020	0.04098	0.13255	0.01235	0.00790	0.00231	0.00589	0.01048	0.00656	0.00835
14	0.00912	0.00732	0.00813	0.00806	0.01017	0.00634	0.00600	0.01140	0.01762	0.02244	0.25882	0.10461	0.46921	0.01760	0.00863	0.00243	0.00364	0.01499	0.00713	0.00634
15	0.01582	0.01443	0.01686	0.01226	0.01862	0.04737	0.04464	0.01914	0.01548	0.02335	0.01293	0.01521	0.01071	0.00553	0.00562	0.00119	0.00616	0.00456	0.00424	0.70589
16	0.01981	0.16597	0.18185	0.01654	0.05763	0.06289	0.01542	0.05979	0.01724	0.11312	0.01458	0.01592	0.01108	0.00695	0.00660	0.00184	0.02665	0.00518	0.00447	0.19646
17	0.01989	0.02153	0.02293	0.13248	0.26541	0.24461	0.01731	0.02514	0.08983	0.02133	0.01485	0.01825	0.01211	0.01027	0.05087	0.00273	0.01061	0.00616	0.00402	0.00968
18	0.01735	0.01108	0.01464	0.01300	0.01621	0.01147	0.04525	0.04349	0.15457	0.14503	0.07225	0.05136	0.02551	0.01893	0.13068	0.00402	0.00821	0.08758	0.12037	0.00899
19	0.01164	0.00948	0.01375	0.01582	0.13187	0.00896	0.03366	0.01483	0.01788	0.02485	0.32310	0.09784	0.17059	0.01536	0.03276	0.00264	0.00532	0.01225	0.04983	0.00755
20	0.00939	0.00735	0.00804	0.00787	0.01006	0.00639	0.00590	0.01180	0.01771	0.02294	0.25898	0.06276	0.46735	0.01676	0.00838	0.00236	0.00359	0.01419	0.05178	0.00639
21	0.01738	0.05841	0.01671	0.01112	0.01747	0.01099	0.00909	0.02051	0.01572	0.10233	0.01458	0.01599	0.01152	0.00585	0.00556	0.00124	0.00562	0.00463	0.00478	0.65051
22	0.01983	0.01574	0.01763	0.01302	0.01924	0.01456	0.01058	0.26688	0.02230	0.03206	0.01464	0.01597	0.01137	0.00665	0.00610	0.00149	0.00637	0.00515	0.00543	0.49499
23	0.01048	0.00741	0.00975	0.00975	0.01039	0.00804	0.00668	0.01174	0.01111	0.01545	0.02123	0.03832	0.02241	0.40895	0.36709	0.00930	0.01309	0.00922	0.00416	0.00542
24	0.02595	0.01894	0.02043	0.01612	0.02157	0.02097	0.01317	0.50857	0.16743	0.07929	0.02057	0.01984	0.01470	0.00897	0.00730	0.00224	0.00744	0.00693	0.00739	0.01219
25	0.01306	0.06129	0.08819	0.32610	0.07707	0.01387	0.01591	0.01692	0.01470	0.01955	0.05702	0.16930	0.02203	0.06270	0.00964	0.00276	0.00795	0.00974	0.00430	0.00789
26	0.01033	0.00730	0.00962	0.00922	0.01076	0.00677	0.00682	0.01325	0.01953	0.02755	0.61562	0.09488	0.06411	0.01595	0.00976	0.04745	0.00364	0.01322	0.00765	0.00659
27	0.02234	0.01712	0.05528	0.13033	0.02507	0.01755	0.01397	0.33251	0.07382	0.10979	0.02025	0.06018	0.01604	0.06116	0.00947	0.00264	0.00778	0.00772	0.00637	0.01061
28	0.40837	0.01535	0.05392	0.11282	0.12666	0.01559	0.04132	0.02103	0.01430	0.05262	0.01678	0.01908	0.06004	0.00770	0.00600	0.00229	0.00707	0.00591	0.00441	0.00874
29	0.01641	0.05980	0.06782	0.01438	0.01752	0.10146	0.01215	0.02274	0.14573	0.04801	0.19733	0.06721	0.04553	0.01180	0.01046	0.00242	0.13566	0.00906	0.00579	0.00870

[dist]
# distance from previous block
# <min> <max>
0	13

[block]
# block no. 5 follows, 28 sequences, length 9
# corresponding to MSA columns:
# 212-220
name=unknown_F
#
# <colnr> <probs for GDERKNQSTAVLIFYWHMCP>
#	G	D	E	R	K	N	Q	S	T	A	V	L	I	F	Y	W	H	M	C	P
0	0.01877	0.01753	0.01706	0.01395	0.01841	0.13761	0.01095	0.13969	0.01905	0.02546	0.01677	0.11197	0.01568	0.00936	0.00815	0.00186	0.07360	0.00716	0.00497	0.33201
1	0.10526	0.05405	0.17020	0.01792	0.09137	0.14461	0.01515	0.04649	0.01743	0.06329	0.05400	0.02109	0.06068	0.00815	0.00657	0.00203	0.00839	0.00627	0.00457	0.10249
2	0.12211	0.01692	0.01898	0.01747	0.08994	0.01842	0.01286	0.37125	0.06423	0.07356	0.01888	0.02145	0.01441	0.00882	0.00688	0.00222	0.00711	0.03586	0.06765	0.01096
3	0.01498	0.00944	0.01227	0.01168	0.01397	0.00975	0.00912	0.04454	0.06590	0.12292	0.04972	0.08219	0.07262	0.10852	0.23732	0.00602	0.01027	0.10503	0.00601	0.00773
4	0.09988	0.04530	0.02290	0.18110	0.27995	0.01614	0.01701	0.02283	0.01618	0.13269	0.04626	0.02002	0.01418	0.00779	0.00780	0.00228	0.04649	0.00653	0.00464	0.01003
5	0.05336	0.02431	0.20346	0.07699	0.21749	0.10569	0.07147	0.04111	0.01656	0.02304	0.01288	0.01635	0.01017	0.00716	0.00798	0.00222	0.05443	0.00590	0.00361	0.04581
6	0.09412	0.00971	0.01155	0.01217	0.05960	0.00960	0.00858	0.04812	0.03387	0.04962	0.22712	0.10995	0.17658	0.01429	0.00789	0.00241	0.00476	0.05964	0.05282	0.00760
7	0.01005	0.00866	0.00850	0.00860	0.01042	0.04498	0.00610	0.01167	0.01584	0.01929	0.10469	0.15975	0.42104	0.12280	0.01267	0.00314	0.00474	0.01468	0.00634	0.00603
8	0.01552	0.03162	0.49894	0.02621	0.14781	0.01715	0.11442	0.02293	0.01580	0.02318	0.01338	0.01639	0.00986	0.00673	0.00718	0.00230	0.01059	0.00600	0.00324	0.01075

[dist]
# distance from previous block
# <min> <max>
0	2

[block]
# block no. 6 follows, 28 sequences, length 8
# corresponding to MSA columns:
# 223-230
name=unknown_G
#
# <colnr> <probs for GDERKNQSTAVLIFYWHMCP>
#	G	D	E	R	K	N	Q	S	T	A	V	L	I	F	Y	W	H	M	C	P
0	0.01976	0.01044	0.01237	0.01090	0.01411	0.01027	0.00842	0.07245	0.09520	0.22944	0.02991	0.14563	0.04840	0.03833	0.00816	0.00242	0.00512	0.00983	0.21968	0.00916
1	0.01457	0.01333	0.02264	0.27317	0.23585	0.01424	0.08040	0.01870	0.01548	0.02144	0.01993	0.10469	0.04356	0.00927	0.00745	0.00234	0.00815	0.00870	0.07725	0.00884
2	0.01596	0.01853	0.10552	0.07893	0.11602	0.06423	0.15008	0.05076	0.01705	0.02277	0.02240	0.02751	0.09389	0.01146	0.04822	0.00276	0.00956	0.04109	0.00434	0.09893
3	0.01313	0.01391	0.08968	0.20643	0.02654	0.01238	0.06403	0.07721	0.01679	0.02212	0.03093	0.24368	0.12623	0.01365	0.00814	0.00255	0.00727	0.01215	0.00522	0.00794
4	0.10305	0.01435	0.08340	0.01636	0.01975	0.01370	0.13190	0.01706	0.01306	0.02041	0.01676	0.05268	0.01550	0.06896	0.28592	0.00637	0.10139	0.00778	0.00391	0.00769
5	0.01402	0.00845	0.01100	0.06110	0.01498	0.00783	0.00840	0.01626	0.01665	0.15368	0.09030	0.28147	0.22032	0.01708	0.00855	0.00261	0.00492	0.04788	0.00702	0.00749
6	0.32041	0.01232	0.01273	0.01434	0.09203	0.04890	0.00954	0.01748	0.01443	0.02551	0.08374	0.21744	0.02583	0.01532	0.05730	0.00309	0.00676	0.00999	0.00526	0.00759
7	0.22800	0.01406	0.01441	0.01547	0.09343	0.09110	0.01058	0.01990	0.01554	0.09063	0.05037	0.15531	0.06635	0.01392	0.04104	0.00285	0.03417	0.02923	0.00544	0.00818

[dist]
# distance from previous block
# <min> <max>
0	35

# created by:
# /usr/local/bin/augustus/scripts/msa2prfl.pl /tmp/cug/new/dynactin5-p25.fasta
