[name]
unknown

[dist]
# distance from previous block
# <min> <max>
3	11

[block]
# block no. 0 follows, 25 sequences, length 24
# corresponding to MSA columns:
# 11-34
name=unknown_A
#
# <colnr> <probs for GDERKNQSTAVLIFYWHMCP>
#	G	D	E	R	K	N	Q	S	T	A	V	L	I	F	Y	W	H	M	C	P
0	0.01887	0.01284	0.01562	0.01176	0.01774	0.01009	0.00936	0.02212	0.01758	0.15023	0.06510	0.06288	0.01964	0.00828	0.00662	0.00159	0.00568	0.00690	0.00597	0.53112
1	0.00958	0.00787	0.00844	0.00830	0.01073	0.00672	0.00622	0.01194	0.01867	0.02331	0.21733	0.07073	0.53574	0.01876	0.00916	0.00258	0.00386	0.01582	0.00751	0.00672
2	0.00984	0.00723	0.00923	0.01011	0.01124	0.00662	0.00705	0.01192	0.01723	0.02314	0.22611	0.44740	0.14175	0.02128	0.00959	0.00288	0.00418	0.01901	0.00758	0.00662
3	0.01919	0.01842	0.03147	0.04759	0.67914	0.01842	0.02380	0.02380	0.01765	0.02533	0.01458	0.01919	0.01228	0.00691	0.00768	0.00230	0.00921	0.00691	0.00384	0.01228
4	0.03407	0.01435	0.01871	0.01434	0.02037	0.01310	0.01185	0.12084	0.02412	0.59874	0.02897	0.02534	0.01838	0.00956	0.00779	0.00239	0.00686	0.00769	0.00935	0.01319
5	0.02698	0.01986	0.02153	0.01675	0.02236	0.02179	0.01374	0.56711	0.03450	0.04647	0.10719	0.02392	0.02128	0.01019	0.00794	0.00234	0.00787	0.00793	0.00786	0.01239
6	0.02073	0.73217	0.04063	0.01327	0.01990	0.03068	0.01327	0.02322	0.01575	0.01824	0.01078	0.01244	0.00995	0.00663	0.00498	0.00166	0.00829	0.00415	0.00332	0.00995
7	0.01005	0.00768	0.00937	0.01048	0.01207	0.00700	0.00793	0.01215	0.01662	0.02103	0.05599	0.32790	0.28785	0.02185	0.00981	0.00304	0.00489	0.16051	0.00719	0.00659
8	0.07929	0.01544	0.01775	0.01425	0.01986	0.01546	0.01150	0.10998	0.20659	0.27323	0.02543	0.02362	0.01780	0.00907	0.00729	0.00226	0.00653	0.00723	0.00778	0.12962
9	0.01865	0.45054	0.27259	0.01637	0.02475	0.02520	0.01863	0.02353	0.01599	0.02083	0.01204	0.01402	0.00997	0.00686	0.00587	0.00192	0.00932	0.00474	0.00336	0.04481
10	0.01717	0.19326	0.46047	0.02327	0.11045	0.02091	0.02458	0.02416	0.01639	0.02323	0.01329	0.01583	0.01016	0.00714	0.00687	0.00226	0.01047	0.00552	0.00335	0.01122
11	0.01108	0.00853	0.01040	0.01140	0.01310	0.00827	0.00866	0.01514	0.08007	0.02215	0.05018	0.33791	0.20313	0.02108	0.00971	0.00307	0.00516	0.16655	0.00725	0.00715
12	0.01798	0.01919	0.03867	0.13895	0.20662	0.01894	0.39442	0.02381	0.01771	0.02420	0.01511	0.02043	0.01168	0.00682	0.00856	0.00253	0.01167	0.00823	0.00383	0.01065
13	0.01716	0.09978	0.22394	0.11175	0.02944	0.01890	0.06304	0.05322	0.18185	0.02585	0.02097	0.08385	0.01744	0.00969	0.00766	0.00250	0.00898	0.00825	0.00506	0.01066
14	0.01677	0.17377	0.20427	0.09052	0.21796	0.01920	0.02023	0.02179	0.01671	0.02251	0.02215	0.02462	0.10050	0.00877	0.00723	0.00228	0.00901	0.00728	0.00399	0.01045
15	0.00954	0.00781	0.00841	0.00839	0.01074	0.00668	0.00625	0.01180	0.01836	0.02289	0.19439	0.10763	0.52189	0.01915	0.00920	0.00261	0.00391	0.01622	0.00746	0.00668
16	0.01053	0.00737	0.00851	0.00897	0.00944	0.00708	0.00549	0.01113	0.01305	0.01704	0.03639	0.22472	0.12147	0.45323	0.02786	0.00575	0.00627	0.01470	0.00567	0.00535
17	0.04349	0.12552	0.36126	0.06792	0.03016	0.03824	0.04948	0.04397	0.08670	0.05814	0.01626	0.01806	0.01196	0.00777	0.00714	0.00236	0.01002	0.00614	0.00432	0.01107
18	0.00942	0.00727	0.00847	0.00938	0.01076	0.00647	0.00649	0.01097	0.01589	0.02004	0.05739	0.40272	0.32304	0.06059	0.01119	0.00316	0.00441	0.01897	0.00706	0.00632
19	0.02951	0.01782	0.02039	0.01605	0.02186	0.01875	0.01312	0.32774	0.14400	0.26896	0.02513	0.02319	0.01717	0.00963	0.00779	0.00241	0.00742	0.00759	0.00843	0.01303
20	0.01917	0.04751	0.18078	0.02329	0.14497	0.04254	0.04635	0.11662	0.02075	0.06497	0.06993	0.06213	0.02269	0.01095	0.00818	0.00255	0.00891	0.09149	0.00555	0.01065
21	0.01906	0.20407	0.11073	0.02656	0.08246	0.05060	0.31145	0.02423	0.01720	0.02259	0.01371	0.01763	0.01097	0.00712	0.00858	0.00235	0.04959	0.00703	0.00367	0.01041
22	0.03447	0.01370	0.01831	0.01404	0.02005	0.01215	0.01159	0.07431	0.02304	0.64679	0.02988	0.02593	0.01884	0.00958	0.00779	0.00239	0.00671	0.00775	0.00949	0.01319
23	0.01067	0.00805	0.01001	0.01092	0.01228	0.00775	0.00784	0.01433	0.07094	0.02292	0.14046	0.43639	0.13326	0.02107	0.00958	0.00296	0.00462	0.06146	0.00745	0.00704

[dist]
# distance from previous block
# <min> <max>
0	1

[block]
# block no. 1 follows, 25 sequences, length 58
# corresponding to MSA columns:
# 36-93
name=unknown_B
#
# <colnr> <probs for GDERKNQSTAVLIFYWHMCP>
#	G	D	E	R	K	N	Q	S	T	A	V	L	I	F	Y	W	H	M	C	P
0	0.02138	0.02398	0.09860	0.02713	0.19625	0.13368	0.07285	0.09076	0.19992	0.02837	0.01927	0.02080	0.01483	0.00834	0.00772	0.00239	0.00968	0.00717	0.00531	0.01156
1	0.01256	0.01045	0.01337	0.01296	0.01414	0.04585	0.00987	0.01477	0.01272	0.01766	0.01991	0.03146	0.01940	0.15315	0.50039	0.01035	0.08157	0.00845	0.00416	0.00683
2	0.02008	0.02058	0.06710	0.03407	0.28144	0.01962	0.22409	0.10863	0.09150	0.02900	0.01730	0.02060	0.01336	0.00752	0.00817	0.00245	0.01015	0.00779	0.00480	0.01177
3	0.00960	0.00725	0.00887	0.00978	0.01107	0.00652	0.00683	0.01148	0.01675	0.02185	0.14928	0.43238	0.23694	0.02165	0.00957	0.00289	0.00420	0.01917	0.00740	0.00652
4	0.01555	0.04011	0.68733	0.02210	0.03356	0.01801	0.02865	0.02455	0.01637	0.02455	0.01391	0.01637	0.00982	0.00737	0.00737	0.00246	0.01146	0.00573	0.00327	0.01146
5	0.01681	0.01599	0.02717	0.39384	0.35150	0.01780	0.02261	0.02171	0.01653	0.02244	0.01416	0.01997	0.01126	0.00735	0.00772	0.00245	0.00980	0.00690	0.00363	0.01036
6	0.01958	0.57842	0.18431	0.01523	0.02293	0.02786	0.01668	0.02351	0.01589	0.01964	0.01148	0.01331	0.00992	0.00680	0.00551	0.00184	0.00900	0.00450	0.00331	0.01029
7	0.00961	0.00794	0.00859	0.00863	0.01106	0.00692	0.00658	0.01185	0.01774	0.02176	0.12458	0.07118	0.55209	0.02172	0.05066	0.00324	0.00508	0.04698	0.00713	0.00667
8	0.03447	0.01371	0.01831	0.01404	0.02005	0.01216	0.01160	0.07486	0.02305	0.64622	0.02987	0.02592	0.01883	0.00958	0.00779	0.00239	0.00671	0.00775	0.00949	0.01319
9	0.25249	0.01625	0.04395	0.01379	0.01945	0.01594	0.01170	0.10006	0.11291	0.30282	0.02289	0.02142	0.01560	0.00890	0.00690	0.00243	0.00676	0.00670	0.00747	0.01157
10	0.01358	0.01066	0.01334	0.01345	0.04116	0.01171	0.00945	0.02090	0.18379	0.02326	0.11839	0.03821	0.02998	0.19135	0.23906	0.00690	0.01097	0.00987	0.00587	0.00808
11	0.00989	0.00739	0.00919	0.00978	0.01118	0.00669	0.00694	0.01215	0.01785	0.02382	0.26141	0.35377	0.20073	0.02042	0.00948	0.00279	0.00409	0.01808	0.00764	0.00669
12	0.01919	0.01842	0.03147	0.04759	0.67914	0.01842	0.02380	0.02380	0.01765	0.02533	0.01458	0.01919	0.01228	0.00691	0.00768	0.00230	0.00921	0.00691	0.00384	0.01228
13	0.01919	0.01842	0.03147	0.04759	0.67914	0.01842	0.02380	0.02380	0.01765	0.02533	0.01458	0.01919	0.01228	0.00691	0.00768	0.00230	0.00921	0.00691	0.00384	0.01228
14	0.01640	0.03327	0.46742	0.02484	0.03503	0.01817	0.21451	0.02443	0.01694	0.02467	0.01444	0.01772	0.01047	0.00705	0.00784	0.00245	0.01171	0.00671	0.00352	0.04241
15	0.00980	0.00700	0.00941	0.01121	0.01181	0.00661	0.00782	0.01141	0.01520	0.02019	0.04254	0.64787	0.05050	0.02395	0.00999	0.00320	0.00481	0.09309	0.00719	0.00640
16	0.02073	0.73217	0.04063	0.01327	0.01990	0.03068	0.01327	0.02322	0.01575	0.01824	0.01078	0.01244	0.00995	0.00663	0.00498	0.00166	0.00829	0.00415	0.00332	0.00995
17	0.01608	0.01498	0.02566	0.01990	0.02437	0.01498	0.24672	0.08091	0.05380	0.02874	0.23439	0.06830	0.06920	0.01196	0.00997	0.00260	0.05053	0.01134	0.00628	0.00928
18	0.01553	0.01386	0.02216	0.11565	0.27001	0.01429	0.04882	0.04446	0.04815	0.02425	0.04616	0.25003	0.02726	0.01321	0.00855	0.00265	0.00767	0.01227	0.00539	0.00964
19	0.01213	0.00976	0.01451	0.01357	0.01480	0.01148	0.03505	0.01445	0.01242	0.01785	0.01986	0.03183	0.01942	0.16410	0.47386	0.01010	0.10515	0.00865	0.00414	0.00688
20	0.78228	0.01499	0.01140	0.01020	0.01499	0.01739	0.00840	0.02279	0.01320	0.03479	0.01080	0.01260	0.00840	0.00720	0.00480	0.00240	0.00600	0.00420	0.00480	0.00840
21	0.02175	0.02182	0.04595	0.01605	0.02147	0.20730	0.03724	0.05777	0.01961	0.07942	0.06168	0.01969	0.01603	0.00815	0.00794	0.00188	0.04914	0.00611	0.00514	0.29586
22	0.01976	0.01689	0.01780	0.01587	0.02034	0.01951	0.01239	0.06966	0.63590	0.03320	0.03096	0.02845	0.02318	0.01046	0.00788	0.00262	0.00625	0.00868	0.00788	0.01232
23	0.01347	0.00673	0.01010	0.01010	0.01010	0.00673	0.00673	0.01010	0.01010	0.01347	0.01347	0.02357	0.01347	0.02694	0.03030	0.77441	0.00673	0.00673	0.00337	0.00337
24	0.01696	0.01696	0.02375	0.02036	0.02036	0.02375	0.01696	0.01866	0.01187	0.01866	0.01018	0.01696	0.01018	0.01357	0.02545	0.00339	0.71332	0.00679	0.00339	0.00848
25	0.01122	0.00788	0.01014	0.00958	0.01140	0.00731	0.00718	0.01488	0.02154	0.03094	0.62898	0.05586	0.06938	0.01537	0.00888	0.00239	0.00365	0.01354	0.06256	0.00731
26	0.00925	0.00786	0.00797	0.00794	0.01053	0.00658	0.00596	0.01129	0.01788	0.02143	0.10689	0.07383	0.64735	0.01946	0.00916	0.00261	0.00391	0.01625	0.00726	0.00658
27	0.01097	0.00793	0.01036	0.00975	0.01158	0.00732	0.00732	0.01463	0.02195	0.03109	0.67505	0.05792	0.07316	0.01585	0.00914	0.00244	0.00366	0.01402	0.00854	0.00732
28	0.78228	0.01499	0.01140	0.01020	0.01499	0.01739	0.00840	0.02279	0.01320	0.03479	0.01080	0.01260	0.00840	0.00720	0.00480	0.00240	0.00600	0.00420	0.00480	0.00840
29	0.01816	0.01737	0.02961	0.19715	0.53762	0.01815	0.02328	0.02289	0.01717	0.02408	0.01440	0.01953	0.01184	0.00710	0.00769	0.00237	0.00947	0.00690	0.00375	0.01145
30	0.02926	0.02802	0.02273	0.01872	0.02401	0.30211	0.01484	0.39591	0.03047	0.03650	0.01587	0.01670	0.01186	0.00876	0.00744	0.00219	0.01079	0.00616	0.00620	0.01145
31	0.01128	0.00752	0.00846	0.00846	0.00846	0.00752	0.00470	0.01128	0.01128	0.01503	0.02443	0.05074	0.02819	0.72751	0.03946	0.00752	0.00752	0.01128	0.00470	0.00470
32	0.78228	0.01499	0.01140	0.01020	0.01499	0.01739	0.00840	0.02279	0.01320	0.03479	0.01080	0.01260	0.00840	0.00720	0.00480	0.00240	0.00600	0.00420	0.00480	0.00840
33	0.02947	0.02172	0.02327	0.01784	0.02404	0.02404	0.01474	0.65329	0.03646	0.04887	0.01862	0.01862	0.01319	0.00931	0.00776	0.00233	0.00853	0.00698	0.00776	0.01319
34	0.01108	0.00831	0.01246	0.01246	0.01385	0.00969	0.00969	0.01385	0.01246	0.01800	0.02077	0.03046	0.01938	0.05815	0.69678	0.01246	0.02077	0.00831	0.00415	0.00692
35	0.01097	0.00793	0.01036	0.00975	0.01158	0.00732	0.00732	0.01463	0.02195	0.03109	0.67505	0.05792	0.07316	0.01585	0.00914	0.00244	0.00366	0.01402	0.00854	0.00732
36	0.01929	0.01666	0.01753	0.01578	0.02016	0.01929	0.01227	0.04120	0.66513	0.03243	0.03156	0.02893	0.02367	0.01052	0.00789	0.00263	0.00614	0.00877	0.00789	0.01227
37	0.01696	0.01696	0.02375	0.02036	0.02036	0.02375	0.01696	0.01866	0.01187	0.01866	0.01018	0.01696	0.01018	0.01357	0.02545	0.00339	0.71332	0.00679	0.00339	0.00848
38	0.01555	0.04011	0.68733	0.02210	0.03356	0.01801	0.02865	0.02455	0.01637	0.02455	0.01391	0.01637	0.00982	0.00737	0.00737	0.00246	0.01146	0.00573	0.00327	0.01146
39	0.01876	0.01907	0.03495	0.03855	0.37225	0.01921	0.23911	0.02508	0.06344	0.02526	0.01590	0.02034	0.01278	0.00744	0.00927	0.00250	0.05274	0.00781	0.00413	0.01142
40	0.72817	0.01524	0.01282	0.01285	0.06208	0.01747	0.00949	0.02286	0.01351	0.03412	0.01106	0.01306	0.00867	0.00718	0.00500	0.00239	0.00623	0.00439	0.00473	0.00867
41	0.01419	0.01268	0.01820	0.01761	0.05429	0.01626	0.01326	0.01632	0.01238	0.01843	0.01604	0.02575	0.01572	0.10004	0.29398	0.00735	0.32811	0.00783	0.00385	0.00771
42	0.01128	0.00752	0.00846	0.00846	0.00846	0.00752	0.00470	0.01128	0.01128	0.01503	0.02443	0.05074	0.02819	0.72751	0.03946	0.00752	0.00752	0.01128	0.00470	0.00470
43	0.01240	0.00883	0.01035	0.00997	0.01239	0.00829	0.00761	0.01688	0.07366	0.05715	0.29114	0.09336	0.25758	0.01667	0.00888	0.00257	0.00432	0.04643	0.05385	0.00769
44	0.01108	0.00831	0.01246	0.01246	0.01385	0.00969	0.00969	0.01385	0.01246	0.01800	0.02077	0.03046	0.01938	0.05815	0.69678	0.01246	0.02077	0.00831	0.00415	0.00692
45	0.01127	0.00756	0.00867	0.00867	0.00874	0.00763	0.00496	0.01141	0.01134	0.01519	0.02424	0.04967	0.02772	0.69215	0.07418	0.00778	0.00822	0.01112	0.00467	0.00482
46	0.01108	0.00831	0.01246	0.01246	0.01385	0.00969	0.00969	0.01385	0.01246	0.01800	0.02077	0.03046	0.01938	0.05815	0.69678	0.01246	0.02077	0.00831	0.00415	0.00692
47	0.00956	0.00782	0.00844	0.00839	0.01075	0.00670	0.00626	0.01186	0.01846	0.02307	0.20457	0.10035	0.51873	0.01904	0.00919	0.00260	0.00390	0.01612	0.00749	0.00670
48	0.78228	0.01499	0.01140	0.01020	0.01499	0.01739	0.00840	0.02279	0.01320	0.03479	0.01080	0.01260	0.00840	0.00720	0.00480	0.00240	0.00600	0.00420	0.00480	0.00840
49	0.01750	0.15062	0.14937	0.01627	0.02405	0.01691	0.08266	0.04220	0.01697	0.02457	0.01362	0.01607	0.01098	0.00641	0.00634	0.00168	0.00815	0.00529	0.00414	0.38619
50	0.00999	0.00723	0.00956	0.01123	0.01208	0.00680	0.00808	0.01179	0.01560	0.02050	0.04496	0.55936	0.09434	0.02343	0.00999	0.00319	0.00495	0.13324	0.00719	0.00647
51	0.03479	0.01320	0.01799	0.01380	0.01979	0.01140	0.01140	0.03779	0.02219	0.68451	0.03059	0.02639	0.01919	0.00960	0.00780	0.00240	0.00660	0.00780	0.00960	0.01320
52	0.01102	0.00750	0.00844	0.00855	0.00876	0.00738	0.00493	0.01124	0.01193	0.01573	0.02931	0.09086	0.07544	0.63709	0.03562	0.00692	0.00709	0.01225	0.00502	0.00492
53	0.00945	0.00675	0.00900	0.01080	0.01125	0.00630	0.00720	0.01080	0.01484	0.01979	0.04274	0.72245	0.05128	0.02429	0.00990	0.00315	0.00450	0.02204	0.00720	0.00630
54	0.01157	0.00815	0.01004	0.00943	0.01166	0.00729	0.00712	0.01474	0.02082	0.05794	0.48635	0.06096	0.23196	0.01658	0.00909	0.00248	0.00386	0.01437	0.00823	0.00738
55	0.01128	0.00752	0.00846	0.00846	0.00846	0.00752	0.00470	0.01128	0.01128	0.01503	0.02443	0.05074	0.02819	0.72751	0.03946	0.00752	0.00752	0.01128	0.00470	0.00470
56	0.01901	0.01824	0.03114	0.07410	0.65405	0.01837	0.02371	0.02364	0.01757	0.02511	0.01455	0.01925	0.01220	0.00694	0.00768	0.00231	0.00926	0.00691	0.00382	0.01213
57	0.02342	0.01871	0.01986	0.01661	0.02174	0.02122	0.01327	0.28940	0.41021	0.03910	0.02631	0.02475	0.01942	0.01003	0.00784	0.00251	0.00711	0.00804	0.00784	0.01264

[dist]
# distance from previous block
# <min> <max>
0	1

# created by:
# /usr/local/bin/augustus/scripts/msa2prfl.pl /tmp/new_cug/dynein-light-chain-8.fasta
