[name]
unknown

[dist]
# distance from previous block
# <min> <max>
0	12

[block]
# block no. 0 follows, 25 sequences, length 28
# corresponding to MSA columns:
# 12-39
name=unknown_A
#
# <colnr> <probs for GDERKNQSTAVLIFYWHMCP>
#	G	D	E	R	K	N	Q	S	T	A	V	L	I	F	Y	W	H	M	C	P
0	0.02013	0.01678	0.05228	0.01577	0.02032	0.04329	0.03698	0.21705	0.06691	0.06824	0.06148	0.09978	0.06364	0.01359	0.00859	0.00264	0.00755	0.13182	0.00702	0.04614
1	0.05313	0.10075	0.05799	0.01679	0.08279	0.01422	0.05579	0.04325	0.01817	0.07369	0.12755	0.05908	0.15291	0.01760	0.08917	0.00357	0.00847	0.01015	0.00587	0.00906
2	0.01676	0.01731	0.09677	0.01814	0.07315	0.01517	0.06958	0.12529	0.12454	0.02816	0.04900	0.03772	0.18062	0.06171	0.04831	0.00339	0.00831	0.01013	0.00608	0.00985
3	0.01585	0.01877	0.16387	0.01713	0.06369	0.04586	0.04932	0.05030	0.01964	0.07000	0.18590	0.09045	0.15104	0.01308	0.00845	0.00250	0.00731	0.01128	0.00628	0.00927
4	0.01542	0.01508	0.01775	0.01623	0.04816	0.09130	0.09042	0.02236	0.14936	0.02539	0.15008	0.07679	0.22229	0.01381	0.00862	0.00253	0.00691	0.01205	0.00663	0.00885
5	0.02351	0.05359	0.02361	0.05785	0.14633	0.08879	0.01579	0.23810	0.02443	0.08068	0.06284	0.02362	0.04645	0.00980	0.00919	0.00239	0.06837	0.00756	0.00600	0.01111
6	0.06136	0.17839	0.09028	0.07318	0.07651	0.08711	0.01587	0.14234	0.05761	0.07186	0.05991	0.02019	0.01627	0.00850	0.00698	0.00221	0.00878	0.00651	0.00535	0.01077
7	0.15783	0.05006	0.02077	0.01549	0.02106	0.01961	0.04347	0.34362	0.02630	0.07235	0.01870	0.05692	0.01475	0.00927	0.00705	0.00227	0.00756	0.00720	0.04361	0.06212
8	0.01797	0.01673	0.06068	0.19503	0.12659	0.01657	0.09895	0.06633	0.10934	0.06309	0.05707	0.05977	0.01980	0.04628	0.00974	0.00279	0.00886	0.00881	0.00535	0.01023
9	0.06364	0.07035	0.05365	0.01686	0.02224	0.14964	0.01419	0.28744	0.07365	0.03386	0.01989	0.02062	0.04977	0.00939	0.00812	0.00226	0.04368	0.00675	0.00599	0.04803
10	0.10900	0.09375	0.10167	0.02122	0.14400	0.01869	0.01584	0.12032	0.10870	0.09061	0.02076	0.08597	0.01733	0.00972	0.00729	0.00240	0.00780	0.00795	0.00582	0.01114
11	0.02192	0.13597	0.31667	0.01997	0.02761	0.30510	0.02074	0.02706	0.01864	0.02132	0.01266	0.01481	0.00991	0.00753	0.00687	0.00215	0.01208	0.00520	0.00358	0.01021
12	0.09828	0.01490	0.01741	0.01434	0.01917	0.01540	0.01167	0.21580	0.04422	0.22844	0.02422	0.06014	0.01902	0.01690	0.09910	0.00376	0.00888	0.03834	0.00736	0.04265
13	0.01575	0.01344	0.01573	0.01145	0.01802	0.01014	0.00909	0.01909	0.01602	0.02500	0.01520	0.05080	0.01344	0.00665	0.00595	0.00125	0.00568	0.00545	0.00472	0.73712
14	0.01015	0.00730	0.00891	0.00957	0.01043	0.00683	0.00635	0.01159	0.01540	0.02046	0.14413	0.34020	0.13648	0.21535	0.01779	0.00416	0.00511	0.01700	0.00673	0.00606
15	0.02174	0.01722	0.01799	0.01488	0.01989	0.06114	0.01172	0.19827	0.17879	0.07620	0.02413	0.11185	0.02045	0.01067	0.00757	0.00223	0.00704	0.00875	0.00688	0.18260
16	0.01875	0.05216	0.19653	0.05827	0.13666	0.01716	0.15489	0.02541	0.05414	0.09142	0.02051	0.02276	0.04924	0.00807	0.00778	0.00236	0.00966	0.00754	0.00472	0.06197
17	0.06035	0.14914	0.34144	0.05310	0.02818	0.02042	0.02059	0.08251	0.09064	0.02693	0.01560	0.01731	0.01172	0.00771	0.00686	0.00227	0.00944	0.00584	0.00436	0.04558
18	0.01675	0.01789	0.07701	0.09876	0.31678	0.01685	0.11139	0.02115	0.01600	0.02255	0.01599	0.02396	0.01418	0.10341	0.05183	0.00369	0.05006	0.00778	0.00387	0.01011
19	0.00961	0.00709	0.00881	0.00999	0.01091	0.00649	0.00676	0.01111	0.01553	0.02030	0.08392	0.50857	0.17288	0.07517	0.01191	0.00333	0.00456	0.01968	0.00709	0.00628
20	0.01821	0.01260	0.01456	0.01257	0.01605	0.01307	0.00992	0.12347	0.11323	0.11473	0.13276	0.04413	0.22894	0.01478	0.01067	0.03991	0.05234	0.01122	0.00745	0.00938
21	0.06283	0.08789	0.11881	0.05522	0.13152	0.07538	0.01712	0.15450	0.10169	0.02943	0.01848	0.06545	0.01544	0.00956	0.00777	0.01643	0.00884	0.00743	0.00528	0.01091
22	0.01032	0.00787	0.00926	0.00997	0.01131	0.00743	0.00688	0.01319	0.05892	0.02103	0.08549	0.37855	0.22262	0.10444	0.01300	0.00344	0.00476	0.01785	0.00703	0.00663
23	0.00946	0.00775	0.00834	0.00844	0.01072	0.00663	0.00624	0.01161	0.01801	0.02232	0.16285	0.13950	0.52209	0.01956	0.00924	0.00265	0.00395	0.01661	0.00740	0.00663
24	0.01966	0.21556	0.21596	0.05711	0.08389	0.08236	0.13513	0.05997	0.01825	0.02364	0.01355	0.01651	0.01064	0.00717	0.00709	0.00222	0.01073	0.00609	0.00377	0.01068
25	0.01911	0.18518	0.31300	0.02107	0.05302	0.07137	0.08298	0.08338	0.01871	0.02488	0.01512	0.05026	0.01247	0.00816	0.00716	0.00228	0.01041	0.00662	0.00403	0.01079
26	0.02454	0.06089	0.07106	0.01807	0.05852	0.12634	0.04277	0.13666	0.02200	0.16963	0.02225	0.02301	0.04573	0.00926	0.00813	0.00227	0.04179	0.00715	0.09918	0.01076
27	0.01566	0.01066	0.01458	0.01491	0.06368	0.01137	0.01040	0.01931	0.05833	0.10989	0.08059	0.08169	0.06324	0.12988	0.22017	0.00630	0.06488	0.01032	0.00586	0.00828

[dist]
# distance from previous block
# <min> <max>
1	18

[block]
# block no. 1 follows, 25 sequences, length 32
# corresponding to MSA columns:
# 58-89
name=unknown_B
#
# <colnr> <probs for GDERKNQSTAVLIFYWHMCP>
#	G	D	E	R	K	N	Q	S	T	A	V	L	I	F	Y	W	H	M	C	P
0	0.07371	0.15606	0.02740	0.02284	0.14636	0.17221	0.04918	0.07374	0.01939	0.08351	0.01451	0.01671	0.01156	0.00789	0.00796	0.00216	0.05472	0.00586	0.00467	0.04958
1	0.02020	0.02327	0.17956	0.02296	0.09608	0.06585	0.12630	0.05858	0.07792	0.10407	0.02058	0.08383	0.01685	0.00930	0.00792	0.00241	0.00946	0.00838	0.00534	0.06115
2	0.01106	0.00779	0.00964	0.01053	0.01152	0.00759	0.00722	0.04430	0.01574	0.02135	0.03994	0.48268	0.09050	0.10110	0.04775	0.00393	0.00576	0.01798	0.05703	0.00659
3	0.05432	0.00982	0.01049	0.00967	0.01274	0.00924	0.00745	0.05403	0.05268	0.06118	0.18150	0.05978	0.41550	0.01661	0.00870	0.00254	0.00452	0.01385	0.00752	0.00784
4	0.02016	0.02410	0.22873	0.07038	0.18435	0.01803	0.04462	0.06103	0.10179	0.10941	0.01858	0.02051	0.01367	0.00832	0.00850	0.00248	0.04157	0.00698	0.00508	0.01171
5	0.05966	0.06382	0.05609	0.02146	0.16195	0.04143	0.01452	0.14385	0.01969	0.02773	0.02132	0.15615	0.02075	0.04272	0.05103	0.00327	0.03477	0.00965	0.04037	0.00978
6	0.01242	0.00831	0.00965	0.00932	0.01184	0.00720	0.00698	0.01475	0.01862	0.09682	0.18650	0.15903	0.39323	0.01843	0.00911	0.00263	0.00425	0.01576	0.00773	0.00740
7	0.05158	0.00903	0.01109	0.01152	0.01330	0.00895	0.00825	0.01784	0.09236	0.08443	0.10344	0.47367	0.04519	0.01961	0.00914	0.00291	0.00487	0.01746	0.00752	0.00784
8	0.02010	0.08408	0.33250	0.02223	0.09324	0.09827	0.02154	0.02795	0.08983	0.08392	0.01685	0.01841	0.01251	0.00814	0.00799	0.00238	0.03810	0.00621	0.00451	0.01127
9	0.01949	0.06186	0.09487	0.07352	0.23436	0.01742	0.12014	0.06807	0.01914	0.07670	0.05256	0.02240	0.01628	0.00799	0.00760	0.00232	0.00900	0.00747	0.07792	0.01091
10	0.00943	0.00681	0.00893	0.01062	0.01120	0.00631	0.00712	0.01082	0.01501	0.01986	0.04489	0.68346	0.08887	0.02401	0.00985	0.00312	0.00446	0.02170	0.00720	0.00631
11	0.02367	0.06095	0.14963	0.02684	0.18649	0.14365	0.08235	0.06806	0.02017	0.13908	0.01693	0.01875	0.01249	0.00776	0.00753	0.00229	0.01035	0.00658	0.00499	0.01144
12	0.01993	0.07522	0.14710	0.08041	0.28170	0.01811	0.05860	0.05800	0.01891	0.09537	0.05837	0.02159	0.01616	0.00799	0.00762	0.00234	0.00919	0.00717	0.00479	0.01140
13	0.01879	0.01717	0.07252	0.06541	0.17498	0.01742	0.01713	0.05136	0.04277	0.10075	0.02402	0.06125	0.08301	0.01159	0.01284	0.00273	0.20214	0.00871	0.00518	0.01020
14	0.02947	0.02172	0.02327	0.01784	0.02404	0.02404	0.01474	0.65329	0.03646	0.04887	0.01862	0.01862	0.01319	0.00931	0.00776	0.00233	0.00853	0.00698	0.00776	0.01319
15	0.02814	0.02119	0.02358	0.01999	0.07353	0.02336	0.01529	0.57251	0.06895	0.04619	0.01901	0.01922	0.01368	0.00919	0.00776	0.00234	0.00845	0.00707	0.00747	0.01307
16	0.07574	0.01428	0.02302	0.02802	0.27679	0.01403	0.08101	0.02157	0.01723	0.09373	0.02510	0.18794	0.02472	0.01256	0.00842	0.00267	0.00781	0.06972	0.00561	0.01003
17	0.01453	0.01332	0.01880	0.01682	0.01731	0.01777	0.01362	0.01650	0.01204	0.01820	0.01481	0.02387	0.01457	0.07494	0.26218	0.00684	0.42484	0.00761	0.00374	0.00769
18	0.01919	0.01842	0.03147	0.04759	0.67914	0.01842	0.02380	0.02380	0.01765	0.02533	0.01458	0.01919	0.01228	0.00691	0.00768	0.00230	0.00921	0.00691	0.00384	0.01228
19	0.01122	0.00773	0.00956	0.00956	0.00994	0.00812	0.00607	0.01198	0.01160	0.01585	0.02342	0.04515	0.02576	0.54314	0.22051	0.00888	0.01117	0.01046	0.00455	0.00531
20	0.00964	0.00757	0.00847	0.00882	0.01059	0.00667	0.00625	0.01147	0.01690	0.02130	0.13472	0.22157	0.39790	0.08787	0.01223	0.00319	0.00437	0.01693	0.00712	0.00640
21	0.01237	0.00828	0.01055	0.00978	0.01200	0.00749	0.00741	0.01576	0.02139	0.07483	0.54998	0.05800	0.15087	0.01593	0.00905	0.00246	0.00390	0.01391	0.00843	0.00762
22	0.02261	0.02240	0.07248	0.02307	0.02934	0.05587	0.22632	0.24698	0.10656	0.03344	0.01801	0.02018	0.01344	0.00868	0.00951	0.00253	0.06366	0.00773	0.00569	0.01148
23	0.01979	0.01155	0.01457	0.01241	0.01590	0.01137	0.00980	0.12939	0.02332	0.18825	0.32392	0.05940	0.04387	0.01783	0.07939	0.00346	0.00698	0.01097	0.00817	0.00965
24	0.01929	0.01666	0.01753	0.01578	0.02016	0.01929	0.01227	0.04120	0.66513	0.03243	0.03156	0.02893	0.02367	0.01052	0.00789	0.00263	0.00614	0.00877	0.00789	0.01227
25	0.04863	0.01872	0.06571	0.04903	0.12275	0.01870	0.04723	0.16327	0.23825	0.05426	0.02364	0.07563	0.01907	0.01009	0.00789	0.00253	0.00786	0.00866	0.00646	0.01162
26	0.00966	0.00730	0.00893	0.00973	0.01109	0.00657	0.00684	0.01164	0.01705	0.02232	0.17578	0.40409	0.23831	0.02129	0.00954	0.00286	0.00417	0.01883	0.00746	0.00657
27	0.05995	0.14466	0.11745	0.06646	0.08502	0.12037	0.07750	0.06572	0.04466	0.06006	0.05059	0.01956	0.01493	0.00826	0.00776	0.00229	0.03313	0.00657	0.00468	0.01038
28	0.07261	0.01562	0.01591	0.01338	0.01767	0.07846	0.01052	0.16810	0.02297	0.16848	0.09500	0.09591	0.10845	0.03233	0.00879	0.00252	0.00686	0.01006	0.00730	0.04906
29	0.05583	0.09004	0.14907	0.02014	0.08647	0.08930	0.04177	0.10128	0.10227	0.07158	0.04754	0.02043	0.01589	0.00832	0.00719	0.00222	0.00889	0.00665	0.00537	0.06975
30	0.12248	0.22918	0.19001	0.01584	0.02250	0.05583	0.01605	0.10837	0.04272	0.02691	0.01681	0.08951	0.01500	0.00932	0.00665	0.00226	0.00861	0.00702	0.00472	0.01021
31	0.06529	0.12236	0.11082	0.01486	0.01987	0.01720	0.01361	0.08867	0.07238	0.10550	0.05591	0.14864	0.02325	0.01189	0.00885	0.00247	0.06067	0.00946	0.00602	0.04225

[dist]
# distance from previous block
# <min> <max>
3	8

[block]
# block no. 2 follows, 25 sequences, length 21
# corresponding to MSA columns:
# 99-119
name=unknown_C
#
# <colnr> <probs for GDERKNQSTAVLIFYWHMCP>
#	G	D	E	R	K	N	Q	S	T	A	V	L	I	F	Y	W	H	M	C	P
0	0.00971	0.00763	0.00865	0.00889	0.01076	0.00671	0.00640	0.01181	0.01767	0.02255	0.19439	0.20209	0.38855	0.05556	0.01084	0.00294	0.00417	0.01677	0.00735	0.00656
1	0.04746	0.09921	0.02806	0.04582	0.18831	0.01932	0.11507	0.14677	0.05318	0.05833	0.04356	0.05043	0.01710	0.00878	0.00757	0.00233	0.00856	0.00791	0.04121	0.01102
2	0.02612	0.02390	0.02129	0.01774	0.02234	0.20228	0.01413	0.31880	0.10912	0.03509	0.01817	0.01915	0.01380	0.00945	0.00891	0.00234	0.06824	0.00667	0.05126	0.01120
3	0.02092	0.30454	0.03058	0.01793	0.05175	0.02462	0.05161	0.14534	0.09434	0.02651	0.01577	0.01811	0.01305	0.01196	0.05618	0.00293	0.09219	0.00624	0.00482	0.01060
4	0.01318	0.00938	0.01034	0.00976	0.01189	0.00912	0.00689	0.01759	0.11065	0.06455	0.09984	0.05524	0.26590	0.25978	0.01927	0.00427	0.00563	0.01276	0.00671	0.00725
5	0.55853	0.01458	0.01292	0.01114	0.01583	0.01622	0.00910	0.07597	0.01701	0.09932	0.08877	0.01960	0.01721	0.00859	0.00583	0.00240	0.00600	0.00590	0.00594	0.00915
6	0.13841	0.01495	0.01761	0.01404	0.01966	0.01487	0.01149	0.10888	0.11408	0.42406	0.02649	0.02387	0.01758	0.00935	0.00738	0.00242	0.00668	0.00733	0.00845	0.01238
7	0.02010	0.01391	0.01622	0.01399	0.01748	0.01481	0.01088	0.28788	0.02465	0.07585	0.08153	0.19103	0.02929	0.06117	0.09995	0.00415	0.00858	0.01159	0.00717	0.00977
8	0.01347	0.00673	0.01010	0.01010	0.01010	0.00673	0.00673	0.01010	0.01010	0.01347	0.01347	0.02357	0.01347	0.02694	0.03030	0.77441	0.00673	0.00673	0.00337	0.00337
9	0.02269	0.28659	0.12814	0.01947	0.02598	0.27185	0.09686	0.02646	0.01845	0.02026	0.01230	0.01465	0.01018	0.00723	0.00659	0.00202	0.01145	0.00532	0.00364	0.00988
10	0.07285	0.10342	0.06159	0.01698	0.05619	0.01982	0.01393	0.22228	0.12395	0.09225	0.01905	0.01931	0.01416	0.00829	0.00693	0.00214	0.00758	0.00638	0.00628	0.12661
11	0.02019	0.02436	0.12678	0.03503	0.38808	0.12509	0.02155	0.02744	0.10742	0.02519	0.01642	0.01929	0.01312	0.00765	0.00755	0.00232	0.00988	0.00669	0.00434	0.01164
12	0.01886	0.01759	0.02903	0.19698	0.49081	0.01854	0.02265	0.06616	0.01845	0.02568	0.01468	0.01949	0.01190	0.00727	0.00770	0.00237	0.00942	0.00691	0.00402	0.01150
13	0.02073	0.73217	0.04063	0.01327	0.01990	0.03068	0.01327	0.02322	0.01575	0.01824	0.01078	0.01244	0.00995	0.00663	0.00498	0.00166	0.00829	0.00415	0.00332	0.00995
14	0.78228	0.01499	0.01140	0.01020	0.01499	0.01739	0.00840	0.02279	0.01320	0.03479	0.01080	0.01260	0.00840	0.00720	0.00480	0.00240	0.00600	0.00420	0.00480	0.00840
15	0.01493	0.00887	0.01090	0.01047	0.01278	0.00874	0.00795	0.01857	0.05070	0.11162	0.07404	0.12070	0.13527	0.05578	0.14258	0.00462	0.00789	0.02722	0.16848	0.00790
16	0.01126	0.00814	0.01025	0.01021	0.01090	0.00846	0.00696	0.01235	0.01396	0.01898	0.12345	0.14465	0.09020	0.30844	0.09394	0.05020	0.05337	0.01280	0.00561	0.00586
17	0.02536	0.02410	0.02119	0.01798	0.02258	0.21042	0.01421	0.24872	0.22285	0.03342	0.02014	0.02036	0.01529	0.00960	0.00880	0.00240	0.05777	0.00696	0.00645	0.01141
18	0.01146	0.00866	0.01157	0.01146	0.01270	0.00951	0.00864	0.01387	0.01501	0.02139	0.12799	0.15760	0.09697	0.06679	0.25147	0.00636	0.07983	0.01223	0.06957	0.00691
19	0.05750	0.01815	0.06084	0.07897	0.34280	0.01704	0.16238	0.02228	0.01756	0.02522	0.05012	0.02560	0.06991	0.00839	0.00804	0.00244	0.00940	0.00833	0.00435	0.01068
20	0.01013	0.00740	0.00948	0.01008	0.01136	0.00694	0.00718	0.01201	0.01655	0.02210	0.19229	0.32910	0.17789	0.02487	0.07817	0.04826	0.00591	0.01680	0.00699	0.00648

[dist]
# distance from previous block
# <min> <max>
2	267

[block]
# block no. 3 follows, 25 sequences, length 13
# corresponding to MSA columns:
# 387-399
name=unknown_D
#
# <colnr> <probs for GDERKNQSTAVLIFYWHMCP>
#	G	D	E	R	K	N	Q	S	T	A	V	L	I	F	Y	W	H	M	C	P
0	0.17036	0.01987	0.04623	0.02053	0.14496	0.15934	0.01374	0.02542	0.06554	0.08932	0.02218	0.07829	0.05098	0.04993	0.00901	0.00267	0.00846	0.00808	0.00539	0.00968
1	0.01913	0.10377	0.11430	0.09901	0.14804	0.09091	0.01744	0.05669	0.06910	0.05228	0.05995	0.02765	0.06583	0.00969	0.00759	0.00236	0.00888	0.03200	0.00508	0.01031
2	0.01716	0.05691	0.05033	0.06701	0.01953	0.05976	0.01151	0.08265	0.15460	0.02785	0.05789	0.07051	0.10688	0.01149	0.00741	0.00233	0.00658	0.00939	0.17089	0.00931
3	0.01192	0.00944	0.01243	0.01235	0.01393	0.01048	0.00935	0.01663	0.09318	0.02186	0.10250	0.20027	0.08147	0.03389	0.27928	0.00663	0.05811	0.01275	0.00598	0.00754
4	0.00979	0.00708	0.00917	0.01057	0.01133	0.00660	0.00727	0.01140	0.01552	0.02058	0.08661	0.55630	0.10062	0.05982	0.01137	0.00331	0.00470	0.05445	0.00715	0.00635
5	0.01032	0.00788	0.00951	0.00934	0.01136	0.00706	0.00703	0.01326	0.01990	0.02662	0.40667	0.10196	0.27991	0.01786	0.00926	0.00259	0.00394	0.04061	0.00794	0.00698
6	0.02263	0.01832	0.01942	0.01646	0.02144	0.02085	0.01308	0.24240	0.45848	0.03784	0.02730	0.02554	0.02022	0.01012	0.00785	0.00253	0.00692	0.00818	0.00785	0.01257
7	0.01000	0.00780	0.00907	0.00894	0.01103	0.00687	0.00664	0.01268	0.01937	0.02542	0.34399	0.11828	0.35553	0.01830	0.00921	0.00258	0.00385	0.01576	0.00780	0.00687
8	0.01399	0.00884	0.01205	0.01173	0.01361	0.00916	0.00881	0.01710	0.04010	0.10300	0.08815	0.16043	0.05373	0.09185	0.32212	0.00750	0.01232	0.01178	0.00607	0.00764
9	0.01347	0.00673	0.01010	0.01010	0.01010	0.00673	0.00673	0.01010	0.01010	0.01347	0.01347	0.02357	0.01347	0.02694	0.03030	0.77441	0.00673	0.00673	0.00337	0.00337
10	0.00950	0.00747	0.00859	0.00914	0.01089	0.00656	0.00654	0.01147	0.01723	0.02186	0.14359	0.30189	0.37618	0.02079	0.00942	0.00278	0.00409	0.01807	0.00737	0.00656
11	0.02089	0.01470	0.01850	0.01567	0.01857	0.01700	0.01259	0.19869	0.02048	0.11894	0.02038	0.06007	0.01769	0.07493	0.16285	0.00520	0.17875	0.00842	0.00594	0.00974
12	0.01552	0.01277	0.01872	0.08569	0.22998	0.01269	0.01416	0.05509	0.01950	0.05373	0.16971	0.07618	0.17894	0.01290	0.00845	0.00248	0.00655	0.01137	0.00619	0.00938

[dist]
# distance from previous block
# <min> <max>
0	2

# created by:
# /usr/local/bin/augustus/scripts/msa2prfl.pl /tmp/new_cug/dynein-tctex.fasta
