[name]
unknown

[dist]
# distance from previous block
# <min> <max>
0	549

[block]
# block no. 0 follows, 66 sequences, length 18
# corresponding to MSA columns:
# 615-632
name=unknown_A
#
# <colnr> <probs for GDERKNQSTAVLIFYWHMCP>
#	G	D	E	R	K	N	Q	S	T	A	V	L	I	F	Y	W	H	M	C	P
0	0.01020	0.41101	0.27359	0.01006	0.05470	0.08377	0.03421	0.01281	0.02151	0.01102	0.00654	0.00776	0.00540	0.00383	0.00367	0.00109	0.03883	0.00271	0.00182	0.00547
1	0.03656	0.20749	0.16188	0.03805	0.07742	0.10524	0.02575	0.05038	0.01784	0.05429	0.07335	0.02153	0.03436	0.01391	0.01322	0.00128	0.02631	0.03342	0.00251	0.00522
2	0.00984	0.01002	0.02174	0.01195	0.14870	0.16015	0.13066	0.08407	0.05601	0.01348	0.08471	0.08186	0.08604	0.01673	0.03679	0.00151	0.02216	0.00512	0.01342	0.00503
3	0.00618	0.00498	0.00548	0.00565	0.00658	0.04920	0.00412	0.00768	0.03715	0.03017	0.18319	0.33109	0.22242	0.01135	0.05297	0.00174	0.00304	0.02952	0.00376	0.00373
4	0.01002	0.01073	0.05460	0.08130	0.48297	0.05750	0.17683	0.03304	0.00951	0.01301	0.00775	0.01019	0.00627	0.00430	0.02328	0.00137	0.00560	0.00379	0.00205	0.00592
5	0.04258	0.37476	0.17945	0.00773	0.01102	0.01126	0.00782	0.05879	0.03831	0.06171	0.00910	0.06885	0.00818	0.06466	0.03842	0.00152	0.00464	0.00363	0.00239	0.00519
6	0.00701	0.00534	0.00557	0.00550	0.00636	0.05677	0.00392	0.03232	0.02890	0.03039	0.13353	0.15285	0.13349	0.23513	0.01829	0.00211	0.00323	0.05497	0.08073	0.00359
7	0.00868	0.00786	0.00767	0.00750	0.04285	0.10366	0.00539	0.04211	0.27411	0.02645	0.08847	0.07771	0.22303	0.05973	0.00538	0.00149	0.00339	0.00606	0.00362	0.00482
8	0.00973	0.01057	0.04967	0.00803	0.00967	0.26831	0.00635	0.05417	0.08597	0.02218	0.06146	0.23092	0.05147	0.00897	0.05620	0.00166	0.02262	0.03445	0.00310	0.00449
9	0.00653	0.00545	0.00805	0.00739	0.00862	0.00535	0.11459	0.01963	0.10537	0.01228	0.10282	0.38286	0.08800	0.06498	0.00595	0.00167	0.00320	0.04965	0.00356	0.00404
10	0.00849	0.00463	0.00588	0.00565	0.00698	0.00413	0.00423	0.00965	0.00944	0.22001	0.09646	0.31100	0.20394	0.03242	0.00517	0.00151	0.00262	0.04101	0.02249	0.00429
11	0.00766	0.00721	0.01217	0.84767	0.02794	0.00901	0.01127	0.01037	0.00811	0.01037	0.00721	0.01082	0.00541	0.00406	0.00406	0.00135	0.00541	0.00361	0.00180	0.00451
12	0.03983	0.04156	0.70447	0.01175	0.06340	0.00936	0.01380	0.01249	0.00850	0.01288	0.00780	0.04219	0.00605	0.00418	0.00383	0.00128	0.00564	0.00332	0.00184	0.00583
13	0.00657	0.08218	0.00726	0.00645	0.03750	0.00537	0.00464	0.03060	0.02045	0.01270	0.20353	0.37500	0.04352	0.00969	0.02390	0.00150	0.00283	0.03668	0.05400	0.03564
14	0.00748	0.00542	0.00662	0.00685	0.03075	0.00545	0.00496	0.06445	0.13375	0.05817	0.08170	0.37212	0.11920	0.00966	0.00481	0.00150	0.00281	0.07598	0.00391	0.00439
15	0.00781	0.00736	0.01243	0.79690	0.07756	0.00905	0.01134	0.01049	0.00818	0.01054	0.00724	0.01077	0.00547	0.00403	0.00405	0.00134	0.00537	0.00361	0.00182	0.00463
16	0.01003	0.05821	0.01550	0.15906	0.57096	0.01010	0.01143	0.06215	0.03905	0.01346	0.00790	0.01013	0.00643	0.00383	0.00395	0.00122	0.00481	0.00357	0.00216	0.00607
17	0.00924	0.00974	0.04339	0.53171	0.10702	0.11262	0.03974	0.05260	0.00931	0.01159	0.00823	0.01094	0.02820	0.00421	0.00404	0.00129	0.00552	0.00364	0.00203	0.00491

[dist]
# distance from previous block
# <min> <max>
6	26

[block]
# block no. 1 follows, 66 sequences, length 27
# corresponding to MSA columns:
# 659-685
name=unknown_B
#
# <colnr> <probs for GDERKNQSTAVLIFYWHMCP>
#	G	D	E	R	K	N	Q	S	T	A	V	L	I	F	Y	W	H	M	C	P
0	0.06021	0.05544	0.22238	0.01177	0.11867	0.04568	0.09586	0.02964	0.07274	0.01294	0.03172	0.04159	0.03105	0.00738	0.08755	0.00182	0.06189	0.00405	0.00235	0.00529
1	0.00715	0.04382	0.02783	0.00602	0.00737	0.00570	0.00485	0.03592	0.00923	0.06914	0.14950	0.10817	0.28674	0.04520	0.08013	0.00195	0.08144	0.02234	0.00345	0.00406
2	0.06265	0.00696	0.03602	0.03747	0.10222	0.01728	0.03396	0.09831	0.03166	0.06496	0.08483	0.29086	0.07138	0.00834	0.01710	0.01756	0.00354	0.00684	0.00339	0.00467
3	0.01093	0.05059	0.07821	0.07663	0.21662	0.03846	0.02559	0.17120	0.09306	0.06585	0.01024	0.03433	0.00829	0.02117	0.05450	0.00161	0.00497	0.01596	0.01598	0.00583
4	0.00871	0.07096	0.00966	0.00820	0.05749	0.06305	0.06873	0.07493	0.10136	0.02704	0.02500	0.09825	0.07555	0.28242	0.00954	0.00214	0.00410	0.00557	0.00294	0.00434
5	0.00705	0.00620	0.00987	0.45657	0.06934	0.00709	0.03056	0.00886	0.00776	0.01009	0.01181	0.10033	0.05306	0.19545	0.00792	0.00195	0.00460	0.00521	0.00227	0.00402
6	0.01012	0.04477	0.05318	0.29080	0.20244	0.06421	0.03605	0.12121	0.03819	0.02825	0.00929	0.02366	0.03253	0.00448	0.00422	0.00127	0.02366	0.00381	0.00240	0.00546
7	0.03975	0.04816	0.06769	0.13004	0.06410	0.06463	0.10169	0.10461	0.05511	0.04005	0.04279	0.11201	0.02154	0.00618	0.02003	0.00144	0.05217	0.02011	0.00278	0.00512
8	0.02652	0.03086	0.01159	0.06838	0.09487	0.13827	0.01978	0.01098	0.00784	0.03853	0.00821	0.01170	0.02989	0.07569	0.06182	0.00198	0.35264	0.00377	0.00211	0.00456
9	0.00947	0.05421	0.18879	0.01043	0.03528	0.06651	0.04060	0.02764	0.05789	0.03758	0.01829	0.01107	0.01970	0.05092	0.02655	0.00170	0.33245	0.00370	0.00220	0.00503
10	0.01010	0.09066	0.23898	0.01186	0.09849	0.10098	0.12233	0.09196	0.01012	0.03098	0.02186	0.02492	0.07313	0.02874	0.00472	0.00132	0.02702	0.00401	0.00239	0.00545
11	0.00739	0.07576	0.09211	0.01810	0.00850	0.10672	0.00567	0.02329	0.00838	0.01046	0.01681	0.34733	0.07925	0.13653	0.02783	0.00191	0.00402	0.02313	0.00293	0.00388
12	0.00827	0.03523	0.00865	0.03001	0.08313	0.02153	0.03622	0.05767	0.02433	0.09028	0.06566	0.34175	0.05034	0.03285	0.02651	0.00166	0.01613	0.06184	0.00347	0.00447
13	0.02794	0.05276	0.09740	0.04093	0.04926	0.04097	0.05909	0.06390	0.03525	0.08225	0.07610	0.16032	0.09512	0.00744	0.01591	0.00145	0.02540	0.06047	0.00320	0.00485
14	0.01045	0.02455	0.03191	0.05837	0.05270	0.00848	0.01899	0.10968	0.23056	0.12672	0.08418	0.02891	0.07749	0.04187	0.00553	0.00146	0.05980	0.01921	0.00362	0.00553
15	0.03856	0.00511	0.00590	0.00578	0.00701	0.00500	0.00428	0.07995	0.05510	0.06700	0.09489	0.34019	0.20092	0.02826	0.00502	0.00150	0.00263	0.02277	0.02600	0.00414
16	0.03250	0.02056	0.09785	0.00995	0.11858	0.03090	0.03555	0.05855	0.06666	0.03524	0.07567	0.13449	0.15356	0.00764	0.02352	0.00149	0.06864	0.02068	0.00308	0.00487
17	0.03986	0.07970	0.09212	0.08718	0.07049	0.12615	0.00830	0.13344	0.09400	0.05920	0.04361	0.04598	0.03780	0.00523	0.00451	0.00126	0.05885	0.00402	0.00287	0.00543
18	0.00869	0.03968	0.00743	0.02813	0.02087	0.11298	0.00499	0.03895	0.04742	0.08799	0.10221	0.16765	0.23645	0.02101	0.00461	0.00134	0.00330	0.00662	0.03827	0.02140
19	0.08108	0.03794	0.00804	0.02838	0.00887	0.09119	0.00537	0.11016	0.04084	0.07537	0.09015	0.23295	0.06074	0.06348	0.01592	0.00159	0.03377	0.00624	0.00340	0.00451
20	0.02424	0.05841	0.05379	0.04415	0.08208	0.03147	0.02815	0.07897	0.03189	0.03953	0.01487	0.19358	0.07822	0.04230	0.09416	0.00196	0.00456	0.03040	0.00294	0.06432
21	0.08644	0.09037	0.14126	0.05862	0.05002	0.07458	0.03351	0.11524	0.02630	0.05551	0.03065	0.11078	0.00943	0.00588	0.02509	0.00136	0.01649	0.00425	0.00273	0.06148
22	0.05285	0.09892	0.07023	0.00969	0.04984	0.07359	0.08760	0.09509	0.15392	0.12816	0.01198	0.01303	0.04245	0.02066	0.00438	0.00128	0.01969	0.02446	0.00313	0.03902
23	0.06568	0.13584	0.07198	0.00810	0.03788	0.06933	0.00668	0.10370	0.08770	0.01315	0.02055	0.08133	0.00995	0.06118	0.18442	0.00251	0.01695	0.00428	0.01396	0.00482
24	0.03959	0.10373	0.13505	0.02260	0.03904	0.11329	0.00785	0.07450	0.07289	0.06204	0.04158	0.06073	0.04518	0.01897	0.04912	0.00158	0.06189	0.02450	0.00278	0.02309
25	0.00964	0.06274	0.15380	0.02651	0.11842	0.05098	0.07561	0.09966	0.04458	0.04480	0.05434	0.05850	0.04869	0.04144	0.04673	0.00164	0.03368	0.00449	0.00271	0.02105
26	0.02611	0.18965	0.11628	0.03457	0.06693	0.05405	0.00786	0.12655	0.03519	0.05420	0.01152	0.06985	0.05800	0.01898	0.03294	0.00141	0.02320	0.02409	0.00272	0.04591

[dist]
# distance from previous block
# <min> <max>
13	44

[block]
# block no. 2 follows, 66 sequences, length 33
# corresponding to MSA columns:
# 744-776
name=unknown_C
#
# <colnr> <probs for GDERKNQSTAVLIFYWHMCP>
#	G	D	E	R	K	N	Q	S	T	A	V	L	I	F	Y	W	H	M	C	P
0	0.01096	0.09630	0.04865	0.06681	0.09801	0.12946	0.02507	0.12174	0.01080	0.09900	0.07555	0.08569	0.04654	0.03440	0.01961	0.00142	0.01717	0.00465	0.00299	0.00518
1	0.00733	0.00434	0.00594	0.04179	0.00698	0.00430	0.00414	0.04157	0.00714	0.03918	0.03982	0.16107	0.03665	0.07048	0.01174	0.47362	0.00335	0.00535	0.00255	0.03265
2	0.01069	0.07817	0.08491	0.03417	0.07461	0.17432	0.04971	0.07881	0.03365	0.08017	0.12009	0.08847	0.02438	0.00631	0.02231	0.00136	0.00478	0.02496	0.00300	0.00513
3	0.01148	0.20030	0.03471	0.02248	0.04427	0.06348	0.14006	0.10152	0.07784	0.12140	0.05318	0.04795	0.02301	0.00495	0.00426	0.00122	0.03518	0.00416	0.00297	0.00557
4	0.01200	0.00859	0.02261	0.00773	0.00989	0.12783	0.04075	0.07739	0.04884	0.26157	0.08494	0.07512	0.09240	0.05046	0.01870	0.00152	0.01912	0.03154	0.00376	0.00521
5	0.00990	0.01424	0.35995	0.03258	0.11926	0.00971	0.06638	0.19482	0.02421	0.01587	0.06287	0.02321	0.00852	0.00511	0.02280	0.00140	0.01682	0.00384	0.00257	0.00593
6	0.01147	0.02905	0.04336	0.09835	0.14250	0.06413	0.10125	0.12980	0.10243	0.10639	0.00979	0.01142	0.00751	0.00519	0.02003	0.00141	0.09077	0.01650	0.00286	0.00579
7	0.05114	0.10129	0.11481	0.02261	0.02462	0.03782	0.12065	0.03045	0.06653	0.07643	0.03766	0.08917	0.07930	0.06265	0.00543	0.00147	0.02623	0.02174	0.00285	0.02716
8	0.19349	0.00524	0.00643	0.00622	0.00725	0.00613	0.00484	0.00829	0.00658	0.01131	0.00972	0.01445	0.00907	0.08716	0.54529	0.00487	0.04463	0.00396	0.02131	0.00374
9	0.01078	0.02184	0.03529	0.04419	0.16250	0.20025	0.10103	0.12984	0.02289	0.01361	0.03145	0.07943	0.01750	0.02065	0.05376	0.00162	0.00560	0.03993	0.00266	0.00520
10	0.01017	0.02883	0.11125	0.07471	0.21055	0.07276	0.14156	0.06854	0.02438	0.07048	0.01118	0.08103	0.04380	0.02706	0.00464	0.00135	0.00502	0.00460	0.00259	0.00550
11	0.00993	0.02163	0.01104	0.24969	0.09180	0.05932	0.03162	0.09767	0.03106	0.09223	0.12522	0.03672	0.05362	0.00553	0.00472	0.00131	0.05300	0.00461	0.01421	0.00508
12	0.00686	0.00466	0.00596	0.00618	0.02908	0.00466	0.00431	0.03791	0.03965	0.03366	0.06762	0.12841	0.11859	0.18601	0.07863	0.14991	0.00386	0.08754	0.00308	0.00343
13	0.04044	0.04652	0.06402	0.02696	0.02591	0.09866	0.06499	0.18552	0.07687	0.03926	0.04316	0.12006	0.04081	0.08277	0.00584	0.00154	0.02338	0.00506	0.00312	0.00509
14	0.02114	0.13967	0.07600	0.05333	0.07615	0.04781	0.02972	0.11047	0.03655	0.04689	0.08471	0.09941	0.04077	0.02150	0.00447	0.00135	0.00414	0.09783	0.00304	0.00503
15	0.00742	0.00648	0.04210	0.02142	0.00802	0.06100	0.00511	0.05006	0.02713	0.05262	0.16385	0.30495	0.15739	0.00913	0.00495	0.00142	0.02954	0.02193	0.02136	0.00412
16	0.00882	0.01878	0.66268	0.01108	0.01628	0.04511	0.03272	0.07157	0.00950	0.01361	0.02869	0.02899	0.00675	0.00483	0.02206	0.00139	0.00588	0.00341	0.00204	0.00583
17	0.02628	0.09229	0.07637	0.09558	0.06509	0.17087	0.06156	0.10516	0.09834	0.04581	0.00991	0.01185	0.02817	0.03023	0.01843	0.00140	0.03395	0.02069	0.00264	0.00536
18	0.01125	0.03838	0.03162	0.04198	0.29152	0.05173	0.04021	0.08437	0.07934	0.13958	0.03636	0.04885	0.05449	0.00512	0.00436	0.00127	0.02624	0.00442	0.00305	0.00587
19	0.00539	0.00407	0.00516	0.00552	0.00626	0.00398	0.00403	0.00662	0.02658	0.01062	0.05109	0.32090	0.24021	0.04037	0.18387	0.02172	0.00424	0.05254	0.00338	0.00346
20	0.00853	0.00741	0.00930	0.04123	0.02455	0.07365	0.10678	0.09157	0.05020	0.04506	0.08348	0.15128	0.21188	0.00774	0.00459	0.00137	0.00374	0.05095	0.02213	0.00455
21	0.05099	0.05882	0.14218	0.00986	0.06562	0.15842	0.03242	0.12531	0.09319	0.06328	0.04975	0.06271	0.05945	0.00536	0.00398	0.00124	0.00467	0.00430	0.00299	0.00547
22	0.04332	0.00622	0.02181	0.06659	0.07101	0.00621	0.04747	0.01979	0.07385	0.04356	0.12693	0.10867	0.15315	0.07816	0.01831	0.00170	0.03193	0.07367	0.00330	0.00435
23	0.00568	0.00423	0.00584	0.00601	0.00662	0.00411	0.03885	0.00682	0.02437	0.01075	0.08106	0.42728	0.06711	0.14332	0.07478	0.01678	0.00353	0.05089	0.01859	0.00340
24	0.03096	0.05852	0.05071	0.17275	0.09033	0.20027	0.03844	0.09787	0.01038	0.07982	0.00896	0.05362	0.00752	0.00495	0.00453	0.00127	0.05729	0.02403	0.00255	0.00523
25	0.03727	0.08672	0.05747	0.09183	0.08564	0.12641	0.10306	0.15477	0.03838	0.06433	0.02957	0.01127	0.00775	0.05419	0.02260	0.00148	0.01543	0.00372	0.00268	0.00543
26	0.00815	0.07846	0.07002	0.08619	0.10421	0.02504	0.02019	0.04612	0.06277	0.03906	0.10971	0.15763	0.10445	0.03476	0.03397	0.00158	0.00397	0.00592	0.00306	0.00472
27	0.00643	0.00649	0.06473	0.00649	0.00750	0.07527	0.02583	0.00756	0.00831	0.01071	0.08333	0.41591	0.06906	0.15551	0.00756	0.00192	0.00342	0.03711	0.00326	0.00358
28	0.02252	0.20063	0.13033	0.02967	0.06890	0.05458	0.05349	0.15083	0.06389	0.10303	0.00915	0.02302	0.00710	0.00520	0.02875	0.00135	0.03553	0.00346	0.00275	0.00581
29	0.04961	0.07734	0.03589	0.06922	0.08134	0.12702	0.03638	0.18301	0.02253	0.06498	0.03922	0.14095	0.01068	0.00629	0.02181	0.00138	0.01934	0.00474	0.00300	0.00528
30	0.03980	0.09515	0.01837	0.01527	0.03909	0.00693	0.00515	0.11653	0.01063	0.10932	0.12966	0.07833	0.09959	0.00621	0.00382	0.00118	0.00296	0.00512	0.21211	0.00479
31	0.04781	0.02725	0.07175	0.08867	0.14571	0.02946	0.04113	0.12427	0.07926	0.03546	0.06866	0.01466	0.07619	0.00608	0.02945	0.00145	0.06708	0.01794	0.00287	0.02484
32	0.01151	0.04768	0.04511	0.05448	0.06761	0.16027	0.02797	0.17781	0.14178	0.04880	0.03986	0.05114	0.00981	0.02445	0.01943	0.00137	0.00469	0.00413	0.05660	0.00549

[dist]
# distance from previous block
# <min> <max>
0	17

[block]
# block no. 3 follows, 66 sequences, length 12
# corresponding to MSA columns:
# 800-811
name=unknown_D
#
# <colnr> <probs for GDERKNQSTAVLIFYWHMCP>
#	G	D	E	R	K	N	Q	S	T	A	V	L	I	F	Y	W	H	M	C	P
0	0.00841	0.00643	0.00764	0.00741	0.07030	0.00622	0.00508	0.14074	0.05231	0.03737	0.05833	0.11074	0.16849	0.15558	0.00709	0.00168	0.00326	0.00587	0.00333	0.14372
1	0.02570	0.05142	0.07829	0.03662	0.16205	0.20302	0.00829	0.11438	0.08664	0.03636	0.01168	0.05004	0.06443	0.04776	0.00479	0.00135	0.00489	0.00415	0.00275	0.00537
2	0.03031	0.15210	0.28220	0.05207	0.06510	0.03137	0.05682	0.07315	0.03410	0.06610	0.04172	0.07902	0.00903	0.00487	0.00387	0.00124	0.00482	0.00404	0.00253	0.00555
3	0.00754	0.00567	0.03962	0.00789	0.07591	0.00511	0.00578	0.00922	0.02618	0.08903	0.08200	0.12773	0.07177	0.14429	0.07272	0.00230	0.00405	0.21567	0.00338	0.00413
4	0.00658	0.00434	0.00549	0.00595	0.04241	0.00413	0.00375	0.00727	0.00772	0.07073	0.06380	0.25712	0.11628	0.34808	0.03612	0.00260	0.00337	0.00759	0.00325	0.00342
5	0.02695	0.11738	0.06526	0.06461	0.03725	0.08772	0.06371	0.20450	0.05133	0.06681	0.02348	0.03707	0.02880	0.00626	0.04333	0.00150	0.04265	0.02298	0.00292	0.00551
6	0.05205	0.02474	0.04474	0.02963	0.05635	0.05413	0.02053	0.07376	0.02188	0.03842	0.12450	0.11718	0.19175	0.00905	0.06038	0.00170	0.05084	0.02067	0.00324	0.00447
7	0.00851	0.00581	0.00660	0.00623	0.00711	0.04709	0.00442	0.04936	0.03174	0.12182	0.01533	0.23570	0.03052	0.30619	0.05660	0.00260	0.05061	0.00663	0.00322	0.00391
8	0.00930	0.06541	0.20451	0.04903	0.09447	0.02336	0.04774	0.10369	0.02655	0.05179	0.07115	0.10618	0.03497	0.00668	0.02967	0.01451	0.03309	0.01984	0.00278	0.00527
9	0.01033	0.01025	0.04864	0.10794	0.28579	0.07519	0.08353	0.10063	0.12545	0.01430	0.00951	0.01167	0.00763	0.04685	0.00486	0.00138	0.00488	0.00388	0.04160	0.00571
10	0.00733	0.00539	0.00666	0.00680	0.04784	0.00573	0.00447	0.10405	0.04897	0.01129	0.01298	0.11023	0.01362	0.40661	0.18688	0.00364	0.00528	0.00574	0.00279	0.00372
11	0.02239	0.00962	0.02182	0.09125	0.21544	0.09904	0.04837	0.09392	0.05102	0.09937	0.02653	0.02830	0.07124	0.00485	0.00419	0.00120	0.02041	0.00412	0.00287	0.08404

[dist]
# distance from previous block
# <min> <max>
1	3

[block]
# block no. 4 follows, 66 sequences, length 13
# corresponding to MSA columns:
# 815-827
name=unknown_E
#
# <colnr> <probs for GDERKNQSTAVLIFYWHMCP>
#	G	D	E	R	K	N	Q	S	T	A	V	L	I	F	Y	W	H	M	C	P
0	0.00751	0.00594	0.00728	0.06558	0.05567	0.03811	0.00575	0.07690	0.03411	0.03540	0.03348	0.32835	0.12022	0.02890	0.00519	0.00157	0.00335	0.13900	0.00351	0.00419
1	0.05242	0.07884	0.13900	0.00810	0.02944	0.05875	0.00717	0.08094	0.07667	0.05348	0.04303	0.16427	0.08455	0.02659	0.00486	0.00141	0.03057	0.05187	0.00312	0.00490
2	0.04831	0.03209	0.02869	0.02940	0.05315	0.10597	0.00588	0.11107	0.06245	0.03011	0.04941	0.07472	0.19185	0.07038	0.06411	0.00182	0.00432	0.00540	0.00313	0.02772
3	0.00875	0.03371	0.03373	0.18367	0.04251	0.06943	0.00717	0.10444	0.04555	0.01299	0.06448	0.01618	0.03832	0.07758	0.13609	0.00230	0.02204	0.03256	0.06393	0.00456
4	0.00985	0.02172	0.03537	0.00920	0.09147	0.00806	0.01918	0.15048	0.07412	0.02719	0.00923	0.01083	0.01870	0.02631	0.04831	0.02911	0.05227	0.00336	0.00274	0.35251
5	0.00990	0.02993	0.03803	0.22299	0.12536	0.09309	0.05493	0.09261	0.05875	0.04365	0.01095	0.08643	0.03635	0.03839	0.00517	0.00142	0.03974	0.00456	0.00262	0.00512
6	0.00568	0.00533	0.05110	0.00539	0.00641	0.02910	0.00411	0.00677	0.00848	0.01094	0.12723	0.25349	0.27059	0.16334	0.03194	0.00203	0.00309	0.00812	0.00341	0.00345
7	0.00858	0.04025	0.01023	0.20770	0.12245	0.03244	0.01976	0.08201	0.00924	0.03376	0.05109	0.06672	0.07653	0.16337	0.00745	0.00177	0.02783	0.00499	0.00267	0.03115
8	0.11675	0.01916	0.00854	0.02916	0.02479	0.08098	0.04609	0.10221	0.03256	0.05447	0.08179	0.19955	0.04040	0.06593	0.02620	0.00162	0.00391	0.01821	0.00324	0.04443
9	0.06704	0.03839	0.01033	0.02544	0.10629	0.06753	0.04108	0.13252	0.05541	0.14609	0.03072	0.14406	0.06653	0.01927	0.00445	0.00136	0.00394	0.03080	0.00344	0.00532
10	0.03291	0.03354	0.04797	0.00773	0.07023	0.06122	0.00565	0.00885	0.02905	0.01247	0.20271	0.21459	0.09829	0.04233	0.03357	0.00166	0.02124	0.05799	0.01389	0.00410
11	0.02988	0.10452	0.05795	0.12532	0.05378	0.05907	0.14754	0.04916	0.03680	0.01236	0.04214	0.06823	0.08804	0.02098	0.03425	0.00154	0.02266	0.03840	0.00257	0.00481
12	0.02666	0.21410	0.26309	0.05638	0.06981	0.02779	0.07502	0.10329	0.00989	0.03321	0.00779	0.00965	0.00617	0.00401	0.00365	0.00115	0.00507	0.02403	0.00223	0.05699

[dist]
# distance from previous block
# <min> <max>
0	1

[block]
# block no. 5 follows, 66 sequences, length 17
# corresponding to MSA columns:
# 829-845
name=unknown_F
#
# <colnr> <probs for GDERKNQSTAVLIFYWHMCP>
#	G	D	E	R	K	N	Q	S	T	A	V	L	I	F	Y	W	H	M	C	P
0	0.00908	0.03033	0.04408	0.11525	0.09973	0.05221	0.27966	0.05255	0.02004	0.01240	0.01060	0.07760	0.03298	0.02468	0.03951	0.00164	0.05603	0.03423	0.00237	0.00502
1	0.03336	0.07772	0.02275	0.07672	0.07849	0.00908	0.10355	0.05670	0.07032	0.03283	0.06081	0.15860	0.03327	0.00685	0.01723	0.00148	0.14716	0.00540	0.00279	0.00489
2	0.06761	0.03016	0.05118	0.06356	0.09317	0.02989	0.12864	0.06919	0.00956	0.03739	0.03889	0.19883	0.13081	0.01752	0.00460	0.00140	0.00405	0.01586	0.00299	0.00470
3	0.00815	0.04267	0.02952	0.03420	0.04831	0.05430	0.01792	0.04963	0.03921	0.08033	0.04457	0.42422	0.05534	0.02779	0.02306	0.00160	0.00352	0.00784	0.00345	0.00436
4	0.00731	0.02845	0.04246	0.00718	0.03678	0.00548	0.03110	0.06042	0.03018	0.05824	0.04408	0.38547	0.13127	0.02569	0.05270	0.00176	0.00349	0.00795	0.00346	0.03654
5	0.01847	0.04488	0.05794	0.00921	0.08379	0.08238	0.04709	0.09283	0.05231	0.04529	0.04083	0.18111	0.14958	0.01750	0.04020	0.00158	0.02098	0.00608	0.00315	0.00480
6	0.01080	0.07882	0.08636	0.00941	0.04606	0.14337	0.07543	0.14103	0.02570	0.07232	0.02915	0.09543	0.05782	0.08526	0.02375	0.00160	0.00487	0.00480	0.00293	0.00508
7	0.00830	0.07826	0.05399	0.00729	0.05088	0.03211	0.00572	0.03820	0.03318	0.09270	0.20534	0.09244	0.16877	0.03289	0.02963	0.00155	0.00344	0.05721	0.00355	0.00454
8	0.01006	0.06608	0.10143	0.04949	0.28127	0.03748	0.04974	0.03147	0.06156	0.09867	0.02647	0.05127	0.05515	0.00644	0.05426	0.00157	0.00491	0.00434	0.00269	0.00564
9	0.03312	0.09161	0.08734	0.06461	0.08454	0.04964	0.06543	0.04254	0.05201	0.05945	0.05896	0.06913	0.08685	0.00748	0.06204	0.00166	0.07112	0.00473	0.00274	0.00500
10	0.03148	0.16374	0.37897	0.01209	0.13049	0.03947	0.04094	0.04996	0.02857	0.03895	0.00825	0.04466	0.00668	0.00424	0.00373	0.00121	0.00517	0.00344	0.00216	0.00578
11	0.00758	0.08830	0.06855	0.00750	0.06247	0.00675	0.00579	0.06714	0.07656	0.03057	0.08011	0.20717	0.23225	0.03489	0.00493	0.00143	0.00316	0.00693	0.00339	0.00452
12	0.01962	0.07933	0.08305	0.05682	0.04429	0.10191	0.05260	0.04660	0.04383	0.05380	0.12581	0.15395	0.09699	0.00675	0.00438	0.00130	0.01536	0.00574	0.00309	0.00475
13	0.00959	0.00891	0.06100	0.03108	0.05811	0.03829	0.16507	0.08463	0.07874	0.08353	0.01509	0.09539	0.11067	0.06771	0.01854	0.00163	0.05850	0.00542	0.00302	0.00507
14	0.03258	0.00758	0.07420	0.02889	0.08242	0.08637	0.00617	0.03404	0.00897	0.01183	0.05463	0.44354	0.08142	0.00922	0.00464	0.00145	0.00350	0.02117	0.00324	0.00415
15	0.00863	0.02376	0.14391	0.03073	0.09018	0.03016	0.10386	0.10607	0.04177	0.01341	0.01462	0.17772	0.09385	0.00749	0.03091	0.00155	0.05327	0.02026	0.00283	0.00503
16	0.00868	0.04612	0.08306	0.04436	0.08343	0.04457	0.15540	0.05335	0.05549	0.03659	0.06463	0.14302	0.10828	0.03337	0.00508	0.00142	0.01951	0.00581	0.00292	0.00490

[dist]
# distance from previous block
# <min> <max>
0	1

[block]
# block no. 6 follows, 66 sequences, length 9
# corresponding to MSA columns:
# 847-855
name=unknown_G
#
# <colnr> <probs for GDERKNQSTAVLIFYWHMCP>
#	G	D	E	R	K	N	Q	S	T	A	V	L	I	F	Y	W	H	M	C	P
0	0.00799	0.07796	0.04083	0.00726	0.04489	0.07379	0.00536	0.02642	0.03397	0.04452	0.05864	0.21639	0.06049	0.18976	0.02845	0.00204	0.02110	0.03677	0.01931	0.00405
1	0.02532	0.06905	0.09305	0.04531	0.03219	0.11499	0.05142	0.15856	0.05181	0.03597	0.02515	0.12138	0.06191	0.00678	0.03159	0.00146	0.03908	0.00485	0.02497	0.00514
2	0.02988	0.05301	0.06436	0.09025	0.09045	0.05667	0.08352	0.12286	0.04390	0.03762	0.02524	0.09133	0.03642	0.03831	0.05414	0.01849	0.03536	0.00467	0.01847	0.00504
3	0.00896	0.03607	0.01239	0.06823	0.11206	0.03238	0.16518	0.08474	0.02408	0.03871	0.03994	0.09873	0.08013	0.03816	0.06607	0.01904	0.02632	0.02370	0.02028	0.00483
4	0.06671	0.02933	0.02856	0.03805	0.11252	0.03611	0.09987	0.08068	0.09807	0.04376	0.03468	0.06344	0.02543	0.02108	0.03863	0.00153	0.04134	0.04012	0.02492	0.07518
5	0.08723	0.03478	0.06074	0.03207	0.09050	0.06610	0.08732	0.09535	0.05820	0.03047	0.02103	0.07667	0.00950	0.04858	0.03287	0.01152	0.05475	0.03259	0.00270	0.06701
6	0.03810	0.06473	0.07272	0.00786	0.03955	0.09953	0.02156	0.08795	0.04384	0.06862	0.08750	0.14223	0.12493	0.04379	0.00488	0.00138	0.00382	0.00567	0.01852	0.02281
7	0.00927	0.03524	0.17717	0.06753	0.09721	0.07034	0.04212	0.09861	0.04481	0.03529	0.05279	0.13428	0.07822	0.00617	0.00453	0.00133	0.03189	0.00520	0.00283	0.00519
8	0.02764	0.09688	0.19326	0.02356	0.07538	0.05589	0.10271	0.06652	0.00948	0.06748	0.02405	0.09135	0.02511	0.02286	0.03130	0.00152	0.05725	0.01996	0.00255	0.00526

[dist]
# distance from previous block
# <min> <max>
4	27

[block]
# block no. 7 follows, 66 sequences, length 8
# corresponding to MSA columns:
# 883-890
name=unknown_H
#
# <colnr> <probs for GDERKNQSTAVLIFYWHMCP>
#	G	D	E	R	K	N	Q	S	T	A	V	L	I	F	Y	W	H	M	C	P
0	0.04302	0.00773	0.00877	0.00777	0.03341	0.03315	0.00591	0.23034	0.07152	0.13083	0.09578	0.05684	0.07525	0.06547	0.08305	0.00196	0.03527	0.00502	0.00366	0.00526
1	0.08162	0.01007	0.05001	0.03854	0.02614	0.06002	0.02345	0.28621	0.07124	0.15470	0.04021	0.01160	0.00864	0.02564	0.01997	0.00141	0.04684	0.00376	0.00349	0.03644
2	0.01059	0.03816	0.08043	0.08942	0.17119	0.07634	0.05533	0.07813	0.08412	0.10204	0.03500	0.03985	0.04546	0.04622	0.00494	0.00141	0.00460	0.02838	0.00292	0.00550
3	0.00579	0.00418	0.00481	0.00489	0.00600	0.00371	0.00361	0.00684	0.00896	0.05574	0.08392	0.19058	0.46860	0.06061	0.03321	0.00175	0.00266	0.04679	0.00375	0.00358
4	0.03110	0.00739	0.03773	0.00745	0.04158	0.06566	0.00566	0.11294	0.05827	0.05621	0.09442	0.18256	0.13515	0.03457	0.03462	0.00163	0.00367	0.05471	0.03011	0.00457
5	0.00798	0.00685	0.05530	0.03676	0.00893	0.06557	0.04460	0.05205	0.00751	0.00980	0.00964	0.09318	0.00962	0.03978	0.08357	0.40394	0.02713	0.03230	0.00224	0.00324
6	0.00988	0.06803	0.06572	0.08246	0.05272	0.10020	0.04707	0.07238	0.03853	0.08786	0.03315	0.04462	0.09068	0.07811	0.04230	0.00173	0.00473	0.05269	0.02227	0.00485
7	0.00809	0.02281	0.00953	0.10476	0.18500	0.03484	0.00716	0.06069	0.00927	0.03264	0.05338	0.16019	0.11316	0.05543	0.06328	0.00187	0.02586	0.04455	0.00293	0.00457

[dist]
# distance from previous block
# <min> <max>
0	1

[block]
# block no. 8 follows, 66 sequences, length 17
# corresponding to MSA columns:
# 892-908
name=unknown_I
#
# <colnr> <probs for GDERKNQSTAVLIFYWHMCP>
#	G	D	E	R	K	N	Q	S	T	A	V	L	I	F	Y	W	H	M	C	P
0	0.00669	0.00443	0.00558	0.02396	0.00697	0.00415	0.00419	0.00818	0.03104	0.09134	0.18460	0.27596	0.21457	0.04568	0.03379	0.00173	0.00281	0.04656	0.00388	0.00389
1	0.02097	0.01055	0.14867	0.09230	0.16707	0.03660	0.08471	0.08940	0.06919	0.01377	0.03463	0.11988	0.05437	0.00572	0.00457	0.00134	0.03320	0.00502	0.00268	0.00534
2	0.01188	0.05771	0.02925	0.06663	0.20683	0.15606	0.00848	0.12299	0.04496	0.11137	0.02572	0.02974	0.02921	0.01694	0.04686	0.00151	0.02150	0.00388	0.00285	0.00562
3	0.03823	0.00903	0.01470	0.23862	0.36049	0.02273	0.08943	0.04420	0.00912	0.01284	0.03516	0.01074	0.00704	0.00427	0.00496	0.00132	0.08575	0.00379	0.00212	0.00547
4	0.00594	0.00424	0.00511	0.00535	0.00628	0.00390	0.00386	0.02442	0.02935	0.04717	0.11505	0.41788	0.27966	0.01076	0.00493	0.00149	0.00235	0.02465	0.00391	0.00371
5	0.01127	0.20405	0.13658	0.03213	0.09981	0.13925	0.07994	0.09873	0.03044	0.04975	0.00867	0.04197	0.00729	0.00454	0.00392	0.00118	0.01798	0.02452	0.00243	0.00554
6	0.00824	0.01660	0.02831	0.05315	0.09958	0.09070	0.04369	0.03261	0.03291	0.03283	0.01405	0.10471	0.06638	0.25559	0.06605	0.00245	0.00480	0.04052	0.00271	0.00413
7	0.00569	0.00441	0.00568	0.00626	0.04303	0.00433	0.00427	0.02729	0.00830	0.01093	0.06000	0.27692	0.25001	0.07236	0.19843	0.00280	0.00448	0.00791	0.00327	0.00361
8	0.00796	0.04602	0.00887	0.11059	0.05049	0.00700	0.02358	0.07990	0.12042	0.02943	0.10535	0.22521	0.07971	0.02408	0.00485	0.00146	0.00341	0.06360	0.00346	0.00462
9	0.01090	0.12055	0.08242	0.07944	0.08857	0.06473	0.12627	0.18503	0.06315	0.03270	0.02771	0.04640	0.01750	0.03144	0.00453	0.00132	0.00493	0.00410	0.00274	0.00559
10	0.02288	0.05982	0.07995	0.17354	0.12336	0.08200	0.07469	0.08066	0.01922	0.01254	0.03083	0.01176	0.02029	0.03000	0.10714	0.00198	0.05824	0.00380	0.00226	0.00504
11	0.00554	0.00395	0.00507	0.00573	0.00628	0.00374	0.00411	0.02465	0.00862	0.01160	0.08044	0.57969	0.08437	0.01150	0.00505	0.00159	0.00250	0.10915	0.04291	0.00350
12	0.03476	0.05223	0.37290	0.05634	0.06788	0.01913	0.09392	0.06370	0.06576	0.01368	0.02056	0.01047	0.00687	0.00488	0.02491	0.00140	0.03472	0.01573	0.00223	0.03794
13	0.00885	0.02943	0.00859	0.05283	0.09427	0.05422	0.00613	0.09689	0.05355	0.07512	0.07310	0.23425	0.13712	0.00841	0.02024	0.00147	0.00359	0.03373	0.00349	0.00471
14	0.00600	0.00414	0.00516	0.00539	0.00623	0.00380	0.00388	0.02050	0.00930	0.05216	0.21063	0.39486	0.18970	0.03282	0.00536	0.00155	0.00237	0.03851	0.00396	0.00367
15	0.00559	0.00434	0.00499	0.00558	0.00597	0.03847	0.00375	0.00630	0.00791	0.01028	0.05891	0.58395	0.06774	0.14914	0.00760	0.00197	0.00281	0.02792	0.00352	0.00326
16	0.70173	0.04589	0.00705	0.00574	0.00823	0.00939	0.00474	0.03925	0.08206	0.01782	0.00709	0.00783	0.00549	0.00399	0.00273	0.00123	0.00319	0.00253	0.03934	0.00467

[dist]
# distance from previous block
# <min> <max>
0	1

[block]
# block no. 9 follows, 66 sequences, length 12
# corresponding to MSA columns:
# 910-921
name=unknown_J
#
# <colnr> <probs for GDERKNQSTAVLIFYWHMCP>
#	G	D	E	R	K	N	Q	S	T	A	V	L	I	F	Y	W	H	M	C	P
0	0.06420	0.20167	0.04844	0.01101	0.10757	0.33474	0.02417	0.09444	0.01075	0.04262	0.00702	0.00804	0.00567	0.00406	0.00365	0.00109	0.02034	0.00284	0.00231	0.00536
1	0.00678	0.00359	0.00515	0.00515	0.00531	0.00351	0.00347	0.00535	0.00575	0.00750	0.01102	0.01545	0.10299	0.01365	0.01457	0.77935	0.00335	0.00411	0.00200	0.00196
2	0.02430	0.04011	0.10007	0.07332	0.11711	0.12561	0.04494	0.11652	0.02956	0.05089	0.02416	0.01573	0.13035	0.02808	0.00451	0.00130	0.00467	0.02867	0.00280	0.03731
3	0.01109	0.26798	0.09343	0.03092	0.10604	0.11171	0.07108	0.12859	0.03701	0.01321	0.00815	0.05335	0.00705	0.00452	0.00404	0.00116	0.03926	0.00354	0.00235	0.00551
4	0.11068	0.00676	0.00783	0.00715	0.00873	0.00778	0.00561	0.11578	0.20177	0.01429	0.01166	0.03351	0.01003	0.04624	0.37095	0.00370	0.02555	0.00427	0.00296	0.00477
5	0.01159	0.00997	0.04204	0.00809	0.01081	0.10530	0.00668	0.24415	0.06411	0.07638	0.02373	0.08777	0.01008	0.00551	0.00422	0.00116	0.02847	0.04508	0.00332	0.21155
6	0.00818	0.13241	0.46023	0.00966	0.03842	0.00915	0.01077	0.03239	0.03802	0.01280	0.06396	0.03612	0.10065	0.00529	0.00394	0.00126	0.00474	0.02423	0.00238	0.00539
7	0.73908	0.00734	0.00596	0.00533	0.00758	0.00834	0.00425	0.01163	0.00703	0.05881	0.00701	0.00929	0.00589	0.10330	0.00470	0.00157	0.00325	0.00272	0.00263	0.00430
8	0.03275	0.02803	0.02621	0.09004	0.18089	0.02215	0.12643	0.13063	0.04590	0.07643	0.03227	0.12954	0.01068	0.00563	0.00456	0.00134	0.03028	0.01777	0.00295	0.00549
9	0.01030	0.02362	0.09504	0.11597	0.26039	0.10612	0.03775	0.08302	0.06100	0.03647	0.04273	0.02276	0.04502	0.01732	0.00452	0.00130	0.02451	0.00403	0.00256	0.00557
10	0.00498	0.00396	0.00436	0.00457	0.00553	0.00346	0.00324	0.00590	0.00876	0.01089	0.08296	0.23252	0.52241	0.08035	0.00619	0.00164	0.00227	0.00898	0.00370	0.00334
11	0.00947	0.11890	0.09159	0.05228	0.05378	0.02026	0.05765	0.17654	0.01078	0.01452	0.10591	0.03452	0.03547	0.03988	0.07672	0.00183	0.04926	0.04275	0.00284	0.00506

[dist]
# distance from previous block
# <min> <max>
0	2

[block]
# block no. 10 follows, 66 sequences, length 21
# corresponding to MSA columns:
# 924-944
name=unknown_K
#
# <colnr> <probs for GDERKNQSTAVLIFYWHMCP>
#	G	D	E	R	K	N	Q	S	T	A	V	L	I	F	Y	W	H	M	C	P
0	0.04253	0.03532	0.04211	0.00977	0.06590	0.11280	0.03248	0.16041	0.17814	0.12398	0.02820	0.04330	0.00985	0.03477	0.00505	0.00138	0.04523	0.01965	0.00337	0.00576
1	0.02157	0.05369	0.26295	0.06362	0.20404	0.00932	0.03430	0.08959	0.05690	0.03287	0.04267	0.04859	0.00862	0.00456	0.00394	0.00124	0.00473	0.00391	0.01674	0.03613
2	0.00695	0.00489	0.00543	0.00529	0.00654	0.00484	0.00402	0.04005	0.09682	0.03157	0.05525	0.07715	0.28485	0.07461	0.04285	0.00176	0.00295	0.07061	0.17958	0.00400
3	0.01076	0.03664	0.10672	0.05064	0.04013	0.12072	0.03114	0.21457	0.08544	0.03409	0.06186	0.08494	0.07313	0.01614	0.00437	0.00131	0.00449	0.01433	0.00319	0.00539
4	0.01073	0.04243	0.03360	0.02085	0.09495	0.07289	0.06566	0.21464	0.10533	0.04608	0.07334	0.12233	0.03725	0.03550	0.00482	0.00138	0.00421	0.00521	0.00334	0.00545
5	0.00538	0.00411	0.00532	0.00551	0.00619	0.00382	0.03165	0.00624	0.00801	0.01038	0.05240	0.37095	0.22498	0.17830	0.02693	0.00213	0.00299	0.04800	0.00344	0.00329
6	0.00748	0.04685	0.10582	0.12756	0.11855	0.02371	0.02102	0.02469	0.05524	0.01198	0.03321	0.21832	0.12766	0.00747	0.00445	0.00140	0.00391	0.05315	0.00291	0.00463
7	0.01079	0.04866	0.13398	0.02398	0.22018	0.04843	0.10501	0.14661	0.06011	0.05879	0.04805	0.01269	0.05511	0.00464	0.00410	0.00124	0.00481	0.00409	0.00280	0.00591
8	0.02839	0.06377	0.09104	0.08833	0.29165	0.04267	0.00973	0.14885	0.06154	0.01482	0.02593	0.04642	0.03507	0.00489	0.00410	0.00126	0.01312	0.02001	0.00265	0.00576
9	0.00702	0.00543	0.00632	0.00675	0.02987	0.03022	0.00466	0.05127	0.11366	0.03020	0.03825	0.49197	0.06154	0.07573	0.00606	0.00171	0.00295	0.02866	0.00367	0.00406
10	0.03477	0.38569	0.01514	0.02388	0.03367	0.27330	0.00711	0.04631	0.02833	0.01134	0.06884	0.00939	0.00813	0.00512	0.03228	0.00120	0.00530	0.00296	0.00225	0.00499
11	0.00879	0.00736	0.04351	0.00661	0.00906	0.00657	0.00536	0.07547	0.18550	0.05506	0.03820	0.09415	0.11808	0.04864	0.00478	0.00127	0.00312	0.00507	0.02706	0.25633
12	0.01045	0.24458	0.09094	0.02824	0.10783	0.08692	0.15726	0.05525	0.05009	0.02303	0.04064	0.03094	0.00790	0.00430	0.00405	0.00117	0.03016	0.00367	0.00231	0.02026
13	0.03982	0.13418	0.09529	0.02299	0.11309	0.09188	0.05698	0.04611	0.09463	0.09077	0.02713	0.05644	0.03964	0.00556	0.02587	0.00133	0.00466	0.00406	0.00278	0.04680
14	0.00770	0.00537	0.03108	0.02807	0.01937	0.00471	0.00472	0.04508	0.00991	0.12710	0.16794	0.20258	0.25452	0.02043	0.02793	0.00155	0.00291	0.00749	0.02730	0.00426
15	0.00629	0.00452	0.00553	0.00545	0.00600	0.00467	0.00377	0.05108	0.00777	0.01047	0.07989	0.11320	0.07822	0.39855	0.15586	0.00346	0.02002	0.03906	0.00293	0.00326
16	0.04015	0.10153	0.22676	0.03307	0.07062	0.04809	0.06993	0.14090	0.04103	0.02536	0.01033	0.12218	0.01898	0.00537	0.00424	0.00129	0.02762	0.00446	0.00262	0.00549
17	0.01163	0.07699	0.10326	0.04331	0.09908	0.15838	0.10051	0.13889	0.08559	0.05032	0.04001	0.01055	0.00784	0.00452	0.00447	0.00124	0.05137	0.00365	0.00269	0.00569
18	0.00731	0.00421	0.00555	0.00551	0.00562	0.03785	0.00372	0.00581	0.00559	0.00726	0.00730	0.01265	0.00729	0.03895	0.04031	0.79382	0.00391	0.00358	0.00181	0.00196
19	0.00585	0.00440	0.00559	0.00633	0.05313	0.00416	0.00417	0.03362	0.00898	0.01204	0.14052	0.38391	0.19861	0.05963	0.02303	0.00170	0.00269	0.00878	0.03918	0.00368
20	0.03740	0.13957	0.05564	0.04381	0.06890	0.12853	0.05359	0.15857	0.11695	0.03953	0.04190	0.02563	0.00887	0.00566	0.02925	0.01570	0.00492	0.01721	0.00286	0.00552

[dist]
# distance from previous block
# <min> <max>
10	14

[block]
# block no. 11 follows, 66 sequences, length 6
# corresponding to MSA columns:
# 959-964
name=unknown_L
#
# <colnr> <probs for GDERKNQSTAVLIFYWHMCP>
#	G	D	E	R	K	N	Q	S	T	A	V	L	I	F	Y	W	H	M	C	P
0	0.05497	0.00606	0.05889	0.03647	0.04801	0.00508	0.03835	0.00786	0.00887	0.01224	0.15125	0.14731	0.27204	0.08143	0.00592	0.00158	0.00306	0.02329	0.00329	0.03403
1	0.00815	0.00708	0.05910	0.00718	0.04086	0.05199	0.00536	0.08348	0.04256	0.06369	0.09884	0.24725	0.09416	0.16279	0.00749	0.00185	0.00347	0.00699	0.00342	0.00426
2	0.04907	0.02555	0.06369	0.07808	0.26372	0.05523	0.04249	0.06579	0.03744	0.01393	0.12898	0.04383	0.06408	0.00649	0.04288	0.00150	0.00460	0.00467	0.00274	0.00523
3	0.00672	0.04564	0.03254	0.05520	0.00905	0.02811	0.03220	0.00874	0.06019	0.01157	0.07928	0.13249	0.29189	0.05555	0.00586	0.00152	0.04409	0.05204	0.00323	0.04409
4	0.00851	0.00783	0.06470	0.00941	0.12538	0.02213	0.00669	0.12760	0.04823	0.03296	0.11181	0.11445	0.15490	0.04335	0.05381	0.00173	0.03247	0.00591	0.00327	0.02487
5	0.05332	0.03021	0.13907	0.11767	0.09216	0.11254	0.02310	0.06584	0.05741	0.05284	0.01219	0.02568	0.09595	0.01686	0.00445	0.00128	0.03317	0.00402	0.01642	0.04580

[dist]
# distance from previous block
# <min> <max>
0	13

[block]
# block no. 12 follows, 66 sequences, length 27
# corresponding to MSA columns:
# 978-1004
name=unknown_M
#
# <colnr> <probs for GDERKNQSTAVLIFYWHMCP>
#	G	D	E	R	K	N	Q	S	T	A	V	L	I	F	Y	W	H	M	C	P
0	0.18754	0.17564	0.09683	0.00952	0.07134	0.14764	0.02778	0.11522	0.04058	0.03457	0.00745	0.00845	0.00589	0.01335	0.00354	0.00115	0.00474	0.00288	0.00247	0.04341
1	0.05390	0.10786	0.07834	0.14285	0.07064	0.05468	0.03490	0.10416	0.05729	0.02416	0.03223	0.02613	0.04178	0.03089	0.02816	0.00146	0.03729	0.01828	0.02301	0.03198
2	0.00636	0.00522	0.02018	0.04906	0.00791	0.02996	0.00478	0.02683	0.00754	0.01022	0.03530	0.21898	0.03641	0.17517	0.29421	0.01527	0.00601	0.00632	0.00273	0.04154
3	0.07812	0.16849	0.24828	0.04219	0.10302	0.03071	0.08470	0.05233	0.04817	0.06549	0.02080	0.01007	0.02226	0.00412	0.00370	0.00120	0.00493	0.00338	0.00237	0.00568
4	0.00519	0.00384	0.00484	0.00534	0.00593	0.00358	0.00377	0.00616	0.00842	0.01109	0.12210	0.46556	0.18507	0.06195	0.04421	0.00192	0.00280	0.05117	0.00370	0.00337
5	0.01067	0.05806	0.09270	0.01122	0.13640	0.05143	0.05449	0.15272	0.05515	0.08310	0.02992	0.08575	0.05292	0.04659	0.00552	0.00143	0.05872	0.00472	0.00300	0.00549
6	0.00614	0.00456	0.00560	0.00541	0.00647	0.00433	0.00405	0.05487	0.02577	0.01496	0.49510	0.16138	0.15589	0.00913	0.00482	0.00136	0.00223	0.02982	0.00420	0.00391
7	0.01444	0.01693	0.01122	0.01033	0.03510	0.65360	0.00765	0.06477	0.07180	0.03885	0.00864	0.00929	0.03088	0.00452	0.00378	0.00110	0.00649	0.00308	0.00250	0.00505
8	0.05831	0.00467	0.00527	0.00514	0.00572	0.00475	0.00339	0.05744	0.00754	0.03098	0.03719	0.13468	0.03667	0.50096	0.02917	0.02714	0.00366	0.02330	0.02084	0.00319
9	0.01172	0.48599	0.09519	0.00840	0.01169	0.19270	0.00795	0.07118	0.00970	0.01122	0.00627	0.00724	0.00535	0.00386	0.00339	0.00099	0.03101	0.00250	0.00200	0.03166
10	0.00869	0.03282	0.04206	0.04191	0.01046	0.02297	0.08117	0.12716	0.06780	0.02390	0.04021	0.06107	0.05964	0.19632	0.06057	0.00216	0.00452	0.02363	0.00294	0.08999
11	0.02507	0.08076	0.13002	0.01003	0.03546	0.12907	0.09782	0.16533	0.05611	0.10162	0.05835	0.02835	0.01607	0.03049	0.00451	0.00131	0.00492	0.01606	0.00302	0.00563
12	0.03263	0.08066	0.00860	0.00823	0.09551	0.03821	0.00560	0.06369	0.03267	0.03712	0.07100	0.26550	0.08884	0.06883	0.00587	0.02111	0.00338	0.06498	0.00328	0.00431
13	0.09842	0.03175	0.00665	0.01690	0.02311	0.02847	0.00461	0.00978	0.07431	0.08251	0.06897	0.23316	0.16751	0.07203	0.03993	0.00180	0.00330	0.02914	0.00349	0.00416
14	0.05133	0.11079	0.18745	0.00959	0.01291	0.05469	0.10169	0.09697	0.12358	0.06228	0.04886	0.02277	0.01780	0.00621	0.05321	0.00156	0.02608	0.00387	0.00279	0.00556
15	0.01450	0.00509	0.00604	0.00579	0.00687	0.02340	0.03079	0.04665	0.02379	0.05609	0.05619	0.27532	0.23076	0.14649	0.02561	0.00194	0.00313	0.00787	0.02990	0.00378
16	0.04057	0.00517	0.00613	0.02603	0.00713	0.00549	0.00424	0.06383	0.05904	0.01128	0.01507	0.05573	0.09652	0.30640	0.22926	0.00357	0.00541	0.00541	0.02542	0.02828
17	0.01043	0.05733	0.07197	0.11013	0.34586	0.06683	0.06484	0.08912	0.04092	0.03037	0.00947	0.01116	0.04164	0.00430	0.00426	0.00124	0.02821	0.00376	0.00236	0.00580
18	0.00998	0.09746	0.35082	0.01211	0.03639	0.10454	0.19888	0.03255	0.06621	0.02165	0.00816	0.00950	0.00614	0.00392	0.00394	0.00123	0.00581	0.00346	0.02159	0.00567
19	0.05101	0.00502	0.03090	0.00565	0.00678	0.00448	0.00433	0.01882	0.03234	0.05254	0.29256	0.27880	0.11235	0.05657	0.00561	0.00156	0.00256	0.03035	0.00387	0.00390
20	0.03539	0.00888	0.05825	0.39975	0.11420	0.07603	0.02718	0.02012	0.03001	0.02572	0.04122	0.05804	0.07812	0.00518	0.00413	0.00132	0.00482	0.00448	0.00238	0.00479
21	0.01129	0.05655	0.03946	0.05080	0.06050	0.23916	0.09598	0.06977	0.02859	0.06323	0.02896	0.03118	0.02866	0.04972	0.01717	0.00142	0.05132	0.00395	0.06729	0.00498
22	0.00508	0.00367	0.00473	0.00544	0.00578	0.00348	0.00365	0.00578	0.00763	0.01010	0.02228	0.65113	0.09246	0.10084	0.05576	0.00215	0.00299	0.01028	0.00354	0.00324
23	0.01733	0.03359	0.01110	0.09072	0.08924	0.02427	0.08446	0.14643	0.11713	0.02848	0.01514	0.10106	0.09394	0.00702	0.02813	0.00150	0.01770	0.05219	0.03540	0.00516
24	0.03908	0.00853	0.00853	0.00830	0.05688	0.15965	0.00589	0.11708	0.00947	0.05491	0.01116	0.05668	0.04762	0.08591	0.14214	0.14067	0.03626	0.00435	0.00266	0.00423
25	0.00696	0.00514	0.00720	0.00714	0.00823	0.02042	0.06422	0.02638	0.00894	0.05970	0.02114	0.37799	0.08789	0.02228	0.03453	0.00182	0.00356	0.22893	0.00361	0.00391
26	0.63048	0.04145	0.01981	0.00758	0.04966	0.02689	0.05303	0.03426	0.03080	0.05235	0.00679	0.00772	0.00520	0.00392	0.00307	0.00125	0.01565	0.00264	0.00259	0.00485

[dist]
# distance from previous block
# <min> <max>
2	9

[block]
# block no. 13 follows, 66 sequences, length 37
# corresponding to MSA columns:
# 1014-1050
name=unknown_N
#
# <colnr> <probs for GDERKNQSTAVLIFYWHMCP>
#	G	D	E	R	K	N	Q	S	T	A	V	L	I	F	Y	W	H	M	C	P
0	0.01164	0.03080	0.01135	0.05539	0.01211	0.03874	0.04200	0.32474	0.07625	0.05816	0.04769	0.04960	0.02566	0.02285	0.00594	0.00143	0.13203	0.04466	0.00338	0.00558
1	0.03058	0.09384	0.07472	0.00896	0.02020	0.14125	0.00764	0.18831	0.07634	0.08241	0.01032	0.03859	0.02445	0.02388	0.00541	0.00132	0.11193	0.02418	0.00297	0.03270
2	0.04717	0.00478	0.00507	0.00513	0.00618	0.02982	0.00374	0.00733	0.03305	0.01240	0.21480	0.20827	0.32381	0.05744	0.00562	0.00155	0.00247	0.02400	0.00375	0.00362
