[name]
unknown

[dist]
# distance from previous block
# <min> <max>
0	5

[block]
# block no. 0 follows, 19 sequences, length 24
# corresponding to MSA columns:
# 5-28
name=unknown_A
#
# <colnr> <probs for GDERKNQSTAVLIFYWHMCP>
#	G	D	E	R	K	N	Q	S	T	A	V	L	I	F	Y	W	H	M	C	P
0	0.02134	0.02004	0.08216	0.02506	0.12434	0.01883	0.01918	0.17056	0.02538	0.03446	0.03134	0.05279	0.04827	0.01602	0.01178	0.00333	0.06019	0.21631	0.00703	0.01159
1	0.02472	0.33361	0.21527	0.01963	0.02879	0.02918	0.02093	0.17234	0.02443	0.03213	0.01579	0.01748	0.01238	0.00868	0.00736	0.00238	0.01071	0.00615	0.00511	0.01294
2	0.01777	0.01679	0.02841	0.56310	0.15581	0.02011	0.02528	0.02362	0.01830	0.02391	0.01606	0.02357	0.01230	0.00878	0.00893	0.00293	0.01171	0.00795	0.00405	0.01064
3	0.01850	0.01739	0.03203	0.17410	0.15308	0.01823	0.18067	0.02256	0.01795	0.02443	0.01926	0.07973	0.01743	0.01401	0.01497	0.12516	0.04570	0.01013	0.00457	0.01011
4	0.02642	0.02393	0.10937	0.02817	0.11509	0.02090	0.14027	0.10607	0.14488	0.15323	0.02519	0.02598	0.01806	0.00975	0.00926	0.00286	0.01048	0.00899	0.00718	0.01394
5	0.01733	0.02024	0.17496	0.01830	0.02396	0.01337	0.06559	0.02220	0.01879	0.09786	0.03645	0.21336	0.08879	0.02526	0.11612	0.00500	0.01140	0.01416	0.00659	0.01028
6	0.01084	0.00801	0.01015	0.01186	0.01282	0.00732	0.00804	0.01252	0.01770	0.02307	0.05660	0.57508	0.15914	0.02708	0.01127	0.00353	0.00507	0.02428	0.00831	0.00732
7	0.01821	0.04444	0.59050	0.02651	0.03939	0.02093	0.07994	0.02836	0.01907	0.02836	0.01623	0.01932	0.01152	0.00842	0.00867	0.00285	0.01338	0.00694	0.00384	0.01313
8	0.02604	0.02673	0.18872	0.02841	0.06294	0.01940	0.23604	0.03279	0.02164	0.21104	0.02250	0.02448	0.01556	0.00912	0.01010	0.00291	0.03308	0.00890	0.00628	0.01333
9	0.02028	0.01902	0.03201	0.04788	0.52753	0.01894	0.02428	0.02497	0.01983	0.02817	0.02221	0.13116	0.02163	0.01130	0.00928	0.00282	0.00973	0.01087	0.00507	0.01303
10	0.01788	0.01690	0.02860	0.55034	0.16771	0.02013	0.02533	0.02372	0.01835	0.02405	0.01607	0.02353	0.01235	0.00876	0.00893	0.00292	0.01168	0.00795	0.00406	0.01073
11	0.02435	0.01969	0.03680	0.19271	0.13382	0.01966	0.24000	0.03027	0.02117	0.15949	0.02110	0.02514	0.01512	0.00873	0.00956	0.00290	0.01199	0.00917	0.00580	0.01254
12	0.01750	0.01686	0.02949	0.58178	0.08741	0.02018	0.07367	0.02357	0.01828	0.02366	0.01613	0.02379	0.01217	0.00878	0.00908	0.00297	0.01213	0.00817	0.00404	0.01032
13	0.01273	0.01014	0.01456	0.01918	0.11514	0.00961	0.01134	0.01498	0.01797	0.02402	0.04778	0.51539	0.10456	0.02420	0.01092	0.00341	0.00603	0.02193	0.00766	0.00844
14	0.02084	0.02660	0.19475	0.07657	0.08977	0.01943	0.24817	0.02784	0.02027	0.08424	0.02200	0.08809	0.01824	0.01029	0.00970	0.00297	0.01232	0.01045	0.00527	0.01221
15	0.01891	0.03754	0.48385	0.02234	0.03320	0.01810	0.02732	0.02770	0.02051	0.08008	0.11861	0.02780	0.02435	0.01034	0.00888	0.00282	0.01126	0.00840	0.00539	0.01260
16	0.01123	0.00802	0.01076	0.01283	0.01349	0.00755	0.00887	0.01302	0.01745	0.02321	0.04913	0.62579	0.05846	0.02772	0.01151	0.00368	0.00547	0.07616	0.00830	0.00736
17	0.01769	0.01659	0.02833	0.34118	0.22150	0.01835	0.05390	0.02281	0.01868	0.02506	0.02183	0.13209	0.02051	0.01174	0.00942	0.00300	0.01060	0.01100	0.00486	0.01087
18	0.02377	0.02748	0.08875	0.11820	0.16833	0.12625	0.20113	0.08267	0.02302	0.02949	0.01698	0.02165	0.01311	0.00848	0.00924	0.00277	0.01323	0.00829	0.00480	0.01235
19	0.14173	0.01825	0.03022	0.31213	0.09736	0.01997	0.14029	0.02697	0.01905	0.08464	0.01768	0.02283	0.01305	0.00866	0.00871	0.00291	0.01124	0.00808	0.00505	0.01120
20	0.02102	0.01607	0.02632	0.52475	0.08493	0.01883	0.02304	0.02654	0.01930	0.12483	0.01916	0.02486	0.01374	0.00925	0.00895	0.00293	0.01114	0.00813	0.00518	0.01104
21	0.01844	0.02117	0.15590	0.02266	0.10629	0.01584	0.01801	0.05019	0.11835	0.06199	0.03343	0.27326	0.03327	0.01667	0.00980	0.00314	0.00835	0.01471	0.00708	0.01144
22	0.07647	0.05398	0.27262	0.02101	0.02978	0.01807	0.07020	0.03084	0.04278	0.17897	0.02516	0.09783	0.02016	0.01138	0.00883	0.00289	0.01024	0.00962	0.00650	0.01265
23	0.04818	0.01935	0.05837	0.10390	0.08079	0.03782	0.10778	0.02874	0.11789	0.07974	0.02916	0.12422	0.05015	0.01323	0.01095	0.00308	0.05715	0.01161	0.00645	0.01144

[dist]
# distance from previous block
# <min> <max>
4	65

[block]
# block no. 1 follows, 19 sequences, length 14
# corresponding to MSA columns:
# 100-113
name=unknown_B
#
# <colnr> <probs for GDERKNQSTAVLIFYWHMCP>
#	G	D	E	R	K	N	Q	S	T	A	V	L	I	F	Y	W	H	M	C	P
0	0.16260	0.02087	0.07580	0.04500	0.08128	0.01987	0.06975	0.05641	0.19700	0.03510	0.06871	0.02708	0.02220	0.01012	0.00836	0.00275	0.00867	0.00853	0.00666	0.07325
1	0.09157	0.02301	0.02694	0.02576	0.12300	0.12743	0.09937	0.08939	0.06700	0.06349	0.02800	0.02948	0.08996	0.01062	0.00873	0.00264	0.01031	0.00903	0.00629	0.06797
2	0.02135	0.06528	0.15503	0.12689	0.15627	0.02114	0.07586	0.09643	0.02198	0.03085	0.01680	0.02077	0.01301	0.00828	0.00840	0.00251	0.01093	0.00730	0.00490	0.13601
3	0.01798	0.07703	0.01929	0.01651	0.06422	0.04774	0.01170	0.08444	0.02335	0.03093	0.20207	0.10227	0.12937	0.05880	0.01167	0.00303	0.00709	0.01311	0.00746	0.07195
4	0.02322	0.27396	0.03228	0.01784	0.02395	0.11614	0.05727	0.06373	0.07720	0.02862	0.12155	0.02689	0.02603	0.01023	0.00784	0.00231	0.00958	0.00805	0.00595	0.06735
5	0.02174	0.06487	0.13789	0.01819	0.02475	0.01747	0.06034	0.08025	0.07358	0.10486	0.10264	0.03428	0.02762	0.11424	0.01443	0.00355	0.00915	0.00966	0.00685	0.07365
6	0.02966	0.02095	0.07860	0.02530	0.13974	0.01882	0.01849	0.10590	0.05801	0.26396	0.02501	0.02510	0.01757	0.01034	0.01049	0.00275	0.06522	0.00817	0.00776	0.06816
7	0.02155	0.07511	0.02344	0.01909	0.06111	0.01850	0.05642	0.09394	0.17214	0.08481	0.10164	0.04397	0.16283	0.01388	0.00935	0.00282	0.00761	0.01181	0.00805	0.01192
8	0.02289	0.06012	0.03510	0.09739	0.03582	0.02247	0.21906	0.16501	0.02535	0.03452	0.07050	0.02582	0.01968	0.00987	0.01058	0.00276	0.05372	0.00918	0.00599	0.07414
9	0.08679	0.01851	0.02054	0.02085	0.10431	0.07460	0.01420	0.03232	0.15253	0.12432	0.14446	0.03316	0.03154	0.01141	0.00866	0.00262	0.00785	0.00946	0.00775	0.09413
10	0.02078	0.16581	0.02807	0.01739	0.02335	0.01961	0.08627	0.06031	0.07648	0.06537	0.12310	0.03327	0.05956	0.01523	0.05607	0.00330	0.00942	0.00949	0.00665	0.12045
11	0.01873	0.01425	0.02284	0.01883	0.02289	0.01395	0.12769	0.06006	0.02088	0.08448	0.11405	0.17126	0.03555	0.02340	0.09771	0.04308	0.03280	0.01351	0.00703	0.05702
12	0.02023	0.08017	0.05511	0.06722	0.07113	0.01872	0.01557	0.08002	0.12998	0.05143	0.06628	0.12314	0.05310	0.01342	0.00960	0.00276	0.03036	0.01122	0.00694	0.09360
13	0.02050	0.01740	0.07498	0.06455	0.02416	0.01583	0.01517	0.11584	0.02332	0.08800	0.13494	0.04101	0.03268	0.06129	0.08493	0.00453	0.04875	0.05856	0.00715	0.06641

[dist]
# distance from previous block
# <min> <max>
11	44

[block]
# block no. 2 follows, 19 sequences, length 7
# corresponding to MSA columns:
# 165-171
name=unknown_C
#
# <colnr> <probs for GDERKNQSTAVLIFYWHMCP>
#	G	D	E	R	K	N	Q	S	T	A	V	L	I	F	Y	W	H	M	C	P
0	0.01282	0.00982	0.01254	0.01204	0.01437	0.00953	0.00892	0.01553	0.01762	0.02424	0.12572	0.10271	0.15179	0.11908	0.23892	0.00755	0.01209	0.01360	0.00662	0.08448
1	0.15110	0.18497	0.22710	0.01965	0.02837	0.08268	0.02056	0.13190	0.02288	0.03322	0.01538	0.01731	0.01180	0.00874	0.00739	0.00254	0.01094	0.00607	0.00511	0.01231
2	0.01894	0.02621	0.20218	0.03859	0.35478	0.01873	0.02544	0.02516	0.01996	0.02809	0.02948	0.03238	0.12010	0.01068	0.00906	0.00277	0.01030	0.00949	0.00492	0.01275
3	0.12920	0.02879	0.21901	0.02256	0.03162	0.02126	0.10441	0.16285	0.02519	0.13986	0.02037	0.02160	0.01416	0.00929	0.00857	0.00281	0.01087	0.00767	0.00657	0.01336
4	0.01555	0.01878	0.12713	0.01760	0.02280	0.01403	0.09399	0.02279	0.08918	0.02901	0.18700	0.05086	0.14232	0.11184	0.01510	0.00376	0.00832	0.01304	0.00706	0.00985
5	0.14643	0.01859	0.03201	0.02448	0.03059	0.01842	0.28142	0.07031	0.02183	0.03314	0.10964	0.11897	0.02959	0.01232	0.00967	0.00300	0.01030	0.01223	0.00635	0.01072
6	0.02073	0.13543	0.02788	0.01915	0.02479	0.02232	0.09388	0.03615	0.33299	0.03245	0.09454	0.03524	0.06215	0.01196	0.00895	0.00281	0.00818	0.01037	0.00758	0.01243

[dist]
# distance from previous block
# <min> <max>
5	17

[block]
# block no. 3 follows, 19 sequences, length 10
# corresponding to MSA columns:
# 189-198
name=unknown_D
#
# <colnr> <probs for GDERKNQSTAVLIFYWHMCP>
#	G	D	E	R	K	N	Q	S	T	A	V	L	I	F	Y	W	H	M	C	P
0	0.02230	0.12445	0.21300	0.02625	0.10506	0.02231	0.07964	0.06510	0.02073	0.07680	0.01895	0.05177	0.01548	0.00995	0.01010	0.00271	0.06321	0.00810	0.00518	0.05893
1	0.12348	0.04785	0.02473	0.07179	0.06658	0.02152	0.04661	0.14863	0.13038	0.07511	0.06970	0.02667	0.02172	0.01070	0.00945	0.00278	0.04031	0.00853	0.00716	0.04631
2	0.10735	0.06930	0.02395	0.01776	0.02340	0.07433	0.08025	0.09366	0.05968	0.08100	0.09394	0.07389	0.06815	0.01223	0.00866	0.00263	0.00869	0.01025	0.00710	0.08379
3	0.01851	0.02289	0.13646	0.02903	0.15803	0.01700	0.14132	0.02431	0.01957	0.02802	0.02518	0.07846	0.06553	0.01041	0.00895	0.00255	0.01013	0.00989	0.00516	0.18859
4	0.02550	0.11044	0.23459	0.02167	0.03028	0.10268	0.05304	0.09761	0.06801	0.10688	0.04902	0.02340	0.01797	0.00976	0.00849	0.00266	0.01129	0.00769	0.00612	0.01291
5	0.09272	0.02757	0.25230	0.06584	0.03153	0.01861	0.06692	0.06374	0.06773	0.07622	0.02681	0.09624	0.05168	0.01192	0.00894	0.00295	0.01020	0.01007	0.00605	0.01195
6	0.02371	0.05959	0.13107	0.02534	0.09892	0.13316	0.07675	0.03241	0.12378	0.07362	0.02498	0.04958	0.04236	0.01044	0.00875	0.00267	0.01092	0.00882	0.00599	0.05713
7	0.02282	0.10372	0.09259	0.02447	0.12551	0.02102	0.04385	0.09794	0.07871	0.08003	0.06818	0.03041	0.06886	0.01117	0.00980	0.00268	0.04533	0.00911	0.00652	0.05728
8	0.02213	0.09623	0.02377	0.06830	0.02473	0.05702	0.05409	0.06146	0.06095	0.12149	0.07412	0.12850	0.11329	0.01489	0.01016	0.00289	0.03522	0.01249	0.00737	0.01089
9	0.07116	0.12571	0.09864	0.02481	0.07983	0.13092	0.12144	0.07108	0.04729	0.02917	0.04996	0.02481	0.01828	0.05643	0.01098	0.00302	0.01157	0.00812	0.00529	0.01150

[dist]
# distance from previous block
# <min> <max>
5	43

[block]
# block no. 4 follows, 19 sequences, length 9
# corresponding to MSA columns:
# 275-283
name=unknown_E
#
# <colnr> <probs for GDERKNQSTAVLIFYWHMCP>
#	G	D	E	R	K	N	Q	S	T	A	V	L	I	F	Y	W	H	M	C	P
0	0.01493	0.01672	0.08586	0.02185	0.07028	0.01413	0.10935	0.01879	0.01829	0.02490	0.03970	0.32259	0.10600	0.01933	0.01231	0.00333	0.06835	0.01731	0.00652	0.00947
1	0.02025	0.09951	0.14560	0.08273	0.02706	0.08724	0.01727	0.02483	0.01974	0.07260	0.02973	0.08016	0.07806	0.05046	0.01074	0.00305	0.00976	0.04843	0.04454	0.04823
2	0.05945	0.20926	0.15151	0.04420	0.02601	0.02278	0.01783	0.06037	0.01971	0.05466	0.02458	0.06733	0.07121	0.01163	0.00985	0.00263	0.07125	0.00862	0.00537	0.06170
3	0.09367	0.10609	0.08815	0.02134	0.08154	0.11122	0.01703	0.12616	0.02409	0.12918	0.01987	0.02287	0.01545	0.05596	0.01049	0.00291	0.01026	0.00724	0.00636	0.05011
4	0.01500	0.10814	0.01765	0.01263	0.01626	0.01358	0.00986	0.01914	0.05954	0.02521	0.08315	0.18749	0.15678	0.05759	0.06939	0.00407	0.00785	0.01440	0.00692	0.11536
5	0.01898	0.08185	0.08317	0.05339	0.05956	0.01777	0.12745	0.02629	0.09327	0.06703	0.06477	0.15260	0.08701	0.01431	0.00963	0.00296	0.00913	0.01306	0.00669	0.01108
6	0.02031	0.05231	0.04832	0.02074	0.07439	0.07881	0.05457	0.10524	0.05129	0.03127	0.09479	0.17954	0.06447	0.01502	0.00944	0.00279	0.00869	0.01307	0.00700	0.06792
7	0.02702	0.02069	0.02208	0.06846	0.02640	0.06002	0.01509	0.30479	0.08680	0.08299	0.03338	0.09711	0.08814	0.01373	0.00934	0.00286	0.00893	0.01112	0.00832	0.01275
8	0.13621	0.01377	0.01525	0.01537	0.05597	0.01395	0.01054	0.08023	0.05309	0.03038	0.03798	0.16822	0.12678	0.11863	0.01454	0.00375	0.00698	0.01339	0.00699	0.07800

[dist]
# distance from previous block
# <min> <max>
4	20

[block]
# block no. 5 follows, 19 sequences, length 11
# corresponding to MSA columns:
# 309-319
name=unknown_F
#
# <colnr> <probs for GDERKNQSTAVLIFYWHMCP>
#	G	D	E	R	K	N	Q	S	T	A	V	L	I	F	Y	W	H	M	C	P
0	0.02275	0.10471	0.02770	0.05807	0.07669	0.02295	0.05866	0.12841	0.23295	0.03383	0.02532	0.02873	0.02035	0.06222	0.05406	0.00396	0.01026	0.00900	0.00684	0.01257
1	0.06811	0.01724	0.06290	0.02004	0.11313	0.04924	0.01385	0.06485	0.02155	0.02944	0.10510	0.13401	0.19330	0.05390	0.01160	0.00324	0.00765	0.01398	0.00702	0.00985
2	0.02445	0.14320	0.03099	0.02426	0.10655	0.05844	0.07503	0.18680	0.07029	0.03533	0.06742	0.06509	0.05046	0.01158	0.00881	0.00266	0.00966	0.00980	0.00673	0.01244
3	0.01902	0.07062	0.06229	0.01531	0.01962	0.07330	0.01275	0.06612	0.09550	0.05709	0.08480	0.20266	0.15039	0.01755	0.00965	0.00296	0.00761	0.01480	0.00768	0.01025
4	0.01937	0.15937	0.10502	0.02344	0.07751	0.05528	0.13439	0.02437	0.02011	0.02629	0.07379	0.03279	0.10093	0.01395	0.04464	0.00321	0.01109	0.00958	0.00528	0.05958
5	0.02408	0.16264	0.03053	0.02369	0.11192	0.08993	0.07427	0.02938	0.06402	0.10362	0.05460	0.02753	0.02086	0.06003	0.04766	0.00358	0.01089	0.00838	0.00595	0.04642
6	0.09850	0.01908	0.06705	0.06392	0.11981	0.01798	0.01720	0.11785	0.06406	0.11299	0.12842	0.03684	0.03050	0.01231	0.00911	0.00289	0.00848	0.05324	0.00757	0.01221
7	0.02311	0.01956	0.08491	0.02014	0.05720	0.04450	0.06066	0.10608	0.02393	0.14107	0.07186	0.11804	0.07415	0.06172	0.01230	0.00338	0.00903	0.04936	0.00764	0.01137
8	0.02403	0.07506	0.07471	0.02497	0.09433	0.05595	0.11754	0.11602	0.09459	0.07805	0.05998	0.03025	0.05929	0.01075	0.00897	0.00272	0.01001	0.00946	0.04078	0.01253
9	0.10531	0.05445	0.12133	0.08703	0.06814	0.06454	0.05865	0.02962	0.06013	0.12436	0.06993	0.07278	0.02347	0.01124	0.00870	0.00282	0.00982	0.00946	0.00645	0.01175
10	0.07670	0.05641	0.18950	0.01802	0.02608	0.01823	0.01797	0.10087	0.05051	0.11297	0.02323	0.08913	0.01922	0.01090	0.00824	0.00255	0.00900	0.00875	0.00655	0.15518

[dist]
# distance from previous block
# <min> <max>
5	18

[block]
# block no. 6 follows, 19 sequences, length 7
# corresponding to MSA columns:
# 341-347
name=unknown_G
#
# <colnr> <probs for GDERKNQSTAVLIFYWHMCP>
#	G	D	E	R	K	N	Q	S	T	A	V	L	I	F	Y	W	H	M	C	P
0	0.02470	0.16418	0.02734	0.01975	0.06314	0.09337	0.01501	0.16497	0.12322	0.03332	0.05753	0.02826	0.02205	0.07635	0.04570	0.00372	0.01038	0.00847	0.00660	0.01194
1	0.06718	0.01401	0.01977	0.01890	0.05503	0.01549	0.06630	0.01979	0.04730	0.02526	0.06642	0.17273	0.07388	0.14716	0.02067	0.00437	0.13671	0.01393	0.00624	0.00887
2	0.10670	0.10283	0.08050	0.02697	0.16222	0.06521	0.05904	0.06652	0.02087	0.02993	0.05329	0.05562	0.04703	0.01349	0.03881	0.00327	0.04186	0.00894	0.00541	0.01149
3	0.01967	0.06654	0.03072	0.26454	0.07644	0.02067	0.11990	0.05720	0.08680	0.02911	0.07448	0.02764	0.02092	0.00971	0.00900	0.00276	0.01053	0.00900	0.00554	0.05883
4	0.02474	0.12036	0.02639	0.01809	0.02393	0.05209	0.05272	0.17190	0.09982	0.07770	0.06473	0.11035	0.02637	0.01253	0.00876	0.00263	0.00869	0.01046	0.00747	0.08024
5	0.01800	0.06464	0.06278	0.01590	0.02094	0.01522	0.04390	0.06096	0.09071	0.05727	0.07372	0.11050	0.18038	0.01665	0.00974	0.00295	0.00748	0.07895	0.00758	0.06172
6	0.07551	0.07023	0.12005	0.15208	0.10253	0.02193	0.04924	0.12618	0.06317	0.06862	0.05025	0.02440	0.01787	0.00968	0.00857	0.00277	0.01028	0.00808	0.00603	0.01252

[dist]
# distance from previous block
# <min> <max>
17	44

[block]
# block no. 7 follows, 19 sequences, length 9
# corresponding to MSA columns:
# 397-405
name=unknown_H
#
# <colnr> <probs for GDERKNQSTAVLIFYWHMCP>
#	G	D	E	R	K	N	Q	S	T	A	V	L	I	F	Y	W	H	M	C	P
0	0.06414	0.01331	0.01768	0.01716	0.07701	0.01216	0.01210	0.02911	0.02372	0.28716	0.20761	0.04713	0.12532	0.01434	0.00947	0.00281	0.00646	0.01214	0.00939	0.01180
1	0.01303	0.01127	0.01632	0.01619	0.05867	0.01022	0.06879	0.01645	0.02128	0.02783	0.21149	0.15583	0.29900	0.01975	0.01057	0.00303	0.00604	0.01752	0.00806	0.00866
2	0.01219	0.01259	0.07441	0.01232	0.01547	0.00917	0.01042	0.01588	0.02142	0.02879	0.27908	0.20231	0.23130	0.02072	0.01054	0.00306	0.00544	0.01804	0.00844	0.00841
3	0.01470	0.01065	0.01470	0.01427	0.01562	0.01227	0.01070	0.01818	0.07160	0.02101	0.02311	0.03471	0.02180	0.11230	0.36431	0.16194	0.05602	0.00949	0.00503	0.00759
4	0.02697	0.20536	0.06000	0.02256	0.08245	0.27657	0.01744	0.08516	0.02385	0.02627	0.02203	0.02366	0.07156	0.01011	0.00788	0.00237	0.01202	0.00725	0.00513	0.01136
5	0.01562	0.01213	0.01399	0.01319	0.01643	0.01176	0.01016	0.06648	0.08149	0.02950	0.11400	0.12331	0.18179	0.09092	0.01403	0.00365	0.00651	0.10389	0.00798	0.08315
6	0.09225	0.01913	0.05848	0.05603	0.14885	0.03911	0.10741	0.02404	0.04687	0.02843	0.05982	0.13399	0.07437	0.01370	0.01081	0.00303	0.05489	0.01210	0.00591	0.01078
7	0.04546	0.08744	0.14726	0.02214	0.08671	0.02126	0.01873	0.10381	0.16411	0.03295	0.02439	0.03132	0.02051	0.06566	0.01156	0.00324	0.00944	0.04683	0.00637	0.05080
8	0.13838	0.02184	0.02520	0.02199	0.07474	0.07852	0.07254	0.18763	0.02618	0.09176	0.02086	0.06179	0.01687	0.01021	0.00832	0.00257	0.00962	0.00837	0.00685	0.11577

[dist]
# distance from previous block
# <min> <max>
0	10

[block]
# block no. 8 follows, 19 sequences, length 16
# corresponding to MSA columns:
# 416-431
name=unknown_I
#
# <colnr> <probs for GDERKNQSTAVLIFYWHMCP>
#	G	D	E	R	K	N	Q	S	T	A	V	L	I	F	Y	W	H	M	C	P
0	0.01762	0.01380	0.01923	0.02358	0.18268	0.01363	0.01366	0.04529	0.05304	0.05439	0.18635	0.04989	0.10876	0.15916	0.01744	0.00407	0.00750	0.01261	0.00720	0.01012
1	0.01752	0.01467	0.01714	0.01352	0.01967	0.01230	0.01054	0.02390	0.09179	0.03042	0.09934	0.08929	0.02841	0.01082	0.00788	0.00194	0.00624	0.00919	0.00663	0.48878
2	0.01721	0.11509	0.40296	0.02099	0.03047	0.01961	0.02479	0.02479	0.01864	0.02677	0.06667	0.06064	0.02118	0.01773	0.09040	0.00424	0.01299	0.00856	0.00464	0.01163
3	0.01942	0.01620	0.01738	0.01581	0.01818	0.06591	0.01176	0.12275	0.06954	0.02792	0.02700	0.11841	0.02717	0.21062	0.12381	0.00646	0.07405	0.01187	0.00641	0.00933
4	0.01645	0.01423	0.02128	0.10027	0.02571	0.01631	0.06911	0.05133	0.05134	0.02466	0.02741	0.03659	0.06972	0.10274	0.24481	0.00776	0.09528	0.01033	0.00538	0.00928
5	0.01249	0.00940	0.01139	0.01253	0.01378	0.00928	0.00855	0.01683	0.08966	0.02413	0.04929	0.47501	0.10613	0.09928	0.01488	0.00407	0.00575	0.02155	0.00808	0.00793
6	0.10820	0.01977	0.06093	0.02334	0.10652	0.03936	0.06868	0.02792	0.12281	0.03137	0.08980	0.07639	0.02654	0.01177	0.01008	0.00277	0.05303	0.00991	0.00633	0.10448
7	0.02490	0.02017	0.09456	0.01674	0.02315	0.01735	0.01496	0.14721	0.11267	0.13372	0.02595	0.02697	0.01919	0.01481	0.06116	0.00347	0.00937	0.00816	0.11980	0.10572
8	0.02164	0.05437	0.01859	0.01538	0.01936	0.06266	0.01196	0.08205	0.13405	0.10830	0.10359	0.17331	0.08666	0.01925	0.04401	0.00356	0.00821	0.01374	0.00832	0.01099
9	0.02769	0.10655	0.02946	0.02010	0.02695	0.02363	0.08565	0.23312	0.13344	0.10205	0.02382	0.02510	0.01791	0.03518	0.00995	0.00281	0.00942	0.00837	0.00758	0.07120
10	0.08226	0.09551	0.08049	0.01771	0.02315	0.07863	0.03465	0.04668	0.02017	0.07348	0.06876	0.10709	0.02448	0.01257	0.01084	0.00269	0.08933	0.00967	0.00607	0.11579
11	0.01528	0.01296	0.01752	0.01466	0.01873	0.01215	0.08382	0.08739	0.02433	0.03152	0.20333	0.06561	0.34134	0.01821	0.01037	0.00293	0.00645	0.01584	0.00828	0.00928
12	0.01861	0.01841	0.08959	0.01636	0.02119	0.01648	0.01423	0.11646	0.17058	0.03401	0.11614	0.10227	0.10649	0.02212	0.09143	0.00443	0.00952	0.01264	0.00783	0.01121
13	0.02645	0.01826	0.04244	0.01869	0.06893	0.07441	0.01408	0.06387	0.06813	0.22420	0.08629	0.04139	0.09768	0.01327	0.00916	0.00278	0.00806	0.04116	0.06861	0.01211
14	0.01476	0.01090	0.01320	0.01270	0.01520	0.01060	0.00959	0.08976	0.02453	0.03319	0.30182	0.21274	0.14557	0.02064	0.01066	0.00309	0.00543	0.04767	0.00905	0.00889
15	0.02283	0.02127	0.03627	0.08730	0.23457	0.02163	0.19338	0.14192	0.02450	0.03348	0.02095	0.08094	0.01801	0.01026	0.00962	0.00288	0.01142	0.01030	0.00568	0.01281

[dist]
# distance from previous block
# <min> <max>
3	5

[block]
# block no. 9 follows, 19 sequences, length 21
# corresponding to MSA columns:
# 437-457
name=unknown_J
#
# <colnr> <probs for GDERKNQSTAVLIFYWHMCP>
#	G	D	E	R	K	N	Q	S	T	A	V	L	I	F	Y	W	H	M	C	P
0	0.01974	0.01888	0.04795	0.05309	0.02251	0.08380	0.01360	0.09231	0.04073	0.02965	0.12434	0.03538	0.02949	0.11938	0.07129	0.00451	0.05582	0.00965	0.00631	0.12158
1	0.02275	0.08135	0.02534	0.07997	0.06666	0.15611	0.05209	0.05296	0.02279	0.06917	0.11485	0.03696	0.11723	0.01279	0.01024	0.00273	0.04873	0.01027	0.00639	0.01061
2	0.02558	0.02580	0.06351	0.03874	0.02624	0.16337	0.01606	0.19669	0.02647	0.03406	0.01833	0.02159	0.01467	0.01790	0.10634	0.00410	0.01302	0.00705	0.00601	0.17449
3	0.07486	0.02397	0.02319	0.07940	0.02762	0.20473	0.04851	0.05803	0.05815	0.12206	0.10634	0.02863	0.02500	0.01294	0.02905	0.00309	0.04771	0.00875	0.00678	0.01120
4	0.01515	0.01391	0.02220	0.21583	0.10410	0.01441	0.06936	0.01962	0.02021	0.02638	0.12620	0.08607	0.20065	0.01506	0.00992	0.00297	0.00846	0.01351	0.00641	0.00959
5	0.01462	0.11503	0.01934	0.01730	0.10198	0.01387	0.01148	0.01763	0.02041	0.02605	0.14532	0.13612	0.29178	0.01826	0.00969	0.00284	0.00620	0.01556	0.00731	0.00920
6	0.01301	0.01450	0.10578	0.01199	0.01579	0.00985	0.01080	0.01656	0.01900	0.02581	0.08872	0.11848	0.29160	0.09981	0.01398	0.00359	0.00636	0.01524	0.11083	0.00830
7	0.42304	0.11155	0.01861	0.01261	0.01781	0.01943	0.01037	0.02702	0.01692	0.12637	0.01841	0.02371	0.01537	0.11231	0.01222	0.00355	0.00767	0.00673	0.00613	0.01015
8	0.41294	0.02226	0.02247	0.01839	0.02446	0.11008	0.10152	0.05423	0.05716	0.07595	0.01692	0.01877	0.01272	0.00885	0.00726	0.00275	0.00966	0.00659	0.00598	0.01103
9	0.13472	0.01716	0.01594	0.01520	0.01862	0.11030	0.01135	0.04933	0.06151	0.11505	0.03412	0.31069	0.03491	0.01786	0.00939	0.00309	0.00780	0.01511	0.00779	0.01006
10	0.02433	0.01834	0.02020	0.01902	0.06809	0.07851	0.01380	0.17355	0.02752	0.11334	0.16285	0.03984	0.08809	0.02006	0.08752	0.00414	0.01022	0.01093	0.00807	0.01157
11	0.13355	0.15941	0.02803	0.01947	0.02530	0.31805	0.01577	0.14573	0.02589	0.03124	0.01490	0.01664	0.01199	0.00909	0.00744	0.00237	0.01231	0.00590	0.00546	0.01146
12	0.53519	0.01829	0.01719	0.10597	0.02521	0.02122	0.01297	0.11361	0.01971	0.04017	0.01433	0.01692	0.01085	0.00877	0.00654	0.00279	0.00808	0.00578	0.00584	0.01057
13	0.22812	0.02190	0.02611	0.14694	0.10803	0.10964	0.08454	0.05540	0.02078	0.07185	0.03552	0.02162	0.01480	0.00904	0.00809	0.00276	0.01070	0.00740	0.00551	0.01126
14	0.11846	0.11443	0.01663	0.01170	0.01507	0.01385	0.00931	0.01820	0.02047	0.02973	0.24253	0.15397	0.16889	0.01770	0.00925	0.00284	0.00564	0.01486	0.00775	0.00871
15	0.01610	0.01493	0.10773	0.01375	0.01747	0.01083	0.01242	0.02046	0.01963	0.06914	0.14793	0.13525	0.04056	0.06292	0.07042	0.00427	0.00828	0.04546	0.17324	0.00919
16	0.01346	0.01083	0.01372	0.11122	0.02109	0.01080	0.01084	0.05206	0.02146	0.02771	0.15739	0.20827	0.26718	0.02031	0.01042	0.00310	0.00610	0.01759	0.00795	0.00849
17	0.01419	0.00826	0.01125	0.01125	0.01182	0.00819	0.00759	0.01243	0.01336	0.01753	0.02894	0.04111	0.10569	0.13337	0.08969	0.45623	0.00894	0.01032	0.00483	0.00502
18	0.02146	0.28426	0.22605	0.01927	0.02714	0.11886	0.02017	0.02643	0.01932	0.02376	0.01944	0.11791	0.01874	0.01128	0.00784	0.00253	0.01105	0.00867	0.00461	0.01122
19	0.01413	0.01069	0.01316	0.01405	0.01582	0.01100	0.01042	0.02085	0.13397	0.02683	0.08279	0.33974	0.05066	0.08411	0.01424	0.00402	0.00643	0.13011	0.00828	0.00871
20	0.06429	0.12895	0.10979	0.05825	0.06843	0.06903	0.03591	0.06247	0.02289	0.12327	0.14001	0.02989	0.02805	0.01085	0.00849	0.00262	0.00947	0.00882	0.00667	0.01184

[dist]
# distance from previous block
# <min> <max>
25	53

[block]
# block no. 10 follows, 19 sequences, length 9
# corresponding to MSA columns:
# 517-525
name=unknown_K
#
# <colnr> <probs for GDERKNQSTAVLIFYWHMCP>
#	G	D	E	R	K	N	Q	S	T	A	V	L	I	F	Y	W	H	M	C	P
0	0.10163	0.16747	0.18826	0.01847	0.02661	0.04781	0.01873	0.10749	0.07672	0.03309	0.05516	0.02199	0.01789	0.00941	0.00766	0.00248	0.00972	0.00700	0.00572	0.07670
1	0.02171	0.16019	0.06969	0.01740	0.02330	0.02123	0.07617	0.09060	0.13769	0.03317	0.02414	0.02609	0.01874	0.00977	0.00761	0.00245	0.00829	0.00803	0.23212	0.01162
2	0.01258	0.00986	0.01123	0.01054	0.01330	0.00852	0.00756	0.01501	0.01950	0.02588	0.17211	0.12352	0.27240	0.13759	0.01629	0.00380	0.00556	0.01599	0.00768	0.11106
3	0.01540	0.01067	0.01321	0.01264	0.01534	0.01029	0.00963	0.02154	0.09332	0.07471	0.35283	0.13791	0.12531	0.01908	0.01049	0.00304	0.00520	0.05064	0.00940	0.00935
4	0.02600	0.09990	0.02498	0.01787	0.02370	0.02415	0.01467	0.27124	0.22122	0.04317	0.11067	0.03089	0.02847	0.01189	0.00885	0.00272	0.00812	0.00948	0.00852	0.01347
5	0.01741	0.01071	0.01313	0.01216	0.01538	0.01002	0.00928	0.02138	0.05128	0.13938	0.14521	0.10381	0.25125	0.05148	0.10215	0.00481	0.00814	0.01510	0.00849	0.00941
6	0.02793	0.09999	0.02513	0.01732	0.02328	0.02384	0.01444	0.38726	0.03436	0.04682	0.10668	0.02833	0.02540	0.01141	0.00851	0.00255	0.00841	0.00885	0.08643	0.01307
7	0.02259	0.02228	0.12099	0.07952	0.07177	0.01952	0.05480	0.12775	0.07999	0.08973	0.10847	0.06359	0.02773	0.01230	0.01077	0.00295	0.05560	0.01028	0.00706	0.01232
8	0.02238	0.32169	0.16637	0.09803	0.03462	0.02801	0.10266	0.07949	0.02090	0.02709	0.01523	0.01846	0.01214	0.00825	0.00767	0.00246	0.01141	0.00666	0.00440	0.01208

[dist]
# distance from previous block
# <min> <max>
0	3

[block]
# block no. 11 follows, 19 sequences, length 19
# corresponding to MSA columns:
# 529-547
name=unknown_L
#
# <colnr> <probs for GDERKNQSTAVLIFYWHMCP>
#	G	D	E	R	K	N	Q	S	T	A	V	L	I	F	Y	W	H	M	C	P
0	0.02720	0.02919	0.07781	0.01871	0.02386	0.29064	0.01558	0.08807	0.02568	0.08290	0.11952	0.02860	0.02621	0.01111	0.00847	0.00249	0.01109	0.00838	0.09349	0.01099
1	0.02066	0.01287	0.01542	0.01393	0.01761	0.01276	0.01063	0.05135	0.14481	0.15651	0.17854	0.15627	0.11202	0.04098	0.01125	0.00321	0.00610	0.01488	0.00932	0.01089
2	0.01617	0.01031	0.01576	0.12068	0.02111	0.01176	0.01179	0.01451	0.01289	0.01736	0.01521	0.02587	0.01456	0.02586	0.03010	0.54331	0.07556	0.00781	0.00390	0.00548
3	0.03162	0.02415	0.02694	0.02106	0.02704	0.02769	0.01743	0.50435	0.03738	0.05062	0.01987	0.02116	0.01464	0.01155	0.01232	0.00289	0.11882	0.00802	0.00812	0.01432
4	0.02096	0.01629	0.02003	0.01938	0.08232	0.01639	0.01380	0.11123	0.12690	0.06515	0.03275	0.03626	0.09184	0.02111	0.11478	0.00450	0.01031	0.02953	0.00711	0.15935
5	0.02617	0.07370	0.02466	0.02106	0.04945	0.27640	0.01560	0.08525	0.07732	0.02616	0.01881	0.02584	0.01696	0.12208	0.01703	0.00366	0.09601	0.00788	0.00543	0.01054
6	0.01376	0.01186	0.01921	0.07687	0.02342	0.01156	0.10754	0.01704	0.01847	0.02406	0.04523	0.28592	0.13031	0.07939	0.01405	0.00389	0.00807	0.09401	0.00702	0.00832
7	0.01269	0.00999	0.01360	0.01469	0.01528	0.01090	0.01079	0.01457	0.01691	0.02302	0.04290	0.51192	0.05055	0.02565	0.01448	0.00373	0.11524	0.07772	0.00757	0.00778
8	0.02863	0.01687	0.01999	0.01582	0.02174	0.01638	0.01260	0.16138	0.08662	0.23780	0.07624	0.03231	0.02564	0.07352	0.01212	0.00309	0.00772	0.00924	0.00882	0.13348
9	0.02143	0.01848	0.09328	0.05088	0.09611	0.01575	0.04139	0.07475	0.02301	0.11815	0.17774	0.03688	0.03434	0.04059	0.01252	0.02767	0.03920	0.01041	0.05619	0.01124
10	0.01671	0.01691	0.07407	0.01363	0.02061	0.01173	0.01194	0.02115	0.01989	0.02968	0.12417	0.03341	0.08701	0.01035	0.00785	0.00188	0.00663	0.00860	0.00622	0.47755
11	0.02527	0.01876	0.02937	0.10386	0.25664	0.01915	0.05996	0.08696	0.02338	0.15575	0.05278	0.02931	0.04980	0.01050	0.01002	0.00282	0.03663	0.00929	0.00664	0.01310
12	0.01612	0.01455	0.05848	0.10661	0.02366	0.01346	0.01348	0.09693	0.02194	0.02953	0.13336	0.18337	0.08786	0.09382	0.04329	0.00424	0.00847	0.03437	0.00724	0.00923
13	0.02468	0.07550	0.02395	0.01961	0.06420	0.06358	0.01480	0.24748	0.07970	0.03766	0.03258	0.03341	0.11717	0.01731	0.06826	0.00370	0.01033	0.00960	0.00727	0.04923
14	0.01959	0.02113	0.12271	0.17056	0.03267	0.01781	0.01807	0.12813	0.05034	0.03147	0.05228	0.03258	0.06112	0.08920	0.01301	0.00334	0.00957	0.00920	0.00601	0.11121
15	0.01481	0.01247	0.01652	0.06426	0.10107	0.01269	0.01270	0.02150	0.11768	0.02761	0.10291	0.25097	0.17119	0.01927	0.01025	0.00315	0.00648	0.01702	0.00775	0.00970
16	0.02256	0.01847	0.05514	0.10281	0.04973	0.01775	0.07877	0.17192	0.02569	0.09516	0.03502	0.13771	0.09486	0.01475	0.00984	0.00303	0.00922	0.03857	0.00743	0.01160
17	0.04966	0.01267	0.01629	0.01519	0.01797	0.01276	0.05023	0.11196	0.02163	0.02944	0.04273	0.30527	0.10415	0.09856	0.01465	0.00396	0.00733	0.06892	0.00768	0.00893
18	0.15307	0.07745	0.02236	0.01974	0.09152	0.06562	0.04021	0.06602	0.02133	0.03190	0.14339	0.06242	0.03113	0.07410	0.01172	0.00315	0.00840	0.00986	0.00638	0.06024

[dist]
# distance from previous block
# <min> <max>
6	54

[block]
# block no. 12 follows, 19 sequences, length 9
# corresponding to MSA columns:
# 606-614
name=unknown_M
#
# <colnr> <probs for GDERKNQSTAVLIFYWHMCP>
#	G	D	E	R	K	N	Q	S	T	A	V	L	I	F	Y	W	H	M	C	P
0	0.01854	0.01701	0.07102	0.01816	0.02218	0.01579	0.08688	0.08735	0.07382	0.03049	0.02893	0.18370	0.02761	0.01631	0.01278	0.05914	0.05968	0.01264	0.14794	0.01002
1	0.01767	0.05703	0.20268	0.01881	0.04724	0.06728	0.01789	0.05275	0.02270	0.03065	0.22206	0.09809	0.08004	0.01448	0.00943	0.00281	0.00878	0.01219	0.00682	0.01058
2	0.02734	0.13218	0.11495	0.02277	0.07261	0.23564	0.01900	0.03266	0.05348	0.10772	0.02160	0.02800	0.01794	0.01073	0.00844	0.00263	0.01188	0.06271	0.00583	0.01188
3	0.42884	0.07218	0.01979	0.01528	0.02053	0.11103	0.01257	0.02959	0.01817	0.11509	0.01568	0.01736	0.01196	0.00943	0.00855	0.00274	0.06884	0.00581	0.00588	0.01068
4	0.15493	0.11361	0.08329	0.02330	0.10180	0.04664	0.06448	0.10330	0.06834	0.07926	0.01965	0.02318	0.01557	0.05350	0.01037	0.00304	0.00989	0.00757	0.00602	0.01224
5	0.01488	0.01337	0.01322	0.01346	0.01552	0.09502	0.00996	0.01783	0.02191	0.02801	0.26084	0.25012	0.12037	0.02103	0.01064	0.00313	0.00652	0.06758	0.00837	0.00824
6	0.11232	0.01043	0.01298	0.01273	0.01481	0.01153	0.00964	0.01682	0.01577	0.02457	0.08217	0.04223	0.07473	0.13179	0.37667	0.01014	0.01637	0.01071	0.00570	0.00789
7	0.01794	0.01747	0.02093	0.17795	0.08378	0.10131	0.01661	0.02252	0.05046	0.02501	0.07653	0.22715	0.03327	0.01628	0.01155	0.00313	0.06850	0.01379	0.00617	0.00965
8	0.26235	0.01416	0.01237	0.01203	0.01529	0.06211	0.00911	0.02044	0.01900	0.03177	0.12815	0.16887	0.11625	0.01607	0.00846	0.00289	0.00630	0.01308	0.07266	0.00865

[dist]
# distance from previous block
# <min> <max>
1	12

[block]
# block no. 13 follows, 19 sequences, length 11
# corresponding to MSA columns:
# 627-637
name=unknown_N
#
# <colnr> <probs for GDERKNQSTAVLIFYWHMCP>
#	G	D	E	R	K	N	Q	S	T	A	V	L	I	F	Y	W	H	M	C	P
0	0.01605	0.10373	0.01966	0.01788	0.08896	0.01466	0.01175	0.05549	0.01904	0.02520	0.06044	0.26001	0.07791	0.12948	0.05552	0.00463	0.00839	0.01555	0.00665	0.00901
1	0.06212	0.07393	0.13207	0.02222	0.08400	0.05700	0.06725	0.05777	0.02173	0.07426	0.05480	0.03735	0.11730	0.01214	0.00889	0.00272	0.00963	0.04210	0.00621	0.05650
2	0.02029	0.07641	0.06246	0.06757	0.06547	0.04467	0.05147	0.11292	0.02411	0.03294	0.13888	0.07618	0.03294	0.01293	0.00905	0.00271	0.00875	0.04668	0.06183	0.05175
3	0.02327	0.15501	0.02868	0.06266	0.02661	0.06685	0.08238	0.09859	0.02301	0.08508	0.06434	0.06675	0.05787	0.05311	0.01085	0.00292	0.00956	0.00983	0.00641	0.06622
4	0.02616	0.15226	0.02662	0.02003	0.06273	0.14265	0.01507	0.12091	0.07907	0.09072	0.02615	0.14986	0.02412	0.01321	0.00865	0.00269	0.00967	0.01066	0.00692	0.01184
5	0.02762	0.11051	0.03029	0.06990	0.22792	0.10556	0.01938	0.07968	0.02308	0.14804	0.02047	0.02404	0.01601	0.04696	0.01044	0.00289	0.01054	0.00775	0.00610	0.01285
6	0.06821	0.12773	0.10421	0.01691	0.02345	0.07883	0.05741	0.02558	0.02042	0.06978	0.07318	0.03222	0.09751	0.01102	0.00802	0.00242	0.00892	0.00887	0.06850	0.09681
7	0.11881	0.06109	0.05626	0.07359	0.05070	0.05526	0.01554	0.08016	0.02063	0.06424	0.05740	0.06742	0.02158	0.01902	0.09678	0.00430	0.05653	0.00886	0.00596	0.06586
8	0.17077	0.06395	0.06151	0.05334	0.04902	0.06422	0.05100	0.05185	0.02078	0.10955	0.02540	0.03127	0.05712	0.01094	0.00818	0.00266	0.00921	0.05576	0.00631	0.09716
9	0.09973	0.01802	0.02239	0.02342	0.12843	0.05619	0.05837	0.08193	0.07306	0.07630	0.03686	0.13798	0.12119	0.01448	0.00931	0.00293	0.00845	0.01251	0.00714	0.01130
10	0.07396	0.07698	0.02520	0.02070	0.06267	0.06751	0.04771	0.13541	0.02329	0.07664	0.02275	0.06595	0.02016	0.01939	0.09593	0.00433	0.05237	0.04567	0.00638	0.05701

[dist]
# distance from previous block
# <min> <max>
5	69

[block]
# block no. 14 follows, 19 sequences, length 16
# corresponding to MSA columns:
# 709-724
name=unknown_O
#
# <colnr> <probs for GDERKNQSTAVLIFYWHMCP>
#	G	D	E	R	K	N	Q	S	T	A	V	L	I	F	Y	W	H	M	C	P
0	0.08347	0.08482	0.02863	0.02940	0.21354	0.13519	0.01854	0.08357	0.05216	0.11297	0.01937	0.02115	0.01486	0.00898	0.00807	0.00249	0.01034	0.00712	0.00608	0.05926
1	0.01361	0.00958	0.01137	0.01156	0.01302	0.00982	0.00804	0.01760	0.06827	0.02436	0.06535	0.17099	0.09480	0.21588	0.12243	0.00642	0.00910	0.01467	0.10545	0.00768
2	0.01429	0.00934	0.01143	0.01184	0.01378	0.00857	0.00863	0.01639	0.01884	0.07660	0.08070	0.24475	0.20498	0.14291	0.01723	0.00433	0.00622	0.09322	0.00808	0.00789
3	0.01842	0.10335	0.01709	0.01181	0.01590	0.01258	0.00956	0.02136	0.02193	0.14172	0.17589	0.08841	0.29290	0.01777	0.00965	0.00281	0.00577	0.01483	0.00853	0.00971
4	0.02615	0.01926	0.02126	0.01752	0.02298	0.02106	0.01413	0.31574	0.13565	0.07219	0.03458	0.03470	0.10213	0.02026	0.09598	0.00438	0.01043	0.01015	0.00843	0.01300
5	0.02907	0.02033	0.02202	0.01787	0.02376	0.02231	0.01444	0.32087	0.19287	0.10207	0.02785	0.02713	0.02018	0.01111	0.00864	0.00271	0.00813	0.00874	0.10588	0.01401
6	0.15805	0.01873	0.02015	0.01696	0.02104	0.05376	0.01382	0.12795	0.02259	0.12451	0.02889	0.03020	0.09803	0.01310	0.01348	0.00302	0.17311	0.00892	0.04248	0.01121
7	0.01983	0.01910	0.10115	0.01651	0.02134	0.01614	0.01432	0.20299	0.02512	0.03411	0.03382	0.23970	0.06331	0.07717	0.03654	0.00392	0.00879	0.01438	0.00738	0.04438
8	0.02440	0.51463	0.12458	0.01775	0.02575	0.11733	0.01799	0.02822	0.01926	0.02216	0.01312	0.01521	0.01147	0.00798	0.00643	0.00209	0.01096	0.00517	0.00393	0.01157
9	0.01631	0.01111	0.01620	0.01815	0.09804	0.01071	0.01135	0.01622	0.01470	0.02058	0.01965	0.03351	0.01944	0.08580	0.08053	0.36401	0.00952	0.04378	0.00464	0.10573
10	0.02373	0.02274	0.02780	0.02728	0.13243	0.10655	0.09519	0.10404	0.17523	0.03182	0.02360	0.02929	0.01967	0.10233	0.01473	0.00362	0.03217	0.00927	0.00636	0.01216
11	0.01198	0.00902	0.01122	0.01182	0.01360	0.00859	0.00880	0.01451	0.01885	0.02462	0.13019	0.19274	0.22391	0.09701	0.10110	0.00538	0.00818	0.09320	0.00773	0.00755
12	0.01949	0.01769	0.02749	0.18565	0.27256	0.01849	0.02113	0.04812	0.02079	0.02937	0.09875	0.02795	0.02294	0.00991	0.00981	0.00264	0.04175	0.00871	0.00534	0.11142
13	0.01482	0.01071	0.01261	0.01228	0.01460	0.01037	0.00899	0.09331	0.02185	0.02855	0.12894	0.24251	0.22108	0.02319	0.01390	0.10283	0.00585	0.01748	0.00800	0.00814
14	0.01433	0.00925	0.01219	0.01184	0.01266	0.00954	0.00836	0.01298	0.01433	0.01858	0.03672	0.04526	0.18274	0.08429	0.02875	0.41010	0.06605	0.01125	0.00522	0.00554
15	0.11994	0.11640	0.08016	0.11032	0.13627	0.04266	0.01883	0.05339	0.01964	0.06102	0.02072	0.10988	0.01905	0.01161	0.00928	0.00282	0.04187	0.00933	0.00546	0.01135

[dist]
# distance from previous block
# <min> <max>
0	11

[block]
# block no. 15 follows, 19 sequences, length 7
# corresponding to MSA columns:
# 736-742
name=unknown_P
#
# <colnr> <probs for GDERKNQSTAVLIFYWHMCP>
#	G	D	E	R	K	N	Q	S	T	A	V	L	I	F	Y	W	H	M	C	P
0	0.02349	0.17813	0.02562	0.01507	0.02194	0.10946	0.01261	0.02676	0.02032	0.08759	0.02314	0.02419	0.06579	0.00906	0.00720	0.00190	0.00862	0.00678	0.00570	0.32664
1	0.06322	0.15096	0.02634	0.01728	0.02273	0.02154	0.06064	0.08147	0.19669	0.06679	0.06975	0.03196	0.06475	0.01323	0.01074	0.06559	0.00818	0.00937	0.00713	0.01164
2	0.02430	0.14201	0.08613	0.01805	0.02539	0.06672	0.01613	0.14113	0.16283	0.03429	0.02103	0.02171	0.01630	0.00925	0.00778	0.00230	0.00917	0.00702	0.00643	0.18202
3	0.07723	0.01564	0.01600	0.01528	0.01817	0.07866	0.01182	0.06154	0.07018	0.02750	0.03692	0.13966	0.11362	0.03088	0.18205	0.00614	0.04363	0.03911	0.00666	0.00932
4	0.01360	0.01110	0.01358	0.01345	0.01558	0.01127	0.00991	0.01815	0.07892	0.02597	0.09362	0.33715	0.15604	0.02170	0.01230	0.00323	0.06964	0.01858	0.00783	0.06838
5	0.02034	0.05384	0.02009	0.01552	0.02031	0.01597	0.04409	0.13105	0.08230	0.07526	0.11751	0.12279	0.16217	0.01589	0.00957	0.00281	0.00705	0.01356	0.00821	0.06168
6	0.01823	0.01784	0.04478	0.05103	0.02220	0.07936	0.03579	0.08948	0.04963	0.02753	0.04115	0.10731	0.17439	0.06895	0.09618	0.00486	0.04217	0.01291	0.00661	0.00960

[dist]
# distance from previous block
# <min> <max>
9	24

[block]
# block no. 16 follows, 19 sequences, length 9
# corresponding to MSA columns:
# 769-777
name=unknown_Q
#
# <colnr> <probs for GDERKNQSTAVLIFYWHMCP>
#	G	D	E	R	K	N	Q	S	T	A	V	L	I	F	Y	W	H	M	C	P
0	0.02176	0.01830	0.03255	0.02515	0.03066	0.01871	0.25318	0.02924	0.10992	0.09888	0.02286	0.02764	0.01785	0.01933	0.09303	0.08907	0.06515	0.00965	0.00591	0.01114
1	0.01893	0.17175	0.02587	0.01608	0.02009	0.01886	0.08117	0.09038	0.01959	0.02530	0.02730	0.07361	0.05495	0.27433	0.02296	0.00499	0.00940	0.02954	0.00576	0.00913
2	0.01943	0.08848	0.01701	0.01218	0.01576	0.01223	0.00963	0.02178	0.02137	0.14987	0.22453	0.05248	0.16788	0.04650	0.01407	0.09027	0.00620	0.01286	0.00818	0.00931
3	0.11298	0.01692	0.02031	0.02071	0.09574	0.01790	0.01432	0.03740	0.25592	0.17943	0.03237	0.10556	0.02609	0.01279	0.00889	0.00296	0.00740	0.01076	0.00848	0.01306
4	0.01288	0.00936	0.01265	0.08614	0.01802	0.00932	0.00966	0.01493	0.01877	0.02516	0.20828	0.20561	0.11750	0.10225	0.01780	0.09430	0.00635	0.01635	0.00736	0.00730
5	0.34534	0.01932	0.01717	0.08884	0.02418	0.09560	0.01282	0.02932	0.08909	0.08097	0.02712	0.02794	0.08772	0.01090	0.00754	0.00280	0.00841	0.00796	0.00644	0.01051
6	0.01935	0.01438	0.01715	0.01511	0.01846	0.04247	0.01181	0.04442	0.01986	0.09886	0.08152	0.13829	0.07765	0.02265	0.09776	0.00437	0.10470	0.01214	0.03594	0.12310
7	0.11007	0.09248	0.02317	0.01984	0.09240	0.01979	0.01428	0.16913	0.02438	0.03514	0.05505	0.03755	0.04737	0.08349	0.01239	0.00331	0.00848	0.07291	0.00669	0.07207
8	0.16392	0.02157	0.04738	0.02071	0.09212	0.14319	0.01483	0.02465	0.01911	0.02877	0.04716	0.10028	0.04643	0.01286	0.01062	0.00283	0.08876	0.00966	0.09521	0.00995

[dist]
# distance from previous block
# <min> <max>
1	12

[block]
# block no. 17 follows, 19 sequences, length 6
# corresponding to MSA columns:
# 790-795
name=unknown_R
#
# <colnr> <probs for GDERKNQSTAVLIFYWHMCP>
#	G	D	E	R	K	N	Q	S	T	A	V	L	I	F	Y	W	H	M	C	P
0	0.01217	0.00974	0.01317	0.12298	0.02116	0.00971	0.01079	0.01515	0.01957	0.02558	0.16017	0.30923	0.19407	0.02165	0.01063	0.00322	0.00600	0.01913	0.00785	0.00801
1	0.01788	0.15735	0.13594	0.01796	0.02470	0.01866	0.06070	0.02345	0.04326	0.02557	0.02297	0.13405	0.02214	0.01849	0.08628	0.00390	0.01094	0.01001	0.00528	0.16047
2	0.01520	0.01065	0.01259	0.01207	0.01404	0.01058	0.00868	0.08467	0.01972	0.02576	0.08174	0.12050	0.18182	0.16167	0.05105	0.13090	0.00767	0.03623	0.00697	0.00749
3	0.01534	0.12518	0.01732	0.01205	0.01417	0.01268	0.00920	0.01514	0.01583	0.02028	0.07108	0.09664	0.12906	0.02682	0.06146	0.32607	0.00809	0.01142	0.00548	0.00668
4	0.02773	0.33867	0.03507	0.02044	0.07797	0.11869	0.01618	0.03356	0.09312	0.12919	0.01986	0.02038	0.01548	0.00904	0.00733	0.00232	0.00999	0.00658	0.00588	0.01253
5	0.01242	0.00987	0.01364	0.12357	0.02161	0.01021	0.01133	0.01524	0.01795	0.02340	0.07467	0.28557	0.16269	0.05693	0.09002	0.00491	0.00874	0.04228	0.00708	0.00789

[dist]
# distance from previous block
# <min> <max>
16	45

[block]
# block no. 18 follows, 19 sequences, length 8
# corresponding to MSA columns:
# 843-850
name=unknown_S
#
# <colnr> <probs for GDERKNQSTAVLIFYWHMCP>
#	G	D	E	R	K	N	Q	S	T	A	V	L	I	F	Y	W	H	M	C	P
0	0.02170	0.02275	0.02148	0.02108	0.06494	0.22382	0.04890	0.02554	0.05166	0.02492	0.06609	0.12181	0.02825	0.01888	0.05287	0.06390	0.01155	0.04955	0.00595	0.05436
1	0.01791	0.05761	0.06476	0.06359	0.08089	0.04050	0.01420	0.02156	0.01901	0.05767	0.03571	0.08613	0.11658	0.10094	0.01369	0.00350	0.00830	0.05946	0.06594	0.07206
