[name]
unknown

[dist]
# distance from previous block
# <min> <max>
0	599

[block]
# block no. 0 follows, 70 sequences, length 44
# corresponding to MSA columns:
# 653-696
name=unknown_A
#
# <colnr> <probs for GDERKNQSTAVLIFYWHMCP>
#	G	D	E	R	K	N	Q	S	T	A	V	L	I	F	Y	W	H	M	C	P
0	0.00578	0.00428	0.00483	0.00477	0.00594	0.00391	0.00358	0.03146	0.03521	0.03707	0.17127	0.15969	0.43596	0.00919	0.00452	0.00132	0.00217	0.03286	0.04257	0.00363
1	0.01000	0.04174	0.22531	0.05952	0.11476	0.05112	0.11711	0.14429	0.03282	0.04835	0.04818	0.01094	0.02815	0.00437	0.00433	0.00122	0.04613	0.00369	0.00247	0.00550
2	0.00959	0.13091	0.09081	0.11161	0.09446	0.10038	0.10049	0.08471	0.04004	0.01197	0.02937	0.02112	0.00718	0.02177	0.04688	0.03504	0.05307	0.00352	0.00218	0.00490
3	0.00825	0.00680	0.03726	0.00775	0.05464	0.03750	0.02596	0.08406	0.12387	0.05693	0.06476	0.16293	0.02709	0.10729	0.10560	0.02023	0.00430	0.03812	0.02226	0.00440
4	0.00956	0.04701	0.12239	0.10536	0.24360	0.15286	0.12396	0.02660	0.02377	0.01179	0.03361	0.04035	0.03342	0.00428	0.00390	0.00118	0.00519	0.00385	0.00212	0.00517
5	0.02718	0.05280	0.13465	0.01735	0.06652	0.05961	0.08292	0.08572	0.09370	0.11665	0.02514	0.06623	0.02096	0.08633	0.01393	0.00153	0.02333	0.01747	0.00286	0.00514
6	0.09461	0.09157	0.35570	0.04391	0.07070	0.00959	0.04650	0.13622	0.00965	0.03213	0.00828	0.05150	0.00676	0.00436	0.00364	0.00121	0.00476	0.02116	0.00230	0.00544
7	0.00835	0.00760	0.05261	0.07893	0.04160	0.06326	0.00628	0.08798	0.12828	0.05195	0.07657	0.15124	0.15074	0.00727	0.00430	0.00133	0.00348	0.07026	0.00334	0.00460
8	0.06481	0.10080	0.09733	0.02152	0.14828	0.01552	0.07038	0.03475	0.02227	0.10713	0.03841	0.11387	0.10121	0.00566	0.00389	0.00121	0.00385	0.01931	0.00280	0.02699
9	0.00924	0.02504	0.18960	0.13101	0.06079	0.10472	0.13432	0.02960	0.02686	0.06539	0.03423	0.06246	0.04285	0.00523	0.01479	0.00132	0.03661	0.01858	0.00238	0.00497
10	0.00594	0.00444	0.00563	0.02425	0.00683	0.00452	0.00438	0.00706	0.01972	0.04359	0.03401	0.27908	0.25122	0.08055	0.03604	0.00185	0.07523	0.10887	0.00330	0.00349
11	0.03621	0.04861	0.06838	0.05749	0.24740	0.19234	0.07799	0.03776	0.02744	0.01184	0.00921	0.01078	0.06193	0.00439	0.00447	0.00118	0.07394	0.00354	0.02002	0.00509
12	0.00924	0.08483	0.32382	0.06036	0.13702	0.02456	0.07042	0.08340	0.04350	0.03378	0.03465	0.02906	0.00745	0.00428	0.00401	0.00121	0.02596	0.01468	0.00224	0.00551
13	0.00844	0.04286	0.11985	0.06392	0.10217	0.02038	0.14105	0.03930	0.01951	0.07414	0.01538	0.05411	0.17765	0.00718	0.06136	0.00159	0.02940	0.00489	0.01200	0.00482
14	0.00526	0.00381	0.00508	0.00547	0.00607	0.00356	0.02166	0.00613	0.00773	0.03079	0.04043	0.55788	0.15259	0.05435	0.05796	0.00191	0.00293	0.02965	0.00345	0.00330
15	0.02635	0.01703	0.02112	0.06446	0.06259	0.00558	0.05418	0.03615	0.04191	0.06770	0.12846	0.12937	0.28214	0.00747	0.00431	0.00128	0.00300	0.01375	0.00334	0.02983
16	0.04477	0.09556	0.17060	0.03036	0.25541	0.06933	0.02019	0.04702	0.03701	0.05098	0.04288	0.04563	0.00801	0.00448	0.00428	0.00120	0.06098	0.00362	0.00230	0.00539
17	0.00834	0.03079	0.39981	0.01335	0.14619	0.03830	0.16687	0.01160	0.00847	0.01196	0.02304	0.07115	0.00743	0.00468	0.01498	0.00132	0.03046	0.00395	0.00195	0.00534
18	0.00827	0.12942	0.68765	0.01042	0.01554	0.02553	0.01296	0.01213	0.00811	0.01170	0.00666	0.00792	0.00493	0.00377	0.00389	0.00119	0.03995	0.00278	0.00165	0.00555
19	0.00979	0.00929	0.05753	0.00865	0.04358	0.09282	0.01918	0.07499	0.35015	0.05048	0.05610	0.06975	0.01200	0.05133	0.02098	0.00151	0.04869	0.01458	0.00329	0.00528
20	0.00836	0.01963	0.08129	0.01021	0.16513	0.03845	0.03078	0.02212	0.00915	0.10379	0.10533	0.15660	0.06703	0.00810	0.04151	0.00156	0.00395	0.11928	0.00312	0.00464
21	0.00727	0.00725	0.04465	0.72288	0.02409	0.00831	0.01021	0.01020	0.04685	0.01030	0.00829	0.06790	0.00686	0.00449	0.00394	0.00131	0.00489	0.00398	0.00195	0.00437
22	0.00758	0.00686	0.01097	0.72085	0.02380	0.00835	0.00988	0.06465	0.00846	0.01090	0.00880	0.06655	0.02717	0.00462	0.00396	0.00130	0.00484	0.00406	0.00204	0.00436
23	0.00839	0.00790	0.04404	0.07501	0.26856	0.03911	0.02712	0.04791	0.08283	0.03152	0.16014	0.05339	0.07239	0.04371	0.01992	0.00143	0.00393	0.00493	0.00287	0.00494
24	0.00548	0.00384	0.00483	0.00551	0.00593	0.02049	0.00376	0.00623	0.00775	0.04595	0.03699	0.77276	0.04281	0.01153	0.00486	0.00153	0.00238	0.01040	0.00363	0.00334
25	0.00836	0.00831	0.01185	0.10131	0.01196	0.01152	0.00873	0.00939	0.00613	0.00939	0.00528	0.00868	0.00510	0.00647	0.01177	0.00165	0.76474	0.00340	0.00170	0.00425
26	0.02495	0.04625	0.10100	0.00969	0.01224	0.63715	0.00803	0.03866	0.01074	0.06698	0.00680	0.00757	0.00533	0.00401	0.00351	0.00104	0.00638	0.00264	0.00220	0.00484
27	0.00874	0.02142	0.24847	0.11123	0.28653	0.00930	0.18984	0.01234	0.05127	0.01234	0.00769	0.00969	0.00591	0.00362	0.00395	0.00123	0.00532	0.00357	0.00193	0.00561
28	0.00549	0.00454	0.00499	0.00559	0.00610	0.06033	0.00389	0.00631	0.00796	0.01016	0.05622	0.62215	0.10669	0.03033	0.01800	0.00162	0.00273	0.04016	0.00347	0.00328
29	0.00895	0.01005	0.02175	0.01572	0.01944	0.00944	0.77018	0.01212	0.00914	0.01236	0.00870	0.01270	0.00699	0.00377	0.00463	0.00134	0.00634	0.05919	0.00207	0.00512
30	0.02887	0.21875	0.52536	0.00971	0.01437	0.04448	0.02587	0.01279	0.06387	0.01180	0.00712	0.00809	0.00540	0.00371	0.00340	0.00113	0.00518	0.00278	0.00184	0.00549
31	0.00479	0.00344	0.00456	0.00543	0.00572	0.00321	0.00370	0.00552	0.00753	0.00999	0.02185	0.80137	0.04904	0.01202	0.00496	0.00158	0.00230	0.04626	0.00360	0.00317
32	0.00885	0.00845	0.01439	0.29584	0.57335	0.00902	0.01153	0.01125	0.00848	0.01176	0.00716	0.00984	0.00582	0.00359	0.00385	0.00120	0.00479	0.00345	0.00185	0.00554
33	0.89114	0.00750	0.00570	0.00510	0.00750	0.00870	0.00420	0.01140	0.00660	0.01739	0.00540	0.00630	0.00420	0.00360	0.00240	0.00120	0.00300	0.00210	0.00240	0.00420
34	0.01432	0.01817	0.01114	0.01045	0.03946	0.82033	0.00764	0.01536	0.01091	0.00959	0.00604	0.00708	0.00503	0.00398	0.00351	0.00100	0.00691	0.00253	0.00199	0.00455
35	0.00477	0.00393	0.00413	0.00423	0.00538	0.00338	0.00316	0.00573	0.00856	0.01032	0.03535	0.07600	0.68941	0.06700	0.00566	0.00152	0.00221	0.06252	0.00351	0.00323
36	0.00732	0.00689	0.01163	0.85444	0.02670	0.00861	0.01077	0.00991	0.00775	0.00991	0.00689	0.01034	0.00517	0.00388	0.00388	0.00129	0.00517	0.00345	0.00172	0.00431
37	0.00549	0.00396	0.00518	0.00488	0.00579	0.00366	0.00366	0.00732	0.01097	0.01555	0.83752	0.02896	0.03658	0.00793	0.00457	0.00122	0.00183	0.00701	0.00427	0.00366
38	0.00561	0.00388	0.00483	0.00483	0.00503	0.00408	0.00310	0.00602	0.00582	0.00796	0.01167	0.02234	0.01278	0.61398	0.26770	0.00450	0.00574	0.00519	0.00227	0.00268
39	0.00721	0.00374	0.00384	0.00384	0.00474	0.00375	0.00286	0.02536	0.00829	0.01435	0.01317	0.07152	0.01093	0.00503	0.00288	0.00095	0.00189	0.00411	0.80788	0.00364
40	0.00732	0.00689	0.01163	0.85444	0.02670	0.00861	0.01077	0.00991	0.00775	0.00991	0.00689	0.01034	0.00517	0.00388	0.00388	0.00129	0.00517	0.00345	0.00172	0.00431
41	0.00515	0.00394	0.00454	0.00449	0.00558	0.00345	0.00335	0.00642	0.00949	0.02575	0.31719	0.11187	0.45476	0.00930	0.00461	0.00131	0.00199	0.01950	0.00385	0.00345
42	0.00766	0.00724	0.01225	0.72913	0.14933	0.00870	0.01094	0.01021	0.00791	0.01032	0.00695	0.01022	0.00531	0.00381	0.00387	0.00127	0.00508	0.00345	0.00175	0.00458
43	0.00876	0.00751	0.00824	0.00602	0.00937	0.05083	0.00480	0.01044	0.00832	0.04586	0.00718	0.00819	0.00586	0.00301	0.00295	0.00062	0.00311	0.00237	0.00238	0.80419

[dist]
# distance from previous block
# <min> <max>
31	71

[block]
# block no. 1 follows, 70 sequences, length 53
# corresponding to MSA columns:
# 794-846
name=unknown_B
#
# <colnr> <probs for GDERKNQSTAVLIFYWHMCP>
#	G	D	E	R	K	N	Q	S	T	A	V	L	I	F	Y	W	H	M	C	P
0	0.00731	0.00659	0.00957	0.00877	0.03956	0.02926	0.08229	0.04067	0.02100	0.01053	0.03538	0.08085	0.03091	0.04434	0.32634	0.00335	0.21224	0.00470	0.00230	0.00404
1	0.01028	0.04494	0.08618	0.12425	0.20037	0.08970	0.03401	0.14086	0.08267	0.03696	0.02736	0.01120	0.04190	0.00439	0.00404	0.00118	0.02694	0.00363	0.00256	0.02657
2	0.00563	0.00378	0.00431	0.00431	0.00434	0.00380	0.00245	0.00569	0.00566	0.00758	0.01214	0.02494	0.01391	0.82874	0.05449	0.00386	0.00404	0.00558	0.00234	0.00240
3	0.03430	0.01029	0.10408	0.02772	0.21591	0.02213	0.15065	0.14865	0.05545	0.03214	0.02900	0.04447	0.00791	0.01472	0.01551	0.00136	0.07367	0.00402	0.00252	0.00550
4	0.00562	0.00377	0.00431	0.00432	0.00435	0.00379	0.00246	0.00568	0.00569	0.00761	0.01232	0.04028	0.01414	0.81761	0.04982	0.00381	0.00397	0.00568	0.00236	0.00240
5	0.01036	0.86609	0.02032	0.00663	0.00995	0.01534	0.00663	0.01161	0.00788	0.00912	0.00539	0.00622	0.00498	0.00332	0.00249	0.00083	0.00415	0.00207	0.00166	0.00498
6	0.00904	0.00867	0.01477	0.19437	0.62372	0.00910	0.02501	0.01137	0.00853	0.01199	0.00735	0.01022	0.00614	0.00373	0.00412	0.00121	0.02797	0.01514	0.00190	0.00566
7	0.00504	0.00392	0.00446	0.00435	0.00546	0.00344	0.00326	0.00640	0.00970	0.01273	0.37822	0.04937	0.45807	0.00891	0.00453	0.00127	0.00191	0.00761	0.02789	0.00344
8	0.00564	0.00376	0.00423	0.00423	0.00423	0.00376	0.00235	0.00564	0.00564	0.00752	0.01222	0.02537	0.01409	0.86375	0.01973	0.00376	0.00376	0.00564	0.00235	0.00235
9	0.16494	0.23700	0.07432	0.00843	0.03810	0.06464	0.03649	0.21786	0.06070	0.01550	0.00738	0.00805	0.00576	0.00387	0.00320	0.00106	0.00425	0.00281	0.00255	0.04307
10	0.00846	0.00801	0.05350	0.03875	0.01279	0.00686	0.21326	0.02295	0.05456	0.05036	0.02089	0.01679	0.00997	0.00541	0.02029	0.00125	0.00434	0.16353	0.00266	0.28538
11	0.01981	0.18932	0.09427	0.05418	0.04036	0.08351	0.10353	0.09798	0.10101	0.03921	0.01895	0.02479	0.00765	0.06114	0.02551	0.00144	0.02618	0.00359	0.00245	0.00511
12	0.01142	0.10692	0.12836	0.00914	0.02813	0.05900	0.06399	0.21620	0.08355	0.09841	0.00973	0.01031	0.01787	0.00449	0.00429	0.00117	0.06618	0.00344	0.07181	0.00558
13	0.05832	0.07216	0.02654	0.00853	0.02185	0.05792	0.03149	0.26139	0.36380	0.01753	0.02101	0.02365	0.00906	0.00479	0.00375	0.00121	0.00387	0.00381	0.00343	0.00589
14	0.01448	0.01848	0.01099	0.00999	0.01199	0.84819	0.00749	0.01548	0.01099	0.00949	0.00599	0.00699	0.00499	0.00400	0.00350	0.00100	0.00699	0.00250	0.00200	0.00449
15	0.05625	0.12569	0.15196	0.03808	0.04555	0.03839	0.10137	0.11980	0.08038	0.09285	0.04106	0.02722	0.00814	0.00527	0.03679	0.00136	0.00472	0.00362	0.00270	0.01880
16	0.00921	0.33981	0.30140	0.00906	0.03271	0.01980	0.04507	0.05134	0.00868	0.03062	0.02328	0.04819	0.00732	0.00510	0.03248	0.00127	0.00490	0.02252	0.00205	0.00519
17	0.00496	0.00394	0.00445	0.00432	0.00547	0.00343	0.00324	0.00629	0.00973	0.01258	0.37138	0.03384	0.50457	0.00903	0.00458	0.00127	0.00191	0.00769	0.00388	0.00343
18	0.00564	0.00377	0.00428	0.00428	0.00430	0.00379	0.00242	0.00567	0.00565	0.00756	0.01216	0.02509	0.01397	0.84071	0.04261	0.00383	0.00394	0.00560	0.00234	0.00238
19	0.03837	0.13239	0.32914	0.04666	0.15650	0.02317	0.03052	0.02227	0.00828	0.01194	0.02077	0.04675	0.00680	0.00430	0.00394	0.02276	0.01634	0.00333	0.02085	0.05492
20	0.00785	0.04361	0.82074	0.01093	0.01659	0.00918	0.01411	0.01226	0.00818	0.01219	0.00691	0.00813	0.00491	0.00367	0.00365	0.00122	0.00569	0.00284	0.00164	0.00571
21	0.00494	0.00388	0.00447	0.00449	0.00549	0.00344	0.00330	0.00614	0.00917	0.01188	0.28565	0.13182	0.44257	0.02986	0.03403	0.00154	0.00229	0.00796	0.00373	0.00336
22	0.27953	0.00957	0.02370	0.02898	0.04989	0.01040	0.00670	0.46729	0.01344	0.05101	0.00820	0.00863	0.00594	0.00425	0.00341	0.00118	0.00388	0.00307	0.01520	0.00574
23	0.00922	0.01091	0.05028	0.01568	0.01960	0.03299	0.75163	0.01242	0.00914	0.01234	0.00773	0.01021	0.00582	0.00329	0.00447	0.00128	0.00642	0.00439	0.00196	0.03022
24	0.00476	0.00340	0.00454	0.00544	0.00568	0.00318	0.00366	0.00546	0.00746	0.00994	0.02135	0.84127	0.02556	0.01211	0.00496	0.00158	0.00228	0.03061	0.00360	0.00316
25	0.00510	0.00395	0.00465	0.00447	0.00556	0.00349	0.00336	0.00657	0.01007	0.01339	0.49830	0.03251	0.37715	0.00873	0.00458	0.00126	0.00189	0.00751	0.00398	0.00349
26	0.00910	0.01025	0.02172	0.01597	0.03966	0.00997	0.73231	0.01213	0.00886	0.01215	0.00758	0.01026	0.00582	0.00359	0.00529	0.00134	0.08247	0.00444	0.00194	0.00516
27	0.01337	0.00960	0.01024	0.00802	0.01073	0.01057	0.00657	0.67147	0.03673	0.02258	0.01002	0.01029	0.00728	0.00465	0.00369	0.00112	0.00383	0.00353	0.14963	0.00609
28	0.01509	0.00895	0.01021	0.00788	0.01080	0.00936	0.00649	0.50418	0.01518	0.29239	0.01151	0.01094	0.00781	0.00469	0.00380	0.00116	0.00378	0.00363	0.06576	0.00639
29	0.00470	0.00345	0.00441	0.00518	0.00557	0.00317	0.00350	0.00542	0.00763	0.00998	0.02398	0.74081	0.14437	0.01181	0.00489	0.00154	0.00221	0.01061	0.00360	0.00317
30	0.01015	0.76363	0.06292	0.00694	0.01025	0.03758	0.00699	0.01156	0.00791	0.00929	0.00569	0.00670	0.00516	0.00438	0.03637	0.00107	0.00456	0.00221	0.00168	0.00494
31	0.89114	0.00750	0.00570	0.00510	0.00750	0.00870	0.00420	0.01140	0.00660	0.01739	0.00540	0.00630	0.00420	0.00360	0.00240	0.00120	0.00300	0.00210	0.00240	0.00420
32	0.00679	0.00519	0.00712	0.00680	0.01960	0.00587	0.02382	0.03681	0.09774	0.02588	0.01106	0.01618	0.01026	0.16263	0.51272	0.00467	0.03621	0.00437	0.00242	0.00384
33	0.01431	0.01815	0.01115	0.01047	0.04103	0.81875	0.00765	0.01535	0.01091	0.00960	0.00604	0.00708	0.00503	0.00398	0.00351	0.00100	0.00691	0.00253	0.00199	0.00455
34	0.00549	0.00396	0.00518	0.00488	0.00579	0.00366	0.00366	0.00732	0.01097	0.01555	0.83752	0.02896	0.03658	0.00793	0.00457	0.00122	0.00183	0.00701	0.00427	0.00366
35	0.00749	0.00399	0.00403	0.00393	0.00494	0.00408	0.00297	0.02432	0.05180	0.01473	0.01275	0.01436	0.00998	0.00456	0.00280	0.00093	0.00192	0.00365	0.82297	0.00380
36	0.00484	0.00394	0.00428	0.00420	0.00539	0.00338	0.00315	0.00606	0.00944	0.01191	0.26577	0.03494	0.61061	0.00928	0.00458	0.00128	0.00193	0.00785	0.00379	0.00338
37	0.00560	0.00374	0.00424	0.00427	0.00428	0.00374	0.00239	0.00563	0.00570	0.00760	0.01255	0.05599	0.01452	0.83256	0.01919	0.00368	0.00370	0.00583	0.00239	0.00238
38	0.01650	0.00668	0.00886	0.00691	0.00980	0.00600	0.00567	0.01883	0.08280	0.75237	0.01528	0.01333	0.00980	0.00483	0.00388	0.00120	0.00325	0.00393	0.02358	0.00649
39	0.00554	0.00415	0.00623	0.00623	0.00692	0.00485	0.00485	0.00692	0.00623	0.00900	0.01038	0.01523	0.00969	0.02908	0.84839	0.00623	0.01038	0.00415	0.00208	0.00346
40	0.89114	0.00750	0.00570	0.00510	0.00750	0.00870	0.00420	0.01140	0.00660	0.01739	0.00540	0.00630	0.00420	0.00360	0.00240	0.00120	0.00300	0.00210	0.00240	0.00420
41	0.00915	0.01046	0.02288	0.01634	0.02026	0.00980	0.82549	0.01242	0.00915	0.01242	0.00784	0.01046	0.00588	0.00327	0.00458	0.00131	0.00654	0.00458	0.00196	0.00523
42	0.00964	0.00833	0.00877	0.00789	0.01008	0.00964	0.00614	0.02060	0.83257	0.01622	0.01578	0.01446	0.01183	0.00526	0.00394	0.00131	0.00307	0.00438	0.00394	0.00614
43	0.89114	0.00750	0.00570	0.00510	0.00750	0.00870	0.00420	0.01140	0.00660	0.01739	0.00540	0.00630	0.00420	0.00360	0.00240	0.00120	0.00300	0.00210	0.00240	0.00420
44	0.01474	0.01086	0.01163	0.00892	0.01202	0.01202	0.00737	0.82664	0.01823	0.02443	0.00931	0.00931	0.00659	0.00465	0.00388	0.00116	0.00427	0.00349	0.00388	0.00659
45	0.89114	0.00750	0.00570	0.00510	0.00750	0.00870	0.00420	0.01140	0.00660	0.01739	0.00540	0.00630	0.00420	0.00360	0.00240	0.00120	0.00300	0.00210	0.00240	0.00420
46	0.00960	0.00921	0.01574	0.02380	0.83957	0.00921	0.01190	0.01190	0.00883	0.01267	0.00729	0.00960	0.00614	0.00345	0.00384	0.00115	0.00461	0.00345	0.00192	0.00614
47	0.00991	0.00846	0.00892	0.00794	0.01018	0.00977	0.00620	0.06312	0.78961	0.01665	0.01544	0.01419	0.01156	0.00523	0.00394	0.00131	0.00313	0.00434	0.00394	0.00616
48	0.00579	0.00404	0.00543	0.00538	0.00569	0.00445	0.00375	0.00626	0.00585	0.00815	0.01064	0.01899	0.01113	0.38114	0.38844	0.09311	0.03211	0.00468	0.00214	0.00283
49	0.00964	0.00833	0.00877	0.00789	0.01008	0.00964	0.00614	0.02060	0.83257	0.01622	0.01578	0.01446	0.01183	0.00526	0.00394	0.00131	0.00307	0.00438	0.00394	0.00614
50	0.00625	0.00446	0.00625	0.00714	0.00803	0.00446	0.00625	0.00803	0.00892	0.01160	0.02053	0.04373	0.02231	0.01071	0.00535	0.00178	0.00357	0.81348	0.00357	0.00357
51	0.01061	0.00745	0.00848	0.00735	0.00923	0.00791	0.00573	0.43139	0.01325	0.06076	0.01478	0.35336	0.01485	0.00784	0.00435	0.00135	0.00338	0.02900	0.00381	0.00512
52	0.02640	0.01350	0.03439	0.02023	0.07546	0.39493	0.00812	0.07972	0.02891	0.05562	0.00688	0.00832	0.00563	0.00476	0.00590	0.00123	0.21984	0.00301	0.00226	0.00491

[dist]
# distance from previous block
# <min> <max>
0	1

[block]
# block no. 2 follows, 70 sequences, length 16
# corresponding to MSA columns:
# 848-863
name=unknown_C
#
# <colnr> <probs for GDERKNQSTAVLIFYWHMCP>
#	G	D	E	R	K	N	Q	S	T	A	V	L	I	F	Y	W	H	M	C	P
0	0.15124	0.11966	0.18728	0.02473	0.12298	0.11092	0.03467	0.03417	0.07972	0.02824	0.00865	0.00958	0.03782	0.00408	0.00358	0.00115	0.01996	0.00311	0.00226	0.01618
1	0.04462	0.63156	0.01740	0.00724	0.01022	0.16030	0.00666	0.01284	0.05995	0.00994	0.00615	0.00687	0.00538	0.00357	0.00275	0.00090	0.00453	0.00229	0.00189	0.00493
2	0.82345	0.00776	0.00616	0.00539	0.00785	0.00895	0.00444	0.07436	0.00750	0.01794	0.00570	0.00653	0.00438	0.00368	0.00251	0.00120	0.00310	0.00221	0.00251	0.00438
3	0.00538	0.00409	0.00507	0.00548	0.00646	0.00378	0.00442	0.00676	0.00901	0.01153	0.13537	0.12283	0.32512	0.01016	0.00493	0.00151	0.00261	0.32838	0.00368	0.00343
4	0.00474	0.00397	0.00414	0.00420	0.00547	0.00338	0.00322	0.00580	0.00890	0.01070	0.05943	0.03758	0.75331	0.00984	0.00464	0.00134	0.00208	0.07034	0.00362	0.00331
5	0.00840	0.00704	0.00818	0.00608	0.00932	0.00568	0.00490	0.06043	0.03275	0.01341	0.00807	0.01031	0.00690	0.00349	0.00310	0.00070	0.00300	0.04804	0.00251	0.75766
6	0.00940	0.00776	0.04251	0.17845	0.10824	0.00775	0.06892	0.17372	0.01040	0.08052	0.01234	0.18777	0.01168	0.00630	0.00427	0.00134	0.00416	0.07651	0.00299	0.00498
7	0.01256	0.00894	0.00979	0.00809	0.01072	0.00986	0.00649	0.29703	0.42882	0.14394	0.01348	0.01250	0.00970	0.00498	0.00391	0.00125	0.00351	0.00400	0.00405	0.00636
8	0.00618	0.00420	0.00505	0.00509	0.00618	0.00381	0.00382	0.00762	0.03455	0.08382	0.15604	0.24423	0.32845	0.02294	0.00489	0.00143	0.00232	0.07188	0.00380	0.00369
9	0.01051	0.21426	0.11168	0.04362	0.14176	0.10627	0.08492	0.09428	0.02373	0.03053	0.00732	0.00925	0.00602	0.00414	0.00433	0.00115	0.07762	0.02115	0.00214	0.00531
10	0.00768	0.00735	0.01226	0.01237	0.17009	0.00831	0.14646	0.00930	0.00740	0.01059	0.00986	0.15246	0.00995	0.00995	0.13631	0.00220	0.25654	0.02425	0.00220	0.00446
11	0.00474	0.00386	0.00419	0.00437	0.00543	0.00333	0.00322	0.00573	0.00864	0.01061	0.07323	0.17705	0.60825	0.02769	0.00499	0.00142	0.00211	0.04425	0.00360	0.00326
12	0.00560	0.00378	0.00432	0.00431	0.00440	0.00377	0.00250	0.00576	0.00602	0.00807	0.05916	0.02558	0.03297	0.77683	0.03884	0.00362	0.00377	0.00573	0.00248	0.00247
13	0.01122	0.22757	0.10747	0.01000	0.02307	0.19003	0.13129	0.10379	0.04485	0.03800	0.00758	0.02582	0.00617	0.00415	0.00405	0.00112	0.05313	0.00322	0.00226	0.00521
14	0.00857	0.15784	0.03765	0.05256	0.05904	0.04114	0.03715	0.05157	0.09502	0.01094	0.07222	0.01253	0.00945	0.05542	0.00789	0.26243	0.00391	0.00367	0.01702	0.00399
15	0.00790	0.00563	0.00644	0.05795	0.00845	0.00562	0.00470	0.06540	0.15308	0.10538	0.06299	0.04842	0.39583	0.00759	0.00427	0.00129	0.00269	0.02233	0.02958	0.00446

[dist]
# distance from previous block
# <min> <max>
0	9

[block]
# block no. 3 follows, 70 sequences, length 7
# corresponding to MSA columns:
# 873-879
name=unknown_D
#
# <colnr> <probs for GDERKNQSTAVLIFYWHMCP>
#	G	D	E	R	K	N	Q	S	T	A	V	L	I	F	Y	W	H	M	C	P
0	0.57123	0.12751	0.04223	0.00681	0.00950	0.11950	0.05156	0.01205	0.00755	0.01474	0.00567	0.00669	0.00453	0.00360	0.00273	0.00113	0.00398	0.00232	0.00219	0.00446
1	0.00750	0.00506	0.00702	0.00817	0.13049	0.04754	0.00493	0.00671	0.00598	0.00788	0.00697	0.01139	0.00671	0.01231	0.05688	0.66262	0.00411	0.00338	0.00176	0.00259
2	0.00987	0.21606	0.17178	0.05388	0.11903	0.08690	0.05034	0.07906	0.04763	0.01221	0.02939	0.00952	0.02227	0.00421	0.00424	0.00115	0.07187	0.00321	0.00213	0.00526
3	0.00545	0.00405	0.00558	0.00558	0.00620	0.00446	0.00414	0.00652	0.00639	0.00886	0.01388	0.01966	0.10039	0.19485	0.59025	0.00520	0.00814	0.00489	0.00230	0.00322
4	0.03232	0.06904	0.17071	0.10430	0.18857	0.04993	0.07187	0.09130	0.06910	0.03034	0.02858	0.01052	0.00714	0.00421	0.00415	0.00122	0.04003	0.01890	0.00232	0.00545
5	0.00498	0.00383	0.00447	0.00462	0.00549	0.00343	0.00334	0.00605	0.00879	0.01135	0.22012	0.20439	0.37925	0.07990	0.00593	0.00156	0.00221	0.04337	0.00365	0.00327
6	0.00881	0.07538	0.13325	0.05276	0.08405	0.05502	0.03042	0.11675	0.03978	0.01225	0.02542	0.01341	0.00865	0.18012	0.09426	0.00221	0.03520	0.00386	0.02377	0.00462

[dist]
# distance from previous block
# <min> <max>
0	230

# created by:
# /usr/local/bin/augustus/scripts/msa2prfl.pl /tmp/new_cug2/kinesin-class-14.fasta
