[name]
unknown

[dist]
# distance from previous block
# <min> <max>
0	188

[block]
# block no. 0 follows, 39 sequences, length 22
# corresponding to MSA columns:
# 245-266
name=unknown_A
#
# <colnr> <probs for GDERKNQSTAVLIFYWHMCP>
#	G	D	E	R	K	N	Q	S	T	A	V	L	I	F	Y	W	H	M	C	P
0	0.01744	0.04432	0.01913	0.01758	0.11061	0.27335	0.10419	0.09544	0.04940	0.04816	0.01438	0.11097	0.01299	0.00784	0.00668	0.00183	0.04769	0.00646	0.00390	0.00764
1	0.83394	0.01144	0.00869	0.00778	0.01144	0.01327	0.00640	0.01738	0.01006	0.02653	0.00823	0.00961	0.00640	0.00549	0.00366	0.00183	0.00457	0.00320	0.00366	0.00640
2	0.00879	0.00685	0.00988	0.00966	0.01058	0.00810	0.00748	0.01065	0.00956	0.01369	0.01710	0.02482	0.04398	0.09560	0.61884	0.00833	0.08095	0.00665	0.00324	0.00525
3	0.02209	0.02819	0.01676	0.01524	0.01828	0.76843	0.01143	0.02361	0.01676	0.01447	0.00914	0.01066	0.00762	0.00609	0.00533	0.00152	0.01066	0.00381	0.00305	0.00686
4	0.62300	0.01249	0.01087	0.00916	0.01309	0.01416	0.00755	0.17332	0.01420	0.06091	0.01019	0.01106	0.00756	0.00592	0.00425	0.00182	0.00501	0.00378	0.00431	0.00736
5	0.01517	0.01183	0.01282	0.01149	0.01467	0.01332	0.00892	0.05955	0.57653	0.07848	0.02420	0.08801	0.01920	0.00881	0.00609	0.00200	0.00463	0.00742	0.02794	0.00894
6	0.00774	0.00604	0.00715	0.00694	0.00859	0.00546	0.00523	0.00987	0.01462	0.01929	0.36968	0.04832	0.37543	0.01613	0.07076	0.00256	0.00398	0.01116	0.00576	0.00528
7	0.00744	0.00540	0.00685	0.00791	0.00847	0.00503	0.00538	0.00851	0.01143	0.01496	0.03446	0.58380	0.12514	0.09763	0.00983	0.00271	0.00372	0.05130	0.00529	0.00473
8	0.02228	0.00968	0.01226	0.00971	0.01353	0.00896	0.00792	0.10068	0.01715	0.50485	0.04603	0.02070	0.01564	0.00737	0.00560	0.00173	0.00464	0.00595	0.17634	0.00897
9	0.00867	0.00626	0.00916	0.00916	0.01024	0.00723	0.00711	0.01084	0.00976	0.01445	0.01614	0.02313	0.01482	0.04111	0.70245	0.00880	0.01471	0.00626	0.07442	0.00530
10	0.83394	0.01144	0.00869	0.00778	0.01144	0.01327	0.00640	0.01738	0.01006	0.02653	0.00823	0.00961	0.00640	0.00549	0.00366	0.00183	0.00457	0.00320	0.00366	0.00640
11	0.01396	0.01595	0.03490	0.02493	0.03091	0.01496	0.73380	0.01894	0.01396	0.01894	0.01196	0.01595	0.00897	0.00499	0.00698	0.00199	0.00997	0.00698	0.00299	0.00798
12	0.01471	0.01270	0.01337	0.01203	0.01538	0.01471	0.00936	0.03142	0.74459	0.02474	0.02407	0.02206	0.01805	0.00802	0.00602	0.00201	0.00468	0.00669	0.00602	0.00936
13	0.83394	0.01144	0.00869	0.00778	0.01144	0.01327	0.00640	0.01738	0.01006	0.02653	0.00823	0.00961	0.00640	0.00549	0.00366	0.00183	0.00457	0.00320	0.00366	0.00640
14	0.09253	0.01486	0.01597	0.01253	0.01700	0.01625	0.01029	0.50563	0.10116	0.12972	0.01593	0.01542	0.01119	0.00709	0.00574	0.00181	0.00595	0.00537	0.00592	0.00967
15	0.83394	0.01144	0.00869	0.00778	0.01144	0.01327	0.00640	0.01738	0.01006	0.02653	0.00823	0.00961	0.00640	0.00549	0.00366	0.00183	0.00457	0.00320	0.00366	0.00640
16	0.01464	0.01405	0.02400	0.03630	0.75528	0.01405	0.01815	0.01815	0.01347	0.01932	0.01112	0.01464	0.00937	0.00527	0.00585	0.00176	0.00703	0.00527	0.00293	0.00937
17	0.01921	0.01494	0.01591	0.01294	0.01709	0.01681	0.01045	0.43907	0.32962	0.03199	0.01835	0.01751	0.01342	0.00749	0.00596	0.00187	0.00574	0.00590	0.00596	0.00976
18	0.00917	0.00735	0.01071	0.01030	0.01114	0.00901	0.00808	0.01104	0.00939	0.01369	0.01470	0.02239	0.01401	0.07735	0.61186	0.00821	0.13684	0.00627	0.00310	0.00538
19	0.01471	0.01270	0.01337	0.01203	0.01538	0.01471	0.00936	0.03142	0.74459	0.02474	0.02407	0.02206	0.01805	0.00802	0.00602	0.00201	0.00468	0.00669	0.00602	0.00936
20	0.00934	0.00667	0.00931	0.01067	0.01194	0.00664	0.00919	0.01192	0.01342	0.01748	0.03142	0.12713	0.03446	0.01652	0.00812	0.00270	0.00528	0.65697	0.00545	0.00539
21	0.01000	0.00816	0.00915	0.00988	0.01094	0.07237	0.00774	0.01177	0.01221	0.01547	0.02579	0.16106	0.02843	0.17095	0.07583	0.00373	0.00652	0.35023	0.00469	0.00509

[dist]
# distance from previous block
# <min> <max>
0	73

[block]
# block no. 1 follows, 39 sequences, length 18
# corresponding to MSA columns:
# 340-357
name=unknown_B
#
# <colnr> <probs for GDERKNQSTAVLIFYWHMCP>
#	G	D	E	R	K	N	Q	S	T	A	V	L	I	F	Y	W	H	M	C	P
0	0.83394	0.01144	0.00869	0.00778	0.01144	0.01327	0.00640	0.01738	0.01006	0.02653	0.00823	0.00961	0.00640	0.00549	0.00366	0.00183	0.00457	0.00320	0.00366	0.00640
1	0.00871	0.00650	0.00866	0.00836	0.01005	0.00578	0.04843	0.01042	0.01323	0.05793	0.11749	0.32462	0.32768	0.01498	0.00714	0.00212	0.00366	0.01322	0.00555	0.00544
2	0.00933	0.00723	0.00765	0.00724	0.00954	0.00669	0.00552	0.01322	0.12317	0.05971	0.09392	0.04886	0.55964	0.01333	0.00678	0.00198	0.00335	0.01114	0.00573	0.00597
3	0.01301	0.01078	0.01247	0.00925	0.01409	0.00880	0.00736	0.09246	0.01388	0.02092	0.01249	0.06788	0.01107	0.00568	0.00477	0.00108	0.00454	0.00465	0.00391	0.68091
4	0.07017	0.01084	0.01755	0.66844	0.09117	0.01322	0.01584	0.01550	0.01182	0.01623	0.01039	0.01524	0.00789	0.00584	0.00575	0.00195	0.00758	0.00511	0.00272	0.00676
5	0.00751	0.00601	0.00660	0.00671	0.00836	0.00526	0.00503	0.00915	0.01349	0.01679	0.14582	0.08483	0.51952	0.07034	0.00876	0.00232	0.00338	0.06963	0.00549	0.00500
6	0.07731	0.00996	0.01125	0.00937	0.01229	0.01017	0.00726	0.17630	0.05036	0.20863	0.07496	0.02494	0.04005	0.16291	0.01047	0.00256	0.00498	0.00668	0.09206	0.00751
7	0.01468	0.25561	0.24518	0.01508	0.04131	0.09958	0.04645	0.01903	0.05746	0.01652	0.01019	0.01226	0.00835	0.00635	0.00727	0.00177	0.12785	0.00436	0.00283	0.00786
8	0.01482	0.16731	0.18997	0.03798	0.06588	0.04130	0.17426	0.03698	0.05204	0.07232	0.01403	0.03187	0.01157	0.00666	0.00585	0.00184	0.00762	0.05603	0.00355	0.00812
9	0.00718	0.00591	0.00633	0.00654	0.00827	0.00506	0.00487	0.00872	0.01335	0.01628	0.08754	0.15423	0.59822	0.01537	0.00711	0.00207	0.00314	0.03928	0.00554	0.00501
10	0.00860	0.00573	0.00645	0.00645	0.00645	0.00573	0.00358	0.00860	0.00860	0.01147	0.01863	0.03870	0.02150	0.79217	0.03010	0.00573	0.00573	0.00860	0.00358	0.00358
11	0.01519	0.06541	0.35353	0.01879	0.08970	0.04579	0.14262	0.08760	0.01466	0.07208	0.01186	0.01376	0.00868	0.00585	0.00619	0.00184	0.02941	0.00504	0.00331	0.00868
12	0.07714	0.01409	0.10240	0.20686	0.07174	0.01342	0.12739	0.08975	0.01376	0.01985	0.01417	0.01985	0.03306	0.00825	0.02802	0.00221	0.06824	0.05774	0.02471	0.00736
13	0.00720	0.00597	0.00597	0.00597	0.00793	0.00502	0.00447	0.00876	0.01342	0.01629	0.05778	0.05509	0.71422	0.01455	0.00684	0.00196	0.00298	0.01212	0.04844	0.00502
14	0.07072	0.12884	0.13439	0.01535	0.10399	0.03702	0.04546	0.07444	0.04825	0.15061	0.03485	0.03977	0.01284	0.02683	0.00669	0.00191	0.03546	0.02008	0.00423	0.00828
15	0.05087	0.10392	0.03862	0.06149	0.12464	0.15473	0.10441	0.02107	0.07390	0.12487	0.01405	0.04967	0.01130	0.00672	0.00615	0.00180	0.03428	0.00560	0.00391	0.00801
16	0.24151	0.01343	0.01306	0.05081	0.01580	0.08157	0.00895	0.22112	0.01722	0.14233	0.01747	0.05179	0.06535	0.00757	0.00537	0.00181	0.00575	0.00570	0.00498	0.02843
17	0.03841	0.15705	0.06580	0.06888	0.05172	0.01530	0.01105	0.21717	0.06944	0.02355	0.01207	0.01331	0.00940	0.00578	0.00506	0.00149	0.00601	0.00443	0.00403	0.22007

[dist]
# distance from previous block
# <min> <max>
0	4

[block]
# block no. 2 follows, 39 sequences, length 23
# corresponding to MSA columns:
# 362-384
name=unknown_C
#
# <colnr> <probs for GDERKNQSTAVLIFYWHMCP>
#	G	D	E	R	K	N	Q	S	T	A	V	L	I	F	Y	W	H	M	C	P
0	0.06341	0.29804	0.18039	0.06540	0.07515	0.07154	0.01352	0.06632	0.08034	0.01872	0.01101	0.01248	0.00877	0.00575	0.00492	0.00163	0.00707	0.00423	0.00320	0.00810
1	0.00970	0.00750	0.00837	0.00801	0.01006	0.00724	0.00620	0.08793	0.05835	0.02036	0.16495	0.11098	0.36109	0.01339	0.00687	0.00203	0.00368	0.07369	0.03365	0.00593
2	0.01228	0.02434	0.52326	0.01627	0.02336	0.01278	0.10196	0.01872	0.05576	0.04529	0.01535	0.07376	0.03632	0.00704	0.00600	0.00194	0.00792	0.00608	0.00326	0.00831
3	0.00858	0.00619	0.00879	0.00879	0.00967	0.00702	0.00657	0.01034	0.00946	0.01366	0.01649	0.02597	0.01601	0.17772	0.60418	0.00849	0.01348	0.00671	0.03690	0.00498
4	0.01437	0.01246	0.01317	0.01241	0.03968	0.04045	0.00929	0.07213	0.53209	0.02389	0.05383	0.06909	0.04782	0.00903	0.00619	0.00200	0.00489	0.02283	0.00576	0.00864
5	0.00799	0.00591	0.00746	0.00733	0.00867	0.00538	0.00540	0.01033	0.01546	0.02129	0.54261	0.15394	0.15939	0.01346	0.00706	0.00196	0.00291	0.01185	0.00621	0.00538
6	0.26110	0.01418	0.02977	0.03877	0.03234	0.05844	0.03394	0.27689	0.01793	0.08752	0.01300	0.01392	0.00949	0.00638	0.00508	0.00176	0.00594	0.00471	0.08070	0.00813
7	0.00861	0.00605	0.00754	0.00737	0.00886	0.00545	0.00545	0.01081	0.01514	0.05070	0.44997	0.16681	0.20805	0.01359	0.00703	0.00198	0.00303	0.01189	0.00615	0.00551
8	0.07547	0.01623	0.01716	0.01323	0.01789	0.01801	0.01092	0.68866	0.02665	0.03657	0.01381	0.01390	0.00982	0.00699	0.00577	0.00178	0.00638	0.00519	0.00577	0.00982
9	0.00832	0.00600	0.00800	0.00809	0.00881	0.00639	0.00572	0.00966	0.01002	0.01386	0.06835	0.09869	0.05580	0.28394	0.37447	0.00680	0.00999	0.00857	0.00383	0.00469
10	0.00888	0.00629	0.00849	0.00956	0.01054	0.00620	0.00769	0.01090	0.01266	0.01669	0.07215	0.20149	0.03457	0.12356	0.01100	0.00303	0.00494	0.44102	0.00526	0.00507
11	0.01202	0.02949	0.70672	0.01746	0.02600	0.01383	0.07555	0.01874	0.01260	0.01874	0.01071	0.01275	0.00760	0.00557	0.00572	0.00188	0.00883	0.00457	0.00253	0.00868
12	0.00715	0.00597	0.00623	0.00623	0.00810	0.00505	0.00465	0.00877	0.01377	0.01680	0.13557	0.08072	0.65113	0.01478	0.00701	0.00200	0.00299	0.01243	0.00560	0.00505
13	0.00889	0.00698	0.01035	0.01010	0.01105	0.00845	0.00794	0.01092	0.00946	0.01378	0.01505	0.02222	0.01409	0.04101	0.69511	0.00882	0.09105	0.00622	0.00311	0.00540
14	0.01257	0.01230	0.01315	0.01474	0.10117	0.17301	0.03463	0.01491	0.01398	0.01695	0.04448	0.17284	0.02606	0.01268	0.00710	0.00224	0.00649	0.30993	0.00458	0.00619
15	0.01247	0.14851	0.64894	0.01582	0.02399	0.01522	0.02004	0.01857	0.01241	0.01799	0.01024	0.01202	0.00751	0.00553	0.00534	0.00178	0.00837	0.00418	0.00250	0.00856
16	0.01419	0.01751	0.12498	0.04886	0.12973	0.07442	0.32250	0.04531	0.01415	0.01902	0.04214	0.01770	0.01152	0.00638	0.00727	0.00196	0.05807	0.03314	0.00323	0.00793
17	0.00734	0.00586	0.00657	0.00670	0.00828	0.00509	0.00491	0.00905	0.01386	0.01758	0.21210	0.17687	0.47513	0.01492	0.00708	0.00203	0.00302	0.01280	0.00572	0.00509
18	0.07498	0.01318	0.01712	0.33531	0.12716	0.11861	0.04080	0.01631	0.01240	0.01659	0.02804	0.01599	0.01000	0.01120	0.10773	0.00289	0.03665	0.00523	0.00298	0.00684
19	0.01581	0.79572	0.03099	0.01012	0.01518	0.02340	0.01012	0.01771	0.01202	0.01391	0.00822	0.00949	0.00759	0.00506	0.00379	0.00126	0.00632	0.00316	0.00253	0.00759
20	0.00727	0.00517	0.00684	0.00815	0.00848	0.00485	0.00540	0.00825	0.01120	0.01493	0.03195	0.75378	0.03830	0.05416	0.00859	0.00256	0.00354	0.01643	0.00540	0.00475
21	0.00717	0.00528	0.00672	0.00788	0.00848	0.00483	0.00533	0.00827	0.01167	0.01524	0.03694	0.67194	0.15267	0.01796	0.00746	0.00234	0.00336	0.01612	0.00549	0.00483
22	0.04995	0.18681	0.02027	0.01490	0.08483	0.15462	0.06527	0.08869	0.04319	0.06964	0.06774	0.01671	0.03415	0.00692	0.00627	0.00170	0.05636	0.00530	0.01893	0.00774

[dist]
# distance from previous block
# <min> <max>
9	46

[block]
# block no. 3 follows, 39 sequences, length 26
# corresponding to MSA columns:
# 452-477
name=unknown_D
#
# <colnr> <probs for GDERKNQSTAVLIFYWHMCP>
#	G	D	E	R	K	N	Q	S	T	A	V	L	I	F	Y	W	H	M	C	P
0	0.66531	0.01178	0.00957	0.00872	0.01215	0.03990	0.00721	0.05566	0.01167	0.02565	0.01127	0.01653	0.00986	0.00686	0.00437	0.00192	0.00500	0.08612	0.00397	0.00651
1	0.05322	0.09809	0.01002	0.00731	0.00944	0.00788	0.00581	0.01140	0.01479	0.02026	0.40503	0.04234	0.26971	0.01184	0.00643	0.00183	0.00336	0.00999	0.00557	0.00567
2	0.01141	0.00931	0.01385	0.01421	0.09892	0.01079	0.03255	0.01442	0.05340	0.05022	0.05418	0.02163	0.01531	0.06040	0.35717	0.00566	0.16018	0.00635	0.00358	0.00647
3	0.00827	0.00607	0.00794	0.00756	0.00897	0.00574	0.00570	0.01088	0.01564	0.02193	0.61116	0.04276	0.10684	0.01607	0.09551	0.00276	0.00432	0.01033	0.00604	0.00550
4	0.01447	0.01614	0.11045	0.11631	0.34413	0.01450	0.16870	0.08270	0.03723	0.02045	0.01185	0.01499	0.00922	0.00557	0.00608	0.00185	0.00783	0.00557	0.00322	0.00873
5	0.61298	0.03943	0.01145	0.00959	0.01304	0.12276	0.00781	0.04468	0.01169	0.02407	0.00856	0.01012	0.00683	0.00590	0.00490	0.00181	0.05069	0.00348	0.00356	0.00665
6	0.00895	0.00586	0.00766	0.00848	0.00930	0.00551	0.00586	0.03260	0.01241	0.06340	0.05403	0.67853	0.05047	0.01719	0.00737	0.00232	0.00360	0.01549	0.00565	0.00533
7	0.01767	0.13694	0.15763	0.01365	0.03085	0.06780	0.02574	0.23113	0.12493	0.07721	0.04843	0.01592	0.01262	0.00676	0.00558	0.00174	0.00671	0.00524	0.00460	0.00886
8	0.01280	0.01479	0.10750	0.04164	0.13212	0.03117	0.15308	0.01934	0.17221	0.01938	0.04809	0.02318	0.11863	0.00795	0.00738	0.00198	0.06989	0.00699	0.00403	0.00787
9	0.01266	0.00969	0.03248	0.08812	0.08341	0.02332	0.05365	0.01549	0.03287	0.14029	0.06391	0.09039	0.23721	0.03949	0.02574	0.00229	0.00547	0.03179	0.00493	0.00681
10	0.01138	0.01046	0.07078	0.01317	0.09857	0.00989	0.00956	0.10318	0.03017	0.01755	0.01543	0.02328	0.01439	0.17866	0.36025	0.00611	0.01082	0.00639	0.00358	0.00639
11	0.01194	0.00906	0.00942	0.00861	0.01059	0.09453	0.00653	0.01436	0.01632	0.10787	0.50041	0.06135	0.10327	0.01127	0.00668	0.00185	0.00400	0.00968	0.00609	0.00618
12	0.10328	0.01316	0.01394	0.01142	0.01519	0.03705	0.00919	0.32101	0.11968	0.13806	0.10274	0.05487	0.01803	0.00817	0.00588	0.00185	0.00540	0.00649	0.00587	0.00872
13	0.01900	0.13118	0.04274	0.01553	0.10290	0.13166	0.01172	0.32447	0.07502	0.02596	0.01311	0.01399	0.01004	0.00645	0.00541	0.00166	0.00690	0.00485	0.04861	0.00879
14	0.06749	0.01568	0.13517	0.01459	0.09889	0.05373	0.01171	0.19413	0.04320	0.05738	0.06928	0.10051	0.04265	0.00822	0.00588	0.00181	0.00604	0.00677	0.00462	0.06226
15	0.01314	0.16607	0.24255	0.01537	0.08887	0.07160	0.05610	0.01683	0.01336	0.03709	0.09967	0.12112	0.01787	0.00802	0.00578	0.00180	0.00683	0.00680	0.00361	0.00753
16	0.01393	0.26888	0.41004	0.01402	0.02079	0.01711	0.01621	0.05306	0.09813	0.01877	0.01159	0.01273	0.00887	0.00579	0.00510	0.00169	0.00740	0.00430	0.00307	0.00851
17	0.00760	0.00568	0.00707	0.00776	0.00878	0.00519	0.00560	0.00919	0.01295	0.01697	0.16319	0.39567	0.21743	0.03198	0.00783	0.00231	0.00345	0.08071	0.00562	0.00502
18	0.01017	0.04356	0.02589	0.00955	0.01086	0.06052	0.00725	0.01177	0.01158	0.04931	0.04568	0.38508	0.02659	0.04288	0.20603	0.00418	0.02795	0.01109	0.00451	0.00556
19	0.06356	0.15520	0.14021	0.06195	0.06657	0.08449	0.04925	0.09744	0.06102	0.06932	0.01330	0.05918	0.01098	0.00688	0.00596	0.00179	0.03568	0.00540	0.00378	0.00805
20	0.00969	0.00673	0.00869	0.09682	0.01268	0.00650	0.00671	0.01194	0.01395	0.07513	0.23099	0.12530	0.26088	0.01373	0.03995	0.00228	0.00426	0.01044	0.05758	0.00575
21	0.00939	0.00827	0.00833	0.00894	0.01004	0.09396	0.00651	0.01089	0.01294	0.01614	0.10106	0.39836	0.13240	0.05041	0.00826	0.00239	0.00452	0.10680	0.00521	0.00517
22	0.03909	0.06730	0.23120	0.09408	0.10189	0.08793	0.06698	0.04631	0.01311	0.01776	0.01348	0.02735	0.05184	0.00743	0.00762	0.03894	0.07173	0.00538	0.00305	0.00752
23	0.03651	0.01299	0.08829	0.07504	0.06187	0.02922	0.24475	0.01518	0.03639	0.01764	0.02184	0.23061	0.08395	0.00988	0.00669	0.00206	0.00680	0.00949	0.00394	0.00685
24	0.69270	0.01330	0.00992	0.00880	0.01244	0.10076	0.00712	0.01877	0.01124	0.06769	0.00922	0.01034	0.00702	0.00567	0.00399	0.00179	0.00531	0.00343	0.00380	0.00667
25	0.01682	0.10699	0.07760	0.01203	0.01570	0.15893	0.01029	0.19698	0.02786	0.07407	0.01860	0.15370	0.05104	0.01066	0.04011	0.00215	0.00704	0.00721	0.00457	0.00764

[dist]
# distance from previous block
# <min> <max>
0	2

[block]
# block no. 4 follows, 39 sequences, length 31
# corresponding to MSA columns:
# 480-510
name=unknown_E
#
# <colnr> <probs for GDERKNQSTAVLIFYWHMCP>
#	G	D	E	R	K	N	Q	S	T	A	V	L	I	F	Y	W	H	M	C	P
0	0.01574	0.13075	0.05901	0.04921	0.28856	0.03724	0.04833	0.05550	0.01434	0.10850	0.01523	0.05659	0.01335	0.00733	0.00589	0.00183	0.00670	0.07365	0.00389	0.00835
1	0.01671	0.01498	0.01641	0.04537	0.05507	0.17340	0.08261	0.16615	0.01664	0.08429	0.01818	0.11234	0.05494	0.02693	0.06404	0.00252	0.03036	0.00715	0.00442	0.00748
2	0.01252	0.01123	0.01774	0.68680	0.03806	0.01376	0.01581	0.10103	0.01373	0.01775	0.01095	0.01558	0.00814	0.00605	0.00591	0.00195	0.00772	0.00526	0.00302	0.00699
3	0.01749	0.01361	0.05362	0.10713	0.12578	0.03386	0.03443	0.16772	0.10939	0.16211	0.06252	0.01871	0.01445	0.00785	0.02352	0.00201	0.00646	0.00593	0.02466	0.00874
4	0.01131	0.00952	0.01218	0.10354	0.08557	0.02682	0.00926	0.05143	0.14954	0.02122	0.25859	0.10376	0.07141	0.01134	0.02706	0.00217	0.00501	0.02815	0.00523	0.00688
5	0.18106	0.01191	0.01321	0.01082	0.01453	0.01260	0.00876	0.25005	0.03773	0.23842	0.03264	0.10808	0.01518	0.00843	0.00609	0.00191	0.02776	0.00659	0.00574	0.00850
6	0.01817	0.08877	0.05308	0.01182	0.01586	0.01466	0.01011	0.39656	0.02103	0.09360	0.06762	0.10975	0.03359	0.00973	0.02651	0.00203	0.00602	0.00705	0.00545	0.00858
7	0.01524	0.01310	0.01436	0.01260	0.01568	0.01546	0.00997	0.09686	0.58818	0.02469	0.02118	0.02022	0.01606	0.00821	0.00760	0.00205	0.09748	0.00638	0.00560	0.00908
8	0.05528	0.10595	0.06730	0.05443	0.10864	0.18876	0.06066	0.15292	0.01626	0.03906	0.01245	0.05955	0.01066	0.02244	0.00629	0.00182	0.02047	0.00544	0.00374	0.00789
9	0.01089	0.00791	0.01178	0.01154	0.01352	0.00783	0.07816	0.04091	0.01413	0.03439	0.04384	0.07111	0.02870	0.01354	0.00740	0.00241	0.00548	0.48749	0.10303	0.00595
10	0.01955	0.02400	0.01637	0.01513	0.03153	0.59135	0.01135	0.02114	0.01508	0.01447	0.00966	0.01222	0.00836	0.01025	0.08019	0.00242	0.10300	0.00424	0.00300	0.00671
11	0.01604	0.03504	0.08256	0.01564	0.08775	0.10167	0.07968	0.06710	0.03825	0.10457	0.07508	0.10645	0.05141	0.05827	0.00830	0.00238	0.00687	0.04998	0.00496	0.00799
12	0.01500	0.07731	0.45246	0.01671	0.02339	0.10462	0.06669	0.05493	0.01468	0.01982	0.01374	0.01927	0.01146	0.00751	0.00633	0.00210	0.00881	0.07300	0.00348	0.00872
13	0.19702	0.01546	0.01580	0.01235	0.01685	0.01725	0.01020	0.58108	0.02399	0.03496	0.01292	0.01321	0.00927	0.00675	0.00543	0.00179	0.00609	0.00487	0.00543	0.00927
14	0.02063	0.01530	0.01635	0.01270	0.01710	0.01675	0.01044	0.64885	0.02610	0.03473	0.01965	0.01929	0.09864	0.00804	0.00604	0.00180	0.00609	0.00618	0.00587	0.00945
15	0.01150	0.01085	0.01834	0.70687	0.10921	0.01323	0.01659	0.01540	0.01198	0.01551	0.01057	0.01566	0.00803	0.00585	0.00591	0.00195	0.00780	0.00526	0.00266	0.00684
16	0.02248	0.01656	0.01775	0.01361	0.01834	0.01834	0.01124	0.73556	0.02780	0.03727	0.01420	0.01420	0.01006	0.00710	0.00592	0.00177	0.00651	0.00532	0.00592	0.01006
17	0.01408	0.01337	0.01807	0.01530	0.01586	0.01814	0.01274	0.10025	0.01129	0.01698	0.00853	0.01309	0.00804	0.00996	0.01780	0.00249	0.68894	0.00519	0.00298	0.00690
18	0.02198	0.01213	0.01436	0.01158	0.01579	0.01243	0.00938	0.16192	0.25240	0.38856	0.02186	0.01964	0.01488	0.00750	0.00596	0.00188	0.00520	0.00607	0.00664	0.00984
19	0.00700	0.00596	0.00603	0.00608	0.00801	0.00498	0.00453	0.00848	0.01339	0.01594	0.05881	0.08645	0.72405	0.01512	0.00701	0.00201	0.00301	0.01266	0.00549	0.00498
20	0.00798	0.00554	0.00670	0.00719	0.00751	0.00533	0.00450	0.00865	0.01045	0.01396	0.08044	0.32863	0.06038	0.40451	0.01875	0.00401	0.00452	0.01208	0.00461	0.00426
21	0.01390	0.01423	0.03996	0.24458	0.10045	0.01452	0.35358	0.06004	0.01393	0.03460	0.01163	0.01556	0.00880	0.00570	0.00700	0.00197	0.04256	0.00607	0.00312	0.00781
22	0.00725	0.00587	0.00644	0.00657	0.00822	0.00506	0.00482	0.00889	0.01370	0.01713	0.17074	0.16397	0.53062	0.01503	0.00707	0.00203	0.00303	0.01283	0.00566	0.00506
23	0.01519	0.06044	0.14082	0.05722	0.28112	0.14963	0.03737	0.01970	0.06529	0.03522	0.07034	0.01637	0.01297	0.00626	0.00575	0.00175	0.00751	0.00534	0.00344	0.00826
24	0.00739	0.00532	0.00682	0.00784	0.00834	0.00495	0.00523	0.00847	0.01156	0.01535	0.07746	0.61336	0.09461	0.09200	0.00963	0.00266	0.00358	0.01531	0.00537	0.00475
25	0.01592	0.03545	0.03529	0.05652	0.01690	0.01366	0.02837	0.24730	0.22847	0.05426	0.02017	0.14575	0.01733	0.00904	0.00609	0.00193	0.00545	0.00761	0.04608	0.00839
26	0.01401	0.01443	0.02852	0.02215	0.08057	0.01385	0.50560	0.08606	0.01565	0.02141	0.11976	0.01979	0.01592	0.00624	0.00679	0.00194	0.00838	0.00723	0.00378	0.00793
27	0.01272	0.08724	0.03226	0.20493	0.27988	0.04910	0.01378	0.01615	0.03561	0.01726	0.04733	0.11037	0.03763	0.00795	0.00598	0.00187	0.00653	0.02243	0.00350	0.00746
28	0.01730	0.24837	0.05841	0.01367	0.01747	0.27114	0.04710	0.07359	0.01453	0.01657	0.01047	0.01251	0.02099	0.00782	0.03517	0.00192	0.09719	0.00431	0.00309	0.02838
29	0.09031	0.01242	0.10099	0.01160	0.03036	0.04548	0.04267	0.02999	0.08226	0.03982	0.08800	0.18074	0.11103	0.01084	0.00696	0.00203	0.04369	0.03706	0.00467	0.02909
30	0.01398	0.18911	0.20842	0.01314	0.03867	0.05131	0.03975	0.07325	0.03416	0.05537	0.07400	0.11882	0.03111	0.02593	0.00625	0.00187	0.00648	0.00681	0.00396	0.00761

[dist]
# distance from previous block
# <min> <max>
0	10

[block]
# block no. 5 follows, 39 sequences, length 20
# corresponding to MSA columns:
# 521-540
name=unknown_F
#
# <colnr> <probs for GDERKNQSTAVLIFYWHMCP>
#	G	D	E	R	K	N	Q	S	T	A	V	L	I	F	Y	W	H	M	C	P
0	0.02826	0.01142	0.04875	0.03158	0.01371	0.05397	0.00840	0.13006	0.09796	0.08203	0.15609	0.11763	0.17439	0.01082	0.00643	0.00193	0.00482	0.00907	0.00554	0.00714
1	0.01070	0.01118	0.09666	0.01051	0.01370	0.00915	0.05526	0.07971	0.09781	0.02091	0.16897	0.07639	0.25960	0.01148	0.00672	0.00200	0.00474	0.05252	0.00527	0.00669
2	0.01364	0.01294	0.02137	0.10113	0.46416	0.01339	0.07079	0.01891	0.10874	0.01940	0.03497	0.01797	0.02863	0.00776	0.03881	0.00217	0.00720	0.00595	0.00348	0.00861
3	0.01438	0.01518	0.09156	0.14810	0.21651	0.05771	0.09676	0.05216	0.07455	0.05234	0.03504	0.01808	0.04266	0.00737	0.02105	0.00203	0.03685	0.00591	0.00364	0.00812
4	0.18962	0.01551	0.01588	0.01241	0.01692	0.01729	0.01024	0.58763	0.02415	0.03506	0.01297	0.01325	0.00930	0.00677	0.00545	0.00179	0.00611	0.00489	0.00545	0.00930
5	0.01598	0.04739	0.01801	0.06976	0.07726	0.22674	0.08341	0.02307	0.24991	0.01885	0.04177	0.01785	0.01356	0.03668	0.00720	0.00197	0.03298	0.00572	0.00407	0.00780
6	0.00727	0.00531	0.00686	0.00808	0.00865	0.00490	0.00553	0.00841	0.01165	0.01529	0.03567	0.67774	0.12044	0.01804	0.00751	0.00237	0.00346	0.04250	0.00549	0.00485
7	0.00938	0.00612	0.00687	0.00672	0.00709	0.00623	0.00407	0.03568	0.00977	0.01370	0.01844	0.03532	0.02010	0.64557	0.05429	0.00524	0.00581	0.00804	0.09746	0.00410
8	0.00736	0.00521	0.00681	0.00803	0.00833	0.00491	0.00527	0.00828	0.01101	0.01468	0.03100	0.70270	0.03710	0.10688	0.01012	0.00278	0.00369	0.01587	0.00527	0.00466
9	0.00832	0.00604	0.00783	0.00739	0.00880	0.00556	0.00554	0.01106	0.01662	0.02343	0.72666	0.04464	0.08147	0.01220	0.00698	0.00187	0.00280	0.01076	0.00647	0.00556
10	0.01581	0.79572	0.03099	0.01012	0.01518	0.02340	0.01012	0.01771	0.01202	0.01391	0.00822	0.00949	0.00759	0.00506	0.00379	0.00126	0.00632	0.00316	0.00253	0.00759
11	0.00721	0.00515	0.00686	0.00823	0.00858	0.00480	0.00549	0.00823	0.01132	0.01510	0.03259	0.78831	0.03911	0.01853	0.00755	0.00240	0.00343	0.01681	0.00549	0.00480
12	0.02653	0.01006	0.01372	0.01052	0.01510	0.00869	0.00869	0.02882	0.01693	0.75937	0.02333	0.02013	0.01464	0.00732	0.00595	0.00183	0.00503	0.00595	0.00732	0.01006
13	0.75569	0.01193	0.00957	0.00834	0.01210	0.01376	0.00687	0.08664	0.01178	0.02757	0.00881	0.01005	0.00676	0.00564	0.00388	0.00182	0.00476	0.00341	0.00388	0.00676
14	0.02150	0.01598	0.01722	0.01314	0.01792	0.01733	0.01083	0.66606	0.02631	0.03553	0.01384	0.01401	0.00993	0.00684	0.00577	0.00169	0.00630	0.00515	0.00568	0.08897
15	0.01258	0.11638	0.60697	0.01796	0.09477	0.01487	0.02015	0.01856	0.01253	0.01824	0.01039	0.01235	0.00768	0.00552	0.00543	0.00179	0.00830	0.00432	0.00254	0.00867
16	0.01424	0.01394	0.02236	0.19093	0.57238	0.04765	0.01749	0.01776	0.01327	0.01822	0.01091	0.01470	0.00898	0.00544	0.00584	0.00179	0.00737	0.00520	0.00287	0.00867
17	0.01001	0.00643	0.00790	0.00736	0.00918	0.00574	0.00552	0.01216	0.01519	0.10453	0.40304	0.07677	0.24810	0.05189	0.00805	0.00211	0.00328	0.01082	0.00612	0.00579
18	0.16693	0.24883	0.01912	0.03979	0.04904	0.10623	0.00992	0.12634	0.04655	0.07507	0.01394	0.01462	0.04802	0.00642	0.00486	0.00163	0.00630	0.00458	0.00398	0.00782
19	0.01382	0.01321	0.02252	0.21192	0.58607	0.01384	0.01774	0.01743	0.01308	0.01832	0.01098	0.01490	0.00902	0.00542	0.00587	0.00181	0.00723	0.00527	0.00286	0.00870

[dist]
# distance from previous block
# <min> <max>
0	5

[block]
# block no. 6 follows, 39 sequences, length 28
# corresponding to MSA columns:
# 546-573
name=unknown_G
#
# <colnr> <probs for GDERKNQSTAVLIFYWHMCP>
#	G	D	E	R	K	N	Q	S	T	A	V	L	I	F	Y	W	H	M	C	P
0	0.01601	0.01277	0.01808	0.01740	0.14959	0.01327	0.11561	0.24686	0.07183	0.04278	0.06608	0.04990	0.01595	0.00752	0.00603	0.00182	0.00605	0.02382	0.11026	0.00837
1	0.66311	0.01082	0.00915	0.00822	0.01112	0.01268	0.00656	0.01601	0.00980	0.02363	0.00953	0.01361	0.00845	0.10696	0.00830	0.00239	0.06601	0.00405	0.00357	0.00605
2	0.01525	0.01180	0.01980	0.02664	0.01947	0.03657	0.27334	0.01826	0.01429	0.19654	0.04203	0.06939	0.15694	0.00893	0.00740	0.00200	0.04935	0.01977	0.00475	0.00749
3	0.01696	0.01332	0.01412	0.01206	0.01562	0.03123	0.00953	0.22591	0.42269	0.06284	0.06613	0.04765	0.01849	0.00831	0.00608	0.00193	0.00518	0.00681	0.00600	0.00914
4	0.00789	0.00622	0.00870	0.14619	0.01428	0.00632	0.00733	0.00950	0.01169	0.01521	0.03214	0.55556	0.12523	0.01581	0.00718	0.00227	0.00417	0.01418	0.00498	0.00514
5	0.01233	0.02761	0.62304	0.01966	0.10820	0.01386	0.07571	0.01868	0.01271	0.01881	0.01077	0.01299	0.00782	0.00553	0.00575	0.00187	0.00864	0.00467	0.00258	0.00875
6	0.01450	0.02690	0.62721	0.01572	0.02371	0.01283	0.01949	0.02054	0.01328	0.15176	0.01290	0.01386	0.00878	0.00592	0.00568	0.00187	0.00807	0.00465	0.00336	0.00898
7	0.02388	0.01110	0.01521	0.01410	0.11039	0.01032	0.01008	0.06155	0.07441	0.57168	0.02138	0.01929	0.01401	0.00710	0.00594	0.00183	0.00533	0.00589	0.00659	0.00992
8	0.01446	0.01279	0.01962	0.02584	0.44355	0.01295	0.03836	0.14499	0.01578	0.02172	0.01831	0.11736	0.07196	0.00806	0.00621	0.00187	0.00625	0.00739	0.00400	0.00851
9	0.07918	0.01372	0.02036	0.02887	0.54082	0.03910	0.01526	0.01950	0.10716	0.02022	0.01352	0.05216	0.01162	0.00630	0.00577	0.00182	0.00648	0.00579	0.00351	0.00883
10	0.00725	0.00605	0.00662	0.00662	0.00845	0.00542	0.00501	0.00886	0.01277	0.01557	0.05199	0.05086	0.62031	0.02025	0.14381	0.00335	0.00530	0.01138	0.00507	0.00504
11	0.02128	0.12682	0.01859	0.01458	0.01788	0.67269	0.01126	0.02286	0.01615	0.01440	0.00902	0.01051	0.00761	0.00596	0.00513	0.00149	0.01011	0.00373	0.00298	0.00695
12	0.01586	0.01301	0.01689	0.15246	0.10027	0.01392	0.03643	0.27545	0.09326	0.02518	0.01529	0.08322	0.01277	0.00737	0.00590	0.00178	0.00620	0.00628	0.00457	0.11390
13	0.01995	0.01468	0.01598	0.01250	0.01663	0.01605	0.01022	0.60545	0.02582	0.03484	0.14674	0.01958	0.01827	0.00800	0.00611	0.00179	0.00584	0.00629	0.00602	0.00925
14	0.00780	0.00552	0.00729	0.00848	0.00896	0.00528	0.00597	0.00900	0.01138	0.01510	0.03057	0.56237	0.03594	0.11755	0.01056	0.00289	0.00409	0.14124	0.00524	0.00476
15	0.02137	0.15637	0.02004	0.01291	0.01770	0.01904	0.01098	0.59134	0.02473	0.04869	0.01332	0.01348	0.00971	0.00674	0.00554	0.00168	0.00644	0.00495	0.00534	0.00961
16	0.02325	0.01203	0.01479	0.03673	0.01667	0.01200	0.00962	0.23595	0.07363	0.43921	0.04883	0.01932	0.01493	0.00745	0.00598	0.00183	0.00545	0.00598	0.00662	0.00972
17	0.00721	0.00515	0.00686	0.00823	0.00858	0.00480	0.00549	0.00823	0.01132	0.01510	0.03259	0.78831	0.03911	0.01853	0.00755	0.00240	0.00343	0.01681	0.00549	0.00480
18	0.53891	0.01506	0.01260	0.01310	0.10863	0.14928	0.00908	0.05749	0.01266	0.02402	0.00909	0.01069	0.00720	0.00566	0.00436	0.00176	0.00609	0.00369	0.00358	0.00706
19	0.01996	0.02092	0.01565	0.01373	0.01696	0.40549	0.01060	0.24121	0.04347	0.02201	0.01444	0.09755	0.01296	0.00814	0.00587	0.00175	0.00824	0.02903	0.00437	0.00766
20	0.00851	0.00618	0.00810	0.00799	0.00941	0.00577	0.00624	0.01123	0.01602	0.02226	0.58949	0.04883	0.08532	0.01299	0.00719	0.00202	0.00328	0.13737	0.00627	0.00553
21	0.00724	0.00600	0.00633	0.00625	0.00814	0.00510	0.00469	0.00897	0.01407	0.01737	0.18424	0.05463	0.62768	0.01446	0.00699	0.00197	0.00296	0.01216	0.00567	0.00510
22	0.01920	0.02328	0.01524	0.01398	0.01664	0.58984	0.01056	0.03679	0.01546	0.01483	0.01068	0.01342	0.00920	0.01425	0.16763	0.00323	0.01167	0.00438	0.00314	0.00659
23	0.02113	0.01438	0.01468	0.01212	0.01599	0.10991	0.00966	0.23343	0.15034	0.26206	0.01970	0.07813	0.01494	0.00811	0.00600	0.00185	0.00600	0.00648	0.00598	0.00911
24	0.00721	0.00515	0.00686	0.00823	0.00858	0.00480	0.00549	0.00823	0.01132	0.01510	0.03259	0.78831	0.03911	0.01853	0.00755	0.00240	0.00343	0.01681	0.00549	0.00480
25	0.08329	0.01194	0.01328	0.01129	0.01510	0.01288	0.00899	0.05711	0.43435	0.25172	0.02221	0.02018	0.01577	0.00757	0.00581	0.00193	0.00485	0.00613	0.00623	0.00937
26	0.01874	0.45104	0.02539	0.01221	0.01687	0.15444	0.05146	0.07690	0.01486	0.11194	0.01101	0.01181	0.00877	0.00569	0.00470	0.00147	0.00716	0.00402	0.00353	0.00799
27	0.25332	0.01505	0.07519	0.01376	0.04264	0.03090	0.10314	0.20940	0.01613	0.02584	0.02843	0.03177	0.01011	0.00639	0.00573	0.00178	0.03247	0.00502	0.00410	0.08883

[dist]
# distance from previous block
# <min> <max>
2	9

[block]
# block no. 7 follows, 39 sequences, length 62
# corresponding to MSA columns:
# 583-644
name=unknown_H
#
# <colnr> <probs for GDERKNQSTAVLIFYWHMCP>
#	G	D	E	R	K	N	Q	S	T	A	V	L	I	F	Y	W	H	M	C	P
0	0.01216	0.01409	0.11273	0.01711	0.10706	0.01501	0.01367	0.01460	0.01013	0.01534	0.01008	0.01504	0.00926	0.01557	0.15821	0.00371	0.44130	0.00530	0.00273	0.00689
1	0.01026	0.10878	0.01097	0.00770	0.01033	0.00910	0.00623	0.09973	0.01560	0.01962	0.16263	0.04344	0.44975	0.01225	0.00644	0.00185	0.00382	0.01010	0.00533	0.00605
2	0.01161	0.00995	0.01149	0.00842	0.01327	0.00753	0.00670	0.01410	0.01241	0.01886	0.01660	0.01777	0.10048	0.00569	0.00470	0.00101	0.00421	0.00461	0.00375	0.72684
3	0.00845	0.00634	0.00950	0.00950	0.01056	0.00739	0.00739	0.01056	0.00950	0.01373	0.01584	0.02323	0.01478	0.04435	0.76873	0.00950	0.01584	0.00634	0.00317	0.00528
4	0.01117	0.01051	0.01774	0.77795	0.04073	0.01314	0.01642	0.01511	0.01182	0.01511	0.01051	0.01577	0.00788	0.00591	0.00591	0.00197	0.00788	0.00526	0.00263	0.00657
5	0.01658	0.70112	0.02924	0.01075	0.01556	0.11523	0.01028	0.01844	0.01260	0.01398	0.00833	0.00963	0.00759	0.00519	0.00398	0.00130	0.00686	0.00324	0.00259	0.00750
6	0.02248	0.01656	0.01775	0.01361	0.01834	0.01834	0.01124	0.73556	0.02780	0.03727	0.01420	0.01420	0.01006	0.00710	0.00592	0.00177	0.00651	0.00532	0.00592	0.01006
7	0.01438	0.01404	0.02402	0.03296	0.61441	0.01461	0.06659	0.01772	0.01296	0.01867	0.01077	0.01452	0.00914	0.00588	0.00760	0.00188	0.10267	0.00537	0.00289	0.00891
8	0.00721	0.00515	0.00686	0.00823	0.00858	0.00480	0.00549	0.00823	0.01132	0.01510	0.03259	0.78831	0.03911	0.01853	0.00755	0.00240	0.00343	0.01681	0.00549	0.00480
9	0.01471	0.01270	0.01337	0.01203	0.01538	0.01471	0.00936	0.03142	0.74459	0.02474	0.02407	0.02206	0.01805	0.00802	0.00602	0.00201	0.00468	0.00669	0.00602	0.00936
10	0.01117	0.01051	0.01774	0.77795	0.04073	0.01314	0.01642	0.01511	0.01182	0.01511	0.01051	0.01577	0.00788	0.00591	0.00591	0.00197	0.00788	0.00526	0.00263	0.00657
11	0.00714	0.00591	0.00625	0.00635	0.00812	0.00503	0.00469	0.00871	0.01357	0.01660	0.12099	0.12848	0.61765	0.01506	0.00704	0.00202	0.00302	0.01275	0.00559	0.00503
12	0.00721	0.00515	0.00686	0.00823	0.00858	0.00480	0.00549	0.00823	0.01132	0.01510	0.03259	0.78831	0.03911	0.01853	0.00755	0.00240	0.00343	0.01681	0.00549	0.00480
13	0.01387	0.01403	0.02926	0.07377	0.02808	0.01351	0.54971	0.01826	0.01345	0.06435	0.01305	0.01710	0.00997	0.01005	0.10073	0.00291	0.01024	0.00672	0.00326	0.00768
14	0.01397	0.31543	0.44284	0.01424	0.02126	0.06454	0.01683	0.01865	0.01258	0.01667	0.00963	0.01125	0.00754	0.00544	0.00492	0.00162	0.00796	0.00388	0.00254	0.00819
15	0.02080	0.01483	0.01620	0.01279	0.01697	0.01619	0.01040	0.61035	0.02523	0.07087	0.01693	0.10991	0.01387	0.00852	0.00612	0.00185	0.00605	0.00677	0.00593	0.00941
16	0.00719	0.00522	0.00679	0.00804	0.00853	0.00482	0.00540	0.00826	0.01151	0.01517	0.03495	0.72520	0.10070	0.01822	0.00750	0.00237	0.00339	0.01644	0.00549	0.00482
17	0.63067	0.01109	0.00996	0.00847	0.01236	0.01211	0.00698	0.02026	0.01179	0.21103	0.01204	0.01226	0.00848	0.00595	0.00424	0.00183	0.00469	0.00389	0.00458	0.00733
18	0.73019	0.01126	0.00934	0.00813	0.01191	0.01268	0.00670	0.01885	0.01095	0.12070	0.01017	0.01096	0.00746	0.00572	0.00395	0.00183	0.00463	0.00355	0.00413	0.00687
19	0.02091	0.02623	0.01693	0.01527	0.01793	0.67201	0.01162	0.02241	0.01577	0.01444	0.00896	0.01096	0.00764	0.00664	0.00714	0.00166	0.10970	0.00398	0.00299	0.00681
20	0.02051	0.01529	0.01702	0.01348	0.01745	0.01735	0.01108	0.51986	0.11704	0.06991	0.01514	0.01536	0.01104	0.00763	0.00759	0.00191	0.10170	0.00551	0.00559	0.00953
21	0.01271	0.01214	0.02079	0.44445	0.34604	0.01357	0.03277	0.01649	0.01257	0.01699	0.01080	0.01529	0.00854	0.00562	0.00591	0.00188	0.00756	0.00530	0.00276	0.00780
22	0.01470	0.01288	0.01474	0.01515	0.11046	0.01462	0.01049	0.02972	0.65064	0.02404	0.02241	0.02111	0.01694	0.00767	0.00600	0.00197	0.00498	0.00650	0.00562	0.00936
23	0.01783	0.01461	0.01415	0.01204	0.01537	0.10703	0.00934	0.24234	0.28358	0.07139	0.01861	0.03280	0.01489	0.10839	0.00902	0.00235	0.00611	0.00628	0.00538	0.00849
24	0.00732	0.00536	0.00692	0.00811	0.00873	0.00495	0.00561	0.00852	0.01174	0.01537	0.03602	0.64919	0.13052	0.01793	0.00752	0.00237	0.00350	0.05995	0.00549	0.00487
25	0.00699	0.00599	0.00599	0.00599	0.00799	0.00499	0.00449	0.00849	0.01348	0.01598	0.05991	0.05691	0.75288	0.01498	0.00699	0.00200	0.00300	0.01248	0.00549	0.00499
26	0.00762	0.00604	0.00663	0.00668	0.00818	0.00539	0.00479	0.00945	0.03132	0.01671	0.15622	0.13793	0.45420	0.11058	0.00988	0.00248	0.00339	0.01210	0.00542	0.00499
27	0.02036	0.02302	0.01606	0.01426	0.01759	0.49405	0.01090	0.11325	0.19379	0.01976	0.01337	0.01385	0.01044	0.00668	0.00557	0.00167	0.00871	0.00469	0.00412	0.00785
28	0.01085	0.00555	0.00566	0.00563	0.00701	0.00552	0.00423	0.01361	0.01268	0.02215	0.06598	0.02346	0.01775	0.00722	0.00431	0.00141	0.00276	0.00584	0.77285	0.00552
29	0.02276	0.01612	0.01747	0.01340	0.01812	0.01768	0.01107	0.68708	0.02706	0.08680	0.01482	0.01460	0.01037	0.00711	0.00592	0.00178	0.00641	0.00537	0.00601	0.01006
30	0.01227	0.00995	0.01151	0.00888	0.01317	0.00821	0.00696	0.05958	0.03574	0.02024	0.01448	0.10901	0.01331	0.00658	0.00490	0.00119	0.00429	0.00549	0.06032	0.59392
31	0.02022	0.23908	0.04048	0.01242	0.01704	0.11091	0.01081	0.33380	0.03301	0.09067	0.01287	0.01321	0.00964	0.00639	0.00520	0.00160	0.00678	0.00458	0.02245	0.00881
32	0.01804	0.01446	0.01854	0.04181	0.17101	0.01555	0.04924	0.40909	0.07042	0.02892	0.01629	0.07814	0.02574	0.00770	0.00612	0.00186	0.00640	0.00654	0.00501	0.00914
33	0.01192	0.15520	0.02845	0.10877	0.03172	0.01197	0.00903	0.08124	0.05850	0.01789	0.08457	0.13944	0.03162	0.11808	0.05475	0.01761	0.00614	0.02252	0.00418	0.00640
34	0.01827	0.24575	0.01970	0.01271	0.01611	0.40255	0.01034	0.05238	0.01485	0.01544	0.01022	0.01238	0.00883	0.01078	0.10298	0.00248	0.00969	0.00406	0.02350	0.00698
35	0.01156	0.11433	0.44130	0.01317	0.01901	0.01279	0.01521	0.01665	0.04521	0.01725	0.05388	0.03297	0.01389	0.15651	0.01021	0.00255	0.00727	0.00571	0.00314	0.00740
36	0.05738	0.01429	0.01602	0.01341	0.01657	0.17107	0.12743	0.11052	0.01534	0.05966	0.03897	0.14476	0.02973	0.01327	0.10017	0.00281	0.00815	0.01815	0.00429	0.03800
37	0.01186	0.03059	0.76153	0.01686	0.02560	0.01373	0.02185	0.01873	0.01249	0.01873	0.01061	0.01249	0.00749	0.00562	0.00562	0.00187	0.00874	0.00437	0.00250	0.00874
38	0.01530	0.01293	0.01364	0.01206	0.01551	0.01485	0.00944	0.09914	0.65962	0.02577	0.02388	0.02204	0.03290	0.00808	0.00603	0.00198	0.00482	0.00668	0.00600	0.00934
39	0.00765	0.00562	0.00695	0.00756	0.00842	0.00519	0.00526	0.00904	0.01248	0.01649	0.16547	0.38920	0.17637	0.11195	0.01015	0.00265	0.00361	0.04565	0.00544	0.00486
40	0.02172	0.01619	0.01732	0.01345	0.01805	0.01798	0.01106	0.66641	0.09819	0.03604	0.01517	0.01497	0.01084	0.00719	0.00593	0.00180	0.00633	0.00546	0.00593	0.00999
41	0.01502	0.01191	0.01277	0.01134	0.01440	0.01347	0.00870	0.07240	0.56780	0.06156	0.02272	0.02361	0.01782	0.10869	0.00910	0.00246	0.00495	0.00681	0.00577	0.00870
42	0.00738	0.00522	0.00681	0.00801	0.00830	0.00492	0.00524	0.00828	0.01097	0.01463	0.03080	0.69198	0.03685	0.11794	0.01045	0.00283	0.00373	0.01576	0.00524	0.00465
43	0.11294	0.01132	0.01883	0.58626	0.03586	0.01339	0.10737	0.01588	0.01188	0.01701	0.01042	0.01503	0.00784	0.00574	0.00577	0.00196	0.00774	0.00522	0.00280	0.00673
44	0.00842	0.00566	0.00650	0.00668	0.00672	0.00561	0.00383	0.00855	0.00895	0.01193	0.02043	0.13503	0.02376	0.69275	0.02720	0.00531	0.00544	0.00966	0.00383	0.00374
45	0.57718	0.01117	0.00989	0.00873	0.01215	0.01252	0.00703	0.10545	0.01284	0.07222	0.01304	0.11089	0.01157	0.00748	0.00458	0.00190	0.00469	0.00538	0.00440	0.00688
46	0.01953	0.01488	0.01920	0.01486	0.01935	0.04849	0.14835	0.30331	0.15313	0.14144	0.04354	0.01781	0.01357	0.00703	0.00615	0.00186	0.00666	0.00611	0.00549	0.00923
47	0.01083	0.01000	0.01672	0.68323	0.03701	0.01243	0.01531	0.01455	0.01154	0.01494	0.01117	0.01669	0.00873	0.01065	0.09994	0.00290	0.00886	0.00539	0.00269	0.00641
48	0.02382	0.00948	0.01284	0.01026	0.01426	0.00831	0.00829	0.02623	0.03051	0.64930	0.02454	0.11888	0.01785	0.00877	0.00615	0.00191	0.00482	0.00736	0.00706	0.00937
49	0.01560	0.01436	0.02323	0.03350	0.66444	0.01458	0.01730	0.10658	0.01523	0.02153	0.01150	0.01458	0.00945	0.00549	0.00586	0.00176	0.00696	0.00528	0.00330	0.00945
50	0.01706	0.01668	0.02091	0.07303	0.17156	0.16338	0.13183	0.16253	0.01647	0.03667	0.01189	0.01488	0.00948	0.02006	0.03746	0.00219	0.06434	0.00538	0.01610	0.00808
51	0.00757	0.00610	0.00679	0.00687	0.00868	0.00533	0.00532	0.00946	0.01412	0.01767	0.18864	0.05569	0.53110	0.01459	0.00713	0.00206	0.00326	0.09879	0.00568	0.00516
52	0.01499	0.11494	0.05034	0.13795	0.34190	0.01595	0.06338	0.10590	0.01452	0.01985	0.01087	0.01399	0.00881	0.00588	0.00652	0.00180	0.05569	0.00508	0.00317	0.00851
53	0.02209	0.02819	0.01676	0.01524	0.01828	0.76843	0.01143	0.02361	0.01676	0.01447	0.00914	0.01066	0.00762	0.00609	0.00533	0.00152	0.01066	0.00381	0.00305	0.00686
54	0.01471	0.01371	0.03082	0.04783	0.22540	0.05126	0.10141	0.13748	0.08510	0.02157	0.05450	0.01869	0.01369	0.03565	0.10507	0.00295	0.02202	0.00607	0.00396	0.00811
55	0.01702	0.00804	0.01053	0.00879	0.01184	0.00703	0.00697	0.01936	0.01621	0.37785	0.28312	0.05206	0.12055	0.01016	0.00645	0.00186	0.00394	0.00864	0.00669	0.02287
56	0.01400	0.01408	0.01707	0.05671	0.14454	0.11154	0.01245	0.06041	0.01271	0.01684	0.01606	0.01918	0.10458	0.01021	0.03684	0.00238	0.33407	0.00601	0.00331	0.00702
57	0.00876	0.00730	0.00979	0.05878	0.10640	0.00688	0.00743	0.01114	0.01453	0.01923	0.30938	0.06671	0.32722	0.01219	0.00679	0.00193	0.00376	0.01057	0.00536	0.00587
58	0.02113	0.02637	0.01769	0.01794	0.11299	0.67149	0.01229	0.02291	0.01634	0.01510	0.00940	0.01118	0.00784	0.00599	0.00540	0.00155	0.01020	0.00400	0.00303	0.00718
59	0.01644	0.11592	0.07841	0.04435	0.08035	0.03842	0.13815	0.11392	0.19220	0.08239	0.01572	0.01723	0.01195	0.00656	0.00586	0.00183	0.00689	0.02029	0.00439	0.00873
60	0.01318	0.02247	0.42944	0.01436	0.02045	0.03635	0.01598	0.11279	0.10475	0.02122	0.01698	0.11484	0.03527	0.00806	0.00599	0.00194	0.00715	0.00660	0.00387	0.00831
61	0.01144	0.06222	0.03249	0.00876	0.01107	0.03095	0.00690	0.02613	0.01356	0.10854	0.10478	0.32401	0.15971	0.01308	0.00658	0.00198	0.00418	0.01133	0.00534	0.05694

[dist]
# distance from previous block
# <min> <max>
42	664

# created by:
# /usr/local/bin/augustus/scripts/msa2prfl.pl /tmp/new_cug2/kinesin-class-1.fasta
