[name]
unknown

[dist]
# distance from previous block
# <min> <max>
0	633

[block]
# block no. 0 follows, 68 sequences, length 35
# corresponding to MSA columns:
# 766-800
name=unknown_A
#
# <colnr> <probs for GDERKNQSTAVLIFYWHMCP>
#	G	D	E	R	K	N	Q	S	T	A	V	L	I	F	Y	W	H	M	C	P
0	0.01001	0.04951	0.03976	0.06440	0.42783	0.06274	0.06968	0.04520	0.05619	0.01264	0.00758	0.00967	0.00625	0.00418	0.00510	0.00126	0.11666	0.00352	0.00211	0.00570
1	0.00867	0.00867	0.01214	0.01041	0.01041	0.01214	0.00867	0.00954	0.00607	0.00954	0.00520	0.00867	0.00520	0.00694	0.01301	0.00173	0.85340	0.00347	0.00173	0.00434
2	0.00566	0.00425	0.00637	0.00637	0.00708	0.00496	0.00496	0.00708	0.00637	0.00920	0.01062	0.01558	0.00991	0.02974	0.84494	0.00637	0.01062	0.00425	0.00212	0.00354
3	0.01779	0.00675	0.00920	0.00705	0.01012	0.00583	0.00583	0.01932	0.01135	0.83867	0.01564	0.01350	0.00981	0.00491	0.00399	0.00123	0.00337	0.00399	0.00491	0.00675
4	0.79886	0.00757	0.00618	0.00540	0.00792	0.00858	0.00445	0.01245	0.00722	0.10244	0.00656	0.00717	0.00486	0.00381	0.00261	0.00123	0.00310	0.00234	0.00271	0.00455
5	0.01016	0.43793	0.15454	0.01070	0.14684	0.06234	0.00891	0.03567	0.04398	0.01127	0.00734	0.04055	0.00644	0.00399	0.00324	0.00104	0.00464	0.00301	0.00200	0.00541
6	0.00561	0.00405	0.00530	0.00499	0.00592	0.00374	0.00374	0.00748	0.01122	0.01590	0.83383	0.02962	0.03741	0.00811	0.00468	0.00125	0.00187	0.00717	0.00436	0.00374
7	0.00850	0.08473	0.70614	0.01095	0.02705	0.02396	0.01345	0.02822	0.03829	0.01265	0.00735	0.00847	0.00533	0.00382	0.00368	0.00122	0.00561	0.00294	0.00181	0.00582
8	0.00566	0.00425	0.00637	0.00637	0.00708	0.00496	0.00496	0.00708	0.00637	0.00920	0.01062	0.01558	0.00991	0.02974	0.84494	0.00637	0.01062	0.00425	0.00212	0.00354
9	0.01309	0.12689	0.01231	0.00914	0.01149	0.39042	0.02026	0.18884	0.09343	0.01358	0.00808	0.00932	0.00662	0.04514	0.00470	0.00123	0.03453	0.00313	0.00262	0.00519
10	0.00651	0.00507	0.00590	0.00546	0.00679	0.00502	0.00416	0.04309	0.14618	0.01527	0.49274	0.02818	0.20448	0.00794	0.00454	0.00128	0.00221	0.00684	0.00415	0.00420
11	0.00928	0.37758	0.34951	0.00890	0.02657	0.02701	0.00980	0.01264	0.06688	0.01146	0.00763	0.02678	0.00625	0.00395	0.00325	0.00108	0.00474	0.00291	0.03838	0.00540
12	0.54381	0.12621	0.02119	0.00711	0.02493	0.15804	0.02312	0.03391	0.00816	0.01512	0.00585	0.00682	0.00470	0.00373	0.00280	0.00114	0.00413	0.00234	0.00229	0.00460
13	0.00782	0.00414	0.00585	0.00581	0.00590	0.00401	0.00387	0.00589	0.00580	0.00782	0.00780	0.01325	0.00773	0.01424	0.01573	0.87259	0.00376	0.00374	0.00204	0.00223
14	0.00486	0.00351	0.00461	0.00547	0.00578	0.00326	0.00370	0.00559	0.00771	0.01019	0.02288	0.79403	0.07226	0.01225	0.00505	0.00160	0.00231	0.02803	0.00368	0.00324
15	0.04292	0.15988	0.14579	0.01049	0.01400	0.04229	0.18449	0.23008	0.02918	0.03052	0.00829	0.03379	0.00656	0.00433	0.00418	0.00121	0.04018	0.00362	0.00258	0.00563
16	0.00981	0.00942	0.01609	0.02434	0.83592	0.00942	0.01217	0.01217	0.00903	0.01295	0.00746	0.00981	0.00628	0.00353	0.00393	0.00118	0.00471	0.00353	0.00196	0.00628
17	0.01481	0.01890	0.01124	0.01021	0.01226	0.84474	0.00766	0.01583	0.01124	0.00970	0.00613	0.00715	0.00511	0.00409	0.00358	0.00102	0.00715	0.00255	0.00204	0.00460
18	0.00993	0.00927	0.01432	0.12186	0.58190	0.03824	0.01095	0.01337	0.11230	0.03609	0.00868	0.01054	0.00695	0.00388	0.00393	0.00121	0.00463	0.00363	0.00228	0.00601
19	0.01049	0.82816	0.05470	0.00697	0.01047	0.01542	0.00711	0.01190	0.00807	0.00946	0.00558	0.00644	0.00509	0.00341	0.00259	0.00086	0.00431	0.00215	0.00170	0.00512
20	0.00816	0.00698	0.00815	0.00585	0.00932	0.00525	0.00468	0.00993	0.00829	0.01299	0.02638	0.00872	0.00661	0.00306	0.00298	0.00060	0.00291	0.00246	0.00240	0.86429
21	0.00504	0.00366	0.00477	0.00537	0.00585	0.00339	0.00375	0.00603	0.00848	0.01137	0.18293	0.60001	0.08967	0.01133	0.00497	0.00153	0.00225	0.04245	0.00381	0.00335
22	0.01540	0.01545	0.01204	0.01025	0.01278	0.43107	0.00794	0.35530	0.04777	0.01729	0.00886	0.00976	0.00695	0.00509	0.00437	0.00129	0.02574	0.00339	0.00324	0.00603
23	0.00965	0.32811	0.43327	0.00925	0.01375	0.03755	0.01073	0.04073	0.00875	0.03924	0.00697	0.00801	0.00541	0.00446	0.02743	0.00124	0.00531	0.00272	0.00189	0.00553
24	0.01356	0.01452	0.01083	0.00948	0.01148	0.49538	0.00735	0.09119	0.07694	0.07486	0.00805	0.00891	0.00635	0.00502	0.01725	0.00123	0.10600	0.00306	0.01511	0.02344
25	0.00503	0.00380	0.00468	0.00513	0.00585	0.00345	0.00370	0.00610	0.00872	0.01136	0.15821	0.42129	0.26445	0.01091	0.00492	0.00149	0.00225	0.07148	0.00379	0.00337
26	0.00555	0.00420	0.00565	0.00573	0.00655	0.00395	0.03759	0.01644	0.02820	0.01218	0.20836	0.44597	0.13177	0.01015	0.00479	0.00145	0.00240	0.02623	0.03925	0.00359
27	0.01132	0.08238	0.23190	0.01179	0.08339	0.11982	0.11287	0.17772	0.05370	0.04515	0.00823	0.00923	0.00617	0.00411	0.00405	0.00120	0.02532	0.00335	0.00250	0.00580
28	0.00512	0.00375	0.00484	0.00538	0.00596	0.00347	0.00385	0.00620	0.00869	0.01159	0.19759	0.50564	0.12911	0.01107	0.00497	0.00152	0.00229	0.08176	0.00382	0.00339
29	0.00499	0.00358	0.00472	0.00555	0.00586	0.00336	0.00381	0.00577	0.00774	0.01028	0.03717	0.72506	0.04998	0.04640	0.00568	0.00170	0.00244	0.06905	0.00364	0.00323
30	0.03125	0.00909	0.01011	0.02414	0.03528	0.02942	0.00661	0.41084	0.06687	0.09349	0.02525	0.05967	0.02195	0.00580	0.02914	0.00130	0.00405	0.00404	0.00358	0.12812
31	0.11153	0.06327	0.08132	0.00961	0.03747	0.12457	0.03003	0.23944	0.09325	0.03721	0.02573	0.03168	0.02658	0.01741	0.01401	0.00146	0.03047	0.00393	0.00327	0.01776
32	0.01439	0.01105	0.03645	0.00903	0.01211	0.01189	0.00761	0.74494	0.01759	0.02379	0.00944	0.00965	0.00677	0.00479	0.00419	0.00120	0.02982	0.00355	0.03520	0.00654
33	0.01171	0.01162	0.11016	0.02165	0.15851	0.06000	0.09168	0.27747	0.14685	0.04229	0.00995	0.02313	0.00754	0.00446	0.00401	0.00123	0.00475	0.00382	0.00304	0.00613
34	0.01289	0.15607	0.04653	0.01016	0.04803	0.56070	0.03215	0.01421	0.01022	0.01004	0.02450	0.00854	0.00626	0.03857	0.00416	0.00114	0.00625	0.00283	0.00203	0.00472

[dist]
# distance from previous block
# <min> <max>
0	1

[block]
# block no. 1 follows, 68 sequences, length 10
# corresponding to MSA columns:
# 802-811
name=unknown_B
#
# <colnr> <probs for GDERKNQSTAVLIFYWHMCP>
#	G	D	E	R	K	N	Q	S	T	A	V	L	I	F	Y	W	H	M	C	P
0	0.01103	0.14919	0.11836	0.04031	0.07017	0.11006	0.05359	0.07457	0.04936	0.10539	0.00979	0.01044	0.04193	0.00414	0.00358	0.00106	0.00457	0.00330	0.00260	0.13654
1	0.00712	0.00498	0.00579	0.00563	0.00628	0.02187	0.00391	0.04143	0.02196	0.06907	0.01747	0.23413	0.10049	0.35664	0.01153	0.00244	0.05706	0.02565	0.00311	0.00346
2	0.00578	0.00446	0.00507	0.00495	0.00609	0.00412	0.00369	0.06452	0.00993	0.01286	0.23429	0.15545	0.39661	0.04525	0.00536	0.00146	0.00231	0.03035	0.00382	0.00364
3	0.01148	0.00848	0.01147	0.11791	0.17742	0.03421	0.03820	0.22065	0.02734	0.14585	0.09413	0.07302	0.01147	0.00526	0.00413	0.00125	0.00414	0.00456	0.00333	0.00567
4	0.03337	0.16392	0.16290	0.08427	0.10802	0.03213	0.06301	0.10986	0.09117	0.07046	0.00870	0.00969	0.00658	0.00409	0.00381	0.00118	0.01896	0.00332	0.01889	0.00568
5	0.00595	0.00526	0.06471	0.00592	0.00670	0.00442	0.00452	0.04729	0.00774	0.01044	0.01712	0.44561	0.01965	0.24461	0.04233	0.00238	0.00349	0.05533	0.00314	0.00340
6	0.00563	0.00389	0.00470	0.00483	0.00507	0.00390	0.00309	0.00607	0.00660	0.00884	0.05440	0.11888	0.05092	0.56423	0.09906	0.00352	0.00417	0.04669	0.00273	0.00277
7	0.05750	0.05203	0.05800	0.03952	0.06712	0.16407	0.06184	0.11854	0.02275	0.07652	0.01200	0.01398	0.08946	0.05121	0.01482	0.00140	0.02992	0.02418	0.02320	0.02196
8	0.03252	0.16720	0.11284	0.00859	0.03052	0.19333	0.00747	0.11641	0.04144	0.08699	0.02411	0.10321	0.02660	0.00519	0.00369	0.00114	0.00462	0.00402	0.00278	0.02734
9	0.03285	0.27631	0.17510	0.04116	0.05559	0.05376	0.04491	0.10971	0.03548	0.02612	0.00812	0.05135	0.00697	0.02486	0.00409	0.00119	0.02381	0.00340	0.00229	0.02293

[dist]
# distance from previous block
# <min> <max>
4	30

[block]
# block no. 2 follows, 68 sequences, length 85
# corresponding to MSA columns:
# 842-926
name=unknown_C
#
# <colnr> <probs for GDERKNQSTAVLIFYWHMCP>
#	G	D	E	R	K	N	Q	S	T	A	V	L	I	F	Y	W	H	M	C	P
0	0.01002	0.00849	0.01082	0.08277	0.16011	0.05197	0.03907	0.17148	0.13708	0.03658	0.02694	0.05013	0.05501	0.01747	0.00451	0.00137	0.00417	0.12349	0.00319	0.00535
1	0.00657	0.00476	0.00591	0.00641	0.05783	0.00477	0.00397	0.06701	0.00759	0.01022	0.01458	0.20866	0.02694	0.46778	0.03329	0.00285	0.00370	0.04021	0.00284	0.02411
2	0.00847	0.00808	0.01385	0.41902	0.37411	0.00887	0.04548	0.01097	0.00859	0.01167	0.03706	0.01128	0.01741	0.00398	0.00401	0.00126	0.00493	0.00377	0.00198	0.00522
3	0.01009	0.00863	0.00909	0.00811	0.01040	0.00997	0.00633	0.05579	0.79367	0.01695	0.01585	0.01456	0.01187	0.00535	0.00403	0.00134	0.00319	0.00444	0.00403	0.00630
4	0.01047	0.00632	0.00812	0.00686	0.00887	0.00626	0.03472	0.05367	0.18627	0.24414	0.33989	0.04291	0.02141	0.00642	0.00432	0.00127	0.00287	0.00556	0.00432	0.00531
5	0.02892	0.00909	0.01038	0.00807	0.01104	0.00949	0.00663	0.46613	0.03991	0.30638	0.01208	0.02316	0.00833	0.00492	0.00392	0.00120	0.00384	0.00383	0.03615	0.00653
6	0.01102	0.01067	0.01710	0.01322	0.04477	0.07112	0.41349	0.18126	0.06999	0.04000	0.01021	0.01190	0.03640	0.00436	0.00466	0.00130	0.03520	0.01504	0.00272	0.00559
7	0.00838	0.00796	0.01351	0.53224	0.33919	0.00904	0.01146	0.01092	0.00835	0.01122	0.00721	0.01028	0.00567	0.00380	0.00395	0.00127	0.00506	0.00353	0.00184	0.00513
8	0.00859	0.00855	0.01199	0.01030	0.01032	0.01195	0.00857	0.00947	0.00608	0.00953	0.00535	0.00886	0.00533	0.00756	0.03571	0.00186	0.83041	0.00349	0.00175	0.00432
9	0.00931	0.00849	0.01423	0.30608	0.50947	0.00909	0.01140	0.01195	0.02854	0.04204	0.00782	0.01033	0.00621	0.00377	0.00394	0.00123	0.00482	0.00357	0.00205	0.00566
10	0.02147	0.13638	0.65048	0.01088	0.03808	0.01026	0.01303	0.02321	0.00838	0.01225	0.00684	0.00813	0.00508	0.00384	0.00392	0.00121	0.03630	0.00285	0.00173	0.00570
11	0.00932	0.01086	0.03929	0.01650	0.02048	0.01005	0.79227	0.01265	0.00928	0.01265	0.00796	0.01062	0.00598	0.00341	0.00480	0.00134	0.02060	0.00462	0.00199	0.00534
12	0.00552	0.00455	0.00744	0.00721	0.00801	0.00425	0.12732	0.00661	0.00786	0.01051	0.01976	0.72996	0.02317	0.01105	0.00500	0.00157	0.00296	0.01027	0.00343	0.00354
13	0.06425	0.01070	0.01039	0.01064	0.14368	0.20440	0.00726	0.18727	0.06397	0.05013	0.02361	0.01410	0.12204	0.00590	0.02411	0.00133	0.03434	0.01362	0.00299	0.00528
14	0.04987	0.17717	0.03917	0.00787	0.01049	0.05567	0.00669	0.26060	0.16327	0.04800	0.02919	0.05912	0.00936	0.03560	0.01456	0.00134	0.01932	0.00394	0.00320	0.00558
15	0.00483	0.00345	0.00460	0.00552	0.00575	0.00322	0.00368	0.00552	0.00759	0.01012	0.02185	0.85807	0.02622	0.01242	0.00506	0.00161	0.00230	0.01127	0.00368	0.00322
16	0.00563	0.00410	0.00547	0.00626	0.00698	0.00394	0.00500	0.00696	0.00862	0.01120	0.03920	0.33063	0.11631	0.01131	0.00522	0.00168	0.00295	0.42140	0.00368	0.00347
17	0.01167	0.28445	0.12813	0.01031	0.08161	0.17890	0.04016	0.10181	0.07211	0.04415	0.00774	0.00850	0.00611	0.00395	0.00344	0.00107	0.00508	0.00294	0.00234	0.00554
18	0.00925	0.03409	0.04976	0.07344	0.01928	0.05743	0.61048	0.01223	0.00921	0.01209	0.00922	0.02800	0.03812	0.00392	0.00458	0.00131	0.01582	0.00460	0.00206	0.00512
19	0.00483	0.00345	0.00460	0.00552	0.00575	0.00322	0.00368	0.00552	0.00759	0.01012	0.02185	0.85807	0.02622	0.01242	0.00506	0.00161	0.00230	0.01127	0.00368	0.00322
20	0.10439	0.01258	0.16815	0.02292	0.01302	0.08019	0.03852	0.37223	0.01330	0.10833	0.00886	0.00926	0.00628	0.00439	0.00393	0.00121	0.01995	0.00330	0.00317	0.00601
21	0.01291	0.06157	0.01217	0.03994	0.02800	0.13942	0.06734	0.31603	0.06686	0.10254	0.01070	0.04979	0.02492	0.00501	0.00422	0.00121	0.03221	0.00396	0.01547	0.00573
22	0.01024	0.00850	0.00903	0.00805	0.01034	0.00976	0.00628	0.03562	0.78433	0.04657	0.01600	0.01465	0.01192	0.00535	0.00403	0.00134	0.00317	0.00445	0.00406	0.00630
23	0.00917	0.08179	0.28269	0.02743	0.01350	0.10247	0.05676	0.01176	0.03020	0.01086	0.00676	0.00911	0.00569	0.02351	0.03169	0.00157	0.28496	0.00325	0.00185	0.00497
24	0.00822	0.00705	0.00822	0.00587	0.00940	0.00529	0.00470	0.00998	0.00822	0.01292	0.00705	0.00822	0.00587	0.00294	0.00294	0.00059	0.00294	0.00235	0.00235	0.88490
25	0.00856	0.00850	0.01192	0.01025	0.01028	0.01187	0.00853	0.00945	0.00608	0.00953	0.00541	0.00894	0.00539	0.00782	0.04503	0.00191	0.82097	0.00350	0.00175	0.00431
26	0.00577	0.00384	0.00432	0.00432	0.00432	0.00384	0.00240	0.00577	0.00577	0.00769	0.01249	0.02595	0.01441	0.86066	0.02018	0.00384	0.00384	0.00577	0.00240	0.00240
27	0.00583	0.00412	0.00528	0.00495	0.00597	0.00376	0.00373	0.00761	0.01103	0.03564	0.74155	0.03000	0.10921	0.00820	0.00466	0.00125	0.00192	0.00720	0.00432	0.00378
28	0.00749	0.00705	0.01189	0.85113	0.02731	0.00881	0.01101	0.01013	0.00793	0.01013	0.00705	0.01057	0.00529	0.00396	0.00396	0.00132	0.00529	0.00352	0.00176	0.00440
29	0.00739	0.00370	0.00370	0.00370	0.00462	0.00370	0.00277	0.00924	0.00831	0.01478	0.01293	0.01478	0.01016	0.00462	0.00277	0.00092	0.00185	0.00370	0.88267	0.00370
30	0.00469	0.00402	0.00402	0.00402	0.00536	0.00335	0.00301	0.00569	0.00904	0.01071	0.04017	0.03816	0.83432	0.01004	0.00469	0.00134	0.00201	0.00837	0.00368	0.00335
31	0.00485	0.00372	0.00434	0.00481	0.00556	0.00330	0.00337	0.00573	0.00832	0.01063	0.04974	0.46328	0.37490	0.01110	0.00483	0.00147	0.00215	0.00973	0.02485	0.00330
32	0.00822	0.00705	0.00822	0.00587	0.00940	0.00529	0.00470	0.00998	0.00822	0.01292	0.00705	0.00822	0.00587	0.00294	0.00294	0.00059	0.00294	0.00235	0.00235	0.88490
33	0.01469	0.01865	0.01118	0.01016	0.01221	0.82464	0.00763	0.01596	0.03091	0.00987	0.00637	0.00733	0.00528	0.00412	0.00359	0.00103	0.00705	0.00260	0.00209	0.00464
34	0.03643	0.03222	0.00979	0.03924	0.01083	0.37737	0.02617	0.04092	0.07113	0.01117	0.01112	0.23225	0.01126	0.00655	0.00467	0.00128	0.06532	0.00516	0.00266	0.00443
35	0.00965	0.03836	0.21365	0.03466	0.23194	0.07362	0.04964	0.09410	0.04098	0.02529	0.08719	0.05125	0.01026	0.00480	0.00401	0.00123	0.00476	0.01651	0.00254	0.00555
36	0.00969	0.00931	0.01580	0.05136	0.77720	0.00951	0.01200	0.01200	0.00888	0.01273	0.00736	0.00979	0.00621	0.00368	0.00428	0.00120	0.03739	0.00353	0.00195	0.00614
37	0.00953	0.00838	0.01370	0.16721	0.40340	0.00869	0.07327	0.08343	0.00975	0.04060	0.01019	0.03018	0.02807	0.00471	0.00414	0.00128	0.00462	0.06971	0.02362	0.00552
38	0.01299	0.00744	0.00945	0.00710	0.01025	0.00657	0.02524	0.10352	0.01072	0.36179	0.02945	0.01114	0.00832	0.00421	0.00387	0.00099	0.02820	0.00337	0.00362	0.35176
39	0.12426	0.01245	0.02516	0.10936	0.23114	0.22243	0.05237	0.04300	0.01028	0.01404	0.00865	0.01160	0.00737	0.00527	0.00514	0.00152	0.07621	0.01926	0.01458	0.00588
40	0.00947	0.11263	0.05567	0.04903	0.23191	0.05349	0.04756	0.05754	0.15217	0.01327	0.02938	0.03054	0.05588	0.00526	0.00401	0.00126	0.00432	0.07848	0.00272	0.00541
41	0.00565	0.00383	0.00438	0.00448	0.00457	0.00378	0.00262	0.00579	0.00612	0.00811	0.01457	0.10113	0.04719	0.73497	0.01794	0.00351	0.00363	0.02260	0.00259	0.00254
42	0.01127	0.72935	0.01927	0.00733	0.01051	0.14699	0.00692	0.01250	0.00856	0.00939	0.00561	0.00649	0.00509	0.00350	0.00271	0.00088	0.00470	0.00219	0.00175	0.00501
43	0.00971	0.05511	0.01486	0.26273	0.43944	0.06873	0.03803	0.04248	0.00919	0.01215	0.00724	0.00968	0.00585	0.00373	0.00386	0.00120	0.00508	0.00343	0.00197	0.00554
44	0.02223	0.02217	0.04798	0.13743	0.32158	0.11733	0.07597	0.04434	0.04495	0.06176	0.02509	0.02521	0.00732	0.00410	0.00392	0.00120	0.00499	0.00369	0.00237	0.02637
45	0.00482	0.00347	0.00458	0.00546	0.00574	0.00323	0.00365	0.00553	0.00765	0.01014	0.02258	0.82537	0.05845	0.01233	0.00505	0.00160	0.00229	0.01116	0.00368	0.00323
46	0.00525	0.00404	0.00480	0.00461	0.00570	0.00359	0.00346	0.00678	0.01037	0.01387	0.52403	0.03295	0.34847	0.00886	0.00468	0.00128	0.00192	0.00764	0.00410	0.00359
47	0.00485	0.00346	0.00462	0.00551	0.00575	0.00323	0.00368	0.00556	0.00767	0.01024	0.03861	0.84098	0.02645	0.01233	0.00505	0.00160	0.00229	0.01119	0.00369	0.00323
48	0.06167	0.42575	0.13950	0.00898	0.04312	0.09652	0.00841	0.02326	0.00822	0.01073	0.00590	0.00728	0.00512	0.00411	0.00452	0.00110	0.13636	0.00257	0.00182	0.00506
49	0.01092	0.01173	0.02414	0.01755	0.02162	0.01086	0.80257	0.01378	0.01035	0.01418	0.00959	0.01282	0.00751	0.00440	0.00534	0.00162	0.00716	0.00517	0.00255	0.00615
50	0.00483	0.00345	0.00460	0.00552	0.00575	0.00322	0.00368	0.00552	0.00759	0.01012	0.02185	0.85807	0.02622	0.01242	0.00506	0.00161	0.00230	0.01127	0.00368	0.00322
51	0.00772	0.00725	0.01205	0.76816	0.07792	0.00889	0.01091	0.01066	0.03778	0.01054	0.00740	0.01068	0.00560	0.00399	0.00396	0.00131	0.00517	0.00356	0.00186	0.00459
52	0.00739	0.00370	0.00370	0.00370	0.00462	0.00370	0.00277	0.00924	0.00831	0.01478	0.01293	0.01478	0.01016	0.00462	0.00277	0.00092	0.00185	0.00370	0.88267	0.00370
53	0.01481	0.01890	0.01124	0.01021	0.01226	0.84474	0.00766	0.01583	0.01124	0.00970	0.00613	0.00715	0.00511	0.00409	0.00358	0.00102	0.00715	0.00255	0.00204	0.00460
54	0.88866	0.00767	0.00583	0.00521	0.00767	0.00889	0.00429	0.01166	0.00675	0.01779	0.00552	0.00644	0.00429	0.00368	0.00245	0.00123	0.00307	0.00215	0.00245	0.00429
55	0.00561	0.00405	0.00530	0.00499	0.00592	0.00374	0.00374	0.00748	0.01122	0.01590	0.83383	0.02962	0.03741	0.00811	0.00468	0.00125	0.00187	0.00717	0.00436	0.00374
56	0.00483	0.00345	0.00460	0.00552	0.00575	0.00322	0.00368	0.00552	0.00759	0.01012	0.02185	0.85807	0.02622	0.01242	0.00506	0.00161	0.00230	0.01127	0.00368	0.00322
57	0.00795	0.02051	0.84011	0.01130	0.01716	0.00921	0.01465	0.01256	0.00837	0.01256	0.00712	0.00837	0.00502	0.00377	0.00377	0.00126	0.00586	0.00293	0.00167	0.00586
58	0.88866	0.00767	0.00583	0.00521	0.00767	0.00889	0.00429	0.01166	0.00675	0.01779	0.00552	0.00644	0.00429	0.00368	0.00245	0.00123	0.00307	0.00215	0.00245	0.00429
59	0.00469	0.00402	0.00402	0.00402	0.00536	0.00335	0.00301	0.00569	0.00904	0.01071	0.04017	0.03816	0.83432	0.01004	0.00469	0.00134	0.00201	0.00837	0.00368	0.00335
60	0.00754	0.00710	0.01199	0.83116	0.04684	0.00882	0.01104	0.01018	0.00795	0.01020	0.00706	0.01055	0.00531	0.00395	0.00396	0.00132	0.00527	0.00352	0.00177	0.00445
61	0.00470	0.00396	0.00407	0.00416	0.00539	0.00334	0.00308	0.00567	0.00890	0.01065	0.03843	0.11598	0.75761	0.01027	0.00472	0.00136	0.00204	0.00864	0.00368	0.00334
62	0.01500	0.00738	0.00915	0.00734	0.01010	0.00719	0.00595	0.09367	0.19354	0.52831	0.06701	0.01443	0.01179	0.00520	0.00404	0.00125	0.00332	0.00426	0.00459	0.00645
63	0.00909	0.00817	0.01291	0.83189	0.02805	0.00967	0.01157	0.01127	0.00896	0.01167	0.00863	0.01270	0.00679	0.00501	0.00464	0.00161	0.00579	0.00404	0.00231	0.00523
64	0.01310	0.04992	0.27725	0.00941	0.03291	0.00931	0.00933	0.23042	0.04330	0.26953	0.01066	0.01044	0.00725	0.00442	0.00385	0.00121	0.00450	0.00346	0.00337	0.00636
65	0.88866	0.00767	0.00583	0.00521	0.00767	0.00889	0.00429	0.01166	0.00675	0.01779	0.00552	0.00644	0.00429	0.00368	0.00245	0.00123	0.00307	0.00215	0.00245	0.00429
66	0.00568	0.00417	0.00598	0.00598	0.00655	0.00474	0.00446	0.00683	0.00625	0.00891	0.01098	0.01759	0.01079	0.19081	0.68507	0.00588	0.00931	0.00454	0.00218	0.00332
67	0.00822	0.00705	0.00822	0.00587	0.00940	0.00529	0.00470	0.00998	0.00822	0.01292	0.00705	0.00822	0.00587	0.00294	0.00294	0.00059	0.00294	0.00235	0.00235	0.88490
68	0.01624	0.01973	0.01227	0.01121	0.01336	0.82548	0.00830	0.01683	0.01219	0.01126	0.00774	0.00936	0.00662	0.00513	0.00426	0.00131	0.00761	0.00309	0.00259	0.00542
69	0.00782	0.00739	0.01249	0.73311	0.14273	0.00890	0.01118	0.01042	0.00809	0.01053	0.00711	0.01046	0.00543	0.00390	0.00396	0.00130	0.00520	0.00352	0.00179	0.00467
70	0.00680	0.00528	0.00589	0.00609	0.00733	0.00462	0.00462	0.00758	0.01005	0.01274	0.08088	0.12057	0.51104	0.01126	0.00556	0.00175	0.00298	0.18646	0.00422	0.00428
71	0.00880	0.05394	0.04792	0.00663	0.00842	0.00651	0.02893	0.03942	0.14508	0.11711	0.04657	0.09893	0.04367	0.24016	0.00852	0.00198	0.00354	0.04129	0.00326	0.04932
72	0.00576	0.00386	0.00440	0.00440	0.00443	0.00389	0.00250	0.00582	0.00579	0.00775	0.01242	0.02555	0.01424	0.82868	0.05192	0.00394	0.00410	0.00571	0.00239	0.00245
73	0.02250	0.23352	0.13280	0.03487	0.26333	0.03325	0.09282	0.04132	0.00907	0.05712	0.00732	0.00885	0.00585	0.00379	0.00395	0.00114	0.03758	0.00318	0.00208	0.00566
74	0.00925	0.22262	0.46423	0.01074	0.04226	0.05865	0.06201	0.02430	0.02420	0.01180	0.00697	0.00826	0.00538	0.00415	0.01664	0.00123	0.01704	0.00291	0.00182	0.00555
75	0.00577	0.00384	0.00432	0.00432	0.00432	0.00384	0.00240	0.00577	0.00577	0.00769	0.01249	0.02595	0.01441	0.86066	0.02018	0.00384	0.00384	0.00577	0.00240	0.00240
76	0.03935	0.00513	0.00655	0.03821	0.02194	0.02219	0.03547	0.00836	0.00734	0.09417	0.02723	0.06294	0.08375	0.38311	0.13506	0.00316	0.00473	0.00549	0.01229	0.00354
77	0.03432	0.04189	0.14635	0.01367	0.07521	0.02001	0.36891	0.14283	0.02602	0.03164	0.00808	0.00979	0.00607	0.00388	0.00451	0.00127	0.04008	0.00386	0.00236	0.01926
78	0.00803	0.00772	0.01188	0.69367	0.02441	0.03695	0.02732	0.01127	0.07718	0.01069	0.00771	0.01072	0.00587	0.00422	0.00441	0.00133	0.04647	0.00359	0.00197	0.00459
79	0.00731	0.00544	0.00753	0.00746	0.00831	0.00591	0.00566	0.00829	0.00744	0.01077	0.01212	0.01758	0.01131	0.03016	0.82538	0.00654	0.01100	0.00475	0.00267	0.00439
80	0.05468	0.00993	0.03781	0.09797	0.22481	0.05510	0.04734	0.25454	0.01175	0.08532	0.00865	0.01028	0.00660	0.00474	0.00464	0.04364	0.02108	0.01257	0.00281	0.00574
81	0.00485	0.00395	0.00420	0.00428	0.00537	0.00340	0.00310	0.00582	0.00882	0.01084	0.09814	0.12673	0.62693	0.06873	0.00579	0.00153	0.00216	0.00841	0.00365	0.00330
82	0.00482	0.00351	0.00454	0.00537	0.00571	0.00323	0.00361	0.00554	0.00773	0.01018	0.02366	0.77716	0.10596	0.01219	0.00502	0.00158	0.00227	0.01099	0.00368	0.00323
83	0.03706	0.00922	0.00907	0.00775	0.00981	0.12743	0.00614	0.29358	0.04946	0.08891	0.05707	0.07341	0.01092	0.00831	0.09693	0.00179	0.02231	0.01898	0.06662	0.00525
84	0.01020	0.24644	0.05621	0.01264	0.27122	0.05507	0.00843	0.04854	0.02184	0.03254	0.02825	0.00906	0.00675	0.00383	0.00356	0.01552	0.00429	0.00297	0.00220	0.16044

[dist]
# distance from previous block
# <min> <max>
4	17

[block]
# block no. 3 follows, 68 sequences, length 18
# corresponding to MSA columns:
# 944-961
name=unknown_D
#
# <colnr> <probs for GDERKNQSTAVLIFYWHMCP>
#	G	D	E	R	K	N	Q	S	T	A	V	L	I	F	Y	W	H	M	C	P
0	0.01073	0.03171	0.02288	0.08771	0.15116	0.15120	0.00783	0.15068	0.04016	0.05731	0.04906	0.09324	0.03828	0.00564	0.00434	0.00124	0.03245	0.03191	0.00291	0.02956
1	0.02108	0.17416	0.04035	0.03200	0.02546	0.32200	0.04444	0.12060	0.05757	0.01225	0.00772	0.00977	0.00659	0.07879	0.00524	0.00133	0.03017	0.00317	0.00235	0.00497
2	0.10209	0.00774	0.02587	0.00859	0.08122	0.03063	0.01928	0.16927	0.05260	0.09514	0.01997	0.10641	0.03748	0.05941	0.08022	0.00188	0.00434	0.04296	0.00320	0.05168
3	0.00952	0.00946	0.01713	0.09438	0.60962	0.00948	0.16732	0.01209	0.00900	0.01266	0.00753	0.01005	0.00614	0.00353	0.00407	0.00122	0.00514	0.00375	0.00195	0.00594
4	0.02596	0.02614	0.10003	0.04927	0.19754	0.02778	0.16486	0.03203	0.17506	0.03921	0.01065	0.08468	0.00897	0.00489	0.00444	0.00131	0.03451	0.00449	0.00264	0.00557
5	0.03067	0.01369	0.01016	0.00919	0.02797	0.47114	0.01992	0.03827	0.12939	0.09857	0.05567	0.01210	0.05643	0.00491	0.00382	0.00114	0.00537	0.00364	0.00291	0.00505
6	0.00876	0.00659	0.07817	0.00546	0.00724	0.00588	0.00475	0.13229	0.06440	0.01624	0.01213	0.01343	0.00933	0.00462	0.00312	0.00102	0.00266	0.00366	0.61573	0.00451
7	0.00865	0.09134	0.57949	0.04506	0.01640	0.00996	0.06453	0.03739	0.08613	0.01294	0.00795	0.00907	0.00582	0.00390	0.00376	0.00123	0.00545	0.00316	0.00199	0.00577
8	0.00601	0.00520	0.00550	0.02373	0.00685	0.04997	0.00413	0.02060	0.04135	0.01075	0.03520	0.26122	0.36117	0.07439	0.01891	0.00169	0.03190	0.03449	0.00339	0.00356
9	0.00498	0.00391	0.00453	0.00483	0.00578	0.00346	0.00357	0.00607	0.00889	0.01124	0.12333	0.26432	0.45004	0.01056	0.00486	0.00145	0.00222	0.07883	0.00376	0.00338
10	0.00599	0.00383	0.00498	0.00547	0.00610	0.00349	0.00380	0.00685	0.00827	0.08270	0.06739	0.65229	0.11130	0.01128	0.00491	0.00153	0.00234	0.01011	0.00382	0.00357
11	0.02437	0.04786	0.01339	0.03134	0.22714	0.07550	0.04170	0.35862	0.05377	0.07373	0.00912	0.00983	0.00680	0.00428	0.00388	0.00118	0.00463	0.00352	0.00312	0.00622
12	0.08897	0.06752	0.06204	0.00796	0.01023	0.11642	0.00676	0.20273	0.06072	0.06080	0.01150	0.01289	0.07916	0.06317	0.02090	0.00151	0.10152	0.00382	0.01627	0.00509
13	0.00707	0.08023	0.04071	0.00607	0.00750	0.00584	0.00482	0.08089	0.05169	0.03899	0.05857	0.41623	0.16749	0.00936	0.00452	0.00140	0.00280	0.00815	0.00354	0.00412
14	0.06394	0.11567	0.06076	0.04303	0.16037	0.10174	0.08628	0.10503	0.00969	0.03084	0.00816	0.04431	0.00713	0.00482	0.00495	0.00126	0.11254	0.03189	0.00234	0.00525
15	0.00570	0.00470	0.00524	0.00601	0.00643	0.06690	0.00418	0.00650	0.00798	0.01022	0.02060	0.73292	0.02437	0.01168	0.00498	0.00158	0.00277	0.07032	0.00355	0.00336
16	0.01060	0.56713	0.04509	0.00718	0.01022	0.06173	0.00678	0.11258	0.00976	0.01185	0.05300	0.04365	0.03706	0.00447	0.00312	0.00098	0.00419	0.00322	0.00229	0.00508
17	0.01058	0.05507	0.06973	0.00926	0.08771	0.00881	0.01606	0.19683	0.11957	0.05081	0.01860	0.02589	0.00772	0.00419	0.00370	0.00102	0.01451	0.00338	0.00297	0.29361

[dist]
# distance from previous block
# <min> <max>
0	2

[block]
# block no. 4 follows, 68 sequences, length 70
# corresponding to MSA columns:
# 964-1033
name=unknown_E
#
# <colnr> <probs for GDERKNQSTAVLIFYWHMCP>
#	G	D	E	R	K	N	Q	S	T	A	V	L	I	F	Y	W	H	M	C	P
0	0.02237	0.16162	0.22697	0.00985	0.04305	0.14785	0.02079	0.14570	0.12317	0.04885	0.00867	0.00917	0.00655	0.00417	0.00360	0.00114	0.00501	0.00313	0.00259	0.00575
1	0.00724	0.09257	0.00801	0.00627	0.00766	0.00617	0.03338	0.04333	0.11205	0.03392	0.23612	0.28065	0.06379	0.02352	0.00468	0.00137	0.00276	0.00723	0.02504	0.00425
2	0.00569	0.00415	0.00587	0.00587	0.00641	0.00468	0.00433	0.00676	0.00622	0.00883	0.01108	0.01812	0.01102	0.23329	0.64290	0.00575	0.00896	0.00462	0.00219	0.00326
3	0.00964	0.00932	0.01556	0.11287	0.73572	0.02294	0.01197	0.01201	0.00895	0.01260	0.00739	0.00985	0.00615	0.00359	0.00392	0.00119	0.00481	0.00352	0.00194	0.00605
4	0.00528	0.00403	0.00479	0.00461	0.00566	0.00360	0.00342	0.00676	0.01022	0.01370	0.51199	0.03264	0.33060	0.03896	0.00523	0.00137	0.00199	0.00756	0.00404	0.00355
5	0.88866	0.00767	0.00583	0.00521	0.00767	0.00889	0.00429	0.01166	0.00675	0.01779	0.00552	0.00644	0.00429	0.00368	0.00245	0.00123	0.00307	0.00215	0.00245	0.00429
6	0.00918	0.00911	0.00801	0.00803	0.05056	0.21471	0.00569	0.08254	0.12594	0.01267	0.04465	0.23300	0.16460	0.00765	0.00431	0.00131	0.00386	0.00641	0.00328	0.00450
7	0.01076	0.00929	0.00945	0.00830	0.01066	0.04483	0.00650	0.12791	0.68664	0.01742	0.01484	0.01377	0.01110	0.00524	0.00401	0.00131	0.00347	0.00428	0.00394	0.00627
8	0.00981	0.00942	0.01609	0.02434	0.83592	0.00942	0.01217	0.01217	0.00903	0.01295	0.00746	0.00981	0.00628	0.00353	0.00393	0.00118	0.00471	0.00353	0.00196	0.00628
9	0.00491	0.00369	0.00456	0.00504	0.00567	0.00334	0.00351	0.00587	0.00854	0.01118	0.15370	0.51216	0.24117	0.01112	0.00490	0.00148	0.00216	0.00986	0.00379	0.00334
10	0.00573	0.00383	0.00434	0.00437	0.00438	0.00382	0.00246	0.00576	0.00584	0.00779	0.01288	0.06048	0.01490	0.82546	0.01955	0.00375	0.00378	0.00599	0.00246	0.00244
11	0.00574	0.00383	0.00433	0.00435	0.00436	0.00383	0.00243	0.00576	0.00581	0.00775	0.01272	0.04637	0.01470	0.83984	0.01981	0.00379	0.00381	0.00590	0.00243	0.00242
12	0.00935	0.00895	0.01525	0.18965	0.67424	0.00930	0.01194	0.01176	0.00881	0.01239	0.00738	0.00996	0.00608	0.00362	0.00393	0.00121	0.00483	0.00353	0.00192	0.00591
13	0.01626	0.01227	0.01034	0.00859	0.01124	0.35570	0.00677	0.10362	0.01208	0.40678	0.01103	0.01043	0.00753	0.00455	0.00381	0.00114	0.00505	0.00335	0.00361	0.00585
14	0.85516	0.00771	0.00601	0.00532	0.00780	0.00890	0.00438	0.02679	0.00706	0.03429	0.00580	0.00664	0.00445	0.00372	0.00251	0.00123	0.00310	0.00221	0.00253	0.00439
15	0.00568	0.00436	0.00555	0.00565	0.04034	0.00402	0.00399	0.00758	0.02797	0.01469	0.61352	0.03030	0.20499	0.00827	0.00463	0.00127	0.00204	0.00722	0.00411	0.00382
16	0.00483	0.00345	0.00460	0.00552	0.00575	0.00322	0.00368	0.00552	0.00759	0.01012	0.02185	0.85807	0.02622	0.01242	0.00506	0.00161	0.00230	0.01127	0.00368	0.00322
17	0.19397	0.00693	0.00852	0.00668	0.00963	0.00645	0.00552	0.01777	0.01042	0.67261	0.01359	0.01207	0.00870	0.00466	0.00368	0.00123	0.00331	0.00361	0.00441	0.00625
18	0.01030	0.16459	0.12609	0.02750	0.19194	0.13103	0.06642	0.09418	0.02223	0.01286	0.03239	0.01187	0.08290	0.00449	0.00376	0.00114	0.00490	0.00370	0.00234	0.00538
19	0.00491	0.00351	0.00466	0.00554	0.00582	0.00329	0.00375	0.00564	0.00765	0.01016	0.02203	0.79318	0.04278	0.02777	0.00535	0.00165	0.00238	0.04306	0.00366	0.00323
20	0.00795	0.02051	0.84011	0.01130	0.01716	0.00921	0.01465	0.01256	0.00837	0.01256	0.00712	0.00837	0.00502	0.00377	0.00377	0.00126	0.00586	0.00293	0.00167	0.00586
21	0.00968	0.07810	0.21021	0.04065	0.15396	0.02103	0.03788	0.08941	0.05078	0.08417	0.07703	0.07149	0.04812	0.00520	0.00399	0.00124	0.00433	0.00444	0.00280	0.00550
22	0.00759	0.01963	0.08993	0.10070	0.18678	0.00734	0.17260	0.00989	0.00868	0.01184	0.04540	0.20530	0.03924	0.00655	0.00448	0.00139	0.00444	0.07090	0.00259	0.00475
23	0.00847	0.00805	0.01357	0.42947	0.40691	0.00889	0.01125	0.01092	0.00849	0.01148	0.00852	0.01128	0.03771	0.00400	0.00397	0.00125	0.00489	0.00371	0.00193	0.00525
24	0.00952	0.35898	0.37762	0.00947	0.01389	0.01182	0.06102	0.01306	0.06431	0.03533	0.00738	0.00829	0.00573	0.00373	0.00335	0.00110	0.00500	0.00285	0.00196	0.00557
25	0.02089	0.06906	0.10489	0.06263	0.06827	0.04764	0.08838	0.08585	0.02171	0.10457	0.05388	0.14098	0.04288	0.00592	0.00408	0.00127	0.00417	0.02359	0.04429	0.00504
26	0.00938	0.02328	0.01236	0.13153	0.33632	0.00841	0.04482	0.08173	0.07306	0.04870	0.04137	0.05579	0.07683	0.00506	0.00406	0.00124	0.00412	0.00457	0.03190	0.00545
27	0.00487	0.00367	0.00452	0.00509	0.00569	0.00331	0.00354	0.00575	0.00828	0.01073	0.08538	0.55904	0.25071	0.01143	0.00494	0.00151	0.00221	0.02231	0.00373	0.00330
28	0.01144	0.05797	0.01264	0.10990	0.26512	0.11564	0.00884	0.14799	0.06970	0.07792	0.00944	0.01180	0.00762	0.03317	0.00442	0.00128	0.00469	0.03222	0.01256	0.00564
29	0.03287	0.06618	0.06425	0.06581	0.07917	0.11378	0.07052	0.15932	0.11158	0.10479	0.01025	0.02402	0.01584	0.00552	0.03441	0.00141	0.01714	0.01456	0.00294	0.00562
30	0.00636	0.00491	0.00551	0.00531	0.00665	0.00473	0.00410	0.03734	0.08050	0.04299	0.09534	0.09221	0.47807	0.02218	0.00516	0.00143	0.02912	0.07042	0.00374	0.00391
31	0.00643	0.00463	0.00540	0.00530	0.00625	0.00451	0.00388	0.04326	0.05548	0.03271	0.16592	0.09316	0.21525	0.23543	0.00884	0.00206	0.00289	0.10150	0.00352	0.00359
32	0.04565	0.00790	0.02845	0.00724	0.00939	0.00844	0.00579	0.10912	0.46920	0.01656	0.10938	0.03276	0.12085	0.00623	0.00413	0.00131	0.00304	0.00516	0.00389	0.00552
33	0.04687	0.17313	0.09699	0.10402	0.21876	0.09328	0.03371	0.06184	0.02058	0.01211	0.00776	0.04663	0.00677	0.01972	0.00440	0.03786	0.00481	0.00347	0.00212	0.00516
34	0.00530	0.00372	0.00452	0.00493	0.00519	0.00356	0.00316	0.00579	0.00708	0.00936	0.04632	0.37918	0.08310	0.38085	0.01161	0.00256	0.00298	0.03474	0.00315	0.00291
35	0.01138	0.01336	0.03343	0.01315	0.05356	0.32404	0.35203	0.01415	0.05693	0.02833	0.04261	0.01074	0.01930	0.00408	0.00416	0.00120	0.00622	0.00392	0.00231	0.00510
36	0.01573	0.00867	0.01086	0.04478	0.06861	0.00876	0.00716	0.33613	0.01393	0.42496	0.01229	0.01155	0.00816	0.00471	0.00397	0.00121	0.00394	0.00377	0.00420	0.00661
37	0.00746	0.00610	0.00758	0.09145	0.06096	0.03769	0.01540	0.02202	0.07317	0.06109	0.19384	0.08200	0.26201	0.00761	0.00483	0.00133	0.04090	0.01680	0.00346	0.00431
38	0.00796	0.00507	0.00580	0.00518	0.00686	0.00459	0.00402	0.07678	0.01059	0.15379	0.17486	0.05208	0.46035	0.00844	0.00452	0.00130	0.00242	0.00708	0.00404	0.00428
39	0.00827	0.00784	0.01239	0.67364	0.10031	0.03058	0.02305	0.04099	0.02345	0.01108	0.00729	0.01041	0.00556	0.00404	0.00418	0.00131	0.02545	0.00353	0.00191	0.00472
40	0.83137	0.00783	0.00619	0.00544	0.00794	0.00902	0.00448	0.05331	0.00742	0.02998	0.00587	0.00670	0.00450	0.00375	0.00255	0.00122	0.00314	0.00225	0.00257	0.00445
41	0.02075	0.04478	0.01064	0.02215	0.16597	0.17633	0.04337	0.07622	0.02072	0.01255	0.04832	0.03136	0.03591	0.06167	0.06164	0.02038	0.02576	0.02008	0.09675	0.00466
42	0.02048	0.00611	0.00756	0.00741	0.04245	0.03701	0.05132	0.07372	0.06809	0.06952	0.02152	0.33079	0.18970	0.02181	0.00483	0.00145	0.00315	0.03520	0.00355	0.00431
43	0.00922	0.00630	0.00890	0.03600	0.07785	0.00612	0.06667	0.04796	0.09057	0.16832	0.22378	0.08754	0.14030	0.00685	0.00440	0.00130	0.00315	0.00605	0.00380	0.00494
44	0.00749	0.00705	0.01189	0.85113	0.02731	0.00881	0.01101	0.01013	0.00793	0.01013	0.00705	0.01057	0.00529	0.00396	0.00396	0.00132	0.00529	0.00352	0.00176	0.00440
45	0.06410	0.02957	0.01179	0.17539	0.23615	0.00870	0.03799	0.11831	0.06193	0.07184	0.01087	0.08372	0.02878	0.00495	0.00392	0.00125	0.00416	0.00434	0.03686	0.00539
46	0.01013	0.03228	0.17901	0.05226	0.07064	0.09443	0.01932	0.14297	0.05545	0.06221	0.02887	0.07896	0.03268	0.01782	0.02543	0.00144	0.01727	0.05430	0.00286	0.02167
47	0.00603	0.00458	0.00528	0.00531	0.00634	0.00445	0.00391	0.00832	0.11224	0.02750	0.11941	0.16731	0.29586	0.12188	0.02754	0.00186	0.00280	0.07205	0.00362	0.00371
48	0.02085	0.02234	0.06900	0.05496	0.22933	0.13578	0.10582	0.04903	0.11605	0.04242	0.04923	0.04841	0.02962	0.00473	0.00404	0.00123	0.00482	0.00421	0.00264	0.00546
49	0.04924	0.03507	0.05365	0.04899	0.17822	0.12205	0.12408	0.09193	0.03448	0.05141	0.00946	0.04835	0.01981	0.00616	0.05339	0.00155	0.04619	0.01820	0.00250	0.00529
50	0.00986	0.01104	0.11693	0.06112	0.25778	0.04068	0.22274	0.01277	0.03777	0.06219	0.00799	0.01005	0.00623	0.00417	0.00533	0.00132	0.12052	0.00377	0.00215	0.00559
51	0.00513	0.00419	0.00576	0.00577	0.00668	0.00377	0.06263	0.00613	0.00826	0.01057	0.03954	0.48190	0.31182	0.02209	0.00509	0.00152	0.00253	0.00963	0.00355	0.00342
52	0.01054	0.00980	0.06762	0.13944	0.20987	0.04411	0.16749	0.06677	0.00972	0.12019	0.00922	0.01204	0.00724	0.00501	0.02558	0.00142	0.04516	0.04070	0.00251	0.00553
53	0.00895	0.02130	0.15799	0.13898	0.51944	0.00911	0.02355	0.01168	0.00876	0.01239	0.01920	0.02183	0.02142	0.00393	0.00394	0.00122	0.00490	0.00367	0.00197	0.00578
54	0.00599	0.00456	0.00574	0.00622	0.03570	0.00446	0.00437	0.03759	0.00864	0.03183	0.04702	0.39164	0.27072	0.02155	0.02302	0.00162	0.04611	0.04600	0.00353	0.00368
55	0.00927	0.01002	0.05702	0.18429	0.11478	0.02428	0.41685	0.01232	0.02462	0.04122	0.00805	0.01059	0.00614	0.00432	0.02221	0.00142	0.04118	0.00411	0.00207	0.00526
56	0.01648	0.00873	0.01012	0.00824	0.03353	0.07232	0.00652	0.20516	0.01288	0.54736	0.01317	0.01202	0.00864	0.00523	0.01961	0.00130	0.00407	0.00377	0.00433	0.00651
57	0.02704	0.00825	0.00979	0.00771	0.01055	0.00835	0.00629	0.31687	0.06891	0.39948	0.05418	0.04266	0.01070	0.00529	0.00403	0.00124	0.00361	0.00426	0.00440	0.00641
58	0.00892	0.00933	0.03467	0.24418	0.23719	0.00933	0.32143	0.03165	0.00903	0.01228	0.00812	0.04065	0.00661	0.00393	0.00426	0.00129	0.00555	0.00423	0.00203	0.00531
59	0.00604	0.00456	0.02261	0.00521	0.00638	0.00395	0.00404	0.02131	0.01012	0.05021	0.41206	0.15548	0.23271	0.00907	0.00471	0.00135	0.00223	0.04016	0.00402	0.00379
60	0.00481	0.00384	0.00432	0.00459	0.00553	0.00334	0.00329	0.00579	0.00875	0.01096	0.10195	0.30378	0.50379	0.01065	0.00481	0.00142	0.00209	0.00921	0.00374	0.00334
61	0.25744	0.00766	0.00931	0.00883	0.09432	0.00785	0.03499	0.12958	0.01039	0.26304	0.01188	0.06781	0.01967	0.00528	0.00375	0.00128	0.00361	0.05430	0.00351	0.00550
62	0.03683	0.01045	0.07347	0.14753	0.26461	0.08910	0.05526	0.07574	0.08456	0.02897	0.05410	0.01107	0.00816	0.00434	0.00430	0.00124	0.03858	0.00371	0.00246	0.00550
63	0.01254	0.02646	0.01041	0.00887	0.01123	0.28345	0.02690	0.07223	0.37301	0.09686	0.02928	0.01187	0.00949	0.00484	0.00388	0.00121	0.00464	0.00376	0.00338	0.00571
64	0.00574	0.00393	0.00465	0.00483	0.00505	0.00388	0.00311	0.00614	0.00667	0.00884	0.04436	0.08867	0.04679	0.62241	0.01597	0.00322	0.00357	0.11666	0.00278	0.00271
65	0.00979	0.02052	0.09220	0.22589	0.24702	0.06179	0.09739	0.03062	0.05937	0.02240	0.05039	0.02644	0.02812	0.00480	0.00433	0.00137	0.00518	0.00422	0.00251	0.00565
66	0.00897	0.03813	0.03435	0.03783	0.14230	0.02324	0.06186	0.06475	0.14452	0.06425	0.09557	0.14882	0.05380	0.04182	0.00507	0.00142	0.01941	0.00562	0.00320	0.00505
67	0.00588	0.00446	0.00629	0.00628	0.00695	0.00502	0.00479	0.02729	0.00722	0.01016	0.06210	0.14299	0.03531	0.05302	0.55369	0.00476	0.04314	0.01450	0.00259	0.00357
68	0.01239	0.20713	0.04031	0.02807	0.01222	0.35169	0.05443	0.09236	0.01043	0.04604	0.00741	0.02926	0.00624	0.00537	0.03848	0.00131	0.04651	0.00310	0.00228	0.00500
69	0.04851	0.03353	0.25325	0.12769	0.16193	0.03587	0.09671	0.03550	0.06263	0.02433	0.00848	0.02560	0.01641	0.00425	0.00436	0.00128	0.04845	0.00362	0.00215	0.00546

[dist]
# distance from previous block
# <min> <max>
0	7

[block]
# block no. 5 follows, 68 sequences, length 18
# corresponding to MSA columns:
# 1041-1058
name=unknown_F
#
# <colnr> <probs for GDERKNQSTAVLIFYWHMCP>
#	G	D	E	R	K	N	Q	S	T	A	V	L	I	F	Y	W	H	M	C	P
0	0.08625	0.11011	0.20627	0.03490	0.11079	0.18174	0.05565	0.10638	0.04791	0.01366	0.00738	0.00852	0.00572	0.00392	0.00359	0.00115	0.00530	0.00303	0.00225	0.00548
1	0.01279	0.43051	0.01600	0.00838	0.01125	0.31725	0.00721	0.13226	0.01077	0.01176	0.00632	0.00711	0.00534	0.00385	0.00313	0.00096	0.00532	0.00249	0.00216	0.00515
2	0.02580	0.02012	0.05106	0.00682	0.02805	0.02232	0.00558	0.02093	0.00847	0.03426	0.03116	0.02919	0.00734	0.00415	0.02109	0.00088	0.02620	0.00288	0.00245	0.65127
3	0.00689	0.00344	0.00517	0.00517	0.00517	0.00344	0.00344	0.00517	0.00517	0.00689	0.00689	0.01205	0.00689	0.01377	0.01550	0.88464	0.00344	0.00344	0.00172	0.00172
4	0.00588	0.00397	0.00516	0.00531	0.00562	0.00411	0.00367	0.00633	0.00647	0.00877	0.03361	0.06456	0.01475	0.41919	0.20635	0.09470	0.00521	0.10100	0.00253	0.00282
5	0.01184	0.06133	0.03082	0.10296	0.30544	0.27260	0.00957	0.07107	0.02278	0.05052	0.00774	0.00958	0.00625	0.00404	0.00377	0.00114	0.00541	0.01538	0.00228	0.00549
6	0.00494	0.00355	0.00471	0.00554	0.00587	0.00332	0.00380	0.00576	0.00789	0.01052	0.06472	0.75426	0.04773	0.01206	0.00505	0.00159	0.00234	0.04937	0.00371	0.00327
7	0.00621	0.00416	0.00536	0.00524	0.00585	0.00429	0.00367	0.00703	0.00695	0.05153	0.06477	0.03765	0.09257	0.36498	0.31809	0.00420	0.00597	0.00555	0.00269	0.00323
8	0.00768	0.00599	0.00713	0.00681	0.03385	0.03051	0.02754	0.10687	0.06155	0.03534	0.19775	0.11791	0.17785	0.05431	0.04073	0.00167	0.00332	0.05059	0.02835	0.00427
9	0.00997	0.07221	0.01548	0.14421	0.26860	0.05304	0.15121	0.01283	0.06909	0.05422	0.00808	0.01012	0.00642	0.00418	0.00500	0.00127	0.10275	0.00366	0.00220	0.00546
10	0.00515	0.00390	0.00475	0.00505	0.00587	0.00354	0.00371	0.00631	0.00900	0.01175	0.21506	0.28869	0.29212	0.03733	0.00537	0.00153	0.00229	0.09136	0.00380	0.00340
11	0.00934	0.00894	0.01524	0.10216	0.62037	0.00913	0.06371	0.01217	0.05078	0.01274	0.00862	0.03809	0.00742	0.00408	0.00405	0.00124	0.00472	0.01919	0.00214	0.00589
12	0.00822	0.00705	0.00822	0.00587	0.00940	0.00529	0.00470	0.00998	0.00822	0.01292	0.00705	0.00822	0.00587	0.00294	0.00294	0.00059	0.00294	0.00235	0.00235	0.88490
13	0.00572	0.00408	0.00545	0.05756	0.00745	0.00405	0.00437	0.00706	0.04558	0.03367	0.01992	0.65406	0.02297	0.06077	0.00582	0.00171	0.00271	0.05001	0.00354	0.00351
14	0.00483	0.00356	0.00452	0.00526	0.00569	0.00326	0.00357	0.00560	0.00793	0.01038	0.04800	0.69886	0.16021	0.01191	0.00499	0.00156	0.00224	0.01067	0.00370	0.00326
15	0.05154	0.11529	0.27183	0.00855	0.01215	0.06155	0.00881	0.12479	0.02423	0.14353	0.04745	0.01331	0.04842	0.00495	0.00379	0.00121	0.00450	0.04563	0.00292	0.00555
16	0.05690	0.20799	0.09788	0.00817	0.01130	0.08300	0.00744	0.27337	0.07816	0.05942	0.04840	0.01071	0.03152	0.00459	0.00357	0.00113	0.00433	0.00341	0.00303	0.00569
17	0.01361	0.01135	0.09406	0.00941	0.01275	0.01104	0.05046	0.56981	0.07160	0.07438	0.03453	0.01068	0.00801	0.00474	0.00401	0.00122	0.00441	0.00376	0.00371	0.00646

[dist]
