[name]
unknown

[dist]
# distance from previous block
# <min> <max>
2	3

[block]
# block no. 0 follows, 67 sequences, length 31
# corresponding to MSA columns:
# 3-33
name=unknown_A
#
# <colnr> <probs for GDERKNQSTAVLIFYWHMCP>
#	G	D	E	R	K	N	Q	S	T	A	V	L	I	F	Y	W	H	M	C	P
0	0.00808	0.02049	0.81751	0.01157	0.01745	0.00934	0.03533	0.01270	0.00849	0.01270	0.00722	0.00853	0.00511	0.00380	0.00383	0.00127	0.00595	0.00301	0.00170	0.00591
1	0.00588	0.00496	0.00524	0.00503	0.00651	0.00477	0.00383	0.00900	0.16901	0.01237	0.09925	0.03241	0.57624	0.00983	0.03632	0.00154	0.00257	0.00744	0.00379	0.00400
2	0.00487	0.00401	0.00429	0.00435	0.00553	0.00342	0.00321	0.00597	0.00927	0.01144	0.13881	0.12415	0.64647	0.01016	0.00478	0.00137	0.00205	0.00862	0.00381	0.00342
3	0.01074	0.00899	0.00950	0.00832	0.01072	0.01033	0.00653	0.13689	0.70997	0.01801	0.01536	0.01419	0.01146	0.00535	0.00407	0.00134	0.00335	0.00440	0.00407	0.00642
4	0.00490	0.00371	0.00443	0.00498	0.00558	0.00334	0.00340	0.00566	0.00805	0.01027	0.02782	0.51899	0.30248	0.06942	0.00603	0.00169	0.00233	0.01001	0.00364	0.00325
5	0.00984	0.01080	0.02262	0.01624	0.02015	0.01035	0.74647	0.06775	0.01003	0.01362	0.00815	0.01069	0.00612	0.00356	0.00487	0.00135	0.02511	0.00463	0.00216	0.00548
6	0.01119	0.00557	0.00714	0.00606	0.00805	0.00505	0.00478	0.03347	0.03988	0.36736	0.28286	0.06872	0.12861	0.00713	0.00441	0.00129	0.00270	0.00607	0.00450	0.00517
7	0.88738	0.00776	0.00589	0.00527	0.00776	0.00900	0.00434	0.01179	0.00683	0.01799	0.00558	0.00651	0.00434	0.00372	0.00248	0.00124	0.00310	0.00217	0.00248	0.00434
8	0.00947	0.01082	0.02366	0.01690	0.02096	0.01014	0.81947	0.01285	0.00947	0.01285	0.00811	0.01082	0.00609	0.00338	0.00473	0.00135	0.00676	0.00473	0.00203	0.00541
9	0.00748	0.00374	0.00374	0.00374	0.00467	0.00374	0.00280	0.00934	0.00841	0.01495	0.01308	0.01495	0.01028	0.00467	0.00280	0.00093	0.00187	0.00374	0.88132	0.00374
10	0.88738	0.00776	0.00589	0.00527	0.00776	0.00900	0.00434	0.01179	0.00683	0.01799	0.00558	0.00651	0.00434	0.00372	0.00248	0.00124	0.00310	0.00217	0.00248	0.00434
11	0.01498	0.01911	0.01137	0.01033	0.01240	0.84295	0.00775	0.01601	0.01137	0.00982	0.00620	0.00723	0.00517	0.00413	0.00362	0.00103	0.00723	0.00258	0.00207	0.00465
12	0.00935	0.01039	0.02126	0.01600	0.04976	0.01052	0.63728	0.01223	0.00883	0.01226	0.00756	0.01040	0.00594	0.00407	0.00628	0.00142	0.16475	0.00446	0.00198	0.00525
13	0.00553	0.00409	0.00516	0.00489	0.00590	0.00372	0.00367	0.00728	0.01101	0.01526	0.70802	0.03131	0.16226	0.00851	0.00473	0.00128	0.00191	0.00744	0.00431	0.00372
14	0.85259	0.00772	0.00603	0.00535	0.00786	0.00887	0.00441	0.01210	0.00701	0.05076	0.00599	0.00680	0.00457	0.00377	0.00254	0.00124	0.00311	0.00225	0.00258	0.00444
15	0.00864	0.00913	0.09425	0.05323	0.26455	0.00798	0.15339	0.05766	0.02268	0.02791	0.01202	0.19537	0.02681	0.04189	0.00506	0.00145	0.00457	0.00564	0.00259	0.00520
16	0.00886	0.00996	0.05654	0.02997	0.05658	0.00919	0.54541	0.02547	0.01942	0.01245	0.02789	0.04296	0.00831	0.07354	0.01961	0.00165	0.04001	0.00489	0.00221	0.00507
17	0.00568	0.00399	0.00517	0.00528	0.00557	0.00423	0.00353	0.00629	0.00627	0.00863	0.01304	0.11940	0.01430	0.45454	0.32191	0.00457	0.00623	0.00592	0.00248	0.00295
18	0.00697	0.00348	0.00522	0.00522	0.00522	0.00348	0.00348	0.00522	0.00522	0.00697	0.00697	0.01219	0.00697	0.01393	0.01567	0.88332	0.00348	0.00348	0.00174	0.00174
19	0.03837	0.01292	0.06576	0.01107	0.03708	0.16249	0.13918	0.43370	0.01452	0.01887	0.00864	0.02311	0.00653	0.00446	0.00402	0.00121	0.00534	0.00365	0.00309	0.00600
20	0.00940	0.01069	0.02325	0.04633	0.02120	0.01010	0.79090	0.01275	0.00941	0.01275	0.00808	0.01081	0.00606	0.00340	0.00471	0.00135	0.00671	0.00469	0.00202	0.00538
21	0.00501	0.00364	0.00476	0.00559	0.00599	0.00339	0.00389	0.00585	0.00799	0.01053	0.03754	0.70805	0.09420	0.01217	0.00511	0.00162	0.00240	0.07522	0.00373	0.00331
22	0.01360	0.00591	0.00740	0.00607	0.00833	0.00544	0.00488	0.06499	0.01074	0.47194	0.01555	0.05973	0.03097	0.00540	0.00373	0.00117	0.00291	0.00442	0.27120	0.00561
23	0.01006	0.03860	0.02813	0.09047	0.28935	0.05339	0.03596	0.07705	0.07019	0.07884	0.01258	0.10619	0.05884	0.02708	0.00454	0.00134	0.00431	0.00482	0.00282	0.00546
24	0.00804	0.02074	0.83828	0.01143	0.01736	0.00931	0.01482	0.01270	0.00847	0.01270	0.00720	0.00847	0.00508	0.00381	0.00381	0.00127	0.00593	0.00296	0.00169	0.00593
25	0.00877	0.00877	0.01228	0.01053	0.01053	0.01228	0.00877	0.00965	0.00614	0.00965	0.00526	0.00877	0.00526	0.00702	0.01316	0.00175	0.85172	0.00351	0.00175	0.00439
26	0.70215	0.00804	0.02251	0.02004	0.00875	0.02303	0.00496	0.01309	0.00770	0.14797	0.00728	0.00777	0.00528	0.00393	0.00280	0.00124	0.00332	0.00251	0.00284	0.00478
27	0.00475	0.00401	0.00412	0.00420	0.00545	0.00337	0.00311	0.00574	0.00901	0.01078	0.03897	0.11183	0.76025	0.01037	0.00477	0.00138	0.00206	0.00873	0.00372	0.00337
28	0.28620	0.05766	0.02705	0.03256	0.03379	0.09300	0.09724	0.16055	0.02430	0.06541	0.00898	0.07997	0.00755	0.00476	0.00358	0.00124	0.00435	0.00378	0.00286	0.00517
29	0.01151	0.00851	0.01023	0.06163	0.10538	0.06413	0.01840	0.11614	0.10644	0.17476	0.07219	0.03907	0.02443	0.00490	0.00391	0.00114	0.00384	0.00411	0.00339	0.16588
30	0.01114	0.75078	0.03881	0.00726	0.01069	0.04493	0.00713	0.07053	0.00904	0.01067	0.00593	0.00674	0.00527	0.00356	0.00274	0.00090	0.00444	0.00228	0.00189	0.00527

[dist]
# distance from previous block
# <min> <max>
12	45

[block]
# block no. 1 follows, 67 sequences, length 11
# corresponding to MSA columns:
# 80-90
name=unknown_B
#
# <colnr> <probs for GDERKNQSTAVLIFYWHMCP>
#	G	D	E	R	K	N	Q	S	T	A	V	L	I	F	Y	W	H	M	C	P
0	0.00941	0.00796	0.00942	0.00893	0.09853	0.00783	0.00627	0.01551	0.37541	0.03838	0.01248	0.01247	0.03210	0.00440	0.00366	0.00104	0.00324	0.00369	0.00321	0.34606
1	0.04485	0.14655	0.20102	0.05221	0.07070	0.24450	0.03980	0.01401	0.07845	0.02995	0.02216	0.02375	0.00688	0.00421	0.00363	0.00115	0.00543	0.00321	0.00223	0.00529
2	0.00637	0.00511	0.00604	0.00549	0.00712	0.00452	0.00411	0.00862	0.07840	0.01317	0.23656	0.20784	0.16278	0.00794	0.00432	0.00120	0.00240	0.00691	0.00360	0.22751
3	0.00582	0.00392	0.00453	0.00453	0.00459	0.00397	0.00263	0.00593	0.00588	0.00789	0.01249	0.02544	0.01423	0.79509	0.08389	0.00409	0.00442	0.00571	0.00241	0.00252
4	0.00582	0.00392	0.00452	0.00452	0.00458	0.00397	0.00262	0.00593	0.00588	0.00789	0.01250	0.02548	0.01425	0.79874	0.08028	0.00407	0.00439	0.00572	0.00241	0.00251
5	0.00984	0.00935	0.01298	0.17820	0.21566	0.06614	0.08122	0.07202	0.20239	0.01369	0.00980	0.01150	0.00769	0.00611	0.06139	0.00164	0.02831	0.00388	0.00260	0.00557
6	0.00843	0.04325	0.11662	0.06822	0.05603	0.00842	0.27586	0.06682	0.00931	0.01287	0.04767	0.12983	0.01076	0.01870	0.06573	0.00173	0.01795	0.00517	0.03168	0.00493
7	0.04785	0.01425	0.03847	0.00939	0.01190	0.38051	0.00756	0.28161	0.03543	0.04889	0.00894	0.00954	0.02735	0.00519	0.02104	0.00127	0.03917	0.00325	0.00292	0.00547
8	0.05296	0.42469	0.09300	0.00826	0.01172	0.02994	0.03972	0.20580	0.03185	0.04007	0.00771	0.02398	0.00627	0.00409	0.00327	0.00106	0.00448	0.00298	0.00252	0.00563
9	0.01260	0.11816	0.02771	0.08182	0.01429	0.22113	0.10485	0.26794	0.05399	0.01540	0.00812	0.00936	0.00632	0.01779	0.00427	0.00121	0.02343	0.00337	0.00270	0.00554
10	0.07220	0.04176	0.01128	0.05651	0.05112	0.52330	0.00771	0.06141	0.05643	0.01179	0.00720	0.00847	0.00589	0.00541	0.04197	0.00136	0.02611	0.00291	0.00229	0.00488

[dist]
# distance from previous block
# <min> <max>
0	1

[block]
# block no. 2 follows, 67 sequences, length 17
# corresponding to MSA columns:
# 92-108
name=unknown_C
#
# <colnr> <probs for GDERKNQSTAVLIFYWHMCP>
#	G	D	E	R	K	N	Q	S	T	A	V	L	I	F	Y	W	H	M	C	P
0	0.00863	0.00819	0.01253	0.54112	0.19962	0.03752	0.01066	0.03074	0.06892	0.01170	0.00869	0.01133	0.02497	0.00418	0.00401	0.00129	0.00503	0.00372	0.00210	0.00504
1	0.00576	0.00419	0.00589	0.00589	0.00642	0.00471	0.00432	0.00681	0.00628	0.00890	0.01125	0.01855	0.01124	0.25131	0.62359	0.00576	0.00891	0.00471	0.00222	0.00327
2	0.00944	0.00809	0.00859	0.00776	0.00989	0.00925	0.00602	0.01965	0.73267	0.01649	0.07932	0.01703	0.04638	0.00584	0.00416	0.00135	0.00303	0.00490	0.00409	0.00604
3	0.00832	0.00713	0.00832	0.00594	0.00950	0.00535	0.00475	0.01010	0.00832	0.01307	0.00713	0.00832	0.00594	0.00297	0.00297	0.00059	0.00297	0.00238	0.00238	0.88357
4	0.00769	0.00724	0.01223	0.80983	0.06633	0.00894	0.01119	0.01035	0.00807	0.01038	0.00715	0.01066	0.00539	0.00399	0.00401	0.00133	0.00532	0.00356	0.00179	0.00455
5	0.01707	0.00777	0.00983	0.00759	0.01068	0.00737	0.00625	0.17665	0.05191	0.63854	0.01463	0.01292	0.00943	0.00496	0.00403	0.00124	0.00360	0.00397	0.00474	0.00680
6	0.00493	0.00386	0.00447	0.00477	0.00565	0.00340	0.00341	0.00596	0.00892	0.01139	0.15036	0.34085	0.41623	0.01076	0.00488	0.00144	0.00212	0.00938	0.00383	0.00340
7	0.00532	0.00380	0.00515	0.00608	0.00650	0.00363	0.00447	0.00633	0.00810	0.01072	0.02187	0.63422	0.02558	0.01216	0.00523	0.00169	0.00270	0.22936	0.00371	0.00338
8	0.00522	0.00400	0.00464	0.00484	0.00570	0.00363	0.00351	0.00622	0.00861	0.01098	0.12732	0.17819	0.38225	0.13829	0.02493	0.00192	0.00268	0.08019	0.00358	0.00330
9	0.01072	0.86147	0.02102	0.00686	0.01029	0.01587	0.00686	0.01201	0.00815	0.00944	0.00558	0.00643	0.00515	0.00343	0.00257	0.00086	0.00429	0.00214	0.00172	0.00515
10	0.00710	0.00518	0.00637	0.00660	0.00753	0.00529	0.00495	0.14555	0.03778	0.01333	0.01963	0.54339	0.02208	0.01074	0.00497	0.00158	0.00295	0.14714	0.00378	0.00405
11	0.00804	0.02074	0.83828	0.01143	0.01736	0.00931	0.01482	0.01270	0.00847	0.01270	0.00720	0.00847	0.00508	0.00381	0.00381	0.00127	0.00593	0.00296	0.00169	0.00593
12	0.00832	0.00713	0.00832	0.00594	0.00950	0.00535	0.00475	0.01010	0.00832	0.01307	0.00713	0.00832	0.00594	0.00297	0.00297	0.00059	0.00297	0.00238	0.00238	0.88357
13	0.08201	0.01009	0.01171	0.14021	0.06107	0.01126	0.00813	0.56112	0.01545	0.04650	0.00900	0.00969	0.00647	0.00454	0.00389	0.00123	0.00444	0.00350	0.00346	0.00623
14	0.00792	0.00473	0.00612	0.00545	0.00683	0.00433	0.00419	0.02957	0.01144	0.15290	0.63369	0.02719	0.07441	0.00768	0.00460	0.00126	0.00222	0.00669	0.00446	0.00435
15	0.00491	0.00405	0.00431	0.00428	0.00553	0.00345	0.00320	0.00607	0.00949	0.01175	0.18158	0.06187	0.66586	0.00988	0.00475	0.00135	0.00202	0.00834	0.00385	0.00345
16	0.10348	0.01138	0.01151	0.00937	0.01197	0.22580	0.09765	0.12675	0.08888	0.20132	0.01004	0.01050	0.00734	0.02020	0.00458	0.00128	0.04559	0.00354	0.00321	0.00560

[dist]
# distance from previous block
# <min> <max>
11	15

[block]
# block no. 3 follows, 67 sequences, length 7
# corresponding to MSA columns:
# 125-131
name=unknown_D
#
# <colnr> <probs for GDERKNQSTAVLIFYWHMCP>
#	G	D	E	R	K	N	Q	S	T	A	V	L	I	F	Y	W	H	M	C	P
0	0.01059	0.01247	0.04838	0.43618	0.07546	0.32809	0.01008	0.01270	0.00939	0.01038	0.00680	0.00922	0.00533	0.00402	0.00385	0.00121	0.00605	0.00316	0.00190	0.00472
1	0.01162	0.01361	0.00910	0.00838	0.01013	0.52224	0.00631	0.01336	0.05555	0.01112	0.08987	0.01467	0.11460	0.00697	0.05519	0.00144	0.00582	0.00404	0.04160	0.00439
2	0.00698	0.00527	0.00644	0.00601	0.00722	0.00560	0.00463	0.06236	0.08593	0.03269	0.13943	0.03825	0.20922	0.05210	0.25543	0.00297	0.03940	0.00584	0.03015	0.00410
3	0.00751	0.00569	0.00791	0.00733	0.00799	0.00653	0.02544	0.07963	0.00812	0.01129	0.08272	0.14641	0.01396	0.01251	0.11379	0.20846	0.17917	0.06921	0.00270	0.00363
4	0.04728	0.00639	0.00763	0.00657	0.00846	0.00637	0.02131	0.18712	0.02915	0.13619	0.22693	0.11309	0.14408	0.00752	0.00443	0.00132	0.00297	0.03426	0.00406	0.00488
5	0.01419	0.01070	0.06071	0.01069	0.10763	0.01066	0.00820	0.53525	0.01579	0.13479	0.04360	0.01098	0.00836	0.00477	0.00403	0.00121	0.00430	0.00377	0.00379	0.00659
6	0.01115	0.18420	0.19148	0.03334	0.04346	0.13844	0.06158	0.12186	0.01041	0.04211	0.00741	0.00846	0.00574	0.00382	0.00353	0.00106	0.00511	0.00294	0.00231	0.12160

[dist]
# distance from previous block
# <min> <max>
0	1

[block]
# block no. 4 follows, 67 sequences, length 13
# corresponding to MSA columns:
# 133-145
name=unknown_E
#
# <colnr> <probs for GDERKNQSTAVLIFYWHMCP>
#	G	D	E	R	K	N	Q	S	T	A	V	L	I	F	Y	W	H	M	C	P
0	0.67718	0.01009	0.11673	0.03027	0.03280	0.05219	0.00631	0.01210	0.00737	0.01652	0.00593	0.00702	0.00457	0.00376	0.00280	0.00124	0.00380	0.00238	0.00232	0.00463
1	0.11457	0.02656	0.00927	0.05033	0.01076	0.12181	0.00633	0.22717	0.06963	0.09513	0.01194	0.15543	0.01069	0.00741	0.05055	0.00157	0.00449	0.01780	0.00335	0.00521
2	0.72217	0.00841	0.00706	0.00602	0.00864	0.00965	0.00496	0.16502	0.00910	0.01937	0.00635	0.00710	0.00481	0.00393	0.00277	0.00123	0.00335	0.00244	0.00277	0.00481
3	0.01785	0.00705	0.00945	0.00724	0.01035	0.00623	0.00598	0.06093	0.01186	0.79489	0.01550	0.01344	0.00977	0.00496	0.00403	0.00124	0.00346	0.00401	0.00491	0.00682
4	0.63160	0.00748	0.00690	0.00582	0.00849	0.00808	0.00480	0.01407	0.00819	0.25890	0.00860	0.00861	0.00599	0.00409	0.00294	0.00124	0.00319	0.00272	0.00321	0.00507
5	0.01498	0.01911	0.01137	0.01033	0.01240	0.84295	0.00775	0.01601	0.01137	0.00982	0.00620	0.00723	0.00517	0.00413	0.00362	0.00103	0.00723	0.00258	0.00207	0.00465
6	0.01199	0.01211	0.01044	0.04384	0.04624	0.30611	0.02815	0.18980	0.10894	0.02906	0.01467	0.01479	0.15568	0.00549	0.00403	0.00120	0.00494	0.00426	0.00306	0.00522
7	0.00691	0.00350	0.00518	0.00518	0.00518	0.00350	0.00343	0.00526	0.00526	0.00701	0.00726	0.01293	0.00736	0.05814	0.01592	0.83731	0.00350	0.00361	0.00178	0.00178
8	0.01370	0.00822	0.01055	0.05706	0.03516	0.02467	0.05146	0.21260	0.05382	0.33939	0.03554	0.04573	0.05465	0.00534	0.00412	0.00124	0.00389	0.00448	0.00399	0.03439
9	0.01053	0.02960	0.08536	0.04165	0.15465	0.20094	0.08112	0.06008	0.03878	0.02800	0.00971	0.01139	0.04685	0.00629	0.05961	0.00157	0.07673	0.00370	0.04830	0.00516
10	0.88738	0.00776	0.00589	0.00527	0.00776	0.00900	0.00434	0.01179	0.00683	0.01799	0.00558	0.00651	0.00434	0.00372	0.00248	0.00124	0.00310	0.00217	0.00248	0.00434
11	0.00591	0.00452	0.00662	0.00652	0.00714	0.00535	0.00503	0.00720	0.00638	0.00921	0.01057	0.01616	0.01010	0.09250	0.73202	0.00598	0.05872	0.00437	0.00215	0.00354
12	0.01072	0.29612	0.06862	0.03061	0.08067	0.03314	0.08769	0.11785	0.03739	0.06357	0.00983	0.07479	0.02211	0.00490	0.00397	0.00118	0.02879	0.02005	0.00258	0.00543

[dist]
# distance from previous block
# <min> <max>
5	53

[block]
# block no. 5 follows, 67 sequences, length 13
# corresponding to MSA columns:
# 199-211
name=unknown_F
#
# <colnr> <probs for GDERKNQSTAVLIFYWHMCP>
#	G	D	E	R	K	N	Q	S	T	A	V	L	I	F	Y	W	H	M	C	P
0	0.04395	0.00952	0.01039	0.04230	0.01153	0.06171	0.00676	0.28354	0.03208	0.05779	0.00828	0.00921	0.00637	0.00441	0.00477	0.00108	0.11211	0.00313	0.00298	0.28810
1	0.00996	0.00941	0.01576	0.09026	0.73520	0.00960	0.01202	0.04563	0.00945	0.01338	0.00760	0.00998	0.00629	0.00366	0.00398	0.00120	0.00480	0.00357	0.00205	0.00622
2	0.01030	0.00997	0.01594	0.02354	0.77398	0.04261	0.01197	0.03956	0.00955	0.01338	0.00756	0.00981	0.00632	0.00364	0.00396	0.00119	0.00485	0.00354	0.00206	0.00630
3	0.00509	0.00376	0.00454	0.00505	0.00558	0.00346	0.00344	0.00583	0.00789	0.01018	0.04371	0.45479	0.23183	0.15406	0.00760	0.00194	0.00256	0.04197	0.00352	0.00318
4	0.00545	0.00443	0.00493	0.00520	0.00611	0.02526	0.00375	0.00692	0.04380	0.01158	0.14121	0.35813	0.33118	0.01050	0.00485	0.00145	0.00234	0.02556	0.00379	0.00356
5	0.01140	0.01024	0.01193	0.00980	0.01238	0.12198	0.14258	0.09433	0.37050	0.08140	0.01379	0.01408	0.04362	0.00516	0.00435	0.00131	0.02129	0.02056	0.00346	0.00583
6	0.01040	0.00883	0.00931	0.00825	0.01059	0.01017	0.00645	0.08554	0.76187	0.01746	0.01579	0.01453	0.01181	0.00539	0.00408	0.00135	0.00327	0.00446	0.00408	0.00639
7	0.00670	0.00549	0.00661	0.00640	0.00708	0.06004	0.00477	0.02722	0.00701	0.00952	0.02675	0.01751	0.01106	0.21851	0.53161	0.00510	0.03827	0.00455	0.00228	0.00350
8	0.01525	0.01123	0.01204	0.00923	0.01244	0.01244	0.00762	0.82067	0.01886	0.02528	0.00963	0.00963	0.00682	0.00481	0.00401	0.00120	0.00441	0.00361	0.00401	0.00682
9	0.00530	0.00408	0.00484	0.00465	0.00576	0.00362	0.00349	0.00684	0.01047	0.01398	0.51446	0.03342	0.35662	0.00898	0.00473	0.00130	0.00195	0.00774	0.00414	0.00362
10	0.00578	0.00387	0.00439	0.00444	0.00445	0.00386	0.00250	0.00582	0.00593	0.00790	0.01313	0.06915	0.01520	0.81531	0.01962	0.00377	0.00381	0.00612	0.00250	0.00247
11	0.07271	0.03659	0.03910	0.00612	0.00969	0.00612	0.00516	0.01038	0.00821	0.01329	0.00697	0.00813	0.00576	0.00307	0.00295	0.00068	0.00313	0.00237	0.00234	0.75722
12	0.07256	0.04066	0.08427	0.03697	0.01232	0.02612	0.00764	0.40417	0.04632	0.17919	0.01031	0.01032	0.00724	0.00521	0.02456	0.00133	0.00443	0.00350	0.00363	0.01925

[dist]
# distance from previous block
# <min> <max>
0	6

[block]
# block no. 6 follows, 67 sequences, length 36
# corresponding to MSA columns:
# 218-253
name=unknown_G
#
# <colnr> <probs for GDERKNQSTAVLIFYWHMCP>
#	G	D	E	R	K	N	Q	S	T	A	V	L	I	F	Y	W	H	M	C	P
0	0.01535	0.01106	0.01193	0.00915	0.01235	0.01218	0.00756	0.78934	0.01857	0.05701	0.00987	0.00979	0.00694	0.00482	0.00401	0.00121	0.00437	0.00363	0.00405	0.00682
1	0.04830	0.41482	0.39191	0.00894	0.01346	0.01248	0.01039	0.03751	0.00857	0.01179	0.00644	0.00746	0.00513	0.00366	0.00318	0.00107	0.00499	0.00256	0.00181	0.00552
2	0.00563	0.00410	0.00530	0.00500	0.00597	0.00377	0.00375	0.00749	0.01125	0.01585	0.79703	0.03034	0.07288	0.00829	0.00473	0.00127	0.00190	0.00731	0.00438	0.00377
3	0.00564	0.00410	0.00531	0.00501	0.00597	0.00377	0.00376	0.00750	0.01127	0.01588	0.80136	0.03029	0.06853	0.00827	0.00473	0.00126	0.00190	0.00730	0.00439	0.00377
4	0.00561	0.00410	0.00526	0.00497	0.00595	0.00375	0.00373	0.00743	0.01119	0.01569	0.77320	0.03060	0.09681	0.00834	0.00473	0.00127	0.00190	0.00734	0.00436	0.00375
5	0.02947	0.01105	0.02237	0.01615	0.01996	0.04691	0.74005	0.01286	0.00939	0.01273	0.00788	0.01050	0.00598	0.00353	0.00490	0.00135	0.03302	0.00454	0.00203	0.00532
6	0.00903	0.00755	0.00870	0.00628	0.00980	0.00607	0.00505	0.09307	0.00940	0.01432	0.00738	0.00845	0.00603	0.00316	0.00308	0.00066	0.00312	0.00250	0.00254	0.79382
7	0.00573	0.00430	0.00645	0.00645	0.00716	0.00501	0.00501	0.00716	0.00645	0.00931	0.01074	0.01576	0.01003	0.03008	0.84316	0.00645	0.01074	0.00430	0.00215	0.00358
8	0.01498	0.01911	0.01137	0.01033	0.01240	0.84295	0.00775	0.01601	0.01137	0.00982	0.00620	0.00723	0.00517	0.00413	0.00362	0.00103	0.00723	0.00258	0.00207	0.00465
9	0.01103	0.00888	0.00948	0.00821	0.01063	0.01008	0.00647	0.16707	0.62427	0.04359	0.04459	0.01449	0.01210	0.00541	0.00409	0.00132	0.00336	0.00445	0.00411	0.00636
10	0.00528	0.00404	0.00488	0.00502	0.00599	0.00364	0.00378	0.00664	0.00969	0.01271	0.31529	0.17360	0.33040	0.00997	0.00488	0.00142	0.00221	0.09307	0.00396	0.00354
11	0.00489	0.00349	0.00465	0.00558	0.00582	0.00326	0.00372	0.00558	0.00768	0.01024	0.02210	0.85644	0.02653	0.01256	0.00512	0.00163	0.00233	0.01140	0.00372	0.00326
12	0.01122	0.00846	0.00920	0.00806	0.01047	0.00951	0.00633	0.04767	0.69106	0.12655	0.01603	0.01461	0.01175	0.00536	0.00407	0.00134	0.00325	0.00444	0.00420	0.00643
13	0.00493	0.00352	0.00470	0.00563	0.00588	0.00329	0.00379	0.00565	0.00772	0.01028	0.02208	0.83647	0.02644	0.01253	0.00513	0.00163	0.00236	0.03099	0.00372	0.00327
14	0.00900	0.04152	0.01496	0.34624	0.44763	0.00960	0.03647	0.01146	0.00862	0.01178	0.00728	0.01010	0.00589	0.00379	0.00411	0.00125	0.01937	0.00355	0.00189	0.00550
15	0.00767	0.00722	0.01219	0.81722	0.05910	0.00893	0.01118	0.01033	0.00806	0.01036	0.00714	0.01066	0.00539	0.00399	0.00401	0.00133	0.00532	0.00356	0.00179	0.00453
16	0.00489	0.00349	0.00465	0.00558	0.00582	0.00326	0.00372	0.00558	0.00768	0.01024	0.02210	0.85644	0.02653	0.01256	0.00512	0.00163	0.00233	0.01140	0.00372	0.00326
17	0.00715	0.00492	0.01836	0.00480	0.00653	0.00411	0.00380	0.00868	0.03669	0.14367	0.03469	0.03280	0.64146	0.00894	0.00455	0.00133	0.00235	0.00743	0.02368	0.00408
18	0.00889	0.20525	0.52357	0.01104	0.01606	0.01090	0.11961	0.01283	0.03376	0.01212	0.00724	0.00853	0.00545	0.00372	0.00367	0.00119	0.00559	0.00307	0.00182	0.00570
19	0.00989	0.15498	0.04973	0.00786	0.00968	0.20847	0.02981	0.05537	0.00881	0.01080	0.00860	0.01252	0.00797	0.15041	0.13168	0.00235	0.06272	0.00359	0.07043	0.00432
20	0.01559	0.01036	0.01145	0.00882	0.01198	0.01118	0.00727	0.65202	0.04090	0.17242	0.01095	0.01051	0.00754	0.00486	0.00402	0.00121	0.00420	0.00371	0.00419	0.00681
21	0.01093	0.77255	0.02004	0.00723	0.01044	0.07035	0.00700	0.01218	0.00828	0.00947	0.00560	0.00658	0.00515	0.00362	0.00306	0.00090	0.03756	0.00223	0.00174	0.00508
22	0.07565	0.00711	0.00906	0.00708	0.00998	0.00660	0.00580	0.08463	0.02660	0.65515	0.01425	0.01282	0.00923	0.00522	0.00436	0.03531	0.00345	0.00386	0.01745	0.00641
23	0.01192	0.01072	0.00971	0.00845	0.01077	0.17492	0.00660	0.16518	0.41918	0.04708	0.05572	0.01319	0.01104	0.00517	0.00397	0.00124	0.00411	0.00408	0.03105	0.00590
24	0.00577	0.00438	0.00508	0.00495	0.00589	0.00416	0.00357	0.00767	0.06803	0.01264	0.33254	0.04608	0.25332	0.19009	0.00807	0.00188	0.00252	0.03610	0.00374	0.00356
25	0.00556	0.00407	0.00521	0.00497	0.00593	0.00373	0.00371	0.00732	0.01100	0.01536	0.72502	0.05943	0.11664	0.00855	0.00474	0.00128	0.00192	0.00752	0.00432	0.00373
26	0.00568	0.00393	0.00454	0.00460	0.00483	0.00388	0.00282	0.00599	0.00651	0.00861	0.03957	0.07090	0.09265	0.64797	0.06063	0.00354	0.00393	0.02405	0.00269	0.00269
27	0.01040	0.62632	0.08281	0.00794	0.01097	0.05127	0.00782	0.01187	0.00800	0.00974	0.00568	0.00699	0.00516	0.00405	0.00436	0.00104	0.13632	0.00244	0.00174	0.00507
28	0.01498	0.01911	0.01137	0.01033	0.01240	0.84295	0.00775	0.01601	0.01137	0.00982	0.00620	0.00723	0.00517	0.00413	0.00362	0.00103	0.00723	0.00258	0.00207	0.00465
29	0.03891	0.30141	0.04168	0.00913	0.04602	0.22908	0.03090	0.09028	0.01051	0.12399	0.00778	0.00833	0.00604	0.00396	0.00335	0.00103	0.00501	0.00282	0.00253	0.03724
30	0.01684	0.00868	0.01045	0.00802	0.01116	0.00865	0.00662	0.35644	0.01458	0.49554	0.01322	0.01196	0.00862	0.00490	0.00402	0.00123	0.00383	0.00386	0.00456	0.00682
31	0.00491	0.00353	0.00466	0.00556	0.00585	0.00329	0.00375	0.00564	0.00776	0.01029	0.02278	0.81163	0.05658	0.01245	0.00511	0.00162	0.00234	0.02526	0.00372	0.00327
32	0.03543	0.00965	0.00809	0.00781	0.00912	0.25769	0.00585	0.09333	0.05860	0.01236	0.01463	0.35755	0.01569	0.00828	0.00469	0.00140	0.03064	0.06168	0.00318	0.00432
33	0.02931	0.03298	0.01205	0.10453	0.07897	0.37869	0.00833	0.22379	0.02815	0.03442	0.00768	0.00876	0.00595	0.00434	0.00399	0.00115	0.02574	0.00311	0.00263	0.00541
34	0.00535	0.00468	0.00465	0.00481	0.00593	0.04089	0.00350	0.00649	0.02409	0.01085	0.04837	0.23804	0.56751	0.01036	0.00477	0.00141	0.00235	0.00883	0.00367	0.00347
35	0.01326	0.04411	0.17123	0.00901	0.01257	0.00897	0.05319	0.13344	0.17975	0.31333	0.01254	0.01190	0.00862	0.00467	0.00398	0.00126	0.00421	0.00383	0.00372	0.00641

[dist]
# distance from previous block
# <min> <max>
0	1

[block]
# block no. 7 follows, 67 sequences, length 7
# corresponding to MSA columns:
# 255-261
name=unknown_H
#
# <colnr> <probs for GDERKNQSTAVLIFYWHMCP>
#	G	D	E	R	K	N	Q	S	T	A	V	L	I	F	Y	W	H	M	C	P
0	0.00954	0.03333	0.08905	0.09203	0.06861	0.00795	0.04704	0.11325	0.11795	0.08915	0.01515	0.13287	0.08318	0.00630	0.00424	0.00132	0.00394	0.04190	0.00322	0.03998
1	0.00758	0.03932	0.07271	0.02762	0.07625	0.10984	0.00608	0.00943	0.02504	0.01240	0.22457	0.16660	0.08453	0.04945	0.00513	0.00142	0.00354	0.03193	0.04238	0.00419
2	0.00788	0.00611	0.00633	0.00609	0.00695	0.07415	0.00428	0.06855	0.06453	0.04319	0.05755	0.17741	0.01655	0.35173	0.04938	0.00264	0.00404	0.04579	0.00312	0.00372
3	0.13351	0.04348	0.01040	0.13842	0.05602	0.11367	0.07178	0.05437	0.03896	0.05064	0.04721	0.14308	0.01120	0.06411	0.00507	0.00146	0.00437	0.00488	0.00276	0.00462
4	0.04926	0.13178	0.03522	0.07408	0.07155	0.11090	0.16042	0.06291	0.07454	0.01300	0.03504	0.03677	0.07150	0.00473	0.00388	0.00118	0.00476	0.00412	0.00253	0.05184
5	0.05855	0.04482	0.05418	0.03014	0.04866	0.10904	0.02311	0.18552	0.07056	0.01566	0.10825	0.04537	0.04413	0.00548	0.00410	0.00119	0.01991	0.03345	0.00310	0.09478
6	0.07837	0.10177	0.06416	0.00991	0.03852	0.21161	0.10843	0.13262	0.04376	0.01412	0.04518	0.04159	0.00847	0.00515	0.02136	0.00127	0.00519	0.01741	0.00261	0.04850

[dist]
# distance from previous block
# <min> <max>
0	20

[block]
# block no. 8 follows, 67 sequences, length 52
# corresponding to MSA columns:
# 282-333
name=unknown_I
#
# <colnr> <probs for GDERKNQSTAVLIFYWHMCP>
#	G	D	E	R	K	N	Q	S	T	A	V	L	I	F	Y	W	H	M	C	P
0	0.03802	0.13525	0.01202	0.00813	0.01106	0.01102	0.00681	0.41744	0.10317	0.14728	0.01136	0.05116	0.00873	0.00512	0.00384	0.00121	0.00396	0.01441	0.00377	0.00624
1	0.00573	0.00411	0.00516	0.00522	0.00562	0.00430	0.00352	0.00660	0.02554	0.00892	0.01491	0.09781	0.07110	0.43568	0.28409	0.00428	0.00582	0.00599	0.00258	0.00303
2	0.00971	0.14790	0.14528	0.01063	0.06556	0.07089	0.16026	0.03614	0.05108	0.06258	0.04788	0.08889	0.02891	0.05091	0.00489	0.00137	0.00479	0.00458	0.00259	0.00515
3	0.16572	0.06478	0.07275	0.03459	0.01508	0.03372	0.32581	0.03358	0.02190	0.01323	0.01936	0.00945	0.00605	0.00433	0.00561	0.00136	0.16185	0.00368	0.00213	0.00503
4	0.01109	0.00823	0.03133	0.00768	0.01013	0.00853	0.00623	0.10791	0.44456	0.15329	0.01758	0.04992	0.08450	0.00602	0.00417	0.00133	0.00330	0.02078	0.00408	0.01935
5	0.01498	0.01911	0.01137	0.01033	0.01240	0.84295	0.00775	0.01601	0.01137	0.00982	0.00620	0.00723	0.00517	0.00413	0.00362	0.00103	0.00723	0.00258	0.00207	0.00465
6	0.00958	0.01069	0.04863	0.01947	0.31137	0.00989	0.50379	0.01265	0.00931	0.01293	0.00788	0.01042	0.00615	0.00346	0.00443	0.00129	0.00602	0.00426	0.00200	0.00576
7	0.00493	0.00357	0.00466	0.00545	0.00580	0.00330	0.00368	0.00572	0.00800	0.01064	0.07322	0.75166	0.08029	0.01214	0.00507	0.00159	0.00228	0.01095	0.00377	0.00330
8	0.00510	0.00443	0.00440	0.00434	0.00566	0.02346	0.00325	0.00623	0.00947	0.01147	0.13934	0.03676	0.71273	0.00977	0.00471	0.00133	0.00214	0.00817	0.00377	0.00347
9	0.01611	0.00909	0.01060	0.00817	0.01127	0.00931	0.00673	0.43654	0.02934	0.38024	0.01320	0.01217	0.02796	0.00502	0.00404	0.00123	0.00390	0.00393	0.00442	0.00673
10	0.01131	0.00771	0.00883	0.00762	0.00972	0.00842	0.00597	0.15054	0.34630	0.16342	0.01449	0.05407	0.01164	0.08232	0.06654	0.00193	0.02270	0.01687	0.00387	0.00574
11	0.00703	0.00480	0.00595	0.00544	0.00673	0.00459	0.00417	0.00946	0.07456	0.08877	0.53932	0.02830	0.16903	0.00800	0.00482	0.00129	0.02242	0.00687	0.00426	0.00420
12	0.00818	0.00544	0.00682	0.00684	0.00825	0.00538	0.00567	0.10385	0.02235	0.09175	0.02259	0.12744	0.15399	0.00970	0.00502	0.00160	0.00332	0.40367	0.00387	0.00430
13	0.01558	0.00966	0.01089	0.00841	0.01148	0.01023	0.00693	0.54974	0.03421	0.24852	0.01162	0.01107	0.00793	0.00486	0.00397	0.00121	0.00401	0.00375	0.03924	0.00669
14	0.10198	0.00957	0.01023	0.00810	0.01102	0.03021	0.00663	0.42962	0.09700	0.21148	0.01136	0.01089	0.00791	0.00478	0.00383	0.00122	0.00392	0.00364	0.03023	0.00638
15	0.00752	0.00522	0.00598	0.00546	0.00696	0.00498	0.00416	0.07560	0.07235	0.09000	0.24645	0.08441	0.32917	0.03728	0.00512	0.00141	0.00249	0.00714	0.00403	0.00428
16	0.01171	0.00948	0.01004	0.00851	0.01109	0.01078	0.00677	0.28417	0.56111	0.01957	0.01412	0.01321	0.01046	0.00523	0.00406	0.00131	0.00358	0.00423	0.00406	0.00650
17	0.01493	0.01777	0.01124	0.01006	0.01224	0.72987	0.00762	0.06338	0.04251	0.04376	0.00716	0.00792	0.00572	0.00425	0.00367	0.00106	0.00676	0.00277	0.00237	0.00493
18	0.01118	0.00897	0.00981	0.00771	0.01078	0.00911	0.00620	0.29295	0.24548	0.01834	0.01061	0.01067	0.00804	0.00431	0.00365	0.00102	0.00353	0.00342	0.00343	0.33079
19	0.00503	0.00381	0.00463	0.00513	0.00583	0.00345	0.00365	0.00599	0.00853	0.01100	0.09850	0.44765	0.28975	0.02996	0.00533	0.00157	0.00231	0.06077	0.00375	0.00335
20	0.00757	0.00713	0.01203	0.84942	0.02762	0.00891	0.01114	0.01025	0.00802	0.01025	0.00713	0.01069	0.00535	0.00401	0.00401	0.00134	0.00535	0.00356	0.00178	0.00446
21	0.00579	0.00393	0.00466	0.00468	0.00479	0.00402	0.00281	0.00600	0.00597	0.00805	0.01267	0.04964	0.01433	0.72416	0.12876	0.00416	0.00475	0.00580	0.00243	0.00261
22	0.00832	0.00713	0.00832	0.00594	0.00950	0.00535	0.00475	0.01010	0.00832	0.01307	0.00713	0.00832	0.00594	0.00297	0.00297	0.00059	0.00297	0.00238	0.00238	0.88357
23	0.32134	0.01067	0.00973	0.00791	0.01073	0.08807	0.00645	0.43894	0.03734	0.02104	0.00808	0.00847	0.00595	0.00439	0.00344	0.00121	0.00418	0.00304	0.00330	0.00574
24	0.00573	0.00430	0.00645	0.00645	0.00716	0.00501	0.00501	0.00716	0.00645	0.00931	0.01074	0.01576	0.01003	0.03008	0.84316	0.00645	0.01074	0.00430	0.00215	0.00358
25	0.00786	0.00567	0.00735	0.00768	0.00896	0.00586	0.00665	0.13737	0.01076	0.01411	0.01939	0.03958	0.02050	0.01008	0.00530	0.00174	0.00381	0.67940	0.00374	0.00419
26	0.00612	0.00482	0.00698	0.00676	0.00732	0.00581	0.00524	0.00735	0.00635	0.00921	0.01024	0.01586	0.00985	0.10397	0.66360	0.00562	0.11484	0.00434	0.00213	0.00357
27	0.01447	0.01444	0.01129	0.00953	0.01209	0.39097	0.00747	0.36102	0.09451	0.01721	0.00878	0.00915	0.00666	0.00456	0.00382	0.00114	0.00553	0.00323	0.01839	0.00573
28	0.01466	0.10256	0.01294	0.00897	0.01217	0.02460	0.00752	0.70764	0.03251	0.02320	0.00927	0.00935	0.00672	0.00467	0.00385	0.00117	0.00442	0.00346	0.00374	0.00660
29	0.00588	0.00473	0.00571	0.00621	0.00688	0.03443	0.00465	0.00722	0.03136	0.01068	0.02180	0.43087	0.12633	0.01324	0.09816	0.00214	0.03102	0.15169	0.00343	0.00356
30	0.00995	0.02490	0.21081	0.01861	0.01268	0.00836	0.05684	0.07787	0.18822	0.08254	0.04116	0.01131	0.00869	0.00426	0.00376	0.00111	0.00412	0.00356	0.00296	0.22829
31	0.01464	0.01084	0.01179	0.02574	0.01244	0.01210	0.00759	0.75277	0.01790	0.02414	0.00954	0.00978	0.00684	0.00487	0.00429	0.00122	0.03307	0.00361	0.03024	0.00660
32	0.00477	0.00401	0.00414	0.00422	0.00547	0.00338	0.00312	0.00578	0.00906	0.01089	0.05594	0.11257	0.74228	0.01033	0.00477	0.00138	0.00206	0.00870	0.00374	0.00338
33	0.00556	0.00412	0.00519	0.00530	0.00580	0.00418	0.00371	0.00640	0.00765	0.01029	0.13147	0.21183	0.13533	0.25902	0.13307	0.00291	0.03761	0.02419	0.00313	0.00321
34	0.01559	0.01068	0.01169	0.00897	0.01216	0.01162	0.00741	0.72031	0.01793	0.12693	0.01040	0.01013	0.00721	0.00483	0.00401	0.00121	0.00429	0.00366	0.00413	0.00682
35	0.02715	0.00971	0.00957	0.00837	0.01077	0.08091	0.00656	0.11425	0.60778	0.05772	0.01446	0.01346	0.01075	0.00520	0.00400	0.00131	0.00367	0.00419	0.00392	0.00625
36	0.00492	0.00357	0.00464	0.00542	0.00579	0.00330	0.00367	0.00571	0.00801	0.01061	0.06743	0.73957	0.09836	0.01212	0.00506	0.00158	0.00228	0.01092	0.00376	0.00330
37	0.00526	0.00408	0.00478	0.00461	0.00573	0.00361	0.00345	0.00676	0.01036	0.01373	0.47734	0.03383	0.39389	0.00908	0.00473	0.00130	0.00195	0.00780	0.00411	0.00361
38	0.00832	0.00713	0.00832	0.00594	0.00950	0.00535	0.00475	0.01010	0.00832	0.01307	0.00713	0.00832	0.00594	0.00297	0.00297	0.00059	0.00297	0.00238	0.00238	0.88357
39	0.01033	0.00852	0.00913	0.00804	0.01025	0.00972	0.00627	0.14707	0.60764	0.01739	0.02841	0.03514	0.01213	0.03218	0.03786	0.00162	0.00365	0.00463	0.00394	0.00608
40	0.00873	0.00721	0.00842	0.00604	0.00959	0.00551	0.00484	0.02742	0.00862	0.03576	0.00742	0.00849	0.00607	0.00306	0.00302	0.00062	0.00301	0.00245	0.00248	0.84124
41	0.01003	0.50838	0.22937	0.06593	0.04605	0.03343	0.00945	0.03632	0.00866	0.01096	0.00631	0.00750	0.00524	0.00363	0.00311	0.00102	0.00487	0.00256	0.00180	0.00539
42	0.00525	0.00362	0.00472	0.00555	0.00589	0.00343	0.00383	0.00611	0.00780	0.01066	0.02101	0.69630	0.02458	0.04051	0.00549	0.00167	0.00246	0.07630	0.07151	0.00330
43	0.00925	0.00921	0.01372	0.01505	0.26856	0.02476	0.02396	0.01064	0.00722	0.01079	0.00604	0.00915	0.00562	0.00583	0.00998	0.00156	0.55826	0.00354	0.00184	0.00502
44	0.00581	0.00390	0.00446	0.00447	0.00450	0.00392	0.00255	0.00588	0.00589	0.00787	0.01272	0.03968	0.01461	0.81374	0.05114	0.00395	0.00412	0.00587	0.00244	0.00249
45	0.00488	0.00352	0.00462	0.00551	0.00580	0.00326	0.00369	0.00559	0.00775	0.01027	0.02307	0.81388	0.06846	0.01244	0.00510	0.00161	0.00231	0.01125	0.00372	0.00326
46	0.00952	0.00731	0.00814	0.00712	0.00910	0.00783	0.00568	0.23816	0.22254	0.02574	0.20580	0.03314	0.11907	0.00706	0.00443	0.00134	0.00312	0.07557	0.00406	0.00526
47	0.01048	0.00789	0.00899	0.00697	0.01012	0.00732	0.00558	0.09562	0.22188	0.10318	0.01069	0.01074	0.00809	0.00401	0.00348	0.00092	0.00322	0.00324	0.00326	0.47434
48	0.05624	0.01051	0.01131	0.00875	0.01188	0.02180	0.00721	0.64751	0.03209	0.13652	0.01037	0.01011	0.00721	0.00479	0.00394	0.00121	0.00423	0.00361	0.00405	0.00667
49	0.00554	0.00406	0.00499	0.00497	0.00556	0.00410	0.00344	0.00633	0.00715	0.00950	0.07510	0.02615	0.19973	0.35983	0.26233	0.00390	0.00538	0.00607	0.00278	0.00308
50	0.02649	0.00829	0.00929	0.00791	0.01044	0.00904	0.00629	0.09350	0.51476	0.22361	0.01528	0.01403	0.01098	0.00583	0.02439	0.00144	0.00353	0.00428	0.00422	0.00641
51	0.00872	0.00731	0.00845	0.00609	0.00958	0.00574	0.00489	0.05962	0.00896	0.01385	0.00741	0.00854	0.00609	0.00312	0.00303	0.00064	0.00303	0.00248	0.02132	0.81113

[dist]
# distance from previous block
# <min> <max>
0	14

[block]
# block no. 9 follows, 67 sequences, length 27
# corresponding to MSA columns:
# 348-374
name=unknown_J
#
# <colnr> <probs for GDERKNQSTAVLIFYWHMCP>
#	G	D	E	R	K	N	Q	S	T	A	V	L	I	F	Y	W	H	M	C	P
0	0.11941	0.07792	0.02542	0.05978	0.04784	0.00950	0.03592	0.16450	0.05500	0.19369	0.06520	0.01151	0.00911	0.00484	0.00458	0.00125	0.07993	0.00369	0.00330	0.02762
1	0.02593	0.01044	0.01317	0.06161	0.29514	0.15917	0.09107	0.07575	0.03249	0.01299	0.01830	0.01311	0.07573	0.02668	0.02533	0.00141	0.02340	0.01357	0.00242	0.02227
2	0.04370	0.10987	0.09459	0.05494	0.09682	0.12480	0.05301	0.09797	0.09127	0.10124	0.00941	0.03076	0.00745	0.00464	0.00431	0.00123	0.05132	0.01433	0.00273	0.00559
3	0.00638	0.00553	0.00717	0.00669	0.00740	0.02170	0.02119	0.00744	0.00768	0.01045	0.09304	0.14269	0.17908	0.09616	0.16375	0.00265	0.19289	0.00636	0.00284	0.01892
4	0.00927	0.00873	0.01225	0.26206	0.29965	0.08012	0.00968	0.04311	0.02949	0.02789	0.06735	0.08115	0.01004	0.00507	0.00445	0.00129	0.03640	0.00442	0.00243	0.00516
5	0.08120	0.00881	0.01209	0.26414	0.18581	0.06586	0.04964	0.11747	0.00972	0.02966	0.00809	0.01061	0.00645	0.00772	0.12387	0.00199	0.00585	0.00356	0.00232	0.00513
6	0.01134	0.01138	0.00957	0.00858	0.01036	0.28513	0.00664	0.18041	0.10610	0.01404	0.01345	0.14469	0.06751	0.00666	0.00492	0.00131	0.07363	0.03623	0.00311	0.00493
7	0.01270	0.01284	0.01063	0.00961	0.03560	0.30598	0.00725	0.16300	0.36813	0.01573	0.01127	0.01111	0.00858	0.00481	0.00390	0.00121	0.00488	0.00365	0.00329	0.00583
8	0.04522	0.01132	0.24361	0.00977	0.07975	0.00802	0.00886	0.09388	0.07509	0.28084	0.07025	0.01316	0.03246	0.00487	0.00398	0.00126	0.00416	0.00397	0.00347	0.00609
9	0.00775	0.00537	0.00731	0.00684	0.00797	0.00603	0.00536	0.10975	0.00840	0.06639	0.01165	0.07441	0.01075	0.03604	0.59121	0.00495	0.02826	0.00470	0.00268	0.00418
10	0.00978	0.69404	0.05740	0.00695	0.01005	0.01380	0.00686	0.01119	0.00801	0.00965	0.00736	0.07711	0.00723	0.00597	0.05874	0.00131	0.00463	0.00309	0.00191	0.00492
11	0.00671	0.06245	0.00678	0.00575	0.00703	0.07374	0.00453	0.00838	0.02169	0.01327	0.39467	0.06230	0.19953	0.00846	0.00461	0.00133	0.00278	0.10835	0.00377	0.00386
12	0.00530	0.00404	0.00484	0.00508	0.00599	0.00367	0.00381	0.00652	0.00918	0.01188	0.20623	0.18428	0.34176	0.06019	0.00585	0.00161	0.00242	0.13014	0.00379	0.00344
13	0.00593	0.00439	0.00578	0.06567	0.00791	0.00441	0.00457	0.07300	0.00862	0.01148	0.02002	0.72682	0.02340	0.01132	0.00495	0.00157	0.00271	0.01020	0.00361	0.00364
14	0.00882	0.32628	0.40727	0.06903	0.03234	0.01129	0.01085	0.01179	0.00828	0.01118	0.00760	0.06431	0.00658	0.00426	0.00346	0.00115	0.00502	0.00328	0.00185	0.00537
15	0.00530	0.06062	0.00572	0.00552	0.00609	0.00413	0.00388	0.00611	0.00799	0.01049	0.05797	0.69643	0.09193	0.01157	0.00490	0.00154	0.00241	0.01036	0.00362	0.00342
16	0.00632	0.00455	0.00555	0.00585	0.00648	0.00451	0.00405	0.10903	0.00899	0.01197	0.03268	0.61300	0.05056	0.10833	0.00671	0.00182	0.00275	0.00961	0.00362	0.00363
17	0.01075	0.47971	0.01657	0.00815	0.01087	0.17934	0.06417	0.03559	0.00913	0.01034	0.00846	0.13348	0.00845	0.00497	0.00336	0.00105	0.00477	0.00384	0.00217	0.00483
18	0.04702	0.40367	0.01617	0.05749	0.15235	0.02336	0.02509	0.02587	0.00857	0.02208	0.00656	0.00791	0.00559	0.00351	0.00319	0.00094	0.01362	0.00264	0.00202	0.17237
19	0.01036	0.03286	0.01277	0.16993	0.30555	0.08174	0.00935	0.16020	0.01067	0.01412	0.00892	0.07946	0.00786	0.01570	0.00416	0.00123	0.00468	0.00405	0.00249	0.06394
20	0.01060	0.01079	0.00871	0.00800	0.00964	0.31171	0.00610	0.11052	0.07761	0.01255	0.01184	0.08653	0.04511	0.01154	0.20401	0.00243	0.00641	0.00438	0.05696	0.00457
21	0.01125	0.08040	0.01460	0.12293	0.32337	0.07948	0.04744	0.20859	0.01138	0.01496	0.00792	0.02032	0.00639	0.00425	0.00409	0.01660	0.00494	0.00352	0.00246	0.01512
22	0.00738	0.00555	0.00694	0.00707	0.00838	0.00560	0.00574	0.08199	0.09437	0.01334	0.01874	0.23559	0.01994	0.00963	0.00494	0.00158	0.00331	0.38969	0.00366	0.07656
23	0.00819	0.00817	0.00672	0.00638	0.00759	0.23610	0.00473	0.00961	0.01054	0.01308	0.38978	0.10124	0.10436	0.02134	0.00461	0.00127	0.00346	0.00625	0.05268	0.00391
24	0.01084	0.04675	0.01162	0.16088	0.08490	0.11648	0.03017	0.22370	0.07818	0.01516	0.02090	0.02985	0.08147	0.00519	0.00437	0.00125	0.04091	0.00414	0.02792	0.00532
25	0.03218	0.00847	0.00984	0.05800	0.01122	0.05697	0.05685	0.21588	0.13517	0.03154	0.18490	0.01645	0.06046	0.00578	0.00457	0.00126	0.04450	0.00474	0.03477	0.02646
26	0.14005	0.05420	0.02746	0.04645	0.03987	0.05283	0.03467	0.27970	0.09041	0.06476	0.02656	0.08067	0.03472	0.00533	0.00385	0.00125	0.00406	0.00426	0.00332	0.00557

[dist]
# distance from previous block
# <min> <max>
0	12

[block]
# block no. 10 follows, 67 sequences, length 11
# corresponding to MSA columns:
# 388-398
name=unknown_K
#
# <colnr> <probs for GDERKNQSTAVLIFYWHMCP>
#	G	D	E	R	K	N	Q	S	T	A	V	L	I	F	Y	W	H	M	C	P
0	0.00928	0.00824	0.02280	0.06072	0.06263	0.08550	0.02887	0.06168	0.22869	0.04702	0.13333	0.06667	0.06723	0.00656	0.00434	0.00134	0.00374	0.07772	0.01859	0.00507
1	0.00664	0.00568	0.00680	0.00664	0.00740	0.07793	0.00506	0.00791	0.00709	0.00962	0.05863	0.01660	0.01151	0.10302	0.61774	0.00528	0.03611	0.00444	0.00229	0.00360
2	0.00525	0.00400	0.00457	0.00479	0.00550	0.00372	0.00327	0.00628	0.03039	0.01031	0.06332	0.25912	0.33444	0.21017	0.03484	0.00218	0.00285	0.00836	0.00341	0.00323
3	0.01557	0.01226	0.01114	0.00902	0.01187	0.23164	0.00723	0.39988	0.04688	0.19875	0.01034	0.01008	0.00727	0.00469	0.00391	0.00117	0.00489	0.00347	0.00371	0.00623
4	0.00608	0.00441	0.00550	0.00566	0.00673	0.00417	0.00448	0.00802	0.04199	0.03091	0.28104	0.10873	0.21476	0.00959	0.00491	0.00147	0.00255	0.23093	0.02429	0.00378
5	0.00556	0.00397	0.00537	0.00587	0.00630	0.00407	0.00426	0.00650	0.00724	0.00979	0.01706	0.33317	0.01920	0.18618	0.23019	0.00339	0.00509	0.14048	0.00304	0.00325
6	0.03407	0.33655	0.01444	0.00826	0.01095	0.30608	0.00696	0.11901	0.05820	0.01257	0.00736	0.00809	0.00604	0.00405	0.00323	0.00101	0.00512	0.00272	0.05014	0.00516
7	0.00744	0.00568	0.00659	0.00612	0.00751	0.00603	0.00466	0.08181	0.17320	0.02910	0.08417	0.04720	0.20855	0.08350	0.20797	0.00277	0.00475	0.00583	0.02276	0.00435
8	0.00491	0.00375	0.00452	0.00500	0.00569	0.00336	0.00349	0.00584	0.00856	0.01103	0.10967	0.48646	0.31071	0.01128	0.00495	0.00150	0.00218	0.00995	0.00379	0.00336
9	0.00655	0.00642	0.00938	0.04044	0.01021	0.04210	0.18382	0.00826	0.00944	0.01184	0.13127	0.05398	0.43602	0.00791	0.00485	0.00134	0.02189	0.00702	0.00325	0.00400
10	0.72601	0.00784	0.00657	0.03674	0.00878	0.00905	0.00483	0.07124	0.03249	0.01807	0.00659	0.00752	0.00506	0.00391	0.00271	0.00123	0.00323	0.00247	0.04110	0.00456

[dist]
# distance from previous block
# <min> <max>
0	9

[block]
# block no. 11 follows, 67 sequences, length 6
# corresponding to MSA columns:
# 408-413
name=unknown_L
#
# <colnr> <probs for GDERKNQSTAVLIFYWHMCP>
#	G	D	E	R	K	N	Q	S	T	A	V	L	I	F	Y	W	H	M	C	P
0	0.01130	0.13572	0.05782	0.07886	0.07704	0.23029	0.02028	0.10767	0.04748	0.03281	0.00909	0.01089	0.03356	0.04939	0.03312	0.00145	0.02474	0.00341	0.00243	0.03266
1	0.00864	0.00739	0.03756	0.00686	0.00849	0.10743	0.03166	0.01099	0.08291	0.11191	0.19587	0.16430	0.12775	0.03138	0.04695	0.00165	0.00374	0.00650	0.00361	0.00443
