[name]
unknown

[dist]
# distance from previous block
# <min> <max>
2	5

[block]
# block no. 0 follows, 88 sequences, length 37
# corresponding to MSA columns:
# 5-41
name=unknown_A
#
# <colnr> <probs for GDERKNQSTAVLIFYWHMCP>
#	G	D	E	R	K	N	Q	S	T	A	V	L	I	F	Y	W	H	M	C	P
0	0.00648	0.01671	0.86972	0.00921	0.01398	0.00750	0.01194	0.01023	0.00682	0.01023	0.00580	0.00682	0.00409	0.00307	0.00307	0.00102	0.00477	0.00239	0.00136	0.00477
1	0.00457	0.00330	0.00432	0.00406	0.00483	0.00305	0.00305	0.00610	0.00914	0.01296	0.86460	0.02413	0.03048	0.00660	0.00381	0.00102	0.00152	0.00584	0.00356	0.00305
2	0.00385	0.00321	0.00336	0.00346	0.00442	0.00272	0.00254	0.00465	0.00723	0.00874	0.04671	0.15139	0.72978	0.00843	0.00386	0.00112	0.00167	0.00713	0.00301	0.00272
3	0.01154	0.00904	0.00970	0.00762	0.00980	0.04737	0.00628	0.69941	0.01348	0.01805	0.00714	0.00758	0.00526	0.00411	0.00426	0.00103	0.12743	0.00286	0.00291	0.00514
4	0.00403	0.00328	0.00357	0.00350	0.00450	0.00282	0.00263	0.00506	0.00788	0.00994	0.27153	0.02909	0.62544	0.00773	0.00382	0.00107	0.00160	0.00654	0.00316	0.00282
5	0.01210	0.01450	0.00923	0.00820	0.00999	0.75162	0.00623	0.13183	0.01001	0.00966	0.00538	0.00610	0.00435	0.00341	0.00296	0.00085	0.00551	0.00220	0.00189	0.00399
6	0.00445	0.00330	0.00415	0.00394	0.00475	0.00300	0.00296	0.00587	0.00887	0.01229	0.73414	0.02522	0.16136	0.00685	0.00381	0.00103	0.00154	0.00600	0.00347	0.00300
7	0.90928	0.00625	0.00475	0.00425	0.00625	0.00725	0.00350	0.00950	0.00550	0.01449	0.00450	0.00525	0.00350	0.00300	0.00200	0.00100	0.00250	0.00175	0.00200	0.00350
8	0.00763	0.00871	0.01906	0.01362	0.01688	0.00817	0.85458	0.01035	0.00763	0.01035	0.00654	0.00871	0.00490	0.00272	0.00381	0.00109	0.00545	0.00381	0.00163	0.00436
9	0.01449	0.00550	0.00750	0.00575	0.00825	0.00475	0.00475	0.01574	0.00925	0.86855	0.01275	0.01100	0.00800	0.00400	0.00325	0.00100	0.00275	0.00325	0.00400	0.00550
10	0.90928	0.00625	0.00475	0.00425	0.00625	0.00725	0.00350	0.00950	0.00550	0.01449	0.00450	0.00525	0.00350	0.00300	0.00200	0.00100	0.00250	0.00175	0.00200	0.00350
11	0.00722	0.00336	0.00364	0.00340	0.00440	0.00326	0.00261	0.00869	0.00712	0.13293	0.01085	0.01190	0.00824	0.00380	0.00240	0.00079	0.00168	0.00304	0.77731	0.00336
12	0.00763	0.00871	0.01906	0.01362	0.01688	0.00817	0.85458	0.01035	0.00763	0.01035	0.00654	0.00871	0.00490	0.00272	0.00381	0.00109	0.00545	0.00381	0.00163	0.00436
13	0.00382	0.00327	0.00327	0.00327	0.00436	0.00273	0.00245	0.00464	0.00736	0.00873	0.03273	0.03109	0.86500	0.00818	0.00382	0.00109	0.00164	0.00682	0.00300	0.00273
14	0.78208	0.00635	0.00511	0.00458	0.00655	0.00736	0.00373	0.01058	0.12617	0.01436	0.00572	0.00621	0.00440	0.00319	0.00218	0.00101	0.00251	0.00202	0.00218	0.00373
15	0.01210	0.01450	0.00923	0.00820	0.00999	0.75162	0.00623	0.13183	0.01001	0.00966	0.00538	0.00610	0.00435	0.00341	0.00296	0.00085	0.00551	0.00220	0.00189	0.00399
16	0.01399	0.00631	0.00800	0.00613	0.00865	0.00595	0.00507	0.20697	0.01060	0.67541	0.01161	0.01026	0.00743	0.00397	0.00324	0.00099	0.00293	0.00317	0.00382	0.00550
17	0.00608	0.00332	0.00349	0.00347	0.00425	0.00335	0.00258	0.05487	0.00717	0.01198	0.01141	0.13492	0.00997	0.00467	0.00258	0.00084	0.00167	0.00388	0.72640	0.00310
18	0.00561	0.00281	0.00421	0.00421	0.00421	0.00281	0.00281	0.00421	0.00421	0.00561	0.00561	0.00982	0.00561	0.01122	0.01263	0.90600	0.00281	0.00281	0.00140	0.00140
19	0.00681	0.15208	0.73729	0.00864	0.01310	0.00832	0.01094	0.01014	0.00678	0.00982	0.00559	0.00657	0.00410	0.00302	0.00291	0.00097	0.00457	0.00228	0.00137	0.00468
20	0.00394	0.00281	0.00375	0.00450	0.00469	0.00262	0.00300	0.00450	0.00619	0.00825	0.01781	0.88435	0.02137	0.01012	0.00412	0.00131	0.00187	0.00918	0.00300	0.00262
21	0.00462	0.00346	0.00519	0.00519	0.00577	0.00404	0.00404	0.00577	0.00519	0.00750	0.00865	0.01269	0.00808	0.02423	0.87366	0.00519	0.00865	0.00346	0.00173	0.00288
22	0.01060	0.00780	0.00830	0.00665	0.00883	0.00865	0.00540	0.57924	0.17117	0.01791	0.00915	0.00916	0.00670	0.00396	0.00310	0.00096	0.00308	0.00306	0.13120	0.00507
23	0.00526	0.00457	0.00767	0.02656	0.15453	0.00441	0.12148	0.00644	0.00666	0.00901	0.01396	0.54634	0.01580	0.00765	0.00392	0.00123	0.00282	0.05583	0.00254	0.00333
24	0.00648	0.01671	0.86972	0.00921	0.01398	0.00750	0.01194	0.01023	0.00682	0.01023	0.00580	0.00682	0.00409	0.00307	0.00307	0.00102	0.00477	0.00239	0.00136	0.00477
25	0.00707	0.00707	0.00990	0.00848	0.00848	0.00990	0.00707	0.00777	0.00495	0.00777	0.00424	0.00707	0.00424	0.00565	0.01060	0.00141	0.88055	0.00283	0.00141	0.00353
26	0.90928	0.00625	0.00475	0.00425	0.00625	0.00725	0.00350	0.00950	0.00550	0.01449	0.00450	0.00525	0.00350	0.00300	0.00200	0.00100	0.00250	0.00175	0.00200	0.00350
27	0.00382	0.00327	0.00327	0.00327	0.00436	0.00273	0.00245	0.00464	0.00736	0.00873	0.03273	0.03109	0.86500	0.00818	0.00382	0.00109	0.00164	0.00682	0.00300	0.00273
28	0.13491	0.03860	0.01087	0.25530	0.19293	0.02654	0.12898	0.01046	0.10264	0.04083	0.00699	0.00885	0.00547	0.00330	0.00312	0.00103	0.00384	0.01917	0.00191	0.00426
29	0.00682	0.00599	0.03744	0.00552	0.02968	0.00472	0.00442	0.04394	0.00692	0.02767	0.00639	0.00771	0.00533	0.00561	0.12546	0.00121	0.00345	0.00224	0.00196	0.66752
30	0.00865	0.81949	0.03408	0.00568	0.00845	0.01244	0.00566	0.02847	0.03738	0.00815	0.00490	0.00552	0.00438	0.00285	0.00216	0.00072	0.00345	0.00184	0.00149	0.00422
31	0.90928	0.00625	0.00475	0.00425	0.00625	0.00725	0.00350	0.00950	0.00550	0.01449	0.00450	0.00525	0.00350	0.00300	0.00200	0.00100	0.00250	0.00175	0.00200	0.00350
32	0.00563	0.00482	0.00723	0.00787	0.12768	0.00576	0.00540	0.00672	0.00542	0.00792	0.00743	0.01131	0.00705	0.06762	0.51440	0.00366	0.19584	0.00331	0.00166	0.00329
33	0.00543	0.00319	0.00428	0.00467	0.00519	0.00292	0.00325	0.00609	0.00662	0.12967	0.01709	0.76108	0.01948	0.00926	0.00400	0.00127	0.00200	0.00835	0.00314	0.00303
34	0.00714	0.03620	0.28340	0.01009	0.03015	0.00727	0.34959	0.03958	0.02531	0.02978	0.12803	0.01058	0.02055	0.00356	0.00347	0.00104	0.00435	0.00357	0.00197	0.00437
35	0.13490	0.27699	0.36785	0.00686	0.01035	0.00877	0.00774	0.03313	0.00683	0.02792	0.00541	0.00620	0.00421	0.00294	0.00256	0.00087	0.00376	0.00209	0.00162	0.08901
36	0.65990	0.15509	0.07422	0.00493	0.00728	0.00825	0.00456	0.02210	0.02006	0.01308	0.00479	0.00551	0.00379	0.00300	0.00213	0.00095	0.00285	0.00184	0.00189	0.00376

[dist]
# distance from previous block
# <min> <max>
1	8

[block]
# block no. 1 follows, 88 sequences, length 232
# corresponding to MSA columns:
# 50-281
name=unknown_B
#
# <colnr> <probs for GDERKNQSTAVLIFYWHMCP>
#	G	D	E	R	K	N	Q	S	T	A	V	L	I	F	Y	W	H	M	C	P
0	0.00771	0.10018	0.63079	0.00869	0.01271	0.16604	0.01028	0.01066	0.00722	0.00955	0.00553	0.00648	0.00411	0.00309	0.00295	0.00096	0.00484	0.00227	0.00142	0.00453
1	0.17146	0.01447	0.68610	0.00820	0.01240	0.00737	0.01018	0.01026	0.00665	0.03668	0.00577	0.00666	0.00410	0.00308	0.00288	0.00102	0.00430	0.00230	0.00156	0.00456
2	0.73288	0.00796	0.00562	0.00504	0.00698	0.16536	0.00404	0.02208	0.00630	0.01338	0.00463	0.00539	0.00365	0.00307	0.00218	0.00097	0.00312	0.00183	0.00196	0.00357
3	0.00468	0.00320	0.00386	0.00386	0.00398	0.00332	0.00238	0.00491	0.00480	0.00651	0.00987	0.01943	0.01100	0.71210	0.18979	0.00355	0.00425	0.00445	0.00191	0.00215
4	0.03112	0.00885	0.00950	0.00730	0.00987	0.00975	0.00603	0.80442	0.01475	0.05400	0.00789	0.00783	0.00555	0.00386	0.00321	0.00097	0.00350	0.00290	0.00324	0.00545
5	0.00804	0.00694	0.00731	0.00657	0.00840	0.00804	0.00511	0.01717	0.86047	0.01351	0.01315	0.01205	0.00986	0.00438	0.00329	0.00110	0.00256	0.00365	0.00329	0.00511
6	0.00454	0.00316	0.00348	0.00348	0.00368	0.00306	0.00205	0.00469	0.00518	0.00671	0.01429	0.02296	0.16745	0.72619	0.01414	0.00276	0.00286	0.00509	0.00215	0.00210
7	0.00470	0.00313	0.00352	0.00352	0.00352	0.00313	0.00196	0.00470	0.00470	0.00626	0.01018	0.02114	0.01175	0.88646	0.01644	0.00313	0.00313	0.00470	0.00196	0.00196
8	0.00940	0.00853	0.01092	0.00866	0.01047	0.10394	0.16854	0.29408	0.00951	0.03482	0.00665	0.00820	0.00530	0.00623	0.10026	0.00154	0.20335	0.00304	0.00220	0.00435
9	0.00651	0.01648	0.84485	0.00934	0.01407	0.00752	0.03657	0.01023	0.00684	0.01023	0.00582	0.00688	0.00412	0.00306	0.00309	0.00103	0.00479	0.00243	0.00137	0.00476
10	0.00812	0.00698	0.00735	0.00659	0.00843	0.00807	0.00513	0.03295	0.84456	0.01364	0.01305	0.01197	0.00978	0.00437	0.00329	0.00109	0.00258	0.00364	0.00329	0.00512
11	0.68836	0.00681	0.00767	0.02256	0.00866	0.00754	0.15902	0.04678	0.00633	0.01388	0.00504	0.00605	0.00386	0.00299	0.00241	0.00102	0.00312	0.00220	0.00198	0.00374
12	0.03646	0.00789	0.00933	0.02565	0.16561	0.05743	0.00644	0.38275	0.03551	0.07986	0.00768	0.00862	0.00587	0.00634	0.11553	0.00153	0.03719	0.00294	0.00257	0.00481
13	0.90928	0.00625	0.00475	0.00425	0.00625	0.00725	0.00350	0.00950	0.00550	0.01449	0.00450	0.00525	0.00350	0.00300	0.00200	0.00100	0.00250	0.00175	0.00200	0.00350
14	0.00878	0.00793	0.01249	0.01757	0.71005	0.00810	0.00923	0.16422	0.00879	0.01234	0.00638	0.00795	0.00519	0.00306	0.00320	0.00096	0.00379	0.00288	0.00190	0.00519
15	0.00465	0.00332	0.00446	0.00446	0.00478	0.00364	0.00312	0.00530	0.00498	0.00696	0.00932	0.01640	0.00969	0.40308	0.49701	0.00429	0.00623	0.00400	0.00183	0.00248
16	0.00455	0.00330	0.00429	0.00404	0.00481	0.00304	0.00303	0.00605	0.00909	0.01283	0.84028	0.02434	0.05488	0.00665	0.00381	0.00102	0.00153	0.00587	0.00354	0.00304
17	0.00670	0.00574	0.00670	0.00479	0.00766	0.00431	0.00383	0.00813	0.00670	0.01053	0.00574	0.00670	0.00479	0.00239	0.00239	0.00048	0.00239	0.00191	0.00191	0.90621
18	0.00610	0.00574	0.00969	0.87870	0.02225	0.00718	0.00897	0.00825	0.00646	0.00825	0.00574	0.00861	0.00431	0.00323	0.00323	0.00108	0.00431	0.00287	0.00144	0.00359
19	0.02163	0.00645	0.00791	0.00620	0.00862	0.00632	0.00508	0.19367	0.12214	0.56874	0.01166	0.01039	0.00767	0.00401	0.00324	0.00101	0.00289	0.00322	0.00372	0.00543
20	0.00400	0.00302	0.00370	0.00408	0.00462	0.00272	0.00285	0.00479	0.00698	0.00912	0.15386	0.50510	0.26541	0.00902	0.00399	0.00120	0.00175	0.00798	0.00309	0.00272
21	0.00485	0.00356	0.00502	0.00495	0.00548	0.00405	0.00372	0.03042	0.00539	0.00765	0.00891	0.01409	0.00867	0.18097	0.69179	0.00469	0.00750	0.00367	0.00182	0.00279
22	0.00458	0.00327	0.00415	0.00396	0.00459	0.00306	0.00285	0.00580	0.00827	0.01158	0.67689	0.02390	0.05136	0.16723	0.00612	0.00141	0.00183	0.01306	0.00324	0.00284
23	0.00864	0.88841	0.01693	0.00553	0.00829	0.01278	0.00553	0.00967	0.00656	0.00760	0.00449	0.00518	0.00415	0.00276	0.00207	0.00069	0.00345	0.00173	0.00138	0.00415
24	0.00546	0.00395	0.00483	0.00503	0.00566	0.00397	0.00357	0.15980	0.00783	0.01046	0.01597	0.72439	0.01847	0.00898	0.00396	0.00125	0.00218	0.00804	0.00304	0.00315
25	0.00687	0.17578	0.71410	0.00854	0.01294	0.00847	0.01077	0.01013	0.00677	0.00975	0.00556	0.00652	0.00410	0.00301	0.00289	0.00096	0.00453	0.00227	0.00137	0.00466
26	0.00772	0.00635	0.00725	0.00527	0.00809	0.00535	0.00425	0.16277	0.00825	0.01232	0.00611	0.00689	0.00491	0.00266	0.00255	0.00057	0.00260	0.00210	0.00215	0.74185
27	0.01251	0.01348	0.00886	0.00784	0.00967	0.70021	0.00597	0.02782	0.00928	0.16517	0.00646	0.00680	0.00488	0.00346	0.00298	0.00087	0.00523	0.00231	0.00212	0.00410
28	0.00638	0.00370	0.00490	0.00437	0.00545	0.00336	0.00336	0.00786	0.00916	0.16908	0.70916	0.02174	0.02638	0.00613	0.00371	0.00101	0.00175	0.00537	0.00364	0.00350
29	0.00394	0.00319	0.00350	0.00360	0.00448	0.00275	0.00263	0.00481	0.00739	0.00920	0.14081	0.18587	0.59990	0.00833	0.00387	0.00112	0.00166	0.00712	0.00307	0.00275
30	0.00864	0.88841	0.01693	0.00553	0.00829	0.01278	0.00553	0.00967	0.00656	0.00760	0.00449	0.00518	0.00415	0.00276	0.00207	0.00069	0.00345	0.00173	0.00138	0.00415
31	0.00599	0.01426	0.71161	0.00813	0.01223	0.00663	0.01021	0.00921	0.00692	0.00996	0.01071	0.01125	0.16119	0.00400	0.00321	0.00104	0.00420	0.00320	0.00166	0.00440
32	0.00442	0.00321	0.00417	0.00411	0.00478	0.00296	0.00301	0.00574	0.00853	0.01192	0.67485	0.18140	0.06416	0.00731	0.00387	0.00107	0.00159	0.00649	0.00343	0.00296
33	0.00610	0.00574	0.00969	0.87870	0.02225	0.00718	0.00897	0.00825	0.00646	0.00825	0.00574	0.00861	0.00431	0.00323	0.00323	0.00108	0.00431	0.00287	0.00144	0.00359
34	0.00944	0.00864	0.00803	0.00700	0.00894	0.14301	0.00548	0.16949	0.57381	0.01389	0.01090	0.01030	0.00818	0.00413	0.00322	0.00103	0.00325	0.00327	0.00302	0.00497
35	0.74493	0.16722	0.00697	0.00448	0.00662	0.00826	0.00387	0.00953	0.00569	0.01324	0.00450	0.00524	0.00362	0.00296	0.00201	0.00094	0.00267	0.00175	0.00189	0.00362
36	0.00847	0.00654	0.02747	0.07943	0.35205	0.00616	0.00703	0.02198	0.05264	0.16604	0.04721	0.02431	0.03368	0.00368	0.00318	0.00094	0.00320	0.01780	0.00235	0.13584
37	0.00646	0.00383	0.00541	0.00507	0.00590	0.00410	0.00387	0.00744	0.00585	0.16443	0.00959	0.01367	0.00860	0.15935	0.56485	0.00404	0.01853	0.00361	0.00218	0.00322
38	0.02356	0.00744	0.01254	0.11971	0.74490	0.00763	0.00966	0.01746	0.00729	0.01044	0.00603	0.00802	0.00500	0.00293	0.00318	0.00097	0.00387	0.00286	0.00160	0.00491
39	0.17325	0.51890	0.08222	0.00611	0.00873	0.12799	0.01779	0.01012	0.00674	0.00915	0.00469	0.00548	0.00404	0.00293	0.00235	0.00081	0.01127	0.00187	0.00154	0.00402
40	0.00402	0.00285	0.00372	0.00439	0.00456	0.00268	0.00289	0.00452	0.00602	0.00803	0.01697	0.79013	0.02032	0.10577	0.00547	0.00151	0.00201	0.00869	0.00289	0.00255
41	0.00470	0.00313	0.00352	0.00352	0.00352	0.00313	0.00196	0.00470	0.00470	0.00626	0.01018	0.02114	0.01175	0.88646	0.01644	0.00313	0.00313	0.00470	0.00196	0.00196
42	0.00679	0.00668	0.00967	0.16715	0.01089	0.00917	0.00729	0.00778	0.00523	0.00785	0.00469	0.00757	0.00441	0.00595	0.04362	0.00150	0.68594	0.00286	0.00143	0.00352
43	0.00674	0.00586	0.00719	0.00514	0.00802	0.00446	0.03770	0.00822	0.00674	0.01052	0.00577	0.00678	0.00479	0.00241	0.00245	0.00050	0.00251	0.00199	0.00190	0.87031
44	0.00694	0.20126	0.68917	0.00843	0.01278	0.00862	0.01058	0.01011	0.00677	0.00967	0.00552	0.00647	0.00410	0.00300	0.00286	0.00095	0.00450	0.00225	0.00137	0.00464
45	0.00719	0.00753	0.01606	0.01173	0.01434	0.00709	0.68311	0.00912	0.00697	0.00944	0.00658	0.02540	0.00534	0.00441	0.00543	0.16622	0.00490	0.00373	0.00162	0.00379
46	0.00391	0.00290	0.00366	0.00427	0.00463	0.00264	0.00290	0.00452	0.00640	0.00833	0.02053	0.72865	0.17531	0.00977	0.00407	0.00127	0.00183	0.00875	0.00300	0.00264
47	0.00536	0.00433	0.00444	0.00403	0.00540	0.00406	0.00313	0.15991	0.00879	0.01085	0.02817	0.02683	0.70816	0.00740	0.00371	0.00107	0.00199	0.00610	0.00304	0.00323
48	0.01198	0.00951	0.00897	0.00726	0.00955	0.17676	0.00583	0.46407	0.12578	0.13431	0.00863	0.00840	0.00616	0.00386	0.00318	0.00096	0.00375	0.00289	0.00304	0.00510
49	0.74482	0.00637	0.00521	0.00467	0.00664	0.00739	0.00379	0.01090	0.16151	0.01432	0.00608	0.00649	0.00466	0.00325	0.00223	0.00102	0.00251	0.00210	0.00223	0.00379
50	0.00723	0.00686	0.01120	0.01653	0.69109	0.00678	0.00845	0.00910	0.02519	0.01028	0.01109	0.01230	0.16213	0.00388	0.00331	0.00099	0.00341	0.00361	0.00189	0.00468
51	0.00648	0.01671	0.86972	0.00921	0.01398	0.00750	0.01194	0.01023	0.00682	0.01023	0.00580	0.00682	0.00409	0.00307	0.00307	0.00102	0.00477	0.00239	0.00136	0.00477
52	0.17299	0.72743	0.01471	0.00529	0.00792	0.01177	0.00516	0.00964	0.00637	0.00886	0.00449	0.00519	0.00403	0.00281	0.00206	0.00075	0.00328	0.00173	0.00149	0.00403
53	0.01409	0.00615	0.00790	0.00606	0.00857	0.00571	0.00500	0.16899	0.01033	0.71377	0.01184	0.01040	0.00754	0.00398	0.00325	0.00099	0.00290	0.00319	0.00386	0.00550
54	0.01449	0.00550	0.00750	0.00575	0.00825	0.00475	0.00475	0.01574	0.00925	0.86855	0.01275	0.01100	0.00800	0.00400	0.00325	0.00100	0.00275	0.00325	0.00400	0.00550
55	0.01211	0.01424	0.00925	0.00816	0.00999	0.71592	0.00622	0.16666	0.01026	0.01018	0.00550	0.00618	0.00440	0.00343	0.00297	0.00086	0.00541	0.00223	0.00195	0.00406
56	0.01133	0.01385	0.00882	0.00800	0.00970	0.71556	0.00604	0.01368	0.16450	0.00893	0.00648	0.00696	0.00520	0.00352	0.00298	0.00088	0.00523	0.00237	0.00196	0.00400
57	0.00462	0.00346	0.00519	0.00519	0.00577	0.00404	0.00404	0.00577	0.00519	0.00750	0.00865	0.01269	0.00808	0.02423	0.87366	0.00519	0.00865	0.00346	0.00173	0.00288
58	0.01449	0.00550	0.00750	0.00575	0.00825	0.00475	0.00475	0.01574	0.00925	0.86855	0.01275	0.01100	0.00800	0.00400	0.00325	0.00100	0.00275	0.00325	0.00400	0.00550
59	0.00614	0.00578	0.00976	0.86075	0.03989	0.00719	0.00899	0.00829	0.00648	0.00830	0.00575	0.00860	0.00432	0.00322	0.00323	0.00107	0.00430	0.00287	0.00144	0.00362
60	0.90928	0.00625	0.00475	0.00425	0.00625	0.00725	0.00350	0.00950	0.00550	0.01449	0.00450	0.00525	0.00350	0.00300	0.00200	0.00100	0.00250	0.00175	0.00200	0.00350
61	0.00681	0.00670	0.00969	0.16716	0.01090	0.00919	0.00731	0.00779	0.00523	0.00785	0.00467	0.00755	0.00439	0.00586	0.03945	0.00148	0.69015	0.00286	0.00143	0.00352
62	0.00462	0.00346	0.00519	0.00519	0.00577	0.00404	0.00404	0.00577	0.00519	0.00750	0.00865	0.01269	0.00808	0.02423	0.87366	0.00519	0.00865	0.00346	0.00173	0.00288
63	0.00740	0.00628	0.00676	0.00612	0.00775	0.00713	0.00474	0.01515	0.70512	0.01341	0.16852	0.01426	0.01362	0.00479	0.00338	0.00108	0.00237	0.00405	0.00334	0.00474
64	0.00450	0.00329	0.00424	0.00417	0.00486	0.00306	0.00306	0.00599	0.02634	0.01196	0.66361	0.18109	0.05715	0.00725	0.00386	0.00107	0.00161	0.00644	0.00343	0.00300
65	0.90928	0.00625	0.00475	0.00425	0.00625	0.00725	0.00350	0.00950	0.00550	0.01449	0.00450	0.00525	0.00350	0.00300	0.00200	0.00100	0.00250	0.00175	0.00200	0.00350
66	0.00654	0.00599	0.00943	0.62396	0.08879	0.00677	0.00803	0.03219	0.00682	0.00920	0.00583	0.00819	0.00449	0.00307	0.00307	0.00095	0.00390	0.00270	0.00159	0.16848
67	0.00705	0.23008	0.62712	0.00848	0.01270	0.00882	0.04360	0.01010	0.00679	0.00959	0.00551	0.00649	0.00414	0.00298	0.00285	0.00094	0.00448	0.00228	0.00138	0.00460
68	0.00466	0.00389	0.00528	0.00682	0.16178	0.00360	0.00405	0.00556	0.00682	0.00882	0.02114	0.37743	0.33683	0.02637	0.00410	0.00120	0.00218	0.01363	0.00272	0.00311
69	0.00405	0.00308	0.00374	0.00415	0.00469	0.00281	0.00290	0.00495	0.02463	0.00888	0.08835	0.53581	0.27482	0.00913	0.00399	0.00122	0.00180	0.01519	0.00305	0.00274
70	0.08751	0.60546	0.21660	0.00628	0.00945	0.01105	0.00686	0.00979	0.00653	0.00883	0.00480	0.00557	0.00408	0.00286	0.00230	0.00080	0.00368	0.00188	0.00143	0.00424
71	0.00765	0.44093	0.32320	0.00724	0.01073	0.00990	0.05055	0.01002	0.03169	0.00907	0.00541	0.00626	0.00438	0.00289	0.00258	0.00083	0.00393	0.00214	0.00148	0.06913
72	0.00624	0.00374	0.00467	0.00420	0.00538	0.00334	0.00324	0.00763	0.01874	0.16804	0.49272	0.02332	0.23321	0.00649	0.00370	0.00103	0.00179	0.00559	0.00350	0.00344
73	0.00513	0.01412	0.07231	0.00520	0.00616	0.01468	0.00426	0.05028	0.02715	0.01031	0.18291	0.42636	0.03127	0.00800	0.00390	0.00121	0.00234	0.11808	0.01317	0.00316
74	0.00889	0.57952	0.16184	0.00667	0.00958	0.16894	0.00676	0.01036	0.00708	0.00811	0.00481	0.00558	0.00414	0.00292	0.00240	0.00077	0.00411	0.00191	0.00143	0.00418
75	0.00728	0.00640	0.00979	0.69460	0.04470	0.00771	0.00848	0.16291	0.00808	0.01053	0.00612	0.00844	0.00455	0.00334	0.00323	0.00105	0.00416	0.00288	0.00177	0.00398
76	0.00400	0.00323	0.00355	0.00357	0.00450	0.00279	0.00264	0.00495	0.00764	0.00962	0.21552	0.11306	0.59760	0.00802	0.00385	0.00110	0.00163	0.00683	0.00312	0.00279
77	0.01521	0.00575	0.00964	0.86988	0.02209	0.00718	0.00892	0.00827	0.00645	0.00832	0.00573	0.00858	0.00430	0.00323	0.00322	0.00108	0.00429	0.00286	0.00144	0.00359
78	0.00748	0.00715	0.01217	0.25548	0.63472	0.00754	0.00966	0.00946	0.00711	0.00992	0.00599	0.00817	0.00489	0.00297	0.00321	0.00099	0.00397	0.00288	0.00155	0.00470
79	0.00484	0.00348	0.00458	0.00494	0.00570	0.00331	0.00403	0.00613	0.00772	0.02275	0.22043	0.12479	0.14983	0.00832	0.00416	0.00129	0.00230	0.41532	0.00313	0.00295
80	0.01237	0.00671	0.00798	0.00636	0.00871	0.00684	0.00518	0.21985	0.22013	0.45237	0.01163	0.01047	0.00785	0.00406	0.00325	0.00102	0.00290	0.00327	0.00364	0.00540
81	0.00822	0.71946	0.18221	0.00624	0.00939	0.01176	0.00677	0.00978	0.00661	0.00811	0.00474	0.00550	0.00414	0.00282	0.00227	0.00076	0.00371	0.00186	0.00138	0.00427
82	0.00770	0.00813	0.01533	0.01123	0.01392	0.06586	0.62914	0.02241	0.00768	0.01064	0.00718	0.00911	0.00548	0.00297	0.00346	0.00101	0.00473	0.00354	0.16640	0.00409
83	0.00609	0.00308	0.00309	0.00306	0.00384	0.00309	0.00230	0.01729	0.00687	0.01214	0.01051	0.01200	0.00825	0.00377	0.00227	0.00076	0.00153	0.00301	0.89402	0.00304
84	0.18496	0.67464	0.01419	0.00540	0.00797	0.04005	0.00516	0.02171	0.00656	0.00914	0.00456	0.00525	0.00404	0.00284	0.00210	0.00076	0.00335	0.00176	0.00154	0.00403
85	0.74454	0.00816	0.16259	0.00515	0.00766	0.00729	0.00504	0.00963	0.00574	0.01372	0.00474	0.00554	0.00361	0.00301	0.00219	0.00100	0.00291	0.00187	0.00188	0.00373
86	0.00394	0.00281	0.00375	0.00450	0.00469	0.00262	0.00300	0.00450	0.00619	0.00825	0.01781	0.88435	0.02137	0.01012	0.00412	0.00131	0.00187	0.00918	0.00300	0.00262
87	0.00769	0.00853	0.01798	0.01475	0.17189	0.00808	0.70044	0.01027	0.00758	0.01039	0.00645	0.00858	0.00494	0.00275	0.00370	0.00107	0.00515	0.00364	0.00163	0.00450
88	0.90928	0.00625	0.00475	0.00425	0.00625	0.00725	0.00350	0.00950	0.00550	0.01449	0.00450	0.00525	0.00350	0.00300	0.00200	0.00100	0.00250	0.00175	0.00200	0.00350
89	0.00454	0.00316	0.00348	0.00348	0.00368	0.00306	0.00205	0.00469	0.00518	0.00671	0.01429	0.02296	0.16745	0.72619	0.01414	0.00276	0.00286	0.00509	0.00215	0.00210
90	0.00405	0.00292	0.00383	0.00436	0.00470	0.00271	0.00298	0.00480	0.00678	0.00913	0.17308	0.68472	0.06521	0.00938	0.00405	0.00125	0.00180	0.00846	0.00310	0.00271
91	0.00454	0.00316	0.00348	0.00348	0.00368	0.00306	0.00205	0.00469	0.00518	0.00671	0.01429	0.02296	0.16745	0.72619	0.01414	0.00276	0.00286	0.00509	0.00215	0.00210
92	0.00764	0.00658	0.00688	0.00619	0.00784	0.03248	0.00480	0.03826	0.65680	0.01344	0.16813	0.01396	0.01334	0.00474	0.00337	0.00107	0.00249	0.00399	0.00329	0.00471
93	0.00689	0.00683	0.00986	0.16728	0.01099	0.00940	0.00742	0.00786	0.00522	0.00786	0.00451	0.00735	0.00425	0.00521	0.00926	0.00135	0.72065	0.00284	0.00142	0.00354
94	0.17597	0.00854	0.00879	0.00685	0.00933	0.00951	0.00566	0.70115	0.01342	0.01929	0.00716	0.00730	0.00513	0.00372	0.00301	0.00098	0.00336	0.00270	0.00301	0.00513
95	0.00426	0.00302	0.00399	0.00464	0.00491	0.00289	0.00327	0.00492	0.00623	0.00826	0.01675	0.62414	0.01969	0.11700	0.00569	0.00157	0.00223	0.16108	0.00287	0.00261
96	0.90928	0.00625	0.00475	0.00425	0.00625	0.00725	0.00350	0.00950	0.00550	0.01449	0.00450	0.00525	0.00350	0.00300	0.00200	0.00100	0.00250	0.00175	0.00200	0.00350
97	0.90928	0.00625	0.00475	0.00425	0.00625	0.00725	0.00350	0.00950	0.00550	0.01449	0.00450	0.00525	0.00350	0.00300	0.00200	0.00100	0.00250	0.00175	0.00200	0.00350
98	0.90928	0.00625	0.00475	0.00425	0.00625	0.00725	0.00350	0.00950	0.00550	0.01449	0.00450	0.00525	0.00350	0.00300	0.00200	0.00100	0.00250	0.00175	0.00200	0.00350
99	0.00804	0.00694	0.00731	0.00657	0.00840	0.00804	0.00511	0.01717	0.86047	0.01351	0.01315	0.01205	0.00986	0.00438	0.00329	0.00110	0.00256	0.00365	0.00329	0.00511
100	0.90928	0.00625	0.00475	0.00425	0.00625	0.00725	0.00350	0.00950	0.00550	0.01449	0.00450	0.00525	0.00350	0.00300	0.00200	0.00100	0.00250	0.00175	0.00200	0.00350
101	0.01228	0.00905	0.00970	0.00743	0.01002	0.01002	0.00614	0.85554	0.01519	0.02036	0.00776	0.00776	0.00549	0.00388	0.00323	0.00097	0.00356	0.00291	0.00323	0.00549
102	0.90928	0.00625	0.00475	0.00425	0.00625	0.00725	0.00350	0.00950	0.00550	0.01449	0.00450	0.00525	0.00350	0.00300	0.00200	0.00100	0.00250	0.00175	0.00200	0.00350
103	0.00409	0.00288	0.00370	0.00430	0.00445	0.00273	0.00279	0.00454	0.00589	0.00785	0.01628	0.71121	0.01944	0.18590	0.00659	0.00168	0.00213	0.00828	0.00279	0.00249
104	0.90928	0.00625	0.00475	0.00425	0.00625	0.00725	0.00350	0.00950	0.00550	0.01449	0.00450	0.00525	0.00350	0.00300	0.00200	0.00100	0.00250	0.00175	0.00200	0.00350
105	0.01254	0.00863	0.00944	0.00724	0.00981	0.00940	0.00598	0.75731	0.01449	0.11957	0.00834	0.00814	0.00579	0.00389	0.00323	0.00097	0.00346	0.00295	0.00332	0.00549
106	0.16914	0.00344	0.00393	0.00445	0.00497	0.00347	0.00309	0.00541	0.00606	0.00939	0.01538	0.72393	0.01811	0.00882	0.00374	0.00126	0.00199	0.00783	0.00282	0.00278
107	0.00391	0.00292	0.00364	0.00421	0.00461	0.00265	0.00287	0.00453	0.00646	0.00836	0.02127	0.68612	0.21737	0.00967	0.00405	0.00126	0.00182	0.00863	0.00300	0.00265
108	0.00391	0.00290	0.00366	0.00427	0.00463	0.00264	0.00290	0.00452	0.00640	0.00833	0.02053	0.72865	0.17531	0.00977	0.00407	0.00127	0.00183	0.00875	0.00300	0.00264
109	0.00650	0.01658	0.85766	0.00936	0.02599	0.00751	0.01191	0.01023	0.00683	0.01024	0.00580	0.00684	0.00411	0.00307	0.00307	0.00102	0.00476	0.00239	0.00137	0.00478
110	0.00756	0.01168	0.30497	0.05896	0.01498	0.07566	0.38427	0.02789	0.00739	0.01005	0.00600	0.00772	0.00451	0.00313	0.00388	0.00106	0.06129	0.00306	0.00155	0.00438
111	0.00400	0.00284	0.00373	0.00442	0.00460	0.00266	0.00292	0.00451	0.00607	0.00809	0.01721	0.81718	0.02062	0.07831	0.00508	0.00145	0.00197	0.00884	0.00292	0.00257
112	0.01269	0.00840	0.00929	0.00713	0.00970	0.00906	0.00589	0.70229	0.01411	0.17514	0.00867	0.00835	0.00595	0.00390	0.00323	0.00098	0.00341	0.00297	0.00337	0.00549
113	0.00792	0.00791	0.05934	0.00608	0.00755	0.25400	0.01730	0.00905	0.00779	0.11465	0.04870	0.15834	0.15870	0.00743	0.07150	0.00138	0.00389	0.05240	0.00254	0.00353
114	0.00768	0.43609	0.43521	0.00741	0.01113	0.03439	0.00869	0.01004	0.00676	0.00890	0.00515	0.00600	0.00412	0.00293	0.00259	0.00086	0.00417	0.00206	0.00138	0.00444
115	0.00464	0.00337	0.00475	0.00475	0.00518	0.00380	0.00349	0.00549	0.00506	0.00717	0.00906	0.01492	0.00904	0.25157	0.64764	0.00465	0.00720	0.00379	0.00179	0.00264
116	0.70028	0.00659	0.00646	0.00721	0.16334	0.00738	0.00477	0.03436	0.01381	0.01389	0.00497	0.00590	0.00392	0.00301	0.00227	0.00099	0.00277	0.00201	0.00197	0.01408
117	0.00800	0.00768	0.01311	0.01983	0.86631	0.00768	0.00991	0.00991	0.00736	0.01055	0.00608	0.00800	0.00512	0.00288	0.00320	0.00096	0.00384	0.00288	0.00160	0.00512
118	0.00776	0.00732	0.01194	0.01708	0.70962	0.00706	0.00880	0.00959	0.00724	0.01055	0.00602	0.00776	0.00506	0.00279	0.00305	0.00087	0.00357	0.00270	0.00166	0.16955
119	0.01154	0.00819	0.00892	0.00706	0.00946	0.00901	0.00576	0.57469	0.20867	0.10800	0.00952	0.00908	0.00676	0.00401	0.00325	0.00100	0.00324	0.00312	0.00333	0.00541
120	0.00800	0.00768	0.01311	0.01983	0.86631	0.00768	0.00991	0.00991	0.00736	0.01055	0.00608	0.00800	0.00512	0.00288	0.00320	0.00096	0.00384	0.00288	0.00160	0.00512
121	0.00394	0.00281	0.00375	0.00450	0.00469	0.00262	0.00300	0.00450	0.00619	0.00825	0.01781	0.88435	0.02137	0.01012	0.00412	0.00131	0.00187	0.00918	0.00300	0.00262
122	0.00657	0.05141	0.83577	0.00906	0.01376	0.00771	0.01168	0.01021	0.00681	0.01013	0.00575	0.00676	0.00409	0.00306	0.00303	0.00101	0.00472	0.00236	0.00136	0.00475
123	0.00468	0.00319	0.00383	0.00383	0.00393	0.00330	0.00234	0.00489	0.00479	0.00649	0.00990	0.01960	0.01108	0.72912	0.17287	0.00351	0.00414	0.00447	0.00192	0.00213
124	0.01449	0.00550	0.00750	0.00575	0.00825	0.00475	0.00475	0.01574	0.00925	0.86855	0.01275	0.01100	0.00800	0.00400	0.00325	0.00100	0.00275	0.00325	0.00400	0.00550
125	0.00443	0.00330	0.00413	0.00392	0.00474	0.00299	0.00294	0.00583	0.00882	0.01218	0.71280	0.02540	0.18277	0.00689	0.00381	0.00103	0.00154	0.00602	0.00345	0.00299
126	0.00462	0.00346	0.00519	0.00519	0.00577	0.00404	0.00404	0.00577	0.00519	0.00750	0.00865	0.01269	0.00808	0.02423	0.87366	0.00519	0.00865	0.00346	0.00173	0.00288
127	0.00670	0.00574	0.00670	0.00479	0.00766	0.00431	0.00383	0.00813	0.00670	0.01053	0.00574	0.00670	0.00479	0.00239	0.00239	0.00048	0.00239	0.00191	0.00191	0.90621
128	0.04531	0.00629	0.00788	0.00606	0.00856	0.00597	0.00500	0.19665	0.01040	0.65575	0.01138	0.01010	0.00730	0.00394	0.00320	0.00099	0.00291	0.00312	0.00376	0.00543
129	0.00685	0.00574	0.00671	0.00480	0.00767	0.00432	0.00385	0.00828	0.00675	0.02746	0.00588	0.00678	0.00485	0.00242	0.00241	0.00049	0.00240	0.00194	0.00196	0.88843
130	0.17216	0.00819	0.01613	0.02232	0.04573	0.00797	0.65876	0.01015	0.00721	0.01109	0.00614	0.00805	0.00465	0.00279	0.00345	0.00107	0.00484	0.00339	0.00170	0.00422
131	0.00488	0.00385	0.00451	0.00451	0.00519	0.04044	0.00329	0.00646	0.04848	0.01138	0.53508	0.27073	0.02564	0.00740	0.00384	0.00110	0.00187	0.01500	0.00330	0.00305
132	0.01267	0.00847	0.00922	0.00711	0.00965	0.02887	0.00585	0.65997	0.02345	0.18830	0.00874	0.00840	0.00601	0.00390	0.00323	0.00097	0.00344	0.00297	0.00335	0.00545
133	0.00844	0.00703	0.00745	0.00661	0.00850	0.00808	0.00517	0.06803	0.78952	0.03365	0.01281	0.01177	0.00955	0.00434	0.00328	0.00109	0.00262	0.00360	0.00330	0.00515
134	0.17597	0.00854	0.00879	0.00685	0.00933	0.00951	0.00566	0.70115	0.01342	0.01929	0.00716	0.00730	0.00513	0.00372	0.00301	0.00098	0.00336	0.00270	0.00301	0.00513
135	0.00455	0.00330	0.00429	0.00404	0.00481	0.00304	0.00303	0.00605	0.00909	0.01283	0.84028	0.02434	0.05488	0.00665	0.00381	0.00102	0.00153	0.00587	0.00354	0.00304
136	0.00457	0.00330	0.00432	0.00406	0.00483	0.00305	0.00305	0.00610	0.00914	0.01296	0.86460	0.02413	0.03048	0.00660	0.00381	0.00102	0.00152	0.00584	0.00356	0.00305
137	0.00648	0.01671	0.86972	0.00921	0.01398	0.00750	0.01194	0.01023	0.00682	0.01023	0.00580	0.00682	0.00409	0.00307	0.00307	0.00102	0.00477	0.00239	0.00136	0.00477
138	0.00670	0.00574	0.00670	0.00479	0.00766	0.00431	0.00383	0.00813	0.00670	0.01053	0.00574	0.00670	0.00479	0.00239	0.00239	0.00048	0.00239	0.00191	0.00191	0.90621
139	0.00462	0.00346	0.00519	0.00519	0.00577	0.00404	0.00404	0.00577	0.00519	0.00750	0.00865	0.01269	0.00808	0.02423	0.87366	0.00519	0.00865	0.00346	0.00173	0.00288
140	0.01207	0.01540	0.00916	0.00832	0.00999	0.87349	0.00624	0.01290	0.00916	0.00791	0.00499	0.00583	0.00416	0.00333	0.00291	0.00083	0.00583	0.00208	0.00166	0.00375
141	0.00936	0.00753	0.00800	0.00681	0.00887	0.00857	0.00541	0.26073	0.60284	0.02759	0.01158	0.01079	0.00857	0.00423	0.00327	0.00106	0.00285	0.00343	0.00328	0.00523
142	0.00638	0.00370	0.00490	0.00437	0.00545	0.00336	0.00336	0.00786	0.00916	0.16908	0.70916	0.02174	0.02638	0.00613	0.00371	0.00101	0.00175	0.00537	0.00364	0.00350
143	0.00394	0.00281	0.00375	0.00450	0.00469	0.00262	0.00300	0.00450	0.00619	0.00825	0.01781	0.88435	0.02137	0.01012	0.00412	0.00131	0.00187	0.00918	0.00300	0.00262
144	0.00965	0.00681	0.00752	0.00647	0.00849	0.00752	0.00512	0.07954	0.62594	0.18615	0.01266	0.01152	0.00916	0.00427	0.00328	0.00107	0.00267	0.00352	0.00343	0.00522
145	0.00921	0.00668	0.00734	0.00642	0.00837	0.00744	0.00505	0.01691	0.70514	0.16954	0.01308	0.01186	0.00952	0.00431	0.00328	0.00108	0.00259	0.00358	0.00342	0.00518
146	0.00798	0.00859	0.00976	0.00845	0.00876	0.16748	0.00692	0.00871	0.00572	0.00780	0.00438	0.00684	0.00423	0.00523	0.00920	0.00131	0.72093	0.00269	0.00146	0.00357
147	0.00962	0.00681	0.00752	0.00648	0.00849	0.00754	0.00512	0.07954	0.62998	0.18210	0.01267	0.01152	0.00917	0.00427	0.00328	0.00107	0.00267	0.00352	0.00342	0.00522
148	0.00881	0.00732	0.00774	0.00673	0.00870	0.00840	0.00530	0.17015	0.70622	0.01476	0.01217	0.01127	0.00906	0.00429	0.00328	0.00107	0.00274	0.00352	0.00328	0.00518
149	0.00542	0.00511	0.00474	0.00520	0.00565	0.16154	0.00359	0.00603	0.00673	0.00819	0.01547	0.72404	0.01823	0.00888	0.00390	0.00122	0.00260	0.00789	0.00276	0.00283
150	0.17120	0.02571	0.66629	0.00813	0.01221	0.00737	0.01004	0.00995	0.00660	0.01095	0.00599	0.00769	0.00456	0.00329	0.00292	0.00103	0.00427	0.03579	0.00154	0.00446
151	0.00758	0.00793	0.00999	0.00856	0.00879	0.09651	0.02294	0.00834	0.00542	0.00784	0.00436	0.00697	0.00425	0.00537	0.00970	0.00135	0.77631	0.00277	0.00144	0.00357
152	0.01232	0.00569	0.00728	0.00572	0.00792	0.00531	0.00467	0.15295	0.01021	0.57207	0.16737	0.01286	0.01169	0.00445	0.00335	0.00100	0.00266	0.00367	0.00379	0.00505
153	0.00864	0.88841	0.01693	0.00553	0.00829	0.01278	0.00553	0.00967	0.00656	0.00760	0.00449	0.00518	0.00415	0.00276	0.00207	0.00069	0.00345	0.00173	0.00138	0.00415
154	0.00595	0.00303	0.00308	0.00306	0.00382	0.00301	0.00230	0.00746	0.00689	0.01209	0.05336	0.01265	0.00939	0.00391	0.00234	0.00077	0.00151	0.00315	0.85923	0.00301
155	0.00881	0.00732	0.00774	0.00673	0.00870	0.00840	0.00530	0.17015	0.70622	0.01476	0.01217	0.01127	0.00906	0.00429	0.00328	0.00107	0.00274	0.00352	0.00328	0.00518
156	0.00470	0.00313	0.00352	0.00352	0.00352	0.00313	0.00196	0.00470	0.00470	0.00626	0.01018	0.02114	0.01175	0.88646	0.01644	0.00313	0.00313	0.00470	0.00196	0.00196
157	0.00495	0.00364	0.00485	0.00546	0.00627	0.00354	0.00470	0.00632	0.00742	0.00950	0.01996	0.03547	0.17304	0.00879	0.00434	0.00142	0.00273	0.69169	0.00298	0.00293
158	0.00455	0.00330	0.00430	0.00406	0.00482	0.00304	0.00304	0.00605	0.00908	0.01283	0.84143	0.03629	0.04169	0.00668	0.00381	0.00102	0.00153	0.00590	0.00354	0.00304
159	0.00864	0.88841	0.01693	0.00553	0.00829	0.01278	0.00553	0.00967	0.00656	0.00760	0.00449	0.00518	0.00415	0.00276	0.00207	0.00069	0.00345	0.00173	0.00138	0.00415
160	0.01207	0.01540	0.00916	0.00832	0.00999	0.87349	0.00624	0.01290	0.00916	0.00791	0.00499	0.00583	0.00416	0.00333	0.00291	0.00083	0.00583	0.00208	0.00166	0.00375
161	0.00675	0.04006	0.69022	0.00991	0.01435	0.00777	0.16552	0.01024	0.00696	0.01018	0.00590	0.00712	0.00424	0.00300	0.00318	0.00103	0.00486	0.00263	0.00141	0.00468
162	0.01449	0.00550	0.00750	0.00575	0.00825	0.00475	0.00475	0.01574	0.00925	0.86855	0.01275	0.01100	0.00800	0.00400	0.00325	0.00100	0.00275	0.00325	0.00400	0.00550
163	0.00390	0.00324	0.00341	0.00354	0.00448	0.00278	0.00259	0.00478	0.01874	0.00870	0.02974	0.18654	0.69944	0.00848	0.00387	0.00113	0.00169	0.00721	0.00300	0.00274
164	0.00462	0.00346	0.00519	0.00519	0.00577	0.00404	0.00404	0.00577	0.00519	0.00750	0.00865	0.01269	0.00808	0.02423	0.87366	0.00519	0.00865	0.00346	0.00173	0.00288
165	0.00800	0.65689	0.08452	0.16516	0.01130	0.01133	0.00667	0.00946	0.00657	0.00793	0.00483	0.00594	0.00417	0.00287	0.00236	0.00079	0.00372	0.00199	0.00139	0.00410
166	0.00491	0.00362	0.00479	0.00537	0.00619	0.00351	0.00461	0.00625	0.00742	0.00947	0.02046	0.03529	0.20059	0.00876	0.00432	0.00140	0.00269	0.66443	0.00298	0.00292
167	0.00784	0.00367	0.00407	0.00367	0.00481	0.00355	0.00285	0.03390	0.00750	0.17730	0.01088	0.01172	0.00814	0.00381	0.00248	0.00081	0.00181	0.00305	0.70458	0.00356
168	0.00732	0.16756	0.01217	0.37666	0.32576	0.00841	0.00855	0.00943	0.03694	0.00916	0.00590	0.00788	0.00477	0.00306	0.00301	0.00096	0.00392	0.00269	0.00155	0.00430
169	0.00682	0.00647	0.01098	0.55405	0.34130	0.00737	0.00933	0.00888	0.00680	0.00912	0.00587	0.00838	0.00461	0.00310	0.00322	0.00103	0.00413	0.00287	0.00150	0.00417
170	0.01115	0.01353	0.00995	0.02273	0.17512	0.66379	0.00699	0.03368	0.00888	0.00874	0.00528	0.00634	0.00438	0.00328	0.00306	0.00087	0.01422	0.00227	0.00169	0.00405
171	0.00394	0.00281	0.00375	0.00450	0.00469	0.00262	0.00300	0.00450	0.00619	0.00825	0.01781	0.88435	0.02137	0.01012	0.00412	0.00131	0.00187	0.00918	0.00300	0.00262
172	0.18006	0.66411	0.01411	0.00543	0.00800	0.04607	0.00517	0.02308	0.00662	0.01683	0.00464	0.00531	0.00408	0.00286	0.00212	0.00076	0.00336	0.00178	0.00156	0.00404
173	0.00399	0.00342	0.00344	0.00341	0.00453	0.00294	0.00257	0.00515	0.04134	0.00895	0.03911	0.03027	0.82377	0.00802	0.00380	0.00109	0.00167	0.00668	0.00302	0.00283
174	0.01692	0.00661	0.00815	0.00614	0.00873	0.00616	0.04356	0.22925	0.03602	0.23005	0.04370	0.00902	0.00699	0.00344	0.00297	0.00081	0.00289	0.00281	0.00288	0.33290
175	0.00617	0.00774	0.16663	0.72003	0.02074	0.00724	0.00951	0.00862	0.00653	0.00862	0.00575	0.00829	0.00427	0.00320	0.00320	0.00107	0.00439	0.00278	0.00142	0.00381
176	0.00812	0.00570	0.00684	0.00496	0.00776	0.00439	0.00400	0.00952	0.00716	0.16710	0.00702	0.00748	0.00537	0.00269	0.00255	0.00057	0.00246	0.00216	0.00229	0.74185
177	0.02023	0.02794	0.01018	0.00970	0.16609	0.13687	0.00674	0.49412	0.06957	0.01595	0.00730	0.00773	0.00547	0.00362	0.00315	0.00095	0.00386	0.00279	0.00266	0.00509
178	0.00466	0.00315	0.00367	0.00370	0.00376	0.00319	0.00217	0.00478	0.00480	0.00645	0.01037	0.05605	0.01184	0.77818	0.08764	0.00323	0.00354	0.00478	0.00198	0.00206
179	0.03267	0.28794	0.08241	0.00709	0.03934	0.07420	0.00625	0.25722	0.00974	0.15530	0.00703	0.00720	0.00520	0.00337	0.00279	0.00088	0.00363	0.00245	0.00240	0.01288
180	0.01058	0.01177	0.00828	0.00733	0.00895	0.54146	0.00560	0.12978	0.03483	0.02543	0.16260	0.00972	0.00938	0.00408	0.00325	0.00090	0.01685	0.00296	0.00231	0.00393
181	0.00394	0.00281	0.00375	0.00450	0.00469	0.00262	0.00300	0.00450	0.00619	0.00825	0.01781	0.88435	0.02137	0.01012	0.00412	0.00131	0.00187	0.00918	0.00300	0.00262
182	0.01207	0.01540	0.00916	0.00832	0.00999	0.87349	0.00624	0.01290	0.00916	0.00791	0.00499	0.00583	0.00416	0.00333	0.00291	0.00083	0.00583	0.00208	0.00166	0.00375
183	0.08130	0.01223	0.00920	0.11449	0.02142	0.54482	0.03115	0.09736	0.02108	0.02976	0.00568	0.00663	0.00446	0.00335	0.00296	0.00091	0.00500	0.00234	0.00190	0.00398
184	0.00405	0.00300	0.00381	0.00437	0.00480	0.00275	0.00309	0.00478	0.00664	0.00865	0.05431	0.61402	0.18284	0.00951	0.00408	0.00127	0.00191	0.08041	0.00302	0.00269
185	0.00399	0.00328	0.00352	0.00346	0.00447	0.00280	0.00259	0.00498	0.00778	0.00971	0.22603	0.02947	0.67108	0.00782	0.00382	0.00107	0.00161	0.00659	0.00313	0.00280
186	0.01332	0.00576	0.00746	0.00590	0.00828	0.00535	0.00481	0.01600	0.16458	0.71252	0.01282	0.01119	0.00834	0.00407	0.00326	0.00102	0.00271	0.00332	0.00387	0.00543
187	0.00763	0.00871	0.01906	0.01362	0.01688	0.00817	0.85458	0.01035	0.00763	0.01035	0.00654	0.00871	0.00490	0.00272	0.00381	0.00109	0.00545	0.00381	0.00163	0.00436
188	0.16978	0.00387	0.00443	0.00412	0.00513	0.00383	0.00315	0.00683	0.00848	0.02309	0.69784	0.02054	0.02530	0.00592	0.00347	0.00101	0.00172	0.00507	0.00328	0.00316
189	0.00433	0.00327	0.00400	0.00385	0.00469	0.00294	0.00288	0.00561	0.00852	0.01155	0.59204	0.06038	0.26973	0.00720	0.00383	0.00105	0.00157	0.00626	0.00337	0.00294
190	0.01228	0.00905	0.00970	0.00743	0.01002	0.01002	0.00614	0.85554	0.01519	0.02036	0.00776	0.00776	0.00549	0.00388	0.00323	0.00097	0.00356	0.00291	0.00323	0.00549
191	0.17597	0.00854	0.00879	0.00685	0.00933	0.00951	0.00566	0.70115	0.01342	0.01929	0.00716	0.00730	0.00513	0.00372	0.00301	0.00098	0.00336	0.00270	0.00301	0.00513
192	0.00443	0.00321	0.00418	0.00412	0.00479	0.00296	0.00302	0.00576	0.00855	0.01195	0.68222	0.18134	0.05677	0.00730	0.00387	0.00107	0.00159	0.00649	0.00344	0.00296
193	0.00881	0.00732	0.00774	0.00673	0.00870	0.00840	0.00530	0.17015	0.70622	0.01476	0.01217	0.01127	0.00906	0.00429	0.00328	0.00107	0.00274	0.00352	0.00328	0.00518
194	0.01449	0.00550	0.00750	0.00575	0.00825	0.00475	0.00475	0.01574	0.00925	0.86855	0.01275	0.01100	0.00800	0.00400	0.00325	0.00100	0.00275	0.00325	0.00400	0.00550
195	0.01228	0.00905	0.00970	0.00743	0.01002	0.01002	0.00614	0.85554	0.01519	0.02036	0.00776	0.00776	0.00549	0.00388	0.00323	0.00097	0.00356	0.00291	0.00323	0.00549
196	0.00417	0.00298	0.00401	0.00476	0.00505	0.00282	0.00340	0.00490	0.00641	0.00851	0.01768	0.72963	0.02086	0.00990	0.00419	0.00134	0.00208	0.16162	0.00299	0.00269
197	0.00610	0.00574	0.00969	0.87870	0.02225	0.00718	0.00897	0.00825	0.00646	0.00825	0.00574	0.00861	0.00431	0.00323	0.00323	0.00108	0.00431	0.00287	0.00144	0.00359
198	0.00470	0.00313	0.00352	0.00352	0.00352	0.00313	0.00196	0.00470	0.00470	0.00626	0.01018	0.02114	0.01175	0.88646	0.01644	0.00313	0.00313	0.00470	0.00196	0.00196
199	0.00851	0.65950	0.02325	0.00556	0.00835	0.01100	0.00532	0.06612	0.00717	0.00902	0.00495	0.00565	0.00435	0.00277	0.00222	0.00067	0.00328	0.00185	0.00160	0.16885
200	0.90928	0.00625	0.00475	0.00425	0.00625	0.00725	0.00350	0.00950	0.00550	0.01449	0.00450	0.00525	0.00350	0.00300	0.00200	0.00100	0.00250	0.00175	0.00200	0.00350
201	0.01150	0.00880	0.01032	0.00970	0.16627	0.00959	0.00683	0.70123	0.01376	0.01857	0.00745	0.00780	0.00543	0.00370	0.00323	0.00097	0.00361	0.00290	0.00293	0.00543
202	0.00394	0.00281	0.00375	0.00450	0.00469	0.00262	0.00300	0.00450	0.00619	0.00825	0.01781	0.88435	0.02137	0.01012	0.00412	0.00131	0.00187	0.00918	0.00300	0.00262
203	0.01207	0.01540	0.00916	0.00832	0.00999	0.87349	0.00624	0.01290	0.00916	0.00791	0.00499	0.00583	0.00416	0.00333	0.00291	0.00083	0.00583	0.00208	0.00166	0.00375
