[name]
unknown

[dist]
# distance from previous block
# <min> <max>
2	3

[block]
# block no. 0 follows, 68 sequences, length 31
# corresponding to MSA columns:
# 3-33
name=unknown_A
#
# <colnr> <probs for GDERKNQSTAVLIFYWHMCP>
#	G	D	E	R	K	N	Q	S	T	A	V	L	I	F	Y	W	H	M	C	P
0	0.00799	0.02026	0.81942	0.01144	0.01725	0.00923	0.03509	0.01256	0.00840	0.01256	0.00714	0.00843	0.00505	0.00376	0.00379	0.00126	0.00588	0.00297	0.00168	0.00585
1	0.00579	0.00489	0.00516	0.00496	0.00642	0.00469	0.00377	0.00885	0.16700	0.01221	0.09851	0.03213	0.58119	0.00971	0.03558	0.00152	0.00253	0.00737	0.00375	0.00395
2	0.00482	0.00396	0.00424	0.00429	0.00547	0.00338	0.00317	0.00590	0.00917	0.01130	0.13785	0.11868	0.65398	0.01004	0.00472	0.00135	0.00202	0.00851	0.00377	0.00338
3	0.01061	0.00889	0.00939	0.00822	0.01059	0.01021	0.00646	0.13594	0.71268	0.01779	0.01519	0.01404	0.01134	0.00529	0.00402	0.00132	0.00331	0.00435	0.00402	0.00634
4	0.00484	0.00367	0.00438	0.00493	0.00552	0.00331	0.00337	0.00559	0.00796	0.01016	0.02743	0.52421	0.29920	0.06878	0.00595	0.00167	0.00231	0.00992	0.00359	0.00321
5	0.00972	0.01065	0.02222	0.01598	0.01979	0.01026	0.73774	0.06731	0.00987	0.01342	0.00802	0.01054	0.00604	0.00357	0.00493	0.00134	0.03653	0.00456	0.00213	0.00541
6	0.01120	0.00554	0.00711	0.00601	0.00800	0.00501	0.00475	0.03344	0.03957	0.37768	0.27660	0.06783	0.12637	0.00700	0.00435	0.00127	0.00268	0.00596	0.00446	0.00515
7	0.88866	0.00767	0.00583	0.00521	0.00767	0.00889	0.00429	0.01166	0.00675	0.01779	0.00552	0.00644	0.00429	0.00368	0.00245	0.00123	0.00307	0.00215	0.00245	0.00429
8	0.00936	0.01070	0.02340	0.01671	0.02072	0.01003	0.82152	0.01270	0.00936	0.01270	0.00802	0.01070	0.00602	0.00334	0.00468	0.00134	0.00668	0.00468	0.00201	0.00535
9	0.00739	0.00370	0.00370	0.00370	0.00462	0.00370	0.00277	0.00924	0.00831	0.01478	0.01293	0.01478	0.01016	0.00462	0.00277	0.00092	0.00185	0.00370	0.88267	0.00370
10	0.88866	0.00767	0.00583	0.00521	0.00767	0.00889	0.00429	0.01166	0.00675	0.01779	0.00552	0.00644	0.00429	0.00368	0.00245	0.00123	0.00307	0.00215	0.00245	0.00429
11	0.01481	0.01890	0.01124	0.01021	0.01226	0.84474	0.00766	0.01583	0.01124	0.00970	0.00613	0.00715	0.00511	0.00409	0.00358	0.00102	0.00715	0.00255	0.00204	0.00460
12	0.00925	0.01027	0.02105	0.01583	0.04892	0.01040	0.64144	0.01210	0.00874	0.01213	0.00748	0.01029	0.00588	0.00401	0.00619	0.00140	0.16307	0.00441	0.00195	0.00520
13	0.00547	0.00405	0.00510	0.00484	0.00584	0.00368	0.00363	0.00721	0.01089	0.01510	0.71221	0.03093	0.15953	0.00840	0.00468	0.00126	0.00189	0.00735	0.00426	0.00368
14	0.85417	0.00763	0.00596	0.00529	0.00776	0.00877	0.00435	0.01196	0.00693	0.05030	0.00592	0.00672	0.00451	0.00373	0.00251	0.00123	0.00308	0.00222	0.00255	0.00439
15	0.00845	0.00890	0.09313	0.05262	0.26217	0.00778	0.14716	0.05588	0.02176	0.02731	0.01210	0.20968	0.02690	0.04189	0.00501	0.00144	0.00447	0.00569	0.00258	0.00509
16	0.00877	0.00983	0.05589	0.02957	0.07006	0.00909	0.53579	0.02526	0.01912	0.01232	0.02772	0.04261	0.00821	0.07294	0.01946	0.00162	0.03971	0.00481	0.00218	0.00503
17	0.00562	0.00394	0.00509	0.00520	0.00548	0.00417	0.00347	0.00621	0.00620	0.00852	0.01290	0.11857	0.01416	0.46339	0.31527	0.00450	0.00610	0.00586	0.00245	0.00291
18	0.00689	0.00344	0.00517	0.00517	0.00517	0.00344	0.00344	0.00517	0.00517	0.00689	0.00689	0.01205	0.00689	0.01377	0.01550	0.88464	0.00344	0.00344	0.00172	0.00172
19	0.03798	0.01292	0.07930	0.01096	0.03693	0.16134	0.13776	0.42481	0.01422	0.01850	0.00851	0.02294	0.00643	0.00439	0.00397	0.00120	0.00529	0.00360	0.00302	0.00592
20	0.00929	0.01057	0.02299	0.04598	0.02095	0.00998	0.79309	0.01261	0.00931	0.01261	0.00799	0.01069	0.00599	0.00336	0.00465	0.00134	0.00664	0.00464	0.00200	0.00531
21	0.00496	0.00359	0.00471	0.00554	0.00592	0.00335	0.00385	0.00578	0.00789	0.01041	0.03711	0.71519	0.08895	0.01205	0.00506	0.00160	0.00238	0.07472	0.00369	0.00327
22	0.01332	0.00581	0.00725	0.00596	0.00816	0.00535	0.00478	0.06450	0.01058	0.46299	0.01533	0.05883	0.03070	0.00533	0.00367	0.00115	0.00286	0.00436	0.28356	0.00551
23	0.01010	0.03767	0.02790	0.08949	0.28312	0.05263	0.03570	0.07632	0.06955	0.09366	0.01249	0.10339	0.05798	0.02696	0.00448	0.00132	0.00425	0.00475	0.00283	0.00542
24	0.00795	0.02051	0.84011	0.01130	0.01716	0.00921	0.01465	0.01256	0.00837	0.01256	0.00712	0.00837	0.00502	0.00377	0.00377	0.00126	0.00586	0.00293	0.00167	0.00586
25	0.00867	0.00867	0.01214	0.01041	0.01041	0.01214	0.00867	0.00954	0.00607	0.00954	0.00520	0.00867	0.00520	0.00694	0.01301	0.00173	0.85340	0.00347	0.00173	0.00434
26	0.70463	0.00795	0.02232	0.01989	0.00864	0.02289	0.00490	0.01293	0.00760	0.14701	0.00718	0.00767	0.00521	0.00389	0.00277	0.00123	0.00328	0.00248	0.00281	0.00472
27	0.00470	0.00396	0.00408	0.00417	0.00540	0.00333	0.00308	0.00567	0.00889	0.01065	0.03826	0.12357	0.75013	0.01029	0.00473	0.00137	0.00204	0.00867	0.00368	0.00333
28	0.27931	0.05717	0.02679	0.03235	0.03321	0.09134	0.09639	0.15805	0.02406	0.06437	0.00912	0.09429	0.00781	0.00485	0.00357	0.00123	0.00427	0.00388	0.00284	0.00508
29	0.01152	0.00838	0.01007	0.06050	0.10024	0.06320	0.01823	0.11530	0.10570	0.18901	0.07187	0.03849	0.02430	0.00486	0.00387	0.00113	0.00379	0.00407	0.00340	0.16209
30	0.01100	0.75371	0.03855	0.00717	0.01056	0.04443	0.00705	0.06952	0.00893	0.01053	0.00585	0.00666	0.00520	0.00352	0.00271	0.00089	0.00439	0.00226	0.00187	0.00521

[dist]
# distance from previous block
# <min> <max>
11	45

[block]
# block no. 1 follows, 68 sequences, length 11
# corresponding to MSA columns:
# 80-90
name=unknown_B
#
# <colnr> <probs for GDERKNQSTAVLIFYWHMCP>
#	G	D	E	R	K	N	Q	S	T	A	V	L	I	F	Y	W	H	M	C	P
0	0.00931	0.00788	0.00935	0.00890	0.10234	0.00775	0.00622	0.01532	0.37420	0.03822	0.01232	0.01232	0.03200	0.00435	0.00362	0.00103	0.00321	0.00365	0.00317	0.34486
1	0.04465	0.15296	0.19896	0.05161	0.07047	0.24255	0.03952	0.01384	0.07835	0.02980	0.02205	0.02362	0.00679	0.00415	0.00358	0.00114	0.00536	0.00317	0.00220	0.00523
2	0.00630	0.00505	0.00598	0.00542	0.00704	0.00447	0.00406	0.00852	0.07832	0.01304	0.24064	0.20719	0.16114	0.00785	0.00427	0.00118	0.00237	0.00683	0.00356	0.22677
3	0.00576	0.00388	0.00448	0.00448	0.00454	0.00393	0.00260	0.00587	0.00581	0.00780	0.01235	0.02515	0.01407	0.79666	0.08371	0.00404	0.00437	0.00565	0.00238	0.00249
4	0.00576	0.00387	0.00447	0.00447	0.00452	0.00392	0.00259	0.00586	0.00581	0.00780	0.01236	0.02519	0.01409	0.80042	0.07997	0.00403	0.00434	0.00566	0.00238	0.00248
5	0.00971	0.00922	0.01280	0.17767	0.21493	0.06563	0.08054	0.07185	0.20167	0.01351	0.00969	0.01140	0.00762	0.00617	0.06577	0.00164	0.02829	0.00384	0.00257	0.00550
6	0.00833	0.04267	0.11552	0.06785	0.05575	0.00833	0.28088	0.06599	0.00920	0.01272	0.04760	0.12914	0.01062	0.01858	0.06559	0.00171	0.01785	0.00512	0.03167	0.00487
7	0.04762	0.01409	0.03841	0.00929	0.01177	0.37907	0.00748	0.28875	0.03537	0.04508	0.00882	0.00942	0.02729	0.00513	0.02099	0.00125	0.03864	0.00322	0.00289	0.00541
8	0.05262	0.42745	0.09276	0.00816	0.01158	0.02982	0.03921	0.20550	0.03174	0.03986	0.00762	0.02375	0.00619	0.00404	0.00323	0.00105	0.00443	0.00294	0.00249	0.00556
9	0.01244	0.12266	0.02758	0.08160	0.01411	0.21913	0.10458	0.26757	0.05380	0.01520	0.00802	0.00924	0.00624	0.01772	0.00422	0.00119	0.02323	0.00333	0.00267	0.00547
10	0.07195	0.04146	0.01113	0.05641	0.05044	0.52040	0.00761	0.06116	0.06161	0.01169	0.00718	0.00842	0.00587	0.00535	0.04198	0.00134	0.02600	0.00289	0.00227	0.00483

[dist]
# distance from previous block
# <min> <max>
0	1

[block]
# block no. 2 follows, 68 sequences, length 17
# corresponding to MSA columns:
# 92-108
name=unknown_C
#
# <colnr> <probs for GDERKNQSTAVLIFYWHMCP>
#	G	D	E	R	K	N	Q	S	T	A	V	L	I	F	Y	W	H	M	C	P
0	0.00852	0.00809	0.01238	0.54496	0.19835	0.03739	0.01054	0.03056	0.06819	0.01155	0.00857	0.01119	0.02462	0.00413	0.00396	0.00128	0.00497	0.00367	0.00207	0.00498
1	0.00569	0.00414	0.00583	0.00583	0.00635	0.00466	0.00428	0.00673	0.00621	0.00880	0.01111	0.01831	0.01110	0.24893	0.62738	0.00571	0.00883	0.00465	0.00220	0.00324
2	0.00929	0.00796	0.00846	0.00764	0.00974	0.00908	0.00593	0.01929	0.72611	0.01630	0.08800	0.01698	0.04612	0.00580	0.00412	0.00134	0.00298	0.00487	0.00405	0.00594
3	0.00822	0.00705	0.00822	0.00587	0.00940	0.00529	0.00470	0.00998	0.00822	0.01292	0.00705	0.00822	0.00587	0.00294	0.00294	0.00059	0.00294	0.00235	0.00235	0.88490
4	0.00760	0.00716	0.01209	0.81167	0.06590	0.00884	0.01107	0.01023	0.00798	0.01027	0.00707	0.01053	0.00533	0.00394	0.00396	0.00131	0.00526	0.00352	0.00177	0.00449
5	0.01690	0.00767	0.00971	0.00750	0.01055	0.00727	0.00618	0.17519	0.05023	0.64321	0.01448	0.01278	0.00932	0.00490	0.00399	0.00123	0.00355	0.00393	0.00468	0.00673
6	0.00487	0.00382	0.00442	0.00471	0.00558	0.00336	0.00336	0.00589	0.00883	0.01126	0.14959	0.33576	0.42320	0.01063	0.00482	0.00142	0.00209	0.00925	0.00378	0.00336
7	0.00525	0.00375	0.00508	0.00600	0.00642	0.00358	0.00441	0.00625	0.00801	0.01059	0.02162	0.63837	0.02530	0.01203	0.00517	0.00167	0.00267	0.22682	0.00367	0.00334
8	0.00517	0.00395	0.00460	0.00479	0.00564	0.00360	0.00348	0.00617	0.00856	0.01094	0.13871	0.17416	0.37722	0.13708	0.02478	0.00189	0.00264	0.07979	0.00355	0.00327
9	0.01060	0.86304	0.02078	0.00678	0.01018	0.01569	0.00678	0.01187	0.00806	0.00933	0.00551	0.00636	0.00509	0.00339	0.00254	0.00085	0.00424	0.00212	0.00170	0.00509
10	0.00700	0.00511	0.00629	0.00652	0.00743	0.00521	0.00488	0.14486	0.03763	0.01315	0.01942	0.54735	0.02187	0.01064	0.00491	0.00157	0.00291	0.14552	0.00374	0.00399
11	0.00795	0.02051	0.84011	0.01130	0.01716	0.00921	0.01465	0.01256	0.00837	0.01256	0.00712	0.00837	0.00502	0.00377	0.00377	0.00126	0.00586	0.00293	0.00167	0.00586
12	0.00822	0.00705	0.00822	0.00587	0.00940	0.00529	0.00470	0.00998	0.00822	0.01292	0.00705	0.00822	0.00587	0.00294	0.00294	0.00059	0.00294	0.00235	0.00235	0.88490
13	0.08041	0.00995	0.01159	0.15035	0.05956	0.01111	0.00807	0.55734	0.01520	0.04464	0.00886	0.00959	0.00637	0.00448	0.00385	0.00122	0.00441	0.00346	0.00340	0.00614
14	0.00779	0.00467	0.00603	0.00538	0.00674	0.00427	0.00414	0.02939	0.01131	0.15044	0.63828	0.02693	0.07373	0.00760	0.00455	0.00125	0.00219	0.00662	0.00441	0.00429
15	0.00487	0.00401	0.00428	0.00425	0.00548	0.00342	0.00317	0.00603	0.00941	0.01168	0.19056	0.06120	0.65844	0.00974	0.00470	0.00133	0.00199	0.00823	0.00381	0.00342
16	0.10278	0.01134	0.01138	0.00927	0.01184	0.23368	0.09708	0.12511	0.08674	0.19988	0.00987	0.01034	0.00723	0.02009	0.00452	0.00126	0.04541	0.00349	0.00316	0.00553

[dist]
# distance from previous block
# <min> <max>
0	2

[block]
# block no. 3 follows, 68 sequences, length 6
# corresponding to MSA columns:
# 112-117
name=unknown_D
#
# <colnr> <probs for GDERKNQSTAVLIFYWHMCP>
#	G	D	E	R	K	N	Q	S	T	A	V	L	I	F	Y	W	H	M	C	P
0	0.07213	0.26177	0.03190	0.05386	0.26474	0.04586	0.00836	0.06390	0.04029	0.03634	0.01010	0.01110	0.07537	0.00428	0.00347	0.00111	0.00426	0.00342	0.00234	0.00541
1	0.00762	0.00483	0.00568	0.00539	0.00672	0.00458	0.00408	0.05022	0.05705	0.11227	0.16068	0.19891	0.22755	0.00845	0.00440	0.00132	0.00242	0.02685	0.10679	0.00418
2	0.00928	0.00975	0.09788	0.12872	0.05312	0.06118	0.11465	0.06317	0.16104	0.04385	0.02806	0.05754	0.05709	0.02303	0.00446	0.00133	0.00449	0.02645	0.00284	0.05207
3	0.06991	0.01421	0.08576	0.00929	0.01223	0.31848	0.00786	0.32684	0.01356	0.09227	0.00836	0.00871	0.00611	0.00437	0.00371	0.00114	0.00535	0.00309	0.00304	0.00572
4	0.06264	0.03526	0.02900	0.09978	0.07244	0.12504	0.00750	0.13168	0.10751	0.06610	0.00886	0.00989	0.00683	0.00483	0.02048	0.00124	0.06223	0.00326	0.02095	0.12448
5	0.05378	0.00619	0.03844	0.00620	0.00718	0.06416	0.00474	0.00886	0.07376	0.01072	0.01396	0.18043	0.01463	0.22259	0.16361	0.00293	0.00490	0.07553	0.04374	0.00364

[dist]
# distance from previous block
# <min> <max>
0	3

[block]
# block no. 4 follows, 68 sequences, length 25
# corresponding to MSA columns:
# 121-145
name=unknown_E
#
# <colnr> <probs for GDERKNQSTAVLIFYWHMCP>
#	G	D	E	R	K	N	Q	S	T	A	V	L	I	F	Y	W	H	M	C	P
0	0.00562	0.00397	0.00508	0.00565	0.00610	0.00386	0.00414	0.00650	0.00766	0.01007	0.03267	0.29020	0.06012	0.26954	0.00977	0.00234	0.00318	0.26711	0.00329	0.00313
1	0.00568	0.00387	0.00450	0.00454	0.00466	0.00390	0.00270	0.00587	0.00602	0.00804	0.01375	0.06209	0.04436	0.71998	0.09084	0.00387	0.00430	0.00597	0.00248	0.00257
2	0.01370	0.24104	0.01375	0.00931	0.01171	0.62657	0.00743	0.01479	0.01040	0.00960	0.00597	0.00694	0.00510	0.00390	0.00330	0.00098	0.00638	0.00244	0.00195	0.00473
3	0.00859	0.07691	0.07599	0.00664	0.01019	0.00693	0.00587	0.02311	0.05109	0.01290	0.00740	0.00846	0.00606	0.00328	0.00326	0.00074	0.02182	0.00253	0.00234	0.66587
4	0.00788	0.00883	0.10017	0.63910	0.14667	0.00894	0.01157	0.01069	0.00814	0.01081	0.00712	0.01023	0.00541	0.00388	0.00394	0.00129	0.00526	0.00346	0.00178	0.00484
5	0.01481	0.01890	0.01124	0.01021	0.01226	0.84474	0.00766	0.01583	0.01124	0.00970	0.00613	0.00715	0.00511	0.00409	0.00358	0.00102	0.00715	0.00255	0.00204	0.00460
6	0.00721	0.00541	0.00608	0.00558	0.00708	0.00543	0.00429	0.06836	0.15925	0.03827	0.27145	0.04234	0.27581	0.00837	0.02773	0.00142	0.00262	0.00651	0.05242	0.00436
7	0.00730	0.00564	0.00829	0.00750	0.00788	0.00691	0.02924	0.02263	0.00617	0.00887	0.00761	0.01222	0.00735	0.03537	0.24305	0.30748	0.26757	0.00377	0.00190	0.00324
8	0.00603	0.00455	0.00586	0.00576	0.00678	0.00434	0.02195	0.05337	0.02243	0.01365	0.34170	0.25393	0.14453	0.00950	0.00481	0.00142	0.00245	0.08924	0.00393	0.00378
9	0.03788	0.01001	0.01106	0.00852	0.01159	0.01076	0.00703	0.62924	0.01677	0.17626	0.03353	0.01074	0.00811	0.00485	0.00395	0.00120	0.00408	0.00371	0.00411	0.00660
10	0.01130	0.03676	0.20946	0.02704	0.10614	0.06580	0.06043	0.22580	0.01155	0.06700	0.00825	0.00918	0.00611	0.00394	0.00374	0.00111	0.00483	0.00322	0.00266	0.13568
11	0.05729	0.32955	0.21431	0.00966	0.01341	0.06588	0.12175	0.04710	0.06187	0.01218	0.00713	0.00824	0.00569	0.00381	0.00362	0.00111	0.02706	0.00295	0.00204	0.00536
12	0.66431	0.01032	0.14370	0.02733	0.02628	0.04791	0.00647	0.01197	0.00730	0.01627	0.00589	0.00696	0.00452	0.00372	0.00279	0.00122	0.00380	0.00236	0.00228	0.00461
13	0.11196	0.02153	0.00895	0.03936	0.01032	0.12458	0.00615	0.23030	0.06224	0.09018	0.01224	0.18095	0.01126	0.00735	0.04098	0.00151	0.00431	0.02737	0.00335	0.00509
14	0.74752	0.00822	0.00681	0.00585	0.00842	0.00944	0.00482	0.14269	0.00867	0.01895	0.00617	0.00694	0.00469	0.00385	0.00270	0.00122	0.00328	0.00238	0.00270	0.00469
15	0.01771	0.00688	0.00928	0.00712	0.01019	0.00603	0.00588	0.04417	0.01157	0.81351	0.01545	0.01337	0.00972	0.00490	0.00399	0.00123	0.00340	0.00397	0.00488	0.00675
16	0.64638	0.00741	0.00677	0.00573	0.00835	0.00804	0.00472	0.01379	0.00803	0.24617	0.00834	0.00840	0.00583	0.00402	0.00288	0.00123	0.00315	0.00266	0.00314	0.00498
17	0.01481	0.01890	0.01124	0.01021	0.01226	0.84474	0.00766	0.01583	0.01124	0.00970	0.00613	0.00715	0.00511	0.00409	0.00358	0.00102	0.00715	0.00255	0.00204	0.00460
18	0.01172	0.01179	0.01010	0.04341	0.04188	0.29674	0.02241	0.19446	0.11563	0.02567	0.01504	0.01508	0.16806	0.00553	0.00399	0.00119	0.00479	0.00429	0.00307	0.00514
19	0.00683	0.00346	0.00513	0.00513	0.00513	0.00346	0.00339	0.00519	0.00519	0.00693	0.00715	0.01271	0.00724	0.05402	0.01572	0.84278	0.00346	0.00355	0.00175	0.00175
20	0.01371	0.00825	0.01055	0.05013	0.03522	0.01981	0.05035	0.25547	0.04359	0.32716	0.02953	0.05286	0.04934	0.00531	0.00408	0.00123	0.00386	0.00443	0.00396	0.03118
21	0.01059	0.03159	0.07351	0.03749	0.19335	0.20525	0.07093	0.06730	0.03511	0.02643	0.00957	0.01151	0.04433	0.00565	0.03956	0.00143	0.07094	0.01613	0.04415	0.00518
22	0.88866	0.00767	0.00583	0.00521	0.00767	0.00889	0.00429	0.01166	0.00675	0.01779	0.00552	0.00644	0.00429	0.00368	0.00245	0.00123	0.00307	0.00215	0.00245	0.00429
23	0.00582	0.00444	0.00652	0.00644	0.00706	0.00524	0.00497	0.00712	0.00632	0.00912	0.01048	0.01591	0.00997	0.08299	0.74990	0.00598	0.05177	0.00431	0.00212	0.00350
24	0.01054	0.33295	0.05807	0.04236	0.08445	0.03467	0.06275	0.11213	0.03157	0.05442	0.00933	0.07042	0.02199	0.00480	0.00394	0.00114	0.03893	0.01777	0.00247	0.00531

[dist]
# distance from previous block
# <min> <max>
5	53

[block]
# block no. 5 follows, 68 sequences, length 13
# corresponding to MSA columns:
# 199-211
name=unknown_F
#
# <colnr> <probs for GDERKNQSTAVLIFYWHMCP>
#	G	D	E	R	K	N	Q	S	T	A	V	L	I	F	Y	W	H	M	C	P
0	0.04384	0.00942	0.01029	0.04215	0.01141	0.06155	0.00669	0.28794	0.03201	0.05765	0.00819	0.00911	0.00630	0.00436	0.00470	0.00107	0.11115	0.00309	0.00295	0.28612
1	0.00984	0.00930	0.01558	0.09009	0.73698	0.00949	0.01188	0.04548	0.00934	0.01322	0.00751	0.00986	0.00622	0.00362	0.00393	0.00119	0.00474	0.00353	0.00203	0.00615
2	0.01019	0.00985	0.01576	0.02327	0.77594	0.04246	0.01184	0.03938	0.00944	0.01323	0.00747	0.00970	0.00625	0.00360	0.00391	0.00117	0.00479	0.00350	0.00203	0.00623
3	0.00503	0.00373	0.00449	0.00498	0.00551	0.00342	0.00340	0.00576	0.00781	0.01007	0.04355	0.44912	0.23914	0.15360	0.00750	0.00191	0.00253	0.04180	0.00348	0.00315
4	0.00538	0.00438	0.00487	0.00514	0.00603	0.02522	0.00370	0.00684	0.04365	0.01144	0.14028	0.35621	0.33524	0.01037	0.00479	0.00143	0.00232	0.02543	0.00375	0.00351
5	0.01126	0.01011	0.01179	0.00969	0.01223	0.12125	0.14203	0.09368	0.36839	0.08130	0.01358	0.01389	0.04346	0.00512	0.00436	0.00130	0.02690	0.02051	0.00341	0.00575
6	0.01028	0.00872	0.00920	0.00815	0.01047	0.01006	0.00638	0.08543	0.76371	0.01726	0.01561	0.01437	0.01167	0.00533	0.00403	0.00133	0.00324	0.00441	0.00403	0.00631
7	0.00662	0.00543	0.00653	0.00633	0.00700	0.05987	0.00471	0.02712	0.00693	0.00941	0.02653	0.01730	0.01093	0.21760	0.53431	0.00505	0.03811	0.00450	0.00226	0.00346
8	0.01507	0.01111	0.01190	0.00912	0.01230	0.01230	0.00754	0.82270	0.01864	0.02499	0.00952	0.00952	0.00674	0.00476	0.00397	0.00119	0.00436	0.00357	0.00397	0.00674
9	0.00524	0.00404	0.00479	0.00460	0.00570	0.00358	0.00345	0.00677	0.01035	0.01383	0.51705	0.03303	0.35549	0.00888	0.00468	0.00128	0.00193	0.00765	0.00409	0.00358
10	0.00572	0.00382	0.00434	0.00439	0.00440	0.00381	0.00247	0.00575	0.00586	0.00781	0.01298	0.06884	0.01502	0.81693	0.01940	0.00373	0.00376	0.00605	0.00247	0.00244
11	0.06798	0.03644	0.03903	0.00606	0.00959	0.00602	0.00511	0.01026	0.00812	0.01312	0.00689	0.00804	0.00571	0.00303	0.00292	0.00066	0.00310	0.00235	0.00231	0.76326
12	0.07222	0.04043	0.08407	0.03681	0.01217	0.02592	0.00755	0.40243	0.04611	0.18313	0.01022	0.01022	0.00718	0.00516	0.02452	0.00132	0.00438	0.00346	0.00359	0.01910

[dist]
# distance from previous block
# <min> <max>
0	6

[block]
# block no. 6 follows, 68 sequences, length 44
# corresponding to MSA columns:
# 218-261
name=unknown_G
#
# <colnr> <probs for GDERKNQSTAVLIFYWHMCP>
#	G	D	E	R	K	N	Q	S	T	A	V	L	I	F	Y	W	H	M	C	P
0	0.01518	0.01093	0.01179	0.00904	0.01221	0.01204	0.00747	0.79066	0.01835	0.05744	0.00976	0.00968	0.00687	0.00477	0.00397	0.00119	0.00432	0.00359	0.00400	0.00674
1	0.04838	0.44147	0.36604	0.00870	0.01309	0.01254	0.01002	0.03862	0.00848	0.01158	0.00632	0.00732	0.00508	0.00361	0.00310	0.00105	0.00488	0.00251	0.00179	0.00543
2	0.00557	0.00405	0.00524	0.00495	0.00590	0.00372	0.00371	0.00740	0.01113	0.01567	0.79880	0.02999	0.07259	0.00819	0.00468	0.00125	0.00188	0.00722	0.00433	0.00372
3	0.00558	0.00405	0.00526	0.00495	0.00590	0.00373	0.00372	0.00742	0.01115	0.01572	0.80626	0.02991	0.06510	0.00817	0.00468	0.00125	0.00188	0.00721	0.00434	0.00373
4	0.00555	0.00405	0.00521	0.00492	0.00588	0.00371	0.00369	0.00736	0.01108	0.01555	0.78003	0.03020	0.09143	0.00824	0.00468	0.00125	0.00188	0.00725	0.00432	0.00371
5	0.02661	0.01093	0.02215	0.01600	0.01976	0.04692	0.74323	0.01272	0.00928	0.01256	0.00780	0.01039	0.00592	0.00350	0.00486	0.00133	0.03428	0.00450	0.00201	0.00526
6	0.00884	0.00742	0.00856	0.00617	0.00966	0.00592	0.00496	0.08391	0.00917	0.01402	0.00727	0.00834	0.00595	0.00310	0.00303	0.00064	0.00307	0.00246	0.00250	0.80502
7	0.00566	0.00425	0.00637	0.00637	0.00708	0.00496	0.00496	0.00708	0.00637	0.00920	0.01062	0.01558	0.00991	0.02974	0.84494	0.00637	0.01062	0.00425	0.00212	0.00354
8	0.01481	0.01890	0.01124	0.01021	0.01226	0.84474	0.00766	0.01583	0.01124	0.00970	0.00613	0.00715	0.00511	0.00409	0.00358	0.00102	0.00715	0.00255	0.00204	0.00460
9	0.01102	0.00871	0.00935	0.00809	0.01049	0.00985	0.00638	0.15899	0.61683	0.06099	0.04421	0.01434	0.01196	0.00535	0.00404	0.00131	0.00332	0.00440	0.00408	0.00629
10	0.00524	0.00400	0.00485	0.00496	0.00593	0.00361	0.00375	0.00662	0.00967	0.01275	0.34313	0.16189	0.31726	0.00975	0.00482	0.00140	0.00217	0.09075	0.00394	0.00351
11	0.00483	0.00345	0.00460	0.00552	0.00575	0.00322	0.00368	0.00552	0.00759	0.01012	0.02185	0.85807	0.02622	0.01242	0.00506	0.00161	0.00230	0.01127	0.00368	0.00322
12	0.01120	0.00832	0.00908	0.00795	0.01034	0.00933	0.00624	0.04357	0.68301	0.14027	0.01588	0.01445	0.01161	0.00529	0.00403	0.00132	0.00321	0.00438	0.00416	0.00636
13	0.00486	0.00347	0.00464	0.00556	0.00580	0.00325	0.00374	0.00558	0.00762	0.01016	0.02183	0.84038	0.02615	0.01239	0.00507	0.00161	0.00233	0.02863	0.00368	0.00323
14	0.00896	0.03823	0.01484	0.32648	0.47559	0.00948	0.03232	0.01138	0.00855	0.01173	0.00722	0.00997	0.00585	0.00374	0.00407	0.00123	0.01950	0.00351	0.00188	0.00549
15	0.00757	0.00713	0.01203	0.82331	0.05451	0.00883	0.01105	0.01020	0.00797	0.01023	0.00706	0.01055	0.00532	0.00395	0.00396	0.00132	0.00527	0.00352	0.00177	0.00447
16	0.00483	0.00345	0.00460	0.00552	0.00575	0.00322	0.00368	0.00552	0.00759	0.01012	0.02185	0.85807	0.02622	0.01242	0.00506	0.00161	0.00230	0.01127	0.00368	0.00322
17	0.00693	0.00479	0.01691	0.00469	0.00638	0.00400	0.00370	0.00837	0.03264	0.13733	0.03474	0.03285	0.65732	0.00893	0.00451	0.00131	0.00230	0.00742	0.02088	0.00399
18	0.00877	0.20899	0.50815	0.03319	0.01613	0.01078	0.11476	0.01257	0.02952	0.01188	0.00710	0.00843	0.00535	0.00368	0.00362	0.00118	0.00551	0.00302	0.00178	0.00559
19	0.00960	0.14085	0.04975	0.00773	0.00947	0.19734	0.02884	0.05735	0.00862	0.01064	0.00862	0.01272	0.00804	0.16088	0.14919	0.00248	0.06769	0.00362	0.06237	0.00423
20	0.01544	0.01021	0.01131	0.00870	0.01183	0.01100	0.00718	0.64808	0.03980	0.17903	0.01086	0.01042	0.00747	0.00480	0.00397	0.00120	0.00414	0.00367	0.00415	0.00673
21	0.01082	0.77701	0.01984	0.00714	0.01033	0.07183	0.00691	0.01206	0.00821	0.00936	0.00554	0.00649	0.00509	0.00356	0.00297	0.00089	0.03301	0.00219	0.00172	0.00503
22	0.07200	0.00713	0.00904	0.00705	0.00994	0.00664	0.00579	0.10062	0.02523	0.64918	0.01404	0.01263	0.00909	0.00513	0.00427	0.03192	0.00343	0.00381	0.01668	0.00637
23	0.01162	0.01044	0.00948	0.00826	0.01052	0.17333	0.00645	0.15413	0.41438	0.04758	0.07226	0.01343	0.01151	0.00518	0.00394	0.00123	0.00401	0.00410	0.03237	0.00577
24	0.00568	0.00428	0.00499	0.00486	0.00577	0.00406	0.00350	0.00746	0.06088	0.01244	0.33826	0.04705	0.24622	0.19908	0.00814	0.00189	0.00250	0.03578	0.00368	0.00348
25	0.00550	0.00403	0.00515	0.00491	0.00586	0.00369	0.00367	0.00724	0.01089	0.01520	0.72936	0.05810	0.11472	0.00844	0.00469	0.00127	0.00190	0.00742	0.00428	0.00369
26	0.00561	0.00388	0.00451	0.00459	0.00481	0.00383	0.00282	0.00592	0.00644	0.00854	0.03850	0.08730	0.08681	0.63426	0.06518	0.00350	0.00391	0.02425	0.00267	0.00268
27	0.01029	0.63080	0.08021	0.00783	0.01083	0.05125	0.00770	0.01174	0.00791	0.00962	0.00561	0.00690	0.00510	0.00400	0.00430	0.00102	0.13575	0.00241	0.00172	0.00501
28	0.01481	0.01890	0.01124	0.01021	0.01226	0.84474	0.00766	0.01583	0.01124	0.00970	0.00613	0.00715	0.00511	0.00409	0.00358	0.00102	0.00715	0.00255	0.00204	0.00460
29	0.04005	0.30994	0.04059	0.00895	0.04421	0.21622	0.02992	0.08976	0.03206	0.11079	0.00778	0.00832	0.00607	0.00393	0.00331	0.00102	0.00489	0.00281	0.00250	0.03687
30	0.01666	0.00856	0.01032	0.00791	0.01103	0.00852	0.00654	0.35345	0.01438	0.50026	0.01310	0.01184	0.00854	0.00485	0.00398	0.00121	0.00379	0.00381	0.00452	0.00675
31	0.00486	0.00350	0.00462	0.00551	0.00579	0.00326	0.00372	0.00559	0.00768	0.01018	0.02253	0.80768	0.05692	0.01230	0.00506	0.00160	0.00232	0.02996	0.00368	0.00324
32	0.03451	0.00978	0.00821	0.00783	0.00920	0.26076	0.00590	0.11341	0.06033	0.01258	0.01411	0.33456	0.01496	0.00797	0.00462	0.00137	0.03198	0.06041	0.00314	0.00437
33	0.03123	0.03100	0.01187	0.11735	0.07466	0.35320	0.00824	0.23646	0.02742	0.03857	0.00769	0.00876	0.00592	0.00431	0.00397	0.00115	0.02707	0.00311	0.00264	0.00538
34	0.00526	0.00459	0.00458	0.00474	0.00585	0.03875	0.00344	0.00640	0.02430	0.01074	0.05012	0.23380	0.57297	0.01024	0.00472	0.00139	0.00231	0.00873	0.00363	0.00343
35	0.01313	0.03962	0.18744	0.00892	0.01250	0.00874	0.05037	0.12536	0.16880	0.32479	0.01237	0.01174	0.00847	0.00460	0.00393	0.00124	0.00419	0.00377	0.00367	0.00634
36	0.09716	0.01148	0.00965	0.00816	0.01067	0.27130	0.00644	0.18119	0.07297	0.16883	0.01144	0.02311	0.04682	0.00491	0.00374	0.00116	0.00462	0.01875	0.00330	0.04429
37	0.00897	0.08646	0.13029	0.15532	0.17899	0.03561	0.03743	0.05990	0.06749	0.02879	0.01152	0.10610	0.04934	0.00533	0.00401	0.00127	0.00450	0.02100	0.00250	0.00521
38	0.00797	0.00698	0.00682	0.02875	0.00811	0.12540	0.00489	0.05555	0.08279	0.02830	0.30828	0.16822	0.08232	0.02134	0.00466	0.00133	0.00314	0.01857	0.03238	0.00418
39	0.00563	0.00405	0.00538	0.00538	0.00570	0.00395	0.03915	0.00614	0.00682	0.00916	0.05329	0.28884	0.01887	0.48189	0.03319	0.00293	0.00355	0.02029	0.00289	0.00290
40	0.11535	0.04043	0.01333	0.27798	0.06588	0.13746	0.15315	0.03583	0.02985	0.03186	0.03431	0.01009	0.00669	0.00409	0.00406	0.00124	0.02777	0.00352	0.00222	0.00487
41	0.04242	0.18260	0.03006	0.00800	0.02943	0.14753	0.05277	0.08488	0.06202	0.01306	0.11286	0.06781	0.11395	0.00573	0.00381	0.00115	0.00408	0.00464	0.00287	0.03033
42	0.06337	0.07858	0.03605	0.03617	0.04271	0.11681	0.07542	0.17765	0.06938	0.01495	0.00870	0.03349	0.00721	0.00436	0.00378	0.00109	0.01901	0.02374	0.00269	0.18483
43	0.11390	0.06526	0.07294	0.00932	0.02880	0.25409	0.04509	0.22581	0.02794	0.01544	0.03472	0.00970	0.00715	0.00551	0.04255	0.00138	0.00540	0.01303	0.00269	0.01928

[dist]
# distance from previous block
# <min> <max>
0	20

[block]
# block no. 7 follows, 68 sequences, length 52
# corresponding to MSA columns:
# 282-333
name=unknown_H
#
# <colnr> <probs for GDERKNQSTAVLIFYWHMCP>
#	G	D	E	R	K	N	Q	S	T	A	V	L	I	F	Y	W	H	M	C	P
0	0.03773	0.13358	0.01189	0.00805	0.01096	0.01092	0.00675	0.42595	0.09919	0.14632	0.01119	0.05070	0.00860	0.00506	0.00380	0.00119	0.00392	0.01431	0.00373	0.00618
1	0.00567	0.00406	0.00509	0.00515	0.00554	0.00425	0.00347	0.00651	0.02531	0.00880	0.01471	0.09633	0.07065	0.44056	0.28245	0.00423	0.00574	0.00591	0.00255	0.00299
2	0.00961	0.15531	0.14401	0.01046	0.06486	0.07054	0.15813	0.03587	0.05069	0.06236	0.04766	0.08818	0.02863	0.05064	0.00481	0.00135	0.00473	0.00450	0.00255	0.00509
3	0.16385	0.06411	0.07236	0.03447	0.01498	0.03321	0.33234	0.03332	0.02176	0.01308	0.01923	0.00937	0.00598	0.00427	0.00553	0.00134	0.16007	0.00365	0.00211	0.00498
4	0.01098	0.00817	0.03121	0.00762	0.01004	0.00848	0.00617	0.10765	0.45310	0.15200	0.01734	0.04502	0.08379	0.00591	0.00412	0.00131	0.00327	0.02062	0.00403	0.01918
5	0.01481	0.01890	0.01124	0.01021	0.01226	0.84474	0.00766	0.01583	0.01124	0.00970	0.00613	0.00715	0.00511	0.00409	0.00358	0.00102	0.00715	0.00255	0.00204	0.00460
6	0.00947	0.01058	0.04833	0.01922	0.30850	0.00979	0.50852	0.01251	0.00921	0.01278	0.00779	0.01031	0.00608	0.00342	0.00438	0.00128	0.00596	0.00422	0.00198	0.00569
7	0.00487	0.00352	0.00461	0.00539	0.00574	0.00326	0.00364	0.00565	0.00791	0.01051	0.07285	0.75390	0.07949	0.01200	0.00501	0.00157	0.00225	0.01083	0.00372	0.00326
8	0.00505	0.00438	0.00436	0.00429	0.00560	0.02341	0.00322	0.00617	0.00938	0.01139	0.14619	0.03627	0.70733	0.00964	0.00466	0.00132	0.00211	0.00807	0.00373	0.00343
9	0.01590	0.00902	0.01050	0.00809	0.01116	0.00926	0.00667	0.44457	0.02911	0.37395	0.01299	0.01200	0.02783	0.00496	0.00399	0.00121	0.00386	0.00388	0.00436	0.00666
10	0.01116	0.00763	0.00873	0.00754	0.00961	0.00834	0.00591	0.14825	0.35352	0.16185	0.01435	0.05364	0.01152	0.08133	0.06588	0.00190	0.02260	0.01672	0.00383	0.00568
11	0.00694	0.00474	0.00587	0.00537	0.00665	0.00453	0.00412	0.00933	0.07408	0.08782	0.54368	0.02799	0.16740	0.00791	0.00477	0.00128	0.02237	0.00680	0.00421	0.00415
12	0.00803	0.00535	0.00671	0.00673	0.00811	0.00528	0.00556	0.10267	0.02209	0.09098	0.02234	0.14256	0.15247	0.00963	0.00496	0.00158	0.00325	0.39366	0.00382	0.00423
13	0.01543	0.00950	0.01074	0.00829	0.01132	0.01004	0.00683	0.54218	0.03391	0.25808	0.01156	0.01099	0.00788	0.00481	0.00393	0.00119	0.00395	0.00371	0.03904	0.00661
14	0.10138	0.00943	0.01010	0.00800	0.01089	0.03002	0.00654	0.42619	0.09615	0.21772	0.01127	0.01079	0.00783	0.00473	0.00378	0.00121	0.00387	0.00360	0.03017	0.00631
15	0.00754	0.00523	0.00599	0.00544	0.00695	0.00501	0.00415	0.08743	0.06766	0.08938	0.24363	0.08354	0.32683	0.03703	0.00505	0.00139	0.00248	0.00702	0.00399	0.00426
16	0.01156	0.00936	0.00992	0.00841	0.01096	0.01065	0.00669	0.28198	0.56508	0.01932	0.01398	0.01308	0.01036	0.00518	0.00401	0.00129	0.00354	0.00419	0.00401	0.00643
17	0.01481	0.01744	0.01108	0.00991	0.01208	0.72384	0.00751	0.06147	0.04017	0.05534	0.00718	0.00789	0.00570	0.00421	0.00364	0.00105	0.00665	0.00275	0.00237	0.00489
18	0.01105	0.00887	0.00970	0.00764	0.01066	0.00904	0.00614	0.29098	0.25629	0.01814	0.01060	0.01062	0.00803	0.00429	0.00362	0.00102	0.00348	0.00340	0.00340	0.32303
19	0.00497	0.00376	0.00458	0.00508	0.00576	0.00340	0.00361	0.00592	0.00843	0.01087	0.09799	0.45223	0.28740	0.02980	0.00526	0.00155	0.00229	0.06007	0.00371	0.00332
20	0.00749	0.00705	0.01189	0.85113	0.02731	0.00881	0.01101	0.01013	0.00793	0.01013	0.00705	0.01057	0.00529	0.00396	0.00396	0.00132	0.00529	0.00352	0.00176	0.00440
21	0.00573	0.00388	0.00459	0.00462	0.00472	0.00397	0.00276	0.00593	0.00590	0.00795	0.01253	0.04941	0.01419	0.72990	0.12444	0.00410	0.00466	0.00574	0.00241	0.00257
22	0.00822	0.00705	0.00822	0.00587	0.00940	0.00529	0.00470	0.00998	0.00822	0.01292	0.00705	0.00822	0.00587	0.00294	0.00294	0.00059	0.00294	0.00235	0.00235	0.88490
23	0.32767	0.01051	0.00958	0.00779	0.01058	0.08733	0.00635	0.43529	0.03700	0.02077	0.00797	0.00835	0.00587	0.00433	0.00339	0.00119	0.00412	0.00299	0.00325	0.00566
24	0.00566	0.00425	0.00637	0.00637	0.00708	0.00496	0.00496	0.00708	0.00637	0.00920	0.01062	0.01558	0.00991	0.02974	0.84494	0.00637	0.01062	0.00425	0.00212	0.00354
25	0.00775	0.00559	0.00725	0.00759	0.00885	0.00578	0.00657	0.13588	0.01062	0.01392	0.01919	0.03921	0.02030	0.00998	0.00524	0.00173	0.00376	0.68295	0.00370	0.00414
26	0.00608	0.00480	0.00695	0.00672	0.00727	0.00581	0.00522	0.00729	0.00628	0.00911	0.01007	0.01561	0.00970	0.10330	0.65794	0.00552	0.12241	0.00428	0.00210	0.00354
27	0.01432	0.01417	0.01118	0.00941	0.01195	0.38000	0.00739	0.37404	0.09381	0.01724	0.00872	0.00907	0.00660	0.00452	0.00378	0.00113	0.00543	0.00321	0.01833	0.00570
28	0.01445	0.11051	0.01287	0.00885	0.01201	0.02438	0.00743	0.70235	0.03189	0.02280	0.00912	0.00921	0.00662	0.00460	0.00380	0.00115	0.00437	0.00340	0.00368	0.00651
29	0.00580	0.00467	0.00564	0.00613	0.00679	0.03427	0.00459	0.00712	0.03107	0.01055	0.02154	0.43669	0.12456	0.01309	0.09754	0.00211	0.03056	0.15036	0.00339	0.00352
30	0.00990	0.02473	0.20895	0.01843	0.01256	0.00837	0.05648	0.09314	0.18676	0.07628	0.03878	0.01109	0.00848	0.00421	0.00372	0.00110	0.00409	0.00351	0.00293	0.22651
31	0.01449	0.01074	0.01168	0.02557	0.01231	0.01198	0.00751	0.75656	0.01772	0.02389	0.00942	0.00966	0.00676	0.00481	0.00424	0.00120	0.03291	0.00357	0.02845	0.00653
32	0.00472	0.00397	0.00409	0.00416	0.00540	0.00335	0.00308	0.00571	0.00897	0.01077	0.05563	0.10531	0.75091	0.01020	0.00472	0.00136	0.00203	0.00858	0.00370	0.00335
33	0.00547	0.00404	0.00509	0.00522	0.00571	0.00407	0.00364	0.00630	0.00757	0.01018	0.13033	0.22319	0.13431	0.25763	0.13118	0.00286	0.03280	0.02414	0.00311	0.00317
34	0.01544	0.01052	0.01154	0.00885	0.01200	0.01143	0.00731	0.71510	0.01767	0.13397	0.01034	0.01005	0.00715	0.00478	0.00397	0.00119	0.00423	0.00363	0.00409	0.00674
35	0.02660	0.00956	0.00945	0.00825	0.01064	0.08035	0.00647	0.11010	0.60347	0.06859	0.01434	0.01333	0.01063	0.00514	0.00396	0.00129	0.00363	0.00415	0.00389	0.00618
36	0.00486	0.00353	0.00459	0.00536	0.00573	0.00326	0.00362	0.00564	0.00791	0.01048	0.06696	0.74151	0.09796	0.01198	0.00501	0.00157	0.00225	0.01080	0.00372	0.00326
37	0.00519	0.00404	0.00471	0.00454	0.00566	0.00356	0.00341	0.00666	0.01022	0.01353	0.47081	0.03352	0.40191	0.00899	0.00468	0.00129	0.00193	0.00772	0.00405	0.00356
38	0.00822	0.00705	0.00822	0.00587	0.00940	0.00529	0.00470	0.00998	0.00822	0.01292	0.00705	0.00822	0.00587	0.00294	0.00294	0.00059	0.00294	0.00235	0.00235	0.88490
39	0.01023	0.00845	0.00904	0.00796	0.01016	0.00965	0.00622	0.14557	0.61731	0.01724	0.02824	0.03492	0.01200	0.03027	0.03309	0.00157	0.00356	0.00457	0.00391	0.00603
40	0.00862	0.00712	0.00833	0.00597	0.00948	0.00545	0.00479	0.02724	0.00852	0.03550	0.00733	0.00839	0.00600	0.00303	0.00299	0.00062	0.00298	0.00242	0.00245	0.84278
41	0.00989	0.50427	0.24341	0.06185	0.04134	0.03320	0.00943	0.03621	0.00856	0.01086	0.00625	0.00740	0.00517	0.00359	0.00308	0.00101	0.00484	0.00253	0.00178	0.00533
42	0.00522	0.00358	0.00466	0.00547	0.00581	0.00339	0.00378	0.00608	0.00772	0.01060	0.02068	0.68844	0.02412	0.04018	0.00540	0.00164	0.00242	0.07603	0.08152	0.00327
43	0.00914	0.00910	0.01355	0.01483	0.26643	0.02461	0.02381	0.01051	0.00713	0.01066	0.00597	0.00904	0.00555	0.00578	0.00990	0.00154	0.56218	0.00350	0.00182	0.00496
44	0.00575	0.00385	0.00440	0.00442	0.00444	0.00387	0.00251	0.00581	0.00582	0.00778	0.01258	0.03938	0.01445	0.81762	0.04869	0.00390	0.00405	0.00580	0.00241	0.00246
45	0.00482	0.00348	0.00457	0.00544	0.00573	0.00323	0.00365	0.00553	0.00767	0.01015	0.02279	0.81591	0.06777	0.01230	0.00504	0.00160	0.00229	0.01112	0.00368	0.00323
46	0.00943	0.00726	0.00807	0.00706	0.00902	0.00779	0.00561	0.23497	0.23611	0.02551	0.20480	0.03251	0.11809	0.00693	0.00437	0.00132	0.00308	0.06884	0.00402	0.00522
47	0.01035	0.00781	0.00889	0.00691	0.01001	0.00726	0.00552	0.09508	0.22834	0.10216	0.01062	0.01066	0.00804	0.00398	0.00344	0.00092	0.00318	0.00321	0.00323	0.47038
48	0.05592	0.01035	0.01115	0.00863	0.01172	0.02151	0.00711	0.64073	0.03150	0.14569	0.01032	0.01003	0.00716	0.00473	0.00390	0.00120	0.00417	0.00357	0.00401	0.00659
49	0.00548	0.00402	0.00495	0.00493	0.00551	0.00407	0.00341	0.00627	0.00706	0.00939	0.07394	0.02576	0.19848	0.35724	0.26847	0.00388	0.00538	0.00598	0.00274	0.00305
50	0.02623	0.00820	0.00918	0.00783	0.01032	0.00895	0.00622	0.09307	0.51873	0.22171	0.01511	0.01388	0.01087	0.00577	0.02431	0.00142	0.00349	0.00423	0.00417	0.00634
51	0.00862	0.00722	0.00835	0.00602	0.00947	0.00568	0.00483	0.05946	0.00886	0.01369	0.00732	0.00844	0.00602	0.00308	0.00300	0.00063	0.00300	0.00245	0.02122	0.81262

[dist]
# distance from previous block
# <min> <max>
0	14

[block]
# block no. 8 follows, 68 sequences, length 27
# corresponding to MSA columns:
# 348-374
name=unknown_I
#
# <colnr> <probs for GDERKNQSTAVLIFYWHMCP>
#	G	D	E	R	K	N	Q	S	T	A	V	L	I	F	Y	W	H	M	C	P
0	0.11759	0.07659	0.02512	0.05935	0.04741	0.00931	0.03554	0.15823	0.05464	0.20728	0.06420	0.01142	0.00902	0.00479	0.00453	0.00124	0.07973	0.00365	0.00329	0.02708
1	0.02581	0.01034	0.01308	0.06095	0.30738	0.15870	0.08771	0.07484	0.03219	0.01286	0.01800	0.01285	0.07431	0.02356	0.02501	0.00139	0.02308	0.01345	0.00239	0.02212
2	0.04325	0.10821	0.09291	0.05408	0.09609	0.12361	0.05196	0.09487	0.09095	0.11636	0.00940	0.02765	0.00736	0.00457	0.00425	0.00122	0.05083	0.01412	0.00274	0.00556
3	0.00632	0.00545	0.00709	0.00665	0.00734	0.02122	0.02073	0.00737	0.00759	0.01031	0.08397	0.14206	0.17683	0.09457	0.16256	0.00262	0.19097	0.02508	0.00281	0.01848
4	0.00914	0.00861	0.01210	0.26952	0.29636	0.07953	0.00958	0.04242	0.02918	0.02733	0.06677	0.08081	0.00988	0.00500	0.00440	0.00127	0.03624	0.00437	0.00239	0.00509
5	0.07978	0.00865	0.01191	0.28132	0.17521	0.06477	0.04926	0.11642	0.00958	0.02935	0.00799	0.01050	0.00635	0.00760	0.12270	0.00196	0.00579	0.00353	0.00229	0.00504
6	0.01119	0.01122	0.00945	0.00848	0.01024	0.28286	0.00656	0.17813	0.11541	0.01390	0.01334	0.14312	0.06701	0.00657	0.00484	0.00130	0.07239	0.03600	0.00309	0.00489
7	0.01252	0.01265	0.01049	0.00948	0.03534	0.30351	0.00716	0.16048	0.37479	0.01555	0.01120	0.01103	0.00853	0.00476	0.00386	0.00120	0.00481	0.00362	0.00326	0.00577
8	0.04434	0.01110	0.24118	0.00961	0.07937	0.00787	0.00870	0.09237	0.07472	0.27695	0.08051	0.01324	0.03252	0.00486	0.00394	0.00124	0.00408	0.00397	0.00344	0.00599
9	0.00764	0.00530	0.00720	0.00675	0.00785	0.00593	0.00528	0.10923	0.00831	0.06623	0.01166	0.08488	0.01083	0.03550	0.58308	0.00485	0.02797	0.00474	0.00266	0.00413
10	0.00968	0.69657	0.05655	0.00686	0.00993	0.01365	0.00677	0.01107	0.00792	0.00954	0.00726	0.07682	0.00714	0.00590	0.05867	0.00130	0.00458	0.00305	0.00189	0.00487
11	0.00663	0.06232	0.00671	0.00569	0.00695	0.07350	0.00448	0.00829	0.02153	0.01316	0.40234	0.06172	0.19440	0.00835	0.00455	0.00131	0.00275	0.10775	0.00374	0.00382
12	0.00525	0.00400	0.00480	0.00505	0.00596	0.00364	0.00381	0.00647	0.00908	0.01175	0.20460	0.18251	0.33736	0.05968	0.00578	0.00159	0.00241	0.13913	0.00375	0.00340
13	0.00589	0.00438	0.00581	0.07627	0.00808	0.00443	0.00461	0.07283	0.00852	0.01134	0.01961	0.71796	0.02288	0.01109	0.00488	0.00155	0.00272	0.01000	0.00354	0.00361
14	0.00870	0.32195	0.40258	0.07954	0.03218	0.01112	0.01073	0.01163	0.00818	0.01104	0.00752	0.06420	0.00650	0.00422	0.00343	0.00114	0.00497	0.00325	0.00183	0.00529
15	0.00524	0.06052	0.00566	0.00546	0.00602	0.00408	0.00383	0.00604	0.00790	0.01037	0.05730	0.69871	0.09149	0.01144	0.00485	0.00152	0.00239	0.01025	0.00358	0.00338
16	0.00623	0.00449	0.00548	0.00578	0.00640	0.00444	0.00400	0.10841	0.00888	0.01183	0.03242	0.61744	0.04987	0.10653	0.00660	0.00179	0.00272	0.00952	0.00358	0.00358
17	0.01061	0.47281	0.01645	0.00817	0.01087	0.17734	0.07441	0.03535	0.00903	0.01026	0.00838	0.13320	0.00835	0.00490	0.00334	0.00105	0.00474	0.00382	0.00215	0.00478
18	0.04621	0.40075	0.01590	0.05649	0.15000	0.02303	0.02480	0.02561	0.00847	0.02183	0.00649	0.00782	0.00553	0.00346	0.00315	0.00093	0.01346	0.00261	0.00200	0.18148
19	0.01022	0.03253	0.01266	0.16854	0.31265	0.08040	0.00927	0.15785	0.01051	0.01393	0.00881	0.07915	0.00776	0.01550	0.00411	0.00121	0.00462	0.00400	0.00246	0.06380
20	0.01054	0.01077	0.00865	0.00794	0.00956	0.31867	0.00606	0.10975	0.07735	0.01238	0.01163	0.08507	0.04429	0.01133	0.20229	0.00239	0.00635	0.00430	0.05617	0.00452
21	0.01107	0.08004	0.01441	0.13254	0.32030	0.07914	0.04674	0.20528	0.01119	0.01471	0.00782	0.02006	0.00630	0.00419	0.00404	0.01646	0.00489	0.00348	0.00242	0.01493
22	0.00729	0.00549	0.00686	0.00700	0.00830	0.00553	0.00569	0.08179	0.09379	0.01319	0.01853	0.23226	0.01972	0.00953	0.00488	0.00157	0.00328	0.39542	0.00362	0.07627
23	0.00807	0.00803	0.00663	0.00629	0.00749	0.23380	0.00466	0.00948	0.01043	0.01297	0.39612	0.10082	0.10294	0.02109	0.00456	0.00125	0.00340	0.00619	0.05192	0.00386
24	0.01083	0.04584	0.01143	0.15886	0.08400	0.11288	0.02985	0.21546	0.07721	0.03421	0.02058	0.02941	0.08132	0.00513	0.00432	0.00123	0.04054	0.00410	0.02750	0.00529
25	0.02885	0.00828	0.00964	0.05671	0.01097	0.05596	0.05616	0.21432	0.13060	0.03135	0.20205	0.01664	0.06050	0.00577	0.00450	0.00124	0.04111	0.00476	0.03443	0.02617
26	0.13854	0.05340	0.02687	0.04555	0.03941	0.05173	0.03144	0.27501	0.08592	0.06364	0.02616	0.08027	0.03433	0.00523	0.00378	0.00122	0.00398	0.00418	0.00326	0.02609

[dist]
# distance from previous block
# <min> <max>
0	12

[block]
# block no. 9 follows, 68 sequences, length 11
# corresponding to MSA columns:
# 387-397
name=unknown_J
#
# <colnr> <probs for GDERKNQSTAVLIFYWHMCP>
#	G	D	E	R	K	N	Q	S	T	A	V	L	I	F	Y	W	H	M	C	P
0	0.00919	0.00816	0.02271	0.06034	0.06838	0.08531	0.02883	0.06100	0.22823	0.04682	0.13253	0.06590	0.06680	0.00646	0.00428	0.00132	0.00370	0.07670	0.01832	0.00503
1	0.00655	0.00559	0.00672	0.00656	0.00731	0.07689	0.00500	0.00781	0.00701	0.00951	0.05815	0.01641	0.01137	0.10245	0.62117	0.00523	0.03607	0.00439	0.00226	0.00356
2	0.00519	0.00395	0.00452	0.00474	0.00544	0.00367	0.00324	0.00621	0.03030	0.01019	0.06288	0.26382	0.33144	0.20985	0.03475	0.00215	0.00281	0.00829	0.00337	0.00319
3	0.01539	0.01212	0.01102	0.00892	0.01174	0.23140	0.00715	0.40309	0.04657	0.19749	0.01021	0.00996	0.00719	0.00464	0.00387	0.00116	0.00484	0.00343	0.00366	0.00616
