[name]
unknown

[dist]
# distance from previous block
# <min> <max>
0	32

[block]
# block no. 0 follows, 38 sequences, length 112
# corresponding to MSA columns:
# 32-143
name=unknown_A
#
# <colnr> <probs for GDERKNQSTAVLIFYWHMCP>
#	G	D	E	R	K	N	Q	S	T	A	V	L	I	F	Y	W	H	M	C	P
0	0.00711	0.00609	0.00609	0.00609	0.00813	0.00508	0.00457	0.00863	0.01371	0.01625	0.06094	0.05789	0.74862	0.01524	0.00711	0.00203	0.00305	0.01270	0.00559	0.00508
1	0.02699	0.01024	0.01396	0.01070	0.01536	0.00884	0.00884	0.02932	0.01722	0.75522	0.02373	0.02048	0.01489	0.00745	0.00605	0.00186	0.00512	0.00605	0.00745	0.01024
2	0.00878	0.00668	0.00983	0.00973	0.01070	0.00785	0.00752	0.01077	0.00960	0.01385	0.01595	0.02414	0.01516	0.08751	0.69183	0.00916	0.04586	0.00653	0.00322	0.00532
3	0.01247	0.01069	0.01247	0.00891	0.01426	0.00802	0.00713	0.01515	0.01247	0.01960	0.01069	0.01247	0.00891	0.00446	0.00446	0.00089	0.00446	0.00356	0.00356	0.82536
4	0.01761	0.49611	0.09502	0.01234	0.01736	0.18644	0.01178	0.07107	0.01450	0.01646	0.00924	0.01055	0.00790	0.00558	0.00454	0.00144	0.00765	0.00364	0.00294	0.00785
5	0.01323	0.01188	0.01640	0.04066	0.19660	0.01036	0.03386	0.01707	0.05458	0.01979	0.01168	0.01387	0.00958	0.00496	0.00505	0.00125	0.00543	0.00436	0.00352	0.52586
6	0.01767	0.21215	0.06562	0.01484	0.03984	0.25808	0.06471	0.04580	0.18715	0.01852	0.01319	0.01404	0.01048	0.00630	0.00538	0.00167	0.00790	0.00477	0.00374	0.00814
7	0.01401	0.04156	0.44904	0.02064	0.16184	0.05531	0.04165	0.05990	0.01383	0.01962	0.01082	0.01319	0.00821	0.00605	0.00669	0.00190	0.05933	0.00475	0.00288	0.00878
8	0.01045	0.00522	0.00784	0.00784	0.00784	0.00522	0.00522	0.00784	0.00784	0.01045	0.01045	0.01829	0.01045	0.02090	0.02351	0.82497	0.00522	0.00522	0.00261	0.00261
9	0.01406	0.01324	0.02181	0.04006	0.06320	0.03388	0.28621	0.02158	0.21241	0.05353	0.12969	0.04654	0.02014	0.00764	0.00666	0.00199	0.00691	0.00763	0.00469	0.00812
10	0.00892	0.00664	0.00943	0.00920	0.01045	0.00733	0.00701	0.01089	0.00982	0.01427	0.01614	0.02456	0.01538	0.12148	0.61943	0.00850	0.01395	0.00648	0.02074	0.05939
11	0.01519	0.01304	0.01373	0.01229	0.01573	0.01507	0.00958	0.05232	0.71946	0.02554	0.02419	0.02221	0.01813	0.00813	0.00612	0.00203	0.00482	0.00676	0.00612	0.00954
12	0.80596	0.01223	0.03180	0.00819	0.01208	0.01351	0.00700	0.01773	0.01031	0.02675	0.00845	0.00986	0.00655	0.00559	0.00378	0.00186	0.00478	0.00329	0.00369	0.00659
13	0.00733	0.00524	0.00698	0.00838	0.00873	0.00489	0.00558	0.00838	0.01152	0.01536	0.03316	0.78466	0.03979	0.01885	0.00768	0.00244	0.00349	0.01710	0.00558	0.00489
14	0.01885	0.01333	0.01491	0.01212	0.01589	0.01436	0.00988	0.44908	0.06718	0.08015	0.14046	0.04781	0.02145	0.00916	0.00642	0.00193	0.00560	0.05630	0.00617	0.00893
15	0.83108	0.01163	0.00884	0.00791	0.01163	0.01350	0.00651	0.01768	0.01024	0.02699	0.00838	0.00977	0.00651	0.00558	0.00372	0.00186	0.00465	0.00326	0.00372	0.00651
16	0.02699	0.01024	0.01396	0.01070	0.01536	0.00884	0.00884	0.02932	0.01722	0.75522	0.02373	0.02048	0.01489	0.00745	0.00605	0.00186	0.00512	0.00605	0.00745	0.01024
17	0.00836	0.00614	0.00712	0.00721	0.00887	0.00538	0.00535	0.01014	0.01412	0.04875	0.19574	0.19631	0.41166	0.01505	0.00721	0.00210	0.00326	0.03594	0.00588	0.00540
18	0.02158	0.00903	0.01216	0.00977	0.01348	0.00788	0.00789	0.02395	0.01689	0.54371	0.18881	0.04993	0.04931	0.00914	0.00637	0.00189	0.00449	0.00769	0.00714	0.00888
19	0.00740	0.00527	0.00696	0.00828	0.00861	0.00494	0.00548	0.00840	0.01137	0.01516	0.03241	0.74525	0.03884	0.05954	0.00889	0.00262	0.00361	0.01666	0.00548	0.00482
20	0.00867	0.00636	0.00815	0.00767	0.00917	0.00595	0.00576	0.01191	0.03962	0.02390	0.70282	0.04465	0.07808	0.01226	0.00707	0.00190	0.00291	0.01081	0.00657	0.00578
21	0.01608	0.79220	0.03152	0.01029	0.01544	0.02380	0.01029	0.01801	0.01222	0.01415	0.00836	0.00965	0.00772	0.00515	0.00386	0.00129	0.00643	0.00322	0.00257	0.00772
22	0.01608	0.79220	0.03152	0.01029	0.01544	0.02380	0.01029	0.01801	0.01222	0.01415	0.00836	0.00965	0.00772	0.00515	0.00386	0.00129	0.00643	0.00322	0.00257	0.00772
23	0.00763	0.00560	0.00719	0.00823	0.00889	0.00525	0.00562	0.00932	0.03252	0.01648	0.09863	0.64054	0.09638	0.01768	0.00754	0.00235	0.00343	0.01592	0.00569	0.00510
24	0.00851	0.00615	0.00804	0.00757	0.00899	0.00568	0.00568	0.01135	0.01703	0.02412	0.74788	0.04494	0.05676	0.01230	0.00710	0.00189	0.00284	0.01088	0.00662	0.00568
25	0.83108	0.01163	0.00884	0.00791	0.01163	0.01350	0.00651	0.01768	0.01024	0.02699	0.00838	0.00977	0.00651	0.00558	0.00372	0.00186	0.00465	0.00326	0.00372	0.00651
26	0.01785	0.02026	0.01779	0.01555	0.01720	0.34981	0.01238	0.05925	0.01377	0.01591	0.00889	0.01221	0.00796	0.00842	0.01261	0.00210	0.39339	0.00466	0.00303	0.00696
27	0.01547	0.01317	0.01389	0.01234	0.01584	0.01520	0.00964	0.07678	0.69455	0.02598	0.02384	0.02193	0.01784	0.00810	0.00611	0.00203	0.00488	0.00671	0.00611	0.00957
28	0.00867	0.00582	0.00671	0.00678	0.00684	0.00585	0.00390	0.00881	0.00893	0.01196	0.01961	0.07893	0.02256	0.71744	0.05864	0.00580	0.00612	0.00911	0.00373	0.00378
29	0.00875	0.00583	0.00656	0.00656	0.00656	0.00583	0.00365	0.00875	0.00875	0.01166	0.01895	0.03937	0.02187	0.78858	0.03062	0.00583	0.00583	0.00875	0.00365	0.00365
30	0.00733	0.00524	0.00698	0.00838	0.00873	0.00489	0.00558	0.00838	0.01152	0.01536	0.03316	0.78466	0.03979	0.01885	0.00768	0.00244	0.00349	0.01710	0.00558	0.00489
31	0.01489	0.01429	0.02442	0.03692	0.75106	0.01429	0.01846	0.01846	0.01370	0.01965	0.01132	0.01489	0.00953	0.00536	0.00596	0.00179	0.00715	0.00536	0.00298	0.00953
32	0.00753	0.00538	0.00721	0.00861	0.00905	0.00506	0.00594	0.00873	0.01172	0.01558	0.03304	0.72285	0.03934	0.01865	0.00773	0.00247	0.00367	0.07690	0.00558	0.00494
33	0.00836	0.00614	0.00783	0.00741	0.00890	0.00561	0.00556	0.01106	0.01667	0.02328	0.67448	0.04632	0.13069	0.01261	0.00710	0.00191	0.00286	0.01107	0.00651	0.00561
34	0.01608	0.79220	0.03152	0.01029	0.01544	0.02380	0.01029	0.01801	0.01222	0.01415	0.00836	0.00965	0.00772	0.00515	0.00386	0.00129	0.00643	0.00322	0.00257	0.00772
35	0.00719	0.00610	0.00621	0.00618	0.00818	0.00511	0.00464	0.00880	0.01391	0.01672	0.10184	0.05712	0.70743	0.01506	0.00711	0.00202	0.00303	0.01259	0.00565	0.00511
36	0.01512	0.01625	0.06012	0.01467	0.05506	0.17318	0.04412	0.10442	0.06663	0.02031	0.11014	0.07512	0.06693	0.00935	0.00861	0.00200	0.13911	0.00718	0.00433	0.00734
37	0.77766	0.01198	0.00945	0.00830	0.01210	0.01384	0.00684	0.06483	0.01143	0.02771	0.00878	0.01008	0.00676	0.00569	0.00387	0.00186	0.00478	0.00340	0.00387	0.00676
38	0.01432	0.01410	0.01926	0.01612	0.01695	0.04043	0.05083	0.07614	0.01134	0.01674	0.00872	0.01336	0.00816	0.00983	0.01748	0.00250	0.64846	0.00533	0.00296	0.00698
39	0.01159	0.01093	0.01846	0.72540	0.08834	0.01343	0.01682	0.01557	0.01214	0.01565	0.01073	0.01596	0.00812	0.00597	0.00601	0.00199	0.00796	0.00535	0.00269	0.00687
40	0.83108	0.01163	0.00884	0.00791	0.01163	0.01350	0.00651	0.01768	0.01024	0.02699	0.00838	0.00977	0.00651	0.00558	0.00372	0.00186	0.00465	0.00326	0.00372	0.00651
41	0.00851	0.00615	0.00804	0.00757	0.00899	0.00568	0.00568	0.01135	0.01703	0.02412	0.74788	0.04494	0.05676	0.01230	0.00710	0.00189	0.00284	0.01088	0.00662	0.00568
42	0.00734	0.00568	0.00670	0.00734	0.00849	0.00504	0.00516	0.00875	0.01294	0.01653	0.10932	0.40981	0.34193	0.01673	0.00738	0.00222	0.00324	0.01467	0.00568	0.00504
43	0.01045	0.00522	0.00784	0.00784	0.00784	0.00522	0.00522	0.00784	0.00784	0.01045	0.01045	0.01829	0.01045	0.02090	0.02351	0.82497	0.00522	0.00522	0.00261	0.00261
44	0.01608	0.79220	0.03152	0.01029	0.01544	0.02380	0.01029	0.01801	0.01222	0.01415	0.00836	0.00965	0.00772	0.00515	0.00386	0.00129	0.00643	0.00322	0.00257	0.00772
45	0.01420	0.01623	0.03550	0.02535	0.03144	0.01521	0.72921	0.01927	0.01420	0.01927	0.01217	0.01623	0.00913	0.00507	0.00710	0.00203	0.01014	0.00710	0.00304	0.00811
46	0.01207	0.03112	0.75741	0.01715	0.02604	0.01397	0.02223	0.01905	0.01270	0.01905	0.01080	0.01270	0.00762	0.00572	0.00572	0.00191	0.00889	0.00445	0.00254	0.00889
47	0.00732	0.00526	0.00695	0.00830	0.00871	0.00489	0.00555	0.00838	0.01159	0.01538	0.03403	0.76172	0.06216	0.01873	0.00766	0.00243	0.00348	0.01696	0.00558	0.00489
48	0.00867	0.00640	0.00960	0.00960	0.01063	0.00743	0.00743	0.01063	0.00960	0.01382	0.01589	0.02342	0.01486	0.04415	0.73520	0.04217	0.01568	0.00640	0.00320	0.00526
49	0.00873	0.00620	0.00794	0.00752	0.00903	0.00566	0.00563	0.01137	0.01653	0.03864	0.64239	0.07009	0.12226	0.01270	0.00709	0.00192	0.00293	0.01116	0.00651	0.00569
50	0.10849	0.16681	0.01882	0.01373	0.01727	0.54769	0.01083	0.02224	0.01543	0.01594	0.00903	0.01051	0.00761	0.00594	0.00495	0.00154	0.00937	0.00369	0.00307	0.00706
51	0.00874	0.00585	0.00664	0.00662	0.00669	0.00582	0.00375	0.00889	0.00919	0.01234	0.05826	0.03967	0.02375	0.74672	0.02935	0.00562	0.00567	0.00886	0.00381	0.00375
52	0.01391	0.09443	0.51124	0.01749	0.02513	0.05529	0.13083	0.01967	0.01331	0.04777	0.01123	0.01320	0.00816	0.00566	0.00577	0.00185	0.00883	0.00479	0.00285	0.00862
53	0.00859	0.00645	0.00967	0.00967	0.01074	0.00752	0.00752	0.01074	0.00967	0.01396	0.01611	0.02363	0.01504	0.04512	0.76474	0.00967	0.01611	0.00645	0.00322	0.00537
54	0.01698	0.01949	0.01524	0.01374	0.01605	0.41666	0.03562	0.03731	0.01421	0.01510	0.01183	0.01634	0.01063	0.05936	0.21606	0.00411	0.06651	0.00510	0.00320	0.00645
55	0.01420	0.01623	0.03550	0.02535	0.03144	0.01521	0.72921	0.01927	0.01420	0.01927	0.01217	0.01623	0.00913	0.00507	0.00710	0.00203	0.01014	0.00710	0.00304	0.00811
56	0.01604	0.76457	0.03089	0.01036	0.01545	0.02349	0.01027	0.01851	0.03804	0.01454	0.00894	0.01010	0.00810	0.00525	0.00394	0.00131	0.00637	0.00334	0.00270	0.00778
57	0.01136	0.01069	0.01804	0.77412	0.04143	0.01337	0.01671	0.01537	0.01203	0.01537	0.01069	0.01604	0.00802	0.00601	0.00601	0.00200	0.00802	0.00535	0.00267	0.00668
58	0.01614	0.01389	0.01718	0.01911	0.21360	0.01534	0.01221	0.13458	0.43689	0.02562	0.01942	0.01920	0.01475	0.00727	0.00606	0.00194	0.00568	0.00620	0.00526	0.00963
59	0.00873	0.00589	0.00684	0.00684	0.00693	0.00598	0.00399	0.00893	0.00883	0.01187	0.01870	0.03797	0.02126	0.72247	0.09590	0.00617	0.00675	0.00854	0.00361	0.00380
60	0.00875	0.00583	0.00656	0.00656	0.00656	0.00583	0.00365	0.00875	0.00875	0.01166	0.01895	0.03937	0.02187	0.78858	0.03062	0.00583	0.00583	0.00875	0.00365	0.00365
61	0.01316	0.01316	0.01843	0.01579	0.01579	0.01843	0.01316	0.01448	0.00921	0.01448	0.00790	0.01316	0.00790	0.01053	0.01974	0.00263	0.77757	0.00526	0.00263	0.00658
62	0.01614	0.01351	0.01427	0.01248	0.01609	0.01551	0.00981	0.13622	0.63402	0.02707	0.02299	0.02125	0.01715	0.00802	0.00611	0.00201	0.00504	0.00659	0.00611	0.00963
63	0.00874	0.00585	0.00664	0.00662	0.00669	0.00582	0.00375	0.00889	0.00919	0.01234	0.05826	0.03967	0.02375	0.74672	0.02935	0.00562	0.00567	0.00886	0.00381	0.00375
64	0.01207	0.03112	0.75741	0.01715	0.02604	0.01397	0.02223	0.01905	0.01270	0.01905	0.01080	0.01270	0.00762	0.00572	0.00572	0.00191	0.00889	0.00445	0.00254	0.00889
65	0.00861	0.00642	0.00777	0.00849	0.00996	0.00606	0.00674	0.01108	0.03725	0.01740	0.04120	0.19979	0.28293	0.01566	0.00742	0.00233	0.00406	0.26190	0.05955	0.00539
66	0.01221	0.05811	0.73167	0.01690	0.02566	0.01432	0.02180	0.01901	0.01268	0.01888	0.01071	0.01259	0.00762	0.00570	0.00565	0.00188	0.00880	0.00440	0.00254	0.00885
67	0.01431	0.37031	0.35358	0.01468	0.02156	0.01859	0.07575	0.03633	0.01300	0.01735	0.00991	0.01167	0.00786	0.00544	0.00501	0.00164	0.00784	0.00414	0.00268	0.00833
68	0.01121	0.00561	0.00561	0.00561	0.00701	0.00561	0.00421	0.01402	0.01262	0.02243	0.01962	0.02243	0.01542	0.00701	0.00421	0.00140	0.00280	0.00561	0.82198	0.00561
69	0.00857	0.00641	0.00778	0.00824	0.00875	0.02723	0.00555	0.00958	0.01045	0.01400	0.04358	0.30925	0.02744	0.28715	0.19315	0.00526	0.00744	0.01120	0.00433	0.00466
70	0.02082	0.00885	0.01188	0.00959	0.01306	0.00779	0.00765	0.02313	0.01661	0.50961	0.21802	0.02830	0.02660	0.06038	0.00795	0.00213	0.00455	0.00753	0.00697	0.00858
71	0.83108	0.01163	0.00884	0.00791	0.01163	0.01350	0.00651	0.01768	0.01024	0.02699	0.00838	0.00977	0.00651	0.00558	0.00372	0.00186	0.00465	0.00326	0.00372	0.00651
72	0.00741	0.00527	0.00696	0.00828	0.00861	0.00494	0.00548	0.00840	0.01137	0.01516	0.03239	0.74447	0.03882	0.06036	0.00892	0.00263	0.00362	0.01665	0.00548	0.00482
73	0.00739	0.00528	0.00705	0.00845	0.00882	0.00494	0.00569	0.00848	0.01158	0.01543	0.03312	0.76579	0.03965	0.01879	0.00769	0.00245	0.00354	0.03535	0.00558	0.00490
74	0.00875	0.00583	0.00656	0.00656	0.00656	0.00583	0.00365	0.00875	0.00875	0.01166	0.01895	0.03937	0.02187	0.78858	0.03062	0.00583	0.00583	0.00875	0.00365	0.00365
75	0.01232	0.04720	0.44296	0.01367	0.01984	0.01182	0.01582	0.01834	0.05755	0.06513	0.21015	0.02230	0.02189	0.00771	0.00607	0.00189	0.00671	0.00637	0.00415	0.00811
76	0.01642	0.75197	0.03076	0.01057	0.01561	0.06283	0.01036	0.01833	0.01248	0.01418	0.00841	0.00971	0.00772	0.00520	0.00394	0.00130	0.00667	0.00325	0.00260	0.00768
77	0.01035	0.00989	0.05031	0.01106	0.06060	0.00913	0.00816	0.01692	0.23244	0.01940	0.06111	0.17801	0.28392	0.01252	0.00677	0.00208	0.00423	0.01076	0.00544	0.00690
78	0.09470	0.06231	0.01759	0.01496	0.05638	0.36760	0.01126	0.22447	0.01921	0.06019	0.01147	0.01241	0.00880	0.00640	0.00542	0.00167	0.00837	0.00441	0.00417	0.00820
79	0.01344	0.29196	0.50863	0.01480	0.02240	0.01734	0.01814	0.01870	0.01254	0.01737	0.00996	0.01166	0.00765	0.00552	0.00508	0.00169	0.00805	0.00402	0.00255	0.00849
80	0.02699	0.01024	0.01396	0.01070	0.01536	0.00884	0.00884	0.02932	0.01722	0.75522	0.02373	0.02048	0.01489	0.00745	0.00605	0.00186	0.00512	0.00605	0.00745	0.01024
81	0.02202	0.01447	0.01674	0.01299	0.01745	0.01540	0.03297	0.46768	0.07134	0.18630	0.03893	0.01809	0.01351	0.03512	0.00697	0.00199	0.00615	0.00597	0.00617	0.00975
82	0.01380	0.01341	0.01840	0.01566	0.01598	0.01844	0.01305	0.06184	0.01047	0.01603	0.00833	0.01325	0.00805	0.01031	0.01883	0.00258	0.72662	0.00527	0.00286	0.00682
83	0.00867	0.00580	0.00658	0.00666	0.00668	0.00578	0.00375	0.00873	0.00890	0.01186	0.01972	0.07956	0.02284	0.74707	0.02938	0.00565	0.00571	0.00920	0.00375	0.00371
84	0.00861	0.00666	0.00911	0.00942	0.00986	0.00746	0.00680	0.00984	0.01035	0.01436	0.02343	0.38071	0.02666	0.13279	0.21079	0.00484	0.10734	0.01160	0.00431	0.00506
85	0.01489	0.01429	0.02442	0.03692	0.75106	0.01429	0.01846	0.01846	0.01370	0.01965	0.01132	0.01489	0.00953	0.00536	0.00596	0.00179	0.00715	0.00536	0.00298	0.00953
86	0.01159	0.01093	0.01846	0.72540	0.08834	0.01343	0.01682	0.01557	0.01214	0.01565	0.01073	0.01596	0.00812	0.00597	0.00601	0.00199	0.00796	0.00535	0.00269	0.00687
87	0.00835	0.00614	0.00782	0.00740	0.00889	0.00561	0.00555	0.01104	0.01665	0.02323	0.66974	0.04641	0.13547	0.01263	0.00710	0.00191	0.00286	0.01109	0.00650	0.00561
88	0.01503	0.01523	0.04367	0.02035	0.07218	0.03311	0.36613	0.06160	0.19338	0.04136	0.01688	0.01881	0.03102	0.00776	0.03349	0.00225	0.00830	0.00677	0.00414	0.00854
89	0.04144	0.01540	0.02067	0.04755	0.38244	0.07514	0.03421	0.11967	0.12450	0.02246	0.01331	0.01547	0.01058	0.00637	0.00657	0.00186	0.04394	0.00544	0.00388	0.00907
90	0.01145	0.01079	0.01821	0.75494	0.05990	0.01339	0.01675	0.01545	0.01207	0.01548	0.01071	0.01601	0.00806	0.00600	0.00601	0.00200	0.00800	0.00535	0.00268	0.00676
91	0.01372	0.07613	0.43940	0.01823	0.02552	0.04484	0.19725	0.05488	0.01413	0.01971	0.03299	0.01435	0.00960	0.00581	0.00598	0.00188	0.00883	0.00525	0.00299	0.00851
92	0.04297	0.01332	0.02230	0.21684	0.55066	0.01404	0.01761	0.01768	0.01317	0.01886	0.01106	0.01499	0.00905	0.00553	0.00589	0.00184	0.00727	0.00528	0.00293	0.00872
93	0.01009	0.00865	0.01254	0.01168	0.01240	0.01109	0.00937	0.01197	0.00952	0.01413	0.01342	0.02020	0.01270	0.03378	0.52057	0.00736	0.26568	0.00606	0.00303	0.00577
94	0.51330	0.01108	0.01086	0.00901	0.01311	0.01166	0.00743	0.02228	0.01300	0.31479	0.01445	0.01400	0.00983	0.00632	0.00464	0.00186	0.00484	0.00436	0.00519	0.00799
95	0.02280	0.01902	0.01787	0.01415	0.01864	0.15579	0.01147	0.60100	0.02622	0.03365	0.01350	0.01378	0.00977	0.00703	0.00591	0.00176	0.00740	0.00513	0.00548	0.00963
96	0.01511	0.01404	0.02197	0.21331	0.47796	0.03178	0.01708	0.09906	0.01503	0.02058	0.01147	0.01503	0.00920	0.00575	0.00596	0.00184	0.00738	0.00533	0.00325	0.00886
97	0.01643	0.05595	0.02488	0.02923	0.46774	0.01437	0.12868	0.01989	0.01400	0.11982	0.01286	0.01551	0.01004	0.00579	0.00659	0.00184	0.03801	0.00561	0.00356	0.00919
98	0.01496	0.01292	0.01360	0.01224	0.01564	0.01496	0.00952	0.03197	0.74019	0.02516	0.02448	0.02244	0.01836	0.00816	0.00612	0.00204	0.00476	0.00680	0.00612	0.00952
99	0.00899	0.00590	0.00782	0.00820	0.00923	0.00544	0.00582	0.01082	0.01403	0.06398	0.31281	0.44796	0.04492	0.01558	0.00735	0.00219	0.00333	0.01399	0.00610	0.00552
100	0.06853	0.01458	0.01881	0.01867	0.15778	0.12594	0.13756	0.09613	0.01550	0.08557	0.01720	0.18331	0.01618	0.00879	0.00633	0.00195	0.00704	0.00795	0.00436	0.00782
101	0.02247	0.02867	0.01705	0.01550	0.01860	0.76443	0.01162	0.02402	0.01705	0.01472	0.00930	0.01085	0.00775	0.00620	0.00542	0.00155	0.01085	0.00387	0.00310	0.00697
102	0.01489	0.01429	0.02442	0.03692	0.75106	0.01429	0.01846	0.01846	0.01370	0.01965	0.01132	0.01489	0.00953	0.00536	0.00596	0.00179	0.00715	0.00536	0.00298	0.00953
103	0.02191	0.02608	0.01727	0.01530	0.01842	0.61620	0.01170	0.11717	0.01802	0.01778	0.00989	0.01148	0.00809	0.00662	0.00645	0.00166	0.06096	0.00417	0.00346	0.00738
104	0.08014	0.01033	0.01362	0.01052	0.01511	0.00915	0.00869	0.02855	0.01676	0.70709	0.02272	0.01977	0.01434	0.00732	0.00590	0.00186	0.00509	0.00587	0.00720	0.00999
105	0.00750	0.00612	0.00664	0.00656	0.00842	0.00526	0.00494	0.00937	0.01452	0.01820	0.22726	0.05495	0.56578	0.01455	0.00713	0.00201	0.00305	0.02665	0.00584	0.00523
106	0.02592	0.01176	0.06319	0.01120	0.01613	0.00939	0.00978	0.04361	0.01716	0.69126	0.02268	0.01983	0.01431	0.00733	0.00603	0.00186	0.00540	0.00593	0.00709	0.01015
107	0.00745	0.00532	0.00711	0.00851	0.00891	0.00499	0.00579	0.00858	0.01163	0.01549	0.03309	0.74934	0.03953	0.01874	0.00771	0.00246	0.00359	0.05127	0.00558	0.00492
108	0.01532	0.01511	0.08758	0.05336	0.31353	0.01430	0.03834	0.03902	0.27411	0.06151	0.01672	0.01777	0.01275	0.00656	0.00604	0.00191	0.00647	0.00589	0.00436	0.00936
109	0.01478	0.17233	0.14769	0.05079	0.40254	0.05555	0.01673	0.01849	0.01344	0.01817	0.02885	0.01405	0.00988	0.00562	0.00550	0.00170	0.00741	0.00484	0.00291	0.00874
110	0.01451	0.01422	0.07048	0.25744	0.40487	0.01386	0.03745	0.04002	0.01378	0.05853	0.01188	0.01542	0.00924	0.00574	0.00600	0.00187	0.00749	0.00538	0.00319	0.00864
111	0.01140	0.00790	0.00923	0.00839	0.01062	0.02969	0.00634	0.03455	0.01547	0.10261	0.31923	0.16562	0.15045	0.01222	0.00674	0.00189	0.00376	0.01059	0.00594	0.08737

[dist]
# distance from previous block
# <min> <max>
4	8

[block]
# block no. 1 follows, 38 sequences, length 7
# corresponding to MSA columns:
# 152-158
name=unknown_B
#
# <colnr> <probs for GDERKNQSTAVLIFYWHMCP>
#	G	D	E	R	K	N	Q	S	T	A	V	L	I	F	Y	W	H	M	C	P
0	0.01243	0.00910	0.01295	0.01426	0.14978	0.00867	0.03435	0.04000	0.04093	0.10203	0.29848	0.03706	0.16938	0.01061	0.00674	0.00193	0.00449	0.03403	0.00563	0.00715
1	0.01125	0.01034	0.01443	0.01189	0.01417	0.01127	0.06089	0.01347	0.01212	0.01764	0.12250	0.02462	0.11668	0.01207	0.06555	0.00249	0.26512	0.00689	0.00390	0.20270
2	0.83108	0.01163	0.00884	0.00791	0.01163	0.01350	0.00651	0.01768	0.01024	0.02699	0.00838	0.00977	0.00651	0.00558	0.00372	0.00186	0.00465	0.00326	0.00372	0.00651
3	0.01197	0.01003	0.01167	0.00859	0.01321	0.00772	0.00665	0.01428	0.01197	0.01852	0.01182	0.01614	0.01068	0.11131	0.00802	0.00156	0.00464	0.00427	0.00358	0.71338
4	0.01136	0.01069	0.01804	0.77412	0.04143	0.01337	0.01671	0.01537	0.01203	0.01537	0.01069	0.01604	0.00802	0.00601	0.00601	0.00200	0.00802	0.00535	0.00267	0.00668
5	0.83108	0.01163	0.00884	0.00791	0.01163	0.01350	0.00651	0.01768	0.01024	0.02699	0.00838	0.00977	0.00651	0.00558	0.00372	0.00186	0.00465	0.00326	0.00372	0.00651
6	0.01298	0.20413	0.59240	0.01559	0.02363	0.01621	0.01951	0.01882	0.01259	0.01794	0.01024	0.01201	0.00764	0.00559	0.00529	0.00176	0.00833	0.00417	0.00255	0.00862

[dist]
# distance from previous block
# <min> <max>
0	11

[block]
# block no. 2 follows, 38 sequences, length 9
# corresponding to MSA columns:
# 170-178
name=unknown_C
#
# <colnr> <probs for GDERKNQSTAVLIFYWHMCP>
#	G	D	E	R	K	N	Q	S	T	A	V	L	I	F	Y	W	H	M	C	P
0	0.01780	0.16224	0.10075	0.01298	0.01814	0.16903	0.05687	0.05695	0.01497	0.11946	0.01206	0.01308	0.00921	0.00567	0.00515	0.00146	0.00720	0.00432	0.00380	0.20884
1	0.01350	0.01487	0.03121	0.20910	0.03389	0.01476	0.55436	0.01831	0.01367	0.01831	0.01181	0.01618	0.00886	0.00530	0.00683	0.00202	0.00962	0.00667	0.00295	0.00776
2	0.01224	0.01124	0.01695	0.58716	0.03510	0.01376	0.01494	0.01944	0.19072	0.01777	0.01408	0.01761	0.01056	0.00654	0.00604	0.00201	0.00722	0.00570	0.00352	0.00738
3	0.01449	0.01408	0.05944	0.23945	0.12886	0.01402	0.16787	0.12745	0.04726	0.03949	0.03516	0.01903	0.05258	0.00671	0.00632	0.00194	0.00755	0.00633	0.00384	0.00814
4	0.01037	0.00935	0.01533	0.58621	0.03341	0.01128	0.01398	0.01365	0.01190	0.01537	0.01621	0.20466	0.01582	0.00916	0.00642	0.00211	0.00691	0.00823	0.00339	0.00624
5	0.21141	0.00920	0.01209	0.19859	0.01887	0.01113	0.00990	0.01383	0.01036	0.01754	0.01235	0.01769	0.01076	0.02354	0.34287	0.00541	0.05992	0.00532	0.00317	0.00605
6	0.01766	0.01497	0.01494	0.06161	0.03769	0.20180	0.02928	0.05369	0.12452	0.15669	0.01643	0.01829	0.01270	0.01626	0.19211	0.00373	0.00965	0.00565	0.00450	0.00781
7	0.01388	0.01122	0.01527	0.04005	0.17964	0.01217	0.01119	0.19045	0.05687	0.02205	0.01801	0.04004	0.05019	0.02072	0.26579	0.00456	0.00964	0.02626	0.00424	0.00775
8	0.42307	0.09161	0.16502	0.01196	0.01680	0.04873	0.04683	0.05484	0.01230	0.02308	0.00938	0.01115	0.00731	0.00593	0.00541	0.00185	0.05003	0.00394	0.00337	0.00741

[dist]
# distance from previous block
# <min> <max>
0	7

[block]
# block no. 3 follows, 38 sequences, length 7
# corresponding to MSA columns:
# 186-192
name=unknown_D
#
# <colnr> <probs for GDERKNQSTAVLIFYWHMCP>
#	G	D	E	R	K	N	Q	S	T	A	V	L	I	F	Y	W	H	M	C	P
0	0.08045	0.04285	0.07895	0.06007	0.01484	0.00971	0.00898	0.01740	0.08948	0.11639	0.25951	0.08622	0.05648	0.00966	0.00618	0.00189	0.00465	0.00817	0.00539	0.04274
1	0.01380	0.10257	0.13950	0.01503	0.09404	0.04373	0.04197	0.07517	0.01421	0.06313	0.05070	0.10988	0.07602	0.01197	0.06874	0.00256	0.05804	0.00733	0.00406	0.00754
2	0.01485	0.11085	0.01694	0.01246	0.01545	0.12373	0.05093	0.04701	0.07652	0.06060	0.01384	0.01704	0.01164	0.01861	0.24228	0.00418	0.07974	0.00532	0.00370	0.07430
3	0.01025	0.01302	0.18717	0.01083	0.01428	0.00912	0.01053	0.07182	0.01368	0.01873	0.08676	0.07497	0.17572	0.02084	0.22257	0.00420	0.00856	0.03608	0.00431	0.00655
4	0.01462	0.17120	0.07924	0.01295	0.07663	0.01323	0.01063	0.01742	0.01263	0.07788	0.01109	0.01283	0.00901	0.00557	0.00608	0.00137	0.07549	0.00407	0.00346	0.38460
5	0.01693	0.23713	0.06900	0.08101	0.01908	0.06012	0.01139	0.16704	0.12224	0.05312	0.01457	0.01527	0.02908	0.00649	0.00527	0.00164	0.00648	0.00489	0.00420	0.07504
6	0.01573	0.01337	0.07379	0.01357	0.01766	0.01258	0.10947	0.02580	0.36126	0.14674	0.09115	0.05450	0.02023	0.00826	0.00637	0.00200	0.00565	0.00735	0.00567	0.00884

[dist]
# distance from previous block
# <min> <max>
153	470

[block]
# block no. 4 follows, 38 sequences, length 17
# corresponding to MSA columns:
# 831-847
name=unknown_E
#
# <colnr> <probs for GDERKNQSTAVLIFYWHMCP>
#	G	D	E	R	K	N	Q	S	T	A	V	L	I	F	Y	W	H	M	C	P
0	0.01564	0.01237	0.01424	0.01184	0.01580	0.01301	0.03434	0.08144	0.43138	0.07912	0.05937	0.02081	0.01744	0.00746	0.00588	0.00179	0.00496	0.00626	0.00565	0.16119
1	0.48122	0.01024	0.01083	0.00924	0.01249	0.01102	0.06009	0.01645	0.01294	0.06135	0.23382	0.02145	0.02237	0.00768	0.00511	0.00188	0.00453	0.00599	0.00474	0.00656
2	0.01690	0.58911	0.02699	0.01066	0.01538	0.02096	0.01003	0.11548	0.01462	0.05393	0.01179	0.06844	0.01080	0.00656	0.00455	0.00147	0.00618	0.00469	0.00351	0.00798
3	0.17150	0.06914	0.01450	0.01047	0.01483	0.01169	0.02436	0.06138	0.06828	0.31780	0.03366	0.01870	0.01357	0.00699	0.00538	0.00174	0.00518	0.03168	0.00553	0.11360
4	0.61339	0.11920	0.01316	0.00902	0.01308	0.01558	0.00768	0.11137	0.01288	0.02667	0.00917	0.01037	0.00717	0.00574	0.00404	0.00178	0.00516	0.00354	0.00387	0.00717
5	0.01136	0.01069	0.01804	0.77412	0.04143	0.01337	0.01671	0.01537	0.01203	0.01537	0.01069	0.01604	0.00802	0.00601	0.00601	0.00200	0.00802	0.00535	0.00267	0.00668
6	0.06061	0.64507	0.02840	0.01077	0.01567	0.07360	0.01026	0.06722	0.01355	0.01651	0.00884	0.01007	0.00783	0.00538	0.00411	0.00137	0.00665	0.00341	0.00291	0.00778
7	0.02699	0.01024	0.01396	0.01070	0.01536	0.00884	0.00884	0.02932	0.01722	0.75522	0.02373	0.02048	0.01489	0.00745	0.00605	0.00186	0.00512	0.00605	0.00745	0.01024
8	0.00733	0.00524	0.00698	0.00838	0.00873	0.00489	0.00558	0.00838	0.01152	0.01536	0.03316	0.78466	0.03979	0.01885	0.00768	0.00244	0.00349	0.01710	0.00558	0.00489
9	0.00733	0.00524	0.00698	0.00838	0.00873	0.00489	0.00558	0.00838	0.01152	0.01536	0.03316	0.78466	0.03979	0.01885	0.00768	0.00244	0.00349	0.01710	0.00558	0.00489
10	0.02597	0.01187	0.01497	0.01148	0.01617	0.01127	0.00948	0.20281	0.01995	0.57786	0.02144	0.01898	0.01374	0.00739	0.00604	0.00185	0.00549	0.00589	0.00709	0.01024
11	0.02287	0.01685	0.01805	0.01384	0.01866	0.01866	0.01143	0.73100	0.02828	0.03791	0.01444	0.01444	0.01023	0.00722	0.00602	0.00181	0.00662	0.00542	0.00602	0.01023
12	0.00711	0.00609	0.00609	0.00609	0.00813	0.00508	0.00457	0.00863	0.01371	0.01625	0.06094	0.05789	0.74862	0.01524	0.00711	0.00203	0.00305	0.01270	0.00559	0.00508
13	0.01210	0.01187	0.02113	0.59024	0.03813	0.01380	0.15201	0.01701	0.05190	0.01664	0.01172	0.01642	0.00879	0.00595	0.00623	0.00201	0.00825	0.00576	0.00293	0.00711
14	0.59925	0.01365	0.01119	0.00957	0.01347	0.06987	0.00780	0.13190	0.01398	0.06727	0.01024	0.01117	0.00765	0.00599	0.00434	0.00183	0.00545	0.00380	0.00424	0.00734
15	0.02614	0.01041	0.01395	0.01075	0.01529	0.00921	0.00886	0.06265	0.01775	0.69494	0.04860	0.02104	0.01613	0.00760	0.00608	0.00186	0.00511	0.00619	0.00735	0.01008
16	0.83108	0.01163	0.00884	0.00791	0.01163	0.01350	0.00651	0.01768	0.01024	0.02699	0.00838	0.00977	0.00651	0.00558	0.00372	0.00186	0.00465	0.00326	0.00372	0.00651

[dist]
# distance from previous block
# <min> <max>
0	1

[block]
# block no. 5 follows, 38 sequences, length 27
# corresponding to MSA columns:
# 849-875
name=unknown_F
#
# <colnr> <probs for GDERKNQSTAVLIFYWHMCP>
#	G	D	E	R	K	N	Q	S	T	A	V	L	I	F	Y	W	H	M	C	P
0	0.00737	0.00599	0.00653	0.00663	0.00835	0.00515	0.00488	0.00905	0.01399	0.01745	0.17214	0.14769	0.54339	0.01520	0.00718	0.00206	0.00307	0.01295	0.00576	0.00515
1	0.63672	0.01333	0.01167	0.00992	0.01369	0.05270	0.03496	0.09974	0.01277	0.02687	0.00925	0.01073	0.00715	0.00596	0.00478	0.00187	0.03319	0.00375	0.00389	0.00703
2	0.04723	0.01226	0.01476	0.01153	0.01591	0.01219	0.00950	0.27616	0.02085	0.41194	0.06976	0.02084	0.01634	0.00786	0.00610	0.00187	0.00549	0.02299	0.00673	0.00970
3	0.00733	0.00524	0.00698	0.00838	0.00873	0.00489	0.00558	0.00838	0.01152	0.01536	0.03316	0.78466	0.03979	0.01885	0.00768	0.00244	0.00349	0.01710	0.00558	0.00489
4	0.01308	0.01245	0.02115	0.41430	0.38780	0.01382	0.01756	0.01688	0.01284	0.01746	0.01100	0.01548	0.00876	0.00570	0.00599	0.00190	0.00759	0.00535	0.00282	0.00807
5	0.01489	0.01429	0.02442	0.03692	0.75106	0.01429	0.01846	0.01846	0.01370	0.01965	0.01132	0.01489	0.00953	0.00536	0.00596	0.00179	0.00715	0.00536	0.00298	0.00953
6	0.01262	0.01014	0.01136	0.01046	0.01291	0.01064	0.00791	0.02156	0.35083	0.02514	0.36855	0.03619	0.07304	0.01118	0.00711	0.00217	0.00416	0.00935	0.00667	0.00802
7	0.01608	0.79220	0.03152	0.01029	0.01544	0.02380	0.01029	0.01801	0.01222	0.01415	0.00836	0.00965	0.00772	0.00515	0.00386	0.00129	0.00643	0.00322	0.00257	0.00772
8	0.01489	0.01429	0.02442	0.03692	0.75106	0.01429	0.01846	0.01846	0.01370	0.01965	0.01132	0.01489	0.00953	0.00536	0.00596	0.00179	0.00715	0.00536	0.00298	0.00953
9	0.02285	0.01640	0.01771	0.01363	0.01840	0.01804	0.01124	0.67446	0.04853	0.07444	0.01521	0.01499	0.01071	0.00726	0.00602	0.00182	0.00649	0.00549	0.00609	0.01021
10	0.01424	0.01610	0.03479	0.02609	0.07742	0.01515	0.68379	0.01922	0.01417	0.01929	0.01212	0.01614	0.00915	0.00509	0.00703	0.00201	0.00995	0.00699	0.00304	0.00820
11	0.00733	0.00524	0.00698	0.00838	0.00873	0.00489	0.00558	0.00838	0.01152	0.01536	0.03316	0.78466	0.03979	0.01885	0.00768	0.00244	0.00349	0.01710	0.00558	0.00489
12	0.01400	0.39846	0.40706	0.01384	0.02092	0.01872	0.01647	0.01855	0.01247	0.01669	0.00962	0.01123	0.00767	0.00544	0.00482	0.00161	0.00770	0.00385	0.00256	0.00833
13	0.01474	0.01414	0.02414	0.06879	0.72038	0.01425	0.01839	0.01833	0.01363	0.01947	0.01129	0.01494	0.00946	0.00539	0.00596	0.00180	0.00718	0.00536	0.00296	0.00941
14	0.01247	0.01069	0.01247	0.00891	0.01426	0.00802	0.00713	0.01515	0.01247	0.01960	0.01069	0.01247	0.00891	0.00446	0.00446	0.00089	0.00446	0.00356	0.00356	0.82536
15	0.02285	0.01743	0.01800	0.01392	0.01865	0.05506	0.01144	0.69649	0.02774	0.03678	0.01419	0.01427	0.01011	0.00717	0.00599	0.00179	0.00683	0.00534	0.00588	0.01007
16	0.01012	0.00684	0.00873	0.00790	0.00983	0.00622	0.00602	0.01320	0.03485	0.07531	0.60626	0.04163	0.08508	0.01160	0.00686	0.00185	0.00314	0.01015	0.00646	0.04795
17	0.00744	0.00541	0.00705	0.00827	0.00884	0.00501	0.00567	0.00865	0.01196	0.01578	0.05402	0.66990	0.10309	0.01826	0.00764	0.00241	0.00352	0.04653	0.00561	0.00495
18	0.00733	0.00524	0.00698	0.00838	0.00873	0.00489	0.00558	0.00838	0.01152	0.01536	0.03316	0.78466	0.03979	0.01885	0.00768	0.00244	0.00349	0.01710	0.00558	0.00489
19	0.01454	0.01625	0.03482	0.02491	0.03094	0.01535	0.70117	0.04707	0.01475	0.02000	0.01226	0.01616	0.00917	0.00516	0.00706	0.00202	0.01000	0.00703	0.00316	0.00820
20	0.07008	0.02974	0.70439	0.01649	0.02502	0.01394	0.02111	0.01895	0.01253	0.01961	0.01062	0.01249	0.00754	0.00571	0.00557	0.00190	0.00859	0.00436	0.00262	0.00872
21	0.02238	0.01032	0.01445	0.01264	0.06706	0.00940	0.02891	0.02599	0.06830	0.53025	0.12236	0.02347	0.02037	0.00795	0.00622	0.00188	0.00506	0.00675	0.00680	0.00945
22	0.01241	0.01194	0.01874	0.48717	0.18104	0.03995	0.01597	0.01591	0.01217	0.01605	0.01095	0.01595	0.00881	0.00899	0.06074	0.00253	0.06535	0.00537	0.00279	0.00717
23	0.73196	0.01209	0.01042	0.01027	0.06437	0.01382	0.00761	0.05419	0.01140	0.02703	0.00889	0.01037	0.00692	0.00565	0.00400	0.00185	0.00493	0.00352	0.00379	0.00692
24	0.01265	0.09688	0.62489	0.01775	0.05288	0.01492	0.06080	0.01895	0.01278	0.01865	0.01068	0.01271	0.00779	0.00562	0.00564	0.00185	0.00868	0.00452	0.00259	0.00877
25	0.01885	0.01251	0.03102	0.01091	0.01578	0.01127	0.00906	0.19700	0.05431	0.21850	0.04257	0.01676	0.01300	0.00643	0.00547	0.00149	0.00522	0.00513	0.00541	0.31934
26	0.01412	0.01003	0.01189	0.00960	0.01346	0.00897	0.00753	0.06130	0.10700	0.11474	0.12700	0.10219	0.02140	0.00818	0.00570	0.00153	0.00436	0.00694	0.00520	0.35884

[dist]
# distance from previous block
# <min> <max>
9	28

[block]
# block no. 6 follows, 38 sequences, length 25
# corresponding to MSA columns:
# 904-928
name=unknown_G
#
# <colnr> <probs for GDERKNQSTAVLIFYWHMCP>
#	G	D	E	R	K	N	Q	S	T	A	V	L	I	F	Y	W	H	M	C	P
0	0.22881	0.01215	0.01687	0.01254	0.01756	0.01116	0.17061	0.01805	0.01271	0.08909	0.01162	0.01335	0.00888	0.00517	0.00501	0.00149	0.00586	0.00451	0.00384	0.35073
1	0.18921	0.01136	0.01362	0.01007	0.01513	0.00980	0.06736	0.01604	0.01214	0.02117	0.01032	0.01221	0.00841	0.00475	0.00452	0.00120	0.00497	0.00379	0.00355	0.58039
2	0.17574	0.01307	0.03874	0.01087	0.01538	0.07822	0.00914	0.04599	0.01593	0.48576	0.01848	0.01694	0.01213	0.00683	0.00550	0.00181	0.00570	0.00519	0.00604	0.03253
3	0.02241	0.01662	0.01779	0.01375	0.01848	0.01844	0.01132	0.69032	0.06972	0.03717	0.01503	0.01491	0.01070	0.00728	0.00602	0.00182	0.00651	0.00550	0.00602	0.01019
4	0.00733	0.00524	0.00698	0.00838	0.00873	0.00489	0.00558	0.00838	0.01152	0.01536	0.03316	0.78466	0.03979	0.01885	0.00768	0.00244	0.00349	0.01710	0.00558	0.00489
5	0.02699	0.01024	0.01396	0.01070	0.01536	0.00884	0.00884	0.02932	0.01722	0.75522	0.02373	0.02048	0.01489	0.00745	0.00605	0.00186	0.00512	0.00605	0.00745	0.01024
6	0.01608	0.79220	0.03152	0.01029	0.01544	0.02380	0.01029	0.01801	0.01222	0.01415	0.00836	0.00965	0.00772	0.00515	0.00386	0.00129	0.00643	0.00322	0.00257	0.00772
7	0.02699	0.01024	0.01396	0.01070	0.01536	0.00884	0.00884	0.02932	0.01722	0.75522	0.02373	0.02048	0.01489	0.00745	0.00605	0.00186	0.00512	0.00605	0.00745	0.01024
8	0.00733	0.00524	0.00698	0.00838	0.00873	0.00489	0.00558	0.00838	0.01152	0.01536	0.03316	0.78466	0.03979	0.01885	0.00768	0.00244	0.00349	0.01710	0.00558	0.00489
9	0.02662	0.01084	0.01433	0.01099	0.01566	0.00973	0.00908	0.09285	0.01822	0.69028	0.02289	0.01993	0.01447	0.00743	0.00605	0.00186	0.00525	0.00599	0.00732	0.01024
10	0.05386	0.01177	0.01421	0.01110	0.01550	0.03625	0.00910	0.14450	0.01879	0.54055	0.06456	0.02023	0.01608	0.00759	0.00600	0.00184	0.00541	0.00606	0.00688	0.00972
11	0.02699	0.01024	0.01396	0.01070	0.01536	0.00884	0.00884	0.02932	0.01722	0.75522	0.02373	0.02048	0.01489	0.00745	0.00605	0.00186	0.00512	0.00605	0.00745	0.01024
12	0.00733	0.00524	0.00698	0.00838	0.00873	0.00489	0.00558	0.00838	0.01152	0.01536	0.03316	0.78466	0.03979	0.01885	0.00768	0.00244	0.00349	0.01710	0.00558	0.00489
13	0.02193	0.06217	0.01850	0.01541	0.01892	0.61477	0.03726	0.10749	0.01806	0.01761	0.00997	0.01141	0.00809	0.00623	0.00548	0.00159	0.01012	0.00414	0.00342	0.00744
14	0.01532	0.01590	0.02654	0.03241	0.51753	0.07384	0.19136	0.01910	0.01408	0.01917	0.01136	0.01490	0.00929	0.00536	0.00619	0.00183	0.00817	0.00567	0.00300	0.00898
15	0.01241	0.01141	0.01865	0.76209	0.04171	0.01389	0.01700	0.01607	0.01267	0.01635	0.01173	0.01742	0.00902	0.00670	0.00645	0.00219	0.00832	0.00567	0.00304	0.00722
16	0.01489	0.01429	0.02442	0.03692	0.75106	0.01429	0.01846	0.01846	0.01370	0.01965	0.01132	0.01489	0.00953	0.00536	0.00596	0.00179	0.00715	0.00536	0.00298	0.00953
17	0.12283	0.06536	0.09596	0.01406	0.01832	0.30776	0.04700	0.06418	0.14765	0.04215	0.01292	0.01371	0.00993	0.00641	0.00541	0.00175	0.00804	0.00466	0.00393	0.00797
18	0.01470	0.01421	0.02461	0.07055	0.68669	0.01429	0.04951	0.01835	0.01364	0.01944	0.01132	0.01500	0.00944	0.00538	0.00601	0.00181	0.00732	0.00544	0.00297	0.00934
19	0.00851	0.00615	0.00804	0.00757	0.00899	0.00568	0.00568	0.01135	0.01703	0.02412	0.74788	0.04494	0.05676	0.01230	0.00710	0.00189	0.00284	0.01088	0.00662	0.00568
20	0.32793	0.01144	0.01246	0.00998	0.01430	0.01159	0.00823	0.09670	0.01573	0.40895	0.01703	0.01585	0.01128	0.00673	0.00517	0.00186	0.00510	0.00494	0.00590	0.00884
21	0.08559	0.01457	0.01976	0.11461	0.07670	0.11376	0.14973	0.02195	0.01448	0.24609	0.01446	0.01593	0.01030	0.00657	0.00705	0.00193	0.06832	0.00553	0.00438	0.00829
22	0.06773	0.16735	0.03656	0.01315	0.01711	0.04018	0.01134	0.34967	0.06302	0.02681	0.01216	0.01335	0.00948	0.00727	0.00777	0.00186	0.13713	0.00485	0.00448	0.00873
23	0.01591	0.76029	0.06196	0.01058	0.01588	0.02339	0.01079	0.01806	0.01224	0.01436	0.00847	0.00978	0.00772	0.00517	0.00394	0.00131	0.00654	0.00327	0.00257	0.00777
24	0.01616	0.73750	0.05773	0.01073	0.01594	0.04934	0.01078	0.01826	0.01241	0.01435	0.00849	0.00980	0.00772	0.00520	0.00398	0.00132	0.00668	0.00328	0.00259	0.00774

[dist]
# distance from previous block
# <min> <max>
5	8

# created by:
# /usr/local/bin/augustus/scripts/msa2prfl.pl /tmp/cug/new/wiskott-aldrich-sydrome-protein.fasta
