[name]
unknown

[dist]
# distance from previous block
# <min> <max>
0	30

[block]
# block no. 0 follows, 70 sequences, length 15
# corresponding to MSA columns:
# 30-44
name=unknown_A
#
# <colnr> <probs for GDERKNQSTAVLIFYWHMCP>
#	G	D	E	R	K	N	Q	S	T	A	V	L	I	F	Y	W	H	M	C	P
0	0.00564	0.00376	0.00423	0.00423	0.00423	0.00376	0.00235	0.00564	0.00564	0.00752	0.01222	0.02537	0.01409	0.86375	0.01973	0.00376	0.00376	0.00564	0.00235	0.00235
1	0.00804	0.00689	0.00804	0.00574	0.00919	0.00517	0.00459	0.00976	0.00804	0.01263	0.00689	0.00804	0.00574	0.00287	0.00287	0.00057	0.00287	0.00230	0.00230	0.88745
2	0.01474	0.01086	0.01163	0.00892	0.01202	0.01202	0.00737	0.82664	0.01823	0.02443	0.00931	0.00931	0.00659	0.00465	0.00388	0.00116	0.00427	0.00349	0.00388	0.00659
3	0.00483	0.00396	0.00431	0.00451	0.00567	0.00343	0.00347	0.00590	0.00873	0.01058	0.03505	0.10962	0.65156	0.01015	0.00472	0.00140	0.00222	0.12299	0.00360	0.00330
4	0.00549	0.00396	0.00518	0.00488	0.00579	0.00366	0.00366	0.00732	0.01097	0.01555	0.83752	0.02896	0.03658	0.00793	0.00457	0.00122	0.00183	0.00701	0.00427	0.00366
5	0.89114	0.00750	0.00570	0.00510	0.00750	0.00870	0.00420	0.01140	0.00660	0.01739	0.00540	0.00630	0.00420	0.00360	0.00240	0.00120	0.00300	0.00210	0.00240	0.00420
6	0.00732	0.00689	0.01163	0.85444	0.02670	0.00861	0.01077	0.00991	0.00775	0.00991	0.00689	0.01034	0.00517	0.00388	0.00388	0.00129	0.00517	0.00345	0.00172	0.00431
7	0.00804	0.00689	0.00804	0.00574	0.00919	0.00517	0.00459	0.00976	0.00804	0.01263	0.00689	0.00804	0.00574	0.00287	0.00287	0.00057	0.00287	0.00230	0.00230	0.88745
8	0.00458	0.00393	0.00393	0.00393	0.00524	0.00327	0.00295	0.00556	0.00884	0.01047	0.03927	0.03731	0.83800	0.00982	0.00458	0.00131	0.00196	0.00818	0.00360	0.00327
9	0.00472	0.00337	0.00450	0.00540	0.00562	0.00315	0.00360	0.00540	0.00742	0.00990	0.02137	0.86122	0.02564	0.01215	0.00495	0.00157	0.00225	0.01102	0.00360	0.00315
10	0.00732	0.00689	0.01163	0.85444	0.02670	0.00861	0.01077	0.00991	0.00775	0.00991	0.00689	0.01034	0.00517	0.00388	0.00388	0.00129	0.00517	0.00345	0.00172	0.00431
11	0.01739	0.00660	0.00900	0.00690	0.00990	0.00570	0.00570	0.01889	0.01110	0.84226	0.01529	0.01320	0.00960	0.00480	0.00390	0.00120	0.00330	0.00390	0.00480	0.00660
12	0.03816	0.04864	0.78669	0.01069	0.01623	0.00921	0.01371	0.01222	0.00812	0.01234	0.00685	0.00805	0.00489	0.00367	0.00360	0.00121	0.00558	0.00281	0.00166	0.00565
13	0.00778	0.02005	0.84367	0.01105	0.01678	0.00900	0.01432	0.01228	0.00818	0.01228	0.00696	0.00818	0.00491	0.00368	0.00368	0.00123	0.00573	0.00286	0.00164	0.00573
14	0.00784	0.00747	0.01172	0.77744	0.04920	0.03726	0.01059	0.03369	0.00819	0.01039	0.00694	0.01017	0.00523	0.00389	0.00386	0.00127	0.00519	0.00341	0.00180	0.00443

[dist]
# distance from previous block
# <min> <max>
1	9

[block]
# block no. 1 follows, 70 sequences, length 6
# corresponding to MSA columns:
# 54-59
name=unknown_B
#
# <colnr> <probs for GDERKNQSTAVLIFYWHMCP>
#	G	D	E	R	K	N	Q	S	T	A	V	L	I	F	Y	W	H	M	C	P
0	0.16913	0.08523	0.02722	0.00606	0.00794	0.02553	0.00494	0.11157	0.05840	0.04232	0.13009	0.18022	0.12290	0.00692	0.00387	0.00125	0.00298	0.00570	0.00331	0.00441
1	0.01119	0.30566	0.05362	0.01093	0.17207	0.10183	0.00802	0.11236	0.10285	0.05146	0.02959	0.00927	0.00720	0.00400	0.00337	0.00105	0.00441	0.00307	0.00249	0.00555
2	0.00759	0.15930	0.00907	0.00668	0.03687	0.00768	0.00516	0.01176	0.25322	0.01276	0.15339	0.04374	0.17581	0.04679	0.00475	0.00135	0.00294	0.05323	0.00335	0.00456
3	0.00760	0.01125	0.32001	0.00801	0.03887	0.00636	0.00819	0.01024	0.00846	0.03983	0.04137	0.01426	0.15516	0.00467	0.00360	0.00101	0.00381	0.00381	0.00242	0.31104
4	0.00639	0.00634	0.00537	0.00549	0.00657	0.15403	0.00397	0.00728	0.00876	0.01011	0.02751	0.29974	0.42524	0.00954	0.00451	0.00134	0.00295	0.00809	0.00331	0.00345
5	0.00848	0.00792	0.01328	0.11079	0.60239	0.00806	0.01029	0.01052	0.00846	0.01187	0.00976	0.16167	0.00952	0.00505	0.00404	0.00124	0.00425	0.00480	0.00220	0.00541

[dist]
# distance from previous block
# <min> <max>
0	1

[block]
# block no. 2 follows, 70 sequences, length 49
# corresponding to MSA columns:
# 61-109
name=unknown_C
#
# <colnr> <probs for GDERKNQSTAVLIFYWHMCP>
#	G	D	E	R	K	N	Q	S	T	A	V	L	I	F	Y	W	H	M	C	P
0	0.01036	0.86609	0.02032	0.00663	0.00995	0.01534	0.00663	0.01161	0.00788	0.00912	0.00539	0.00622	0.00498	0.00332	0.00249	0.00083	0.00415	0.00207	0.00166	0.00498
1	0.00462	0.00393	0.00398	0.00397	0.00526	0.00329	0.00298	0.00564	0.00893	0.01069	0.07344	0.03695	0.80369	0.00974	0.00458	0.00131	0.00196	0.00813	0.00363	0.00329
2	0.00625	0.00446	0.00625	0.00714	0.00803	0.00446	0.00625	0.00803	0.00892	0.01160	0.02053	0.04373	0.02231	0.01071	0.00535	0.00178	0.00357	0.81348	0.00357	0.00357
3	0.00637	0.00383	0.00397	0.00390	0.00497	0.00355	0.00291	0.00781	0.00853	0.03344	0.06751	0.02390	0.31319	0.03499	0.00409	0.00117	0.00197	0.00554	0.46485	0.00352
4	0.89114	0.00750	0.00570	0.00510	0.00750	0.00870	0.00420	0.01140	0.00660	0.01739	0.00540	0.00630	0.00420	0.00360	0.00240	0.00120	0.00300	0.00210	0.00240	0.00420
5	0.02476	0.54990	0.06314	0.00774	0.02576	0.04116	0.00723	0.18301	0.01011	0.01272	0.00654	0.00740	0.00550	0.00462	0.03469	0.00114	0.00458	0.00253	0.00217	0.00529
6	0.00786	0.04797	0.81650	0.01090	0.01655	0.00921	0.01407	0.01226	0.00817	0.01217	0.00691	0.00812	0.00491	0.00367	0.00364	0.00121	0.00568	0.00284	0.00164	0.00570
7	0.01739	0.00660	0.00900	0.00690	0.00990	0.00570	0.00570	0.01889	0.01110	0.84226	0.01529	0.01320	0.00960	0.00480	0.00390	0.00120	0.00330	0.00390	0.00480	0.00660
8	0.01449	0.01094	0.01224	0.00937	0.01248	0.05153	0.06501	0.68244	0.01682	0.07137	0.00940	0.00951	0.00664	0.00453	0.00391	0.00117	0.00450	0.00354	0.00371	0.00640
9	0.01183	0.17829	0.27670	0.00974	0.04427	0.02584	0.07952	0.04507	0.00957	0.26843	0.00939	0.00962	0.00657	0.00396	0.00360	0.00114	0.00467	0.00322	0.00275	0.00583
10	0.00620	0.00414	0.00541	0.00507	0.00612	0.00380	0.00387	0.00798	0.01081	0.06502	0.72123	0.02899	0.06442	0.00793	0.00457	0.00125	0.00200	0.04313	0.00424	0.00382
11	0.00732	0.00689	0.01163	0.85444	0.02670	0.00861	0.01077	0.00991	0.00775	0.00991	0.00689	0.01034	0.00517	0.00388	0.00388	0.00129	0.00517	0.00345	0.00172	0.00431
12	0.01430	0.01103	0.01136	0.00889	0.01186	0.05404	0.00727	0.71899	0.08525	0.02300	0.00968	0.00962	0.00695	0.00467	0.00386	0.00117	0.00430	0.00351	0.00379	0.00645
13	0.00713	0.00458	0.00624	0.00623	0.00721	0.00473	0.00484	0.04676	0.00810	0.09902	0.01613	0.21376	0.04647	0.04535	0.33183	0.00341	0.00586	0.13542	0.00310	0.00385
14	0.00472	0.00337	0.00450	0.00540	0.00562	0.00315	0.00360	0.00540	0.00742	0.00990	0.02137	0.86122	0.02564	0.01215	0.00495	0.00157	0.00225	0.01102	0.00360	0.00315
15	0.00915	0.03803	0.04778	0.01587	0.01983	0.00996	0.77469	0.01239	0.00908	0.01231	0.00774	0.01025	0.00582	0.00328	0.00448	0.00129	0.00644	0.00444	0.00194	0.00524
16	0.00470	0.00393	0.00410	0.00406	0.00531	0.00333	0.00304	0.00580	0.00913	0.01116	0.14778	0.03617	0.72906	0.00956	0.00458	0.00130	0.00195	0.00802	0.00369	0.00333
17	0.03736	0.01143	0.01135	0.00890	0.01185	0.09105	0.00727	0.70883	0.03727	0.02263	0.00905	0.00914	0.00651	0.00458	0.00381	0.00115	0.00446	0.00338	0.00366	0.00632
18	0.00554	0.00415	0.00623	0.00623	0.00692	0.00485	0.00485	0.00692	0.00623	0.00900	0.01038	0.01523	0.00969	0.02908	0.84839	0.00623	0.01038	0.00415	0.00208	0.00346
19	0.00804	0.00689	0.00804	0.00574	0.00919	0.00517	0.00459	0.00976	0.00804	0.01263	0.00689	0.00804	0.00574	0.00287	0.00287	0.00057	0.00287	0.00230	0.00230	0.88745
20	0.00625	0.00446	0.00625	0.00714	0.00803	0.00446	0.00625	0.00803	0.00892	0.01160	0.02053	0.04373	0.02231	0.01071	0.00535	0.00178	0.00357	0.81348	0.00357	0.00357
21	0.00778	0.02005	0.84367	0.01105	0.01678	0.00900	0.01432	0.01228	0.00818	0.01228	0.00696	0.00818	0.00491	0.00368	0.00368	0.00123	0.00573	0.00286	0.00164	0.00573
22	0.01448	0.01848	0.01099	0.00999	0.01199	0.84819	0.00749	0.01548	0.01099	0.00949	0.00599	0.00699	0.00499	0.00400	0.00350	0.00100	0.00699	0.00250	0.00200	0.00449
23	0.89114	0.00750	0.00570	0.00510	0.00750	0.00870	0.00420	0.01140	0.00660	0.01739	0.00540	0.00630	0.00420	0.00360	0.00240	0.00120	0.00300	0.00210	0.00240	0.00420
24	0.00464	0.00393	0.00401	0.00399	0.00527	0.00330	0.00299	0.00568	0.00897	0.01080	0.09018	0.03678	0.78689	0.00970	0.00458	0.00130	0.00196	0.00811	0.00364	0.00330
25	0.00458	0.00393	0.00393	0.00393	0.00524	0.00327	0.00295	0.00556	0.00884	0.01047	0.03927	0.03731	0.83800	0.00982	0.00458	0.00131	0.00196	0.00818	0.00360	0.00327
26	0.00904	0.00864	0.01472	0.22830	0.63944	0.00906	0.01162	0.01141	0.00856	0.01199	0.00719	0.00978	0.00590	0.00356	0.00385	0.00119	0.00474	0.00345	0.00187	0.00569
27	0.01427	0.03292	0.01117	0.00993	0.01191	0.81470	0.00750	0.01527	0.01082	0.00948	0.00596	0.00701	0.00500	0.00405	0.00369	0.00101	0.02632	0.00251	0.00198	0.00450
28	0.00673	0.00337	0.00505	0.00505	0.00505	0.00337	0.00337	0.00505	0.00505	0.00673	0.00673	0.01178	0.00673	0.01347	0.01515	0.88721	0.00337	0.00337	0.00168	0.00168
29	0.00981	0.01491	0.47836	0.00978	0.01414	0.00897	0.02649	0.06592	0.20620	0.11147	0.01021	0.01039	0.00724	0.00424	0.00380	0.00124	0.00473	0.00342	0.00271	0.00597
30	0.01036	0.86609	0.02032	0.00663	0.00995	0.01534	0.00663	0.01161	0.00788	0.00912	0.00539	0.00622	0.00498	0.00332	0.00249	0.00083	0.00415	0.00207	0.00166	0.00498
31	0.00625	0.00446	0.00625	0.00714	0.00803	0.00446	0.00625	0.00803	0.00892	0.01160	0.02053	0.04373	0.02231	0.01071	0.00535	0.00178	0.00357	0.81348	0.00357	0.00357
32	0.08828	0.01855	0.73651	0.01071	0.01606	0.00901	0.04388	0.01220	0.00808	0.01275	0.00685	0.00810	0.00488	0.00366	0.00360	0.00123	0.00551	0.00286	0.00172	0.00557
33	0.00706	0.00657	0.00928	0.00848	0.00864	0.00851	0.02262	0.00789	0.00657	0.00961	0.01135	0.33368	0.01294	0.00876	0.00960	0.00164	0.51421	0.00632	0.00243	0.00384
34	0.00472	0.00337	0.00450	0.00540	0.00562	0.00315	0.00360	0.00540	0.00742	0.00990	0.02137	0.86122	0.02564	0.01215	0.00495	0.00157	0.00225	0.01102	0.00360	0.00315
35	0.00673	0.00337	0.00505	0.00505	0.00505	0.00337	0.00337	0.00505	0.00505	0.00673	0.00673	0.01178	0.00673	0.01347	0.01515	0.88721	0.00337	0.00337	0.00168	0.00168
36	0.01070	0.79643	0.01955	0.00691	0.01012	0.08379	0.00670	0.01193	0.00813	0.00915	0.00544	0.00628	0.00498	0.00337	0.00257	0.00084	0.00438	0.00211	0.00169	0.00494
37	0.00576	0.00448	0.00665	0.00652	0.00717	0.00537	0.00512	0.00710	0.00621	0.00902	0.00999	0.01473	0.00935	0.02741	0.78612	0.00589	0.07345	0.00410	0.00205	0.00352
38	0.01713	0.00701	0.00925	0.00710	0.01010	0.00632	0.00586	0.09794	0.01179	0.76222	0.01471	0.01281	0.00930	0.00478	0.00390	0.00120	0.00339	0.00386	0.00471	0.00660
39	0.00564	0.00376	0.00423	0.00423	0.00423	0.00376	0.00235	0.00564	0.00564	0.00752	0.01222	0.02537	0.01409	0.86375	0.01973	0.00376	0.00376	0.00564	0.00235	0.00235
40	0.00556	0.00405	0.00573	0.00573	0.00625	0.00457	0.00422	0.00660	0.00608	0.00863	0.01084	0.01777	0.01079	0.23788	0.64109	0.00561	0.00873	0.00452	0.00214	0.00318
41	0.00866	0.18272	0.63762	0.01014	0.01519	0.05825	0.01245	0.01233	0.00829	0.01151	0.00660	0.00774	0.00493	0.00363	0.00344	0.00114	0.00550	0.00269	0.00166	0.00551
42	0.00869	0.00897	0.01667	0.32569	0.23676	0.02445	0.29889	0.01142	0.00859	0.01151	0.00732	0.01012	0.00567	0.00355	0.00411	0.00126	0.00554	0.00383	0.00186	0.00512
43	0.00612	0.00437	0.00610	0.00699	0.00783	0.00435	0.00603	0.00781	0.00880	0.01146	0.02060	0.11176	0.02259	0.01083	0.00532	0.00177	0.00346	0.74670	0.00357	0.00353
44	0.00965	0.00962	0.01662	0.02241	0.70407	0.03018	0.12589	0.01206	0.00893	0.01255	0.00734	0.00965	0.00608	0.00344	0.00393	0.00117	0.00494	0.00359	0.00193	0.00597
45	0.00498	0.00472	0.05286	0.00524	0.00633	0.00369	0.01566	0.00610	0.00825	0.01056	0.06546	0.38091	0.37027	0.02667	0.00499	0.00147	0.00242	0.02255	0.00347	0.00340
46	0.00992	0.27552	0.02791	0.00717	0.01041	0.13429	0.03246	0.03233	0.00873	0.01137	0.00639	0.00743	0.00540	0.00325	0.00294	0.00077	0.00409	0.00237	0.00207	0.41518
47	0.01069	0.02212	0.00953	0.00767	0.01037	0.02175	0.00612	0.23603	0.39931	0.01738	0.01214	0.01177	0.02032	0.00460	0.00368	0.00110	0.00341	0.00368	0.00350	0.19481
48	0.00940	0.00945	0.06820	0.07756	0.01324	0.02088	0.11460	0.05255	0.48818	0.01481	0.02666	0.01272	0.00973	0.00482	0.00442	0.00130	0.04596	0.00413	0.00319	0.01819

[dist]
# distance from previous block
# <min> <max>
0	1

[block]
# block no. 3 follows, 70 sequences, length 37
# corresponding to MSA columns:
# 111-147
name=unknown_D
#
# <colnr> <probs for GDERKNQSTAVLIFYWHMCP>
#	G	D	E	R	K	N	Q	S	T	A	V	L	I	F	Y	W	H	M	C	P
0	0.69286	0.06134	0.00746	0.00600	0.00839	0.14786	0.00489	0.01208	0.00740	0.01559	0.00550	0.00641	0.00438	0.00365	0.00259	0.00114	0.00373	0.00216	0.00229	0.00429
1	0.36097	0.00913	0.06972	0.14406	0.16013	0.00905	0.15842	0.01147	0.00774	0.01400	0.00652	0.00844	0.00506	0.00361	0.00352	0.00123	0.01692	0.00308	0.00206	0.00485
2	0.00960	0.00921	0.01574	0.02380	0.83957	0.00921	0.01190	0.01190	0.00883	0.01267	0.00729	0.00960	0.00614	0.00345	0.00384	0.00115	0.00461	0.00345	0.00192	0.00614
3	0.00500	0.00394	0.00451	0.00437	0.00549	0.00345	0.00327	0.00637	0.00982	0.01282	0.40795	0.03345	0.46786	0.00894	0.00458	0.00127	0.00190	0.00764	0.00391	0.00345
4	0.00480	0.00343	0.00458	0.00544	0.00571	0.00321	0.00369	0.00555	0.00759	0.01015	0.04943	0.80630	0.02591	0.01195	0.00495	0.00157	0.00228	0.03667	0.00362	0.00318
5	0.00472	0.00337	0.00450	0.00540	0.00562	0.00315	0.00360	0.00540	0.00742	0.00990	0.02137	0.86122	0.02564	0.01215	0.00495	0.00157	0.00225	0.01102	0.00360	0.00315
6	0.00964	0.00833	0.00877	0.00789	0.01008	0.00964	0.00614	0.02060	0.83257	0.01622	0.01578	0.01446	0.01183	0.00526	0.00394	0.00131	0.00307	0.00438	0.00394	0.00614
7	0.00778	0.02005	0.84367	0.01105	0.01678	0.00900	0.01432	0.01228	0.00818	0.01228	0.00696	0.00818	0.00491	0.00368	0.00368	0.00123	0.00573	0.00286	0.00164	0.00573
8	0.00832	0.00688	0.00807	0.00578	0.00921	0.00518	0.00463	0.01004	0.00813	0.03792	0.00715	0.00820	0.00586	0.00293	0.00290	0.00059	0.00288	0.00235	0.00237	0.86061
9	0.00804	0.00689	0.00804	0.00574	0.00919	0.00517	0.00459	0.00976	0.00804	0.01263	0.00689	0.00804	0.00574	0.00287	0.00287	0.00057	0.00287	0.00230	0.00230	0.88745
10	0.00618	0.00441	0.00616	0.00706	0.00792	0.00440	0.00612	0.00791	0.00885	0.01152	0.02057	0.08226	0.02247	0.01078	0.00534	0.00177	0.00351	0.77565	0.00357	0.00355
11	0.01448	0.01848	0.01099	0.00999	0.01199	0.84819	0.00749	0.01548	0.01099	0.00949	0.00599	0.00699	0.00499	0.00400	0.00350	0.00100	0.00699	0.00250	0.00200	0.00449
12	0.00804	0.00689	0.00804	0.00574	0.00919	0.00517	0.00459	0.00976	0.00804	0.01263	0.00689	0.00804	0.00574	0.00287	0.00287	0.00057	0.00287	0.00230	0.00230	0.88745
13	0.00484	0.00353	0.00457	0.00532	0.00568	0.00330	0.00360	0.00578	0.02173	0.01036	0.06924	0.74784	0.07653	0.01164	0.00489	0.00153	0.00222	0.01050	0.00364	0.00324
14	0.00964	0.00905	0.01506	0.11270	0.70476	0.00931	0.01152	0.05794	0.00924	0.01304	0.00736	0.00966	0.00606	0.00357	0.00384	0.00117	0.00465	0.00346	0.00201	0.00597
15	0.01448	0.01848	0.01099	0.00999	0.01199	0.84819	0.00749	0.01548	0.01099	0.00949	0.00599	0.00699	0.00499	0.00400	0.00350	0.00100	0.00699	0.00250	0.00200	0.00449
16	0.00732	0.00689	0.01163	0.85444	0.02670	0.00861	0.01077	0.00991	0.00775	0.00991	0.00689	0.01034	0.00517	0.00388	0.00388	0.00129	0.00517	0.00345	0.00172	0.00431
17	0.00778	0.02005	0.84367	0.01105	0.01678	0.00900	0.01432	0.01228	0.00818	0.01228	0.00696	0.00818	0.00491	0.00368	0.00368	0.00123	0.00573	0.00286	0.00164	0.00573
18	0.00908	0.00882	0.01427	0.10116	0.33690	0.02621	0.16601	0.01339	0.18843	0.01292	0.01053	0.02419	0.02144	0.00444	0.00410	0.00127	0.00462	0.04421	0.00248	0.00553
19	0.00625	0.00446	0.00625	0.00714	0.00803	0.00446	0.00625	0.00803	0.00892	0.01160	0.02053	0.04373	0.02231	0.01071	0.00535	0.00178	0.00357	0.81348	0.00357	0.00357
20	0.00710	0.00364	0.00372	0.00370	0.00461	0.00362	0.00278	0.00891	0.00833	0.01453	0.07059	0.01547	0.01181	0.00476	0.00284	0.00093	0.00181	0.00385	0.82339	0.00362
21	0.00868	0.23079	0.55022	0.01038	0.01527	0.02792	0.08184	0.01219	0.00825	0.01144	0.00662	0.00786	0.00501	0.00356	0.00346	0.00113	0.00543	0.00281	0.00168	0.00547
22	0.00567	0.00420	0.00532	0.00502	0.00603	0.00396	0.00379	0.00793	0.05370	0.01524	0.73746	0.02891	0.07809	0.00794	0.00455	0.00124	0.00193	0.02104	0.00420	0.00377
23	0.00625	0.00446	0.00625	0.00714	0.00803	0.00446	0.00625	0.00803	0.00892	0.01160	0.02053	0.04373	0.02231	0.01071	0.00535	0.00178	0.00357	0.81348	0.00357	0.00357
24	0.00558	0.00375	0.00423	0.00426	0.00430	0.00372	0.00241	0.00563	0.00579	0.00768	0.01331	0.05224	0.03904	0.81126	0.01881	0.00362	0.00366	0.00588	0.00243	0.00240
25	0.00778	0.02005	0.84367	0.01105	0.01678	0.00900	0.01432	0.01228	0.00818	0.01228	0.00696	0.00818	0.00491	0.00368	0.00368	0.00123	0.00573	0.00286	0.00164	0.00573
26	0.00967	0.00949	0.01567	0.03738	0.75261	0.03590	0.03966	0.01194	0.00882	0.01243	0.00721	0.00953	0.00606	0.00355	0.00405	0.00117	0.02350	0.00346	0.00191	0.00598
27	0.00554	0.00415	0.00623	0.00623	0.00692	0.00485	0.00485	0.00692	0.00623	0.00900	0.01038	0.01523	0.00969	0.02908	0.84839	0.00623	0.01038	0.00415	0.00208	0.00346
28	0.16665	0.38050	0.02785	0.00883	0.02326	0.14815	0.12678	0.01221	0.00826	0.01124	0.00588	0.00718	0.00500	0.00366	0.00353	0.00105	0.05070	0.00262	0.00189	0.00478
29	0.00564	0.00376	0.00423	0.00423	0.00423	0.00376	0.00235	0.00564	0.00564	0.00752	0.01222	0.02537	0.01409	0.86375	0.01973	0.00376	0.00376	0.00564	0.00235	0.00235
30	0.71767	0.05229	0.00729	0.00583	0.00822	0.05286	0.00483	0.06040	0.00756	0.01670	0.00565	0.00659	0.00445	0.00378	0.00290	0.00119	0.03272	0.00225	0.00240	0.00440
31	0.85358	0.00754	0.00596	0.00531	0.00761	0.00883	0.00438	0.01131	0.00657	0.01705	0.00538	0.00639	0.00424	0.00373	0.00284	0.00122	0.03932	0.00215	0.00237	0.00420
32	0.00570	0.00414	0.00530	0.00498	0.00595	0.00391	0.00374	0.00792	0.04580	0.01555	0.78558	0.02804	0.03498	0.00774	0.00451	0.00122	0.00188	0.00683	0.02248	0.00376
33	0.00554	0.00415	0.00623	0.00623	0.00692	0.00485	0.00485	0.00692	0.00623	0.00900	0.01038	0.01523	0.00969	0.02908	0.84839	0.00623	0.01038	0.00415	0.00208	0.00346
34	0.00549	0.00396	0.00518	0.00488	0.00579	0.00366	0.00366	0.00732	0.01097	0.01555	0.83752	0.02896	0.03658	0.00793	0.00457	0.00122	0.00183	0.00701	0.00427	0.00366
35	0.03916	0.00662	0.00891	0.00685	0.00984	0.00577	0.00566	0.01871	0.01098	0.82171	0.01505	0.01302	0.00946	0.00477	0.00386	0.00120	0.00329	0.00385	0.00474	0.00654
36	0.00458	0.00393	0.00393	0.00393	0.00524	0.00327	0.00295	0.00556	0.00884	0.01047	0.03927	0.03731	0.83800	0.00982	0.00458	0.00131	0.00196	0.00818	0.00360	0.00327

[dist]
# distance from previous block
# <min> <max>
0	253

# created by:
# /usr/local/bin/augustus/scripts/msa2prfl.pl /tmp/new_cug2/without_ca_b/actin-related-protein-class-2.fasta
