[name]
unknown

[dist]
# distance from previous block
# <min> <max>
54	246

[block]
# block no. 0 follows, 71 sequences, length 43
# corresponding to MSA columns:
# 983-1007,1021-1038
name=unknown_A
#
# <colnr> <probs for GDERKNQSTAVLIFYWHMCP>
#	G	D	E	R	K	N	Q	S	T	A	V	L	I	F	Y	W	H	M	C	P
0	0.00534	0.00392	0.00501	0.00474	0.00568	0.00358	0.00355	0.00707	0.01066	0.01491	0.76434	0.02941	0.11144	0.00801	0.00452	0.00121	0.00182	0.00704	0.00416	0.00358
1	0.00537	0.00387	0.00507	0.00487	0.00571	0.00358	0.00361	0.00708	0.01057	0.01492	0.77283	0.09641	0.03530	0.00818	0.00455	0.00123	0.00184	0.00726	0.00417	0.00358
2	0.01037	0.84232	0.01982	0.00666	0.00990	0.03997	0.00659	0.01159	0.00788	0.00903	0.00535	0.00617	0.00492	0.00330	0.00249	0.00083	0.00418	0.00206	0.00165	0.00491
3	0.00483	0.00379	0.00437	0.00448	0.00545	0.00333	0.00329	0.00597	0.00901	0.01158	0.24516	0.20166	0.44918	0.00970	0.00462	0.00133	0.00199	0.02320	0.00373	0.00332
4	0.89233	0.00741	0.00564	0.00504	0.00741	0.00860	0.00415	0.01127	0.00653	0.01720	0.00534	0.00623	0.00415	0.00356	0.00237	0.00119	0.00297	0.00208	0.00237	0.00415
5	0.00912	0.02425	0.01169	0.00973	0.01014	0.01151	0.00811	0.07869	0.00708	0.03271	0.00577	0.00868	0.00537	0.00687	0.02880	0.00170	0.73001	0.00337	0.00195	0.00445
6	0.01042	0.71541	0.08517	0.00761	0.04408	0.01388	0.00733	0.01196	0.00804	0.05756	0.00610	0.00684	0.00523	0.00340	0.00269	0.00089	0.00420	0.00227	0.00183	0.00512
7	0.00863	0.00712	0.00835	0.00772	0.04660	0.02958	0.03870	0.17222	0.21278	0.01564	0.18723	0.11371	0.11125	0.00671	0.00419	0.00126	0.00309	0.00577	0.01457	0.00488
8	0.00910	0.00523	0.00625	0.00559	0.00718	0.00516	0.00438	0.02323	0.15034	0.19124	0.24287	0.03566	0.06269	0.00625	0.00391	0.00118	0.00244	0.03797	0.19469	0.00465
9	0.01387	0.01039	0.01111	0.00868	0.01162	0.01156	0.00712	0.71612	0.13160	0.02303	0.01010	0.00991	0.00724	0.00469	0.00384	0.00117	0.00405	0.00357	0.00384	0.00646
10	0.00643	0.00425	0.00547	0.00501	0.00613	0.00392	0.00381	0.02587	0.01091	0.07488	0.71989	0.02753	0.07585	0.00764	0.00446	0.00121	0.00197	0.00670	0.00422	0.00387
11	0.01089	0.00866	0.00923	0.00782	0.01018	0.00978	0.00622	0.28526	0.49165	0.01861	0.05710	0.01339	0.01123	0.00512	0.00387	0.00123	0.00331	0.00415	0.03631	0.00600
12	0.00847	0.00680	0.00800	0.00574	0.00913	0.00514	0.00460	0.01016	0.00812	0.05935	0.00728	0.00824	0.00589	0.00295	0.00290	0.00060	0.00286	0.00236	0.00241	0.83898
13	0.00525	0.00391	0.00488	0.00464	0.00562	0.00354	0.00348	0.00689	0.01043	0.01437	0.67922	0.03029	0.19690	0.00821	0.00452	0.00122	0.00184	0.00717	0.00409	0.00354
14	0.00499	0.00387	0.00458	0.00451	0.00553	0.00346	0.00336	0.00633	0.00949	0.01254	0.40133	0.09394	0.37890	0.00980	0.03882	0.00147	0.00224	0.00761	0.00380	0.00341
15	0.01025	0.86756	0.02009	0.00656	0.00984	0.01517	0.00656	0.01148	0.00779	0.00902	0.00533	0.00615	0.00492	0.00328	0.00246	0.00082	0.00410	0.00205	0.00164	0.00492
16	0.89233	0.00741	0.00564	0.00504	0.00741	0.00860	0.00415	0.01127	0.00653	0.01720	0.00534	0.00623	0.00415	0.00356	0.00237	0.00119	0.00297	0.00208	0.00237	0.00415
17	0.00538	0.00399	0.00510	0.00571	0.00651	0.00378	0.00455	0.00660	0.00831	0.01061	0.02486	0.23351	0.23135	0.04954	0.00565	0.00168	0.00283	0.38326	0.00349	0.00330
18	0.00884	0.00636	0.00673	0.00600	0.00769	0.00695	0.00467	0.13107	0.31208	0.01629	0.08408	0.01569	0.04590	0.00525	0.00352	0.00112	0.00260	0.00430	0.32595	0.00490
19	0.00473	0.00337	0.00448	0.00535	0.00559	0.00316	0.00359	0.00540	0.00734	0.00978	0.02092	0.82617	0.02504	0.03031	0.00522	0.00161	0.00229	0.02903	0.00353	0.00311
20	0.01032	0.00782	0.00951	0.05648	0.12403	0.03438	0.00676	0.27802	0.05313	0.08007	0.05862	0.14472	0.06514	0.00684	0.02680	0.00138	0.00383	0.02355	0.00337	0.00520
21	0.01002	0.00982	0.01487	0.05052	0.71058	0.07504	0.01118	0.04909	0.00928	0.01271	0.00719	0.00930	0.00597	0.00353	0.00377	0.00113	0.00474	0.00334	0.00199	0.00590
22	0.01290	0.01145	0.01254	0.01031	0.05024	0.16229	0.11030	0.41595	0.05114	0.03956	0.00856	0.00918	0.00636	0.00420	0.00392	0.00111	0.01739	0.00338	0.00306	0.06616
23	0.01144	0.00847	0.00928	0.00771	0.01011	0.00934	0.00616	0.32362	0.35393	0.07978	0.12498	0.01423	0.01291	0.00530	0.00396	0.00122	0.00333	0.00432	0.00398	0.00594
24	0.00683	0.00546	0.00777	0.19774	0.05877	0.00594	0.00676	0.01863	0.08920	0.01153	0.04460	0.11567	0.01610	0.06496	0.00553	0.00163	0.00366	0.30442	0.03081	0.00400
25	0.11910	0.00742	0.01123	0.46413	0.16476	0.00883	0.00948	0.02803	0.00780	0.01158	0.00703	0.01034	0.00571	0.00422	0.00452	0.00128	0.08840	0.02483	0.01673	0.00458
26	0.01172	0.01190	0.00968	0.00856	0.01073	0.30041	0.00661	0.12337	0.41662	0.01477	0.03802	0.01155	0.00948	0.00478	0.00376	0.00117	0.00449	0.00366	0.00324	0.00549
27	0.05672	0.02986	0.00923	0.05242	0.07226	0.07369	0.02804	0.00894	0.00688	0.00976	0.02586	0.01423	0.00873	0.27913	0.03333	0.00220	0.23202	0.00397	0.00206	0.05069
28	0.00518	0.00392	0.00528	0.00539	0.00610	0.00413	0.00402	0.00629	0.00698	0.00944	0.04661	0.13480	0.18521	0.08254	0.47128	0.00418	0.00669	0.00605	0.00266	0.00327
29	0.13800	0.00764	0.00882	0.00693	0.00978	0.04510	0.00569	0.10631	0.01113	0.60164	0.01270	0.01141	0.00822	0.00453	0.00363	0.00117	0.00349	0.00350	0.00419	0.00610
30	0.89233	0.00741	0.00564	0.00504	0.00741	0.00860	0.00415	0.01127	0.00653	0.01720	0.00534	0.00623	0.00415	0.00356	0.00237	0.00119	0.00297	0.00208	0.00237	0.00415
31	0.05334	0.11599	0.01440	0.11030	0.31754	0.02393	0.08749	0.05167	0.00924	0.15449	0.00829	0.00961	0.00627	0.00378	0.00377	0.00115	0.01736	0.00335	0.00245	0.00559
32	0.00544	0.00379	0.00484	0.00496	0.00523	0.00397	0.00329	0.00600	0.00605	0.00835	0.01279	0.13967	0.01409	0.46422	0.28129	0.00414	0.00556	0.00582	0.01768	0.00281
33	0.00471	0.00350	0.00441	0.00508	0.00556	0.00319	0.00350	0.00552	0.00780	0.01017	0.05725	0.64496	0.18617	0.01135	0.00482	0.00150	0.00219	0.03158	0.00359	0.00317
34	0.01434	0.10325	0.01231	0.00963	0.01204	0.49348	0.00750	0.21227	0.05024	0.01422	0.02688	0.00944	0.00717	0.00476	0.00387	0.00119	0.00594	0.00315	0.00283	0.00550
35	0.03794	0.13540	0.07524	0.08125	0.10925	0.08225	0.14435	0.05989	0.02654	0.06277	0.02516	0.00934	0.00640	0.00421	0.00488	0.00121	0.12326	0.00335	0.00220	0.00512
36	0.00798	0.00817	0.05469	0.01145	0.04749	0.00736	0.33030	0.00975	0.00873	0.01207	0.03157	0.31885	0.04124	0.00755	0.00540	0.00155	0.05768	0.00702	0.02640	0.00474
37	0.00472	0.00373	0.00419	0.00440	0.00529	0.00327	0.00314	0.00566	0.00843	0.01061	0.12244	0.26189	0.48317	0.05469	0.00541	0.00148	0.00210	0.00860	0.00357	0.00320
38	0.02869	0.03334	0.17393	0.11546	0.18417	0.02659	0.13107	0.04668	0.02276	0.09116	0.01988	0.01125	0.02877	0.03183	0.02956	0.00143	0.01216	0.00370	0.00231	0.00528
39	0.03400	0.28453	0.07080	0.01231	0.19676	0.06977	0.12635	0.02979	0.02399	0.07632	0.00760	0.02629	0.00622	0.00379	0.00355	0.00108	0.01613	0.00321	0.00215	0.00534
40	0.00809	0.00613	0.00822	0.01780	0.09063	0.03273	0.03406	0.05474	0.02923	0.07677	0.03410	0.10743	0.01247	0.18470	0.13198	0.02616	0.06218	0.06052	0.00273	0.01932
41	0.00493	0.00350	0.00442	0.00503	0.00542	0.00324	0.00337	0.00560	0.00745	0.02077	0.04040	0.63600	0.12836	0.10463	0.00642	0.00175	0.00236	0.00978	0.00345	0.00310
42	0.00962	0.06883	0.16801	0.01215	0.21530	0.05132	0.05280	0.03125	0.03880	0.10885	0.05874	0.07554	0.03586	0.00489	0.00407	0.00118	0.02714	0.00419	0.00260	0.02885

[dist]
# distance from previous block
# <min> <max>
1	57

[block]
# block no. 1 follows, 71 sequences, length 10
# corresponding to MSA columns:
# 1118-1127
name=unknown_B
#
# <colnr> <probs for GDERKNQSTAVLIFYWHMCP>
#	G	D	E	R	K	N	Q	S	T	A	V	L	I	F	Y	W	H	M	C	P
0	0.00722	0.05894	0.09973	0.00617	0.00806	0.02747	0.00537	0.06231	0.08147	0.04350	0.11658	0.16698	0.24546	0.03094	0.02128	0.00143	0.00315	0.00642	0.00330	0.00423
1	0.00818	0.00754	0.09352	0.03004	0.00943	0.02834	0.02149	0.03100	0.04220	0.09383	0.11894	0.06770	0.13458	0.00557	0.00375	0.00104	0.00312	0.00469	0.03458	0.26046
2	0.03820	0.00756	0.00939	0.00812	0.06994	0.02913	0.05796	0.11254	0.04569	0.04335	0.01122	0.03850	0.07879	0.00573	0.05241	0.00123	0.00384	0.00367	0.00271	0.38003
3	0.00698	0.00581	0.00823	0.07484	0.11602	0.01719	0.03285	0.03649	0.03468	0.01080	0.03165	0.17042	0.03524	0.14594	0.12725	0.00240	0.07077	0.01485	0.05365	0.00393
4	0.00769	0.00606	0.00861	0.04270	0.12169	0.02359	0.05121	0.07892	0.00814	0.04220	0.03248	0.06562	0.01134	0.22272	0.23638	0.00318	0.00576	0.02514	0.00251	0.00404
5	0.00771	0.00679	0.05487	0.05270	0.17409	0.00603	0.05332	0.04471	0.00959	0.06992	0.21534	0.05945	0.15795	0.02887	0.00466	0.00132	0.00337	0.04162	0.00316	0.00454
6	0.00741	0.05804	0.00895	0.03936	0.21464	0.00627	0.00614	0.05597	0.00971	0.03898	0.21895	0.05582	0.25123	0.00674	0.00415	0.00120	0.00298	0.00583	0.00318	0.00446
7	0.01073	0.02068	0.04914	0.14300	0.29561	0.04122	0.03139	0.11824	0.08516	0.12061	0.00962	0.04116	0.00751	0.00430	0.00385	0.00119	0.00439	0.00378	0.00271	0.00568
8	0.01083	0.05153	0.01496	0.03368	0.40987	0.03822	0.10452	0.21072	0.06102	0.01521	0.00813	0.00958	0.00638	0.00381	0.00382	0.00115	0.00467	0.00351	0.00248	0.00593
9	0.00935	0.00909	0.08450	0.18892	0.34916	0.00865	0.00990	0.06199	0.11523	0.06101	0.01015	0.03105	0.03542	0.00431	0.00386	0.00121	0.00433	0.00384	0.00247	0.00555

[dist]
# distance from previous block
# <min> <max>
19	33

[block]
# block no. 2 follows, 71 sequences, length 10
# corresponding to MSA columns:
# 1161-1170
name=unknown_C
#
# <colnr> <probs for GDERKNQSTAVLIFYWHMCP>
#	G	D	E	R	K	N	Q	S	T	A	V	L	I	F	Y	W	H	M	C	P
0	0.01028	0.01175	0.06426	0.01278	0.07340	0.18871	0.33395	0.04561	0.09168	0.02732	0.06206	0.01093	0.00821	0.00413	0.00440	0.00121	0.03785	0.00395	0.00238	0.00514
1	0.00873	0.03883	0.09085	0.14071	0.12792	0.12988	0.04412	0.04772	0.03560	0.02356	0.03888	0.03955	0.14417	0.00608	0.02882	0.00136	0.02345	0.02264	0.00247	0.00467
2	0.02347	0.02458	0.22377	0.15610	0.03831	0.02689	0.08384	0.05129	0.06734	0.03868	0.09215	0.11275	0.01127	0.00531	0.00422	0.00127	0.02671	0.00462	0.00255	0.00488
3	0.10730	0.00867	0.07953	0.24820	0.23204	0.03874	0.05821	0.01057	0.00801	0.03125	0.00868	0.10570	0.00783	0.01906	0.00424	0.01646	0.00450	0.00414	0.00214	0.00475
4	0.00753	0.00682	0.00725	0.00647	0.00795	0.08938	0.05765	0.06755	0.13379	0.01197	0.06287	0.07549	0.26902	0.15351	0.00687	0.00169	0.00340	0.02358	0.00319	0.00400
5	0.00564	0.00530	0.08826	0.00559	0.00648	0.00426	0.00447	0.00642	0.00662	0.00902	0.03562	0.17946	0.08395	0.23553	0.19134	0.11574	0.00479	0.00596	0.00250	0.00307
6	0.00849	0.00906	0.05233	0.05560	0.05761	0.04195	0.23098	0.02685	0.02609	0.01105	0.00852	0.01380	0.00782	0.06113	0.00789	0.00158	0.27289	0.08441	0.01743	0.00453
7	0.00848	0.01643	0.53914	0.01386	0.15718	0.04338	0.14306	0.01223	0.00847	0.01212	0.00704	0.00864	0.00522	0.00355	0.00380	0.00120	0.00566	0.00319	0.00173	0.00561
8	0.00651	0.00654	0.14258	0.00574	0.00716	0.00465	0.00512	0.00795	0.00739	0.03704	0.01527	0.05259	0.08388	0.32599	0.00978	0.00220	0.00349	0.13197	0.14064	0.00350
9	0.00914	0.00869	0.01452	0.04444	0.62268	0.00883	0.06828	0.01220	0.09048	0.01245	0.00839	0.01106	0.00710	0.05947	0.00488	0.00134	0.00450	0.00373	0.00212	0.00571

[dist]
# distance from previous block
# <min> <max>
15	98

[block]
# block no. 3 follows, 71 sequences, length 13
# corresponding to MSA columns:
# 1303-1308,1326-1332
name=unknown_D
#
# <colnr> <probs for GDERKNQSTAVLIFYWHMCP>
#	G	D	E	R	K	N	Q	S	T	A	V	L	I	F	Y	W	H	M	C	P
0	0.00704	0.00658	0.01096	0.79288	0.02485	0.00812	0.01010	0.00947	0.00770	0.00982	0.00856	0.04164	0.03800	0.00435	0.00390	0.00129	0.00489	0.00386	0.00184	0.00418
1	0.01007	0.00738	0.00871	0.00773	0.03516	0.00790	0.00591	0.34084	0.08010	0.03718	0.03638	0.10607	0.01094	0.01001	0.13838	0.05989	0.00461	0.03180	0.00326	0.05769
2	0.00531	0.00386	0.00460	0.00471	0.00521	0.00380	0.00322	0.00594	0.00676	0.00879	0.01920	0.06834	0.21033	0.41924	0.14929	0.00329	0.00428	0.06826	0.00273	0.00285
3	0.00769	0.01983	0.84538	0.01093	0.01659	0.00890	0.01417	0.01214	0.00810	0.01214	0.00688	0.00810	0.00486	0.00364	0.00364	0.00121	0.00567	0.00283	0.00162	0.00567
4	0.00825	0.00508	0.00609	0.00577	0.00687	0.00505	0.00413	0.06572	0.10615	0.15145	0.01728	0.31850	0.05523	0.21683	0.00807	0.00195	0.00298	0.00700	0.00352	0.00408
5	0.00778	0.00674	0.00840	0.00615	0.00936	0.00519	0.04309	0.00948	0.00796	0.01230	0.00785	0.06726	0.00705	0.00349	0.00306	0.00067	0.00297	0.00297	0.00235	0.78589
6	0.01044	0.13340	0.00973	0.00715	0.00877	0.20778	0.00555	0.04910	0.15240	0.05613	0.00843	0.01016	0.00703	0.00736	0.00738	0.30531	0.00428	0.00315	0.00239	0.00405
7	0.66008	0.00895	0.00701	0.00660	0.03995	0.12358	0.00504	0.01257	0.03818	0.05918	0.00638	0.00710	0.00489	0.00373	0.00271	0.00116	0.00358	0.00236	0.00248	0.00446
8	0.00717	0.01138	0.30806	0.01028	0.01335	0.00767	0.19760	0.00987	0.00781	0.01108	0.01117	0.16516	0.04460	0.00804	0.08705	0.00182	0.08600	0.00508	0.00217	0.00463
9	0.01172	0.09114	0.17363	0.03583	0.02303	0.17609	0.00836	0.25210	0.07381	0.05391	0.02254	0.00994	0.03043	0.00435	0.00362	0.00111	0.00480	0.00327	0.00277	0.01756
10	0.00532	0.00415	0.00471	0.00464	0.00568	0.00381	0.00340	0.03152	0.03414	0.01214	0.26072	0.14719	0.40254	0.05619	0.00536	0.00143	0.00214	0.00776	0.00370	0.00346
11	0.00774	0.03633	0.18517	0.00711	0.02336	0.03690	0.00666	0.02383	0.07853	0.04392	0.24777	0.01749	0.09991	0.00549	0.00383	0.00109	0.00333	0.00458	0.00303	0.16395
12	0.00538	0.00374	0.00456	0.00475	0.00503	0.00369	0.00309	0.00591	0.00676	0.00908	0.09452	0.18174	0.05239	0.48237	0.07237	0.00304	0.00363	0.05232	0.00283	0.00278

[dist]
# distance from previous block
# <min> <max>
0	3

[block]
# block no. 4 follows, 71 sequences, length 12
# corresponding to MSA columns:
# 1731-1742
name=unknown_E
#
# <colnr> <probs for GDERKNQSTAVLIFYWHMCP>
#	G	D	E	R	K	N	Q	S	T	A	V	L	I	F	Y	W	H	M	C	P
0	0.00984	0.17973	0.25565	0.00906	0.02774	0.01021	0.04608	0.09476	0.21760	0.05862	0.04643	0.01070	0.00846	0.00428	0.00359	0.00115	0.00427	0.00344	0.00272	0.00565
1	0.00725	0.00693	0.01192	0.76790	0.02516	0.00839	0.06342	0.00979	0.00780	0.00998	0.00814	0.01128	0.03803	0.00403	0.00391	0.00128	0.00507	0.00366	0.00179	0.00428
2	0.00591	0.00452	0.00621	0.00598	0.00657	0.00505	0.02160	0.00739	0.05259	0.00920	0.03657	0.06290	0.01234	0.27154	0.42846	0.00445	0.04808	0.00497	0.00236	0.00331
3	0.22697	0.02354	0.12909	0.04800	0.14893	0.01995	0.08235	0.12238	0.03168	0.04304	0.04519	0.01077	0.04376	0.00421	0.00354	0.00119	0.00418	0.00347	0.00255	0.00519
4	0.00593	0.00417	0.00478	0.00483	0.00546	0.00407	0.00323	0.00731	0.07806	0.03847	0.03609	0.20303	0.18234	0.37782	0.01099	0.00240	0.00293	0.02177	0.00311	0.00319
5	0.21199	0.00740	0.00837	0.00670	0.00938	0.00750	0.00549	0.15953	0.05895	0.41199	0.06511	0.01192	0.00962	0.00468	0.00356	0.00119	0.00326	0.00361	0.00397	0.00578
6	0.00954	0.22625	0.48971	0.00967	0.01407	0.16607	0.01106	0.01257	0.00853	0.01087	0.00633	0.00740	0.00489	0.00361	0.00332	0.00108	0.00552	0.00257	0.00169	0.00526
7	0.02212	0.01053	0.09160	0.01098	0.02424	0.00973	0.26349	0.31456	0.04358	0.07681	0.02484	0.01063	0.00723	0.02673	0.00453	0.00127	0.01656	0.00386	0.00295	0.03375
8	0.00469	0.00343	0.00442	0.00515	0.00553	0.00315	0.00349	0.00545	0.00767	0.01012	0.06262	0.72880	0.11829	0.01155	0.00483	0.00151	0.00217	0.01039	0.00359	0.00315
9	0.00547	0.00370	0.00418	0.00424	0.00432	0.00365	0.00243	0.00556	0.00585	0.00773	0.01399	0.08011	0.05550	0.76751	0.01782	0.00346	0.00353	0.00605	0.00246	0.00242
10	0.00943	0.14999	0.11391	0.04079	0.04406	0.17400	0.03331	0.05512	0.07303	0.02067	0.08775	0.10453	0.04373	0.00571	0.01458	0.00122	0.01649	0.00438	0.00258	0.00472
11	0.00792	0.00676	0.00788	0.00572	0.00900	0.00520	0.00456	0.00992	0.03499	0.01271	0.03555	0.00886	0.00692	0.00309	0.00293	0.00061	0.00281	0.00250	0.00239	0.82968

[dist]
# distance from previous block
# <min> <max>
68	226

# created by:
# /usr/local/bin/augustus/scripts/msa2prfl.pl /tmp/cug/new/without_ca_b/actin-related-protein-class-4.fasta
