[name]
unknown

[dist]
# distance from previous block
# <min> <max>
0	127

[block]
# block no. 0 follows, 69 sequences, length 72
# corresponding to MSA columns:
# 151-222
name=unknown_A
#
# <colnr> <probs for GDERKNQSTAVLIFYWHMCP>
#	G	D	E	R	K	N	Q	S	T	A	V	L	I	F	Y	W	H	M	C	P
0	0.00513	0.00368	0.00482	0.00549	0.00587	0.00348	0.00375	0.02695	0.00822	0.01108	0.11971	0.73721	0.02677	0.01157	0.00493	0.00154	0.00228	0.01046	0.00373	0.00334
1	0.00506	0.00389	0.00443	0.00460	0.00560	0.00340	0.00335	0.00612	0.00894	0.02570	0.15486	0.24556	0.48224	0.01016	0.00473	0.00138	0.00209	0.02072	0.00376	0.00340
2	0.00993	0.00851	0.00897	0.00802	0.01026	0.00984	0.00625	0.04949	0.80173	0.01670	0.01572	0.01444	0.01178	0.00530	0.00399	0.00132	0.00315	0.00440	0.00399	0.00622
3	0.00857	0.02011	0.75487	0.01106	0.01646	0.09684	0.01376	0.01275	0.00857	0.01212	0.00693	0.00815	0.00497	0.00376	0.00370	0.00122	0.00593	0.00286	0.00169	0.00566
4	0.01521	0.00768	0.03163	0.00781	0.01077	0.00693	0.05010	0.10154	0.01130	0.57709	0.01432	0.01319	0.04271	0.00495	0.00441	0.00122	0.04683	0.00399	0.00420	0.04412
5	0.00822	0.00670	0.00797	0.00599	0.00919	0.00517	0.00485	0.00996	0.00832	0.03742	0.00867	0.01207	0.00768	0.00379	0.00320	0.00073	0.00299	0.08713	0.00253	0.76742
6	0.00608	0.00436	0.00546	0.00588	0.00648	0.00433	0.00419	0.09159	0.00863	0.01149	0.01950	0.59425	0.03321	0.08967	0.01676	0.00183	0.00285	0.08638	0.00353	0.00352
7	0.01389	0.01690	0.01078	0.00974	0.01182	0.69560	0.00736	0.03709	0.13825	0.01103	0.00768	0.00830	0.00616	0.00425	0.00362	0.00106	0.00639	0.00285	0.00237	0.00486
8	0.00959	0.00854	0.00955	0.00710	0.01039	0.06934	0.04679	0.13049	0.00995	0.01423	0.00812	0.00910	0.02655	0.00345	0.00323	0.00076	0.00359	0.00278	0.00255	0.62391
9	0.00802	0.00789	0.06376	0.28076	0.22829	0.00783	0.00930	0.06112	0.03011	0.01246	0.06863	0.12960	0.01175	0.00572	0.00427	0.00132	0.01275	0.04902	0.00253	0.00487
10	0.01134	0.00943	0.02555	0.08720	0.42435	0.02268	0.04168	0.17598	0.02738	0.10120	0.00902	0.01037	0.01359	0.00400	0.00391	0.00118	0.00455	0.00361	0.00269	0.02030
11	0.01316	0.01763	0.09911	0.01071	0.01315	0.64529	0.07007	0.01471	0.01037	0.01010	0.00625	0.00755	0.00511	0.00412	0.00420	0.00110	0.05790	0.00278	0.00196	0.00472
12	0.00751	0.00842	0.09884	0.74381	0.04631	0.00877	0.01129	0.01032	0.00791	0.01034	0.00699	0.01021	0.00522	0.00389	0.00390	0.00130	0.00527	0.00342	0.00174	0.00455
13	0.00923	0.24888	0.44413	0.01019	0.03052	0.06323	0.04932	0.01283	0.05431	0.01153	0.00704	0.00816	0.00546	0.00379	0.00367	0.00114	0.02643	0.00285	0.00184	0.00548
14	0.00925	0.00886	0.03891	0.12442	0.46617	0.00870	0.10841	0.01189	0.02997	0.04754	0.04287	0.01212	0.02846	0.00414	0.00418	0.00123	0.01921	0.01397	0.01411	0.00560
15	0.00647	0.00445	0.00601	0.00676	0.00767	0.00444	0.00576	0.00836	0.02500	0.02245	0.02023	0.10335	0.03152	0.01022	0.00510	0.00169	0.00332	0.64627	0.07724	0.00367
16	0.01006	0.00480	0.00546	0.00484	0.00637	0.00467	0.00378	0.03722	0.04312	0.21398	0.01368	0.03537	0.01034	0.00487	0.00318	0.00103	0.00233	0.00394	0.58640	0.00457
17	0.00878	0.04115	0.48871	0.01282	0.01777	0.00973	0.29850	0.05268	0.00911	0.01298	0.00742	0.00908	0.00540	0.00361	0.00402	0.00125	0.00596	0.00351	0.00188	0.00564
18	0.00591	0.00437	0.00535	0.02628	0.00679	0.00411	0.00412	0.00784	0.05515	0.04046	0.29077	0.15406	0.27984	0.00917	0.00469	0.00138	0.00234	0.08976	0.00387	0.00375
19	0.00508	0.00360	0.00459	0.00523	0.00551	0.00341	0.00350	0.00573	0.00740	0.00982	0.04938	0.57551	0.05706	0.19081	0.00814	0.00204	0.00264	0.05408	0.00340	0.00306
20	0.00570	0.00382	0.00436	0.00436	0.00438	0.00384	0.00248	0.00575	0.00572	0.00766	0.01228	0.02525	0.01408	0.82912	0.05281	0.00390	0.00407	0.00564	0.00236	0.00242
21	0.00849	0.02059	0.83450	0.01155	0.01735	0.00944	0.01467	0.01284	0.00868	0.01300	0.00766	0.00913	0.00556	0.00414	0.00399	0.00135	0.00599	0.00310	0.00187	0.00610
22	0.01066	0.00931	0.01120	0.03585	0.10957	0.03613	0.06001	0.18041	0.43871	0.01680	0.01332	0.01314	0.03708	0.00492	0.00401	0.00127	0.00391	0.00419	0.00346	0.00604
23	0.00569	0.00383	0.00442	0.00442	0.00447	0.00388	0.00255	0.00579	0.00574	0.00771	0.01222	0.02493	0.01394	0.80310	0.07865	0.00398	0.00428	0.00559	0.00236	0.00246
24	0.14987	0.05560	0.01083	0.00901	0.01133	0.55126	0.00700	0.13755	0.01139	0.01311	0.00645	0.00728	0.00517	0.00405	0.00337	0.00106	0.00589	0.00259	0.00236	0.00484
25	0.00567	0.00414	0.00482	0.00470	0.00554	0.00390	0.00333	0.02687	0.02480	0.01236	0.31623	0.10253	0.22706	0.19554	0.00791	0.00184	0.00243	0.00716	0.03979	0.00339
26	0.03144	0.02940	0.00917	0.00643	0.00986	0.00635	0.02895	0.08335	0.00909	0.02508	0.00725	0.00829	0.00588	0.00313	0.00304	0.00069	0.00318	0.00251	0.00248	0.72442
27	0.01537	0.00652	0.00835	0.00660	0.00925	0.00599	0.00539	0.06792	0.04727	0.61612	0.01467	0.01337	0.00967	0.00482	0.00374	0.00117	0.00314	0.00389	0.15062	0.00615
28	0.00512	0.00377	0.00466	0.00501	0.00574	0.00340	0.00358	0.00620	0.00879	0.02229	0.21199	0.41932	0.24286	0.01055	0.00482	0.00144	0.00215	0.03110	0.00381	0.00339
29	0.00660	0.00570	0.00688	0.00672	0.00750	0.08253	0.00520	0.00793	0.00677	0.00927	0.00996	0.01452	0.00926	0.04183	0.69585	0.00543	0.04618	0.00403	0.02423	0.00361
30	0.00547	0.00395	0.00471	0.00464	0.00563	0.00359	0.00348	0.00699	0.00985	0.01360	0.43918	0.07321	0.25763	0.02005	0.00469	0.00130	0.00201	0.04029	0.09620	0.00354
31	0.06361	0.01006	0.02507	0.00842	0.01154	0.01059	0.00704	0.59823	0.01611	0.19395	0.01041	0.01004	0.00714	0.00466	0.00384	0.00119	0.00406	0.00353	0.00399	0.00652
32	0.00725	0.02607	0.00704	0.09471	0.00939	0.15992	0.00528	0.00857	0.00931	0.01093	0.11444	0.06486	0.35997	0.00796	0.00460	0.00131	0.02529	0.07619	0.00312	0.00377
33	0.00909	0.09851	0.01605	0.01065	0.01432	0.00857	0.35952	0.03859	0.00894	0.01271	0.00731	0.00904	0.00582	0.00318	0.00364	0.00095	0.00469	0.00334	0.00216	0.38292
34	0.03797	0.00709	0.00910	0.00694	0.01002	0.00629	0.00571	0.08352	0.01127	0.63860	0.01354	0.01213	0.00878	0.00454	0.00376	0.00112	0.00335	0.00364	0.00437	0.12828
35	0.00576	0.00433	0.00531	0.00498	0.00608	0.00407	0.00376	0.02320	0.04804	0.01505	0.64758	0.02968	0.17110	0.00815	0.00458	0.00125	0.00198	0.00710	0.00418	0.00380
36	0.00494	0.00353	0.00473	0.00564	0.00594	0.00332	0.00392	0.00574	0.00766	0.01019	0.02152	0.77423	0.02558	0.01213	0.00505	0.00161	0.00241	0.09498	0.00364	0.00323
37	0.01545	0.01011	0.01123	0.00861	0.01172	0.01086	0.00711	0.66183	0.01697	0.18963	0.01064	0.01021	0.00728	0.00474	0.00393	0.00118	0.00412	0.00361	0.00411	0.00667
38	0.00478	0.00341	0.00455	0.00546	0.00569	0.00318	0.00364	0.00546	0.00751	0.01001	0.02161	0.85966	0.02593	0.01228	0.00500	0.00159	0.00227	0.01114	0.00364	0.00318
39	0.00560	0.00420	0.00630	0.00630	0.00700	0.00490	0.00490	0.00700	0.00630	0.00910	0.01050	0.01540	0.00980	0.02940	0.84669	0.00630	0.01050	0.00420	0.00210	0.00350
40	0.10841	0.00768	0.00931	0.00722	0.01021	0.00744	0.00596	0.18912	0.01227	0.58130	0.01313	0.01178	0.00849	0.00469	0.00378	0.00121	0.00351	0.00366	0.00440	0.00642
41	0.05017	0.00963	0.01032	0.00833	0.01099	0.01066	0.00675	0.59658	0.11063	0.02167	0.01149	0.09960	0.00948	0.00564	0.00401	0.00125	0.00389	0.01900	0.00383	0.00609
42	0.88991	0.00758	0.00576	0.00516	0.00758	0.00879	0.00425	0.01152	0.00667	0.01759	0.00546	0.00637	0.00425	0.00364	0.00243	0.00121	0.00303	0.00212	0.00243	0.00425
43	0.00782	0.00760	0.01265	0.73635	0.07125	0.02966	0.05895	0.01042	0.00806	0.01031	0.00702	0.01033	0.00532	0.00386	0.00395	0.00129	0.00532	0.00353	0.00177	0.00452
44	0.00960	0.00829	0.00872	0.00786	0.01005	0.00956	0.00611	0.02039	0.80660	0.01623	0.01665	0.01530	0.03612	0.00545	0.00401	0.00133	0.00307	0.00454	0.00398	0.00612
45	0.01004	0.00856	0.00902	0.00804	0.01030	0.00988	0.00627	0.06525	0.78581	0.01686	0.01559	0.01434	0.01167	0.00528	0.00399	0.00132	0.00317	0.00438	0.00399	0.00623
46	0.88991	0.00758	0.00576	0.00516	0.00758	0.00879	0.00425	0.01152	0.00667	0.01759	0.00546	0.00637	0.00425	0.00364	0.00243	0.00121	0.00303	0.00212	0.00243	0.00425
47	0.00664	0.00408	0.00465	0.00452	0.00548	0.00403	0.00338	0.00899	0.06000	0.01496	0.34412	0.05924	0.02172	0.00635	0.00368	0.00110	0.00194	0.00543	0.43589	0.00381
48	0.00748	0.00507	0.00632	0.00558	0.00692	0.00492	0.00431	0.11435	0.01206	0.06561	0.67982	0.02576	0.03144	0.00740	0.00449	0.00122	0.00226	0.00644	0.00430	0.00426
49	0.00511	0.00378	0.00477	0.00497	0.00570	0.00344	0.00356	0.00638	0.00940	0.01273	0.39877	0.34082	0.16628	0.00993	0.00477	0.00138	0.00203	0.00880	0.00395	0.00344
50	0.01084	0.73992	0.05390	0.00714	0.01057	0.01489	0.00711	0.09694	0.00908	0.01098	0.00593	0.00670	0.00520	0.00351	0.00271	0.00089	0.00427	0.00228	0.00191	0.00523
51	0.01028	0.00656	0.00704	0.00591	0.00775	0.00692	0.00471	0.31586	0.01243	0.04787	0.07910	0.01475	0.04510	0.00513	0.00346	0.00107	0.00282	0.00409	0.41429	0.00488
52	0.88991	0.00758	0.00576	0.00516	0.00758	0.00879	0.00425	0.01152	0.00667	0.01759	0.00546	0.00637	0.00425	0.00364	0.00243	0.00121	0.00303	0.00212	0.00243	0.00425
53	0.00983	0.62870	0.16188	0.00786	0.01128	0.01404	0.00825	0.01161	0.00781	0.00980	0.00569	0.00687	0.00503	0.00379	0.00381	0.00100	0.09361	0.00237	0.00168	0.00509
54	0.76112	0.00804	0.04083	0.09421	0.01000	0.00880	0.00536	0.01140	0.00686	0.01658	0.00568	0.00687	0.00438	0.00367	0.00264	0.00122	0.00338	0.00230	0.00232	0.00432
55	0.09887	0.00451	0.00560	0.00530	0.00641	0.00466	0.00409	0.00834	0.00895	0.04780	0.38743	0.02089	0.03128	0.01334	0.24889	0.00267	0.00455	0.00529	0.08731	0.00381
56	0.00976	0.00692	0.00725	0.00626	0.00816	0.00751	0.00494	0.23983	0.21542	0.01746	0.01545	0.01558	0.09613	0.00535	0.00358	0.00113	0.00286	0.00430	0.32700	0.00509
57	0.10227	0.00829	0.01019	0.00856	0.00995	0.01016	0.02750	0.17569	0.08756	0.03591	0.02327	0.01040	0.00731	0.00657	0.04207	0.00161	0.35096	0.00357	0.07323	0.00494
58	0.00971	0.00682	0.00765	0.00644	0.00846	0.00698	0.00511	0.26342	0.08902	0.09192	0.23502	0.02235	0.21694	0.00691	0.00429	0.00124	0.00290	0.00574	0.00405	0.00503
59	0.00707	0.00505	0.00616	0.00561	0.00693	0.00500	0.00429	0.03079	0.14629	0.05832	0.61082	0.02583	0.05753	0.00739	0.00447	0.00125	0.00220	0.00644	0.00426	0.00433
60	0.00830	0.00712	0.00821	0.00603	0.00939	0.00570	0.00481	0.01102	0.09431	0.01315	0.00791	0.00881	0.00645	0.00316	0.00302	0.00066	0.00292	0.00254	0.00250	0.79399
61	0.00546	0.00413	0.00500	0.00473	0.00582	0.00375	0.00356	0.02272	0.01061	0.01440	0.58825	0.03135	0.26877	0.00851	0.00461	0.00126	0.00194	0.00737	0.00411	0.00364
62	0.00555	0.00413	0.00581	0.00580	0.00653	0.00459	0.00442	0.00683	0.00672	0.00948	0.03844	0.01888	0.09752	0.08682	0.65181	0.00531	0.00864	0.00481	0.02450	0.00341
63	0.00929	0.36848	0.40498	0.00975	0.01425	0.03994	0.07966	0.01226	0.00833	0.01101	0.00642	0.00761	0.00508	0.00355	0.00329	0.00107	0.00524	0.00270	0.00170	0.00539
64	0.88991	0.00758	0.00576	0.00516	0.00758	0.00879	0.00425	0.01152	0.00667	0.01759	0.00546	0.00637	0.00425	0.00364	0.00243	0.00121	0.00303	0.00212	0.00243	0.00425
65	0.00572	0.00390	0.00470	0.00484	0.00501	0.00396	0.00309	0.00607	0.00619	0.00829	0.01346	0.06323	0.01520	0.65387	0.09899	0.00374	0.00437	0.09020	0.00253	0.00265
66	0.03085	0.00816	0.00937	0.00745	0.01017	0.00839	0.00607	0.32739	0.10209	0.30669	0.04338	0.01493	0.09619	0.00546	0.00401	0.00122	0.00349	0.00436	0.00421	0.00612
67	0.00489	0.00360	0.00460	0.00519	0.00569	0.00330	0.00359	0.00581	0.00827	0.01098	0.14827	0.60725	0.14115	0.01128	0.00490	0.00150	0.00219	0.02051	0.00374	0.00329
68	0.10166	0.00788	0.00862	0.00725	0.05842	0.05148	0.00536	0.02734	0.03589	0.06201	0.00778	0.01709	0.00628	0.00340	0.00308	0.00079	0.00330	0.00266	0.00254	0.58716
69	0.25506	0.00943	0.00917	0.00739	0.01020	0.06631	0.00601	0.30295	0.07153	0.13584	0.00922	0.00924	0.00663	0.00428	0.00340	0.00114	0.00380	0.00309	0.00338	0.08195
70	0.01523	0.00969	0.01085	0.00838	0.01141	0.01033	0.00690	0.58183	0.04541	0.22513	0.01120	0.01067	0.00767	0.00476	0.00391	0.00119	0.00398	0.00367	0.02121	0.00659
71	0.00606	0.00487	0.00540	0.03038	0.00708	0.00458	0.00418	0.09198	0.00998	0.01239	0.05959	0.03459	0.58177	0.00927	0.00465	0.00137	0.00255	0.12191	0.00363	0.00375

[dist]
# distance from previous block
# <min> <max>
0	1

[block]
# block no. 1 follows, 69 sequences, length 18
# corresponding to MSA columns:
# 224-241
name=unknown_B
#
# <colnr> <probs for GDERKNQSTAVLIFYWHMCP>
#	G	D	E	R	K	N	Q	S	T	A	V	L	I	F	Y	W	H	M	C	P
0	0.00726	0.00681	0.01120	0.70042	0.08239	0.00816	0.01010	0.00968	0.00804	0.01028	0.01060	0.01340	0.09665	0.00455	0.00400	0.00130	0.00483	0.00401	0.00196	0.00437
1	0.00655	0.00494	0.00596	0.00613	0.00737	0.00483	0.00505	0.09683	0.00995	0.01271	0.04031	0.10113	0.29877	0.00991	0.00494	0.00155	0.00300	0.37259	0.00367	0.00381
2	0.01147	0.61587	0.04628	0.00774	0.01083	0.23115	0.00720	0.01278	0.00879	0.00943	0.00566	0.00656	0.00503	0.00354	0.00282	0.00090	0.00499	0.00224	0.00177	0.00493
3	0.00546	0.00439	0.00485	0.00479	0.00593	0.00411	0.00352	0.00763	0.09934	0.01199	0.19136	0.12838	0.44155	0.06226	0.00556	0.00149	0.00223	0.00779	0.00373	0.00363
4	0.43114	0.00710	0.00752	0.00611	0.00886	0.00720	0.00504	0.01551	0.00906	0.45036	0.01072	0.01004	0.00712	0.00428	0.00322	0.00121	0.00319	0.00308	0.00370	0.00552
5	0.88991	0.00758	0.00576	0.00516	0.00758	0.00879	0.00425	0.01152	0.00667	0.01759	0.00546	0.00637	0.00425	0.00364	0.00243	0.00121	0.00303	0.00212	0.00243	0.00425
6	0.02208	0.00722	0.01111	0.66497	0.02313	0.00868	0.00974	0.09984	0.00916	0.04488	0.00843	0.01110	0.02253	0.00418	0.00387	0.00127	0.00483	0.00359	0.03474	0.00465
7	0.01120	0.74955	0.03944	0.00685	0.01023	0.01428	0.00679	0.01257	0.00833	0.10069	0.00659	0.00711	0.00554	0.00353	0.00270	0.00089	0.00414	0.00232	0.00203	0.00523
8	0.00495	0.00398	0.00442	0.00437	0.00554	0.00345	0.00329	0.00621	0.00954	0.01212	0.27331	0.05298	0.56196	0.00944	0.00466	0.00132	0.00199	0.02919	0.00384	0.00343
9	0.01013	0.00861	0.00908	0.00805	0.01034	0.00993	0.00630	0.08008	0.77082	0.01701	0.01547	0.01424	0.01158	0.00527	0.00398	0.00132	0.00319	0.00437	0.00398	0.00624
10	0.00925	0.07339	0.45145	0.11740	0.07765	0.10162	0.03639	0.02567	0.01970	0.02839	0.00716	0.00867	0.00535	0.00384	0.00384	0.00120	0.01866	0.00303	0.00187	0.00545
11	0.00878	0.00957	0.05758	0.01142	0.01383	0.05660	0.33637	0.03798	0.09891	0.01199	0.01005	0.08607	0.00908	0.08386	0.04072	0.00179	0.11336	0.00486	0.00240	0.00477
12	0.00543	0.00370	0.00497	0.00569	0.00615	0.00348	0.00406	0.00638	0.00811	0.03596	0.08834	0.65959	0.02591	0.01152	0.00499	0.00158	0.00245	0.11458	0.00373	0.00339
13	0.01017	0.00916	0.01779	0.01310	0.01638	0.00870	0.53366	0.08919	0.01022	0.11187	0.03613	0.10472	0.00962	0.00475	0.00452	0.00132	0.00538	0.00523	0.00276	0.00530
14	0.00705	0.09927	0.00712	0.00556	0.00642	0.02041	0.00398	0.05809	0.02361	0.02835	0.04605	0.25018	0.03095	0.34217	0.04077	0.00247	0.01459	0.00656	0.00290	0.00349
15	0.00852	0.03846	0.08824	0.00969	0.01184	0.15376	0.19505	0.04018	0.00903	0.01129	0.01286	0.32036	0.01354	0.00753	0.01860	0.00144	0.02170	0.03086	0.00267	0.00438
16	0.00480	0.00368	0.00441	0.00495	0.00563	0.00329	0.00348	0.00567	0.00819	0.01044	0.05104	0.50112	0.32937	0.01123	0.00487	0.00149	0.00220	0.03722	0.00366	0.00326
17	0.00717	0.00656	0.01100	0.66106	0.02300	0.00787	0.03754	0.00959	0.00803	0.01034	0.00971	0.06275	0.00878	0.00531	0.00421	0.00139	0.00489	0.11448	0.00211	0.00422

[dist]
# distance from previous block
# <min> <max>
3	9

[block]
# block no. 2 follows, 69 sequences, length 25
# corresponding to MSA columns:
# 251-275
name=unknown_C
#
# <colnr> <probs for GDERKNQSTAVLIFYWHMCP>
#	G	D	E	R	K	N	Q	S	T	A	V	L	I	F	Y	W	H	M	C	P
0	0.00592	0.00465	0.00638	0.00708	0.08357	0.00460	0.00480	0.00779	0.03431	0.01276	0.35255	0.07952	0.14680	0.01271	0.18217	0.00236	0.00410	0.04062	0.00344	0.00387
1	0.01103	0.00748	0.00871	0.00730	0.00928	0.01888	0.02515	0.32861	0.05218	0.10999	0.04631	0.12243	0.03296	0.06240	0.03883	0.04899	0.00386	0.01807	0.04246	0.00509
2	0.00531	0.00513	0.08257	0.00611	0.00691	0.00393	0.00486	0.00643	0.00762	0.01025	0.01948	0.62579	0.02274	0.07366	0.00603	0.00175	0.00287	0.10179	0.00336	0.00342
3	0.04412	0.00899	0.01145	0.02592	0.03525	0.12003	0.17974	0.14833	0.02754	0.01305	0.01040	0.09453	0.00987	0.14782	0.07885	0.00212	0.01705	0.01777	0.00263	0.00454
4	0.09494	0.01002	0.01047	0.00840	0.01124	0.01124	0.00684	0.54597	0.22259	0.02195	0.01070	0.01045	0.00778	0.00476	0.00380	0.00122	0.00389	0.00363	0.00380	0.00633
5	0.01437	0.01119	0.01280	0.00975	0.01293	0.03860	0.08332	0.72335	0.01735	0.02310	0.00917	0.00945	0.00655	0.00455	0.00397	0.00118	0.00462	0.00360	0.00368	0.00647
6	0.04603	0.01098	0.01096	0.00864	0.01158	0.11025	0.00704	0.54606	0.02789	0.16612	0.01004	0.00980	0.00700	0.00462	0.00383	0.00117	0.00441	0.00345	0.00381	0.00632
7	0.08996	0.05225	0.73193	0.01044	0.01582	0.00933	0.01323	0.01231	0.00812	0.01277	0.00683	0.00802	0.00490	0.00370	0.00356	0.00122	0.00547	0.00279	0.00173	0.00562
8	0.00663	0.00577	0.00902	0.19789	0.11353	0.00612	0.06154	0.00806	0.00763	0.01012	0.01484	0.20334	0.08961	0.18263	0.00792	0.00190	0.03411	0.03292	0.00257	0.00386
9	0.00812	0.10225	0.76217	0.01074	0.01630	0.00973	0.01373	0.01235	0.00825	0.01211	0.00688	0.00808	0.00497	0.00369	0.00361	0.00120	0.00564	0.00282	0.00166	0.00572
10	0.00471	0.00383	0.00418	0.00440	0.00542	0.00330	0.00318	0.00567	0.00868	0.01069	0.07390	0.24651	0.59100	0.01043	0.00473	0.00139	0.00205	0.00895	0.00367	0.00330
11	0.00641	0.00421	0.00542	0.00500	0.00613	0.00382	0.00379	0.00815	0.01091	0.07975	0.69755	0.02882	0.10915	0.00795	0.00457	0.00124	0.00198	0.00695	0.00429	0.00390
12	0.00759	0.00725	0.01254	0.77701	0.05541	0.00880	0.05600	0.01023	0.00796	0.01026	0.00704	0.01043	0.00530	0.00387	0.00396	0.00130	0.00528	0.00355	0.00176	0.00447
13	0.00976	0.00858	0.01934	0.00802	0.00992	0.08502	0.04342	0.19176	0.19101	0.02596	0.01609	0.15257	0.09592	0.00696	0.00475	0.00135	0.05095	0.05585	0.01777	0.00502
14	0.00497	0.00401	0.00447	0.00470	0.00584	0.00352	0.00364	0.00610	0.00890	0.01092	0.06302	0.11443	0.59294	0.01023	0.00480	0.00143	0.00229	0.14677	0.00366	0.00336
15	0.00970	0.00931	0.01591	0.02406	0.83777	0.00931	0.01203	0.01203	0.00893	0.01281	0.00737	0.00970	0.00621	0.00349	0.00388	0.00116	0.00466	0.00349	0.00194	0.00621
16	0.00786	0.02028	0.84191	0.01117	0.01697	0.00910	0.01448	0.01242	0.00828	0.01242	0.00704	0.00828	0.00497	0.00372	0.00372	0.00124	0.00579	0.00290	0.00166	0.00579
17	0.00930	0.00897	0.01448	0.25938	0.46934	0.03240	0.05570	0.03429	0.05453	0.01243	0.00778	0.01016	0.00621	0.00375	0.00393	0.00122	0.00490	0.00358	0.00206	0.00559
18	0.03350	0.00577	0.00668	0.05280	0.00835	0.03839	0.00485	0.05599	0.03808	0.15417	0.11779	0.12593	0.03374	0.02928	0.03972	0.00150	0.01640	0.03111	0.20152	0.00442
19	0.04690	0.00471	0.00444	0.00422	0.00536	0.03128	0.00322	0.05468	0.00881	0.01515	0.01206	0.01372	0.00945	0.00452	0.00282	0.00094	0.00219	0.00354	0.76811	0.00388
20	0.00585	0.00443	0.00624	0.04170	0.00725	0.00506	0.00462	0.00698	0.00665	0.00941	0.08723	0.01862	0.01297	0.22793	0.48722	0.00477	0.05264	0.00476	0.00234	0.00332
21	0.00523	0.00388	0.00488	0.00490	0.00575	0.00353	0.00360	0.00668	0.00992	0.01352	0.50676	0.20513	0.18061	0.00930	0.00472	0.00133	0.00199	0.02071	0.00404	0.00352
22	0.01500	0.04322	0.01071	0.00807	0.01094	0.07274	0.00662	0.41219	0.02313	0.28741	0.02029	0.02914	0.00836	0.00485	0.00384	0.00117	0.00405	0.00375	0.02829	0.00625
23	0.00947	0.02068	0.03383	0.03297	0.32080	0.02250	0.00804	0.04927	0.08209	0.09019	0.03679	0.12304	0.05711	0.00544	0.00398	0.00119	0.00375	0.00482	0.00289	0.09114
24	0.01125	0.61691	0.04315	0.00796	0.03266	0.12104	0.00724	0.07766	0.03106	0.01089	0.00622	0.00701	0.00538	0.00362	0.00287	0.00092	0.00460	0.00239	0.00197	0.00519

[dist]
# distance from previous block
# <min> <max>
8	33

[block]
# block no. 3 follows, 69 sequences, length 13
# corresponding to MSA columns:
# 309-321
name=unknown_D
#
# <colnr> <probs for GDERKNQSTAVLIFYWHMCP>
#	G	D	E	R	K	N	Q	S	T	A	V	L	I	F	Y	W	H	M	C	P
0	0.01149	0.03789	0.08956	0.07660	0.05026	0.04055	0.00774	0.26268	0.19083	0.09082	0.01185	0.03675	0.02865	0.00492	0.00386	0.00122	0.00407	0.00396	0.04049	0.00583
1	0.01064	0.03563	0.13083	0.04286	0.10558	0.03863	0.05192	0.11680	0.22330	0.02819	0.06435	0.02831	0.04624	0.00593	0.00462	0.00146	0.01661	0.03866	0.00339	0.00606
2	0.00565	0.00396	0.00509	0.00507	0.00538	0.00421	0.00339	0.00628	0.00623	0.00862	0.05831	0.02203	0.01388	0.50299	0.32765	0.00459	0.00619	0.00522	0.00238	0.00287
3	0.00921	0.00872	0.01442	0.08228	0.62719	0.00881	0.03031	0.01203	0.05813	0.01280	0.02769	0.03496	0.00775	0.00396	0.00391	0.00118	0.00444	0.00383	0.00217	0.04622
4	0.00478	0.00341	0.00455	0.00546	0.00569	0.00318	0.00364	0.00546	0.00751	0.01001	0.02161	0.85966	0.02593	0.01228	0.00500	0.00159	0.00227	0.01114	0.00364	0.00318
5	0.00813	0.00697	0.00813	0.00581	0.00929	0.00523	0.00465	0.00987	0.00813	0.01277	0.00697	0.00813	0.00581	0.00290	0.00290	0.00058	0.00290	0.00232	0.00232	0.88619
6	0.01048	0.86458	0.02054	0.00671	0.01006	0.01551	0.00671	0.01174	0.00797	0.00922	0.00545	0.00629	0.00503	0.00335	0.00252	0.00084	0.00419	0.00210	0.00168	0.00503
7	0.84482	0.05153	0.00652	0.00524	0.00771	0.00914	0.00437	0.01154	0.00674	0.01716	0.00546	0.00636	0.00429	0.00362	0.00243	0.00119	0.00309	0.00212	0.00239	0.00429
8	0.00962	0.00952	0.01509	0.07536	0.47390	0.04221	0.08130	0.03797	0.00864	0.01213	0.00693	0.00947	0.00586	0.00430	0.00589	0.00130	0.18947	0.00354	0.00195	0.00554
9	0.00785	0.04087	0.13630	0.00783	0.03463	0.03761	0.04902	0.05091	0.10233	0.01352	0.14560	0.02087	0.10529	0.04918	0.00489	0.00138	0.00362	0.08684	0.09688	0.00457
10	0.00479	0.00376	0.00434	0.00466	0.00551	0.00331	0.00332	0.00577	0.00863	0.01096	0.12468	0.35333	0.43179	0.01061	0.00477	0.00142	0.00208	0.00924	0.00372	0.00331
11	0.00920	0.05010	0.22554	0.08090	0.14131	0.07325	0.10987	0.03310	0.11287	0.01258	0.02908	0.01085	0.02375	0.00474	0.01932	0.00134	0.05091	0.00366	0.00224	0.00540
12	0.00492	0.00370	0.00449	0.00487	0.00552	0.00334	0.00339	0.00585	0.00843	0.01102	0.16544	0.43345	0.26083	0.05903	0.00568	0.00158	0.00221	0.00932	0.00368	0.00326

[dist]
# distance from previous block
# <min> <max>
0	1

[block]
# block no. 4 follows, 69 sequences, length 69
# corresponding to MSA columns:
# 323-391
name=unknown_E
#
# <colnr> <probs for GDERKNQSTAVLIFYWHMCP>
#	G	D	E	R	K	N	Q	S	T	A	V	L	I	F	Y	W	H	M	C	P
0	0.61793	0.07680	0.03450	0.00706	0.05339	0.02914	0.00563	0.09852	0.02097	0.01706	0.00621	0.00707	0.00483	0.00376	0.00276	0.00117	0.00353	0.00241	0.00249	0.00476
1	0.01178	0.05426	0.04182	0.01073	0.11590	0.17189	0.08700	0.09898	0.02175	0.14699	0.08326	0.01143	0.00937	0.00498	0.02596	0.00123	0.00480	0.00364	0.00290	0.09133
2	0.06884	0.13462	0.46664	0.00929	0.01374	0.00986	0.01068	0.08198	0.05314	0.07956	0.03098	0.00929	0.00671	0.00404	0.00354	0.00118	0.00481	0.00307	0.00235	0.00569
3	0.00742	0.00690	0.01176	0.46745	0.16583	0.00775	0.06356	0.00966	0.00811	0.01074	0.01023	0.16374	0.00979	0.00556	0.00421	0.00135	0.00463	0.03460	0.00220	0.00451
4	0.00671	0.00461	0.00550	0.00521	0.00564	0.00492	0.00347	0.07995	0.00701	0.00964	0.01132	0.02097	0.01207	0.55327	0.14975	0.05083	0.02721	0.00501	0.03391	0.00300
5	0.00801	0.00812	0.05303	0.65464	0.03764	0.00883	0.11353	0.01094	0.02450	0.03246	0.00750	0.01051	0.00557	0.00388	0.00400	0.00130	0.00533	0.00363	0.00190	0.00467
6	0.04721	0.00759	0.00926	0.00714	0.01012	0.00717	0.00585	0.18456	0.03450	0.48340	0.04341	0.01224	0.00946	0.00466	0.00378	0.00113	0.00341	0.00372	0.00421	0.11718
7	0.00943	0.00740	0.00840	0.00641	0.00949	0.00659	0.00512	0.08914	0.14905	0.05243	0.00943	0.00995	0.00735	0.00366	0.00322	0.00081	0.00303	0.00294	0.05116	0.56498
8	0.00786	0.02028	0.84191	0.01117	0.01697	0.00910	0.01448	0.01242	0.00828	0.01242	0.00704	0.00828	0.00497	0.00372	0.00372	0.00124	0.00579	0.00290	0.00166	0.00579
9	0.00497	0.00393	0.00424	0.00434	0.00549	0.00336	0.00319	0.00597	0.00886	0.02749	0.08097	0.17743	0.63585	0.01012	0.00468	0.00136	0.00205	0.00861	0.00370	0.00338
10	0.00494	0.00357	0.00476	0.00558	0.00594	0.00339	0.00389	0.00577	0.00764	0.01013	0.02182	0.70813	0.06374	0.01296	0.04988	0.00185	0.00281	0.07642	0.00355	0.00324
11	0.00570	0.00382	0.00435	0.00435	0.00437	0.00384	0.00247	0.00575	0.00572	0.00766	0.01229	0.02529	0.01409	0.83248	0.04948	0.00389	0.00404	0.00565	0.00237	0.00242
12	0.01227	0.03173	0.04122	0.04863	0.02623	0.40339	0.25968	0.09717	0.01091	0.01220	0.00705	0.00861	0.00551	0.00388	0.00402	0.00115	0.01580	0.00334	0.00217	0.00505
13	0.00813	0.00697	0.00813	0.00581	0.00929	0.00523	0.00465	0.00987	0.00813	0.01277	0.00697	0.00813	0.00581	0.00290	0.00290	0.00058	0.00290	0.00232	0.00232	0.88619
14	0.00921	0.05756	0.21380	0.03635	0.01741	0.00961	0.43227	0.05881	0.00946	0.03474	0.03859	0.03499	0.00749	0.00403	0.00436	0.00128	0.01825	0.00423	0.00220	0.00535
15	0.00677	0.00468	0.00592	0.00645	0.05075	0.00440	0.00437	0.06527	0.00913	0.07750	0.05425	0.45731	0.21818	0.00996	0.00468	0.00143	0.00255	0.00878	0.00369	0.00392
16	0.00538	0.00406	0.00447	0.00441	0.00552	0.00361	0.00324	0.00635	0.00858	0.03653	0.09525	0.03368	0.55733	0.13660	0.04738	0.00194	0.00275	0.03612	0.00347	0.00333
17	0.83460	0.00768	0.00607	0.00535	0.00782	0.00884	0.00440	0.04208	0.00723	0.03922	0.00587	0.00666	0.00448	0.00371	0.00252	0.00121	0.00309	0.00222	0.00254	0.00440
18	0.01092	0.06785	0.02205	0.00760	0.00983	0.02233	0.00621	0.41521	0.02307	0.01779	0.05548	0.12412	0.03055	0.03398	0.04530	0.00154	0.03718	0.00478	0.02775	0.03648
19	0.08875	0.01867	0.72565	0.01052	0.01588	0.00922	0.01321	0.05138	0.00862	0.01348	0.00701	0.00816	0.00498	0.00376	0.00362	0.00124	0.00547	0.00286	0.00183	0.00569
20	0.02964	0.05309	0.14380	0.00726	0.00945	0.05679	0.00655	0.14759	0.02136	0.04340	0.04064	0.01435	0.00971	0.16886	0.18290	0.00271	0.00561	0.00397	0.04779	0.00453
21	0.03219	0.14076	0.08128	0.00758	0.01045	0.07767	0.06557	0.08373	0.00963	0.01305	0.07742	0.05484	0.07550	0.00499	0.00361	0.00103	0.00390	0.02289	0.01563	0.21829
22	0.41301	0.00888	0.00835	0.00670	0.00955	0.02869	0.00548	0.28667	0.01102	0.01894	0.00709	0.00774	0.00537	0.00388	0.00305	0.00108	0.00354	0.00264	0.00290	0.16544
23	0.00496	0.00379	0.00456	0.00479	0.00560	0.00339	0.00343	0.00611	0.00910	0.01196	0.27744	0.32275	0.30761	0.01017	0.00476	0.00139	0.00205	0.00892	0.00385	0.00339
24	0.00981	0.04065	0.01330	0.00988	0.01232	0.03961	0.16530	0.13180	0.00935	0.01327	0.00689	0.00882	0.00571	0.00448	0.00636	0.00118	0.25732	0.00328	0.00228	0.25839
25	0.00941	0.23847	0.41201	0.02311	0.05457	0.01946	0.09374	0.04849	0.02429	0.03135	0.00718	0.00836	0.00546	0.00368	0.00353	0.00114	0.00524	0.00298	0.00193	0.00560
26	0.00688	0.00433	0.00567	0.00606	0.00707	0.00403	0.00481	0.00815	0.00879	0.11048	0.02376	0.29772	0.16663	0.01041	0.00497	0.00158	0.00287	0.31823	0.00377	0.00379
27	0.00642	0.00427	0.00492	0.00496	0.00598	0.00413	0.00368	0.00864	0.08200	0.03971	0.15865	0.21252	0.18437	0.00825	0.00419	0.00128	0.00219	0.03577	0.22425	0.00381
28	0.00861	0.00605	0.00784	0.00744	0.03781	0.01368	0.02809	0.13482	0.03977	0.08280	0.05828	0.08969	0.05351	0.11378	0.15033	0.03553	0.02041	0.10405	0.00319	0.00431
29	0.00933	0.06727	0.18412	0.02180	0.04368	0.17381	0.25290	0.01170	0.00891	0.01113	0.00929	0.14161	0.00866	0.00528	0.00445	0.02898	0.00552	0.00462	0.00215	0.00481
30	0.01524	0.00974	0.01089	0.00840	0.01144	0.01040	0.00692	0.59494	0.03899	0.21779	0.01110	0.01059	0.00760	0.00475	0.00390	0.00118	0.00400	0.00366	0.02186	0.00659
31	0.00491	0.00406	0.00427	0.00422	0.00549	0.00349	0.00316	0.01844	0.00930	0.01142	0.13722	0.06765	0.69341	0.00970	0.00464	0.00132	0.00202	0.00816	0.00373	0.00340
32	0.02936	0.01695	0.02239	0.05390	0.02813	0.10027	0.06450	0.23825	0.03723	0.11179	0.01086	0.04535	0.00923	0.00638	0.00550	0.09206	0.02680	0.09285	0.00312	0.00508
33	0.04086	0.00901	0.01468	0.14470	0.63703	0.00939	0.01130	0.06265	0.00928	0.01331	0.00737	0.00968	0.00602	0.00364	0.00384	0.00119	0.00466	0.00345	0.00205	0.00590
34	0.00835	0.00594	0.00686	0.00619	0.00779	0.01606	0.00476	0.02560	0.26610	0.10598	0.38497	0.05394	0.07728	0.00701	0.00434	0.00128	0.00253	0.00604	0.00417	0.00482
35	0.05297	0.77830	0.01933	0.00681	0.01005	0.05948	0.00664	0.01194	0.00807	0.00965	0.00548	0.00633	0.00499	0.00340	0.00257	0.00087	0.00429	0.00212	0.00173	0.00497
36	0.00555	0.00419	0.00521	0.00557	0.00633	0.00409	0.00405	0.02335	0.06500	0.01166	0.13003	0.44220	0.15380	0.01153	0.04970	0.00174	0.00280	0.06594	0.00367	0.00360
37	0.00997	0.72128	0.10952	0.00717	0.01063	0.02360	0.00742	0.01156	0.00801	0.00961	0.00641	0.04753	0.00603	0.00383	0.00278	0.00092	0.00431	0.00262	0.00177	0.00502
38	0.00493	0.00360	0.00470	0.00542	0.00585	0.00329	0.00366	0.00568	0.00759	0.01016	0.02155	0.78963	0.05365	0.01175	0.00489	0.00153	0.00229	0.01062	0.00358	0.04563
39	0.00740	0.00697	0.01176	0.85280	0.02700	0.00871	0.01089	0.01002	0.00784	0.01002	0.00697	0.01045	0.00523	0.00392	0.00392	0.00131	0.00523	0.00348	0.00174	0.00436
40	0.08974	0.00866	0.00983	0.02528	0.05942	0.05009	0.03523	0.16227	0.07717	0.04451	0.00862	0.02602	0.00684	0.00388	0.00339	0.00095	0.00369	0.00312	0.00282	0.37848
41	0.02906	0.00926	0.05804	0.07839	0.11490	0.03021	0.17317	0.09978	0.12506	0.04703	0.02833	0.03440	0.04548	0.00484	0.00408	0.00124	0.00447	0.04031	0.00281	0.06914
42	0.00489	0.00348	0.00460	0.00545	0.00569	0.00327	0.00366	0.00557	0.00746	0.00993	0.02103	0.78016	0.02512	0.06223	0.00590	0.00173	0.00241	0.04070	0.00356	0.00315
43	0.00553	0.00387	0.00529	0.00552	0.00589	0.00411	0.00389	0.00621	0.00642	0.00884	0.01359	0.21424	0.01485	0.24319	0.35929	0.06040	0.00620	0.02711	0.00254	0.00302
44	0.03072	0.01303	0.21824	0.02334	0.04757	0.02711	0.22718	0.31608	0.01243	0.03376	0.00829	0.00943	0.00600	0.00400	0.00402	0.00123	0.00532	0.00362	0.00269	0.00594
45	0.01411	0.04658	0.01158	0.03134	0.01233	0.44382	0.00750	0.30722	0.06176	0.01544	0.00785	0.00842	0.00604	0.00433	0.00367	0.00109	0.00569	0.00301	0.00280	0.00542
46	0.00475	0.00395	0.00416	0.00421	0.00542	0.00336	0.00315	0.00580	0.00901	0.01097	0.09818	0.08929	0.70664	0.00995	0.00467	0.00134	0.00203	0.02608	0.00369	0.00334
47	0.00531	0.00409	0.00489	0.00488	0.00585	0.00376	0.00358	0.00710	0.04740	0.01309	0.39874	0.18918	0.27915	0.00929	0.00467	0.00133	0.00203	0.00810	0.00396	0.00360
48	0.00482	0.00343	0.00454	0.00540	0.00562	0.00321	0.00358	0.00547	0.00742	0.00990	0.02118	0.82079	0.02538	0.05190	0.00570	0.00170	0.00235	0.01089	0.00358	0.00315
49	0.01481	0.01047	0.01107	0.00861	0.01159	0.04458	0.00706	0.65074	0.03575	0.11843	0.01025	0.01008	0.00720	0.00471	0.00387	0.00117	0.00419	0.00356	0.03539	0.00646
50	0.88991	0.00758	0.00576	0.00516	0.00758	0.00879	0.00425	0.01152	0.00667	0.01759	0.00546	0.00637	0.00425	0.00364	0.00243	0.00121	0.00303	0.00212	0.00243	0.00425
51	0.88991	0.00758	0.00576	0.00516	0.00758	0.00879	0.00425	0.01152	0.00667	0.01759	0.00546	0.00637	0.00425	0.00364	0.00243	0.00121	0.00303	0.00212	0.00243	0.00425
52	0.01221	0.01092	0.01002	0.00854	0.01097	0.15994	0.00673	0.27936	0.39243	0.01781	0.01196	0.01159	0.00895	0.00487	0.00384	0.00121	0.00416	0.00377	0.03477	0.00597
53	0.01012	0.00861	0.00908	0.00805	0.01034	0.00993	0.00630	0.07915	0.77176	0.01700	0.01548	0.01425	0.01158	0.00527	0.00398	0.00132	0.00319	0.00437	0.00398	0.00624
54	0.00596	0.00442	0.00576	0.00643	0.00719	0.00444	0.00504	0.00823	0.09274	0.01157	0.04344	0.39020	0.03489	0.01080	0.00506	0.00164	0.00291	0.35192	0.00368	0.00369
55	0.00542	0.00398	0.00468	0.00503	0.00555	0.00385	0.00338	0.00670	0.06162	0.00999	0.02167	0.39047	0.16507	0.24853	0.00901	0.00214	0.00272	0.02618	0.02081	0.00320
56	0.00911	0.00839	0.01394	0.24690	0.41666	0.00858	0.06267	0.02339	0.00874	0.03345	0.00748	0.00984	0.00597	0.00357	0.00381	0.00113	0.00466	0.00342	0.00205	0.12626
57	0.63064	0.01087	0.00735	0.00662	0.00893	0.25694	0.00523	0.01275	0.00799	0.01522	0.00564	0.00658	0.00448	0.00376	0.00275	0.00115	0.00423	0.00224	0.00231	0.00433
58	0.00568	0.00383	0.00443	0.00447	0.00455	0.00386	0.00263	0.00582	0.00589	0.00786	0.01300	0.04048	0.02633	0.77162	0.06321	0.00381	0.00410	0.02353	0.00243	0.00249
59	0.84831	0.03087	0.00612	0.00517	0.00759	0.00888	0.00428	0.01148	0.00674	0.01730	0.00560	0.00653	0.00438	0.00365	0.00243	0.00120	0.00304	0.00215	0.02001	0.00426
60	0.01101	0.48162	0.08929	0.00801	0.01125	0.10722	0.02969	0.12417	0.03578	0.01234	0.05085	0.00859	0.00720	0.00396	0.00315	0.00099	0.00458	0.00282	0.00224	0.00524
61	0.00740	0.00697	0.01176	0.85280	0.02700	0.00871	0.01089	0.01002	0.00784	0.01002	0.00697	0.01045	0.00523	0.00392	0.00392	0.00131	0.00523	0.00348	0.00174	0.00436
62	0.00523	0.00379	0.00498	0.00576	0.00620	0.00363	0.00414	0.00641	0.03030	0.01057	0.03925	0.62713	0.04729	0.03374	0.00542	0.00167	0.00256	0.15497	0.00363	0.00334
63	0.00507	0.00378	0.00476	0.00541	0.00592	0.00357	0.00375	0.00636	0.04743	0.01065	0.05406	0.65864	0.13123	0.01144	0.00490	0.00154	0.00230	0.03212	0.00368	0.00338
64	0.03143	0.01122	0.05712	0.01334	0.21538	0.14093	0.07982	0.15404	0.08801	0.02507	0.01645	0.01020	0.01789	0.00476	0.00513	0.02985	0.08776	0.00357	0.00254	0.00549
65	0.00822	0.13536	0.72996	0.01057	0.01603	0.00998	0.01342	0.01232	0.00823	0.01198	0.00682	0.00801	0.00498	0.00367	0.00356	0.00119	0.00558	0.00279	0.00166	0.00569
66	0.00510	0.00368	0.00476	0.00554	0.00596	0.00350	0.00387	0.00621	0.03019	0.01049	0.02229	0.69397	0.07575	0.01162	0.00493	0.00157	0.00238	0.07809	0.02680	0.00332
67	0.00894	0.06653	0.09320	0.17831	0.43616	0.00946	0.10003	0.01152	0.00859	0.01189	0.00764	0.03622	0.00642	0.00384	0.00390	0.00121	0.00498	0.00371	0.00192	0.00554
68	0.08171	0.05004	0.03646	0.03323	0.19156	0.05926	0.03410	0.10231	0.02631	0.12837	0.02833	0.09937	0.07499	0.02258	0.00432	0.00128	0.01295	0.00463	0.00298	0.00523

[dist]
# distance from previous block
# <min> <max>
4	26

[block]
# block no. 5 follows, 69 sequences, length 42
# corresponding to MSA columns:
# 418-459
name=unknown_F
#
# <colnr> <probs for GDERKNQSTAVLIFYWHMCP>
#	G	D	E	R	K	N	Q	S	T	A	V	L	I	F	Y	W	H	M	C	P
0	0.00935	0.00758	0.00921	0.00805	0.01006	0.02471	0.06866	0.15006	0.28993	0.03525	0.08619	0.07535	0.05289	0.00682	0.00439	0.00138	0.00352	0.13833	0.01309	0.00519
1	0.00971	0.00958	0.01583	0.04417	0.71751	0.04232	0.06118	0.01202	0.00898	0.01254	0.00763	0.02674	0.00652	0.00369	0.00394	0.00118	0.00484	0.00368	0.00198	0.00598
2	0.00491	0.00392	0.00442	0.00454	0.00560	0.00342	0.00338	0.00606	0.00914	0.01155	0.19158	0.16538	0.51565	0.00997	0.00473	0.00137	0.00208	0.04517	0.00377	0.00338
3	0.00920	0.00870	0.01473	0.11077	0.68795	0.00888	0.01147	0.01152	0.00882	0.01243	0.00836	0.01243	0.00736	0.00410	0.00400	0.00123	0.00464	0.06554	0.00205	0.00581
4	0.00465	0.00390	0.00404	0.00415	0.00534	0.00329	0.00306	0.00561	0.00876	0.01052	0.03750	0.13845	0.73688	0.01022	0.00468	0.00136	0.00202	0.00863	0.00364	0.00329
5	0.00630	0.00537	0.00610	0.05821	0.00762	0.06923	0.00450	0.00719	0.00713	0.00912	0.01597	0.09507	0.14805	0.21679	0.27939	0.02645	0.02610	0.00563	0.00251	0.00328
6	0.01734	0.00706	0.00934	0.00716	0.01020	0.00634	0.00592	0.09247	0.01188	0.76620	0.01492	0.01299	0.00943	0.00484	0.00394	0.00121	0.00342	0.00390	0.00477	0.00667
7	0.00929	0.00756	0.00864	0.00643	0.00965	0.00650	0.00515	0.17392	0.01017	0.01501	0.00837	0.06119	0.00723	0.00385	0.00324	0.00076	0.00315	0.00311	0.00273	0.65407
8	0.00913	0.00730	0.00869	0.00640	0.00957	0.00617	0.00517	0.05636	0.00874	0.06452	0.00749	0.00856	0.00605	0.00343	0.00379	0.00074	0.06846	0.00258	0.00252	0.71431
9	0.00798	0.05884	0.80440	0.01097	0.01665	0.00940	0.01413	0.01238	0.00826	0.01227	0.00696	0.00819	0.00497	0.00371	0.00367	0.00122	0.00572	0.00286	0.00166	0.00576
10	0.00740	0.00697	0.01176	0.85280	0.02700	0.00871	0.01089	0.01002	0.00784	0.01002	0.00697	0.01045	0.00523	0.00392	0.00392	0.00131	0.00523	0.00348	0.00174	0.00436
11	0.00963	0.00902	0.01495	0.16388	0.64887	0.00939	0.01155	0.06208	0.00933	0.01307	0.00743	0.00981	0.00607	0.00364	0.00389	0.00119	0.00473	0.00349	0.00203	0.00592
12	0.00677	0.00531	0.00645	0.00628	0.00716	0.06532	0.00479	0.00800	0.00699	0.04842	0.01243	0.01702	0.06219	0.09807	0.62045	0.00515	0.00879	0.00446	0.00235	0.00361
13	0.01216	0.00987	0.00995	0.00825	0.01073	0.07036	0.00657	0.44911	0.22225	0.01951	0.01364	0.07763	0.06081	0.00572	0.00404	0.00124	0.00390	0.00457	0.00376	0.00592
14	0.01095	0.00738	0.00820	0.00699	0.00930	0.00784	0.00552	0.07676	0.42338	0.16206	0.02520	0.01371	0.01074	0.00492	0.00371	0.00117	0.00300	0.00403	0.14163	0.07348
15	0.00658	0.00349	0.00494	0.00494	0.00494	0.00349	0.00319	0.00523	0.00523	0.00697	0.00795	0.01475	0.00835	0.18878	0.01628	0.70385	0.00349	0.00388	0.00184	0.00184
16	0.00487	0.00399	0.00430	0.00425	0.00548	0.00342	0.00321	0.00607	0.00941	0.01173	0.21313	0.03602	0.64474	0.00953	0.00465	0.00131	0.00199	0.02473	0.00379	0.00340
17	0.88991	0.00758	0.00576	0.00516	0.00758	0.00879	0.00425	0.01152	0.00667	0.01759	0.00546	0.00637	0.00425	0.00364	0.00243	0.00121	0.00303	0.00212	0.00243	0.00425
18	0.85001	0.00754	0.00591	0.00524	0.00769	0.00866	0.00432	0.01187	0.00688	0.05523	0.00592	0.00669	0.00450	0.00369	0.00250	0.00121	0.00305	0.00221	0.00254	0.00436
19	0.01490	0.01098	0.01177	0.00902	0.01216	0.01216	0.00745	0.82470	0.01843	0.02471	0.00941	0.00941	0.00667	0.00471	0.00392	0.00118	0.00431	0.00353	0.00392	0.00667
20	0.00477	0.00400	0.00416	0.00417	0.00545	0.00339	0.00317	0.00586	0.00911	0.01103	0.10010	0.03734	0.74262	0.00982	0.00466	0.00134	0.00204	0.03994	0.00369	0.00335
21	0.00478	0.00341	0.00455	0.00546	0.00569	0.00318	0.00364	0.00546	0.00751	0.01001	0.02161	0.85966	0.02593	0.01228	0.00500	0.00159	0.00227	0.01114	0.00364	0.00318
22	0.03147	0.00841	0.00991	0.00778	0.01072	0.00858	0.00637	0.29259	0.13465	0.42686	0.01330	0.01207	0.00891	0.00485	0.00391	0.00122	0.00363	0.00384	0.00436	0.00656
23	0.68641	0.00915	0.02864	0.00618	0.00877	0.06752	0.00518	0.12314	0.00863	0.01787	0.00608	0.00688	0.00465	0.00382	0.00274	0.00119	0.00356	0.00236	0.00258	0.00464
24	0.00478	0.00341	0.00455	0.00546	0.00569	0.00318	0.00364	0.00546	0.00751	0.01001	0.02161	0.85966	0.02593	0.01228	0.00500	0.00159	0.00227	0.01114	0.00364	0.00318
25	0.01412	0.01046	0.01131	0.00881	0.01176	0.01161	0.00724	0.74220	0.04980	0.02341	0.00974	0.00999	0.00707	0.00626	0.05618	0.00150	0.00465	0.00361	0.00381	0.00645
26	0.06413	0.00816	0.00850	0.00766	0.00983	0.00941	0.00597	0.01962	0.74083	0.01644	0.05407	0.01481	0.01267	0.00534	0.00392	0.00132	0.00304	0.00441	0.00391	0.00597
27	0.00575	0.00386	0.00443	0.00450	0.00457	0.00386	0.00268	0.00589	0.00596	0.00792	0.01300	0.02708	0.01489	0.79683	0.01884	0.00365	0.00379	0.06758	0.00247	0.00247
28	0.00964	0.01009	0.03441	0.16830	0.44422	0.06963	0.16338	0.03057	0.00915	0.01230	0.00735	0.00977	0.00589	0.00361	0.00400	0.00121	0.00531	0.00362	0.00196	0.00559
29	0.00978	0.01022	0.01391	0.16807	0.42387	0.16054	0.06504	0.01186	0.00904	0.01149	0.00819	0.07470	0.00732	0.00433	0.00396	0.00121	0.00515	0.00398	0.00205	0.00528
30	0.00545	0.00401	0.00523	0.00592	0.00667	0.00380	0.00467	0.00672	0.00857	0.01111	0.06164	0.32701	0.16905	0.01105	0.00510	0.00162	0.00277	0.35255	0.00366	0.00341
31	0.00693	0.00382	0.00532	0.00522	0.00551	0.00382	0.00359	0.04285	0.00648	0.00878	0.06848	0.06347	0.03169	0.01237	0.01278	0.68139	0.00319	0.00426	0.02779	0.00226
32	0.00638	0.00506	0.00644	0.00683	0.07037	0.00500	0.00467	0.00948	0.13553	0.01450	0.48125	0.07823	0.11869	0.01818	0.00470	0.00132	0.00236	0.02292	0.00393	0.00418
33	0.01150	0.02723	0.01080	0.02150	0.09336	0.02110	0.00727	0.27348	0.44473	0.02726	0.01256	0.01215	0.00937	0.00486	0.00392	0.00125	0.00374	0.00396	0.00367	0.00629
34	0.00988	0.00856	0.01356	0.19818	0.47635	0.00904	0.01046	0.11019	0.00991	0.04766	0.02726	0.02980	0.00742	0.00456	0.01935	0.00130	0.00467	0.00378	0.00235	0.00571
35	0.02880	0.05146	0.15507	0.03316	0.10329	0.02061	0.06495	0.31790	0.01271	0.15963	0.00936	0.00980	0.00662	0.00422	0.00384	0.00119	0.00462	0.00346	0.00313	0.00617
36	0.00968	0.16586	0.35881	0.01033	0.01450	0.02571	0.13939	0.02204	0.04645	0.09291	0.00916	0.01176	0.00726	0.00432	0.00381	0.00122	0.00512	0.06385	0.00231	0.00550
37	0.00616	0.00380	0.00557	0.00557	0.00589	0.00412	0.00399	0.00602	0.00570	0.00792	0.00899	0.01475	0.00884	0.09776	0.39336	0.40639	0.00666	0.00397	0.00194	0.00258
38	0.00807	0.03531	0.23503	0.12763	0.03019	0.03322	0.14506	0.01070	0.00834	0.04024	0.01074	0.14728	0.01017	0.00627	0.01965	0.00146	0.05544	0.06809	0.00233	0.00477
