[name]
unknown

[dist]
# distance from previous block
# <min> <max>
0	43

[block]
# block no. 0 follows, 66 sequences, length 7
# corresponding to MSA columns:
# 44-50
name=unknown_A
#
# <colnr> <probs for GDERKNQSTAVLIFYWHMCP>
#	G	D	E	R	K	N	Q	S	T	A	V	L	I	F	Y	W	H	M	C	P
0	0.04079	0.00427	0.00503	0.00520	0.00605	0.00413	0.00375	0.04055	0.00937	0.01360	0.21872	0.36853	0.09937	0.00939	0.00450	0.00138	0.00226	0.00824	0.15116	0.00371
1	0.00723	0.03207	0.02708	0.00594	0.00752	0.00575	0.00478	0.10747	0.06487	0.01572	0.41300	0.06055	0.18934	0.00811	0.00461	0.00132	0.00259	0.03363	0.00405	0.00436
2	0.00544	0.00392	0.00448	0.00473	0.00541	0.00362	0.00325	0.00629	0.00814	0.01073	0.07280	0.23184	0.29173	0.22043	0.00870	0.00205	0.00264	0.03958	0.07100	0.00322
3	0.01093	0.03470	0.00983	0.00723	0.01052	0.08069	0.00582	0.15291	0.06735	0.05860	0.00863	0.00924	0.00673	0.00373	0.00337	0.00084	0.00372	0.00287	0.00290	0.51941
4	0.01348	0.01049	0.01089	0.00865	0.01167	0.05447	0.00700	0.46442	0.19752	0.05643	0.01104	0.01084	0.00807	0.00475	0.00393	0.00117	0.00411	0.00367	0.00381	0.11361
5	0.04584	0.05458	0.01202	0.00934	0.02743	0.12767	0.13021	0.19001	0.02579	0.07383	0.14043	0.03097	0.08792	0.00565	0.00434	0.00125	0.01942	0.00476	0.00331	0.00525
6	0.00580	0.00431	0.00635	0.00635	0.00702	0.00498	0.00486	0.00714	0.00647	0.00929	0.01102	0.01679	0.01051	0.09686	0.77542	0.00631	0.01031	0.00447	0.00220	0.00353

[dist]
# distance from previous block
# <min> <max>
10	30

[block]
# block no. 1 follows, 66 sequences, length 6
# corresponding to MSA columns:
# 87-92
name=unknown_B
#
# <colnr> <probs for GDERKNQSTAVLIFYWHMCP>
#	G	D	E	R	K	N	Q	S	T	A	V	L	I	F	Y	W	H	M	C	P
0	0.00835	0.19213	0.16019	0.05158	0.03404	0.05482	0.00769	0.01075	0.05823	0.01080	0.02785	0.04428	0.06503	0.06816	0.12682	0.03723	0.03101	0.00416	0.00229	0.00459
1	0.04439	0.08581	0.22136	0.00889	0.02716	0.07645	0.04852	0.05804	0.02781	0.06748	0.01573	0.07379	0.16123	0.00615	0.00437	0.00130	0.03021	0.03342	0.00281	0.00507
2	0.00711	0.07889	0.00892	0.00753	0.02828	0.02998	0.06144	0.00869	0.00907	0.01175	0.08000	0.08924	0.17485	0.03796	0.00552	0.00154	0.02834	0.26363	0.00323	0.06404
3	0.00890	0.08709	0.07283	0.03737	0.01072	0.05656	0.06030	0.04695	0.02879	0.06696	0.04331	0.19323	0.07757	0.00689	0.00472	0.00130	0.05404	0.03010	0.02867	0.08370
4	0.01102	0.19955	0.12136	0.03324	0.04167	0.09730	0.05060	0.08964	0.06951	0.08472	0.03548	0.01156	0.04066	0.00603	0.04772	0.00147	0.04669	0.00363	0.00267	0.00546
5	0.04612	0.05585	0.10965	0.05588	0.01259	0.15105	0.03142	0.09489	0.02318	0.08925	0.00932	0.01094	0.02475	0.00594	0.05163	0.00144	0.04643	0.02048	0.00265	0.15652

[dist]
# distance from previous block
# <min> <max>
0	16

[block]
# block no. 2 follows, 66 sequences, length 6
# corresponding to MSA columns:
# 111-116
name=unknown_C
#
# <colnr> <probs for GDERKNQSTAVLIFYWHMCP>
#	G	D	E	R	K	N	Q	S	T	A	V	L	I	F	Y	W	H	M	C	P
0	0.02589	0.03557	0.26473	0.01045	0.07738	0.09188	0.06207	0.06787	0.02487	0.04206	0.10955	0.02928	0.05201	0.00607	0.03752	0.00144	0.00500	0.00423	0.03094	0.02120
1	0.00757	0.05562	0.18118	0.00843	0.03690	0.00672	0.08013	0.01002	0.02673	0.05293	0.17629	0.05949	0.11973	0.07204	0.08652	0.00200	0.00459	0.00554	0.00297	0.00460
2	0.00657	0.00513	0.00623	0.00601	0.00713	0.00541	0.00453	0.01006	0.18103	0.01305	0.24128	0.05391	0.11842	0.09231	0.20383	0.00283	0.00458	0.03004	0.00354	0.00413
3	0.00826	0.00705	0.00805	0.00748	0.00914	0.04039	0.03814	0.05272	0.29816	0.01371	0.01962	0.07011	0.13615	0.06307	0.06900	0.00201	0.00408	0.14450	0.00356	0.00479
4	0.00784	0.00634	0.00761	0.00796	0.06215	0.00671	0.00570	0.07546	0.24631	0.01420	0.06129	0.19434	0.13525	0.00964	0.05055	0.00174	0.00348	0.09491	0.00372	0.00480
5	0.00683	0.15083	0.00831	0.00594	0.00730	0.00624	0.00468	0.02584	0.00851	0.01127	0.09495	0.26172	0.08288	0.08834	0.06985	0.00197	0.00366	0.08453	0.00314	0.07320

[dist]
# distance from previous block
# <min> <max>
2	3

[block]
# block no. 3 follows, 66 sequences, length 18
# corresponding to MSA columns:
# 120-137
name=unknown_D
#
# <colnr> <probs for GDERKNQSTAVLIFYWHMCP>
#	G	D	E	R	K	N	Q	S	T	A	V	L	I	F	Y	W	H	M	C	P
0	0.81089	0.03100	0.00674	0.00562	0.00820	0.00950	0.00466	0.05975	0.00766	0.01841	0.00589	0.00678	0.00456	0.00382	0.00260	0.00124	0.00325	0.00228	0.00258	0.00456
1	0.00604	0.00411	0.00506	0.00522	0.00613	0.00377	0.00380	0.00745	0.02176	0.05190	0.24194	0.32935	0.20259	0.00999	0.00479	0.00143	0.00225	0.03135	0.05733	0.00373
2	0.00658	0.00537	0.00625	0.00528	0.00733	0.00436	0.00398	0.00796	0.00878	0.01237	0.12812	0.12761	0.21093	0.06246	0.00510	0.00123	0.00261	0.00593	0.00318	0.38456
3	0.00685	0.00588	0.00785	0.00737	0.00834	0.05386	0.03980	0.00866	0.03435	0.01006	0.01111	0.01529	0.02834	0.02440	0.63860	0.00526	0.05953	0.00431	0.02624	0.00390
4	0.01363	0.31650	0.01495	0.00921	0.01179	0.54943	0.00752	0.01477	0.01035	0.00979	0.00605	0.00703	0.00522	0.00393	0.00329	0.00098	0.00626	0.00246	0.00196	0.00488
5	0.00758	0.00460	0.00630	0.00653	0.04622	0.00477	0.00422	0.04051	0.06710	0.00901	0.00877	0.01442	0.00856	0.13373	0.02791	0.59720	0.00378	0.00397	0.00215	0.00268
6	0.01057	0.53918	0.20351	0.00949	0.06655	0.08842	0.00920	0.01269	0.00867	0.01057	0.00620	0.00728	0.00527	0.00363	0.00307	0.00100	0.00501	0.00249	0.00178	0.00542
7	0.05994	0.00902	0.00965	0.04833	0.03020	0.15079	0.00667	0.02576	0.01072	0.44159	0.04840	0.03346	0.01063	0.00548	0.00454	0.00129	0.04879	0.04513	0.00386	0.00576
8	0.00667	0.00462	0.00566	0.00589	0.00696	0.00440	0.00446	0.00876	0.08248	0.07311	0.07945	0.32763	0.22257	0.01035	0.00495	0.00154	0.00264	0.13994	0.00393	0.00399
9	0.02423	0.06998	0.27492	0.08466	0.02338	0.00839	0.00919	0.08763	0.01962	0.17348	0.07690	0.03371	0.05944	0.00511	0.00397	0.00124	0.00436	0.00415	0.00304	0.03260
10	0.00914	0.07882	0.10053	0.12321	0.10545	0.00937	0.12079	0.02304	0.00854	0.05342	0.00903	0.07503	0.00804	0.00561	0.02086	0.00141	0.13752	0.02380	0.00229	0.08410
11	0.00972	0.01053	0.01292	0.01047	0.01256	0.22958	0.26104	0.02734	0.00936	0.01129	0.01196	0.10374	0.05833	0.10922	0.03234	0.00177	0.03390	0.00516	0.04436	0.00441
12	0.00677	0.00358	0.00516	0.00523	0.00536	0.00355	0.00353	0.00552	0.00579	0.00780	0.01011	0.07446	0.04882	0.01387	0.03310	0.72609	0.00348	0.00437	0.03132	0.00206
13	0.07594	0.03532	0.19038	0.21404	0.09157	0.12575	0.09993	0.03515	0.00942	0.07372	0.00781	0.00955	0.00580	0.00398	0.00388	0.00125	0.00554	0.00336	0.00222	0.00539
14	0.00664	0.00534	0.00820	0.00753	0.00821	0.00633	0.04969	0.00770	0.00648	0.00935	0.00953	0.01468	0.00906	0.06522	0.53474	0.09564	0.14576	0.00424	0.00207	0.00361
15	0.00646	0.00466	0.00550	0.00531	0.00658	0.00430	0.00408	0.05537	0.01049	0.04843	0.28245	0.11750	0.34616	0.00944	0.00483	0.00140	0.00239	0.07669	0.00405	0.00392
16	0.00577	0.00420	0.00566	0.00566	0.00627	0.00457	0.00413	0.00682	0.00669	0.00934	0.01450	0.02100	0.09471	0.24114	0.52073	0.00517	0.00793	0.00516	0.02725	0.00331
17	0.01060	0.15128	0.25135	0.05207	0.14431	0.03828	0.06360	0.06702	0.09787	0.07231	0.00888	0.00985	0.00669	0.00407	0.00380	0.00121	0.00503	0.00339	0.00245	0.00596

[dist]
# distance from previous block
# <min> <max>
7	11

[block]
# block no. 4 follows, 66 sequences, length 12
# corresponding to MSA columns:
# 153-164
name=unknown_E
#
# <colnr> <probs for GDERKNQSTAVLIFYWHMCP>
#	G	D	E	R	K	N	Q	S	T	A	V	L	I	F	Y	W	H	M	C	P
0	0.00877	0.19735	0.63068	0.01082	0.01621	0.01085	0.04681	0.01271	0.00854	0.01216	0.00697	0.00823	0.00520	0.00376	0.00363	0.00120	0.00568	0.00290	0.00173	0.00581
1	0.00618	0.00473	0.00618	0.00627	0.00685	0.00518	0.00459	0.02179	0.05817	0.01059	0.03939	0.28402	0.04728	0.14986	0.23960	0.00333	0.06445	0.03489	0.00303	0.00363
2	0.00934	0.00718	0.00851	0.00612	0.00968	0.00546	0.00492	0.01112	0.00871	0.09067	0.00804	0.00892	0.00639	0.00319	0.00311	0.00066	0.00305	0.00256	0.00265	0.79971
3	0.00509	0.00365	0.00484	0.00555	0.00592	0.00339	0.00378	0.00602	0.00846	0.01146	0.17297	0.70102	0.02897	0.01189	0.00511	0.00158	0.00227	0.01075	0.00390	0.00339
4	0.00715	0.00457	0.00570	0.00554	0.00670	0.00435	0.00429	0.00937	0.05309	0.07789	0.38495	0.09724	0.08439	0.00831	0.00457	0.00135	0.00238	0.11182	0.12222	0.00411
5	0.00725	0.00452	0.00543	0.00523	0.00663	0.00397	0.00401	0.00852	0.00978	0.14445	0.15881	0.15207	0.39810	0.00953	0.00479	0.00141	0.00242	0.06494	0.00408	0.00405
6	0.01021	0.00803	0.00876	0.00780	0.00997	0.00900	0.00607	0.05808	0.61254	0.07102	0.10125	0.05187	0.01528	0.00604	0.00423	0.00136	0.00312	0.00509	0.00420	0.00607
7	0.00694	0.01122	0.32922	0.00891	0.01201	0.00655	0.07390	0.00986	0.00933	0.01309	0.19025	0.11906	0.06789	0.00722	0.00458	0.00142	0.00421	0.11666	0.00298	0.00470
8	0.01065	0.01063	0.05409	0.00887	0.01224	0.15603	0.11752	0.01264	0.00935	0.08580	0.00791	0.00907	0.00618	0.00363	0.00383	0.00092	0.03123	0.00298	0.00248	0.45397
9	0.01172	0.03467	0.00930	0.00724	0.00972	0.03453	0.00584	0.17219	0.07352	0.20013	0.15928	0.04033	0.03667	0.00575	0.00437	0.00118	0.03282	0.01498	0.00386	0.14190
10	0.00852	0.11951	0.07520	0.00664	0.00823	0.02956	0.00561	0.05116	0.08264	0.02512	0.01171	0.01544	0.07731	0.03357	0.00965	0.38985	0.00385	0.04031	0.00244	0.00367
11	0.04800	0.01195	0.00905	0.00880	0.03713	0.38036	0.00633	0.05548	0.06685	0.01176	0.01280	0.21274	0.04631	0.04831	0.00514	0.00141	0.02489	0.00539	0.00283	0.00448

[dist]
# distance from previous block
# <min> <max>
0	6

[block]
# block no. 5 follows, 66 sequences, length 14
# corresponding to MSA columns:
# 171-184
name=unknown_F
#
# <colnr> <probs for GDERKNQSTAVLIFYWHMCP>
#	G	D	E	R	K	N	Q	S	T	A	V	L	I	F	Y	W	H	M	C	P
0	0.01262	0.19991	0.07351	0.00904	0.03690	0.11237	0.00771	0.20785	0.15557	0.08634	0.00977	0.00989	0.00737	0.00439	0.00363	0.00112	0.00452	0.00329	0.00308	0.05113
1	0.04048	0.03841	0.02562	0.04521	0.14719	0.08879	0.00778	0.12655	0.11223	0.12449	0.01192	0.03857	0.01004	0.01475	0.00425	0.00130	0.00429	0.09738	0.00324	0.05753
2	0.04722	0.00906	0.04003	0.05126	0.34825	0.02184	0.04789	0.07657	0.04924	0.16318	0.04684	0.04680	0.02404	0.00479	0.00410	0.00126	0.00432	0.00429	0.00303	0.00600
3	0.01032	0.01001	0.00919	0.06535	0.01101	0.25247	0.04616	0.06296	0.04618	0.07064	0.18543	0.01990	0.18092	0.00639	0.00428	0.00124	0.00434	0.00523	0.00332	0.00465
4	0.00749	0.00679	0.01086	0.29412	0.18148	0.00761	0.02711	0.00944	0.00843	0.01137	0.04965	0.17474	0.04940	0.00683	0.00528	0.00145	0.08006	0.06079	0.00256	0.00455
5	0.01015	0.01095	0.20158	0.02207	0.15882	0.04826	0.00920	0.06576	0.02249	0.13103	0.11141	0.07305	0.02587	0.00587	0.00467	0.00133	0.04292	0.04600	0.00307	0.00551
6	0.01038	0.01042	0.05944	0.17039	0.36148	0.06785	0.09244	0.03043	0.06697	0.06020	0.00860	0.01055	0.00667	0.00404	0.00427	0.00127	0.02272	0.00372	0.00233	0.00583
7	0.00726	0.00518	0.00660	0.00640	0.00745	0.00558	0.00482	0.04224	0.11984	0.05230	0.05118	0.14006	0.04643	0.12198	0.32884	0.00371	0.00611	0.03676	0.00314	0.00412
8	0.00915	0.00564	0.00688	0.00631	0.00763	0.00592	0.00490	0.07696	0.07509	0.12793	0.07685	0.08425	0.01493	0.10378	0.09381	0.00216	0.04421	0.07231	0.17677	0.00451
9	0.00925	0.15073	0.44374	0.01283	0.06620	0.01078	0.19777	0.03932	0.00913	0.01280	0.00734	0.00891	0.00552	0.00371	0.00389	0.00123	0.00581	0.00334	0.00189	0.00581
10	0.00608	0.00477	0.00627	0.00631	0.00720	0.00478	0.02905	0.00765	0.04432	0.02907	0.06612	0.36533	0.23122	0.01050	0.00565	0.00156	0.06750	0.09922	0.00364	0.00377
11	0.01374	0.00582	0.00783	0.00650	0.00876	0.00512	0.00516	0.01525	0.01089	0.54395	0.15150	0.14322	0.01726	0.00671	0.00431	0.00131	0.00297	0.00573	0.03824	0.00573
12	0.00562	0.00386	0.00455	0.00477	0.00491	0.00380	0.00288	0.00588	0.00651	0.00864	0.01625	0.22017	0.05484	0.59283	0.04455	0.00337	0.00372	0.00728	0.00281	0.00274
13	0.17074	0.12301	0.42947	0.00893	0.01308	0.05038	0.01019	0.01209	0.00830	0.01323	0.02071	0.03151	0.00658	0.00524	0.03776	0.00142	0.00516	0.00312	0.04386	0.00523

[dist]
# distance from previous block
# <min> <max>
0	1

[block]
# block no. 6 follows, 66 sequences, length 24
# corresponding to MSA columns:
# 186-209
name=unknown_G
#
# <colnr> <probs for GDERKNQSTAVLIFYWHMCP>
#	G	D	E	R	K	N	Q	S	T	A	V	L	I	F	Y	W	H	M	C	P
0	0.00538	0.00376	0.00479	0.00529	0.00548	0.00371	0.00342	0.00591	0.00695	0.00934	0.01764	0.46255	0.02066	0.32698	0.09649	0.00299	0.00381	0.00871	0.00312	0.00302
1	0.16792	0.01414	0.27243	0.10528	0.14053	0.12840	0.09054	0.01284	0.00884	0.01320	0.00698	0.00874	0.00534	0.00383	0.00372	0.00125	0.00551	0.00314	0.00200	0.00537
2	0.00631	0.00452	0.00554	0.00514	0.00624	0.00422	0.00383	0.04493	0.01107	0.03218	0.59274	0.03007	0.15550	0.07279	0.00594	0.00149	0.00224	0.00718	0.00420	0.00387
3	0.00841	0.00721	0.00841	0.00601	0.00961	0.00541	0.00481	0.01022	0.00841	0.01322	0.00721	0.00841	0.00601	0.00300	0.00300	0.00060	0.00300	0.00240	0.00240	0.88222
4	0.00704	0.00470	0.00579	0.00557	0.00685	0.00437	0.00430	0.03679	0.02285	0.09057	0.29496	0.12980	0.24939	0.00975	0.02563	0.00153	0.00267	0.08925	0.00409	0.00407
5	0.00566	0.00389	0.00458	0.00471	0.00493	0.00378	0.00288	0.00605	0.00703	0.00943	0.10946	0.17841	0.05730	0.56717	0.01528	0.00309	0.00333	0.00721	0.00299	0.00281
6	0.01251	0.01061	0.01634	0.04157	0.01614	0.01104	0.31955	0.40088	0.04487	0.04566	0.00955	0.01075	0.00696	0.00504	0.02806	0.00144	0.00551	0.00416	0.00319	0.00615
7	0.00534	0.00407	0.00489	0.00535	0.00611	0.00379	0.00386	0.00667	0.03818	0.01110	0.06564	0.39926	0.27749	0.06063	0.00595	0.00169	0.00250	0.09029	0.00373	0.00347
8	0.00554	0.00411	0.00530	0.00534	0.00609	0.00390	0.00390	0.00697	0.00996	0.01372	0.48026	0.25332	0.11151	0.02723	0.00547	0.00146	0.02588	0.02232	0.00408	0.00363
9	0.01008	0.01077	0.05367	0.01571	0.38931	0.15830	0.00927	0.06008	0.01037	0.01336	0.08945	0.02803	0.09926	0.00510	0.00409	0.00120	0.00464	0.00439	0.00260	0.03031
10	0.01063	0.01552	0.35837	0.11002	0.05941	0.12117	0.01129	0.13476	0.09504	0.03245	0.00867	0.00971	0.00637	0.00426	0.00392	0.00126	0.00547	0.00334	0.00246	0.00587
11	0.00933	0.00804	0.01112	0.00800	0.01165	0.00662	0.13327	0.05945	0.00934	0.04012	0.00780	0.00906	0.00621	0.00325	0.00338	0.00078	0.00371	0.00291	0.00253	0.66343
12	0.00544	0.00395	0.00505	0.00562	0.00614	0.00374	0.00388	0.03826	0.00875	0.01169	0.11659	0.66827	0.08400	0.01172	0.00506	0.00157	0.00237	0.01053	0.00386	0.00351
13	0.03442	0.00585	0.00706	0.00582	0.00798	0.00552	0.00468	0.06914	0.01071	0.39495	0.03739	0.01438	0.01065	0.00495	0.00354	0.00112	0.00282	0.00397	0.36961	0.00545
14	0.00884	0.00857	0.01077	0.00884	0.01111	0.10953	0.18238	0.01275	0.18544	0.04310	0.10552	0.02203	0.26060	0.00660	0.00448	0.00132	0.00403	0.00586	0.00338	0.00484
15	0.01245	0.00697	0.00847	0.00730	0.00949	0.00700	0.00574	0.13489	0.16563	0.31973	0.03958	0.21569	0.01515	0.00717	0.00441	0.00138	0.00326	0.02554	0.00436	0.00579
16	0.00545	0.00396	0.00554	0.00594	0.00638	0.00421	0.00425	0.00643	0.00698	0.00965	0.01590	0.36961	0.01763	0.10855	0.40496	0.00420	0.00657	0.00753	0.00287	0.00336
17	0.17333	0.00979	0.01097	0.09192	0.01305	0.03717	0.02894	0.38492	0.01346	0.13260	0.00919	0.00974	0.00656	0.00468	0.00434	0.00128	0.05526	0.00343	0.00343	0.00595
18	0.00781	0.00564	0.00803	0.00754	0.00881	0.00575	0.07069	0.03919	0.06181	0.06822	0.09874	0.24869	0.02032	0.00901	0.00531	0.00154	0.04887	0.21473	0.06500	0.00431
19	0.68059	0.00834	0.00700	0.00603	0.00858	0.02559	0.00494	0.11969	0.00900	0.04864	0.04464	0.00838	0.00651	0.00418	0.00290	0.00125	0.00335	0.00271	0.00289	0.00480
20	0.00905	0.00860	0.01444	0.36735	0.47054	0.00939	0.01176	0.01187	0.03491	0.01217	0.00774	0.01053	0.00619	0.00386	0.00404	0.00127	0.00501	0.00364	0.00199	0.00563
21	0.01337	0.01017	0.01136	0.00976	0.08404	0.04645	0.00727	0.44714	0.01461	0.08164	0.00923	0.00963	0.00680	0.00427	0.00377	0.00106	0.00418	0.00332	0.00344	0.22850
22	0.01299	0.01116	0.01068	0.00893	0.01155	0.12030	0.00708	0.36956	0.34524	0.01959	0.01211	0.01202	0.00910	0.02557	0.00443	0.00132	0.00432	0.00395	0.00379	0.00631
23	0.33620	0.00930	0.00913	0.00736	0.01025	0.05116	0.00604	0.27118	0.01225	0.23543	0.00971	0.00953	0.00672	0.00447	0.00348	0.00123	0.00385	0.00318	0.00364	0.00587

[dist]
# distance from previous block
# <min> <max>
0	1

[block]
# block no. 7 follows, 66 sequences, length 45
# corresponding to MSA columns:
# 211-255
name=unknown_H
#
# <colnr> <probs for GDERKNQSTAVLIFYWHMCP>
#	G	D	E	R	K	N	Q	S	T	A	V	L	I	F	Y	W	H	M	C	P
0	0.00501	0.00374	0.00455	0.00512	0.00566	0.00340	0.00348	0.00578	0.00812	0.01049	0.05163	0.54222	0.23935	0.08385	0.00638	0.00176	0.00240	0.01014	0.00368	0.00328
1	0.00553	0.00414	0.00513	0.00489	0.00593	0.00374	0.00366	0.00725	0.01099	0.01510	0.65658	0.03223	0.21240	0.00873	0.00479	0.00130	0.00195	0.00761	0.00431	0.00374
2	0.00531	0.00413	0.00483	0.00465	0.00580	0.00365	0.00349	0.00683	0.01047	0.01386	0.47259	0.03427	0.39716	0.00919	0.00479	0.00132	0.00198	0.00789	0.00415	0.00365
3	0.01099	0.79037	0.04538	0.00727	0.01074	0.05918	0.00723	0.01238	0.00842	0.00967	0.00572	0.00661	0.00521	0.00352	0.00270	0.00089	0.00455	0.00222	0.00175	0.00520
4	0.00518	0.00407	0.00463	0.00476	0.00579	0.00360	0.00353	0.00634	0.00931	0.01183	0.18897	0.14672	0.46839	0.05600	0.00576	0.00156	0.00229	0.06399	0.00383	0.00346
5	0.69206	0.09546	0.05272	0.00614	0.00894	0.03792	0.00545	0.03863	0.00768	0.01700	0.00589	0.00682	0.00463	0.00379	0.00268	0.00121	0.00360	0.00230	0.00243	0.00466
6	0.05322	0.12440	0.01212	0.00831	0.01107	0.05533	0.00698	0.25499	0.03502	0.28795	0.01059	0.01043	0.00749	0.00491	0.00481	0.00124	0.09784	0.00349	0.00364	0.00616
7	0.03852	0.14201	0.01289	0.03267	0.02744	0.03412	0.02629	0.38990	0.04592	0.16974	0.01026	0.01026	0.00735	0.00457	0.00377	0.00117	0.00427	0.00350	0.02907	0.00629
8	0.27970	0.00698	0.02125	0.01827	0.08879	0.01735	0.00542	0.04942	0.06780	0.01534	0.18165	0.04412	0.07379	0.08062	0.03191	0.00168	0.00346	0.00483	0.00315	0.00448
9	0.00953	0.00574	0.00666	0.00596	0.00766	0.00577	0.00461	0.03643	0.18934	0.16520	0.18632	0.06526	0.08843	0.00661	0.00408	0.00125	0.00258	0.00558	0.19803	0.00497
10	0.01347	0.01162	0.01220	0.04715	0.09404	0.12445	0.02334	0.43882	0.15880	0.01981	0.01012	0.01046	0.00752	0.00470	0.00403	0.00123	0.00475	0.00369	0.00347	0.00634
11	0.00564	0.00414	0.00529	0.00500	0.00600	0.00379	0.00375	0.00746	0.01125	0.01571	0.74716	0.03122	0.12144	0.00850	0.00479	0.00129	0.00193	0.00747	0.00439	0.00379
12	0.01056	0.10357	0.01071	0.00824	0.01069	0.04813	0.00658	0.04436	0.67347	0.01609	0.01464	0.01367	0.01110	0.00520	0.00394	0.00130	0.00356	0.00420	0.00377	0.00622
13	0.00882	0.00704	0.00827	0.00615	0.00942	0.00562	0.00489	0.01125	0.06249	0.05676	0.07576	0.01093	0.00929	0.00371	0.00328	0.00074	0.00295	0.00304	0.00282	0.70677
14	0.00509	0.00412	0.00452	0.00442	0.00566	0.00355	0.00331	0.00639	0.00994	0.01261	0.28627	0.03633	0.58426	0.00966	0.00479	0.00134	0.00201	0.00818	0.00398	0.00355
15	0.00668	0.00532	0.00582	0.00567	0.00684	0.03134	0.00419	0.10681	0.01032	0.01333	0.15874	0.28740	0.28723	0.02171	0.02810	0.00159	0.00286	0.00834	0.00380	0.00391
16	0.01164	0.66490	0.04346	0.00779	0.01106	0.18281	0.00736	0.01299	0.00891	0.00972	0.00582	0.00673	0.00521	0.00363	0.00285	0.00092	0.00499	0.00228	0.00181	0.00513
17	0.88607	0.00785	0.00596	0.00534	0.00785	0.00910	0.00439	0.01193	0.00690	0.01820	0.00565	0.00659	0.00439	0.00377	0.00251	0.00126	0.00314	0.00220	0.00251	0.00439
18	0.00890	0.00743	0.00842	0.03435	0.07978	0.04352	0.00597	0.12773	0.18715	0.02775	0.23542	0.02225	0.18096	0.00684	0.00439	0.00129	0.00320	0.00577	0.00381	0.00507
19	0.00531	0.00404	0.00475	0.00473	0.00576	0.00360	0.00349	0.00671	0.01001	0.01333	0.38142	0.13989	0.35540	0.00955	0.00478	0.00135	0.00203	0.00826	0.03200	0.00360
20	0.00675	0.00553	0.00907	0.00773	0.00927	0.00510	0.17435	0.00842	0.00943	0.04684	0.22415	0.23302	0.15293	0.05455	0.00574	0.00157	0.00331	0.03466	0.00356	0.00403
21	0.01034	0.01789	0.01319	0.10610	0.30112	0.05194	0.05049	0.11124	0.11702	0.02609	0.00930	0.01128	0.00747	0.02396	0.05576	0.00161	0.02442	0.00377	0.00260	0.05442
22	0.01104	0.02715	0.01563	0.01892	0.47430	0.13901	0.09992	0.03673	0.06590	0.02719	0.00821	0.01000	0.00664	0.00391	0.00417	0.00120	0.01960	0.00361	0.00228	0.02457
23	0.37534	0.00732	0.00743	0.00626	0.00864	0.00786	0.00507	0.12800	0.00981	0.20625	0.01002	0.01099	0.00746	0.03680	0.07234	0.00175	0.00394	0.00330	0.08629	0.00514
24	0.00956	0.00698	0.00789	0.05204	0.00939	0.03646	0.00550	0.17628	0.03917	0.09336	0.19111	0.03372	0.18775	0.03411	0.00537	0.00138	0.05122	0.00569	0.04824	0.00480
25	0.02169	0.00508	0.00723	0.03212	0.08667	0.00498	0.03616	0.00817	0.00875	0.03429	0.19729	0.14111	0.07208	0.17930	0.04090	0.00212	0.00355	0.08344	0.03121	0.00386
26	0.00883	0.00988	0.10418	0.20026	0.18728	0.01043	0.01056	0.03221	0.00786	0.01132	0.00685	0.01022	0.00596	0.03796	0.00829	0.00158	0.33577	0.00361	0.00191	0.00503
27	0.01456	0.01221	0.01161	0.00934	0.01226	0.14219	0.00753	0.56943	0.14250	0.02179	0.01024	0.01019	0.00749	0.00486	0.00401	0.00122	0.00472	0.00363	0.00376	0.00648
28	0.00998	0.00954	0.01531	0.14101	0.63911	0.03255	0.01174	0.04082	0.00946	0.01319	0.00760	0.01001	0.00625	0.00372	0.00398	0.00120	0.00490	0.00355	0.00207	0.03401
29	0.00575	0.00409	0.00508	0.00508	0.00546	0.00425	0.00338	0.00633	0.00645	0.00870	0.01511	0.02437	0.09837	0.49711	0.28881	0.00452	0.00602	0.00567	0.00250	0.00294
30	0.45149	0.00737	0.00769	0.00628	0.00910	0.00753	0.00518	0.01586	0.00926	0.42717	0.01084	0.01021	0.00722	0.00439	0.00330	0.00126	0.00330	0.00314	0.00377	0.00565
31	0.88607	0.00785	0.00596	0.00534	0.00785	0.00910	0.00439	0.01193	0.00690	0.01820	0.00565	0.00659	0.00439	0.00377	0.00251	0.00126	0.00314	0.00220	0.00251	0.00439
32	0.01230	0.62494	0.04270	0.00745	0.01082	0.09259	0.00712	0.01372	0.00908	0.13577	0.00733	0.00776	0.00595	0.00379	0.00297	0.00096	0.00453	0.00253	0.00227	0.00544
33	0.00594	0.00395	0.00464	0.00464	0.00470	0.00401	0.00273	0.00599	0.00592	0.00796	0.01236	0.02501	0.01401	0.74964	0.08955	0.04386	0.00450	0.00566	0.00240	0.00252
34	0.00557	0.00377	0.00492	0.00556	0.00606	0.00346	0.00381	0.00643	0.00832	0.04719	0.08076	0.69491	0.09033	0.01187	0.00507	0.00158	0.00235	0.01067	0.00387	0.00350
35	0.01310	0.37731	0.01572	0.03493	0.01211	0.42110	0.00756	0.05496	0.01039	0.01057	0.00621	0.00720	0.00531	0.00391	0.00324	0.00099	0.00584	0.00251	0.00203	0.00502
36	0.00645	0.00411	0.00551	0.00567	0.00627	0.00400	0.00396	0.00705	0.00743	0.05859	0.05217	0.35963	0.01861	0.14878	0.14804	0.10027	0.00424	0.01902	0.00312	0.03708
37	0.00870	0.00913	0.02997	0.01238	0.06061	0.03907	0.27751	0.01044	0.00778	0.01085	0.00863	0.06124	0.00837	0.13795	0.01009	0.00190	0.29397	0.00475	0.00211	0.00456
38	0.00763	0.00504	0.00586	0.00535	0.00691	0.00469	0.00411	0.02829	0.08252	0.12141	0.28490	0.05137	0.33909	0.00835	0.00459	0.00132	0.00235	0.00709	0.02477	0.00436
39	0.02277	0.00605	0.00722	0.03247	0.04910	0.05950	0.00559	0.00930	0.02228	0.06489	0.03072	0.33339	0.04089	0.00916	0.01603	0.00155	0.08408	0.10044	0.10044	0.00411
40	0.01067	0.12120	0.29789	0.07819	0.12716	0.20422	0.03681	0.01370	0.03191	0.03114	0.00737	0.00878	0.00571	0.00393	0.00373	0.00118	0.00578	0.00306	0.00201	0.00555
41	0.00780	0.00702	0.03489	0.04843	0.11155	0.02459	0.07323	0.03827	0.01980	0.03306	0.01167	0.06542	0.03895	0.07823	0.34042	0.00361	0.05140	0.00481	0.00243	0.00443
42	0.00513	0.00374	0.00482	0.00547	0.00589	0.00356	0.00375	0.00592	0.00776	0.01024	0.03128	0.58355	0.12073	0.08890	0.07509	0.00222	0.00319	0.03195	0.00353	0.00328
43	0.04153	0.02320	0.12953	0.02670	0.17545	0.05042	0.18609	0.07974	0.05819	0.07728	0.01051	0.10389	0.00895	0.00498	0.00422	0.00131	0.00499	0.00464	0.00271	0.00568
44	0.04034	0.03719	0.09645	0.07269	0.18421	0.03817	0.00915	0.20543	0.08822	0.03609	0.00905	0.02580	0.00712	0.00452	0.00439	0.00122	0.05299	0.00358	0.00279	0.08060

[dist]
# distance from previous block
# <min> <max>
9	42

[block]
# block no. 8 follows, 66 sequences, length 6
# corresponding to MSA columns:
# 323-328
name=unknown_I
#
# <colnr> <probs for GDERKNQSTAVLIFYWHMCP>
#	G	D	E	R	K	N	Q	S	T	A	V	L	I	F	Y	W	H	M	C	P
0	0.00665	0.00441	0.00613	0.00610	0.00653	0.00485	0.00448	0.00726	0.04653	0.00898	0.01080	0.01851	0.01080	0.14092	0.28474	0.31496	0.03764	0.07444	0.00229	0.00297
1	0.00786	0.00789	0.06851	0.08210	0.05540	0.00751	0.19666	0.01002	0.00807	0.04388	0.03297	0.09333	0.01038	0.03212	0.25837	0.00302	0.06999	0.00499	0.00238	0.00458
2	0.00850	0.10283	0.10560	0.00814	0.04759	0.05566	0.03609	0.05598	0.10137	0.03090	0.09982	0.02232	0.26244	0.00677	0.00424	0.00128	0.00372	0.03866	0.00322	0.00486
3	0.05419	0.01075	0.04340	0.00841	0.01131	0.10256	0.00700	0.35507	0.10742	0.16429	0.01370	0.01319	0.07992	0.00527	0.00401	0.00124	0.00425	0.00406	0.00383	0.00614
4	0.01103	0.01105	0.01343	0.14256	0.08634	0.18096	0.12760	0.10564	0.07743	0.03179	0.03426	0.01093	0.00762	0.00567	0.03680	0.00150	0.10377	0.00381	0.00253	0.00528
5	0.00964	0.05232	0.10165	0.02942	0.02800	0.08639	0.04140	0.07103	0.24920	0.01408	0.07830	0.03926	0.04058	0.03572	0.02084	0.00152	0.08779	0.00452	0.00304	0.00531

[dist]
# distance from previous block
# <min> <max>
0	1

[block]
# block no. 9 follows, 66 sequences, length 6
# corresponding to MSA columns:
# 330-335
name=unknown_J
#
# <colnr> <probs for GDERKNQSTAVLIFYWHMCP>
#	G	D	E	R	K	N	Q	S	T	A	V	L	I	F	Y	W	H	M	C	P
0	0.00502	0.00378	0.00467	0.00535	0.00595	0.00343	0.00378	0.00590	0.00829	0.01065	0.02753	0.56826	0.25096	0.01192	0.00510	0.00159	0.00237	0.06831	0.00376	0.00336
1	0.04620	0.05088	0.05077	0.05655	0.16089	0.04478	0.22374	0.01254	0.03098	0.06435	0.00843	0.02907	0.00695	0.02617	0.00558	0.00135	0.10737	0.00393	0.00231	0.06718
2	0.03789	0.29397	0.19535	0.01023	0.01398	0.06806	0.16093	0.04346	0.02952	0.01234	0.03431	0.00912	0.00671	0.00400	0.00397	0.00115	0.04012	0.00322	0.00210	0.02956
3	0.00589	0.00398	0.00468	0.00468	0.00477	0.00407	0.00278	0.00607	0.00598	0.00806	0.01255	0.02524	0.01418	0.75569	0.12160	0.00425	0.00479	0.00571	0.00242	0.00260
4	0.00980	0.00939	0.01603	0.10913	0.74978	0.00958	0.01233	0.01224	0.00912	0.01296	0.00759	0.01012	0.00632	0.00366	0.00402	0.00122	0.00488	0.00361	0.00199	0.00623
5	0.01194	0.01248	0.05485	0.12435	0.06938	0.25656	0.03954	0.16473	0.03511	0.04371	0.00890	0.05792	0.00744	0.00568	0.02691	0.00141	0.06732	0.00385	0.00264	0.00530

[dist]
# distance from previous block
# <min> <max>
83	198

[block]
# block no. 10 follows, 66 sequences, length 32
# corresponding to MSA columns:
# 644-675
name=unknown_K
#
# <colnr> <probs for GDERKNQSTAVLIFYWHMCP>
#	G	D	E	R	K	N	Q	S	T	A	V	L	I	F	Y	W	H	M	C	P
0	0.02847	0.08438	0.15027	0.01031	0.02937	0.06374	0.16604	0.07404	0.05170	0.14076	0.01215	0.12113	0.02854	0.00548	0.00417	0.00130	0.00478	0.01488	0.00298	0.00551
1	0.00494	0.00355	0.00469	0.00560	0.00587	0.00330	0.00375	0.00565	0.00781	0.01037	0.02293	0.83021	0.05103	0.01264	0.00517	0.00164	0.00234	0.01144	0.00377	0.00330
2	0.00519	0.00407	0.02809	0.00567	0.00608	0.00354	0.00396	0.00601	0.00775	0.01049	0.03972	0.72895	0.02518	0.07594	0.00624	0.00178	0.00255	0.01058	0.02486	0.00333
3	0.05442	0.02771	0.01177	0.01071	0.08924	0.19670	0.02699	0.27457	0.23414	0.01763	0.01030	0.01051	0.00780	0.00466	0.00390	0.00122	0.00479	0.00360	0.00328	0.00605
4	0.04914	0.01862	0.01130	0.01022	0.01236	0.78117	0.00770	0.04266	0.01157	0.01077	0.00636	0.00737	0.00525	0.00419	0.00363	0.00106	0.00706	0.00263	0.00217	0.00476
5	0.00549	0.00445	0.00492	0.00479	0.00606	0.00405	0.00359	0.00757	0.07145	0.01304	0.28290	0.06561	0.49269	0.00939	0.00476	0.00135	0.00211	0.00800	0.00401	0.00377
6	0.00523	0.00392	0.00482	0.00502	0.00581	0.00354	0.00358	0.00645	0.00949	0.01267	0.32943	0.31818	0.23632	0.03002	0.00529	0.00149	0.00215	0.00907	0.00400	0.00351
7	0.00502	0.00408	0.00437	0.00435	0.00553	0.00352	0.00319	0.00612	0.00936	0.01163	0.16855	0.06765	0.62155	0.06011	0.00574	0.00152	0.00215	0.00832	0.00381	0.00343
8	0.00988	0.00864	0.01017	0.00922	0.04153	0.00970	0.05774	0.04252	0.66159	0.01665	0.05490	0.01582	0.03224	0.00553	0.00421	0.00136	0.00345	0.00476	0.00392	0.00618
9	0.88607	0.00785	0.00596	0.00534	0.00785	0.00910	0.00439	0.01193	0.00690	0.01820	0.00565	0.00659	0.00439	0.00377	0.00251	0.00126	0.00314	0.00220	0.00251	0.00439
10	0.44537	0.04286	0.08173	0.02106	0.01066	0.04637	0.00662	0.24143	0.01089	0.03252	0.00732	0.00803	0.00546	0.00414	0.00318	0.00122	0.00401	0.00278	0.01902	0.00532
11	0.07934	0.00908	0.00902	0.00803	0.01029	0.06279	0.00630	0.11774	0.49292	0.04405	0.01465	0.06404	0.01179	0.00582	0.00406	0.00135	0.00359	0.03503	0.01419	0.00591
12	0.01517	0.01091	0.01179	0.00913	0.01230	0.01202	0.00751	0.71192	0.08095	0.07054	0.01062	0.01039	0.00750	0.00493	0.00407	0.00123	0.00431	0.00375	0.00412	0.00686
13	0.06054	0.00540	0.00588	0.00615	0.00685	0.05649	0.00432	0.03869	0.00827	0.04339	0.01790	0.55609	0.02048	0.09823	0.03062	0.00193	0.02284	0.00884	0.00342	0.00368
14	0.02615	0.00474	0.00555	0.00530	0.00675	0.00427	0.00398	0.00920	0.04102	0.16086	0.09517	0.22337	0.37942	0.00941	0.00468	0.00140	0.00243	0.00806	0.00404	0.00419
15	0.01067	0.05090	0.10057	0.00954	0.01300	0.12030	0.12637	0.11427	0.06093	0.02706	0.02351	0.00965	0.00695	0.00395	0.00392	0.00103	0.02493	0.00327	0.00258	0.28658
16	0.72937	0.03133	0.04588	0.00640	0.00911	0.07457	0.02856	0.01234	0.00745	0.01693	0.00585	0.00686	0.00457	0.00379	0.00273	0.00123	0.00374	0.00234	0.00241	0.00454
17	0.00535	0.00382	0.00495	0.00566	0.00605	0.00362	0.00398	0.00620	0.00797	0.01054	0.05231	0.53825	0.06830	0.13076	0.00738	0.00197	0.00276	0.13326	0.00360	0.00327
18	0.00966	0.01606	0.50696	0.01015	0.01497	0.00910	0.02659	0.09685	0.08990	0.06301	0.00964	0.01028	0.02300	0.00423	0.00387	0.00122	0.00505	0.00337	0.00250	0.09359
19	0.01047	0.21564	0.10191	0.01176	0.01521	0.05413	0.29653	0.04937	0.06027	0.03588	0.00790	0.00950	0.00622	0.00412	0.00484	0.00124	0.09006	0.00362	0.00223	0.01910
20	0.00836	0.00748	0.01216	0.66024	0.02420	0.00928	0.02670	0.02770	0.00836	0.04223	0.02805	0.01117	0.00645	0.00457	0.00519	0.00139	0.10603	0.00374	0.00204	0.00464
21	0.00510	0.00400	0.00461	0.00471	0.00573	0.00351	0.00343	0.00631	0.00959	0.01236	0.26352	0.20151	0.44077	0.01020	0.00487	0.00140	0.00208	0.00881	0.00397	0.00351
22	0.00583	0.00433	0.00500	0.00517	0.02184	0.00394	0.00371	0.00700	0.00916	0.04138	0.11666	0.17986	0.47200	0.00967	0.00492	0.00138	0.02631	0.00820	0.06994	0.00368
23	0.11243	0.01454	0.03132	0.05543	0.08883	0.43278	0.07917	0.07189	0.01077	0.03335	0.00718	0.00857	0.00570	0.00475	0.02529	0.00129	0.00623	0.00307	0.00232	0.00510
24	0.01011	0.63108	0.24357	0.00820	0.01236	0.01424	0.00914	0.01234	0.00833	0.01045	0.00609	0.00707	0.00519	0.00358	0.00294	0.00098	0.00479	0.00240	0.00173	0.00542
25	0.00506	0.00372	0.00472	0.00545	0.00593	0.00343	0.00378	0.00590	0.00816	0.01066	0.04818	0.62648	0.16241	0.03378	0.00552	0.00166	0.00241	0.05567	0.00375	0.00334
26	0.01201	0.00886	0.01155	0.19015	0.08044	0.02019	0.02896	0.33913	0.01314	0.10832	0.04254	0.01253	0.02955	0.00702	0.07572	0.00171	0.00507	0.00403	0.00329	0.00579
27	0.00860	0.00651	0.00957	0.23166	0.07315	0.02982	0.05103	0.01048	0.00928	0.12711	0.07576	0.10918	0.14575	0.00771	0.03244	0.00156	0.00418	0.05847	0.00315	0.00461
28	0.00830	0.00658	0.00930	0.13658	0.03112	0.00704	0.06769	0.10800	0.09272	0.04073	0.01509	0.20707	0.04566	0.08320	0.08287	0.00212	0.00457	0.04362	0.00315	0.00458
29	0.00784	0.00498	0.00592	0.00573	0.00679	0.00486	0.00411	0.02821	0.09304	0.12061	0.04389	0.21209	0.14030	0.24686	0.00919	0.00216	0.00310	0.05268	0.00363	0.00401
30	0.03122	0.00944	0.01212	0.00969	0.04344	0.07588	0.14339	0.08816	0.06372	0.01415	0.00813	0.00958	0.00653	0.00456	0.02774	0.00115	0.05201	0.00325	0.00253	0.39332
31	0.01076	0.18722	0.01880	0.01423	0.14383	0.08977	0.31443	0.06401	0.06172	0.01301	0.00829	0.01050	0.00674	0.00399	0.00416	0.00122	0.01728	0.02218	0.00228	0.00559

[dist]
# distance from previous block
# <min> <max>
5	23

[block]
# block no. 11 follows, 66 sequences, length 10
# corresponding to MSA columns:
# 705-714
name=unknown_L
#
# <colnr> <probs for GDERKNQSTAVLIFYWHMCP>
#	G	D	E	R	K	N	Q	S	T	A	V	L	I	F	Y	W	H	M	C	P
0	0.13133	0.00696	0.00711	0.00663	0.00779	0.07280	0.00494	0.08245	0.05854	0.01234	0.01125	0.09000	0.01117	0.21701	0.22180	0.00329	0.04305	0.00484	0.00270	0.00401
1	0.01221	0.15124	0.06195	0.00748	0.01018	0.00917	0.00648	0.21663	0.05019	0.20799	0.01365	0.10020	0.04660	0.08133	0.00543	0.00147	0.00387	0.00474	0.00357	0.00562
2	0.04410	0.01304	0.01028	0.00999	0.08363	0.39478	0.00705	0.09928	0.03993	0.03266	0.01167	0.06726	0.08291	0.00528	0.00387	0.00113	0.00522	0.00402	0.00274	0.08115
3	0.01003	0.00954	0.01351	0.01030	0.01325	0.11283	0.26407	0.03760	0.00984	0.06990	0.07640	0.01289	0.03914	0.00606	0.05882	0.00146	0.02585	0.00412	0.00267	0.22171
4	0.01073	0.26241	0.09706	0.00807	0.01094	0.12384	0.02647	0.03451	0.11811	0.08253	0.08816	0.03061	0.05313	0.00528	0.00376	0.00117	0.00435	0.03069	0.00291	0.00527
5	0.00768	0.00664	0.00863	0.03178	0.05932	0.02985	0.05643	0.05988	0.10167	0.01365	0.14582	0.12851	0.15863	0.00830	0.02220	0.00149	0.03270	0.08010	0.00345	0.04325
6	0.00677	0.03164	0.06016	0.00617	0.00730	0.03480	0.00498	0.02277	0.02892	0.01084	0.08490	0.18495	0.13723	0.06786	0.00821	0.18987	0.00333	0.10280	0.00306	0.00346
7	0.00986	0.54133	0.23735	0.06340	0.01396	0.01356	0.04768	0.01226	0.00838	0.01064	0.00630	0.00755	0.00525	0.00361	0.00313	0.00103	0.00497	0.00261	0.00175	0.00538
8	0.00836	0.00793	0.01343	0.60546	0.26468	0.00920	0.01162	0.01098	0.00844	0.01122	0.00733	0.01059	0.00571	0.00393	0.00404	0.00131	0.00524	0.00361	0.00186	0.00507
9	0.03569	0.01063	0.03317	0.03842	0.25020	0.07293	0.18959	0.12797	0.04999	0.04623	0.00940	0.01149	0.02262	0.00448	0.00481	0.00130	0.06221	0.02047	0.00259	0.00580

[dist]
# distance from previous block
# <min> <max>
0	1

[block]
# block no. 12 follows, 66 sequences, length 13
# corresponding to MSA columns:
# 716-728
name=unknown_M
#
# <colnr> <probs for GDERKNQSTAVLIFYWHMCP>
#	G	D	E	R	K	N	Q	S	T	A	V	L	I	F	Y	W	H	M	C	P
0	0.16053	0.09351	0.07856	0.01170	0.01530	0.01002	0.36967	0.06857	0.00969	0.09541	0.00891	0.04439	0.00697	0.00416	0.00401	0.00128	0.00522	0.00408	0.00258	0.00545
1	0.15828	0.00930	0.00997	0.00794	0.01082	0.01005	0.00650	0.41531	0.09390	0.17125	0.05768	0.01167	0.00939	0.00497	0.00386	0.00125	0.00379	0.00379	0.00401	0.00627
2	0.00705	0.00352	0.00529	0.00529	0.00529	0.00352	0.00352	0.00529	0.00529	0.00705	0.00705	0.01233	0.00705	0.01409	0.01586	0.88196	0.00352	0.00352	0.00176	0.00176
3	0.00683	0.00627	0.00850	0.00775	0.02352	0.04866	0.12608	0.00913	0.08109	0.01202	0.10008	0.26496	0.21854	0.04225	0.00541	0.00153	0.00338	0.02648	0.00344	0.00409
4	0.66492	0.00829	0.00727	0.00614	0.00883	0.00932	0.00506	0.13663	0.00925	0.10159	0.00732	0.00780	0.00535	0.00406	0.00291	0.00125	0.00337	0.00261	0.00300	0.00503
5	0.14043	0.00677	0.00844	0.00681	0.00958	0.00630	0.00562	0.01742	0.02855	0.60479	0.01475	0.01493	0.01016	0.00523	0.00389	0.00128	0.00334	0.05512	0.05040	0.00617
6	0.07362	0.00904	0.00866	0.00745	0.00956	0.10779	0.00587	0.25601	0.11908	0.04910	0.13813	0.06537	0.01404	0.00588	0.00398	0.00124	0.00370	0.01700	0.09918	0.00532
7	0.00988	0.00910	0.00798	0.00723	0.00904	0.18552	0.00553	0.06502	0.21877	0.04835	0.17480	0.05097	0.14965	0.00672	0.00425	0.00127	0.00367	0.00549	0.03184	0.00491
8	0.00547	0.00396	0.00522	0.00604	0.00659	0.00377	0.00453	0.00655	0.00832	0.01087	0.02337	0.49214	0.09709	0.04665	0.00591	0.00179	0.00283	0.26179	0.00370	0.00341
9	0.04222	0.00760	0.00898	0.00724	0.00988	0.00762	0.00586	0.20714	0.09216	0.39006	0.01422	0.05697	0.01027	0.00536	0.00393	0.00124	0.00340	0.00432	0.11532	0.00619
10	0.01367	0.01252	0.01293	0.05400	0.12828	0.22154	0.04765	0.35196	0.01389	0.05119	0.00873	0.02483	0.00675	0.00462	0.00427	0.00121	0.02939	0.00359	0.00303	0.00595
11	0.00624	0.00443	0.00568	0.00626	0.00695	0.00436	0.00474	0.05830	0.00894	0.01191	0.02104	0.45186	0.04907	0.05868	0.00601	0.00178	0.00297	0.25345	0.03371	0.00363
12	0.12592	0.00895	0.03487	0.00695	0.00965	0.10420	0.00560	0.10443	0.00983	0.04253	0.01066	0.14994	0.02517	0.00531	0.00360	0.00104	0.00368	0.00426	0.00289	0.34050

[dist]
# distance from previous block
# <min> <max>
1	19

[block]
# block no. 13 follows, 66 sequences, length 6
# corresponding to MSA columns:
# 751-756
name=unknown_N
#
# <colnr> <probs for GDERKNQSTAVLIFYWHMCP>
#	G	D	E	R	K	N	Q	S	T	A	V	L	I	F	Y	W	H	M	C	P
0	0.00987	0.03124	0.09531	0.01074	0.11969	0.03598	0.08935	0.05789	0.00929	0.11466	0.02800	0.08495	0.07207	0.00682	0.00632	0.11596	0.06014	0.00471	0.00277	0.04423
1	0.00641	0.00376	0.00522	0.00528	0.00541	0.00387	0.00351	0.00578	0.00580	0.00785	0.01012	0.06956	0.01080	0.23686	0.14944	0.45631	0.00474	0.00478	0.00214	0.00234
2	0.00596	0.00681	0.12270	0.00620	0.00783	0.00522	0.00556	0.00767	0.00869	0.01172	0.18586	0.02620	0.29892	0.07890	0.15063	0.00245	0.05539	0.00629	0.00312	0.00389
3	0.01231	0.00941	0.00976	0.00816	0.01070	0.04009	0.00651	0.31860	0.35063	0.06389	0.01422	0.01365	0.04027	0.00531	0.00400	0.00126	0.00369	0.00422	0.07711	0.00623
4	0.00999	0.00917	0.01423	0.21662	0.41736	0.05185	0.05662	0.04818	0.00961	0.05276	0.00969	0.04117	0.03592	0.00442	0.00412	0.00127	0.00494	0.00411	0.00233	0.00565
5	0.01071	0.07827	0.30059	0.06284	0.05006	0.01009	0.21488	0.10423	0.01032	0.10634	0.00866	0.00993	0.00622	0.00396	0.00406	0.00126	0.00554	0.00364	0.00245	0.00594

[dist]
# distance from previous block
# <min> <max>
0	41

# created by:
# /usr/local/bin/augustus/scripts/msa2prfl.pl /tmp/new_cug2/without_ca_b/actin-related-protein-class-7.fasta
