[name]
unknown

[dist]
# distance from previous block
# <min> <max>
24	213

[block]
# block no. 0 follows, 69 sequences, length 6
# corresponding to MSA columns:
# 213-218
name=unknown_A
#
# <colnr> <probs for GDERKNQSTAVLIFYWHMCP>
#	G	D	E	R	K	N	Q	S	T	A	V	L	I	F	Y	W	H	M	C	P
0	0.00639	0.00466	0.00529	0.00491	0.00578	0.00446	0.00333	0.07264	0.00827	0.01110	0.12430	0.08552	0.14454	0.41811	0.01182	0.00245	0.00312	0.00623	0.00304	0.07404
1	0.04128	0.00991	0.08475	0.09874	0.17304	0.00893	0.18722	0.14503	0.01027	0.01467	0.04049	0.01020	0.00711	0.00380	0.00386	0.00113	0.00473	0.00360	0.00240	0.14882
2	0.00870	0.00780	0.01143	0.00887	0.01162	0.03085	0.20631	0.07992	0.05648	0.03168	0.05555	0.07077	0.07779	0.00538	0.00406	0.00113	0.00396	0.06286	0.00291	0.26194
3	0.05676	0.00483	0.00571	0.00555	0.00675	0.00477	0.00423	0.00894	0.07506	0.08050	0.21307	0.20331	0.22213	0.00879	0.00480	0.00139	0.03128	0.05436	0.00379	0.00399
4	0.01053	0.00919	0.01026	0.00829	0.01090	0.10772	0.08264	0.21444	0.07066	0.04034	0.01208	0.09402	0.04504	0.00542	0.00393	0.00112	0.00407	0.05174	0.00311	0.21451
5	0.00726	0.00474	0.00591	0.00574	0.00691	0.00440	0.00419	0.07323	0.00940	0.09913	0.12536	0.46762	0.08836	0.00948	0.00458	0.00138	0.00252	0.00839	0.00378	0.06765

[dist]
# distance from previous block
# <min> <max>
0	1

[block]
# block no. 1 follows, 69 sequences, length 22
# corresponding to MSA columns:
# 220-241
name=unknown_B
#
# <colnr> <probs for GDERKNQSTAVLIFYWHMCP>
#	G	D	E	R	K	N	Q	S	T	A	V	L	I	F	Y	W	H	M	C	P
0	0.01467	0.01788	0.01118	0.00999	0.01212	0.75904	0.00756	0.10045	0.01188	0.01118	0.00641	0.00732	0.00522	0.00411	0.00358	0.00103	0.00678	0.00263	0.00222	0.00477
1	0.00943	0.01023	0.02142	0.01554	0.01911	0.00957	0.73078	0.01222	0.00923	0.01256	0.00895	0.01290	0.00734	0.09370	0.00647	0.00168	0.00648	0.00491	0.00222	0.00527
2	0.00970	0.00931	0.01591	0.02406	0.83777	0.00931	0.01203	0.01203	0.00893	0.01281	0.00737	0.00970	0.00621	0.00349	0.00388	0.00116	0.00466	0.00349	0.00194	0.00621
3	0.01370	0.01717	0.01061	0.00970	0.01158	0.75827	0.00729	0.01475	0.01061	0.00954	0.00653	0.00794	0.00555	0.00670	0.09191	0.00156	0.00743	0.00270	0.00203	0.00444
4	0.00573	0.00412	0.00590	0.00590	0.00655	0.00470	0.00449	0.00701	0.00637	0.00933	0.01085	0.01642	0.01028	0.11496	0.70114	0.00566	0.00919	0.00432	0.06367	0.00339
5	0.01048	0.00762	0.00857	0.00714	0.00891	0.00837	0.00551	0.43297	0.01246	0.01681	0.01046	0.01520	0.00944	0.25389	0.17165	0.00292	0.00537	0.00428	0.00313	0.00483
6	0.01258	0.00953	0.01024	0.00842	0.01111	0.01067	0.00677	0.39816	0.40665	0.06322	0.01286	0.01211	0.00936	0.00501	0.00396	0.00125	0.00368	0.00398	0.00400	0.00645
7	0.06152	0.45615	0.22120	0.00817	0.01182	0.13917	0.00853	0.01234	0.00847	0.01059	0.00678	0.00768	0.02555	0.00373	0.00302	0.00100	0.00490	0.00251	0.00182	0.00506
8	0.00560	0.00420	0.00630	0.00630	0.00700	0.00490	0.00490	0.00700	0.00630	0.00910	0.01050	0.01540	0.00980	0.02940	0.84669	0.00630	0.01050	0.00420	0.00210	0.00350
9	0.00477	0.00345	0.00451	0.00536	0.00566	0.00319	0.00360	0.00547	0.00760	0.01004	0.02276	0.80736	0.07749	0.01213	0.00498	0.00158	0.00226	0.01096	0.00364	0.00319
10	0.00946	0.00906	0.01547	0.11266	0.75110	0.00925	0.01191	0.01182	0.00881	0.01251	0.00733	0.00978	0.00610	0.00354	0.00389	0.00118	0.00472	0.00349	0.00192	0.00601
11	0.01022	0.01055	0.01404	0.14874	0.52131	0.15685	0.01075	0.01284	0.05446	0.01201	0.00755	0.00963	0.00617	0.00376	0.00383	0.00117	0.00508	0.00337	0.00204	0.00563
12	0.01071	0.81793	0.02002	0.00690	0.01018	0.06134	0.00676	0.01195	0.00814	0.00924	0.00548	0.00633	0.00503	0.00339	0.00257	0.00085	0.00435	0.00212	0.00170	0.00500
13	0.00985	0.50213	0.31462	0.00847	0.01269	0.01298	0.00955	0.06869	0.00881	0.01145	0.00630	0.00722	0.00512	0.00358	0.00305	0.00101	0.00478	0.00248	0.00183	0.00542
14	0.00965	0.01117	0.02225	0.01605	0.01988	0.07103	0.76392	0.01278	0.00939	0.01234	0.00779	0.01032	0.00588	0.00336	0.00455	0.00130	0.00664	0.00447	0.00199	0.00523
15	0.00647	0.00520	0.00563	0.00522	0.00662	0.05288	0.02837	0.00769	0.00938	0.06993	0.16103	0.07011	0.49904	0.02462	0.02889	0.00148	0.00278	0.00731	0.00362	0.00372
16	0.03362	0.00552	0.00646	0.04301	0.02310	0.00571	0.00443	0.08482	0.05449	0.01157	0.02894	0.12979	0.03874	0.43031	0.03532	0.00282	0.00395	0.05057	0.00306	0.00377
17	0.01112	0.00639	0.00767	0.00667	0.00844	0.00622	0.00513	0.16107	0.01103	0.23938	0.07394	0.08249	0.08514	0.15124	0.04650	0.00205	0.00381	0.06090	0.02575	0.00504
18	0.00559	0.00458	0.00676	0.00643	0.00752	0.00426	0.08981	0.00695	0.00863	0.01131	0.13079	0.28292	0.22566	0.03627	0.03777	0.00173	0.00315	0.12287	0.00345	0.00355
19	0.00754	0.00710	0.01200	0.80456	0.07420	0.00875	0.01095	0.01013	0.00790	0.01018	0.00699	0.01041	0.00528	0.00389	0.00392	0.00130	0.00519	0.00348	0.00175	0.00446
20	0.01053	0.12555	0.29952	0.02601	0.02934	0.23194	0.16241	0.01348	0.02607	0.02933	0.00711	0.00843	0.00545	0.00374	0.00370	0.00114	0.00594	0.00309	0.00194	0.00528
21	0.00746	0.05196	0.00995	0.35027	0.10197	0.02290	0.00777	0.00918	0.02912	0.01065	0.11139	0.02983	0.05199	0.00671	0.00598	0.15345	0.00410	0.02900	0.00232	0.00400

[dist]
# distance from previous block
# <min> <max>
19	104

[block]
# block no. 2 follows, 69 sequences, length 31
# corresponding to MSA columns:
# 346-376
name=unknown_C
#
# <colnr> <probs for GDERKNQSTAVLIFYWHMCP>
#	G	D	E	R	K	N	Q	S	T	A	V	L	I	F	Y	W	H	M	C	P
0	0.00881	0.00723	0.00778	0.00703	0.00897	0.00804	0.00545	0.03173	0.57771	0.03265	0.13832	0.01908	0.10205	0.00616	0.00412	0.00130	0.00281	0.00518	0.02006	0.00551
1	0.00474	0.00390	0.00412	0.00422	0.00534	0.00333	0.00308	0.00570	0.00877	0.01070	0.07951	0.13958	0.66439	0.03853	0.00519	0.00144	0.00207	0.00848	0.00363	0.00328
2	0.00592	0.00412	0.00519	0.00486	0.00594	0.00372	0.00367	0.00761	0.01073	0.05124	0.66306	0.03003	0.17278	0.00820	0.00460	0.00125	0.00194	0.00715	0.00422	0.00376
3	0.00476	0.00387	0.00419	0.00441	0.00545	0.00335	0.00322	0.00569	0.00854	0.01042	0.03439	0.20536	0.61260	0.03885	0.00525	0.00148	0.00217	0.03915	0.00360	0.00326
4	0.00884	0.06539	0.01484	0.01133	0.01236	0.01181	0.17480	0.01022	0.00680	0.01006	0.00573	0.00883	0.00530	0.00590	0.01050	0.00158	0.62580	0.00359	0.00177	0.00454
5	0.00796	0.00662	0.00769	0.00569	0.00884	0.00512	0.00451	0.00984	0.02410	0.01284	0.00817	0.04626	0.00709	0.00347	0.00301	0.00066	0.00281	0.00284	0.06051	0.77196
6	0.87757	0.00828	0.00650	0.00586	0.00834	0.00934	0.00470	0.01222	0.00734	0.01845	0.00648	0.00777	0.00521	0.00430	0.00288	0.00139	0.00338	0.00247	0.00276	0.00477
7	0.01455	0.01081	0.01157	0.00895	0.01202	0.01199	0.00737	0.76988	0.07382	0.02414	0.00986	0.00977	0.00703	0.00475	0.00393	0.00119	0.00423	0.00359	0.00393	0.00664
8	0.01094	0.02064	0.10631	0.20075	0.07929	0.09633	0.03889	0.13599	0.06675	0.09676	0.00857	0.00997	0.00640	0.00449	0.00488	0.00127	0.10032	0.00346	0.00258	0.00543
9	0.03147	0.01122	0.00893	0.00795	0.00955	0.33261	0.00599	0.16944	0.02408	0.01240	0.02438	0.01225	0.00818	0.13430	0.12036	0.06049	0.01598	0.00359	0.00251	0.00431
10	0.00484	0.00379	0.00435	0.00471	0.00555	0.00335	0.00338	0.00575	0.00838	0.01049	0.05640	0.33224	0.44966	0.04243	0.00537	0.00153	0.00223	0.04868	0.00361	0.00326
11	0.00846	0.00804	0.01366	0.47373	0.39785	0.00899	0.01141	0.01094	0.00834	0.01129	0.00715	0.01011	0.00568	0.00372	0.00390	0.00124	0.00497	0.00349	0.00183	0.00520
12	0.00477	0.00398	0.00416	0.00412	0.00538	0.00337	0.00309	0.00589	0.00926	0.01136	0.15920	0.03646	0.71621	0.00964	0.00463	0.00131	0.00197	0.00810	0.00374	0.00337
13	0.88991	0.00758	0.00576	0.00516	0.00758	0.00879	0.00425	0.01152	0.00667	0.01759	0.00546	0.00637	0.00425	0.00364	0.00243	0.00121	0.00303	0.00212	0.00243	0.00425
14	0.00654	0.00534	0.00789	0.18679	0.12635	0.00553	0.00613	0.00773	0.00731	0.00993	0.01274	0.26882	0.01386	0.20839	0.02376	0.02462	0.00381	0.00623	0.00253	0.06567
15	0.06600	0.00833	0.00932	0.00730	0.01019	0.06613	0.00594	0.17585	0.01209	0.46391	0.04848	0.01197	0.00932	0.00466	0.00376	0.00114	0.00367	0.00365	0.00408	0.08422
16	0.00971	0.00840	0.03117	0.01024	0.13918	0.00879	0.02206	0.17559	0.32273	0.01622	0.04530	0.05657	0.07557	0.00650	0.03485	0.00145	0.00379	0.00478	0.02145	0.00565
17	0.01029	0.76001	0.10626	0.00724	0.01082	0.03083	0.00754	0.01189	0.00806	0.00956	0.00563	0.00651	0.00502	0.00341	0.00266	0.00088	0.00442	0.00219	0.00168	0.00510
18	0.02297	0.04417	0.19699	0.00708	0.00994	0.00667	0.00693	0.08348	0.02076	0.15539	0.24644	0.01892	0.12206	0.00599	0.00406	0.00120	0.00340	0.00496	0.00347	0.03513
19	0.02628	0.14443	0.07374	0.00688	0.00857	0.03944	0.01362	0.02977	0.03515	0.04776	0.13302	0.06187	0.01356	0.13730	0.14252	0.00242	0.07219	0.00461	0.00265	0.00421
20	0.00813	0.00697	0.00813	0.00581	0.00929	0.00523	0.00465	0.00987	0.00813	0.01277	0.00697	0.00813	0.00581	0.00290	0.00290	0.00058	0.00290	0.00232	0.00232	0.88619
21	0.00720	0.00732	0.06002	0.02304	0.18182	0.00672	0.10765	0.00952	0.04869	0.01201	0.10180	0.18795	0.10552	0.02017	0.01640	0.00148	0.05463	0.04065	0.00287	0.00454
22	0.00755	0.02259	0.00801	0.00694	0.02249	0.00633	0.06220	0.09945	0.15436	0.01502	0.28777	0.09397	0.16394	0.00730	0.00438	0.00128	0.00283	0.00638	0.02268	0.00453
23	0.00512	0.00397	0.00454	0.00441	0.00546	0.00350	0.00325	0.00636	0.00957	0.01248	0.37036	0.03297	0.43607	0.06105	0.00577	0.01831	0.00207	0.00753	0.00381	0.00338
24	0.00872	0.00745	0.00909	0.00772	0.08674	0.00606	0.00552	0.06376	0.00888	0.01356	0.00717	0.00836	0.00590	0.00308	0.00306	0.00067	0.00316	0.00251	0.00239	0.74617
25	0.01320	0.01410	0.01013	0.00901	0.01104	0.49347	0.00693	0.15548	0.06224	0.04118	0.00918	0.01224	0.00789	0.05700	0.00478	0.00129	0.00568	0.06490	0.01541	0.00487
26	0.00583	0.00382	0.00472	0.00482	0.00560	0.00363	0.00356	0.00738	0.00936	0.01376	0.38084	0.20081	0.05337	0.00872	0.02365	0.00137	0.00221	0.03946	0.22354	0.00356
27	0.00510	0.00396	0.00463	0.00454	0.00560	0.00349	0.00338	0.00649	0.00992	0.01310	0.43269	0.08355	0.39123	0.00912	0.00465	0.00130	0.00194	0.00786	0.00397	0.00349
28	0.07605	0.00702	0.00905	0.00699	0.00999	0.00639	0.00577	0.07168	0.01139	0.73142	0.01439	0.01262	0.00914	0.00476	0.00384	0.00121	0.00338	0.00379	0.00463	0.00651
29	0.00690	0.00542	0.00675	0.07421	0.00871	0.00544	0.00499	0.00872	0.06382	0.01346	0.33151	0.06773	0.19882	0.05176	0.10151	0.00218	0.03320	0.00683	0.00378	0.00427
30	0.00859	0.00711	0.00987	0.11717	0.16841	0.00640	0.00687	0.01046	0.00842	0.05907	0.02965	0.06567	0.00814	0.00406	0.00361	0.00092	0.01638	0.00350	0.00245	0.46322

[dist]
# distance from previous block
# <min> <max>
15	69

[block]
# block no. 3 follows, 69 sequences, length 37
# corresponding to MSA columns:
# 446-482
name=unknown_D
#
# <colnr> <probs for GDERKNQSTAVLIFYWHMCP>
#	G	D	E	R	K	N	Q	S	T	A	V	L	I	F	Y	W	H	M	C	P
0	0.02487	0.15800	0.51614	0.01078	0.06886	0.01959	0.01175	0.08322	0.03143	0.01316	0.00720	0.00826	0.00540	0.00376	0.00352	0.00115	0.00516	0.00287	0.00197	0.02291
1	0.00881	0.09035	0.31200	0.04890	0.19322	0.02626	0.08707	0.02570	0.02964	0.02308	0.00971	0.01117	0.06278	0.01477	0.00398	0.00121	0.00495	0.00358	0.00207	0.04075
2	0.00559	0.00382	0.00438	0.00441	0.00454	0.00381	0.00260	0.00576	0.00601	0.00796	0.01434	0.05583	0.06730	0.73090	0.06405	0.00370	0.00400	0.00598	0.00249	0.00253
3	0.02392	0.12276	0.20008	0.02445	0.05000	0.08684	0.05057	0.01060	0.02737	0.02105	0.05699	0.08340	0.14474	0.00608	0.00431	0.00125	0.03608	0.04232	0.00254	0.00466
4	0.05376	0.07801	0.25888	0.01099	0.08152	0.10112	0.09045	0.07801	0.05751	0.12411	0.02344	0.00976	0.00689	0.00406	0.00373	0.00118	0.00499	0.00333	0.00258	0.00568
5	0.00978	0.00800	0.00894	0.02167	0.04157	0.15364	0.06710	0.01123	0.01969	0.16014	0.06091	0.17660	0.11566	0.03620	0.02045	0.00149	0.04923	0.02045	0.01277	0.00448
6	0.00894	0.09000	0.01417	0.12014	0.51334	0.00925	0.01007	0.01135	0.04343	0.01187	0.00960	0.05661	0.04063	0.01973	0.00434	0.00125	0.02365	0.00404	0.00214	0.00548
7	0.03765	0.04295	0.06513	0.04150	0.24344	0.17918	0.02628	0.14402	0.02548	0.08989	0.00864	0.03406	0.00690	0.01351	0.00392	0.00117	0.00489	0.00347	0.00262	0.02527
8	0.00874	0.04085	0.19690	0.00865	0.01160	0.03355	0.09351	0.06825	0.11531	0.06156	0.05143	0.13684	0.08803	0.00614	0.00414	0.00128	0.00406	0.02352	0.00301	0.04263
9	0.00551	0.00404	0.00507	0.00534	0.00627	0.00372	0.00414	0.00687	0.00931	0.02440	0.24929	0.19382	0.25569	0.01000	0.00488	0.00146	0.00241	0.20045	0.00384	0.00351
10	0.00942	0.01068	0.11941	0.01325	0.15866	0.03948	0.21364	0.07166	0.18172	0.01403	0.04915	0.03628	0.00937	0.01464	0.02491	0.00142	0.01979	0.00430	0.00265	0.00555
11	0.01005	0.00912	0.03097	0.05092	0.46194	0.00914	0.09265	0.08123	0.06396	0.05424	0.00881	0.01120	0.00718	0.05015	0.01969	0.00145	0.02531	0.00381	0.00240	0.00580
12	0.01268	0.41401	0.01570	0.00815	0.01113	0.19528	0.00711	0.25231	0.02608	0.01399	0.00693	0.00752	0.00564	0.00394	0.00318	0.00098	0.00484	0.00265	0.00245	0.00543
13	0.00555	0.00375	0.00437	0.00451	0.00457	0.00373	0.00264	0.00569	0.00600	0.00802	0.01377	0.15733	0.01599	0.70758	0.03765	0.00351	0.00372	0.00653	0.00257	0.00253
14	0.00881	0.00882	0.03165	0.31645	0.45632	0.00915	0.08915	0.01138	0.00856	0.01179	0.00728	0.01002	0.00581	0.00363	0.00396	0.00123	0.00507	0.00359	0.00187	0.00546
15	0.00980	0.06473	0.63969	0.01017	0.01531	0.00893	0.01244	0.02598	0.00892	0.15544	0.00844	0.00906	0.00581	0.00391	0.00370	0.00121	0.00526	0.00304	0.00224	0.00592
16	0.00740	0.00697	0.01176	0.85280	0.02700	0.00871	0.01089	0.01002	0.00784	0.01002	0.00697	0.01045	0.00523	0.00392	0.00392	0.00131	0.00523	0.00348	0.00174	0.00436
17	0.00632	0.00451	0.00632	0.00722	0.00812	0.00451	0.00632	0.00812	0.00902	0.01173	0.02076	0.04422	0.02256	0.01083	0.00541	0.00180	0.00361	0.81138	0.00361	0.00361
18	0.00788	0.00745	0.01261	0.68226	0.19384	0.00883	0.01112	0.01043	0.00806	0.01059	0.00705	0.01030	0.00543	0.00383	0.00391	0.00128	0.00511	0.00349	0.00178	0.00474
19	0.00572	0.00427	0.00612	0.00606	0.00661	0.00494	0.00456	0.00684	0.00618	0.00883	0.01066	0.01707	0.01047	0.18265	0.66580	0.00568	0.03764	0.00445	0.00214	0.00332
20	0.00560	0.00420	0.00630	0.00630	0.00700	0.00490	0.00490	0.00700	0.00630	0.00910	0.01050	0.01540	0.00980	0.02940	0.84669	0.00630	0.01050	0.00420	0.00210	0.00350
21	0.00970	0.00931	0.01591	0.02406	0.83777	0.00931	0.01203	0.01203	0.00893	0.01281	0.00737	0.00970	0.00621	0.00349	0.00388	0.00116	0.00466	0.00349	0.00194	0.00621
22	0.00762	0.00706	0.01183	0.73968	0.10351	0.00857	0.01067	0.01017	0.00796	0.01047	0.00724	0.01055	0.00551	0.00390	0.00387	0.00128	0.00504	0.00349	0.03708	0.00450
23	0.00824	0.00782	0.01326	0.55252	0.32077	0.00893	0.01130	0.01075	0.00823	0.01103	0.00712	0.01018	0.00558	0.00376	0.00391	0.00125	0.00502	0.00349	0.00181	0.00503
24	0.00512	0.00401	0.00454	0.00453	0.00558	0.00356	0.00339	0.00632	0.00922	0.01179	0.25168	0.03481	0.47461	0.09085	0.00616	0.00157	0.00225	0.07296	0.00370	0.00335
25	0.00764	0.00738	0.01019	0.00858	0.01045	0.09998	0.19737	0.00923	0.00881	0.02741	0.04801	0.30973	0.09068	0.00765	0.00448	0.00132	0.00395	0.04684	0.00298	0.09733
26	0.09017	0.00728	0.00795	0.00596	0.00913	0.02295	0.00474	0.04019	0.02320	0.01350	0.00762	0.03695	0.00658	0.01460	0.00322	0.00076	0.00305	0.00273	0.00246	0.69697
27	0.07073	0.01610	0.01012	0.00913	0.01117	0.66162	0.00691	0.06270	0.01105	0.01111	0.00943	0.01009	0.08444	0.00462	0.00359	0.00106	0.00616	0.00311	0.00231	0.00453
28	0.04759	0.01076	0.09004	0.00854	0.01179	0.01039	0.00754	0.55752	0.01547	0.14833	0.01011	0.01001	0.00702	0.00459	0.00380	0.00118	0.00415	0.00348	0.04132	0.00636
29	0.09348	0.00958	0.01073	0.18898	0.01372	0.14559	0.00814	0.02253	0.05220	0.01101	0.00665	0.00918	0.00568	0.00608	0.03572	0.00158	0.35688	0.00326	0.01458	0.00444
30	0.00832	0.16537	0.59905	0.09067	0.01656	0.01020	0.01258	0.01228	0.02884	0.01173	0.00698	0.00830	0.00518	0.00372	0.00354	0.00118	0.00539	0.00285	0.00173	0.00553
31	0.00983	0.00859	0.01433	0.04460	0.09299	0.00864	0.29650	0.08225	0.16694	0.08106	0.03670	0.04840	0.06228	0.00506	0.00432	0.00131	0.00457	0.02314	0.00302	0.00545
32	0.00838	0.00623	0.08578	0.00588	0.00771	0.00491	0.00510	0.01094	0.05574	0.16156	0.45021	0.02158	0.02393	0.00641	0.00412	0.00119	0.00256	0.00550	0.12771	0.00456
33	0.00901	0.00598	0.00721	0.03919	0.03464	0.03374	0.00508	0.04336	0.09883	0.17005	0.23828	0.09167	0.10603	0.05367	0.04397	0.00164	0.00331	0.00592	0.00378	0.00462
34	0.01341	0.01382	0.01035	0.00892	0.01124	0.43073	0.00692	0.24197	0.08668	0.04043	0.01140	0.01153	0.08562	0.00493	0.00380	0.00112	0.00534	0.00357	0.00297	0.00524
35	0.00606	0.00442	0.00585	0.00663	0.08447	0.00458	0.00387	0.00660	0.00615	0.00844	0.01146	0.02180	0.01247	0.59068	0.20659	0.00412	0.00541	0.00515	0.00227	0.00300
36	0.01378	0.01730	0.01065	0.00974	0.01163	0.76614	0.00732	0.01483	0.01065	0.00955	0.00648	0.00787	0.00550	0.00646	0.08403	0.00152	0.00740	0.00268	0.00203	0.00445

[dist]
# distance from previous block
# <min> <max>
0	1

[block]
# block no. 4 follows, 69 sequences, length 17
# corresponding to MSA columns:
# 484-500
name=unknown_E
#
# <colnr> <probs for GDERKNQSTAVLIFYWHMCP>
#	G	D	E	R	K	N	Q	S	T	A	V	L	I	F	Y	W	H	M	C	P
0	0.00945	0.00954	0.09528	0.23866	0.34079	0.00904	0.01052	0.08116	0.07511	0.04407	0.00969	0.01139	0.03966	0.00419	0.00392	0.00123	0.00461	0.00372	0.00237	0.00562
1	0.00986	0.00972	0.01363	0.15964	0.24845	0.11245	0.13654	0.09177	0.04470	0.01313	0.02005	0.03668	0.03129	0.00452	0.00404	0.00123	0.00497	0.02463	0.02748	0.00524
2	0.01056	0.00918	0.01536	0.02189	0.02400	0.00918	0.36530	0.23415	0.04280	0.05887	0.10938	0.03741	0.02320	0.00479	0.00435	0.00127	0.00482	0.00478	0.01324	0.00547
3	0.00916	0.04704	0.16219	0.03872	0.40083	0.02000	0.12980	0.02094	0.04891	0.01271	0.03953	0.01070	0.00747	0.02042	0.00435	0.00126	0.01446	0.00371	0.00210	0.00570
4	0.00908	0.00837	0.00916	0.00701	0.00983	0.07385	0.00563	0.05426	0.00860	0.01265	0.00675	0.00818	0.00569	0.00370	0.00454	0.00082	0.13403	0.00257	0.00229	0.63299
5	0.00809	0.01780	0.66752	0.01191	0.08197	0.00879	0.04443	0.01216	0.00835	0.01249	0.00709	0.00847	0.00518	0.00361	0.00370	0.00118	0.00547	0.00296	0.00175	0.08709
6	0.00744	0.08455	0.04561	0.04445	0.09826	0.00670	0.02311	0.03338	0.06330	0.02323	0.16171	0.06999	0.18785	0.00665	0.00412	0.00121	0.00319	0.04623	0.00312	0.08590
7	0.00632	0.00550	0.07173	0.00514	0.00682	0.00409	0.00437	0.00783	0.00953	0.08856	0.22604	0.07849	0.45375	0.00864	0.00452	0.00130	0.00240	0.00732	0.00376	0.00391
8	0.00889	0.00935	0.12057	0.00996	0.11390	0.00734	0.06541	0.08203	0.03528	0.03051	0.08458	0.03178	0.00946	0.00420	0.00389	0.00100	0.02791	0.00360	0.00260	0.34773
9	0.00870	0.38097	0.25784	0.00793	0.01138	0.01108	0.00848	0.01168	0.07391	0.01121	0.05519	0.06247	0.04766	0.00484	0.00368	0.00111	0.03090	0.00368	0.00221	0.00506
10	0.02675	0.08891	0.06421	0.01319	0.21902	0.06795	0.05609	0.03401	0.00815	0.01131	0.00829	0.06071	0.03319	0.00540	0.00678	0.00135	0.28378	0.00389	0.00206	0.00498
11	0.01311	0.12738	0.01133	0.00856	0.01082	0.49341	0.00673	0.03997	0.04343	0.09796	0.01067	0.01100	0.08270	0.00515	0.02029	0.00116	0.00565	0.00329	0.00256	0.00483
12	0.01048	0.69943	0.05167	0.00699	0.01028	0.01422	0.00690	0.08656	0.00914	0.01118	0.05658	0.00806	0.00713	0.00378	0.00282	0.00091	0.00412	0.00257	0.00204	0.00513
13	0.06163	0.00833	0.08439	0.00652	0.00915	0.07277	0.01517	0.02454	0.00853	0.01232	0.05240	0.06341	0.12231	0.02749	0.04841	0.00132	0.01483	0.00418	0.00260	0.35970
14	0.07887	0.19013	0.02867	0.00981	0.07677	0.13017	0.03078	0.09475	0.02511	0.05544	0.00750	0.02251	0.00640	0.00560	0.03409	0.00139	0.18019	0.01446	0.00233	0.00504
15	0.03345	0.02420	0.06249	0.26245	0.26801	0.00821	0.00949	0.02563	0.00860	0.02688	0.08388	0.01172	0.00882	0.00563	0.05201	0.00148	0.02955	0.00368	0.00221	0.07160
16	0.00732	0.00697	0.05887	0.04337	0.11862	0.00604	0.01818	0.08396	0.03078	0.01356	0.16802	0.04507	0.26403	0.01754	0.00438	0.00123	0.00312	0.00571	0.00319	0.10002

[dist]
# distance from previous block
# <min> <max>
7	24

[block]
# block no. 5 follows, 69 sequences, length 13
# corresponding to MSA columns:
# 526-538
name=unknown_F
#
# <colnr> <probs for GDERKNQSTAVLIFYWHMCP>
#	G	D	E	R	K	N	Q	S	T	A	V	L	I	F	Y	W	H	M	C	P
0	0.01010	0.09471	0.05894	0.14374	0.33369	0.10667	0.02338	0.03914	0.08125	0.02362	0.00797	0.00968	0.00637	0.00392	0.00387	0.00116	0.02066	0.00332	0.02229	0.00551
1	0.00683	0.00511	0.00706	0.04658	0.04972	0.00537	0.02780	0.03737	0.04076	0.03014	0.05700	0.06741	0.08575	0.11895	0.30105	0.00331	0.00578	0.00514	0.07922	0.01964
2	0.00548	0.00401	0.00545	0.00548	0.00608	0.00426	0.00400	0.00657	0.00711	0.00988	0.12517	0.09343	0.07235	0.18835	0.43955	0.00438	0.00672	0.00576	0.00269	0.00326
3	0.00647	0.00464	0.00585	0.00557	0.00668	0.00479	0.00425	0.00899	0.10029	0.04665	0.26085	0.02311	0.14297	0.04960	0.27322	0.00296	0.00491	0.00573	0.03857	0.00392
4	0.84798	0.00754	0.00592	0.00524	0.00770	0.00865	0.00432	0.01189	0.00689	0.05715	0.00594	0.00670	0.00451	0.00370	0.00250	0.00121	0.00305	0.00221	0.00254	0.00436
5	0.01073	0.27184	0.30437	0.00948	0.03817	0.04094	0.00976	0.11289	0.00966	0.08601	0.00744	0.00829	0.00567	0.00406	0.00405	0.00113	0.06480	0.00287	0.00225	0.00561
6	0.02389	0.44405	0.27859	0.02701	0.03242	0.02750	0.02640	0.02986	0.00839	0.01095	0.00763	0.00866	0.03837	0.00420	0.01629	0.00112	0.00483	0.00279	0.00184	0.00521
7	0.01564	0.00625	0.00844	0.00661	0.00933	0.00542	0.00541	0.01718	0.01112	0.70929	0.11539	0.01620	0.04452	0.00543	0.00405	0.00122	0.00311	0.00449	0.00474	0.00618
8	0.00599	0.00607	0.09519	0.00657	0.00774	0.00484	0.02634	0.02218	0.07812	0.01099	0.01848	0.51733	0.04009	0.09448	0.00624	0.00174	0.00308	0.04745	0.00329	0.00378
9	0.00891	0.00826	0.01229	0.46163	0.21424	0.07033	0.02812	0.02508	0.00868	0.04799	0.00852	0.07301	0.00722	0.00449	0.00398	0.00127	0.00494	0.00403	0.00213	0.00488
10	0.00589	0.00362	0.00419	0.00458	0.00525	0.00345	0.00327	0.00715	0.00813	0.01226	0.05312	0.37069	0.10117	0.00862	0.00402	0.00127	0.00208	0.02764	0.37017	0.00342
11	0.00925	0.17197	0.02725	0.00822	0.08875	0.05381	0.00609	0.06014	0.03235	0.06398	0.07089	0.15542	0.04233	0.00564	0.00367	0.00107	0.00351	0.00471	0.00285	0.18811
12	0.03255	0.23076	0.04608	0.02242	0.07401	0.05489	0.00653	0.09355	0.03041	0.04567	0.01173	0.08689	0.08600	0.00502	0.00347	0.00104	0.00379	0.00399	0.00262	0.15858

[dist]
# distance from previous block
# <min> <max>
2	15

[block]
# block no. 6 follows, 69 sequences, length 10
# corresponding to MSA columns:
# 555-564
name=unknown_G
#
# <colnr> <probs for GDERKNQSTAVLIFYWHMCP>
#	G	D	E	R	K	N	Q	S	T	A	V	L	I	F	Y	W	H	M	C	P
0	0.00606	0.00376	0.00508	0.00508	0.00526	0.00394	0.00337	0.00582	0.00565	0.00770	0.00994	0.01825	0.01052	0.35459	0.22756	0.31303	0.00536	0.00452	0.00207	0.00242
1	0.00822	0.03894	0.01023	0.10216	0.18700	0.00735	0.04136	0.05391	0.10562	0.03080	0.12705	0.03644	0.11547	0.00640	0.01942	0.00135	0.00370	0.05396	0.04576	0.00486
2	0.00538	0.00424	0.00531	0.00575	0.02310	0.00421	0.00404	0.00658	0.02784	0.01099	0.09994	0.43701	0.24283	0.01029	0.00533	0.00146	0.06457	0.00890	0.02873	0.00349
3	0.00739	0.00691	0.01160	0.77080	0.06526	0.00847	0.01059	0.00989	0.00788	0.01015	0.00771	0.05232	0.00630	0.00431	0.00397	0.00131	0.00505	0.00386	0.00185	0.00439
4	0.00857	0.00665	0.00971	0.05414	0.14486	0.00726	0.03783	0.14810	0.00895	0.02569	0.00909	0.01257	0.00790	0.03561	0.30952	0.10820	0.03398	0.00385	0.02308	0.00444
5	0.00813	0.00697	0.00813	0.00581	0.00929	0.00523	0.00465	0.00987	0.00813	0.01277	0.00697	0.00813	0.00581	0.00290	0.00290	0.00058	0.00290	0.00232	0.00232	0.88619
6	0.00544	0.00390	0.00453	0.00473	0.00521	0.00372	0.00320	0.00603	0.00723	0.00931	0.04197	0.11168	0.21346	0.44084	0.01251	0.00266	0.00314	0.11455	0.00301	0.00288
7	0.07277	0.00661	0.00862	0.03687	0.15397	0.01741	0.03136	0.10037	0.02905	0.05226	0.07390	0.11101	0.18954	0.00742	0.02152	0.02991	0.00346	0.01811	0.03127	0.00458
8	0.08722	0.01149	0.01029	0.03051	0.12730	0.30449	0.00731	0.05847	0.07489	0.02563	0.00814	0.01024	0.00686	0.05054	0.06351	0.00166	0.07955	0.00328	0.03383	0.00480
9	0.63043	0.00859	0.00707	0.00662	0.03985	0.07635	0.00506	0.09438	0.00840	0.01709	0.00686	0.03917	0.00566	0.00413	0.00283	0.00119	0.00348	0.00275	0.03556	0.00453

[dist]
# distance from previous block
# <min> <max>
13	87

[block]
# block no. 7 follows, 69 sequences, length 20
# corresponding to MSA columns:
# 668-687
name=unknown_H
#
# <colnr> <probs for GDERKNQSTAVLIFYWHMCP>
#	G	D	E	R	K	N	Q	S	T	A	V	L	I	F	Y	W	H	M	C	P
0	0.03665	0.00882	0.01266	0.15511	0.24489	0.06909	0.07305	0.06198	0.00995	0.23948	0.00966	0.01082	0.00701	0.00506	0.03730	0.00141	0.00489	0.00363	0.00285	0.00570
1	0.00576	0.00409	0.00502	0.00476	0.00586	0.00366	0.00358	0.00732	0.01038	0.04816	0.54974	0.05639	0.26366	0.00856	0.00461	0.00127	0.00196	0.00742	0.00412	0.00369
2	0.18734	0.00748	0.00846	0.00678	0.00956	0.04003	0.00554	0.03954	0.05970	0.55531	0.01294	0.01173	0.00851	0.00460	0.00360	0.00120	0.00340	0.00354	0.02472	0.00601
3	0.00487	0.00383	0.00442	0.00461	0.00555	0.00339	0.00334	0.00595	0.00889	0.01136	0.18362	0.25623	0.44787	0.01069	0.02582	0.00150	0.00225	0.00872	0.00373	0.00335
4	0.00509	0.00400	0.00460	0.00494	0.00590	0.00361	0.00372	0.00629	0.02266	0.01071	0.04345	0.22441	0.46011	0.04346	0.00543	0.00156	0.00241	0.14069	0.00360	0.00335
5	0.00931	0.01032	0.02142	0.01550	0.01925	0.00989	0.72533	0.01355	0.10794	0.01302	0.00890	0.01106	0.00667	0.00355	0.00455	0.00132	0.00619	0.00460	0.00222	0.00540
6	0.00803	0.01911	0.74354	0.01182	0.01739	0.00920	0.11168	0.01243	0.00839	0.01243	0.00714	0.00855	0.00508	0.00367	0.00383	0.00125	0.00589	0.00310	0.00169	0.00573
7	0.21544	0.00943	0.00991	0.00777	0.01072	0.01024	0.00641	0.49373	0.01445	0.16996	0.00960	0.00942	0.00666	0.00449	0.00358	0.00119	0.00384	0.00328	0.00375	0.00611
8	0.00565	0.00457	0.00708	0.00667	0.00768	0.00426	0.10233	0.00710	0.00899	0.01216	0.25927	0.39187	0.08342	0.00967	0.00485	0.00145	0.00276	0.07292	0.00364	0.00363
9	0.05471	0.00814	0.00984	0.00758	0.01062	0.00802	0.00626	0.28655	0.01342	0.53346	0.01302	0.01173	0.00846	0.00475	0.00387	0.00120	0.00365	0.00373	0.00444	0.00656
10	0.03070	0.00709	0.00842	0.00687	0.00942	0.00698	0.00554	0.11833	0.17364	0.40741	0.03689	0.01722	0.14232	0.00578	0.00404	0.00125	0.00316	0.00471	0.00431	0.00593
11	0.00919	0.00687	0.00733	0.00653	0.00834	0.00761	0.00509	0.11390	0.40344	0.01683	0.11276	0.01575	0.01379	0.00536	0.00371	0.00118	0.00274	0.00442	0.24990	0.00525
12	0.00565	0.00401	0.00532	0.00532	0.00568	0.00437	0.00368	0.00637	0.00601	0.00838	0.01140	0.02036	0.01195	0.43234	0.44670	0.00509	0.00726	0.00493	0.00223	0.00296
13	0.88991	0.00758	0.00576	0.00516	0.00758	0.00879	0.00425	0.01152	0.00667	0.01759	0.00546	0.00637	0.00425	0.00364	0.00243	0.00121	0.00303	0.00212	0.00243	0.00425
14	0.01504	0.00734	0.00912	0.00732	0.01003	0.00713	0.00592	0.14642	0.12591	0.52898	0.01507	0.08140	0.01085	0.00550	0.00403	0.00125	0.00337	0.00453	0.00449	0.00632
15	0.74348	0.00803	0.00663	0.00575	0.00825	0.00924	0.00472	0.10966	0.04676	0.01839	0.00643	0.00712	0.00490	0.00385	0.00268	0.00121	0.00319	0.00240	0.00268	0.00463
16	0.00748	0.00517	0.00607	0.00565	0.00715	0.02105	0.02047	0.03990	0.04540	0.12081	0.12584	0.13912	0.36507	0.00876	0.00457	0.00136	0.00263	0.06553	0.00384	0.00412
17	0.08250	0.01030	0.01083	0.00855	0.01148	0.01151	0.00700	0.63165	0.14832	0.02281	0.01016	0.01001	0.00733	0.00472	0.00382	0.00120	0.00402	0.00356	0.00382	0.00640
18	0.04488	0.02312	0.02343	0.00907	0.01166	0.09396	0.10463	0.21985	0.31472	0.01699	0.02770	0.02898	0.00939	0.00483	0.00389	0.00123	0.00418	0.00404	0.04775	0.00571
19	0.14684	0.00812	0.00919	0.00713	0.01014	0.00805	0.00585	0.24254	0.03710	0.33622	0.01098	0.01043	0.00750	0.00435	0.00355	0.00111	0.00349	0.00332	0.00381	0.14027

[dist]
# distance from previous block
# <min> <max>
0	1

[block]
# block no. 8 follows, 69 sequences, length 47
# corresponding to MSA columns:
# 689-735
name=unknown_I
#
# <colnr> <probs for GDERKNQSTAVLIFYWHMCP>
#	G	D	E	R	K	N	Q	S	T	A	V	L	I	F	Y	W	H	M	C	P
0	0.00750	0.00402	0.00406	0.00399	0.00500	0.00413	0.00301	0.01004	0.07177	0.01475	0.01303	0.01462	0.01020	0.00463	0.00284	0.00095	0.00193	0.00371	0.81600	0.00385
1	0.00548	0.00395	0.00490	0.00472	0.00568	0.00361	0.00352	0.00713	0.01040	0.01456	0.61785	0.06788	0.16352	0.00830	0.00452	0.00124	0.00189	0.00725	0.05997	0.00361
2	0.00533	0.00400	0.00494	0.00471	0.00572	0.00361	0.00353	0.00698	0.01059	0.01451	0.64853	0.03127	0.22491	0.00846	0.00463	0.00125	0.00188	0.00737	0.00416	0.00361
3	0.01141	0.67614	0.01844	0.00746	0.01052	0.20063	0.00690	0.01261	0.00867	0.00931	0.00559	0.00646	0.00504	0.00351	0.00274	0.00088	0.00483	0.00219	0.00175	0.00492
4	0.00498	0.00394	0.00448	0.00444	0.00553	0.00344	0.00329	0.00626	0.00961	0.01242	0.32880	0.09972	0.48034	0.00942	0.00466	0.00131	0.00196	0.00807	0.00389	0.00344
5	0.88991	0.00758	0.00576	0.00516	0.00758	0.00879	0.00425	0.01152	0.00667	0.01759	0.00546	0.00637	0.00425	0.00364	0.00243	0.00121	0.00303	0.00212	0.00243	0.00425
6	0.02914	0.00787	0.06201	0.00739	0.01049	0.00662	0.00642	0.09919	0.01147	0.65528	0.01394	0.01262	0.00902	0.00588	0.04264	0.00145	0.00392	0.00382	0.00439	0.00643
7	0.01046	0.00996	0.04057	0.01260	0.11012	0.02508	0.23134	0.11935	0.28062	0.04139	0.01068	0.01147	0.00807	0.00450	0.00475	0.00130	0.06486	0.00409	0.00295	0.00585
8	0.02512	0.01079	0.12464	0.01097	0.07237	0.01003	0.12733	0.17487	0.33103	0.01638	0.01116	0.01157	0.00838	0.00518	0.02589	0.00141	0.01988	0.00395	0.00310	0.00597
9	0.00916	0.00790	0.00829	0.00751	0.00962	0.00900	0.00583	0.01906	0.73501	0.01572	0.01872	0.01732	0.10793	0.00586	0.00406	0.00133	0.00297	0.00488	0.00395	0.00587
10	0.00998	0.00904	0.01360	0.13010	0.44505	0.00990	0.01025	0.11930	0.11058	0.01413	0.00844	0.01027	0.00675	0.00423	0.00471	0.00125	0.08054	0.00361	0.00241	0.00585
11	0.00494	0.00398	0.00440	0.00429	0.00548	0.00344	0.00322	0.00622	0.00966	0.01231	0.30648	0.03490	0.56834	0.00929	0.00463	0.00129	0.00194	0.00788	0.00387	0.00344
12	0.01407	0.00839	0.00911	0.00733	0.00990	0.05717	0.00593	0.27266	0.08994	0.31457	0.01258	0.01207	0.00874	0.00475	0.00371	0.00115	0.00359	0.00373	0.15463	0.00599
13	0.00746	0.00396	0.00398	0.00393	0.00492	0.00404	0.00296	0.00988	0.06039	0.01473	0.01299	0.01462	0.01017	0.00462	0.00282	0.00094	0.00191	0.00370	0.82817	0.00382
14	0.00535	0.00400	0.00497	0.00472	0.00574	0.00361	0.00354	0.00701	0.01063	0.01461	0.66347	0.03111	0.20991	0.00843	0.00463	0.00125	0.00188	0.00735	0.00417	0.00361
15	0.00975	0.67166	0.15408	0.00729	0.01083	0.01372	0.00771	0.01147	0.00787	0.00964	0.00615	0.00784	0.00561	0.05789	0.00382	0.00109	0.00443	0.00246	0.00172	0.00499
16	0.00844	0.20510	0.66211	0.01020	0.01546	0.01051	0.01278	0.01227	0.00821	0.01172	0.00669	0.00784	0.00498	0.00364	0.00346	0.00115	0.00544	0.00272	0.00166	0.00563
17	0.88991	0.00758	0.00576	0.00516	0.00758	0.00879	0.00425	0.01152	0.00667	0.01759	0.00546	0.00637	0.00425	0.00364	0.00243	0.00121	0.00303	0.00212	0.00243	0.00425
18	0.00706	0.00524	0.00674	0.00672	0.00797	0.00534	0.02601	0.01999	0.16039	0.04853	0.08549	0.19094	0.09982	0.01014	0.04493	0.00175	0.00336	0.26168	0.00369	0.00419
19	0.00540	0.00417	0.00489	0.00458	0.00583	0.00364	0.00346	0.00691	0.01000	0.01352	0.45446	0.03086	0.34437	0.00835	0.00447	0.00122	0.00197	0.00716	0.02521	0.05952
20	0.00546	0.00421	0.00481	0.00485	0.00580	0.01269	0.00352	0.01732	0.00904	0.02654	0.20252	0.23415	0.37964	0.05045	0.00556	0.00149	0.01652	0.00831	0.00370	0.00345
21	0.02527	0.03315	0.24529	0.02241	0.07472	0.14858	0.07743	0.02806	0.05183	0.04130	0.02774	0.00933	0.00666	0.00379	0.00361	0.00106	0.00495	0.00311	0.00226	0.18946
22	0.01213	0.43491	0.01583	0.00844	0.01097	0.37367	0.00722	0.01325	0.00917	0.00940	0.00569	0.00680	0.00505	0.00392	0.00374	0.00098	0.06985	0.00238	0.00183	0.00477
23	0.01468	0.01087	0.01164	0.00897	0.01207	0.01205	0.00740	0.78977	0.05373	0.02435	0.00970	0.00964	0.00690	0.00473	0.00392	0.00118	0.00426	0.00357	0.00392	0.00665
24	0.00970	0.00680	0.01037	0.38774	0.01751	0.00742	0.05374	0.08471	0.00975	0.16914	0.05750	0.07080	0.04271	0.00530	0.00409	0.00129	0.00420	0.01904	0.03333	0.00486
25	0.00558	0.00407	0.00477	0.00465	0.00579	0.00358	0.00349	0.00692	0.00977	0.04775	0.34683	0.09656	0.41328	0.00916	0.00464	0.00131	0.00204	0.02226	0.00395	0.00360
26	0.01018	0.03828	0.05936	0.11327	0.04684	0.19678	0.00749	0.11992	0.15366	0.01357	0.06125	0.07911	0.06053	0.00555	0.00408	0.00123	0.01652	0.00446	0.00290	0.00501
27	0.00479	0.00344	0.00454	0.00539	0.00568	0.00320	0.00362	0.00551	0.00764	0.01015	0.03993	0.81185	0.05555	0.01210	0.00498	0.00157	0.00225	0.01095	0.00365	0.00320
28	0.01237	0.36540	0.01556	0.00950	0.06369	0.31909	0.02512	0.10416	0.01038	0.01148	0.00633	0.00728	0.00533	0.00375	0.00319	0.00096	0.00531	0.00256	0.00209	0.02644
29	0.00561	0.00416	0.00608	0.00607	0.00671	0.00476	0.00463	0.00690	0.00642	0.00920	0.04059	0.01684	0.01119	0.10486	0.74048	0.00589	0.00957	0.00444	0.00221	0.00340
30	0.86812	0.00756	0.00585	0.00520	0.00764	0.00872	0.00428	0.01171	0.00679	0.03815	0.00571	0.00654	0.00438	0.00367	0.00246	0.00121	0.00304	0.00217	0.00249	0.00431
31	0.66097	0.00789	0.00684	0.00600	0.00841	0.00899	0.00498	0.15056	0.00890	0.01829	0.00750	0.01027	0.00630	0.00446	0.00295	0.00126	0.00330	0.07473	0.00279	0.00460
32	0.01115	0.57654	0.01715	0.00815	0.06006	0.09528	0.00690	0.05693	0.00908	0.06043	0.00747	0.06130	0.00680	0.00416	0.00302	0.00096	0.00434	0.00299	0.00217	0.00513
33	0.01087	0.63065	0.01903	0.00817	0.01124	0.11104	0.07957	0.01227	0.00840	0.02368	0.00590	0.00700	0.00520	0.00364	0.00339	0.00095	0.04973	0.00247	0.00180	0.00499
34	0.00489	0.00397	0.00433	0.00426	0.00546	0.00341	0.00319	0.00611	0.00950	0.01198	0.25679	0.05024	0.60330	0.00945	0.00464	0.00130	0.00195	0.00800	0.00382	0.00341
35	0.00970	0.00800	0.00854	0.00764	0.00981	0.00909	0.00595	0.03302	0.71391	0.04612	0.05254	0.01619	0.05077	0.00562	0.00404	0.00132	0.00303	0.00469	0.00402	0.00599
36	0.00863	0.02487	0.16970	0.39768	0.15360	0.05224	0.02282	0.01130	0.00843	0.04910	0.00826	0.06114	0.00679	0.00435	0.00391	0.00126	0.00508	0.00380	0.00203	0.00500
37	0.00815	0.00516	0.00631	0.00614	0.00733	0.00518	0.00449	0.02468	0.17407	0.14543	0.06542	0.39973	0.03415	0.06178	0.02151	0.00166	0.00286	0.00767	0.01389	0.00441
38	0.00569	0.00372	0.00438	0.00449	0.00452	0.00369	0.00262	0.00562	0.00586	0.00781	0.01295	0.12267	0.01496	0.68622	0.01778	0.08242	0.00359	0.00614	0.00246	0.00241
39	0.15264	0.00640	0.00773	0.00652	0.00873	0.00634	0.03461	0.05463	0.07393	0.28572	0.07799	0.04369	0.13942	0.00743	0.05135	0.00156	0.00350	0.02895	0.00379	0.00508
40	0.00873	0.00868	0.03430	0.03793	0.50209	0.02949	0.02411	0.01084	0.02323	0.01199	0.03341	0.11153	0.03356	0.00531	0.00514	0.00129	0.10611	0.00463	0.00226	0.00535
41	0.00653	0.00532	0.00578	0.00613	0.00676	0.07198	0.00445	0.04593	0.00821	0.01051	0.01761	0.40024	0.03246	0.15900	0.06087	0.00224	0.00377	0.14562	0.00320	0.00341
42	0.00484	0.00347	0.00462	0.00551	0.00578	0.00324	0.00374	0.00557	0.00759	0.01009	0.02185	0.81235	0.03824	0.01218	0.00502	0.00160	0.00233	0.04514	0.00364	0.00320
43	0.00580	0.00509	0.02719	0.00868	0.13711	0.00456	0.03319	0.00701	0.00816	0.01093	0.05829	0.53328	0.12573	0.00989	0.00472	0.00146	0.00283	0.00897	0.00330	0.00383
44	0.05162	0.02546	0.21343	0.03386	0.01623	0.03521	0.33439	0.07942	0.02438	0.04938	0.00881	0.03975	0.00703	0.00433	0.00446	0.00130	0.03632	0.02697	0.00233	0.00534
45	0.01257	0.04078	0.02960	0.01117	0.06560	0.16063	0.16586	0.34421	0.01328	0.04421	0.01008	0.01083	0.05044	0.00445	0.00396	0.00117	0.00511	0.00377	0.01660	0.00569
46	0.06531	0.11023	0.06013	0.02359	0.08001	0.13589	0.25172	0.06135	0.00937	0.02279	0.00923	0.01097	0.05843	0.01653	0.00481	0.03587	0.03288	0.00374	0.00220	0.00493

[dist]
# distance from previous block
# <min> <max>
12	14

[block]
# block no. 9 follows, 69 sequences, length 31
# corresponding to MSA columns:
# 751-781
name=unknown_J
#
# <colnr> <probs for GDERKNQSTAVLIFYWHMCP>
#	G	D	E	R	K	N	Q	S	T	A	V	L	I	F	Y	W	H	M	C	P
0	0.00655	0.00371	0.00548	0.02709	0.00626	0.00378	0.00413	0.00583	0.00600	0.00798	0.01016	0.06878	0.01065	0.02491	0.05414	0.61565	0.00377	0.13071	0.00215	0.00226
1	0.00860	0.00968	0.14745	0.06027	0.15057	0.06395	0.03604	0.02796	0.06275	0.05533	0.01249	0.16541	0.03506	0.00758	0.05562	0.00162	0.03228	0.04249	0.00266	0.02219
2	0.00534	0.00419	0.02499	0.00560	0.00621	0.00368	0.01820	0.00633	0.02224	0.02634	0.02191	0.62865	0.11084	0.08832	0.00624	0.00174	0.00258	0.00977	0.00348	0.00335
3	0.02046	0.00539	0.00715	0.00634	0.00829	0.00481	0.00509	0.01309	0.00988	0.44327	0.03017	0.17904	0.11041	0.00778	0.00444	0.00139	0.00300	0.13064	0.00426	0.00510
4	0.00933	0.08807	0.46511	0.01187	0.04348	0.10523	0.15194	0.02509	0.04106	0.01220	0.00734	0.00868	0.00549	0.00373	0.00378	0.00120	0.00578	0.00317	0.00189	0.00554
5	0.05094	0.03629	0.23344	0.06041	0.07673	0.04327	0.19443	0.13784	0.07290	0.01447	0.00813	0.00957	0.00611	0.00420	0.01155	0.00129	0.02697	0.00353	0.00234	0.00559
6	0.00504	0.00369	0.00474	0.00549	0.00586	0.00352	0.00371	0.00623	0.04595	0.01041	0.03933	0.75675	0.05579	0.02688	0.00520	0.00160	0.00232	0.01054	0.00365	0.00333
7	0.00900	0.00840	0.01403	0.07161	0.66937	0.00850	0.01065	0.01105	0.00846	0.01196	0.00821	0.01235	0.00744	0.11174	0.00593	0.00152	0.00457	0.01764	0.00201	0.00557
8	0.00920	0.01190	0.25342	0.05649	0.25952	0.01974	0.04232	0.04299	0.07264	0.05133	0.00935	0.07719	0.00789	0.00476	0.00458	0.00129	0.06339	0.00405	0.00234	0.00560
9	0.01044	0.08166	0.11298	0.04615	0.27584	0.19901	0.14239	0.02217	0.02768	0.01175	0.00754	0.03080	0.00627	0.00390	0.00383	0.00116	0.00554	0.00349	0.00202	0.00540
10	0.00623	0.00474	0.00612	0.00585	0.00624	0.00547	0.00424	0.00720	0.02437	0.00912	0.01223	0.01959	0.05430	0.35619	0.27879	0.00393	0.13288	0.00487	0.05441	0.00323
11	0.12993	0.00549	0.00606	0.00555	0.00717	0.00549	0.00427	0.04108	0.09745	0.12101	0.20661	0.13419	0.18649	0.00748	0.00415	0.00130	0.00252	0.00629	0.02312	0.00439
12	0.00975	0.00842	0.00886	0.00798	0.01019	0.00975	0.00621	0.02083	0.83069	0.01640	0.01596	0.01463	0.01197	0.00532	0.00399	0.00133	0.00310	0.00443	0.00399	0.00621
13	0.00717	0.00428	0.00501	0.00478	0.00522	0.00422	0.00297	0.00779	0.03745	0.10322	0.01328	0.06294	0.01419	0.69216	0.01682	0.00331	0.00365	0.00571	0.00278	0.00305
14	0.01059	0.25887	0.06813	0.01197	0.01550	0.12697	0.36929	0.05991	0.00957	0.01184	0.00695	0.00862	0.00553	0.00357	0.00388	0.00113	0.01704	0.00342	0.00199	0.00521
15	0.01012	0.74779	0.13416	0.00733	0.01102	0.01463	0.00778	0.01183	0.00801	0.00967	0.00567	0.00656	0.00502	0.00341	0.00268	0.00089	0.00441	0.00221	0.00167	0.00514
16	0.08866	0.00741	0.00921	0.00716	0.01013	0.00703	0.00592	0.14926	0.01198	0.62698	0.01374	0.01263	0.00897	0.00482	0.00384	0.00122	0.00347	0.01666	0.00448	0.00642
17	0.01163	0.45486	0.04790	0.01006	0.11517	0.21469	0.00794	0.07583	0.00967	0.01109	0.00621	0.00722	0.00531	0.00366	0.00309	0.00096	0.00501	0.00252	0.00197	0.00522
18	0.00538	0.00435	0.00484	0.00467	0.00592	0.00397	0.00354	0.00749	0.07485	0.01285	0.31395	0.03307	0.48048	0.00891	0.00459	0.00130	0.00205	0.02020	0.00390	0.00368
19	0.15191	0.00729	0.00844	0.00693	0.00958	0.00737	0.00561	0.03960	0.22326	0.44543	0.04394	0.01306	0.01035	0.00489	0.00374	0.00124	0.00320	0.00389	0.00420	0.00606
20	0.00558	0.00419	0.00521	0.00488	0.00597	0.00383	0.00367	0.00753	0.03155	0.01486	0.66875	0.02969	0.16082	0.00811	0.00456	0.00123	0.00193	0.00709	0.00415	0.02640
21	0.00933	0.01008	0.02073	0.01495	0.01864	0.00956	0.69514	0.07503	0.00994	0.01334	0.01057	0.01264	0.07184	0.00394	0.00457	0.00131	0.00606	0.00483	0.00226	0.00524
22	0.00570	0.00461	0.00661	0.00652	0.00733	0.00453	0.06896	0.00756	0.07199	0.01140	0.11778	0.56068	0.06748	0.01025	0.00504	0.00150	0.02555	0.00926	0.00356	0.00368
23	0.11612	0.00505	0.00627	0.00597	0.00698	0.00567	0.00456	0.06779	0.00754	0.01162	0.07549	0.01638	0.01166	0.13994	0.49644	0.00454	0.00749	0.00433	0.00249	0.00368
24	0.08248	0.02211	0.02497	0.01124	0.08440	0.49019	0.07108	0.05470	0.06024	0.01193	0.00701	0.00817	0.00566	0.00414	0.00405	0.00113	0.04637	0.00295	0.00223	0.00494
25	0.00688	0.00585	0.00525	0.00518	0.00548	0.12175	0.00320	0.00708	0.00660	0.00807	0.01219	0.08777	0.01387	0.67610	0.01649	0.00324	0.00414	0.00568	0.00242	0.00274
26	0.00676	0.00572	0.00620	0.00588	0.00697	0.05616	0.00449	0.06634	0.02106	0.01139	0.08687	0.02563	0.28262	0.11682	0.18636	0.00270	0.04419	0.05710	0.00305	0.00369
