[name]
unknown

[dist]
# distance from previous block
# <min> <max>
0	16

[block]
# block no. 0 follows, 69 sequences, length 15
# corresponding to MSA columns:
# 16-30
name=unknown_A
#
# <colnr> <probs for GDERKNQSTAVLIFYWHMCP>
#	G	D	E	R	K	N	Q	S	T	A	V	L	I	F	Y	W	H	M	C	P
0	0.00965	0.34745	0.29726	0.00869	0.01260	0.01132	0.03221	0.08929	0.01998	0.03321	0.02068	0.01134	0.02768	0.00441	0.00345	0.00112	0.00465	0.05745	0.00222	0.00535
1	0.10016	0.30391	0.31217	0.00861	0.02248	0.01103	0.02341	0.05039	0.03087	0.06021	0.01896	0.00895	0.02554	0.00394	0.00326	0.00110	0.00454	0.00290	0.00219	0.00539
2	0.01048	0.09674	0.01534	0.02825	0.46245	0.00952	0.08818	0.07707	0.00989	0.07977	0.05560	0.01080	0.00812	0.00392	0.00384	0.00114	0.00447	0.00367	0.00245	0.02830
3	0.00629	0.00509	0.00795	0.00828	0.09244	0.00520	0.08259	0.00741	0.00694	0.00961	0.03258	0.13520	0.01345	0.29627	0.26940	0.00369	0.00596	0.00570	0.00243	0.00354
4	0.00928	0.61717	0.09277	0.00704	0.01009	0.01283	0.00706	0.01086	0.00766	0.00949	0.00659	0.00827	0.00597	0.00854	0.16969	0.00196	0.00559	0.00259	0.00176	0.00480
5	0.01575	0.09547	0.01061	0.00732	0.01032	0.00801	0.00613	0.12721	0.08993	0.56659	0.01367	0.01221	0.00903	0.00472	0.00380	0.00118	0.00353	0.00374	0.00432	0.00646
6	0.05367	0.00777	0.00948	0.00733	0.01028	0.00755	0.00604	0.23764	0.01288	0.55233	0.01329	0.01202	0.00866	0.00475	0.00383	0.00119	0.00353	0.00374	0.03756	0.00645
7	0.00761	0.00411	0.00539	0.00561	0.00648	0.00377	0.00402	0.00860	0.00835	0.17488	0.01944	0.58578	0.02097	0.00997	0.00456	0.00145	0.00247	0.02594	0.09667	0.00393
8	0.00951	0.50711	0.11661	0.00724	0.01020	0.04742	0.00710	0.04097	0.00850	0.02625	0.00921	0.17570	0.00931	0.00527	0.00328	0.00106	0.00412	0.00409	0.00222	0.00483
9	0.00591	0.17389	0.00769	0.00559	0.00653	0.00564	0.00420	0.00676	0.00778	0.01002	0.03760	0.61479	0.07894	0.01026	0.00448	0.00142	0.00262	0.00906	0.00327	0.00357
10	0.00485	0.00349	0.00454	0.00535	0.00564	0.00326	0.00359	0.00554	0.00752	0.00994	0.02210	0.74756	0.07140	0.05990	0.00583	0.00171	0.00237	0.02868	0.00357	0.00316
11	0.02829	0.00647	0.00990	0.55985	0.02020	0.00771	0.00871	0.07537	0.00858	0.01147	0.01023	0.17853	0.00962	0.00620	0.02228	0.00145	0.00456	0.00499	0.02132	0.00428
12	0.00751	0.00708	0.01195	0.81382	0.06514	0.00874	0.01094	0.01011	0.00789	0.01015	0.00699	0.01042	0.00527	0.00390	0.00392	0.00130	0.00520	0.00348	0.00175	0.00444
13	0.00532	0.00413	0.00600	0.17313	0.00991	0.00429	0.00508	0.00642	0.00768	0.01018	0.04257	0.66727	0.02216	0.01050	0.00478	0.00153	0.00285	0.00951	0.00328	0.00343
14	0.01021	0.48733	0.01510	0.00729	0.00965	0.19381	0.00634	0.01129	0.00851	0.00947	0.00877	0.17540	0.00917	0.00536	0.00350	0.00105	0.02705	0.00402	0.00214	0.00454

[dist]
# distance from previous block
# <min> <max>
0	1

[block]
# block no. 1 follows, 69 sequences, length 16
# corresponding to MSA columns:
# 32-47
name=unknown_B
#
# <colnr> <probs for GDERKNQSTAVLIFYWHMCP>
#	G	D	E	R	K	N	Q	S	T	A	V	L	I	F	Y	W	H	M	C	P
0	0.00855	0.00684	0.00807	0.00586	0.00922	0.00519	0.00468	0.01024	0.00828	0.05882	0.00791	0.03570	0.00667	0.00331	0.00303	0.00065	0.00291	0.00270	0.00251	0.80888
1	0.00944	0.05099	0.06338	0.12396	0.26667	0.05657	0.08890	0.03105	0.17650	0.01297	0.03194	0.01157	0.02521	0.00432	0.00418	0.00123	0.02932	0.00383	0.00245	0.00553
2	0.01187	0.03030	0.03270	0.05725	0.19132	0.26106	0.05677	0.10770	0.08138	0.05918	0.00845	0.00985	0.00666	0.02005	0.02054	0.00131	0.03230	0.00339	0.00252	0.00542
3	0.00514	0.00405	0.00466	0.00477	0.00576	0.00368	0.00347	0.00675	0.04859	0.01197	0.22717	0.23904	0.40114	0.00983	0.00469	0.00137	0.00208	0.00852	0.00382	0.00351
4	0.04664	0.01131	0.13230	0.05194	0.10065	0.03263	0.10871	0.27169	0.13204	0.03441	0.03247	0.01069	0.00776	0.00435	0.00393	0.00123	0.00464	0.00372	0.00297	0.00591
5	0.01108	0.08585	0.15716	0.03187	0.14515	0.02268	0.05679	0.13612	0.12376	0.12433	0.02400	0.02810	0.00806	0.00447	0.00403	0.00121	0.02282	0.00373	0.00290	0.00589
6	0.01355	0.04449	0.01194	0.01023	0.01210	0.68393	0.03532	0.01462	0.01029	0.00966	0.00599	0.00736	0.00509	0.00436	0.00474	0.00111	0.11600	0.00270	0.00197	0.00455
7	0.00483	0.00350	0.00457	0.00532	0.00568	0.00324	0.00360	0.00563	0.00790	0.01052	0.09127	0.73895	0.07694	0.01178	0.00495	0.00155	0.00222	0.01063	0.00370	0.00324
8	0.04373	0.05009	0.04036	0.01131	0.07107	0.26252	0.17666	0.09170	0.06959	0.07959	0.00956	0.04490	0.02230	0.00446	0.00389	0.00118	0.00535	0.00381	0.00264	0.00528
9	0.01344	0.07200	0.03091	0.02739	0.07914	0.41925	0.03094	0.11371	0.05473	0.09204	0.00803	0.00874	0.00618	0.00420	0.00384	0.00110	0.02344	0.00304	0.00258	0.00530
10	0.00477	0.00378	0.00430	0.00459	0.00549	0.00330	0.00328	0.00574	0.00864	0.01089	0.11149	0.32899	0.46972	0.01058	0.00476	0.00141	0.00207	0.00918	0.00371	0.00330
11	0.00611	0.00394	0.00395	0.00393	0.00507	0.00367	0.00295	0.00780	0.03217	0.01275	0.02567	0.02560	0.40258	0.00714	0.00368	0.00112	0.00194	0.00587	0.44049	0.00356
12	0.02851	0.01099	0.14321	0.11646	0.13610	0.03220	0.04921	0.18463	0.13889	0.09129	0.00969	0.01050	0.00710	0.00431	0.00405	0.00124	0.01926	0.00359	0.00288	0.00589
13	0.00480	0.00350	0.00452	0.00527	0.00565	0.00322	0.00357	0.00557	0.00783	0.01035	0.06264	0.72970	0.11532	0.01182	0.00495	0.00155	0.00222	0.01064	0.00367	0.00322
14	0.00860	0.05431	0.28066	0.00902	0.01232	0.08125	0.11137	0.01117	0.00922	0.07923	0.10070	0.07434	0.13966	0.00578	0.00410	0.00125	0.00448	0.00497	0.00271	0.00487
15	0.02325	0.02182	0.01060	0.03806	0.01155	0.00657	0.11516	0.03676	0.03250	0.03101	0.00757	0.00882	0.00606	0.00318	0.00324	0.00078	0.00357	0.00280	0.00240	0.63428

[dist]
# distance from previous block
# <min> <max>
3	16

[block]
# block no. 2 follows, 69 sequences, length 12
# corresponding to MSA columns:
# 66-77
name=unknown_C
#
# <colnr> <probs for GDERKNQSTAVLIFYWHMCP>
#	G	D	E	R	K	N	Q	S	T	A	V	L	I	F	Y	W	H	M	C	P
0	0.08455	0.03341	0.44036	0.01098	0.01559	0.00917	0.17348	0.06364	0.00924	0.09381	0.00801	0.00909	0.00568	0.00378	0.00379	0.00123	0.00530	0.00329	0.00225	0.02334
1	0.06366	0.65318	0.15023	0.00733	0.01101	0.01380	0.00777	0.01205	0.00803	0.03427	0.00599	0.00681	0.00511	0.00347	0.00274	0.00094	0.00435	0.00228	0.00181	0.00515
2	0.00476	0.00346	0.00450	0.00534	0.00565	0.00319	0.00359	0.00547	0.00762	0.01006	0.02308	0.79275	0.09189	0.01209	0.00497	0.00157	0.00225	0.01091	0.00364	0.00319
3	0.00478	0.00341	0.00455	0.00546	0.00569	0.00318	0.00364	0.00546	0.00751	0.01001	0.02161	0.85966	0.02593	0.01228	0.00500	0.00159	0.00227	0.01114	0.00364	0.00318
4	0.01487	0.01015	0.01115	0.00864	0.01169	0.01104	0.00711	0.64361	0.08352	0.14113	0.01081	0.01040	0.00753	0.00478	0.00393	0.00119	0.00407	0.00366	0.00406	0.00663
5	0.01469	0.01040	0.01129	0.00876	0.01181	0.01142	0.00720	0.68871	0.08672	0.09267	0.01048	0.01019	0.00737	0.00477	0.00393	0.00119	0.00413	0.00364	0.00401	0.00663
6	0.00549	0.00416	0.00508	0.00482	0.00589	0.00383	0.00363	0.00748	0.03986	0.01459	0.62754	0.03066	0.21573	0.00835	0.00460	0.00126	0.00192	0.00726	0.00415	0.00370
7	0.01048	0.86458	0.02054	0.00671	0.01006	0.01551	0.00671	0.01174	0.00797	0.00922	0.00545	0.00629	0.00503	0.00335	0.00252	0.00084	0.00419	0.00210	0.00168	0.00503
8	0.00800	0.00658	0.00819	0.00749	0.03149	0.00696	0.05190	0.01404	0.38228	0.03593	0.30006	0.03921	0.07819	0.00655	0.00431	0.00129	0.00282	0.00574	0.00392	0.00503
9	0.00813	0.00697	0.00813	0.00581	0.00929	0.00523	0.00465	0.00987	0.00813	0.01277	0.00697	0.00813	0.00581	0.00290	0.00290	0.00058	0.00290	0.00232	0.00232	0.88619
10	0.00478	0.00341	0.00455	0.00546	0.00569	0.00318	0.00364	0.00546	0.00751	0.01001	0.02161	0.85966	0.02593	0.01228	0.00500	0.00159	0.00227	0.01114	0.00364	0.00318
11	0.03583	0.02441	0.13154	0.02611	0.18612	0.02460	0.09357	0.21193	0.15121	0.01627	0.03698	0.02629	0.00837	0.00444	0.00394	0.00123	0.00453	0.00387	0.00286	0.00589

[dist]
# distance from previous block
# <min> <max>
7	10

[block]
# block no. 3 follows, 69 sequences, length 24
# corresponding to MSA columns:
# 89-112
name=unknown_D
#
# <colnr> <probs for GDERKNQSTAVLIFYWHMCP>
#	G	D	E	R	K	N	Q	S	T	A	V	L	I	F	Y	W	H	M	C	P
0	0.00904	0.11073	0.37744	0.01008	0.03953	0.02757	0.06636	0.06643	0.06697	0.02709	0.00901	0.05528	0.00748	0.00444	0.00373	0.00117	0.00482	0.02742	0.00229	0.08311
1	0.00564	0.00405	0.00551	0.00551	0.00594	0.00447	0.00392	0.00650	0.00607	0.00852	0.01122	0.01938	0.01153	0.35284	0.52561	0.00533	0.00790	0.00478	0.00221	0.00306
2	0.00478	0.00341	0.00455	0.00546	0.00569	0.00318	0.00364	0.00546	0.00751	0.01001	0.02161	0.85966	0.02593	0.01228	0.00500	0.00159	0.00227	0.01114	0.00364	0.00318
3	0.00805	0.00443	0.00460	0.00436	0.00556	0.00453	0.00333	0.02605	0.09393	0.05110	0.01422	0.01537	0.04247	0.00487	0.00302	0.00099	0.00208	0.00393	0.70302	0.00409
4	0.00731	0.00365	0.00365	0.00365	0.00457	0.00365	0.00274	0.00913	0.00822	0.01462	0.01279	0.01462	0.01005	0.00457	0.00274	0.00091	0.00183	0.00365	0.88399	0.00365
5	0.01048	0.86458	0.02054	0.00671	0.01006	0.01551	0.00671	0.01174	0.00797	0.00922	0.00545	0.00629	0.00503	0.00335	0.00252	0.00084	0.00419	0.00210	0.00168	0.00503
6	0.00560	0.00420	0.00630	0.00630	0.00700	0.00490	0.00490	0.00700	0.00630	0.00910	0.01050	0.01540	0.00980	0.02940	0.84669	0.00630	0.01050	0.00420	0.00210	0.00350
7	0.01452	0.04461	0.01140	0.01000	0.01206	0.82101	0.00755	0.01553	0.01101	0.00958	0.00604	0.00705	0.00505	0.00402	0.00350	0.00100	0.00698	0.00251	0.00201	0.00456
8	0.00740	0.00697	0.01176	0.85280	0.02700	0.00871	0.01089	0.01002	0.00784	0.01002	0.00697	0.01045	0.00523	0.00392	0.00392	0.00131	0.00523	0.00348	0.00174	0.00436
9	0.01048	0.86458	0.02054	0.00671	0.01006	0.01551	0.00671	0.01174	0.00797	0.00922	0.00545	0.00629	0.00503	0.00335	0.00252	0.00084	0.00419	0.00210	0.00168	0.00503
10	0.50926	0.00604	0.00515	0.00482	0.00672	0.00648	0.00381	0.00926	0.00763	0.02999	0.03374	0.07636	0.27531	0.00638	0.00339	0.00128	0.00262	0.00487	0.00298	0.00390
11	0.01048	0.86458	0.02054	0.00671	0.01006	0.01551	0.00671	0.01174	0.00797	0.00922	0.00545	0.00629	0.00503	0.00335	0.00252	0.00084	0.00419	0.00210	0.00168	0.00503
12	0.01463	0.01056	0.01142	0.00882	0.01185	0.01162	0.00726	0.76800	0.01780	0.05180	0.01006	0.04007	0.00746	0.00498	0.00396	0.00119	0.00421	0.00382	0.00394	0.00654
13	0.00610	0.00479	0.00669	0.00642	0.00683	0.00574	0.00484	0.00706	0.00610	0.00877	0.01012	0.01692	0.01019	0.23635	0.50632	0.00495	0.14191	0.00446	0.00211	0.00334
14	0.00740	0.00697	0.01176	0.85280	0.02700	0.00871	0.01089	0.01002	0.00784	0.01002	0.00697	0.01045	0.00523	0.00392	0.00392	0.00131	0.00523	0.00348	0.00174	0.00436
15	0.01490	0.01098	0.01177	0.00902	0.01216	0.01216	0.00745	0.82470	0.01843	0.02471	0.00941	0.00941	0.00667	0.00471	0.00392	0.00118	0.00431	0.00353	0.00392	0.00667
16	0.00813	0.00697	0.00813	0.00581	0.00929	0.00523	0.00465	0.00987	0.00813	0.01277	0.00697	0.00813	0.00581	0.00290	0.00290	0.00058	0.00290	0.00232	0.00232	0.88619
17	0.00666	0.00345	0.00498	0.00500	0.00502	0.00345	0.00329	0.00526	0.00529	0.00713	0.00783	0.03133	0.00807	0.10268	0.01532	0.75571	0.00339	0.00382	0.02049	0.00185
18	0.01462	0.01084	0.01160	0.00896	0.01205	0.01202	0.00738	0.78014	0.06346	0.02425	0.00978	0.00970	0.00696	0.00474	0.00393	0.00119	0.00425	0.00358	0.00393	0.00664
19	0.05786	0.01814	0.01085	0.00986	0.01190	0.80512	0.00741	0.01545	0.01089	0.00999	0.00603	0.00704	0.00501	0.00402	0.00348	0.00102	0.00687	0.00251	0.00204	0.00453
20	0.00871	0.04302	0.19918	0.01405	0.27499	0.02237	0.08114	0.01289	0.14277	0.01343	0.11900	0.01329	0.02871	0.00457	0.00399	0.00122	0.00442	0.00412	0.00256	0.00557
21	0.00560	0.00418	0.00621	0.00621	0.00688	0.00485	0.00479	0.00695	0.00628	0.00904	0.01058	0.01584	0.00999	0.06475	0.81159	0.00619	0.01022	0.00426	0.00211	0.00345
22	0.00610	0.01824	0.04740	0.00599	0.00691	0.00494	0.01950	0.00730	0.00711	0.02426	0.10623	0.04108	0.04407	0.26410	0.34322	0.00402	0.02077	0.02279	0.00257	0.00342
23	0.06972	0.03097	0.00831	0.00579	0.00919	0.00576	0.00468	0.01004	0.00802	0.01301	0.00682	0.00796	0.00568	0.00297	0.00286	0.00063	0.00295	0.00230	0.00231	0.80004

[dist]
# distance from previous block
# <min> <max>
3	10

[block]
# block no. 4 follows, 69 sequences, length 16
# corresponding to MSA columns:
# 124-139
name=unknown_E
#
# <colnr> <probs for GDERKNQSTAVLIFYWHMCP>
#	G	D	E	R	K	N	Q	S	T	A	V	L	I	F	Y	W	H	M	C	P
0	0.11166	0.00891	0.00989	0.00760	0.01068	0.00914	0.00626	0.40923	0.01379	0.23576	0.01022	0.00992	0.00707	0.00437	0.00362	0.00111	0.00372	0.00331	0.00377	0.12996
1	0.00806	0.00691	0.00799	0.00584	0.00917	0.00537	0.00465	0.01023	0.04826	0.01286	0.00877	0.00968	0.04075	0.00331	0.00303	0.00065	0.00287	0.00267	0.00246	0.80646
2	0.00657	0.00492	0.00663	0.00713	0.07726	0.00535	0.00456	0.00754	0.02340	0.02551	0.05132	0.02057	0.01292	0.43810	0.20658	0.00372	0.07381	0.01832	0.00242	0.00336
3	0.00813	0.00697	0.00813	0.00581	0.00929	0.00523	0.00465	0.00987	0.00813	0.01277	0.00697	0.00813	0.00581	0.00290	0.00290	0.00058	0.00290	0.00232	0.00232	0.88619
4	0.01461	0.01083	0.01160	0.00896	0.01204	0.01202	0.00738	0.77852	0.06509	0.02423	0.00979	0.00971	0.00697	0.00474	0.00393	0.00119	0.00424	0.00358	0.00393	0.00664
5	0.02489	0.22463	0.16221	0.04258	0.06845	0.04599	0.00840	0.10245	0.03276	0.21152	0.02266	0.00974	0.00712	0.00412	0.00350	0.00111	0.00438	0.00316	0.00284	0.01750
6	0.01024	0.01887	0.06008	0.00803	0.04962	0.04314	0.01834	0.06788	0.04975	0.17607	0.03102	0.05597	0.09255	0.00674	0.05282	0.00143	0.06070	0.00428	0.00312	0.18934
7	0.00478	0.00350	0.00450	0.00526	0.00564	0.00322	0.00356	0.00555	0.00781	0.01028	0.05169	0.72892	0.12722	0.01184	0.00494	0.00155	0.00222	0.01065	0.00366	0.00322
8	0.00740	0.00697	0.01176	0.85280	0.02700	0.00871	0.01089	0.01002	0.00784	0.01002	0.00697	0.01045	0.00523	0.00392	0.00392	0.00131	0.00523	0.00348	0.00174	0.00436
9	0.00990	0.04643	0.22477	0.02801	0.21401	0.00943	0.24687	0.02603	0.05636	0.08702	0.00862	0.01008	0.00641	0.00374	0.00402	0.00123	0.00529	0.00371	0.00228	0.00581
10	0.00545	0.00369	0.00494	0.00566	0.00609	0.00347	0.00400	0.00633	0.00794	0.03801	0.06030	0.67104	0.02520	0.03483	0.00541	0.00165	0.00249	0.10648	0.00367	0.00335
11	0.00786	0.02028	0.84191	0.01117	0.01697	0.00910	0.01448	0.01242	0.00828	0.01242	0.00704	0.00828	0.00497	0.00372	0.00372	0.00124	0.00579	0.00290	0.00166	0.00579
12	0.00591	0.00615	0.09658	0.00552	0.00736	0.00450	0.01995	0.02130	0.02580	0.03588	0.17302	0.06232	0.49089	0.00857	0.00451	0.00131	0.00260	0.02036	0.00356	0.00390
13	0.00732	0.00552	0.00781	0.00973	0.19493	0.00550	0.00570	0.00903	0.05958	0.06550	0.03105	0.29233	0.07637	0.16031	0.03400	0.00197	0.01917	0.00690	0.00306	0.00420
14	0.01550	0.00621	0.00828	0.00660	0.00920	0.00549	0.00538	0.01714	0.02491	0.68044	0.01545	0.03070	0.01074	0.03922	0.00456	0.00132	0.00322	0.03460	0.07498	0.00607
15	0.01464	0.01868	0.01111	0.01010	0.01212	0.84648	0.00757	0.01565	0.01111	0.00959	0.00606	0.00707	0.00505	0.00404	0.00353	0.00101	0.00707	0.00252	0.00202	0.00454

[dist]
# distance from previous block
# <min> <max>
0	202

# created by:
# /usr/local/bin/augustus/scripts/msa2prfl.pl /tmp/new_cug2/without_ca_b/capping-protein-class-2.fasta
