[name]
unknown

[dist]
# distance from previous block
# <min> <max>
61	307

[block]
# block no. 0 follows, 45 sequences, length 11
# corresponding to MSA columns:
# 769-779
name=unknown_A
#
# <colnr> <probs for GDERKNQSTAVLIFYWHMCP>
#	G	D	E	R	K	N	Q	S	T	A	V	L	I	F	Y	W	H	M	C	P
0	0.05864	0.04166	0.08180	0.03442	0.01229	0.13758	0.00797	0.01329	0.06135	0.01428	0.01694	0.24787	0.01792	0.11867	0.04171	0.05380	0.02305	0.00789	0.00358	0.00528
1	0.09477	0.06651	0.16989	0.01316	0.05925	0.13946	0.05221	0.06961	0.04591	0.11017	0.01311	0.07207	0.01071	0.00644	0.00518	0.00163	0.01747	0.00511	0.04014	0.00721
2	0.09167	0.07706	0.13475	0.01184	0.05186	0.05662	0.06589	0.01527	0.02225	0.10791	0.03658	0.16329	0.06998	0.00983	0.03673	0.00203	0.00584	0.03023	0.00391	0.00649
3	0.00924	0.04131	0.00995	0.05361	0.01169	0.00681	0.04355	0.01118	0.01176	0.07247	0.09674	0.24583	0.14440	0.01482	0.07716	0.00256	0.00501	0.11290	0.02374	0.00529
4	0.06109	0.01401	0.10098	0.06760	0.25438	0.05913	0.09418	0.07735	0.04601	0.04920	0.01347	0.10155	0.01188	0.00669	0.00548	0.00173	0.00637	0.01802	0.00345	0.00742
5	0.01100	0.04413	0.33192	0.03757	0.01818	0.01151	0.06475	0.07507	0.06289	0.01774	0.04178	0.13653	0.05903	0.00804	0.00633	0.00181	0.05459	0.00671	0.00347	0.00696
6	0.01245	0.06611	0.35316	0.06921	0.13684	0.10338	0.06699	0.01664	0.01193	0.01613	0.04245	0.01296	0.00910	0.00556	0.00591	0.00167	0.05512	0.00448	0.00259	0.00734
7	0.01023	0.08994	0.08283	0.01023	0.05780	0.00882	0.00808	0.08348	0.01290	0.04362	0.11490	0.30474	0.09622	0.01233	0.03717	0.00209	0.00468	0.00956	0.00444	0.00594
8	0.01133	0.07598	0.27303	0.01231	0.02773	0.03969	0.05994	0.04488	0.05834	0.04778	0.05974	0.20144	0.03047	0.00872	0.00565	0.00179	0.00586	0.02479	0.00376	0.00676
9	0.01034	0.01003	0.05880	0.08842	0.04303	0.07538	0.06088	0.01294	0.04008	0.06166	0.04849	0.33059	0.11536	0.01112	0.00611	0.00189	0.00498	0.00988	0.00427	0.00575
10	0.01433	0.01287	0.01338	0.18796	0.04940	0.16792	0.01000	0.10740	0.08114	0.06979	0.01433	0.05249	0.01255	0.09130	0.00768	0.00204	0.00638	0.04743	0.00379	0.04781

[dist]
# distance from previous block
# <min> <max>
3	100

[block]
# block no. 1 follows, 45 sequences, length 29
# corresponding to MSA columns:
# 898-926
name=unknown_B
#
# <colnr> <probs for GDERKNQSTAVLIFYWHMCP>
#	G	D	E	R	K	N	Q	S	T	A	V	L	I	F	Y	W	H	M	C	P
0	0.01494	0.12196	0.25345	0.01489	0.11424	0.08020	0.01314	0.15044	0.03137	0.07762	0.01156	0.01378	0.00907	0.06269	0.00655	0.00182	0.00670	0.00447	0.00340	0.00771
1	0.01357	0.05255	0.10860	0.01658	0.16804	0.13045	0.07803	0.06377	0.03830	0.03987	0.08835	0.01752	0.01365	0.08631	0.00832	0.00200	0.05842	0.00539	0.00337	0.00692
2	0.00999	0.05805	0.00885	0.00750	0.00956	0.06190	0.00595	0.01163	0.01275	0.09126	0.09325	0.10450	0.38851	0.01199	0.00614	0.00183	0.00389	0.10223	0.00489	0.00534
3	0.00966	0.05934	0.01087	0.00877	0.01096	0.08522	0.05941	0.01268	0.06951	0.01720	0.25831	0.05967	0.26875	0.01046	0.00600	0.00173	0.00421	0.03701	0.00475	0.00551
4	0.01196	0.29347	0.39630	0.01223	0.01793	0.03977	0.01401	0.01629	0.03789	0.01525	0.01126	0.08990	0.01003	0.00618	0.00471	0.00155	0.00663	0.00477	0.00268	0.00719
5	0.01228	0.03545	0.04027	0.19553	0.24417	0.02479	0.03613	0.09374	0.03315	0.01713	0.01258	0.07244	0.01149	0.06745	0.00797	0.00203	0.06126	0.02204	0.00318	0.00690
6	0.00782	0.00704	0.06213	0.00826	0.00946	0.00578	0.00637	0.05564	0.01178	0.01598	0.10128	0.62502	0.03332	0.01475	0.00658	0.00206	0.00357	0.01325	0.00491	0.00498
7	0.01415	0.01190	0.01427	0.09012	0.01740	0.02550	0.06250	0.13180	0.45449	0.04684	0.01946	0.01966	0.03769	0.00709	0.00556	0.00179	0.00518	0.02167	0.00492	0.00803
8	0.02655	0.10639	0.09672	0.01062	0.01392	0.10586	0.04301	0.07620	0.09447	0.04112	0.15186	0.04854	0.11146	0.00822	0.00571	0.00167	0.02198	0.02490	0.00422	0.00658
9	0.01325	0.09576	0.42088	0.01713	0.10791	0.01314	0.12243	0.03807	0.01237	0.09320	0.01089	0.01248	0.00790	0.00512	0.00518	0.00165	0.00732	0.00446	0.00290	0.00795
10	0.01884	0.02234	0.01518	0.01454	0.06998	0.60847	0.01034	0.09370	0.01553	0.01534	0.00942	0.01185	0.00804	0.05614	0.00634	0.00166	0.00879	0.00396	0.00305	0.00649
11	0.03213	0.08892	0.06771	0.01041	0.01347	0.10911	0.00884	0.10363	0.15569	0.07057	0.05979	0.08187	0.09900	0.02265	0.00644	0.00177	0.05030	0.00648	0.00434	0.00689
12	0.01387	0.13963	0.23099	0.01336	0.05460	0.11445	0.04294	0.07871	0.01308	0.07274	0.01298	0.08249	0.01136	0.00909	0.06088	0.00212	0.00733	0.02896	0.00332	0.00711
13	0.06712	0.00617	0.00910	0.00910	0.01020	0.00602	0.08021	0.00927	0.01039	0.01478	0.02516	0.60057	0.02915	0.01617	0.05572	0.00252	0.00454	0.03451	0.00451	0.00479
14	0.01329	0.01394	0.06297	0.01449	0.11004	0.11900	0.07725	0.09254	0.22285	0.01917	0.02137	0.06220	0.13195	0.00775	0.00562	0.00172	0.00579	0.00662	0.00418	0.00726
15	0.01461	0.07583	0.22231	0.03793	0.05235	0.07541	0.02578	0.18470	0.05380	0.07081	0.03862	0.06447	0.02839	0.00673	0.00524	0.00164	0.00626	0.00542	0.02207	0.00759
16	0.01286	0.12432	0.15202	0.03326	0.18179	0.07749	0.13613	0.05126	0.04075	0.01682	0.01490	0.04396	0.07863	0.00624	0.00531	0.00162	0.00674	0.00554	0.00308	0.00726
17	0.00823	0.08675	0.01098	0.00825	0.01031	0.00725	0.08237	0.01022	0.01263	0.01648	0.23837	0.16042	0.29092	0.01144	0.00609	0.00176	0.00368	0.01005	0.01862	0.00517
18	0.01334	0.07237	0.23083	0.01604	0.15621	0.03017	0.02553	0.12021	0.06120	0.05636	0.02810	0.09324	0.02810	0.00702	0.00582	0.00170	0.03673	0.00580	0.00360	0.00762
19	0.01588	0.01676	0.13354	0.09495	0.06069	0.14449	0.07972	0.17010	0.09090	0.08716	0.02921	0.01433	0.01015	0.00591	0.00532	0.00164	0.00687	0.00488	0.01979	0.00770
20	0.00784	0.00612	0.00913	0.01120	0.10663	0.00585	0.03304	0.00927	0.01066	0.01456	0.02570	0.61056	0.02981	0.02999	0.00694	0.00213	0.00381	0.03521	0.03654	0.00501
21	0.01366	0.01613	0.14385	0.06655	0.19123	0.12586	0.07877	0.05301	0.10354	0.04456	0.01556	0.01811	0.06435	0.00641	0.00548	0.00169	0.00675	0.03360	0.00345	0.00744
22	0.05354	0.01222	0.07862	0.04543	0.15539	0.04296	0.05277	0.07216	0.05449	0.16606	0.04604	0.09719	0.03800	0.00767	0.00585	0.00176	0.02354	0.03464	0.00428	0.00737
23	0.01504	0.01694	0.18263	0.01456	0.05835	0.09022	0.08987	0.09419	0.27001	0.08960	0.01515	0.01533	0.01110	0.00608	0.00539	0.00170	0.00639	0.00513	0.00416	0.00814
24	0.00857	0.08714	0.00911	0.00742	0.00905	0.05575	0.00575	0.01014	0.01222	0.01523	0.16071	0.17850	0.27436	0.05547	0.00730	0.00202	0.00387	0.08785	0.00464	0.00491
25	0.03054	0.12154	0.17394	0.01358	0.10648	0.03884	0.03392	0.10730	0.01357	0.07497	0.03447	0.12417	0.08873	0.00782	0.00534	0.00167	0.00568	0.00654	0.00380	0.00709
26	0.03082	0.16569	0.39006	0.09363	0.11015	0.01422	0.01573	0.06940	0.01234	0.03637	0.00976	0.01159	0.00736	0.00513	0.00484	0.00159	0.00696	0.00402	0.00268	0.00768
27	0.00756	0.00577	0.00809	0.01016	0.08471	0.00555	0.00639	0.00919	0.02756	0.01473	0.06289	0.61544	0.03254	0.03008	0.00706	0.00216	0.00358	0.05685	0.00477	0.00491
28	0.03092	0.01813	0.26786	0.04115	0.09252	0.09572	0.10584	0.05890	0.06974	0.01766	0.01274	0.06444	0.01082	0.00725	0.02285	0.00189	0.03023	0.02909	0.01504	0.00723

[dist]
# distance from previous block
# <min> <max>
2	6

[block]
# block no. 2 follows, 45 sequences, length 24
# corresponding to MSA columns:
# 933-956
name=unknown_C
#
# <colnr> <probs for GDERKNQSTAVLIFYWHMCP>
#	G	D	E	R	K	N	Q	S	T	A	V	L	I	F	Y	W	H	M	C	P
0	0.01284	0.09336	0.17228	0.07201	0.22649	0.06011	0.09631	0.01749	0.07609	0.03373	0.02663	0.01681	0.01087	0.00593	0.00535	0.00168	0.00678	0.05465	0.00308	0.00749
1	0.03624	0.12691	0.14001	0.04199	0.08701	0.09709	0.04118	0.09605	0.04572	0.04332	0.01516	0.11622	0.04937	0.00739	0.00563	0.00167	0.03254	0.00600	0.00352	0.00700
2	0.00904	0.00605	0.00804	0.00914	0.05543	0.00572	0.00607	0.01093	0.04370	0.09234	0.03007	0.51349	0.13148	0.01505	0.03471	0.00226	0.00386	0.01235	0.00496	0.00531
3	0.01096	0.08646	0.42420	0.07758	0.02040	0.01150	0.06175	0.01535	0.01162	0.05343	0.01749	0.05203	0.12091	0.00686	0.00533	0.00170	0.00662	0.00572	0.00304	0.00705
4	0.01392	0.06267	0.21372	0.02742	0.01796	0.01091	0.13666	0.06671	0.01327	0.17772	0.05005	0.03938	0.06476	0.01975	0.05893	0.00221	0.00681	0.00590	0.00394	0.00732
5	0.05241	0.11130	0.14853	0.01166	0.03553	0.15053	0.01045	0.04586	0.08966	0.06870	0.05927	0.02968	0.04655	0.00988	0.07766	0.00226	0.02082	0.01874	0.00364	0.00685
6	0.00983	0.01008	0.06612	0.01226	0.01428	0.01010	0.12761	0.04456	0.01067	0.01497	0.01698	0.16267	0.05251	0.01811	0.21739	0.00380	0.17366	0.02532	0.00335	0.00572
7	0.01271	0.02759	0.16329	0.03359	0.11278	0.02900	0.08157	0.06374	0.07226	0.10148	0.06317	0.11938	0.08004	0.00798	0.00569	0.00175	0.00567	0.00705	0.00409	0.00718
8	0.01244	0.05285	0.26428	0.01721	0.10917	0.04567	0.17599	0.01635	0.01204	0.06066	0.05923	0.06067	0.01211	0.00642	0.00651	0.00175	0.07068	0.00566	0.00308	0.00725
9	0.01023	0.01048	0.10012	0.00982	0.01235	0.04779	0.04101	0.05956	0.06368	0.04305	0.15139	0.23082	0.11565	0.01118	0.00619	0.00189	0.00458	0.06960	0.00472	0.00592
10	0.03034	0.02187	0.53207	0.01397	0.02023	0.01169	0.05760	0.05260	0.01227	0.04318	0.05875	0.01562	0.04390	0.00722	0.03217	0.00196	0.02921	0.00492	0.00298	0.00746
11	0.01469	0.03421	0.07503	0.03296	0.10986	0.12597	0.09762	0.16209	0.11401	0.03472	0.01502	0.08423	0.03254	0.01659	0.00605	0.00174	0.02539	0.00598	0.00387	0.00742
12	0.03235	0.19239	0.34074	0.06792	0.05362	0.03255	0.10818	0.03136	0.01167	0.01610	0.01053	0.05975	0.00886	0.00567	0.00499	0.00161	0.00709	0.00478	0.00262	0.00723
13	0.00836	0.00675	0.00747	0.00813	0.00899	0.05298	0.00572	0.05942	0.01180	0.01517	0.02886	0.62799	0.08354	0.01514	0.00661	0.00208	0.00374	0.03758	0.00487	0.00483
14	0.01206	0.01323	0.09307	0.28249	0.16052	0.03486	0.11596	0.06244	0.04937	0.01668	0.01132	0.03245	0.00930	0.04529	0.00702	0.00192	0.03682	0.00532	0.00292	0.00694
15	0.01276	0.07770	0.09555	0.02704	0.08208	0.09634	0.15558	0.06445	0.04301	0.04590	0.01780	0.16350	0.06634	0.00812	0.00569	0.00174	0.00631	0.01964	0.00368	0.00675
16	0.01249	0.03373	0.38120	0.01670	0.04272	0.06536	0.21030	0.06789	0.03344	0.01783	0.01161	0.06079	0.00937	0.00583	0.00552	0.00172	0.00773	0.00536	0.00289	0.00751
17	0.00841	0.00593	0.00698	0.00711	0.00855	0.00549	0.00517	0.02425	0.05806	0.06753	0.09776	0.35359	0.30365	0.01371	0.00641	0.00194	0.00314	0.01196	0.00521	0.00514
18	0.03706	0.11222	0.11479	0.04768	0.08751	0.04015	0.01060	0.12585	0.03913	0.12133	0.01456	0.10721	0.01273	0.04405	0.04223	0.00214	0.02378	0.00587	0.00391	0.00720
19	0.01516	0.11753	0.13019	0.01340	0.06368	0.14162	0.05245	0.17723	0.04758	0.04028	0.01349	0.01474	0.04300	0.00778	0.04645	0.00191	0.00700	0.00473	0.05445	0.00734
20	0.00893	0.00730	0.03137	0.08883	0.01342	0.00695	0.05959	0.04328	0.01158	0.04453	0.06061	0.44057	0.04624	0.01520	0.07305	0.00258	0.00522	0.03101	0.00443	0.00530
21	0.01246	0.01469	0.14228	0.06519	0.12890	0.01252	0.24393	0.11246	0.02824	0.01864	0.01472	0.05085	0.06309	0.00720	0.02409	0.00193	0.04216	0.00610	0.00326	0.00729
22	0.01310	0.06629	0.13779	0.05030	0.08645	0.06826	0.09672	0.15210	0.03645	0.01882	0.03154	0.05705	0.07693	0.06143	0.00716	0.00192	0.02110	0.00604	0.00357	0.00698
23	0.01348	0.06895	0.16959	0.03596	0.15091	0.05571	0.01205	0.06915	0.07056	0.09451	0.03046	0.11778	0.03748	0.00754	0.00593	0.00172	0.04085	0.00623	0.00378	0.00735

[dist]
# distance from previous block
# <min> <max>
0	3

[block]
# block no. 3 follows, 45 sequences, length 9
# corresponding to MSA columns:
# 960-968
name=unknown_D
#
# <colnr> <probs for GDERKNQSTAVLIFYWHMCP>
#	G	D	E	R	K	N	Q	S	T	A	V	L	I	F	Y	W	H	M	C	P
0	0.01280	0.13848	0.10398	0.01403	0.11934	0.04368	0.06130	0.06109	0.03360	0.07420	0.01758	0.11762	0.08406	0.00915	0.03014	0.02878	0.03326	0.00649	0.00361	0.00679
1	0.01229	0.01364	0.12421	0.09870	0.21433	0.05702	0.10635	0.03286	0.01270	0.05915	0.04597	0.05432	0.07388	0.00726	0.00574	0.00176	0.00641	0.06293	0.00346	0.00702
2	0.05014	0.06227	0.14487	0.03738	0.10937	0.07710	0.07918	0.07093	0.01300	0.08246	0.04047	0.09538	0.04647	0.00834	0.03269	0.00194	0.03134	0.00607	0.00359	0.00700
3	0.01260	0.01178	0.05552	0.09545	0.14433	0.09212	0.03483	0.04636	0.03683	0.08351	0.14527	0.08263	0.06239	0.04085	0.00692	0.00186	0.02923	0.00689	0.00405	0.00658
4	0.01121	0.07204	0.01036	0.03684	0.01128	0.03818	0.00671	0.04406	0.06235	0.10959	0.14278	0.12300	0.22505	0.01147	0.02661	0.00196	0.00430	0.05136	0.00492	0.00593
5	0.04269	0.16846	0.10206	0.03702	0.07136	0.14704	0.09453	0.15356	0.03838	0.06440	0.01070	0.01200	0.00820	0.00548	0.00516	0.00155	0.02215	0.00430	0.00340	0.00755
6	0.01322	0.14115	0.04271	0.03499	0.09184	0.04679	0.10606	0.06125	0.10267	0.07884	0.01734	0.14652	0.04442	0.04063	0.00634	0.00184	0.00568	0.00690	0.00391	0.00693
7	0.00808	0.00550	0.00717	0.00777	0.00857	0.00533	0.00552	0.03454	0.01110	0.04648	0.05679	0.52425	0.06202	0.06450	0.07937	0.00289	0.00449	0.05607	0.00481	0.00477
8	0.06060	0.03616	0.25293	0.04364	0.14614	0.01101	0.03828	0.03827	0.03264	0.01758	0.06613	0.02184	0.16462	0.00737	0.00590	0.00172	0.03884	0.00607	0.00338	0.00689

[dist]
# distance from previous block
# <min> <max>
0	1

[block]
# block no. 4 follows, 45 sequences, length 6
# corresponding to MSA columns:
# 970-975
name=unknown_E
#
# <colnr> <probs for GDERKNQSTAVLIFYWHMCP>
#	G	D	E	R	K	N	Q	S	T	A	V	L	I	F	Y	W	H	M	C	P
0	0.01351	0.01525	0.17931	0.15743	0.11921	0.04384	0.01304	0.15968	0.08048	0.05039	0.04899	0.01752	0.06487	0.00650	0.00540	0.00169	0.00621	0.00538	0.00376	0.00754
1	0.01371	0.01561	0.06689	0.03236	0.03459	0.28868	0.03984	0.04358	0.04881	0.04138	0.11278	0.08958	0.13311	0.00845	0.00560	0.00165	0.00632	0.00690	0.00398	0.00619
2	0.05915	0.02953	0.07683	0.06253	0.23308	0.01114	0.04227	0.10056	0.01406	0.18177	0.04233	0.04411	0.06569	0.00666	0.00538	0.00167	0.00559	0.00576	0.00415	0.00775
3	0.01286	0.05185	0.16272	0.11559	0.09770	0.06253	0.06105	0.08622	0.07581	0.04156	0.01403	0.05546	0.03853	0.00841	0.04165	0.02268	0.03545	0.00549	0.00335	0.00707
4	0.00951	0.00750	0.03307	0.05948	0.05169	0.00730	0.03524	0.01129	0.01071	0.07165	0.02256	0.35228	0.05615	0.05652	0.07050	0.00270	0.06142	0.04008	0.03497	0.00538
5	0.05823	0.07013	0.22241	0.03741	0.07320	0.10956	0.08342	0.05780	0.03692	0.09001	0.04342	0.05534	0.01138	0.00627	0.00543	0.00166	0.02150	0.00517	0.00344	0.00731

[dist]
# distance from previous block
# <min> <max>
25	66

[block]
# block no. 5 follows, 45 sequences, length 10
# corresponding to MSA columns:
# 1111-1120
name=unknown_F
#
# <colnr> <probs for GDERKNQSTAVLIFYWHMCP>
#	G	D	E	R	K	N	Q	S	T	A	V	L	I	F	Y	W	H	M	C	P
0	0.04132	0.19683	0.11266	0.01315	0.07122	0.10181	0.08184	0.01665	0.05240	0.05979	0.03490	0.05295	0.01179	0.03672	0.07697	0.00231	0.00711	0.00513	0.01771	0.00675
1	0.01315	0.04362	0.13278	0.01636	0.15100	0.02586	0.10749	0.07718	0.04079	0.08619	0.03649	0.08013	0.03031	0.04414	0.02260	0.00205	0.05832	0.02068	0.00366	0.00719
2	0.01253	0.08652	0.16910	0.06160	0.16908	0.04456	0.04854	0.04848	0.03845	0.04222	0.04170	0.04656	0.04903	0.00614	0.00513	0.00153	0.00603	0.00525	0.00328	0.11429
3	0.00986	0.00708	0.00786	0.00765	0.00905	0.03510	0.00552	0.04862	0.05259	0.05983	0.08095	0.25330	0.10642	0.15621	0.02607	0.00258	0.00421	0.03392	0.05977	0.03340
4	0.01275	0.03144	0.08162	0.06243	0.08190	0.04522	0.07440	0.06789	0.06459	0.10117	0.09699	0.06620	0.04525	0.04396	0.05924	0.00236	0.00624	0.04545	0.00414	0.00676
5	0.04410	0.07548	0.15140	0.01471	0.09541	0.07429	0.10751	0.09586	0.03196	0.01853	0.07144	0.04310	0.04956	0.00785	0.03626	0.00189	0.02297	0.00556	0.00343	0.04870
6	0.01265	0.06845	0.08824	0.01294	0.07557	0.02621	0.08899	0.09741	0.04544	0.07651	0.07030	0.11112	0.09203	0.02315	0.00642	0.00175	0.03515	0.00698	0.00408	0.05660
7	0.02783	0.01336	0.06433	0.11521	0.14637	0.11770	0.08319	0.04032	0.04885	0.01646	0.03316	0.04615	0.01120	0.03400	0.00754	0.04369	0.05572	0.00533	0.05539	0.03417
8	0.00859	0.03289	0.00880	0.00933	0.06570	0.00644	0.00623	0.03890	0.01166	0.03706	0.08175	0.37587	0.15043	0.06423	0.05083	0.00252	0.00430	0.03470	0.00463	0.00513
9	0.06798	0.07660	0.14002	0.05341	0.05544	0.05056	0.02318	0.14143	0.04603	0.12315	0.01443	0.07981	0.01200	0.00734	0.00568	0.02873	0.00578	0.02983	0.03133	0.00727

[dist]
# distance from previous block
# <min> <max>
50	116

[block]
# block no. 6 follows, 45 sequences, length 6
# corresponding to MSA columns:
# 1254-1259
name=unknown_G
#
# <colnr> <probs for GDERKNQSTAVLIFYWHMCP>
#	G	D	E	R	K	N	Q	S	T	A	V	L	I	F	Y	W	H	M	C	P
0	0.01037	0.04827	0.03651	0.00958	0.03871	0.00844	0.03188	0.06965	0.04787	0.04420	0.08859	0.13226	0.11113	0.08544	0.09192	0.04664	0.03078	0.00784	0.05433	0.00560
1	0.01367	0.08873	0.06058	0.01237	0.04781	0.06691	0.05504	0.16831	0.05823	0.04449	0.01491	0.09688	0.01380	0.04857	0.05860	0.03567	0.05118	0.05367	0.00386	0.00670
2	0.01076	0.04156	0.06705	0.05570	0.04256	0.00926	0.07978	0.05491	0.08264	0.05699	0.07100	0.19454	0.08160	0.01238	0.06852	0.00240	0.00574	0.05207	0.00428	0.00625
3	0.03928	0.03276	0.03762	0.04452	0.05224	0.02475	0.03479	0.07858	0.04195	0.07145	0.03310	0.06721	0.11071	0.04610	0.05622	0.14833	0.00552	0.04138	0.02784	0.00567
4	0.01239	0.07146	0.10792	0.01375	0.09730	0.08165	0.04864	0.08297	0.06861	0.01735	0.04757	0.09897	0.03509	0.03894	0.05380	0.00222	0.06177	0.00617	0.00354	0.04989
5	0.01129	0.05261	0.10110	0.03139	0.01345	0.06598	0.04610	0.07526	0.03526	0.03430	0.08680	0.11647	0.09776	0.03738	0.04824	0.00213	0.00555	0.00712	0.08937	0.04243

[dist]
# distance from previous block
# <min> <max>
0	5

[block]
# block no. 7 follows, 45 sequences, length 6
# corresponding to MSA columns:
# 1265-1270
name=unknown_H
#
# <colnr> <probs for GDERKNQSTAVLIFYWHMCP>
#	G	D	E	R	K	N	Q	S	T	A	V	L	I	F	Y	W	H	M	C	P
0	0.01208	0.10186	0.11996	0.06623	0.12357	0.01178	0.03323	0.10306	0.07652	0.03262	0.05285	0.09236	0.04813	0.06208	0.03850	0.00219	0.00597	0.00638	0.00371	0.00690
1	0.04125	0.00763	0.00844	0.00813	0.00980	0.03651	0.00606	0.06420	0.07457	0.07025	0.09341	0.24237	0.14621	0.06763	0.07837	0.00271	0.00487	0.02724	0.00480	0.00556
2	0.06463	0.10308	0.06125	0.07180	0.07380	0.07568	0.02901	0.12488	0.07996	0.03678	0.05176	0.01779	0.06183	0.00785	0.03671	0.00184	0.00604	0.02043	0.00376	0.07110
3	0.01402	0.06680	0.09694	0.04393	0.04422	0.07813	0.02953	0.18803	0.06603	0.05440	0.07216	0.10906	0.01563	0.00902	0.04044	0.00195	0.00606	0.00624	0.03047	0.02693
4	0.11670	0.06822	0.06154	0.04836	0.14066	0.03869	0.03706	0.06246	0.01249	0.06980	0.06047	0.11604	0.05326	0.04352	0.00616	0.00183	0.00520	0.00648	0.04453	0.00654
5	0.01154	0.03382	0.05885	0.04187	0.07807	0.04455	0.09217	0.05051	0.04930	0.04811	0.05622	0.12529	0.04495	0.04543	0.04655	0.00227	0.04511	0.03670	0.08244	0.00625

[dist]
# distance from previous block
# <min> <max>
4	5

[block]
# block no. 8 follows, 45 sequences, length 12
# corresponding to MSA columns:
# 1276-1287
name=unknown_I
#
# <colnr> <probs for GDERKNQSTAVLIFYWHMCP>
#	G	D	E	R	K	N	Q	S	T	A	V	L	I	F	Y	W	H	M	C	P
0	0.02477	0.02892	0.01108	0.06042	0.03299	0.02636	0.03380	0.12229	0.02889	0.05410	0.11171	0.12266	0.19169	0.01075	0.02776	0.00193	0.00466	0.03733	0.02689	0.04099
1	0.01067	0.10888	0.05749	0.01057	0.07575	0.02405	0.00810	0.06540	0.05660	0.01743	0.10201	0.07203	0.15371	0.04361	0.03955	0.00211	0.02836	0.03699	0.08066	0.00605
2	0.01255	0.01347	0.10714	0.01407	0.08605	0.09416	0.09231	0.10779	0.01363	0.04242	0.06077	0.15422	0.04426	0.03222	0.03812	0.00217	0.04101	0.03322	0.00386	0.00656
3	0.07502	0.05448	0.05033	0.01011	0.04775	0.04160	0.03431	0.05924	0.05737	0.03689	0.01892	0.17233	0.06949	0.15808	0.00941	0.00232	0.00495	0.00747	0.00389	0.08605
4	0.01118	0.13229	0.11712	0.01069	0.05604	0.01007	0.00902	0.03097	0.03546	0.06505	0.05435	0.18843	0.04613	0.03539	0.00724	0.03711	0.03643	0.03583	0.04101	0.04018
5	0.03420	0.03984	0.11806	0.02737	0.04902	0.09314	0.00893	0.07228	0.01309	0.01708	0.10679	0.12348	0.16711	0.04336	0.03487	0.00213	0.00549	0.03381	0.00405	0.00590
6	0.01440	0.09551	0.11440	0.01274	0.04752	0.10021	0.05216	0.10631	0.11761	0.07677	0.01562	0.01667	0.05859	0.00936	0.07110	0.00222	0.04945	0.00515	0.02695	0.00726
7	0.06458	0.03756	0.01205	0.07004	0.05653	0.11415	0.00837	0.08490	0.03397	0.07649	0.06115	0.12021	0.06808	0.04936	0.06633	0.00241	0.04135	0.00680	0.01949	0.00618
8	0.06827	0.05852	0.07705	0.04657	0.10675	0.00908	0.00887	0.04608	0.01197	0.07124	0.04762	0.16978	0.10926	0.04285	0.00679	0.02153	0.00473	0.03360	0.00400	0.05545
9	0.04138	0.06047	0.10566	0.01178	0.06056	0.04196	0.05303	0.07715	0.02668	0.01693	0.03721	0.07553	0.10991	0.08998	0.04097	0.00233	0.04813	0.03257	0.00361	0.06415
10	0.01253	0.08917	0.08268	0.01078	0.03722	0.01025	0.03975	0.16607	0.01433	0.07803	0.06613	0.25792	0.05894	0.01030	0.00638	0.03523	0.00485	0.00846	0.00447	0.00650
11	0.04954	0.09010	0.09093	0.04004	0.03730	0.09145	0.05124	0.23841	0.01557	0.02084	0.01399	0.04603	0.05374	0.03934	0.00649	0.00174	0.03947	0.00525	0.02427	0.04426

[dist]
# distance from previous block
# <min> <max>
9	38

[block]
# block no. 9 follows, 45 sequences, length 12
# corresponding to MSA columns:
# 1344-1355
name=unknown_J
#
# <colnr> <probs for GDERKNQSTAVLIFYWHMCP>
#	G	D	E	R	K	N	Q	S	T	A	V	L	I	F	Y	W	H	M	C	P
0	0.03215	0.08027	0.10676	0.03087	0.01527	0.05580	0.07588	0.03890	0.05380	0.01653	0.03437	0.10074	0.03813	0.04196	0.02884	0.00189	0.04928	0.00588	0.00339	0.18927
1	0.01256	0.07688	0.09880	0.05606	0.13594	0.04684	0.02981	0.05563	0.03835	0.07888	0.03397	0.13657	0.03972	0.03405	0.00607	0.00178	0.00542	0.02145	0.06216	0.02905
2	0.00964	0.02742	0.03534	0.00896	0.01063	0.04952	0.06005	0.01130	0.01122	0.05613	0.06920	0.25058	0.11659	0.12847	0.04346	0.00265	0.02405	0.03366	0.04600	0.00512
3	0.00849	0.00846	0.08543	0.00906	0.02680	0.00674	0.03447	0.03878	0.03632	0.01632	0.09154	0.28062	0.17047	0.05691	0.03320	0.00229	0.00440	0.03028	0.05410	0.00532
4	0.03725	0.13689	0.06204	0.06037	0.03855	0.03271	0.05108	0.08562	0.10859	0.12885	0.01533	0.11111	0.01314	0.00896	0.04343	0.00204	0.04680	0.00601	0.00405	0.00719
5	0.01231	0.13987	0.02990	0.01034	0.03374	0.05674	0.03265	0.06788	0.07321	0.05697	0.08754	0.07946	0.07881	0.08835	0.03722	0.00227	0.06950	0.00666	0.03037	0.00622
6	0.01068	0.08393	0.14800	0.00906	0.01202	0.00891	0.00840	0.01443	0.10106	0.07448	0.07779	0.13895	0.10639	0.05712	0.02569	0.05215	0.00481	0.00753	0.05259	0.00602
7	0.01257	0.14135	0.04923	0.05353	0.12680	0.03720	0.02943	0.05475	0.03464	0.07159	0.08279	0.07443	0.06038	0.00914	0.03288	0.01890	0.03566	0.04318	0.00378	0.02775
8	0.05379	0.06265	0.08554	0.01442	0.16466	0.06311	0.01020	0.08972	0.03640	0.09309	0.06093	0.09337	0.03888	0.05572	0.00685	0.00187	0.02314	0.00620	0.03248	0.00697
9	0.04293	0.02522	0.01017	0.04776	0.03133	0.03223	0.00708	0.08593	0.06084	0.08470	0.13654	0.15958	0.13218	0.04972	0.04846	0.00232	0.02389	0.00843	0.00470	0.00599
10	0.03104	0.03004	0.03055	0.03494	0.09440	0.02946	0.02748	0.09699	0.07138	0.01774	0.07220	0.19016	0.04813	0.11214	0.00903	0.03007	0.00483	0.03297	0.03056	0.00591
11	0.01466	0.12269	0.10334	0.01259	0.06065	0.14619	0.01048	0.08599	0.05763	0.07400	0.01460	0.05590	0.05804	0.00693	0.00623	0.00158	0.08494	0.00515	0.00357	0.07481

[dist]
# distance from previous block
# <min> <max>
10	44

[block]
# block no. 10 follows, 45 sequences, length 9
# corresponding to MSA columns:
# 1400-1408
name=unknown_K
#
# <colnr> <probs for GDERKNQSTAVLIFYWHMCP>
#	G	D	E	R	K	N	Q	S	T	A	V	L	I	F	Y	W	H	M	C	P
0	0.01070	0.02628	0.02989	0.00986	0.06005	0.00729	0.02377	0.01273	0.05002	0.11215	0.05901	0.20208	0.13143	0.09202	0.00988	0.07567	0.03308	0.02450	0.02409	0.00552
1	0.03866	0.03449	0.08044	0.03043	0.09409	0.04797	0.02265	0.09920	0.06482	0.13245	0.05274	0.14418	0.06418	0.04228	0.00653	0.00190	0.00519	0.02639	0.00446	0.00694
2	0.01349	0.09807	0.09676	0.06444	0.09750	0.06991	0.04212	0.06392	0.13071	0.08140	0.03723	0.10237	0.04530	0.00759	0.00543	0.00170	0.00574	0.02514	0.00400	0.00719
3	0.01001	0.00835	0.04025	0.03485	0.06799	0.04611	0.00703	0.01254	0.04168	0.06406	0.13516	0.14755	0.16427	0.05882	0.04122	0.00223	0.00454	0.00855	0.09921	0.00558
4	0.11940	0.09000	0.10312	0.02971	0.05877	0.04156	0.08200	0.06190	0.04710	0.01821	0.05806	0.09489	0.05862	0.00806	0.00586	0.03701	0.00544	0.03003	0.04390	0.00634
5	0.01333	0.01512	0.16285	0.04009	0.21077	0.06696	0.05329	0.06817	0.05532	0.07130	0.05175	0.05234	0.04886	0.00697	0.00605	0.00173	0.03970	0.02434	0.00362	0.00744
6	0.01148	0.01172	0.10275	0.04608	0.07788	0.03472	0.07423	0.06264	0.03131	0.05360	0.01775	0.16132	0.06516	0.05806	0.02870	0.03514	0.06800	0.00729	0.00366	0.04849
7	0.01007	0.07047	0.04464	0.06865	0.01388	0.03711	0.06722	0.06307	0.03013	0.01654	0.11180	0.22506	0.09196	0.05700	0.03255	0.00218	0.00516	0.00874	0.00412	0.03966
8	0.03956	0.05178	0.07651	0.05815	0.12265	0.13257	0.11577	0.05942	0.01295	0.03989	0.05891	0.07709	0.01338	0.03656	0.02407	0.00194	0.02769	0.00585	0.03858	0.00666

[dist]
# distance from previous block
# <min> <max>
43	178

[block]
# block no. 11 follows, 45 sequences, length 24
# corresponding to MSA columns:
# 1634-1657
name=unknown_L
#
# <colnr> <probs for GDERKNQSTAVLIFYWHMCP>
#	G	D	E	R	K	N	Q	S	T	A	V	L	I	F	Y	W	H	M	C	P
0	0.01339	0.08032	0.27570	0.05941	0.07864	0.11516	0.06407	0.03256	0.08195	0.05074	0.01207	0.05364	0.00979	0.00604	0.00546	0.00165	0.02517	0.00494	0.00311	0.02618
1	0.01091	0.02955	0.09345	0.04122	0.14951	0.01011	0.09928	0.01595	0.13356	0.03654	0.12105	0.06657	0.12187	0.00831	0.00584	0.00177	0.00524	0.03831	0.00412	0.00683
2	0.00825	0.04126	0.02674	0.00727	0.00887	0.00622	0.00557	0.05140	0.01249	0.03327	0.12645	0.33399	0.27606	0.02860	0.00671	0.00196	0.00337	0.01152	0.00494	0.00505
3	0.09961	0.01182	0.10944	0.06320	0.07614	0.01037	0.04345	0.07277	0.04092	0.15151	0.03907	0.10474	0.01409	0.02523	0.00742	0.04942	0.04882	0.02107	0.00406	0.00685
4	0.01278	0.15122	0.11910	0.04943	0.12327	0.03082	0.14993	0.08914	0.02585	0.03303	0.01625	0.07546	0.08698	0.00681	0.00537	0.00165	0.00635	0.00608	0.00335	0.00713
5	0.01199	0.01224	0.04579	0.13404	0.39473	0.01169	0.13456	0.01536	0.01180	0.01662	0.01165	0.01488	0.03273	0.00648	0.03743	0.00187	0.00694	0.00509	0.00275	0.09134
6	0.01409	0.17465	0.22434	0.09564	0.01998	0.08161	0.08450	0.04554	0.01260	0.11113	0.01241	0.07791	0.01026	0.00622	0.00509	0.00161	0.00679	0.00516	0.00326	0.00720
7	0.01615	0.01437	0.03269	0.11314	0.13642	0.11860	0.07518	0.18494	0.12142	0.08959	0.01363	0.01565	0.01037	0.00612	0.00544	0.00168	0.00657	0.02613	0.00406	0.00785
8	0.05788	0.01454	0.24097	0.05283	0.05372	0.02151	0.04700	0.01574	0.10769	0.03412	0.05934	0.11732	0.07369	0.00908	0.02360	0.00198	0.01905	0.03952	0.00375	0.00669
9	0.00874	0.00729	0.00780	0.03954	0.01017	0.03134	0.00582	0.08460	0.03851	0.01691	0.08095	0.18436	0.42028	0.01256	0.00625	0.00186	0.00361	0.02926	0.00491	0.00524
10	0.01312	0.09497	0.16741	0.04471	0.06664	0.07694	0.05706	0.07442	0.16656	0.01791	0.05060	0.01521	0.01162	0.00735	0.00709	0.08600	0.02696	0.00492	0.00345	0.00705
11	0.01192	0.17142	0.43580	0.01457	0.08564	0.05395	0.01508	0.01640	0.03156	0.01551	0.01025	0.01352	0.00850	0.08581	0.00703	0.00192	0.00710	0.00425	0.00252	0.00724
12	0.00815	0.00593	0.00729	0.00783	0.00871	0.00581	0.00546	0.09375	0.01207	0.01598	0.02917	0.63770	0.08766	0.03820	0.00723	0.00217	0.00346	0.01356	0.00498	0.00489
13	0.05619	0.01484	0.17568	0.02686	0.13232	0.05408	0.12626	0.01668	0.06099	0.06642	0.05639	0.08243	0.02728	0.00726	0.00611	0.00179	0.03881	0.03899	0.00356	0.00707
14	0.00862	0.00926	0.09514	0.01017	0.04945	0.00788	0.00808	0.01192	0.08459	0.01609	0.11494	0.29483	0.16374	0.01197	0.00737	0.00195	0.08375	0.01016	0.00445	0.00563
15	0.01449	0.01603	0.05695	0.16362	0.30801	0.19597	0.02991	0.05924	0.03020	0.01655	0.00982	0.01260	0.00792	0.00548	0.00590	0.00164	0.05101	0.00449	0.00281	0.00734
16	0.00876	0.00977	0.08568	0.00931	0.04899	0.06420	0.00736	0.01155	0.05389	0.01593	0.11719	0.15915	0.34608	0.01161	0.00611	0.00182	0.00412	0.02846	0.00456	0.00546
17	0.01439	0.06829	0.14299	0.04795	0.20710	0.06824	0.06352	0.11256	0.04340	0.07812	0.05356	0.01635	0.04759	0.00608	0.00532	0.00162	0.00638	0.00521	0.00362	0.00772
18	0.00824	0.00805	0.05340	0.01000	0.01201	0.00687	0.12393	0.01059	0.01240	0.01690	0.25815	0.25847	0.12290	0.02859	0.00719	0.00197	0.02566	0.02474	0.00466	0.00527
19	0.00819	0.04891	0.00950	0.00865	0.00990	0.04374	0.04706	0.00961	0.01076	0.01379	0.02731	0.43178	0.12311	0.03930	0.10271	0.00291	0.00537	0.04828	0.00430	0.00481
20	0.01304	0.20520	0.28111	0.05408	0.01873	0.04651	0.04567	0.04494	0.05485	0.05489	0.01271	0.01435	0.04250	0.00581	0.00517	0.00155	0.02722	0.01533	0.00305	0.05328
21	0.08420	0.05723	0.01782	0.03867	0.14762	0.07174	0.11477	0.15386	0.10904	0.08117	0.03116	0.01603	0.02765	0.00610	0.00527	0.00165	0.00612	0.01818	0.00402	0.00771
22	0.01557	0.01498	0.06122	0.14433	0.26485	0.14439	0.05084	0.06490	0.05517	0.11384	0.01193	0.01376	0.00898	0.00548	0.00530	0.00163	0.00691	0.00474	0.00344	0.00773
23	0.01005	0.08548	0.01055	0.00923	0.02603	0.04270	0.00720	0.05035	0.01224	0.03619	0.05971	0.20314	0.08022	0.07467	0.04741	0.00258	0.00513	0.22736	0.00443	0.00531

[dist]
# distance from previous block
# <min> <max>
12	18

[block]
# block no. 12 follows, 45 sequences, length 10
# corresponding to MSA columns:
# 1683-1692
name=unknown_M
#
# <colnr> <probs for GDERKNQSTAVLIFYWHMCP>
#	G	D	E	R	K	N	Q	S	T	A	V	L	I	F	Y	W	H	M	C	P
0	0.03786	0.05457	0.04542	0.13701	0.09111	0.17105	0.06209	0.10045	0.04098	0.03260	0.02860	0.04074	0.03798	0.02509	0.02992	0.00195	0.03142	0.02102	0.00339	0.00674
1	0.04010	0.10295	0.12940	0.01498	0.12753	0.08562	0.05707	0.13891	0.04113	0.05490	0.01423	0.05667	0.04947	0.00636	0.00511	0.00156	0.00619	0.00525	0.00360	0.05895
2	0.01170	0.04573	0.01195	0.03951	0.08097	0.00839	0.03432	0.07173	0.01267	0.11279	0.04563	0.20627	0.09444	0.06283	0.04532	0.00233	0.00506	0.04629	0.00442	0.05763
3	0.01490	0.03584	0.06399	0.02184	0.36282	0.08723	0.06818	0.07583	0.01393	0.10228	0.05226	0.03794	0.02670	0.00602	0.00541	0.00162	0.00637	0.00542	0.00357	0.00786
4	0.02799	0.11664	0.17808	0.01476	0.11219	0.03636	0.10244	0.03833	0.02707	0.05682	0.03841	0.15542	0.03204	0.00759	0.00539	0.00169	0.00596	0.00670	0.02918	0.00691
5	0.03029	0.05325	0.22119	0.06222	0.09623	0.07354	0.12138	0.04397	0.03305	0.08061	0.01283	0.08536	0.01074	0.00626	0.00534	0.00166	0.00678	0.00553	0.00329	0.04648
6	0.01312	0.01533	0.11570	0.01362	0.11117	0.20920	0.01036	0.01580	0.02682	0.05517	0.08384	0.05663	0.09322	0.02694	0.04232	0.00201	0.04123	0.00600	0.00357	0.05794
7	0.01422	0.07074	0.16572	0.05481	0.10643	0.13130	0.07121	0.11576	0.01397	0.03395	0.01220	0.01392	0.03548	0.00567	0.00523	0.00153	0.02113	0.00458	0.06339	0.05874
8	0.06648	0.07959	0.07773	0.03323	0.05737	0.01176	0.06091	0.14316	0.10611	0.05704	0.05775	0.08764	0.06145	0.00848	0.02759	0.00188	0.00542	0.00636	0.04299	0.00707
9	0.01122	0.01001	0.01154	0.01270	0.11624	0.09110	0.00833	0.10266	0.01271	0.01672	0.01911	0.37009	0.02078	0.01319	0.06234	0.00233	0.04807	0.00932	0.00407	0.05745

[dist]
# distance from previous block
# <min> <max>
3	11

[block]
# block no. 13 follows, 45 sequences, length 14
# corresponding to MSA columns:
# 1704-1717
name=unknown_N
#
# <colnr> <probs for GDERKNQSTAVLIFYWHMCP>
#	G	D	E	R	K	N	Q	S	T	A	V	L	I	F	Y	W	H	M	C	P
0	0.01405	0.07997	0.13524	0.01741	0.19330	0.05451	0.06735	0.09587	0.06457	0.07044	0.01272	0.05100	0.01062	0.03297	0.03216	0.00201	0.04953	0.00529	0.00345	0.00756
1	0.01332	0.08482	0.11003	0.01534	0.12313	0.14066	0.09250	0.09371	0.03837	0.01753	0.03193	0.09495	0.08388	0.00757	0.00550	0.00167	0.00645	0.02819	0.00355	0.00690
2	0.03485	0.00697	0.00956	0.01086	0.09803	0.00682	0.02399	0.03179	0.03256	0.03566	0.04051	0.38064	0.04189	0.06345	0.02967	0.02730	0.00434	0.03325	0.04735	0.04048
3	0.01263	0.08046	0.16048	0.06122	0.05615	0.07738	0.06169	0.11956	0.06724	0.01868	0.06884	0.11995	0.03827	0.00783	0.00553	0.00172	0.00607	0.02557	0.00378	0.00693
4	0.05174	0.01392	0.04798	0.04857	0.12223	0.12019	0.11426	0.13342	0.06312	0.04861	0.03035	0.09801	0.01300	0.04432	0.00680	0.00188	0.02461	0.00615	0.00378	0.00707
5	0.01379	0.07358	0.24019	0.07311	0.07851	0.10515	0.10117	0.07997	0.05084	0.03956	0.01103	0.01280	0.00834	0.00530	0.00507	0.00157	0.00707	0.00445	0.03801	0.05050
6	0.00982	0.00840	0.04420	0.03026	0.01080	0.05209	0.00672	0.06136	0.01263	0.06299	0.08064	0.30124	0.19205	0.03883	0.03977	0.00229	0.00457	0.03125	0.00470	0.00538
7	0.01343	0.06838	0.19369	0.01613	0.14110	0.08508	0.07264	0.05549	0.07012	0.06695	0.01549	0.07864	0.05564	0.00693	0.00584	0.00170	0.03606	0.00583	0.00348	0.00736
8	0.01437	0.10983	0.11468	0.06461	0.10674	0.11266	0.11207	0.06155	0.03710	0.09139	0.03581	0.05577	0.02379	0.00721	0.02753	0.00182	0.00694	0.00542	0.00347	0.00723
9	0.01002	0.01212	0.20551	0.04491	0.01451	0.00825	0.03485	0.05076	0.01201	0.05415	0.09843	0.20880	0.02234	0.10721	0.02957	0.00248	0.00557	0.06857	0.00404	0.00591
10	0.01239	0.01584	0.20216	0.09074	0.12302	0.08743	0.09224	0.05886	0.01308	0.04917	0.05504	0.08870	0.07344	0.00724	0.00561	0.00172	0.00655	0.00636	0.00344	0.00696
11	0.05047	0.08704	0.03947	0.09369	0.08198	0.04801	0.08019	0.09213	0.06231	0.05723	0.01696	0.15554	0.05497	0.00812	0.00610	0.00176	0.04656	0.00690	0.00381	0.00674
12	0.05204	0.06634	0.08086	0.05078	0.07661	0.25307	0.06537	0.08838	0.01383	0.01700	0.04839	0.06595	0.03500	0.02543	0.00619	0.00170	0.03775	0.00540	0.00330	0.00660
13	0.03157	0.01111	0.03280	0.06550	0.17690	0.02925	0.04861	0.10701	0.04519	0.09057	0.04506	0.11699	0.02640	0.03478	0.00737	0.00191	0.07150	0.03051	0.00401	0.02296

[dist]
# distance from previous block
# <min> <max>
4	36

[block]
# block no. 14 follows, 45 sequences, length 7
# corresponding to MSA columns:
# 1809-1815
name=unknown_O
#
# <colnr> <probs for GDERKNQSTAVLIFYWHMCP>
#	G	D	E	R	K	N	Q	S	T	A	V	L	I	F	Y	W	H	M	C	P
0	0.07817	0.04676	0.04969	0.28174	0.24303	0.05010	0.08626	0.01650	0.01181	0.07089	0.01036	0.01329	0.00794	0.00514	0.00517	0.00167	0.00679	0.00465	0.00288	0.00716
1	0.05494	0.01290	0.09174	0.17703	0.12100	0.03096	0.14700	0.04743	0.01255	0.07199	0.07217	0.01737	0.04848	0.00636	0.00640	0.00176	0.06403	0.00559	0.00335	0.00693
2	0.00935	0.00701	0.00896	0.04823	0.03834	0.00713	0.00677	0.04026	0.09896	0.04927	0.18133	0.20228	0.15323	0.01436	0.08146	0.00252	0.00469	0.03530	0.00489	0.00567
3	0.01123	0.01017	0.07045	0.00960	0.01236	0.05542	0.06094	0.04567	0.05800	0.10176	0.13885	0.12749	0.23197	0.01040	0.00605	0.00180	0.00453	0.03238	0.00484	0.00610
4	0.01379	0.05294	0.10363	0.16083	0.20859	0.07714	0.04084	0.07465	0.05106	0.07230	0.04810	0.04858	0.01176	0.00616	0.00534	0.00166	0.00645	0.00533	0.00344	0.00741
5	0.01251	0.01136	0.03444	0.16368	0.10778	0.05270	0.08769	0.05746	0.10420	0.05461	0.01402	0.05376	0.01217	0.07142	0.04849	0.03283	0.04649	0.02432	0.00349	0.00659
6	0.04059	0.01085	0.04028	0.04112	0.05819	0.08271	0.07858	0.08598	0.01302	0.01736	0.07322	0.17047	0.06419	0.04351	0.04651	0.00232	0.02436	0.07866	0.00400	0.02407

[dist]
# distance from previous block
# <min> <max>
3	101

# created by:
# /usr/local/bin/augustus/scripts/msa2prfl.pl /tmp/new_cug2/without_ca_b/dynactin1-p150.fasta
