[name]
unknown

[dist]
# distance from previous block
# <min> <max>
2	16

[block]
# block no. 0 follows, 32 sequences, length 14
# corresponding to MSA columns:
# 74-87
name=unknown_A
#
# <colnr> <probs for GDERKNQSTAVLIFYWHMCP>
#	G	D	E	R	K	N	Q	S	T	A	V	L	I	F	Y	W	H	M	C	P
0	0.08151	0.01766	0.15201	0.03732	0.04614	0.04185	0.07151	0.11174	0.01711	0.16404	0.01882	0.11424	0.01598	0.04107	0.00852	0.00239	0.03617	0.00771	0.00513	0.00908
1	0.00833	0.00598	0.00784	0.00927	0.00977	0.00559	0.00627	0.00955	0.01294	0.01713	0.03771	0.67299	0.07397	0.04990	0.00957	0.00287	0.00406	0.04467	0.00614	0.00543
2	0.04393	0.11180	0.22685	0.01473	0.02044	0.07852	0.01470	0.15798	0.07421	0.05195	0.03658	0.03827	0.01474	0.05807	0.00816	0.00233	0.00790	0.02501	0.00464	0.00920
3	0.05842	0.08966	0.10876	0.09068	0.11467	0.04080	0.12192	0.08499	0.01648	0.09905	0.01474	0.01730	0.01114	0.00882	0.04249	0.00244	0.00864	0.00592	0.05392	0.00918
4	0.01267	0.01193	0.02013	0.74806	0.04621	0.01491	0.01863	0.01714	0.01342	0.01714	0.01193	0.01789	0.00894	0.00671	0.00671	0.00224	0.00894	0.00596	0.00298	0.00745
5	0.00987	0.00672	0.00806	0.00814	0.00973	0.00612	0.00592	0.01196	0.01545	0.05060	0.22529	0.22440	0.24483	0.04029	0.02682	0.00261	0.00399	0.01347	0.07970	0.00604
6	0.04469	0.19820	0.16527	0.01497	0.02032	0.09192	0.06602	0.05215	0.08316	0.04884	0.05935	0.01847	0.01458	0.02959	0.02276	0.00226	0.03160	0.00582	0.02126	0.00878
7	0.03520	0.11019	0.08781	0.22361	0.02826	0.06266	0.10025	0.04273	0.09179	0.02020	0.01670	0.07602	0.03039	0.00830	0.00721	0.00216	0.03721	0.00706	0.00395	0.00832
8	0.00839	0.00613	0.00789	0.00890	0.00971	0.00563	0.00612	0.00997	0.01422	0.01900	0.16325	0.55616	0.12135	0.01927	0.00838	0.00256	0.00371	0.01729	0.00644	0.00563
9	0.01336	0.03195	0.64599	0.01996	0.07125	0.01505	0.02351	0.02055	0.01416	0.02107	0.01345	0.05524	0.01060	0.00715	0.00651	0.00215	0.00946	0.00580	0.00305	0.00972
10	0.04747	0.04263	0.06146	0.05071	0.05616	0.03816	0.05392	0.08479	0.07442	0.02232	0.06150	0.27994	0.04316	0.01420	0.03579	0.00264	0.00667	0.01108	0.00525	0.00774
11	0.01533	0.01098	0.01523	0.07253	0.06168	0.01112	0.05634	0.10884	0.06020	0.10985	0.05415	0.20549	0.10433	0.04612	0.00874	0.00251	0.00595	0.03664	0.00590	0.00805
12	0.00916	0.00682	0.00837	0.00891	0.01015	0.00636	0.00631	0.04081	0.01543	0.02043	0.18059	0.44052	0.18500	0.01814	0.00822	0.00247	0.00380	0.01608	0.00649	0.00594
13	0.55173	0.04188	0.01265	0.01024	0.01437	0.04012	0.00840	0.07076	0.01389	0.07213	0.01229	0.04584	0.01008	0.00727	0.00534	0.00204	0.02760	0.00480	0.00458	0.04399

[dist]
# distance from previous block
# <min> <max>
10	25

[block]
# block no. 1 follows, 32 sequences, length 15
# corresponding to MSA columns:
# 165-179
name=unknown_B
#
# <colnr> <probs for GDERKNQSTAVLIFYWHMCP>
#	G	D	E	R	K	N	Q	S	T	A	V	L	I	F	Y	W	H	M	C	P
0	0.00826	0.00608	0.00774	0.00887	0.00966	0.00556	0.00606	0.00969	0.01379	0.01818	0.10455	0.58737	0.15011	0.01973	0.00841	0.00260	0.00375	0.01768	0.00634	0.00556
1	0.01652	0.01726	0.07760	0.06348	0.15042	0.06784	0.17462	0.12590	0.01742	0.02346	0.01581	0.04605	0.01341	0.01241	0.08909	0.00310	0.00989	0.03177	0.03506	0.00890
2	0.05807	0.01710	0.10907	0.11969	0.23292	0.04047	0.04326	0.10240	0.03977	0.04218	0.02786	0.08351	0.01474	0.03074	0.00755	0.00226	0.00777	0.00720	0.00428	0.00917
3	0.01540	0.05089	0.17032	0.11934	0.12041	0.05469	0.29423	0.02065	0.01518	0.02037	0.01359	0.01909	0.01089	0.00663	0.00711	0.00217	0.00994	0.03677	0.00333	0.00900
4	0.01092	0.00795	0.00966	0.01004	0.01133	0.00745	0.00713	0.04822	0.01626	0.02194	0.20291	0.38222	0.11725	0.06524	0.01035	0.00295	0.00457	0.05027	0.00675	0.00660
5	0.01750	0.07364	0.02455	0.16119	0.06235	0.10363	0.14580	0.08618	0.01594	0.04841	0.01272	0.01690	0.01030	0.02466	0.03374	0.00257	0.14163	0.00611	0.00374	0.00845
6	0.07078	0.05149	0.08186	0.15187	0.14523	0.01538	0.07911	0.06591	0.04275	0.04530	0.01639	0.11542	0.01477	0.00891	0.00791	0.00224	0.06425	0.00762	0.00416	0.00866
7	0.01026	0.00720	0.00891	0.00956	0.01096	0.00686	0.00702	0.01309	0.06070	0.05358	0.06802	0.38500	0.17098	0.05185	0.00947	0.00277	0.00439	0.10687	0.00631	0.00620
8	0.01098	0.00799	0.01006	0.00993	0.01135	0.00882	0.00735	0.01565	0.12245	0.01892	0.05205	0.08931	0.02284	0.14605	0.33190	0.00661	0.01058	0.00872	0.10200	0.00643
9	0.08857	0.06840	0.07584	0.12674	0.12484	0.05196	0.08021	0.09090	0.04466	0.02217	0.01420	0.01957	0.01205	0.09442	0.05509	0.00309	0.00878	0.00620	0.00390	0.00842
10	0.01710	0.01882	0.11954	0.04708	0.05471	0.07358	0.23101	0.06982	0.09747	0.07328	0.01861	0.02141	0.04385	0.03597	0.04493	0.00274	0.00940	0.00712	0.00445	0.00911
11	0.40008	0.01425	0.01304	0.04133	0.01567	0.09569	0.00961	0.03618	0.01281	0.02371	0.01321	0.08904	0.01241	0.01255	0.07188	0.00300	0.11824	0.00607	0.00407	0.00716
12	0.09268	0.05337	0.01675	0.04481	0.04729	0.03640	0.04520	0.11588	0.03325	0.06171	0.04432	0.11214	0.01710	0.00855	0.00614	0.00182	0.00609	0.00716	0.03150	0.21786
13	0.01640	0.11466	0.27165	0.09631	0.14965	0.05408	0.04379	0.05936	0.03075	0.05085	0.01511	0.01727	0.03738	0.00691	0.00635	0.00201	0.00863	0.00570	0.00366	0.00948
14	0.01234	0.00889	0.01032	0.01007	0.01157	0.04686	0.00742	0.04811	0.01345	0.05782	0.02426	0.16215	0.05064	0.14072	0.28559	0.00607	0.01020	0.00970	0.07753	0.00629

[dist]
# distance from previous block
# <min> <max>
0	1

[block]
# block no. 2 follows, 32 sequences, length 9
# corresponding to MSA columns:
# 189-197
name=unknown_C
#
# <colnr> <probs for GDERKNQSTAVLIFYWHMCP>
#	G	D	E	R	K	N	Q	S	T	A	V	L	I	F	Y	W	H	M	C	P
0	0.05449	0.07060	0.22759	0.07480	0.18391	0.01586	0.16633	0.02001	0.01484	0.02148	0.04737	0.01961	0.01317	0.00694	0.00673	0.00212	0.00882	0.03265	0.00350	0.00918
1	0.01719	0.07058	0.10103	0.02125	0.16876	0.06900	0.09647	0.06934	0.12891	0.05831	0.05864	0.04390	0.01678	0.04076	0.00793	0.00226	0.00778	0.00705	0.00467	0.00940
2	0.00882	0.00624	0.00821	0.00955	0.01007	0.00597	0.00666	0.01014	0.01283	0.01703	0.03452	0.54874	0.04064	0.12505	0.01227	0.00332	0.00463	0.12403	0.00592	0.00537
3	0.05167	0.06790	0.10533	0.01268	0.01583	0.10681	0.01111	0.05730	0.04142	0.01989	0.02169	0.17594	0.04841	0.01461	0.04184	0.07396	0.04329	0.05144	0.03172	0.00715
4	0.04506	0.10416	0.08439	0.09764	0.07622	0.08407	0.21557	0.04905	0.04254	0.04142	0.04602	0.01764	0.01256	0.00700	0.00747	0.00209	0.04807	0.00632	0.00384	0.00884
5	0.00854	0.00638	0.00805	0.00873	0.00976	0.00604	0.00613	0.01013	0.01362	0.01796	0.11404	0.38753	0.19575	0.06722	0.10404	0.00382	0.00568	0.01512	0.00589	0.00558
6	0.01185	0.01110	0.06091	0.01156	0.01370	0.05147	0.03909	0.01528	0.08169	0.04717	0.03143	0.40767	0.08052	0.05037	0.01003	0.04481	0.00553	0.01363	0.00557	0.00663
7	0.01772	0.11563	0.08737	0.06950	0.09568	0.14067	0.09155	0.11718	0.05134	0.02235	0.01775	0.08025	0.04731	0.00840	0.00661	0.00203	0.00843	0.00710	0.00426	0.00885
8	0.04537	0.12879	0.07164	0.01837	0.12027	0.01561	0.10033	0.08561	0.07412	0.09575	0.12706	0.05027	0.02106	0.00841	0.00665	0.00204	0.00690	0.00739	0.00512	0.00923

[dist]
# distance from previous block
# <min> <max>
10	47

[block]
# block no. 3 follows, 32 sequences, length 11
# corresponding to MSA columns:
# 258-268
name=unknown_D
#
# <colnr> <probs for GDERKNQSTAVLIFYWHMCP>
#	G	D	E	R	K	N	Q	S	T	A	V	L	I	F	Y	W	H	M	C	P
0	0.03997	0.03781	0.05923	0.01218	0.04559	0.01058	0.00943	0.05731	0.10624	0.06754	0.12737	0.21076	0.09303	0.05916	0.00902	0.00256	0.00522	0.03341	0.00596	0.00763
1	0.01164	0.01011	0.01398	0.01554	0.12383	0.03661	0.05294	0.01510	0.05680	0.02123	0.22309	0.22359	0.07187	0.08082	0.01010	0.00266	0.00541	0.01202	0.00566	0.00702
2	0.01516	0.01262	0.04468	0.01186	0.01465	0.07846	0.00961	0.11194	0.03082	0.08957	0.07302	0.20021	0.09324	0.01871	0.10709	0.00348	0.00764	0.06388	0.00580	0.00759
3	0.01740	0.01211	0.01510	0.01257	0.01603	0.01226	0.04308	0.23136	0.05083	0.08148	0.05467	0.11807	0.04492	0.01283	0.01013	0.12803	0.00603	0.04079	0.00574	0.08657
4	0.01379	0.01018	0.01216	0.04694	0.03175	0.04559	0.02866	0.03986	0.04063	0.04463	0.04539	0.06141	0.02039	0.12946	0.03558	0.00305	0.07001	0.04679	0.26694	0.00680
5	0.01259	0.01214	0.08193	0.01319	0.05613	0.03619	0.01035	0.04920	0.01422	0.05099	0.06834	0.10098	0.10103	0.09117	0.23199	0.00522	0.04346	0.00914	0.00467	0.00705
6	0.11858	0.25634	0.12514	0.04290	0.10881	0.06099	0.01427	0.07912	0.01608	0.10134	0.01278	0.01414	0.00983	0.00651	0.00554	0.00185	0.00762	0.00478	0.00405	0.00934
7	0.04560	0.16169	0.17563	0.01728	0.05604	0.06228	0.04848	0.13449	0.10499	0.02404	0.01368	0.01536	0.01071	0.00747	0.00788	0.00206	0.09328	0.00543	0.00413	0.00949
8	0.01397	0.00874	0.01061	0.00968	0.01196	0.00852	0.00736	0.05576	0.01569	0.15386	0.06381	0.15531	0.27022	0.08654	0.04697	0.00314	0.05295	0.01168	0.00615	0.00706
9	0.01589	0.01314	0.04775	0.01545	0.08408	0.03598	0.04198	0.12545	0.06812	0.08242	0.08078	0.06570	0.07418	0.01784	0.14450	0.00378	0.00857	0.03180	0.03416	0.00844
10	0.01760	0.12812	0.15611	0.01859	0.04799	0.09385	0.17229	0.09451	0.05610	0.04537	0.01640	0.05074	0.02886	0.00752	0.00656	0.00202	0.00868	0.00663	0.03292	0.00914

[dist]
# distance from previous block
# <min> <max>
8	18

[block]
# block no. 4 follows, 32 sequences, length 7
# corresponding to MSA columns:
# 291-297
name=unknown_E
#
# <colnr> <probs for GDERKNQSTAVLIFYWHMCP>
#	G	D	E	R	K	N	Q	S	T	A	V	L	I	F	Y	W	H	M	C	P
0	0.01281	0.08048	0.20307	0.01661	0.10058	0.01269	0.05065	0.04718	0.01595	0.02157	0.11123	0.06923	0.17037	0.01087	0.00712	0.00217	0.00671	0.04785	0.00473	0.00814
1	0.01523	0.07517	0.01615	0.01384	0.04919	0.18006	0.04928	0.05321	0.01538	0.01858	0.04827	0.14341	0.05729	0.13881	0.06731	0.00345	0.00832	0.00901	0.03114	0.00691
2	0.04792	0.02838	0.01291	0.04895	0.07125	0.02872	0.00904	0.09240	0.04011	0.02235	0.05832	0.11660	0.11055	0.10875	0.03045	0.00290	0.00597	0.03936	0.07645	0.04862
3	0.01558	0.08810	0.06598	0.01474	0.01902	0.08650	0.12484	0.11094	0.01715	0.02219	0.02539	0.10567	0.13932	0.01017	0.00744	0.00206	0.03764	0.00862	0.04420	0.05446
4	0.06461	0.13526	0.01949	0.04759	0.07051	0.17391	0.01198	0.11002	0.05359	0.02190	0.01889	0.02514	0.06210	0.04433	0.00842	0.00227	0.04477	0.07258	0.00444	0.00821
5	0.04074	0.12770	0.04953	0.06746	0.01793	0.08097	0.01069	0.13446	0.07216	0.02341	0.08802	0.10630	0.09242	0.04961	0.00807	0.00229	0.00656	0.00852	0.00513	0.00801
6	0.10310	0.14560	0.07737	0.05340	0.08365	0.04669	0.01205	0.10474	0.01643	0.04352	0.04972	0.07351	0.04616	0.02985	0.00681	0.00202	0.00672	0.00670	0.00447	0.08748

[dist]
# distance from previous block
# <min> <max>
0	9

[block]
# block no. 5 follows, 32 sequences, length 58
# corresponding to MSA columns:
# 322-328,330-352,354-359,361-382
name=unknown_F
#
# <colnr> <probs for GDERKNQSTAVLIFYWHMCP>
#	G	D	E	R	K	N	Q	S	T	A	V	L	I	F	Y	W	H	M	C	P
0	0.05843	0.01433	0.05218	0.04325	0.01678	0.07071	0.00985	0.11637	0.08857	0.02376	0.04964	0.06985	0.10396	0.07187	0.03116	0.00256	0.00658	0.00782	0.00506	0.15728
1	0.09537	0.03715	0.04089	0.01433	0.04407	0.03002	0.09805	0.15772	0.01779	0.05176	0.05301	0.05899	0.08504	0.07043	0.03684	0.00272	0.00708	0.00784	0.04843	0.04247
2	0.09627	0.03400	0.04776	0.02263	0.23095	0.07619	0.06309	0.11326	0.04270	0.07672	0.01740	0.09216	0.01529	0.00860	0.00669	0.00212	0.00753	0.03255	0.00474	0.00935
3	0.04071	0.18929	0.07412	0.04763	0.04650	0.13781	0.04219	0.07213	0.07073	0.05209	0.06402	0.04744	0.04929	0.00821	0.00617	0.00190	0.00761	0.00650	0.00450	0.03116
4	0.04740	0.01136	0.01457	0.03371	0.09291	0.03696	0.03573	0.06543	0.03048	0.11041	0.11472	0.14647	0.09023	0.07796	0.01003	0.00257	0.02896	0.00992	0.00562	0.03457
5	0.06014	0.04270	0.08443	0.02857	0.04715	0.10874	0.09923	0.06295	0.01613	0.06015	0.01707	0.04671	0.03963	0.00926	0.03291	0.00217	0.00807	0.03536	0.00432	0.19429
6	0.04851	0.04718	0.08671	0.07810	0.08980	0.01251	0.01207	0.11637	0.02951	0.04405	0.12094	0.12433	0.11526	0.01139	0.00711	0.00220	0.00606	0.03441	0.00537	0.00812
7	0.05608	0.01413	0.10835	0.01528	0.06734	0.03792	0.08591	0.04682	0.04207	0.02199	0.08600	0.25243	0.07798	0.01246	0.00731	0.00228	0.00624	0.01112	0.04071	0.00758
8	0.01657	0.01252	0.04257	0.07055	0.01889	0.01222	0.04757	0.12192	0.13498	0.12786	0.08533	0.14338	0.08158	0.01167	0.00740	0.00229	0.00595	0.04178	0.00626	0.00872
9	0.01826	0.01419	0.01803	0.05040	0.06062	0.06512	0.08553	0.12180	0.12325	0.13247	0.02599	0.09279	0.08330	0.01162	0.03143	0.00251	0.00730	0.04056	0.00579	0.00905
10	0.01727	0.08509	0.05309	0.13642	0.14023	0.06904	0.04279	0.04963	0.01530	0.09881	0.01546	0.04061	0.01304	0.01057	0.04748	0.00263	0.09769	0.03544	0.02074	0.00868
11	0.05506	0.01485	0.15114	0.04733	0.09014	0.03740	0.04173	0.01524	0.01462	0.02037	0.09435	0.22977	0.13601	0.01271	0.00734	0.00229	0.00624	0.01113	0.00490	0.00739
12	0.06091	0.04326	0.05279	0.06044	0.13897	0.05600	0.09588	0.07023	0.13197	0.07584	0.01814	0.02068	0.03004	0.00749	0.00650	0.00202	0.00740	0.02553	0.02727	0.06862
13	0.01686	0.08271	0.19862	0.07744	0.08749	0.06560	0.23775	0.02183	0.01552	0.08231	0.01554	0.01810	0.03584	0.00668	0.00682	0.00208	0.00945	0.00641	0.00372	0.00923
14	0.00832	0.00627	0.00773	0.00873	0.00978	0.00568	0.00616	0.00985	0.01402	0.01811	0.08291	0.48494	0.23846	0.01934	0.00839	0.00258	0.00384	0.05301	0.00629	0.00560
15	0.04478	0.05622	0.07186	0.04391	0.09300	0.04485	0.06768	0.01846	0.03748	0.02085	0.05187	0.04992	0.01482	0.03470	0.00838	0.00197	0.06873	0.00621	0.00396	0.26035
16	0.08178	0.10641	0.13812	0.06648	0.07042	0.04780	0.11066	0.02135	0.04096	0.10099	0.01642	0.01879	0.03795	0.01102	0.07141	0.00284	0.03762	0.00610	0.00407	0.00880
17	0.00885	0.00677	0.00884	0.01042	0.04397	0.00633	0.00694	0.01047	0.01370	0.01794	0.07147	0.44361	0.18831	0.04883	0.04202	0.00309	0.00480	0.05190	0.00594	0.00579
18	0.01423	0.01134	0.01285	0.01177	0.01408	0.05908	0.03164	0.02066	0.20149	0.05948	0.10380	0.05796	0.05190	0.10369	0.06690	0.04711	0.02782	0.05696	0.03984	0.00743
19	0.04244	0.08531	0.17008	0.11520	0.12540	0.12632	0.05407	0.11619	0.06037	0.02324	0.01314	0.01545	0.01009	0.00675	0.00632	0.00200	0.00891	0.00545	0.00387	0.00939
20	0.04082	0.05648	0.01939	0.05838	0.13374	0.13740	0.06885	0.03108	0.04595	0.04251	0.02038	0.04978	0.08727	0.04137	0.06823	0.02991	0.04911	0.00731	0.00414	0.00789
21	0.01187	0.00809	0.00961	0.00913	0.01059	0.00878	0.00692	0.04389	0.04035	0.02138	0.08199	0.03375	0.07533	0.12802	0.12781	0.00406	0.06419	0.03220	0.27572	0.00632
22	0.01609	0.04913	0.01916	0.04741	0.01968	0.15667	0.08863	0.06281	0.06406	0.01987	0.02137	0.08698	0.07399	0.01281	0.04479	0.00274	0.13962	0.06204	0.00444	0.00771
23	0.07616	0.00997	0.01394	0.01299	0.04192	0.00985	0.06084	0.01810	0.02983	0.16057	0.08437	0.09709	0.13501	0.01469	0.04010	0.02370	0.03954	0.11784	0.00590	0.00761
24	0.00920	0.00718	0.00861	0.01003	0.01068	0.03720	0.00704	0.01061	0.01341	0.01743	0.03567	0.64977	0.04219	0.02013	0.00854	0.00272	0.00451	0.09334	0.00610	0.00563
25	0.00927	0.00753	0.00839	0.00861	0.01017	0.02863	0.00623	0.01177	0.03709	0.02069	0.24930	0.27386	0.27046	0.01672	0.00803	0.00235	0.00381	0.01458	0.00651	0.00601
26	0.01166	0.00772	0.00966	0.00964	0.01136	0.00737	0.00716	0.03997	0.04641	0.08192	0.21066	0.29921	0.11637	0.04499	0.00907	0.00259	0.00429	0.06663	0.00666	0.00666
27	0.01529	0.01493	0.02380	0.34486	0.39938	0.04785	0.01941	0.01938	0.01464	0.01961	0.01222	0.01696	0.00981	0.00634	0.00664	0.00209	0.00858	0.00590	0.00318	0.00913
28	0.02428	0.02056	0.01929	0.01553	0.02036	0.14714	0.01251	0.49425	0.11770	0.03586	0.01655	0.01656	0.01210	0.00799	0.00661	0.00200	0.00795	0.00594	0.00615	0.01066
29	0.01060	0.00715	0.00937	0.01023	0.01160	0.00685	0.00802	0.01263	0.01422	0.05668	0.03787	0.25675	0.12913	0.08642	0.03897	0.00342	0.00562	0.28245	0.00603	0.00600
30	0.06849	0.01022	0.03100	0.01033	0.01274	0.03648	0.00819	0.01687	0.05103	0.11322	0.18409	0.18610	0.13575	0.01367	0.00820	0.00231	0.04532	0.03180	0.02701	0.00720
31	0.01049	0.00705	0.00874	0.00865	0.01039	0.00638	0.00635	0.01299	0.02834	0.07693	0.30961	0.24308	0.21377	0.01599	0.00798	0.00231	0.00366	0.01401	0.00685	0.00640
32	0.01315	0.00874	0.01066	0.01020	0.01226	0.00885	0.00761	0.06705	0.09467	0.09238	0.11829	0.26076	0.08994	0.04614	0.09437	0.00348	0.00608	0.01207	0.03604	0.00725
33	0.01749	0.02581	0.28010	0.12281	0.08562	0.18921	0.04138	0.02216	0.01533	0.05758	0.01224	0.01504	0.00930	0.00704	0.00773	0.00210	0.07142	0.00530	0.00337	0.00895
34	0.01355	0.01369	0.04750	0.49075	0.16450	0.01511	0.05528	0.01779	0.01362	0.01817	0.01241	0.01852	0.00996	0.03957	0.00861	0.00241	0.04121	0.00620	0.00311	0.00805
35	0.00967	0.00681	0.00885	0.00882	0.00941	0.00728	0.00599	0.01084	0.01069	0.01483	0.05769	0.03694	0.02333	0.42611	0.32574	0.00805	0.01110	0.00882	0.00405	0.00499
36	0.00913	0.00847	0.04731	0.00905	0.01119	0.00690	0.00737	0.01187	0.03321	0.01966	0.14813	0.17256	0.34121	0.03358	0.04040	0.00285	0.00483	0.08009	0.00607	0.00612
37	0.01825	0.16338	0.07992	0.05795	0.05390	0.13321	0.14906	0.05194	0.05375	0.06213	0.01405	0.01650	0.01102	0.00872	0.03948	0.00234	0.03030	0.00576	0.03949	0.00883
38	0.01033	0.00669	0.00869	0.00938	0.01011	0.00663	0.00660	0.04023	0.01291	0.01777	0.02808	0.38975	0.03155	0.07584	0.04064	0.15153	0.00525	0.06845	0.07428	0.00529
39	0.02048	0.01939	0.01542	0.01375	0.01718	0.30008	0.01068	0.08052	0.10189	0.11281	0.10055	0.02879	0.08202	0.00993	0.00689	0.00205	0.00789	0.05560	0.00563	0.00842
40	0.01095	0.00862	0.01007	0.08126	0.01438	0.03026	0.00781	0.01397	0.04655	0.05805	0.14746	0.13053	0.33131	0.01631	0.03939	0.00266	0.00516	0.03270	0.00602	0.00654
41	0.01893	0.02029	0.22152	0.14690	0.13178	0.03873	0.06951	0.05591	0.01653	0.19086	0.01583	0.01757	0.01111	0.00688	0.00668	0.00210	0.00851	0.00597	0.00449	0.00989
42	0.01454	0.04144	0.20355	0.05704	0.04519	0.01359	0.14316	0.08290	0.01694	0.04976	0.10760	0.02901	0.10026	0.03083	0.00795	0.00230	0.00776	0.03296	0.00465	0.00856
43	0.02377	0.02967	0.05026	0.01669	0.02056	0.60357	0.01310	0.08813	0.01978	0.01912	0.01374	0.01508	0.04295	0.00748	0.00622	0.00180	0.01115	0.00498	0.00386	0.00811
44	0.06212	0.14378	0.28515	0.11500	0.12843	0.04897	0.01816	0.02058	0.01447	0.05069	0.01450	0.01675	0.04017	0.00682	0.00606	0.00199	0.00842	0.00539	0.00342	0.00912
45	0.01103	0.00814	0.01034	0.07405	0.03816	0.00855	0.00725	0.03839	0.03904	0.01685	0.05976	0.09234	0.02585	0.45883	0.04984	0.00513	0.00679	0.03959	0.00457	0.00552
46	0.05427	0.00658	0.00850	0.00856	0.00912	0.00663	0.00584	0.01000	0.01019	0.01422	0.02057	0.05558	0.07975	0.16728	0.05422	0.43777	0.00618	0.03698	0.00378	0.00398
47	0.01567	0.01422	0.04471	0.01478	0.01832	0.06059	0.11809	0.10048	0.11486	0.05739	0.05122	0.15763	0.07428	0.01149	0.00800	0.00229	0.03913	0.03967	0.04891	0.00827
48	0.07363	0.25320	0.10139	0.04276	0.04110	0.01810	0.10713	0.09152	0.01585	0.06003	0.03378	0.03362	0.01328	0.07731	0.00853	0.00233	0.00769	0.00606	0.00406	0.00863
49	0.01094	0.00893	0.01258	0.01100	0.01338	0.00861	0.08526	0.03529	0.05924	0.02244	0.26112	0.06937	0.19145	0.08272	0.04197	0.00299	0.00551	0.04010	0.03044	0.00665
50	0.01675	0.21307	0.25144	0.03242	0.09208	0.04594	0.10985	0.02212	0.04586	0.05823	0.01288	0.01504	0.00997	0.00656	0.00679	0.00198	0.04078	0.00536	0.00347	0.00942
51	0.01620	0.05378	0.19134	0.07102	0.19943	0.06261	0.12323	0.07621	0.01609	0.02176	0.01455	0.01837	0.03235	0.03970	0.00839	0.00228	0.03363	0.00625	0.00358	0.00926
52	0.01502	0.01506	0.05124	0.35665	0.15456	0.01574	0.14052	0.07094	0.04562	0.02137	0.01417	0.01982	0.01119	0.00701	0.00700	0.00221	0.00887	0.03055	0.00367	0.00877
53	0.00843	0.00605	0.00795	0.00932	0.00987	0.00566	0.00638	0.00976	0.01320	0.01754	0.06226	0.64034	0.06961	0.04825	0.00952	0.00285	0.00408	0.05726	0.00619	0.00548
54	0.03816	0.05393	0.03919	0.13915	0.08432	0.04531	0.03707	0.04369	0.06477	0.08209	0.06927	0.14020	0.05157	0.01037	0.00754	0.00220	0.03903	0.00880	0.03521	0.00813
55	0.03882	0.10686	0.09853	0.05130	0.13475	0.09901	0.05626	0.01935	0.01518	0.05814	0.07405	0.02493	0.06499	0.03852	0.03075	0.00250	0.04141	0.03220	0.00417	0.00829
56	0.01005	0.00717	0.00891	0.00929	0.01082	0.00671	0.00675	0.01280	0.05234	0.05038	0.13268	0.38684	0.16767	0.01850	0.03259	0.00274	0.00446	0.04376	0.00635	0.02918
57	0.04989	0.05150	0.15797	0.04642	0.07761	0.13662	0.11484	0.17383	0.01907	0.05575	0.01321	0.01529	0.00992	0.00701	0.00720	0.00205	0.04240	0.00565	0.00422	0.00954

[dist]
# distance from previous block
# <min> <max>
0	16

# created by:
# /usr/local/bin/augustus/scripts/msa2prfl.pl /tmp/new_cug/without_ca_b/dynactin3-p24.fasta
