[name]
unknown

[dist]
# distance from previous block
# <min> <max>
7	37

[block]
# block no. 0 follows, 27 sequences, length 35
# corresponding to MSA columns:
# 37-71
name=unknown_A
#
# <colnr> <probs for GDERKNQSTAVLIFYWHMCP>
#	G	D	E	R	K	N	Q	S	T	A	V	L	I	F	Y	W	H	M	C	P
0	0.58617	0.01610	0.07061	0.01404	0.08075	0.01601	0.01080	0.02113	0.01315	0.03002	0.01203	0.01603	0.01010	0.06822	0.00785	0.00270	0.00660	0.00496	0.00437	0.00835
1	0.02736	0.03407	0.02090	0.01889	0.02280	0.65676	0.01423	0.05217	0.04893	0.01970	0.01248	0.01414	0.01021	0.00779	0.00675	0.00195	0.01289	0.00500	0.00411	0.00888
2	0.01330	0.01221	0.02003	0.56933	0.06429	0.01467	0.01812	0.01770	0.01526	0.01970	0.05076	0.08397	0.05133	0.00968	0.00773	0.00251	0.00877	0.00861	0.00403	0.00801
3	0.00888	0.00742	0.00773	0.00787	0.01015	0.00628	0.00582	0.01077	0.01684	0.02038	0.09927	0.13465	0.60035	0.01907	0.00884	0.00255	0.00380	0.01609	0.00695	0.00628
4	0.02707	0.02035	0.02232	0.01731	0.02268	0.02299	0.01432	0.60534	0.03263	0.04400	0.01704	0.01767	0.01235	0.00931	0.00906	0.00233	0.07735	0.00667	0.00702	0.01219
5	0.01789	0.01622	0.02790	0.23700	0.43695	0.01700	0.05587	0.02247	0.01658	0.05940	0.01463	0.01924	0.01156	0.00697	0.00745	0.00230	0.00919	0.00677	0.00387	0.01071
6	0.01877	0.15216	0.04422	0.02343	0.19818	0.05570	0.04235	0.07535	0.17539	0.02533	0.01978	0.07938	0.01714	0.01048	0.02813	0.00253	0.00831	0.00777	0.00507	0.01052
7	0.03037	0.01379	0.01729	0.01341	0.01881	0.01306	0.01103	0.16640	0.02355	0.49723	0.02640	0.02394	0.01724	0.00908	0.00724	0.00223	0.00643	0.00725	0.08318	0.01208
8	0.01786	0.01957	0.12451	0.02612	0.19886	0.04468	0.12813	0.02386	0.07417	0.07974	0.04225	0.08233	0.04145	0.00965	0.00884	0.00244	0.05168	0.00871	0.00491	0.01024
9	0.00896	0.00744	0.00784	0.00793	0.01019	0.00632	0.00588	0.01094	0.01707	0.02087	0.12962	0.12693	0.57678	0.01885	0.00883	0.00253	0.00378	0.01593	0.00701	0.00632
10	0.01906	0.01831	0.07907	0.10994	0.20591	0.04141	0.01729	0.16360	0.06483	0.04170	0.01943	0.07556	0.01705	0.03074	0.00899	0.00256	0.02820	0.04077	0.00520	0.01038
11	0.62056	0.05004	0.01424	0.04953	0.01762	0.01802	0.00968	0.09925	0.01554	0.03338	0.01139	0.01317	0.00876	0.00714	0.00510	0.00226	0.00637	0.00448	0.00480	0.00867
12	0.07650	0.01454	0.01697	0.01429	0.01835	0.01522	0.04150	0.27562	0.05813	0.03246	0.02500	0.25499	0.02467	0.01312	0.00778	0.00241	0.00654	0.01123	0.00658	0.08411
13	0.02003	0.34685	0.03447	0.05831	0.12152	0.06792	0.12478	0.07793	0.01769	0.02215	0.01248	0.01537	0.01043	0.00697	0.00699	0.00201	0.03466	0.00567	0.00376	0.01002
14	0.01838	0.01931	0.02632	0.18168	0.20431	0.14370	0.11516	0.04065	0.01699	0.02148	0.01395	0.01895	0.01145	0.01224	0.07814	0.00328	0.05410	0.00672	0.00374	0.00945
15	0.00900	0.00753	0.00784	0.00776	0.01017	0.00636	0.00582	0.01110	0.01746	0.02133	0.15605	0.06934	0.60814	0.01832	0.00877	0.00248	0.00373	0.01537	0.00706	0.00636
16	0.01657	0.01196	0.01463	0.01296	0.01554	0.01300	0.01015	0.14865	0.04344	0.08263	0.15613	0.16888	0.10550	0.01697	0.04697	0.00309	0.10561	0.01186	0.00680	0.00864
17	0.00925	0.00725	0.00820	0.00873	0.01038	0.00642	0.00626	0.01096	0.01586	0.01984	0.08874	0.25223	0.39710	0.08029	0.01147	0.00308	0.00433	0.04673	0.00675	0.00612
18	0.15057	0.01881	0.05523	0.07984	0.02327	0.08378	0.01377	0.18256	0.02143	0.21167	0.01776	0.01841	0.01248	0.00864	0.00830	0.00234	0.06818	0.00619	0.00614	0.01063
19	0.75075	0.01470	0.01152	0.01015	0.01482	0.01699	0.00836	0.05635	0.01382	0.03403	0.01074	0.01237	0.00828	0.00700	0.00475	0.00229	0.00587	0.00416	0.00475	0.00828
20	0.01943	0.02089	0.02131	0.11113	0.11206	0.24894	0.06240	0.04219	0.04025	0.02030	0.01624	0.02471	0.01483	0.12569	0.03823	0.00340	0.03594	0.02940	0.00417	0.00851
21	0.01556	0.00924	0.00999	0.00916	0.01161	0.00950	0.00705	0.07550	0.07886	0.05162	0.13817	0.03151	0.02752	0.00994	0.00628	0.00197	0.00419	0.00816	0.48612	0.00805
22	0.01464	0.01199	0.01334	0.01230	0.01526	0.01307	0.00934	0.02715	0.37152	0.02887	0.25403	0.06167	0.07123	0.05040	0.00964	0.00271	0.00500	0.01094	0.00755	0.00934
23	0.00904	0.00741	0.00796	0.00807	0.01025	0.00634	0.00596	0.01107	0.01717	0.02123	0.15364	0.14167	0.53685	0.01880	0.00885	0.00254	0.00379	0.01596	0.00706	0.00634
24	0.06163	0.14820	0.02310	0.03732	0.02156	0.21393	0.01325	0.25379	0.02357	0.02949	0.01503	0.03854	0.01230	0.00855	0.00713	0.00207	0.03233	0.00601	0.04223	0.00998
25	0.01653	0.04247	0.21955	0.07905	0.09109	0.01668	0.01825	0.04426	0.03699	0.04672	0.01542	0.05616	0.01302	0.00890	0.00993	0.00230	0.13136	0.00669	0.00415	0.14048
26	0.13677	0.05258	0.18220	0.01988	0.08239	0.17460	0.01717	0.07727	0.01746	0.02462	0.01324	0.04024	0.01116	0.00866	0.00910	0.00234	0.11074	0.00594	0.00407	0.00957
27	0.01464	0.00856	0.00987	0.00902	0.01130	0.00840	0.00692	0.06652	0.01956	0.06649	0.29412	0.03808	0.03924	0.01135	0.00693	0.00204	0.00399	0.00958	0.36570	0.00770
28	0.01433	0.01276	0.01856	0.05269	0.18602	0.01360	0.03432	0.02038	0.12052	0.02469	0.17259	0.11313	0.09024	0.01263	0.00974	0.00252	0.07552	0.01088	0.00586	0.00902
29	0.00914	0.00698	0.00841	0.00923	0.01055	0.00624	0.00647	0.01093	0.01605	0.02077	0.13879	0.41462	0.27377	0.02064	0.00914	0.00275	0.00401	0.01820	0.00706	0.00624
30	0.01922	0.07539	0.15396	0.10037	0.02821	0.15163	0.09464	0.09940	0.01858	0.02338	0.01664	0.04027	0.04169	0.00900	0.00932	0.00236	0.09531	0.00695	0.00417	0.00949
31	0.53493	0.01380	0.01244	0.01075	0.01514	0.01526	0.00868	0.07662	0.01589	0.12001	0.03904	0.04373	0.01436	0.04336	0.00712	0.00255	0.00596	0.00597	0.00564	0.00875
32	0.02148	0.46995	0.03431	0.01635	0.02195	0.19915	0.07623	0.02409	0.01669	0.01827	0.01104	0.01322	0.00971	0.00690	0.00633	0.00182	0.03511	0.00473	0.00340	0.00929
33	0.01304	0.03498	0.01258	0.04411	0.01450	0.00972	0.00843	0.04735	0.05423	0.05001	0.35867	0.15650	0.04894	0.07308	0.01072	0.00278	0.00491	0.01268	0.00709	0.03569
34	0.01791	0.04316	0.05763	0.08510	0.07933	0.09657	0.05554	0.02389	0.11868	0.06557	0.02038	0.10784	0.01833	0.04912	0.01047	0.00263	0.06823	0.00852	0.00502	0.06606

[dist]
# distance from previous block
# <min> <max>
0	21

[block]
# block no. 1 follows, 27 sequences, length 18
# corresponding to MSA columns:
# 93-110
name=unknown_B
#
# <colnr> <probs for GDERKNQSTAVLIFYWHMCP>
#	G	D	E	R	K	N	Q	S	T	A	V	L	I	F	Y	W	H	M	C	P
0	0.02313	0.01630	0.01855	0.01645	0.06083	0.01742	0.01240	0.27362	0.20783	0.13507	0.03025	0.02873	0.10491	0.01043	0.00764	0.00235	0.00672	0.00845	0.00743	0.01150
1	0.01009	0.00761	0.00826	0.00830	0.01062	0.00649	0.00614	0.01199	0.01688	0.05359	0.09175	0.16962	0.53481	0.01887	0.00882	0.00257	0.00396	0.01601	0.00706	0.00657
2	0.02342	0.01990	0.02310	0.02059	0.09176	0.09635	0.07968	0.29563	0.11968	0.06203	0.07444	0.02244	0.01849	0.00896	0.00760	0.00227	0.00847	0.00751	0.00642	0.01123
3	0.00968	0.00744	0.00879	0.00945	0.01111	0.00674	0.00709	0.01169	0.01621	0.02052	0.10267	0.22313	0.33427	0.06953	0.01120	0.00310	0.00466	0.12965	0.00681	0.00625
4	0.79154	0.01436	0.01091	0.00976	0.01436	0.01665	0.00804	0.02182	0.01263	0.03331	0.01034	0.01206	0.00804	0.00689	0.00459	0.00230	0.00574	0.00402	0.00459	0.00804
5	0.01562	0.01458	0.02454	0.21557	0.32163	0.01554	0.05859	0.02060	0.04426	0.02214	0.01823	0.07492	0.01652	0.01228	0.05620	0.00310	0.00954	0.04228	0.00417	0.00969
6	0.01255	0.01057	0.01184	0.01183	0.01317	0.08058	0.00885	0.01467	0.01324	0.01761	0.02203	0.06354	0.02212	0.17129	0.41008	0.00869	0.01472	0.05242	0.03375	0.00644
7	0.05970	0.00931	0.00932	0.00852	0.01101	0.00975	0.00662	0.10992	0.01815	0.03071	0.02253	0.02540	0.01750	0.00859	0.00547	0.00183	0.00426	0.00672	0.62690	0.00779
8	0.01026	0.00751	0.00961	0.00981	0.01086	0.00770	0.00696	0.01189	0.01319	0.01770	0.06142	0.11339	0.13668	0.25706	0.26148	0.00732	0.01059	0.03549	0.00518	0.00587
9	0.00939	0.00691	0.00839	0.00927	0.01019	0.00635	0.00623	0.01078	0.01481	0.01933	0.09816	0.42112	0.18865	0.13829	0.01388	0.00353	0.00459	0.01760	0.00661	0.00591
10	0.24663	0.11769	0.18214	0.04949	0.02238	0.06862	0.01510	0.08467	0.01649	0.02655	0.01309	0.01589	0.01041	0.01271	0.08626	0.00329	0.00989	0.00525	0.00414	0.00927
11	0.01731	0.01747	0.07786	0.09696	0.17899	0.03474	0.03872	0.02337	0.08491	0.04918	0.01576	0.01832	0.01237	0.00679	0.00670	0.00187	0.00774	0.00593	0.00447	0.30055
12	0.29474	0.07889	0.01845	0.01577	0.06964	0.14904	0.03781	0.02299	0.01545	0.06970	0.01421	0.01859	0.01205	0.08267	0.00978	0.00268	0.03559	0.00570	0.03770	0.00854
13	0.01671	0.01005	0.01180	0.01042	0.01328	0.01003	0.00810	0.07928	0.08445	0.11607	0.29532	0.03778	0.03948	0.01154	0.00736	0.00217	0.00450	0.00976	0.22324	0.00867
14	0.01470	0.01755	0.13858	0.12200	0.05050	0.01516	0.04740	0.02345	0.17675	0.02526	0.15555	0.03129	0.07183	0.01067	0.00914	0.00249	0.06383	0.00891	0.00554	0.00940
15	0.00939	0.00728	0.00854	0.00878	0.01054	0.00644	0.00637	0.01164	0.01756	0.02285	0.26060	0.22709	0.33884	0.01874	0.00894	0.00258	0.00381	0.01628	0.00730	0.00644
16	0.01586	0.09081	0.08653	0.09001	0.13847	0.01609	0.01480	0.04774	0.16348	0.02439	0.06209	0.05449	0.11122	0.01106	0.00833	0.03388	0.00714	0.00874	0.00531	0.00958
17	0.01781	0.01394	0.01621	0.01176	0.01823	0.01131	0.00947	0.08651	0.01776	0.06790	0.01466	0.01625	0.01162	0.00608	0.00582	0.00129	0.00582	0.00482	0.00500	0.65773

[dist]
# distance from previous block
# <min> <max>
0	18

[block]
# block no. 2 follows, 27 sequences, length 20
# corresponding to MSA columns:
# 129-148
name=unknown_C
#
# <colnr> <probs for GDERKNQSTAVLIFYWHMCP>
#	G	D	E	R	K	N	Q	S	T	A	V	L	I	F	Y	W	H	M	C	P
0	0.01573	0.01336	0.03797	0.01378	0.01722	0.04931	0.06533	0.11481	0.02018	0.06425	0.13817	0.15145	0.15808	0.01622	0.03192	0.00286	0.00693	0.06748	0.00664	0.00833
1	0.04487	0.01331	0.01800	0.04289	0.06047	0.01690	0.01317	0.01898	0.06696	0.02080	0.01577	0.02235	0.01422	0.05897	0.12213	0.00441	0.33859	0.00708	0.09205	0.00808
2	0.18534	0.01596	0.07553	0.04991	0.06186	0.01526	0.01263	0.14706	0.04058	0.10124	0.01805	0.02096	0.01392	0.03589	0.09289	0.00356	0.00866	0.00644	0.08461	0.00964
3	0.01808	0.04699	0.06243	0.01615	0.07814	0.04861	0.03493	0.07404	0.01811	0.05907	0.05318	0.01921	0.01512	0.00705	0.00633	0.00164	0.00692	0.00580	0.04703	0.38117
4	0.01162	0.00849	0.01062	0.01095	0.01270	0.00831	0.00839	0.05103	0.04381	0.02515	0.23015	0.26041	0.10496	0.01824	0.00905	0.00276	0.00479	0.14257	0.02888	0.00712
5	0.01536	0.01471	0.05823	0.10145	0.21539	0.01394	0.04712	0.05938	0.06194	0.02574	0.15206	0.06043	0.05717	0.04579	0.00926	0.00258	0.00727	0.00934	0.03348	0.00934
6	0.00970	0.00766	0.00871	0.00915	0.01115	0.00684	0.00708	0.01184	0.01661	0.02061	0.09536	0.11406	0.43399	0.06555	0.01100	0.00303	0.00466	0.14992	0.00680	0.00630
7	0.56132	0.05818	0.01638	0.01300	0.01774	0.14310	0.05171	0.02339	0.01461	0.02909	0.01084	0.01280	0.00860	0.00696	0.00525	0.00220	0.00768	0.00446	0.00432	0.00835
8	0.07450	0.06085	0.02222	0.01643	0.02213	0.07837	0.01357	0.52029	0.03088	0.06373	0.01682	0.01704	0.01212	0.00855	0.00705	0.00217	0.00837	0.00624	0.00679	0.01185
9	0.01096	0.00827	0.01178	0.01160	0.01259	0.00963	0.00873	0.01303	0.01167	0.01671	0.02001	0.03228	0.01973	0.18871	0.53769	0.01050	0.05735	0.00843	0.00404	0.00629
10	0.01328	0.01131	0.01196	0.01111	0.01373	0.04912	0.00844	0.02100	0.19216	0.02795	0.38409	0.04834	0.15032	0.01399	0.00833	0.00239	0.00471	0.01198	0.00757	0.00822
11	0.01224	0.00917	0.01108	0.05512	0.01440	0.00922	0.00814	0.08540	0.01663	0.02124	0.04363	0.10452	0.30436	0.05945	0.09640	0.11745	0.00718	0.01203	0.00572	0.00660
12	0.00918	0.00752	0.00797	0.00787	0.01012	0.00644	0.00582	0.01125	0.01733	0.02148	0.18087	0.06746	0.54663	0.05487	0.01025	0.00272	0.00389	0.01502	0.00700	0.00631
13	0.65945	0.01565	0.01451	0.01431	0.07710	0.04113	0.03969	0.02227	0.01354	0.03152	0.01092	0.01304	0.00858	0.00686	0.00511	0.00228	0.00660	0.00450	0.00445	0.00849
14	0.02034	0.06038	0.13127	0.08927	0.13337	0.03602	0.07978	0.15643	0.02064	0.08148	0.03776	0.01913	0.01354	0.00759	0.00719	0.00215	0.00887	0.00655	0.00497	0.08328
15	0.13572	0.05671	0.07363	0.05815	0.06646	0.30061	0.01521	0.16060	0.02146	0.02718	0.01299	0.01492	0.01013	0.00763	0.00657	0.00210	0.01029	0.00531	0.00457	0.00977
16	0.05406	0.01439	0.01517	0.01271	0.01679	0.01573	0.01017	0.25607	0.16313	0.06748	0.02285	0.02337	0.01700	0.00899	0.00657	0.00213	0.00589	0.00705	0.27013	0.01031
17	0.01522	0.01490	0.04479	0.09413	0.15859	0.04527	0.07288	0.04407	0.08217	0.02534	0.17721	0.10197	0.06903	0.01148	0.00808	0.00241	0.00728	0.01039	0.00568	0.00911
18	0.01007	0.00801	0.00909	0.00874	0.01100	0.00726	0.00658	0.01371	0.05497	0.02495	0.34387	0.06199	0.37948	0.01672	0.00870	0.00243	0.00376	0.01428	0.00749	0.00689
19	0.06892	0.05748	0.06900	0.11146	0.07471	0.17566	0.07136	0.08250	0.01798	0.02325	0.01426	0.01999	0.01210	0.01068	0.03858	0.00278	0.09887	0.03707	0.00413	0.00922

[dist]
# distance from previous block
# <min> <max>
0	1

[block]
# block no. 3 follows, 27 sequences, length 17
# corresponding to MSA columns:
# 150-166
name=unknown_D
#
# <colnr> <probs for GDERKNQSTAVLIFYWHMCP>
#	G	D	E	R	K	N	Q	S	T	A	V	L	I	F	Y	W	H	M	C	P
0	0.07990	0.01365	0.01484	0.01215	0.01640	0.01435	0.00982	0.23853	0.05643	0.16618	0.02237	0.02278	0.01615	0.00878	0.00645	0.00209	0.00587	0.00681	0.27618	0.01026
1	0.02251	0.01489	0.02150	0.02338	0.21497	0.01461	0.04728	0.12452	0.04652	0.22099	0.05784	0.05545	0.08177	0.01001	0.00776	0.00233	0.00718	0.00878	0.00662	0.01109
2	0.02007	0.05840	0.07372	0.05445	0.06506	0.08456	0.15510	0.11223	0.10066	0.07559	0.01964	0.07366	0.01615	0.01135	0.04312	0.00283	0.00980	0.00812	0.00527	0.01022
3	0.00906	0.00748	0.00798	0.00818	0.01041	0.00640	0.00614	0.01105	0.01694	0.02065	0.10757	0.12997	0.56439	0.01906	0.00891	0.00259	0.00394	0.04602	0.00697	0.00632
4	0.74228	0.01477	0.01164	0.01023	0.01492	0.01706	0.00843	0.06353	0.01407	0.03418	0.01082	0.01243	0.00834	0.00702	0.00478	0.00229	0.00590	0.00419	0.00478	0.00834
5	0.02618	0.02426	0.02169	0.09270	0.02585	0.23223	0.01478	0.37908	0.05348	0.03445	0.01587	0.01706	0.01179	0.00841	0.00721	0.00217	0.00986	0.00616	0.00589	0.01089
6	0.01437	0.01319	0.02004	0.49941	0.07362	0.04700	0.01766	0.01839	0.01463	0.01900	0.01443	0.02107	0.01159	0.01458	0.09881	0.04327	0.01087	0.00669	0.03344	0.00793
7	0.01039	0.00758	0.00976	0.00922	0.01102	0.00695	0.00691	0.01378	0.02074	0.02911	0.64750	0.05653	0.11183	0.01542	0.00876	0.00235	0.00352	0.01358	0.00809	0.00695
8	0.01230	0.03726	0.04395	0.01116	0.01365	0.05543	0.00897	0.03956	0.01778	0.02306	0.20913	0.18291	0.21100	0.01897	0.05660	0.00314	0.02805	0.01341	0.00643	0.00722
9	0.00926	0.00740	0.00829	0.00835	0.01040	0.00643	0.00615	0.01149	0.01765	0.02246	0.23155	0.15057	0.44700	0.01841	0.00886	0.00253	0.00376	0.01576	0.00723	0.00643
10	0.52901	0.02031	0.19489	0.01296	0.01902	0.01629	0.01330	0.02166	0.01339	0.02955	0.01181	0.01424	0.00915	0.01040	0.05532	0.00300	0.00814	0.00469	0.00416	0.00872
11	0.07215	0.13470	0.06881	0.08076	0.08281	0.06799	0.01454	0.18575	0.02121	0.10029	0.01649	0.01805	0.01233	0.00782	0.00651	0.00209	0.00808	0.00596	0.08329	0.01039
12	0.17221	0.13002	0.02160	0.01645	0.02077	0.48257	0.01291	0.02712	0.01861	0.02096	0.01110	0.01293	0.00927	0.00732	0.00602	0.00194	0.01117	0.00452	0.00388	0.00863
13	0.01642	0.00992	0.01067	0.00959	0.01226	0.01031	0.00744	0.10908	0.07816	0.05317	0.11605	0.03009	0.02551	0.00973	0.00628	0.00197	0.00442	0.00794	0.47267	0.00834
14	0.01647	0.03475	0.05100	0.04576	0.10253	0.01539	0.05204	0.02613	0.24291	0.06015	0.11815	0.03306	0.10559	0.01095	0.00878	0.00245	0.04846	0.00928	0.00620	0.00995
15	0.00910	0.00680	0.00847	0.00961	0.01062	0.00616	0.00661	0.01071	0.01539	0.02008	0.10119	0.52658	0.19851	0.02158	0.00926	0.00284	0.00412	0.01923	0.00700	0.00616
16	0.33894	0.02047	0.12235	0.01458	0.02015	0.05812	0.01350	0.14530	0.01865	0.10696	0.01436	0.01558	0.01049	0.00806	0.00745	0.00234	0.06213	0.00537	0.00527	0.00991

[dist]
# distance from previous block
# <min> <max>
0	2

[block]
# block no. 4 follows, 27 sequences, length 30
# corresponding to MSA columns:
# 169-198
name=unknown_E
#
# <colnr> <probs for GDERKNQSTAVLIFYWHMCP>
#	G	D	E	R	K	N	Q	S	T	A	V	L	I	F	Y	W	H	M	C	P
0	0.06312	0.01278	0.01380	0.01140	0.01529	0.01337	0.00917	0.23514	0.02267	0.13817	0.02215	0.02322	0.01623	0.00873	0.00625	0.00201	0.00558	0.00677	0.36441	0.00975
1	0.01220	0.01358	0.08682	0.01513	0.08855	0.03194	0.03564	0.01635	0.04120	0.02397	0.22212	0.05010	0.30546	0.01411	0.00832	0.00239	0.00572	0.01213	0.00630	0.00797
2	0.00901	0.00744	0.00791	0.00798	0.01022	0.00634	0.00591	0.01105	0.01722	0.02119	0.15002	0.12280	0.55984	0.01870	0.00883	0.00253	0.00377	0.01582	0.00706	0.00634
3	0.26311	0.01397	0.01753	0.07278	0.17709	0.03644	0.01345	0.01942	0.01379	0.02422	0.01413	0.01927	0.01219	0.02112	0.20750	0.00507	0.05026	0.00610	0.00401	0.00855
4	0.01999	0.63338	0.09352	0.01388	0.02044	0.07696	0.01406	0.02287	0.01556	0.01803	0.01066	0.01233	0.00952	0.00650	0.00509	0.00168	0.00858	0.00416	0.00322	0.00958
5	0.05899	0.00752	0.00790	0.00769	0.00959	0.00752	0.00581	0.01675	0.01675	0.02853	0.18831	0.03365	0.03104	0.01016	0.00604	0.00191	0.00361	0.00836	0.54288	0.00701
6	0.01181	0.00733	0.00875	0.00839	0.01014	0.00697	0.00630	0.01529	0.01889	0.02895	0.42937	0.04461	0.05013	0.01263	0.00736	0.00210	0.00349	0.01089	0.30965	0.00697
7	0.01001	0.00801	0.00992	0.01096	0.05310	0.00719	0.00737	0.01251	0.01789	0.02346	0.27543	0.16742	0.33470	0.01751	0.00879	0.00251	0.00407	0.01520	0.00713	0.00682
8	0.00934	0.00754	0.00830	0.00811	0.01037	0.00651	0.00609	0.01175	0.01826	0.02322	0.27539	0.06623	0.48762	0.01762	0.00877	0.00245	0.00368	0.01494	0.00731	0.00651
9	0.01729	0.26825	0.14270	0.14695	0.13977	0.02094	0.01796	0.04212	0.05220	0.02162	0.01499	0.05672	0.01298	0.00794	0.00656	0.00213	0.00864	0.00643	0.00385	0.00994
10	0.02010	0.28616	0.07771	0.07553	0.09919	0.05192	0.03915	0.13672	0.01921	0.02499	0.01305	0.01533	0.01058	0.00693	0.00621	0.00189	0.00858	0.00532	0.00418	0.09725
11	0.38196	0.10073	0.02002	0.01495	0.01938	0.21061	0.05794	0.02388	0.01549	0.02554	0.01094	0.01329	0.00898	0.00745	0.00697	0.00220	0.06235	0.00475	0.00406	0.00851
12	0.01549	0.01252	0.01376	0.01257	0.01579	0.01367	0.00966	0.06439	0.35769	0.02986	0.19816	0.08289	0.08905	0.01278	0.00798	0.00246	0.00506	0.01090	0.03570	0.00963
13	0.01455	0.01423	0.03950	0.06636	0.04314	0.08290	0.01100	0.02192	0.16691	0.02638	0.29328	0.04147	0.12348	0.01253	0.00806	0.00236	0.00603	0.01064	0.00671	0.00855
14	0.00932	0.00748	0.00832	0.00824	0.01039	0.00648	0.00613	0.01166	0.01801	0.02295	0.26009	0.10576	0.46314	0.01796	0.00881	0.00248	0.00371	0.01531	0.00728	0.00648
15	0.01617	0.01475	0.01724	0.01254	0.01903	0.04772	0.04489	0.01955	0.01581	0.02385	0.01320	0.01554	0.01093	0.00565	0.00574	0.00122	0.00630	0.00466	0.00433	0.70087
16	0.02008	0.16706	0.18290	0.01685	0.05815	0.05186	0.01577	0.06014	0.01752	0.11364	0.01492	0.01630	0.01134	0.00710	0.00679	0.00188	0.02868	0.00530	0.00457	0.19914
17	0.02032	0.02202	0.02334	0.13420	0.25821	0.24497	0.01762	0.02570	0.09028	0.02175	0.01518	0.01864	0.01237	0.01052	0.05098	0.00279	0.01086	0.00629	0.00411	0.00986
18	0.01780	0.01137	0.01502	0.01334	0.01664	0.01178	0.04557	0.04436	0.15513	0.14527	0.06288	0.05281	0.02547	0.01941	0.13115	0.00413	0.00845	0.08971	0.12053	0.00920
19	0.01190	0.00970	0.01407	0.01621	0.13193	0.00917	0.03384	0.01515	0.01823	0.02532	0.31632	0.09895	0.17211	0.01570	0.03286	0.00270	0.00545	0.01251	0.05016	0.00772
20	0.00960	0.00751	0.00822	0.00804	0.01027	0.00653	0.00603	0.01206	0.01809	0.02346	0.25963	0.06404	0.46185	0.01711	0.00856	0.00241	0.00366	0.01448	0.05192	0.00653
21	0.01776	0.05869	0.01707	0.01136	0.01784	0.01123	0.00929	0.02096	0.01606	0.10249	0.01490	0.01633	0.01177	0.00598	0.00568	0.00127	0.00575	0.00473	0.00488	0.64596
22	0.02029	0.01610	0.01802	0.01332	0.01967	0.01491	0.01083	0.26673	0.02285	0.03282	0.01496	0.01632	0.01162	0.00680	0.00623	0.00153	0.00652	0.00527	0.00555	0.48964
23	0.01070	0.00756	0.00994	0.00994	0.01057	0.00820	0.00679	0.01198	0.01134	0.01576	0.02171	0.03926	0.02294	0.41104	0.36031	0.00947	0.01329	0.00943	0.00425	0.00552
24	0.02648	0.01933	0.02086	0.01645	0.02202	0.02140	0.01344	0.50221	0.16771	0.08016	0.02104	0.02029	0.01503	0.00917	0.00745	0.00229	0.00759	0.00708	0.00755	0.01244
25	0.01328	0.06301	0.09064	0.32586	0.06771	0.01414	0.01616	0.01722	0.01499	0.01991	0.05753	0.17044	0.02263	0.06328	0.00987	0.00283	0.00811	0.00999	0.00440	0.00801
26	0.01055	0.00745	0.00983	0.00942	0.01099	0.00691	0.00697	0.01353	0.01994	0.02812	0.60944	0.09590	0.06544	0.01629	0.00997	0.04749	0.00372	0.01350	0.00781	0.00673
27	0.02276	0.01745	0.05575	0.13034	0.02561	0.01787	0.01426	0.32617	0.07435	0.11022	0.02072	0.06085	0.01643	0.06167	0.00970	0.00270	0.00794	0.00790	0.00650	0.01082
28	0.40231	0.01569	0.05445	0.11326	0.12733	0.01592	0.04153	0.02147	0.01462	0.05313	0.01722	0.01957	0.06040	0.00788	0.00614	0.00233	0.00724	0.00606	0.00450	0.00894
29	0.01670	0.06004	0.06829	0.01465	0.01784	0.10166	0.01240	0.02294	0.13632	0.04870	0.19992	0.06816	0.04723	0.01210	0.01071	0.00248	0.13582	0.00929	0.00590	0.00884

[dist]
# distance from previous block
# <min> <max>
0	13

[block]
# block no. 5 follows, 27 sequences, length 9
# corresponding to MSA columns:
# 212-220
name=unknown_F
#
# <colnr> <probs for GDERKNQSTAVLIFYWHMCP>
#	G	D	E	R	K	N	Q	S	T	A	V	L	I	F	Y	W	H	M	C	P
0	0.01920	0.01793	0.01740	0.01422	0.01880	0.13789	0.01116	0.13965	0.01951	0.02605	0.01716	0.11171	0.01603	0.00953	0.00822	0.00189	0.06902	0.00730	0.00509	0.33224
1	0.10593	0.05466	0.16961	0.01826	0.09108	0.14002	0.01546	0.04686	0.01777	0.06355	0.05420	0.02156	0.06063	0.00832	0.00670	0.00207	0.00853	0.00640	0.00467	0.10371
2	0.12270	0.01727	0.01937	0.01783	0.08963	0.01880	0.01312	0.36662	0.06442	0.07411	0.01929	0.02192	0.01473	0.00901	0.00702	0.00227	0.00726	0.03574	0.06772	0.01118
3	0.01531	0.00965	0.01252	0.01192	0.01426	0.00996	0.00931	0.04471	0.06574	0.12249	0.05037	0.08291	0.07286	0.10991	0.23288	0.00613	0.01043	0.10461	0.00615	0.00789
4	0.09979	0.04542	0.02336	0.18132	0.27638	0.01648	0.01736	0.02331	0.01652	0.13229	0.04640	0.02045	0.01449	0.00796	0.00797	0.00232	0.04651	0.00667	0.00474	0.01023
5	0.05368	0.02483	0.20238	0.07761	0.21388	0.10546	0.07168	0.04156	0.01691	0.02353	0.01315	0.01669	0.01039	0.00732	0.00816	0.00227	0.05487	0.00603	0.00369	0.04591
6	0.09377	0.00981	0.01169	0.01237	0.05942	0.00967	0.00871	0.04219	0.03509	0.05008	0.22685	0.11261	0.17745	0.01466	0.00807	0.00247	0.00483	0.05942	0.05313	0.00772
7	0.01028	0.00885	0.00869	0.00879	0.01065	0.04505	0.00624	0.01192	0.01617	0.01970	0.10526	0.16099	0.41633	0.12244	0.01294	0.00321	0.00485	0.01500	0.00648	0.00616
8	0.01585	0.03228	0.49419	0.02678	0.14739	0.01752	0.11449	0.02342	0.01614	0.02368	0.01367	0.01674	0.01007	0.00687	0.00734	0.00235	0.01081	0.00613	0.00331	0.01098

[dist]
# distance from previous block
# <min> <max>
0	2

[block]
# block no. 6 follows, 27 sequences, length 8
# corresponding to MSA columns:
# 223-230
name=unknown_G
#
# <colnr> <probs for GDERKNQSTAVLIFYWHMCP>
#	G	D	E	R	K	N	Q	S	T	A	V	L	I	F	Y	W	H	M	C	P
0	0.02013	0.01067	0.01263	0.01113	0.01440	0.01050	0.00859	0.07367	0.09498	0.22532	0.03053	0.14563	0.04875	0.03848	0.00834	0.00247	0.00523	0.01005	0.21915	0.00934
1	0.01486	0.01359	0.02309	0.27310	0.23240	0.01453	0.08004	0.01909	0.01580	0.02188	0.02037	0.10469	0.04375	0.00947	0.00761	0.00239	0.00832	0.00889	0.07711	0.00901
2	0.01629	0.01897	0.10717	0.07966	0.11647	0.06428	0.14454	0.05089	0.01740	0.02325	0.02290	0.02810	0.09371	0.01171	0.04801	0.00281	0.00975	0.04084	0.00443	0.09881
3	0.01345	0.01425	0.08971	0.20572	0.02717	0.01269	0.06395	0.07773	0.01718	0.02263	0.03154	0.23990	0.12602	0.01389	0.00830	0.00261	0.00744	0.01236	0.00533	0.00813
4	0.10300	0.01461	0.08320	0.01661	0.02003	0.01398	0.12671	0.01737	0.01331	0.02082	0.01711	0.05310	0.01585	0.06934	0.28535	0.00653	0.10331	0.00794	0.00399	0.00783
5	0.01436	0.00863	0.01125	0.06113	0.01533	0.00800	0.00860	0.01665	0.01701	0.15382	0.09141	0.28109	0.21625	0.01743	0.00873	0.00267	0.00503	0.04777	0.00717	0.00766
6	0.31980	0.01263	0.01303	0.01467	0.09175	0.04957	0.00976	0.01789	0.01474	0.02607	0.08362	0.21402	0.02627	0.01561	0.05721	0.00315	0.00692	0.01016	0.00536	0.00776
7	0.23158	0.01418	0.01465	0.01574	0.09310	0.08501	0.01076	0.02025	0.01581	0.09068	0.05064	0.15522	0.06657	0.01424	0.04099	0.00292	0.03435	0.02939	0.00556	0.00835

[dist]
# distance from previous block
# <min> <max>
0	35

# created by:
# /usr/local/bin/augustus/scripts/msa2prfl.pl /tmp/new_cug2/without_ca_b/dynactin5-p25.fasta
