[name]
unknown

[dist]
# distance from previous block
# <min> <max>
0	17

[block]
# block no. 0 follows, 31 sequences, length 6
# corresponding to MSA columns:
# 33-38
name=unknown_A
#
# <colnr> <probs for GDERKNQSTAVLIFYWHMCP>
#	G	D	E	R	K	N	Q	S	T	A	V	L	I	F	Y	W	H	M	C	P
0	0.01015	0.00775	0.01036	0.01156	0.07137	0.00754	0.00767	0.01201	0.01436	0.01917	0.17678	0.04582	0.22548	0.10152	0.14570	0.07262	0.00724	0.04154	0.00532	0.00603
1	0.01232	0.01097	0.01563	0.06433	0.09118	0.04453	0.05702	0.01570	0.04282	0.01899	0.10044	0.10155	0.02394	0.08838	0.24183	0.00546	0.04435	0.00903	0.00445	0.00709
2	0.01559	0.00849	0.00925	0.00828	0.01067	0.00856	0.00644	0.10262	0.01756	0.08585	0.09549	0.02690	0.02174	0.00868	0.00557	0.00175	0.00396	0.00703	0.54808	0.00749
3	0.06937	0.03743	0.07340	0.01198	0.01653	0.06104	0.01030	0.16230	0.01849	0.02692	0.06452	0.09695	0.01834	0.00879	0.00613	0.00180	0.00612	0.00705	0.09754	0.20499
4	0.04489	0.05015	0.05020	0.00886	0.01173	0.01045	0.00752	0.11202	0.01654	0.02693	0.01973	0.02315	0.01569	0.04116	0.00646	0.00193	0.00464	0.00619	0.53436	0.00739
5	0.18164	0.06974	0.01737	0.07584	0.01953	0.01621	0.03854	0.22238	0.05590	0.06575	0.01977	0.02087	0.06608	0.00966	0.03091	0.00236	0.00688	0.00636	0.06517	0.00902

[dist]
# distance from previous block
# <min> <max>
3	43

[block]
# block no. 1 follows, 31 sequences, length 11
# corresponding to MSA columns:
# 113-123
name=unknown_B
#
# <colnr> <probs for GDERKNQSTAVLIFYWHMCP>
#	G	D	E	R	K	N	Q	S	T	A	V	L	I	F	Y	W	H	M	C	P
0	0.01769	0.08405	0.08881	0.04305	0.07779	0.07593	0.08860	0.11531	0.01776	0.04728	0.03441	0.04960	0.01339	0.00721	0.00633	0.00179	0.00774	0.00615	0.00439	0.21271
1	0.00964	0.00704	0.00878	0.03407	0.01114	0.00676	0.00651	0.03395	0.01454	0.01917	0.13731	0.34518	0.16569	0.11341	0.01264	0.04332	0.00451	0.01467	0.00597	0.00570
2	0.07036	0.01682	0.07032	0.01362	0.01846	0.06004	0.01169	0.21419	0.06296	0.12681	0.01756	0.04185	0.01358	0.01107	0.05700	0.00259	0.03536	0.00621	0.02375	0.12577
3	0.01729	0.24775	0.11617	0.04415	0.10062	0.09017	0.06890	0.04500	0.01480	0.01901	0.01149	0.01543	0.01000	0.04108	0.00986	0.00224	0.12860	0.00537	0.00329	0.00878
4	0.00849	0.00607	0.00807	0.00942	0.00996	0.00566	0.00636	0.00990	0.01380	0.01857	0.11284	0.67681	0.04740	0.02061	0.00866	0.00271	0.00389	0.01866	0.00648	0.00566
5	0.01682	0.01729	0.01483	0.01368	0.01584	0.24751	0.01035	0.04529	0.09143	0.01820	0.01627	0.02263	0.01476	0.11035	0.22986	0.03211	0.06495	0.00654	0.00409	0.00720
6	0.01216	0.01006	0.00950	0.00931	0.01015	0.08784	0.00600	0.04632	0.01287	0.01605	0.02472	0.15340	0.05571	0.48845	0.02492	0.00506	0.00675	0.01085	0.00466	0.00524
7	0.01275	0.00638	0.00638	0.00638	0.00797	0.00638	0.00478	0.01594	0.01435	0.02551	0.02232	0.02551	0.01754	0.00797	0.00478	0.00159	0.00319	0.00638	0.79755	0.00638
8	0.04511	0.06457	0.05244	0.06278	0.15736	0.04526	0.03734	0.06758	0.05413	0.06891	0.03561	0.01730	0.01266	0.00703	0.00720	0.00186	0.05464	0.00565	0.00438	0.19817
9	0.04422	0.01651	0.10205	0.01856	0.14353	0.04069	0.01366	0.10508	0.12297	0.05014	0.12142	0.02668	0.07286	0.01134	0.04039	0.00258	0.04505	0.00769	0.00533	0.00925
10	0.01275	0.00638	0.00638	0.00638	0.00797	0.00638	0.00478	0.01594	0.01435	0.02551	0.02232	0.02551	0.01754	0.00797	0.00478	0.00159	0.00319	0.00638	0.79755	0.00638

[dist]
# distance from previous block
# <min> <max>
1	1

[block]
# block no. 2 follows, 31 sequences, length 21
# corresponding to MSA columns:
# 141-152,155-163
name=unknown_C
#
# <colnr> <probs for GDERKNQSTAVLIFYWHMCP>
#	G	D	E	R	K	N	Q	S	T	A	V	L	I	F	Y	W	H	M	C	P
0	0.03655	0.01482	0.07216	0.08596	0.05015	0.05551	0.03529	0.11581	0.03901	0.05314	0.09348	0.10548	0.06812	0.03107	0.06428	0.00304	0.05394	0.00885	0.00514	0.00820
1	0.01162	0.00974	0.01230	0.01228	0.05970	0.00968	0.00866	0.01494	0.05546	0.02120	0.12982	0.15955	0.17452	0.01307	0.00912	0.00217	0.09556	0.01080	0.04269	0.14713
2	0.01787	0.01598	0.02467	0.19362	0.33525	0.01716	0.06036	0.16162	0.05934	0.02592	0.01440	0.01773	0.01118	0.00687	0.00690	0.00213	0.00828	0.00633	0.00424	0.01017
3	0.01706	0.00914	0.00986	0.00862	0.01130	0.00930	0.00678	0.13225	0.01795	0.10879	0.02186	0.02372	0.01647	0.00807	0.00537	0.00173	0.00422	0.00640	0.57323	0.00787
4	0.01438	0.09255	0.04655	0.08856	0.09373	0.03268	0.04273	0.01860	0.07094	0.01942	0.01486	0.02020	0.01300	0.07915	0.09699	0.04200	0.00853	0.00598	0.00383	0.19532
5	0.01540	0.14010	0.03625	0.13050	0.05520	0.06233	0.04413	0.04786	0.05761	0.03784	0.01795	0.06991	0.03657	0.03572	0.09623	0.04366	0.03282	0.00718	0.02489	0.00785
6	0.01422	0.00994	0.01507	0.01232	0.01533	0.00981	0.15772	0.05943	0.01594	0.02549	0.02095	0.02662	0.01695	0.00818	0.00593	0.00188	0.00550	0.04841	0.52297	0.00733
7	0.01391	0.01328	0.05934	0.01495	0.01883	0.01249	0.15196	0.02254	0.21969	0.02436	0.08702	0.05116	0.06298	0.01134	0.03000	0.00251	0.00672	0.05300	0.13545	0.00845
8	0.01534	0.06853	0.06964	0.01807	0.09780	0.01380	0.11932	0.09471	0.05999	0.05268	0.06780	0.18128	0.02344	0.05043	0.03340	0.00278	0.00745	0.00986	0.00513	0.00857
9	0.03462	0.08982	0.04222	0.01096	0.01339	0.01224	0.00879	0.03882	0.01285	0.01841	0.05471	0.06387	0.01985	0.25388	0.08272	0.00428	0.10315	0.00778	0.00416	0.12348
10	0.01664	0.04768	0.26630	0.02247	0.14493	0.05770	0.11186	0.11627	0.01797	0.02448	0.05055	0.02048	0.05666	0.00762	0.00690	0.00211	0.00889	0.00667	0.00410	0.00971
11	0.01162	0.04094	0.01109	0.00920	0.01182	0.00836	0.00724	0.01402	0.01638	0.06849	0.24166	0.08357	0.27846	0.01397	0.00832	0.00217	0.04108	0.03536	0.00628	0.08998
12	0.03587	0.05693	0.28051	0.01572	0.05390	0.01374	0.01551	0.06524	0.07588	0.05326	0.10911	0.10344	0.03857	0.01168	0.03833	0.00258	0.00763	0.00822	0.00490	0.00899
13	0.05342	0.01503	0.04730	0.01480	0.04288	0.06170	0.07731	0.18330	0.06208	0.02717	0.06922	0.05837	0.05396	0.04423	0.06346	0.00296	0.00775	0.00790	0.09864	0.00851
14	0.01659	0.01503	0.02480	0.10266	0.55325	0.01527	0.01896	0.02109	0.04255	0.05146	0.01753	0.02073	0.05543	0.00709	0.00687	0.00209	0.00772	0.00671	0.00390	0.01025
15	0.01016	0.00872	0.05160	0.01004	0.01135	0.00804	0.00781	0.01204	0.01162	0.01621	0.06379	0.03818	0.02416	0.32729	0.31704	0.00765	0.01142	0.05305	0.00423	0.00559
16	0.01275	0.00638	0.00638	0.00638	0.00797	0.00638	0.00478	0.01594	0.01435	0.02551	0.02232	0.02551	0.01754	0.00797	0.00478	0.00159	0.00319	0.00638	0.79755	0.00638
17	0.01840	0.01337	0.01530	0.01170	0.01691	0.01223	0.00940	0.21173	0.01987	0.09531	0.02009	0.06862	0.05747	0.00816	0.00619	0.00162	0.00567	0.00661	0.00558	0.39579
18	0.14426	0.01770	0.01976	0.12169	0.05378	0.16092	0.09982	0.07821	0.07263	0.02337	0.01561	0.03822	0.01331	0.01012	0.03848	0.00259	0.02898	0.04782	0.00435	0.00839
19	0.01275	0.00638	0.00638	0.00638	0.00797	0.00638	0.00478	0.01594	0.01435	0.02551	0.02232	0.02551	0.01754	0.00797	0.00478	0.00159	0.00319	0.00638	0.79755	0.00638
20	0.08402	0.01057	0.01248	0.03059	0.01460	0.05440	0.04865	0.06849	0.01508	0.02112	0.02635	0.30322	0.02869	0.07050	0.01068	0.04263	0.00607	0.10565	0.03967	0.00654

[dist]
# distance from previous block
# <min> <max>
11	33

[block]
# block no. 3 follows, 31 sequences, length 10
# corresponding to MSA columns:
# 207-216
name=unknown_D
#
# <colnr> <probs for GDERKNQSTAVLIFYWHMCP>
#	G	D	E	R	K	N	Q	S	T	A	V	L	I	F	Y	W	H	M	C	P
0	0.01275	0.00638	0.00638	0.00638	0.00797	0.00638	0.00478	0.01594	0.01435	0.02551	0.02232	0.02551	0.01754	0.00797	0.00478	0.00159	0.00319	0.00638	0.79755	0.00638
1	0.01044	0.00725	0.00845	0.00833	0.00895	0.00729	0.00528	0.04298	0.01241	0.01664	0.07992	0.11081	0.06397	0.51373	0.07031	0.00574	0.00671	0.01092	0.00483	0.00502
2	0.01521	0.06082	0.13389	0.04128	0.04551	0.07351	0.16938	0.04123	0.10990	0.02221	0.06226	0.06396	0.09171	0.00948	0.00727	0.00222	0.00813	0.02862	0.00468	0.00872
3	0.01275	0.00638	0.00638	0.00638	0.00797	0.00638	0.00478	0.01594	0.01435	0.02551	0.02232	0.02551	0.01754	0.00797	0.00478	0.00159	0.00319	0.00638	0.79755	0.00638
4	0.01419	0.01216	0.01419	0.01013	0.01621	0.00912	0.00811	0.01723	0.01419	0.02229	0.01216	0.01419	0.01013	0.00507	0.00507	0.00101	0.00507	0.00405	0.00405	0.80139
5	0.01483	0.04585	0.12902	0.15101	0.08603	0.03739	0.05807	0.10396	0.01691	0.02261	0.02195	0.12481	0.06038	0.01042	0.00722	0.00228	0.00771	0.06096	0.03017	0.00842
6	0.01275	0.00638	0.00638	0.00638	0.00797	0.00638	0.00478	0.01594	0.01435	0.02551	0.02232	0.02551	0.01754	0.00797	0.00478	0.00159	0.00319	0.00638	0.79755	0.00638
7	0.14480	0.14316	0.06831	0.06329	0.07565	0.09447	0.07449	0.04359	0.05217	0.07793	0.01388	0.01669	0.01108	0.03444	0.02778	0.00244	0.03731	0.00555	0.00414	0.00882
8	0.08313	0.01512	0.05796	0.01285	0.01699	0.03646	0.01092	0.24528	0.08767	0.08212	0.02522	0.08698	0.07138	0.01069	0.00691	0.00222	0.00627	0.06361	0.06900	0.00920
9	0.08204	0.06118	0.01660	0.08221	0.01948	0.10871	0.01095	0.13462	0.07299	0.12053	0.02207	0.06199	0.05938	0.04821	0.00809	0.00234	0.00709	0.03888	0.00551	0.03710

[dist]
# distance from previous block
# <min> <max>
0	1

[block]
# block no. 4 follows, 31 sequences, length 6
# corresponding to MSA columns:
# 218-223
name=unknown_E
#
# <colnr> <probs for GDERKNQSTAVLIFYWHMCP>
#	G	D	E	R	K	N	Q	S	T	A	V	L	I	F	Y	W	H	M	C	P
0	0.01664	0.04799	0.07675	0.05369	0.08895	0.04073	0.03077	0.08570	0.08942	0.10826	0.08004	0.16507	0.06449	0.01124	0.00725	0.00224	0.00648	0.00971	0.00571	0.00888
1	0.01254	0.01087	0.01148	0.01155	0.04694	0.06174	0.00834	0.07244	0.06614	0.02377	0.22167	0.07977	0.27963	0.01409	0.00780	0.00226	0.00495	0.05042	0.00639	0.00723
2	0.01560	0.01309	0.01501	0.01450	0.06570	0.04219	0.01049	0.15959	0.10437	0.02531	0.09589	0.06470	0.12638	0.08631	0.01196	0.00277	0.09353	0.03870	0.00570	0.00821
3	0.01868	0.01300	0.01690	0.01631	0.09914	0.01301	0.03396	0.19209	0.05364	0.13052	0.04646	0.12037	0.04249	0.03981	0.00835	0.00237	0.00632	0.06408	0.00613	0.07638
4	0.03568	0.05365	0.04338	0.03448	0.10489	0.07523	0.01182	0.10134	0.07678	0.05395	0.10446	0.10621	0.03809	0.01005	0.00742	0.00209	0.03655	0.00827	0.04032	0.05534
5	0.01837	0.16719	0.02332	0.04850	0.20926	0.04241	0.01385	0.18735	0.05051	0.02509	0.01639	0.08037	0.01488	0.06313	0.00851	0.00233	0.00741	0.00705	0.00462	0.00946

[dist]
# distance from previous block
# <min> <max>
10	34

[block]
# block no. 5 follows, 31 sequences, length 15
# corresponding to MSA columns:
# 357-371
name=unknown_F
#
# <colnr> <probs for GDERKNQSTAVLIFYWHMCP>
#	G	D	E	R	K	N	Q	S	T	A	V	L	I	F	Y	W	H	M	C	P
0	0.22791	0.01567	0.04334	0.01350	0.01665	0.11662	0.06757	0.04479	0.01387	0.02203	0.01488	0.01941	0.03584	0.04903	0.09803	0.05734	0.08693	0.00595	0.04342	0.00720
1	0.01441	0.00797	0.00814	0.00755	0.00962	0.00823	0.00581	0.10058	0.01657	0.02770	0.02158	0.02437	0.01680	0.00800	0.00504	0.00165	0.00373	0.00635	0.69886	0.00703
2	0.05939	0.10427	0.11127	0.01749	0.06355	0.04847	0.08582	0.15455	0.03724	0.08508	0.01518	0.04311	0.01206	0.00766	0.00731	0.00201	0.05118	0.00612	0.00469	0.08353
3	0.01095	0.00661	0.00951	0.00951	0.01017	0.00713	0.00686	0.01098	0.01032	0.01483	0.01606	0.02511	0.01531	0.07453	0.32739	0.35108	0.01105	0.00679	0.07113	0.00467
4	0.01880	0.10861	0.02151	0.11144	0.04866	0.03790	0.06370	0.21124	0.10698	0.05977	0.06392	0.02418	0.06295	0.00877	0.00684	0.00210	0.00726	0.02038	0.00547	0.00951
5	0.01276	0.01019	0.01158	0.01101	0.01249	0.06088	0.00812	0.06256	0.05948	0.01780	0.01849	0.02864	0.01774	0.20378	0.35982	0.07421	0.01252	0.00756	0.00416	0.00623
6	0.03888	0.15174	0.08609	0.07275	0.19100	0.06633	0.04181	0.07085	0.08356	0.02322	0.04938	0.01837	0.01405	0.00718	0.00623	0.00196	0.00771	0.00596	0.05355	0.00938
7	0.01615	0.06742	0.01828	0.06602	0.02019	0.01674	0.05687	0.03066	0.50056	0.02517	0.02394	0.02514	0.01882	0.07264	0.00922	0.00262	0.00633	0.00754	0.00592	0.00978
8	0.16248	0.07035	0.05153	0.03826	0.03108	0.05952	0.01078	0.10512	0.01661	0.10032	0.01578	0.06836	0.01325	0.01069	0.05486	0.00247	0.00740	0.00603	0.00483	0.17029
9	0.01380	0.01375	0.10819	0.01172	0.01574	0.01101	0.01042	0.08186	0.12736	0.05153	0.22269	0.09002	0.11823	0.01165	0.00730	0.00213	0.00526	0.00990	0.00623	0.08120
10	0.01201	0.00968	0.01242	0.06445	0.07453	0.00964	0.00928	0.06060	0.06223	0.02298	0.18868	0.09634	0.18269	0.06638	0.00962	0.00257	0.00516	0.05806	0.00593	0.04676
11	0.08638	0.06535	0.08721	0.04216	0.03632	0.01481	0.01166	0.11130	0.12498	0.02496	0.07882	0.04163	0.05106	0.06561	0.06056	0.00309	0.04482	0.00739	0.00504	0.03687
12	0.01584	0.01708	0.08352	0.05813	0.36485	0.05035	0.07530	0.04663	0.03724	0.02298	0.08918	0.07297	0.01890	0.00828	0.00712	0.00214	0.00792	0.00776	0.00424	0.00955
13	0.01638	0.01232	0.01482	0.01172	0.01649	0.01130	0.03194	0.06979	0.14835	0.09789	0.07568	0.04662	0.07155	0.00858	0.00641	0.00173	0.00531	0.00722	0.00576	0.34013
14	0.07205	0.03968	0.02330	0.12079	0.32660	0.01455	0.08954	0.01933	0.01468	0.05340	0.01630	0.07084	0.01485	0.06129	0.00888	0.00250	0.00784	0.03060	0.00399	0.00897

[dist]
# distance from previous block
# <min> <max>
2	35

[block]
# block no. 6 follows, 31 sequences, length 12
# corresponding to MSA columns:
# 449-460
name=unknown_G
#
# <colnr> <probs for GDERKNQSTAVLIFYWHMCP>
#	G	D	E	R	K	N	Q	S	T	A	V	L	I	F	Y	W	H	M	C	P
0	0.01263	0.01308	0.09408	0.25054	0.02575	0.01200	0.01340	0.06805	0.04254	0.02018	0.02073	0.20693	0.02062	0.06377	0.06766	0.00331	0.00805	0.00969	0.00448	0.04248
1	0.06477	0.00856	0.00901	0.00859	0.00999	0.03619	0.00591	0.01404	0.01241	0.07097	0.02557	0.03748	0.09486	0.36933	0.11052	0.00531	0.00744	0.00884	0.09447	0.00576
2	0.05578	0.03920	0.19940	0.07559	0.04030	0.07579	0.04962	0.13409	0.01779	0.08891	0.01675	0.04752	0.02858	0.01129	0.06021	0.00280	0.03608	0.00651	0.00452	0.00926
3	0.01904	0.04791	0.11713	0.05360	0.09019	0.01506	0.19452	0.08578	0.03582	0.16709	0.04152	0.06804	0.01592	0.00813	0.00719	0.00219	0.00827	0.00768	0.00510	0.00983
4	0.00894	0.00669	0.00814	0.00897	0.00995	0.00631	0.00614	0.01112	0.04659	0.01846	0.08692	0.47263	0.17372	0.08877	0.01092	0.00299	0.00414	0.01655	0.00625	0.00578
5	0.01501	0.01411	0.06248	0.18680	0.18661	0.01383	0.07019	0.05149	0.01564	0.05330	0.07227	0.05420	0.01821	0.05809	0.00976	0.00253	0.04713	0.02673	0.03310	0.00852
6	0.04001	0.07826	0.12135	0.04813	0.21999	0.10827	0.06526	0.06506	0.09247	0.05403	0.03255	0.01760	0.01273	0.00705	0.00656	0.00204	0.00852	0.00600	0.00425	0.00986
7	0.10481	0.04137	0.01409	0.04134	0.01509	0.05103	0.00943	0.01819	0.05843	0.09108	0.02141	0.07672	0.06152	0.15679	0.07887	0.00395	0.13588	0.00810	0.00471	0.00721
8	0.01250	0.00951	0.01158	0.01228	0.05876	0.05658	0.00844	0.01429	0.01394	0.06415	0.10475	0.11337	0.11051	0.06619	0.23844	0.07379	0.00961	0.00983	0.00498	0.00647
9	0.06684	0.04548	0.08976	0.09605	0.12207	0.04282	0.04765	0.01782	0.01449	0.04892	0.08267	0.14042	0.02117	0.01309	0.05667	0.00287	0.07010	0.00863	0.00441	0.00807
10	0.10440	0.07609	0.13830	0.01912	0.12300	0.07495	0.04974	0.04275	0.02976	0.04996	0.03078	0.03738	0.01287	0.02604	0.03861	0.03530	0.09227	0.00613	0.00393	0.00863
11	0.09412	0.14222	0.02258	0.05442	0.16040	0.04559	0.06613	0.02022	0.04258	0.05270	0.01573	0.09204	0.01426	0.00851	0.00769	0.00209	0.07440	0.00693	0.03656	0.04082

[dist]
# distance from previous block
# <min> <max>
20	131

[block]
# block no. 7 follows, 31 sequences, length 13
# corresponding to MSA columns:
# 673-685
name=unknown_H
#
# <colnr> <probs for GDERKNQSTAVLIFYWHMCP>
#	G	D	E	R	K	N	Q	S	T	A	V	L	I	F	Y	W	H	M	C	P
0	0.01499	0.01565	0.04501	0.08449	0.11938	0.13733	0.03044	0.06106	0.01615	0.02019	0.04252	0.21095	0.08727	0.03308	0.00899	0.00242	0.04736	0.01028	0.00473	0.00770
1	0.04561	0.01110	0.01461	0.07046	0.01771	0.01073	0.05124	0.07472	0.04499	0.10800	0.02130	0.15359	0.02035	0.14860	0.01197	0.00287	0.00621	0.00896	0.00527	0.17169
2	0.01806	0.01610	0.01921	0.08461	0.13543	0.12069	0.04760	0.04991	0.10174	0.07705	0.01796	0.03732	0.01490	0.00861	0.00799	0.00213	0.06738	0.04625	0.07016	0.05688
3	0.01535	0.01429	0.05506	0.15921	0.21044	0.01411	0.01527	0.06781	0.01547	0.04161	0.01607	0.10151	0.01454	0.00874	0.00824	0.00211	0.08005	0.00731	0.03289	0.11991
4	0.00841	0.00615	0.00792	0.00916	0.00987	0.00565	0.00623	0.00982	0.01387	0.01836	0.09427	0.62124	0.12311	0.02038	0.00861	0.00268	0.00385	0.01832	0.00644	0.00565
5	0.01493	0.01315	0.01877	0.24704	0.14824	0.01518	0.01486	0.05070	0.16995	0.02330	0.09070	0.02314	0.01847	0.00858	0.00825	0.00225	0.07175	0.00713	0.04473	0.00887
6	0.06845	0.01242	0.01391	0.01196	0.01567	0.01325	0.00962	0.16153	0.16847	0.10798	0.02189	0.02545	0.01732	0.01377	0.08928	0.00308	0.00706	0.05177	0.12856	0.05856
7	0.01626	0.10179	0.06476	0.14090	0.41703	0.01712	0.04816	0.04375	0.01555	0.02139	0.01347	0.04479	0.01156	0.00685	0.00663	0.00205	0.00826	0.00636	0.00349	0.00983
8	0.01341	0.01160	0.01426	0.07600	0.11818	0.06326	0.01077	0.04473	0.06773	0.02011	0.05260	0.13803	0.04029	0.13093	0.10070	0.00403	0.00810	0.04523	0.03276	0.00729
9	0.02178	0.09394	0.05033	0.04478	0.07914	0.13714	0.04312	0.26626	0.06353	0.06726	0.01647	0.05619	0.01322	0.00818	0.00663	0.00203	0.00828	0.00650	0.00524	0.00998
10	0.01349	0.01204	0.05328	0.04059	0.07688	0.01172	0.03570	0.12117	0.01656	0.02283	0.10642	0.07283	0.07068	0.05134	0.21855	0.02513	0.02949	0.00877	0.00488	0.00764
11	0.01445	0.09710	0.01849	0.25116	0.08294	0.01412	0.01303	0.07048	0.03088	0.04636	0.02191	0.05354	0.08326	0.08993	0.05676	0.00321	0.00800	0.03222	0.00437	0.00780
12	0.01225	0.00633	0.00655	0.00674	0.00819	0.00628	0.00496	0.01521	0.01420	0.02459	0.02407	0.10879	0.02070	0.00951	0.00523	0.00173	0.00328	0.00787	0.70723	0.00628

[dist]
# distance from previous block
# <min> <max>
8	242

# created by:
# /usr/local/bin/augustus/scripts/msa2prfl.pl /tmp/cug/new/without_ca_b/dynactin4-p62.fasta
