[name]
unknown

[dist]
# distance from previous block
# <min> <max>
3	11

[block]
# block no. 0 follows, 24 sequences, length 24
# corresponding to MSA columns:
# 221-244
name=unknown_A
#
# <colnr> <probs for GDERKNQSTAVLIFYWHMCP>
#	G	D	E	R	K	N	Q	S	T	A	V	L	I	F	Y	W	H	M	C	P
0	0.01933	0.01312	0.01596	0.01203	0.01813	0.01031	0.00957	0.02265	0.01799	0.15075	0.06541	0.06417	0.02020	0.00852	0.00678	0.00164	0.00581	0.00710	0.00613	0.52442
1	0.00981	0.00805	0.00864	0.00849	0.01098	0.00688	0.00637	0.01222	0.01910	0.02387	0.21866	0.07229	0.52877	0.01917	0.00937	0.00263	0.00395	0.01617	0.00769	0.00688
2	0.01007	0.00740	0.00944	0.01033	0.01149	0.00677	0.00721	0.01221	0.01766	0.02371	0.22740	0.44122	0.14241	0.02173	0.00980	0.00294	0.00428	0.01941	0.00775	0.00677
3	0.01963	0.01884	0.03219	0.04867	0.67185	0.01884	0.02434	0.02434	0.01806	0.02591	0.01492	0.01963	0.01256	0.00707	0.00785	0.00236	0.00942	0.00707	0.00393	0.01256
4	0.03484	0.01468	0.01913	0.01467	0.02083	0.01341	0.01212	0.12092	0.02467	0.59227	0.02962	0.02591	0.01880	0.00977	0.00797	0.00244	0.00702	0.00786	0.00956	0.01349
5	0.02758	0.02030	0.02201	0.01712	0.02286	0.02227	0.01404	0.55992	0.03527	0.04751	0.10699	0.02449	0.02180	0.01043	0.00813	0.00240	0.00805	0.00812	0.00804	0.01267
6	0.02120	0.72609	0.04155	0.01357	0.02035	0.03138	0.01357	0.02374	0.01611	0.01866	0.01102	0.01272	0.01018	0.00678	0.00509	0.00170	0.00848	0.00424	0.00339	0.01018
7	0.01028	0.00786	0.00958	0.01071	0.01235	0.00717	0.00811	0.01243	0.01703	0.02152	0.05753	0.32084	0.29024	0.02231	0.01002	0.00311	0.00501	0.15981	0.00735	0.00674
8	0.07970	0.01584	0.01815	0.01458	0.02032	0.01588	0.01177	0.11125	0.20805	0.26298	0.02590	0.02409	0.01817	0.00926	0.00745	0.00231	0.00668	0.00738	0.00792	0.13231
9	0.01913	0.45416	0.26372	0.01664	0.02517	0.02590	0.01888	0.02405	0.01635	0.02124	0.01229	0.01430	0.01020	0.00700	0.00598	0.00196	0.00949	0.00483	0.00344	0.04527
10	0.01759	0.19562	0.45159	0.02382	0.11168	0.02145	0.02506	0.02470	0.01676	0.02373	0.01358	0.01618	0.01039	0.00730	0.00701	0.00230	0.01068	0.00564	0.00343	0.01147
11	0.01137	0.00874	0.01068	0.01172	0.01344	0.00850	0.00890	0.01558	0.08132	0.02268	0.05081	0.34121	0.19399	0.02157	0.00994	0.00314	0.00530	0.16635	0.00742	0.00733
12	0.01837	0.01959	0.03941	0.14115	0.20816	0.01936	0.38511	0.02433	0.01810	0.02474	0.01545	0.02089	0.01194	0.00698	0.00874	0.00259	0.01190	0.00840	0.00391	0.01089
13	0.01750	0.10138	0.22584	0.11171	0.03019	0.01930	0.06328	0.05400	0.17111	0.02632	0.02130	0.08626	0.01781	0.00993	0.00784	0.00255	0.00922	0.00846	0.00513	0.01086
14	0.01712	0.17550	0.20594	0.09187	0.20886	0.01966	0.02065	0.02227	0.01707	0.02297	0.02268	0.02519	0.10013	0.00898	0.00738	0.00233	0.00922	0.00744	0.00408	0.01066
15	0.00976	0.00798	0.00862	0.00860	0.01099	0.00684	0.00640	0.01209	0.01880	0.02346	0.19735	0.10953	0.51288	0.01957	0.00941	0.00267	0.00399	0.01658	0.00764	0.00684
16	0.01075	0.00753	0.00871	0.00919	0.00967	0.00723	0.00563	0.01138	0.01336	0.01746	0.03734	0.22732	0.12171	0.44576	0.02832	0.00585	0.00639	0.01509	0.00581	0.00549
17	0.04429	0.12563	0.35361	0.06820	0.03080	0.03881	0.05029	0.04467	0.08735	0.05894	0.01668	0.01851	0.01227	0.00796	0.00731	0.00242	0.01023	0.00629	0.00444	0.01131
18	0.00964	0.00745	0.00865	0.00957	0.01099	0.00662	0.00662	0.01122	0.01626	0.02049	0.05894	0.39458	0.32497	0.06173	0.01148	0.00323	0.00451	0.01935	0.00722	0.00646
19	0.03022	0.01813	0.02079	0.01637	0.02231	0.01905	0.01338	0.31758	0.14427	0.27301	0.02585	0.02381	0.01764	0.00985	0.00797	0.00246	0.00757	0.00777	0.00864	0.01332
20	0.01940	0.04954	0.18339	0.02392	0.14610	0.04342	0.04728	0.10435	0.02088	0.06554	0.07110	0.06307	0.02334	0.01120	0.00837	0.00260	0.00913	0.09092	0.00562	0.01084
21	0.01951	0.20642	0.11186	0.02703	0.08329	0.05147	0.30141	0.02477	0.01756	0.02305	0.01398	0.01796	0.01121	0.00730	0.00877	0.00239	0.05048	0.00715	0.00374	0.01064
22	0.03525	0.01403	0.01873	0.01436	0.02051	0.01244	0.01186	0.07566	0.02359	0.63907	0.03054	0.02651	0.01925	0.00980	0.00797	0.00245	0.00687	0.00792	0.00970	0.01349
23	0.01095	0.00824	0.01029	0.01123	0.01260	0.00796	0.00806	0.01473	0.07207	0.02349	0.14168	0.44131	0.12177	0.02158	0.00980	0.00303	0.00474	0.06162	0.00763	0.00721

[dist]
# distance from previous block
# <min> <max>
0	1

[block]
# block no. 1 follows, 24 sequences, length 58
# corresponding to MSA columns:
# 251-257,283-291,293-299,324-330,334-352,356-364
name=unknown_B
#
# <colnr> <probs for GDERKNQSTAVLIFYWHMCP>
#	G	D	E	R	K	N	Q	S	T	A	V	L	I	F	Y	W	H	M	C	P
0	0.02195	0.02473	0.09977	0.02807	0.19935	0.13698	0.07456	0.09198	0.18518	0.02889	0.01935	0.02103	0.01491	0.00847	0.00789	0.00243	0.01001	0.00729	0.00536	0.01180
1	0.01288	0.01073	0.01369	0.01326	0.01446	0.04640	0.01009	0.01512	0.01301	0.01805	0.02034	0.03221	0.01985	0.15549	0.49135	0.01053	0.08264	0.00865	0.00425	0.00699
2	0.02055	0.02110	0.06817	0.03453	0.26960	0.02009	0.22765	0.10984	0.09230	0.02973	0.01775	0.02110	0.01368	0.00770	0.00837	0.00251	0.01041	0.00799	0.00492	0.01202
3	0.00983	0.00740	0.00910	0.01006	0.01134	0.00667	0.00702	0.01175	0.01711	0.02238	0.15148	0.43897	0.22372	0.02219	0.00980	0.00296	0.00431	0.01968	0.00758	0.00667
4	0.01590	0.04102	0.68023	0.02260	0.03432	0.01842	0.02930	0.02511	0.01674	0.02511	0.01423	0.01674	0.01005	0.00753	0.00753	0.00251	0.01172	0.00586	0.00335	0.01172
5	0.01713	0.01629	0.02768	0.39954	0.34049	0.01818	0.02309	0.02215	0.01688	0.02288	0.01447	0.02044	0.01149	0.00753	0.00789	0.00251	0.01004	0.00706	0.00371	0.01055
6	0.02000	0.57056	0.18655	0.01562	0.02352	0.02843	0.01714	0.02406	0.01626	0.02012	0.01175	0.01363	0.01015	0.00695	0.00564	0.00188	0.00922	0.00461	0.00338	0.01053
7	0.00984	0.00813	0.00880	0.00884	0.01132	0.00709	0.00675	0.01214	0.01815	0.02228	0.12708	0.07269	0.54309	0.02226	0.05143	0.00333	0.00523	0.04745	0.00729	0.00682
8	0.03524	0.01403	0.01874	0.01436	0.02051	0.01245	0.01187	0.07607	0.02360	0.63864	0.03053	0.02650	0.01925	0.00980	0.00797	0.00245	0.00687	0.00792	0.00970	0.01349
9	0.25763	0.01669	0.04461	0.01410	0.01987	0.01643	0.01197	0.10088	0.11518	0.29009	0.02320	0.02177	0.01587	0.00908	0.00703	0.00248	0.00692	0.00682	0.00758	0.01179
10	0.01395	0.01099	0.01378	0.01390	0.04196	0.01209	0.00980	0.02165	0.18688	0.02401	0.11966	0.03869	0.03065	0.17572	0.24340	0.00706	0.01134	0.01005	0.00603	0.00836
11	0.01013	0.00758	0.00941	0.00998	0.01144	0.00686	0.00709	0.01246	0.01834	0.02446	0.26532	0.34309	0.20329	0.02079	0.00968	0.00285	0.00417	0.01839	0.00783	0.00686
12	0.01963	0.01884	0.03219	0.04867	0.67185	0.01884	0.02434	0.02434	0.01806	0.02591	0.01492	0.01963	0.01256	0.00707	0.00785	0.00236	0.00942	0.00707	0.00393	0.01256
13	0.01963	0.01884	0.03219	0.04867	0.67185	0.01884	0.02434	0.02434	0.01806	0.02591	0.01492	0.01963	0.01256	0.00707	0.00785	0.00236	0.00942	0.00707	0.00393	0.01256
14	0.01679	0.03384	0.45709	0.02548	0.03587	0.01859	0.21772	0.02499	0.01734	0.02523	0.01478	0.01816	0.01073	0.00720	0.00803	0.00251	0.01198	0.00689	0.00361	0.04317
15	0.01003	0.00717	0.00963	0.01147	0.01209	0.00676	0.00801	0.01169	0.01555	0.02066	0.04350	0.64106	0.05163	0.02449	0.01022	0.00327	0.00492	0.09394	0.00735	0.00654
16	0.02120	0.72609	0.04155	0.01357	0.02035	0.03138	0.01357	0.02374	0.01611	0.01866	0.01102	0.01272	0.01018	0.00678	0.00509	0.00170	0.00848	0.00424	0.00339	0.01018
17	0.01637	0.01515	0.02570	0.02001	0.02449	0.01518	0.23360	0.08161	0.05453	0.02949	0.23866	0.07032	0.07084	0.01239	0.01022	0.00266	0.05119	0.01166	0.00649	0.00945
18	0.01605	0.01437	0.02301	0.11728	0.27459	0.01482	0.04960	0.04546	0.04951	0.02494	0.04703	0.23581	0.02727	0.01322	0.00870	0.00270	0.00792	0.01229	0.00546	0.00996
19	0.01244	0.01001	0.01489	0.01391	0.01516	0.01178	0.03559	0.01479	0.01270	0.01825	0.02029	0.03259	0.01987	0.16657	0.46413	0.01027	0.10664	0.00886	0.00424	0.00704
20	0.77733	0.01534	0.01166	0.01043	0.01534	0.01779	0.00859	0.02331	0.01350	0.03558	0.01104	0.01288	0.00859	0.00736	0.00491	0.00245	0.00613	0.00429	0.00491	0.00859
21	0.02243	0.02255	0.04686	0.01654	0.02205	0.21135	0.03791	0.05861	0.02015	0.08145	0.06233	0.02021	0.01649	0.00839	0.00817	0.00195	0.04968	0.00629	0.00527	0.28132
22	0.02023	0.01728	0.01821	0.01624	0.02081	0.01996	0.01267	0.07116	0.62768	0.03398	0.03164	0.02908	0.02369	0.01070	0.00806	0.00267	0.00639	0.00888	0.00806	0.01260
23	0.01377	0.00689	0.01033	0.01033	0.01033	0.00689	0.00689	0.01033	0.01033	0.01377	0.01377	0.02410	0.01377	0.02755	0.03099	0.76928	0.00689	0.00689	0.00344	0.00344
24	0.01735	0.01735	0.02429	0.02082	0.02082	0.02429	0.01735	0.01908	0.01214	0.01908	0.01041	0.01735	0.01041	0.01388	0.02602	0.00347	0.70680	0.00694	0.00347	0.00867
25	0.01148	0.00805	0.01037	0.00979	0.01166	0.00748	0.00734	0.01522	0.02203	0.03164	0.62136	0.05709	0.07089	0.01571	0.00908	0.00245	0.00374	0.01384	0.06331	0.00748
26	0.00946	0.00804	0.00816	0.00813	0.01077	0.00673	0.00610	0.01156	0.01829	0.02194	0.10942	0.07547	0.63922	0.01989	0.00937	0.00267	0.00400	0.01662	0.00743	0.00673
27	0.01122	0.00811	0.01060	0.00998	0.01185	0.00748	0.00748	0.01496	0.02245	0.03180	0.66766	0.05923	0.07482	0.01621	0.00935	0.00249	0.00374	0.01434	0.00873	0.00748
28	0.77733	0.01534	0.01166	0.01043	0.01534	0.01779	0.00859	0.02331	0.01350	0.03558	0.01104	0.01288	0.00859	0.00736	0.00491	0.00245	0.00613	0.00429	0.00491	0.00859
29	0.01855	0.01775	0.03025	0.19960	0.52931	0.01856	0.02380	0.02340	0.01755	0.02460	0.01473	0.01998	0.01210	0.00726	0.00787	0.00242	0.00969	0.00706	0.00383	0.01169
30	0.02992	0.02883	0.02323	0.01917	0.02456	0.30717	0.01518	0.38457	0.03099	0.03698	0.01616	0.01702	0.01210	0.00895	0.00760	0.00224	0.01110	0.00628	0.00630	0.01166
31	0.01153	0.00769	0.00865	0.00865	0.00865	0.00769	0.00480	0.01153	0.01153	0.01538	0.02499	0.05189	0.02883	0.72131	0.04036	0.00769	0.00769	0.01153	0.00480	0.00480
32	0.77733	0.01534	0.01166	0.01043	0.01534	0.01779	0.00859	0.02331	0.01350	0.03558	0.01104	0.01288	0.00859	0.00736	0.00491	0.00245	0.00613	0.00429	0.00491	0.00859
33	0.03014	0.02221	0.02380	0.01825	0.02459	0.02459	0.01507	0.64541	0.03728	0.04998	0.01904	0.01904	0.01349	0.00952	0.00793	0.00238	0.00873	0.00714	0.00793	0.01349
34	0.01133	0.00850	0.01274	0.01274	0.01416	0.00991	0.00991	0.01416	0.01274	0.01841	0.02124	0.03115	0.01982	0.05947	0.68989	0.01274	0.02124	0.00850	0.00425	0.00708
35	0.01122	0.00811	0.01060	0.00998	0.01185	0.00748	0.00748	0.01496	0.02245	0.03180	0.66766	0.05923	0.07482	0.01621	0.00935	0.00249	0.00374	0.01434	0.00873	0.00748
36	0.01972	0.01703	0.01793	0.01614	0.02062	0.01972	0.01255	0.04214	0.65752	0.03317	0.03228	0.02959	0.02421	0.01076	0.00807	0.00269	0.00628	0.00897	0.00807	0.01255
37	0.01735	0.01735	0.02429	0.02082	0.02082	0.02429	0.01735	0.01908	0.01214	0.01908	0.01041	0.01735	0.01041	0.01388	0.02602	0.00347	0.70680	0.00694	0.00347	0.00867
38	0.01590	0.04102	0.68023	0.02260	0.03432	0.01842	0.02930	0.02511	0.01674	0.02511	0.01423	0.01674	0.01005	0.00753	0.00753	0.00251	0.01172	0.00586	0.00335	0.01172
39	0.01919	0.01946	0.03548	0.03959	0.37709	0.01964	0.22682	0.02565	0.06404	0.02584	0.01626	0.02079	0.01309	0.00763	0.00948	0.00255	0.05351	0.00795	0.00422	0.01171
40	0.72266	0.01559	0.01314	0.01319	0.06270	0.01787	0.00972	0.02338	0.01382	0.03488	0.01132	0.01337	0.00887	0.00734	0.00512	0.00245	0.00637	0.00449	0.00484	0.00887
41	0.01459	0.01307	0.01875	0.01812	0.05488	0.01680	0.01365	0.01675	0.01266	0.01885	0.01628	0.02623	0.01599	0.10162	0.28123	0.00739	0.33331	0.00800	0.00393	0.00790
42	0.01153	0.00769	0.00865	0.00865	0.00865	0.00769	0.00480	0.01153	0.01153	0.01538	0.02499	0.05189	0.02883	0.72131	0.04036	0.00769	0.00769	0.01153	0.00480	0.00480
43	0.01280	0.00907	0.01068	0.01027	0.01274	0.00854	0.00784	0.01748	0.07584	0.05863	0.29602	0.09441	0.24314	0.01694	0.00907	0.00263	0.00443	0.04675	0.05483	0.00791
44	0.01133	0.00850	0.01274	0.01274	0.01416	0.00991	0.00991	0.01416	0.01274	0.01841	0.02124	0.03115	0.01982	0.05947	0.68989	0.01274	0.02124	0.00850	0.00425	0.00708
45	0.01152	0.00773	0.00887	0.00887	0.00894	0.00781	0.00508	0.01167	0.01160	0.01554	0.02478	0.05078	0.02835	0.68576	0.07526	0.00796	0.00842	0.01137	0.00478	0.00493
46	0.01133	0.00850	0.01274	0.01274	0.01416	0.00991	0.00991	0.01416	0.01274	0.01841	0.02124	0.03115	0.01982	0.05947	0.68989	0.01274	0.02124	0.00850	0.00425	0.00708
47	0.00979	0.00800	0.00865	0.00860	0.01100	0.00686	0.00641	0.01215	0.01890	0.02364	0.20754	0.10260	0.50935	0.01946	0.00940	0.00266	0.00398	0.01648	0.00766	0.00686
48	0.77733	0.01534	0.01166	0.01043	0.01534	0.01779	0.00859	0.02331	0.01350	0.03558	0.01104	0.01288	0.00859	0.00736	0.00491	0.00245	0.00613	0.00429	0.00491	0.00859
49	0.01780	0.13386	0.15246	0.01674	0.02474	0.01692	0.08399	0.04296	0.01739	0.02531	0.01401	0.01654	0.01126	0.00655	0.00652	0.00172	0.00834	0.00545	0.00426	0.39317
50	0.01015	0.00734	0.00970	0.01140	0.01224	0.00689	0.00814	0.01194	0.01589	0.02089	0.04607	0.56847	0.09580	0.02402	0.01020	0.00325	0.00500	0.11865	0.00735	0.00660
51	0.03558	0.01350	0.01840	0.01411	0.02024	0.01166	0.01166	0.03865	0.02270	0.67734	0.03128	0.02699	0.01963	0.00981	0.00797	0.00245	0.00675	0.00797	0.00981	0.01350
52	0.01127	0.00767	0.00864	0.00874	0.00896	0.00754	0.00504	0.01149	0.01222	0.01609	0.03007	0.09226	0.07636	0.63025	0.03637	0.00707	0.00724	0.01255	0.00514	0.00504
53	0.00966	0.00690	0.00920	0.01104	0.01150	0.00644	0.00736	0.01104	0.01518	0.02024	0.04371	0.71614	0.05245	0.02484	0.01012	0.00322	0.00460	0.02254	0.00736	0.00644
54	0.01191	0.00834	0.01033	0.00969	0.01196	0.00748	0.00732	0.01519	0.02137	0.05953	0.49199	0.06196	0.21964	0.01687	0.00929	0.00254	0.00395	0.01464	0.00844	0.00757
55	0.01153	0.00769	0.00865	0.00865	0.00865	0.00769	0.00480	0.01153	0.01153	0.01538	0.02499	0.05189	0.02883	0.72131	0.04036	0.00769	0.00769	0.01153	0.00480	0.00480
56	0.01943	0.01864	0.03183	0.07646	0.64560	0.01879	0.02424	0.02416	0.01796	0.02567	0.01488	0.01969	0.01248	0.00710	0.00785	0.00237	0.00947	0.00706	0.00391	0.01240
57	0.02380	0.01906	0.02023	0.01696	0.02217	0.02163	0.01354	0.27803	0.41500	0.03974	0.02710	0.02546	0.02001	0.01027	0.00802	0.00257	0.00723	0.00825	0.00802	0.01292

[dist]
# distance from previous block
# <min> <max>
0	1

# created by:
# /usr/local/bin/augustus/scripts/msa2prfl.pl /tmp/cug/new/without_ca_b/dynein-light-chain-8.fasta
