[name]
unknown

[dist]
# distance from previous block
# <min> <max>
0	5

[block]
# block no. 0 follows, 18 sequences, length 24
# corresponding to MSA columns:
# 139-162
name=unknown_A
#
# <colnr> <probs for GDERKNQSTAVLIFYWHMCP>
#	G	D	E	R	K	N	Q	S	T	A	V	L	I	F	Y	W	H	M	C	P
0	0.02158	0.02044	0.08343	0.02569	0.12344	0.01908	0.01969	0.15876	0.02566	0.03485	0.03257	0.05511	0.05056	0.01661	0.01215	0.00344	0.06053	0.21744	0.00718	0.01180
1	0.02539	0.32657	0.21489	0.02019	0.02961	0.02988	0.02154	0.17191	0.02515	0.03310	0.01624	0.01798	0.01272	0.00892	0.00757	0.00245	0.01100	0.00632	0.00526	0.01329
2	0.01824	0.01723	0.02916	0.55566	0.15582	0.02064	0.02595	0.02424	0.01878	0.02455	0.01648	0.02419	0.01262	0.00901	0.00916	0.00300	0.01202	0.00816	0.00416	0.01092
3	0.01896	0.01779	0.03264	0.17440	0.15454	0.01868	0.17265	0.02310	0.01840	0.02504	0.01977	0.08002	0.01792	0.01442	0.01539	0.12446	0.04638	0.01039	0.00469	0.01037
4	0.02723	0.02455	0.10970	0.02874	0.11533	0.02141	0.13124	0.10715	0.14457	0.15474	0.02597	0.02669	0.01860	0.01004	0.00948	0.00293	0.01068	0.00919	0.00742	0.01434
5	0.01791	0.02093	0.17483	0.01885	0.02472	0.01380	0.06556	0.02295	0.01933	0.09915	0.03732	0.20569	0.08944	0.02580	0.11511	0.00513	0.01175	0.01439	0.00675	0.01060
6	0.01113	0.00822	0.01041	0.01216	0.01315	0.00751	0.00825	0.01285	0.01818	0.02368	0.05816	0.56749	0.15968	0.02778	0.01157	0.00362	0.00521	0.02491	0.00852	0.00751
7	0.01869	0.04558	0.58135	0.02722	0.04043	0.02148	0.08039	0.02911	0.01958	0.02911	0.01665	0.01984	0.01182	0.00864	0.00890	0.00292	0.01373	0.00713	0.00394	0.01347
8	0.02679	0.02741	0.18755	0.02903	0.06381	0.01989	0.22742	0.03369	0.02220	0.21093	0.02313	0.02513	0.01599	0.00940	0.01041	0.00299	0.03497	0.00911	0.00647	0.01369
9	0.02081	0.01952	0.03284	0.04911	0.51915	0.01943	0.02491	0.02562	0.02035	0.02891	0.02281	0.13057	0.02222	0.01160	0.00953	0.00289	0.00998	0.01116	0.00521	0.01337
10	0.01837	0.01737	0.02941	0.54043	0.16999	0.02067	0.02601	0.02436	0.01885	0.02471	0.01650	0.02414	0.01268	0.00899	0.00916	0.00300	0.01198	0.00816	0.00417	0.01103
11	0.02505	0.02016	0.03755	0.19195	0.13646	0.02014	0.23093	0.03110	0.02173	0.15965	0.02169	0.02580	0.01554	0.00897	0.00979	0.00297	0.01225	0.00939	0.00597	0.01289
12	0.01797	0.01731	0.03030	0.57337	0.08889	0.02071	0.07376	0.02420	0.01877	0.02429	0.01656	0.02442	0.01250	0.00901	0.00932	0.00305	0.01245	0.00839	0.00415	0.01060
13	0.01307	0.01041	0.01495	0.01970	0.11412	0.00987	0.01165	0.01538	0.01845	0.02466	0.04905	0.50865	0.10529	0.02483	0.01120	0.00350	0.00619	0.02249	0.00786	0.00866
14	0.02135	0.02733	0.19535	0.07796	0.09019	0.01988	0.23859	0.02853	0.02078	0.08447	0.02264	0.08922	0.01882	0.01061	0.00994	0.00305	0.01259	0.01073	0.00542	0.01253
15	0.01943	0.03848	0.47592	0.02291	0.03404	0.01856	0.02801	0.02844	0.02106	0.08058	0.11769	0.02856	0.02504	0.01062	0.00912	0.00290	0.01155	0.00862	0.00554	0.01293
16	0.01153	0.00823	0.01104	0.01317	0.01385	0.00775	0.00911	0.01337	0.01791	0.02382	0.05042	0.61793	0.05999	0.02845	0.01181	0.00378	0.00562	0.07614	0.00852	0.00755
17	0.01811	0.01699	0.02901	0.34152	0.21467	0.01881	0.05456	0.02338	0.01915	0.02567	0.02242	0.13154	0.02106	0.01207	0.00967	0.00308	0.01089	0.01130	0.00498	0.01112
18	0.02444	0.02821	0.08905	0.11894	0.16880	0.12552	0.19313	0.08412	0.02369	0.03034	0.01742	0.02219	0.01346	0.00872	0.00947	0.00284	0.01355	0.00849	0.00494	0.01269
19	0.14151	0.01877	0.03112	0.30363	0.09965	0.02051	0.14018	0.02773	0.01958	0.08496	0.01817	0.02343	0.01341	0.00888	0.00894	0.00298	0.01153	0.00830	0.00519	0.01152
20	0.02160	0.01650	0.02703	0.51683	0.08654	0.01933	0.02365	0.02725	0.01981	0.12407	0.01968	0.02551	0.01411	0.00949	0.00918	0.00301	0.01143	0.00834	0.00532	0.01134
21	0.01905	0.02191	0.15600	0.02340	0.10685	0.01638	0.01862	0.05157	0.11747	0.06303	0.03407	0.26505	0.03377	0.01695	0.01004	0.00321	0.00862	0.01495	0.00725	0.01180
22	0.07935	0.05544	0.27229	0.02167	0.03080	0.01875	0.07038	0.03200	0.04383	0.17984	0.02538	0.08707	0.01998	0.01137	0.00901	0.00295	0.01058	0.00958	0.00664	0.01307
23	0.04952	0.01983	0.05892	0.10440	0.08103	0.03903	0.09847	0.02944	0.11689	0.07998	0.03005	0.12495	0.05097	0.01367	0.01126	0.00316	0.05815	0.01192	0.00664	0.01171

[dist]
# distance from previous block
# <min> <max>
4	65

[block]
# block no. 1 follows, 18 sequences, length 14
# corresponding to MSA columns:
# 251-264
name=unknown_B
#
# <colnr> <probs for GDERKNQSTAVLIFYWHMCP>
#	G	D	E	R	K	N	Q	S	T	A	V	L	I	F	Y	W	H	M	C	P
0	0.16338	0.02137	0.07540	0.04675	0.07536	0.02035	0.06920	0.05689	0.19480	0.03605	0.06929	0.02784	0.02287	0.01040	0.00857	0.00282	0.00887	0.00876	0.00685	0.07418
1	0.09177	0.02360	0.02760	0.02623	0.11845	0.12625	0.09894	0.08955	0.06758	0.06398	0.02881	0.03030	0.08936	0.01091	0.00896	0.00271	0.01058	0.00928	0.00647	0.06868
2	0.02198	0.06548	0.15389	0.12142	0.15601	0.02171	0.07592	0.09745	0.02265	0.03180	0.01726	0.02130	0.01337	0.00850	0.00862	0.00257	0.01120	0.00749	0.00505	0.13634
3	0.01847	0.07685	0.01984	0.01700	0.06469	0.04780	0.01203	0.08371	0.02395	0.03171	0.19790	0.10262	0.12964	0.05872	0.01198	0.00311	0.00729	0.01344	0.00765	0.07161
4	0.02385	0.26845	0.03302	0.01833	0.02459	0.11569	0.05682	0.06491	0.07703	0.02946	0.12025	0.02763	0.02673	0.01051	0.00806	0.00238	0.00983	0.00827	0.00612	0.06806
5	0.02210	0.06494	0.13660	0.01866	0.02537	0.01792	0.06063	0.07989	0.07322	0.09954	0.10512	0.03540	0.02870	0.11377	0.01485	0.00365	0.00939	0.00996	0.00701	0.07330
6	0.03067	0.02149	0.07844	0.02600	0.13924	0.01926	0.01900	0.10787	0.04926	0.26641	0.02556	0.02566	0.01791	0.01059	0.01076	0.00282	0.06472	0.00836	0.00798	0.06802
7	0.02207	0.07475	0.02401	0.01955	0.06105	0.01891	0.05591	0.09328	0.16722	0.08474	0.10220	0.04538	0.16372	0.01429	0.00961	0.00290	0.00780	0.01216	0.00826	0.01220
8	0.02352	0.06035	0.03598	0.09696	0.03673	0.02308	0.21448	0.16385	0.02605	0.03547	0.07007	0.02650	0.02020	0.01013	0.01086	0.00284	0.05351	0.00942	0.00615	0.07386
9	0.08680	0.01899	0.02108	0.02140	0.10358	0.07429	0.01456	0.03311	0.14890	0.12438	0.14377	0.03407	0.03243	0.01171	0.00889	0.00268	0.00806	0.00971	0.00796	0.09364
10	0.02133	0.16736	0.02870	0.01769	0.02379	0.02016	0.08138	0.06032	0.07623	0.06570	0.12280	0.03417	0.05983	0.01565	0.05556	0.00338	0.00963	0.00972	0.00683	0.11978
11	0.01936	0.01475	0.02356	0.01940	0.02358	0.01448	0.12587	0.06245	0.02157	0.08463	0.11343	0.17188	0.03652	0.02329	0.08803	0.04287	0.03624	0.01390	0.00724	0.05696
12	0.02072	0.07163	0.05505	0.06713	0.07175	0.01903	0.01601	0.07985	0.12953	0.05237	0.06769	0.12300	0.05374	0.01387	0.01002	0.00285	0.03395	0.01158	0.00716	0.09309
13	0.02103	0.01753	0.06863	0.06417	0.02457	0.01616	0.01534	0.11528	0.02399	0.08811	0.13658	0.04242	0.03396	0.06266	0.08429	0.00466	0.04861	0.05787	0.00738	0.06676

[dist]
# distance from previous block
# <min> <max>
11	44

[block]
# block no. 2 follows, 18 sequences, length 7
# corresponding to MSA columns:
# 329-335
name=unknown_C
#
# <colnr> <probs for GDERKNQSTAVLIFYWHMCP>
#	G	D	E	R	K	N	Q	S	T	A	V	L	I	F	Y	W	H	M	C	P
0	0.01316	0.01008	0.01283	0.01232	0.01471	0.00976	0.00911	0.01592	0.01809	0.02487	0.12543	0.10415	0.15141	0.12265	0.23037	0.00768	0.01225	0.01400	0.00681	0.08441
1	0.15084	0.17857	0.22541	0.02023	0.02917	0.08519	0.02114	0.13144	0.02355	0.03417	0.01581	0.01779	0.01212	0.00899	0.00761	0.00261	0.01126	0.00624	0.00526	0.01263
2	0.01943	0.02690	0.20014	0.03958	0.34949	0.01922	0.02610	0.02581	0.02048	0.02883	0.03029	0.03326	0.11893	0.01097	0.00929	0.00284	0.01057	0.00974	0.00505	0.01308
3	0.13027	0.02947	0.21673	0.02311	0.03240	0.02169	0.10340	0.15582	0.02567	0.14301	0.02098	0.02222	0.01457	0.00953	0.00879	0.00288	0.01113	0.00787	0.00675	0.01370
4	0.01598	0.01931	0.12616	0.01808	0.02343	0.01444	0.09285	0.02346	0.08997	0.02973	0.18123	0.05217	0.14349	0.11107	0.01550	0.00386	0.00855	0.01338	0.00723	0.01012
5	0.14601	0.01907	0.03281	0.02509	0.03135	0.01890	0.27574	0.07062	0.02243	0.03404	0.10881	0.11847	0.03038	0.01265	0.00992	0.00308	0.01056	0.01255	0.00652	0.01100
6	0.02125	0.13467	0.02861	0.01964	0.02542	0.02289	0.09270	0.03704	0.32664	0.03329	0.09470	0.03624	0.06297	0.01228	0.00919	0.00289	0.00839	0.01066	0.00778	0.01275

[dist]
# distance from previous block
# <min> <max>
5	17

[block]
# block no. 3 follows, 18 sequences, length 10
# corresponding to MSA columns:
# 353-362
name=unknown_D
#
# <colnr> <probs for GDERKNQSTAVLIFYWHMCP>
#	G	D	E	R	K	N	Q	S	T	A	V	L	I	F	Y	W	H	M	C	P
0	0.02289	0.12491	0.21341	0.02716	0.10686	0.02300	0.07928	0.06562	0.02130	0.07672	0.01957	0.05407	0.01604	0.01030	0.01040	0.00280	0.06283	0.00840	0.00532	0.04915
1	0.12365	0.04802	0.02537	0.07162	0.06713	0.02202	0.04736	0.14068	0.13345	0.07518	0.06955	0.02746	0.02238	0.01098	0.00971	0.00285	0.04019	0.00877	0.00733	0.04628
2	0.10842	0.06956	0.02468	0.01829	0.02412	0.07416	0.07986	0.09399	0.06178	0.08104	0.08764	0.07432	0.06797	0.01250	0.00887	0.00271	0.00895	0.01047	0.00726	0.08341
3	0.01901	0.02358	0.13684	0.02994	0.15783	0.01750	0.14037	0.02499	0.02010	0.02876	0.02585	0.07845	0.06516	0.01069	0.00920	0.00262	0.01043	0.01016	0.00529	0.18323
4	0.02598	0.11101	0.23358	0.02226	0.03110	0.10262	0.05304	0.09766	0.06808	0.10070	0.05088	0.02407	0.01860	0.01003	0.00871	0.00273	0.01160	0.00790	0.00624	0.01321
5	0.09251	0.02805	0.24498	0.06618	0.03222	0.01902	0.06644	0.06368	0.06742	0.07650	0.02778	0.09850	0.05283	0.01233	0.00919	0.00303	0.01042	0.01043	0.00624	0.01223
6	0.02436	0.06005	0.12998	0.02556	0.09146	0.13445	0.07598	0.03330	0.12338	0.07383	0.02574	0.05052	0.04283	0.01075	0.00898	0.00273	0.01120	0.00906	0.00617	0.05969
7	0.02343	0.10361	0.09217	0.02466	0.11754	0.02156	0.04366	0.09897	0.08031	0.08015	0.06870	0.03127	0.06868	0.01149	0.01005	0.00274	0.04504	0.00936	0.00673	0.05987
8	0.02286	0.09789	0.02461	0.06809	0.02551	0.05707	0.05422	0.06368	0.06136	0.12087	0.06669	0.12784	0.11369	0.01521	0.01041	0.00297	0.03554	0.01274	0.00753	0.01122
9	0.07187	0.12575	0.09836	0.02544	0.08027	0.12591	0.11990	0.07116	0.04747	0.03000	0.05089	0.02560	0.01891	0.05665	0.01130	0.00311	0.01182	0.00836	0.00544	0.01181

[dist]
# distance from previous block
# <min> <max>
5	43

[block]
# block no. 4 follows, 18 sequences, length 9
# corresponding to MSA columns:
# 489-497
name=unknown_E
#
# <colnr> <probs for GDERKNQSTAVLIFYWHMCP>
#	G	D	E	R	K	N	Q	S	T	A	V	L	I	F	Y	W	H	M	C	P
0	0.01533	0.01720	0.08588	0.02246	0.07043	0.01453	0.10796	0.01931	0.01878	0.02556	0.04072	0.31796	0.10594	0.01981	0.01263	0.00341	0.06795	0.01774	0.00668	0.00973
1	0.02068	0.09935	0.14481	0.08318	0.02778	0.08224	0.01772	0.02540	0.02021	0.07282	0.03058	0.08076	0.07770	0.05073	0.01105	0.00314	0.00997	0.04791	0.04574	0.04824
2	0.06107	0.20866	0.14528	0.04578	0.02665	0.02340	0.01816	0.06030	0.02023	0.05530	0.02526	0.06755	0.07088	0.01194	0.01010	0.00270	0.07062	0.00886	0.00552	0.06173
3	0.09387	0.10588	0.08860	0.02193	0.08124	0.11091	0.01751	0.12649	0.02474	0.12475	0.02029	0.02342	0.01581	0.05584	0.01077	0.00299	0.01055	0.00742	0.00650	0.05049
4	0.01541	0.10774	0.01814	0.01295	0.01669	0.01397	0.01011	0.01966	0.05930	0.02587	0.08380	0.18197	0.15768	0.05896	0.06906	0.00419	0.00807	0.01469	0.00709	0.11466
5	0.01943	0.08151	0.08317	0.05406	0.06022	0.01818	0.12663	0.02677	0.08810	0.06713	0.06557	0.15203	0.08856	0.01471	0.00989	0.00304	0.00938	0.01344	0.00684	0.01134
6	0.02086	0.05308	0.05014	0.02148	0.07679	0.07990	0.05449	0.10447	0.04332	0.03198	0.09467	0.17828	0.06509	0.01539	0.00968	0.00286	0.00898	0.01339	0.00713	0.06802
7	0.02766	0.02119	0.02262	0.06853	0.02708	0.05990	0.01547	0.29833	0.08653	0.08325	0.03436	0.09807	0.08815	0.01413	0.00959	0.00293	0.00915	0.01145	0.00853	0.01306
8	0.13662	0.01417	0.01569	0.01581	0.05589	0.01437	0.01084	0.08015	0.05337	0.03124	0.03866	0.16806	0.12284	0.11787	0.01492	0.00385	0.00718	0.01371	0.00717	0.07759

[dist]
# distance from previous block
# <min> <max>
4	20

[block]
# block no. 5 follows, 18 sequences, length 11
# corresponding to MSA columns:
# 560-570
name=unknown_F
#
# <colnr> <probs for GDERKNQSTAVLIFYWHMCP>
#	G	D	E	R	K	N	Q	S	T	A	V	L	I	F	Y	W	H	M	C	P
0	0.02336	0.10444	0.02847	0.05943	0.07661	0.02356	0.05829	0.12885	0.22602	0.03472	0.02587	0.02944	0.02081	0.06244	0.05396	0.00407	0.01055	0.00922	0.00700	0.01289
1	0.06818	0.01780	0.06272	0.02066	0.11232	0.05042	0.01428	0.06578	0.02220	0.03034	0.10761	0.13392	0.18469	0.05432	0.01192	0.00333	0.00789	0.01428	0.00720	0.01013
2	0.02513	0.14544	0.03156	0.02465	0.10555	0.05909	0.06791	0.18590	0.07025	0.03629	0.06782	0.06568	0.05148	0.01194	0.00901	0.00272	0.00985	0.01004	0.00693	0.01276
3	0.01959	0.07191	0.06258	0.01574	0.02020	0.07343	0.01314	0.06626	0.09527	0.05740	0.08512	0.19703	0.15018	0.01791	0.00988	0.00303	0.00783	0.01508	0.00786	0.01055
4	0.01982	0.15204	0.10608	0.02411	0.07741	0.05563	0.13333	0.02498	0.02066	0.02705	0.07498	0.03384	0.10024	0.01447	0.04568	0.00333	0.01143	0.00988	0.00544	0.05963
5	0.02477	0.16186	0.03102	0.02416	0.11222	0.09020	0.06715	0.03018	0.06403	0.10463	0.05511	0.02828	0.02150	0.05983	0.04770	0.00367	0.01112	0.00857	0.00614	0.04787
6	0.09961	0.01946	0.06701	0.06385	0.11874	0.01830	0.01760	0.11098	0.06398	0.11400	0.12906	0.03813	0.03160	0.01269	0.00936	0.00297	0.00867	0.05375	0.00777	0.01248
7	0.02343	0.02031	0.08811	0.02082	0.05790	0.04539	0.06153	0.10522	0.02449	0.13188	0.07190	0.11944	0.07415	0.06152	0.01263	0.00348	0.00932	0.04911	0.00776	0.01162
8	0.02469	0.07638	0.07489	0.02513	0.08547	0.05651	0.11697	0.11657	0.09738	0.07826	0.06073	0.03113	0.05930	0.01107	0.00921	0.00279	0.01025	0.00973	0.04067	0.01285
9	0.10612	0.05817	0.12302	0.07754	0.06771	0.06461	0.05826	0.03045	0.06018	0.12359	0.07098	0.07327	0.02427	0.01156	0.00891	0.00289	0.01004	0.00972	0.00664	0.01208
10	0.07650	0.06013	0.18868	0.01851	0.02678	0.01887	0.01849	0.10083	0.05172	0.10396	0.02366	0.08982	0.01971	0.01119	0.00844	0.00262	0.00925	0.00898	0.00665	0.15521

[dist]
# distance from previous block
# <min> <max>
5	18

[block]
# block no. 6 follows, 18 sequences, length 7
# corresponding to MSA columns:
# 619-625
name=unknown_G
#
# <colnr> <probs for GDERKNQSTAVLIFYWHMCP>
#	G	D	E	R	K	N	Q	S	T	A	V	L	I	F	Y	W	H	M	C	P
0	0.02523	0.16396	0.02806	0.02019	0.06297	0.08484	0.01536	0.16591	0.12335	0.03441	0.05786	0.02918	0.02277	0.07686	0.04679	0.00385	0.01059	0.00873	0.00681	0.01228
1	0.06823	0.01448	0.02046	0.01953	0.05533	0.01603	0.06651	0.02048	0.04850	0.02611	0.06865	0.17178	0.07403	0.13751	0.02081	0.00441	0.13728	0.01427	0.00643	0.00917
2	0.10674	0.10369	0.08134	0.02733	0.15437	0.06511	0.05949	0.06783	0.02146	0.03077	0.05377	0.05590	0.04711	0.01391	0.03909	0.00336	0.04219	0.00918	0.00557	0.01177
3	0.02021	0.06809	0.03126	0.26376	0.07886	0.02124	0.11110	0.05838	0.08664	0.02990	0.07402	0.02833	0.02148	0.00998	0.00921	0.00283	0.01074	0.00920	0.00570	0.05910
4	0.02549	0.12197	0.02722	0.01856	0.02458	0.05248	0.05236	0.17305	0.09116	0.07880	0.06485	0.10996	0.02695	0.01284	0.00898	0.00269	0.00895	0.01071	0.00765	0.08077
5	0.01862	0.06631	0.06282	0.01643	0.02164	0.01579	0.04420	0.06142	0.09213	0.05809	0.07403	0.11040	0.17115	0.01696	0.00997	0.00303	0.00772	0.07892	0.00777	0.06263
6	0.07758	0.07038	0.12136	0.14246	0.10252	0.02252	0.04941	0.12690	0.06317	0.06913	0.05148	0.02508	0.01850	0.00996	0.00879	0.00284	0.01052	0.00830	0.00622	0.01288

[dist]
# distance from previous block
# <min> <max>
17	44

[block]
# block no. 7 follows, 18 sequences, length 9
# corresponding to MSA columns:
# 732-740
name=unknown_H
#
# <colnr> <probs for GDERKNQSTAVLIFYWHMCP>
#	G	D	E	R	K	N	Q	S	T	A	V	L	I	F	Y	W	H	M	C	P
0	0.06818	0.01365	0.01807	0.01759	0.07670	0.01251	0.01239	0.02966	0.02427	0.27794	0.20721	0.04843	0.12536	0.01473	0.00970	0.00288	0.00662	0.01246	0.00960	0.01205
1	0.01338	0.01159	0.01681	0.01667	0.05874	0.01051	0.06876	0.01688	0.02180	0.02848	0.20593	0.15658	0.29828	0.02027	0.01085	0.00311	0.00622	0.01799	0.00825	0.00889
2	0.01251	0.01297	0.07456	0.01265	0.01591	0.00942	0.01072	0.01628	0.02192	0.02943	0.27085	0.20380	0.23229	0.02131	0.01082	0.00314	0.00560	0.01854	0.00864	0.00863
3	0.01509	0.01093	0.01508	0.01464	0.01602	0.01259	0.01096	0.01866	0.07120	0.02155	0.02373	0.03569	0.02240	0.11464	0.35653	0.16144	0.05614	0.00975	0.00517	0.00778
4	0.02773	0.19687	0.06173	0.02327	0.08287	0.27529	0.01798	0.08658	0.02458	0.02710	0.02270	0.02436	0.07119	0.01040	0.00812	0.00244	0.01237	0.00747	0.00529	0.01167
5	0.01603	0.01248	0.01440	0.01357	0.01694	0.01208	0.01049	0.06626	0.08139	0.03045	0.11632	0.12454	0.18433	0.08071	0.01387	0.00366	0.00663	0.10387	0.00824	0.08375
6	0.09300	0.01959	0.05930	0.05697	0.14843	0.03949	0.09923	0.02463	0.04733	0.02920	0.06160	0.13404	0.07454	0.01413	0.01108	0.00311	0.05477	0.01242	0.00608	0.01105
7	0.04661	0.08764	0.13756	0.02266	0.08697	0.02186	0.01898	0.10628	0.16358	0.03400	0.02512	0.03224	0.02114	0.06541	0.01187	0.00332	0.00962	0.04653	0.00659	0.05202
8	0.14079	0.02238	0.02582	0.02255	0.07465	0.08045	0.07323	0.17533	0.02650	0.09462	0.02142	0.06209	0.01733	0.01046	0.00853	0.00263	0.00988	0.00859	0.00699	0.11575

[dist]
# distance from previous block
# <min> <max>
0	10

[block]
# block no. 8 follows, 18 sequences, length 16
# corresponding to MSA columns:
# 752-767
name=unknown_I
#
# <colnr> <probs for GDERKNQSTAVLIFYWHMCP>
#	G	D	E	R	K	N	Q	S	T	A	V	L	I	F	Y	W	H	M	C	P
0	0.01815	0.01421	0.01982	0.02429	0.18115	0.01404	0.01408	0.04614	0.05340	0.05555	0.18575	0.05110	0.10910	0.15299	0.01764	0.00413	0.00768	0.01293	0.00741	0.01043
1	0.01798	0.01506	0.01759	0.01388	0.02019	0.01262	0.01082	0.02454	0.09134	0.03122	0.09866	0.08948	0.02919	0.01112	0.00810	0.00200	0.00640	0.00944	0.00681	0.48356
2	0.01765	0.11523	0.39627	0.02152	0.03123	0.02012	0.02540	0.02542	0.01913	0.02747	0.06659	0.06129	0.02181	0.01822	0.08946	0.00435	0.01332	0.00881	0.00477	0.01193
3	0.01999	0.01670	0.01792	0.01630	0.01876	0.06589	0.01215	0.12219	0.07059	0.02878	0.02769	0.11795	0.02778	0.20278	0.12563	0.00663	0.07390	0.01214	0.00659	0.00962
4	0.01690	0.01463	0.02186	0.09960	0.02640	0.01676	0.06870	0.05156	0.05137	0.02534	0.02829	0.03769	0.07075	0.10372	0.23800	0.00790	0.09486	0.01063	0.00553	0.00952
5	0.01283	0.00966	0.01169	0.01286	0.01415	0.00953	0.00878	0.01729	0.08915	0.02477	0.05058	0.46858	0.10666	0.09957	0.01530	0.00418	0.00590	0.02209	0.00829	0.00814
6	0.10825	0.02044	0.06362	0.02350	0.09769	0.04130	0.06873	0.02867	0.12197	0.03217	0.08983	0.07706	0.02734	0.01213	0.01037	0.00285	0.05348	0.01019	0.00650	0.10389
7	0.02546	0.02062	0.09411	0.01714	0.02369	0.01769	0.01532	0.14150	0.11213	0.13382	0.02669	0.02776	0.01975	0.01533	0.06203	0.00359	0.00963	0.00838	0.12023	0.10516
8	0.02230	0.05457	0.01915	0.01581	0.01994	0.06303	0.01231	0.08219	0.13523	0.10794	0.10429	0.16469	0.08895	0.01963	0.04405	0.00365	0.00845	0.01395	0.00854	0.01133
9	0.02834	0.10598	0.03019	0.02061	0.02762	0.02418	0.08499	0.22564	0.13479	0.10269	0.02454	0.02586	0.01846	0.03566	0.01025	0.00289	0.00966	0.00861	0.00778	0.07125
10	0.07338	0.09569	0.08132	0.01830	0.02392	0.07849	0.03642	0.04731	0.02078	0.07387	0.06879	0.10670	0.02520	0.01291	0.01117	0.00275	0.08890	0.00996	0.00623	0.11792
11	0.01571	0.01331	0.01801	0.01506	0.01924	0.01249	0.08272	0.08683	0.02500	0.03242	0.20432	0.06722	0.33446	0.01866	0.01064	0.00300	0.00662	0.01624	0.00850	0.00953
12	0.01916	0.01863	0.08316	0.01671	0.02160	0.01692	0.01442	0.11724	0.17101	0.03504	0.11640	0.10295	0.10661	0.02275	0.09053	0.00455	0.00972	0.01302	0.00809	0.01150
13	0.02728	0.01882	0.04306	0.01926	0.06897	0.07425	0.01451	0.06437	0.06872	0.22311	0.08642	0.04202	0.09169	0.01352	0.00938	0.00285	0.00830	0.04111	0.06989	0.01246
14	0.01510	0.01116	0.01349	0.01296	0.01551	0.01083	0.00974	0.08873	0.02517	0.03408	0.30146	0.21626	0.14738	0.02117	0.01091	0.00316	0.00552	0.03896	0.00930	0.00911
15	0.02343	0.02178	0.03703	0.08781	0.23538	0.02217	0.18571	0.14086	0.02515	0.03438	0.02154	0.08158	0.01855	0.01056	0.00986	0.00296	0.01167	0.01058	0.00584	0.01315

[dist]
# distance from previous block
# <min> <max>
3	5

[block]
# block no. 9 follows, 18 sequences, length 21
# corresponding to MSA columns:
# 773-793
name=unknown_J
#
# <colnr> <probs for GDERKNQSTAVLIFYWHMCP>
#	G	D	E	R	K	N	Q	S	T	A	V	L	I	F	Y	W	H	M	C	P
0	0.02036	0.01952	0.04838	0.05395	0.02322	0.08461	0.01400	0.09244	0.04139	0.03053	0.12414	0.03633	0.03034	0.11973	0.06319	0.00449	0.05598	0.00991	0.00649	0.12099
1	0.02328	0.08233	0.02605	0.07988	0.06713	0.15003	0.05198	0.05336	0.02336	0.06985	0.11478	0.03803	0.11656	0.01314	0.01053	0.00280	0.04885	0.01056	0.00657	0.01090
2	0.02613	0.02623	0.06390	0.04007	0.02697	0.15458	0.01648	0.19601	0.02717	0.03513	0.01886	0.02222	0.01508	0.01838	0.10530	0.00421	0.01328	0.00725	0.00618	0.17657
3	0.07574	0.02469	0.02378	0.08180	0.02855	0.20532	0.04910	0.05873	0.05865	0.12150	0.10608	0.02947	0.02576	0.01325	0.02937	0.00317	0.03758	0.00898	0.00698	0.01151
4	0.01555	0.01427	0.02276	0.20939	0.10515	0.01475	0.06892	0.02012	0.02076	0.02711	0.12654	0.08738	0.19956	0.01550	0.01019	0.00305	0.00865	0.01391	0.00659	0.00985
5	0.01503	0.11424	0.01990	0.01782	0.10154	0.01426	0.01182	0.01813	0.02095	0.02677	0.14646	0.13827	0.28393	0.01873	0.00994	0.00292	0.00638	0.01597	0.00750	0.00945
6	0.01333	0.01489	0.10468	0.01228	0.01619	0.01010	0.01107	0.01695	0.01941	0.02631	0.08141	0.11960	0.29437	0.09995	0.01438	0.00370	0.00654	0.01567	0.11069	0.00850
7	0.41827	0.11140	0.01914	0.01294	0.01829	0.01995	0.01065	0.02774	0.01737	0.12602	0.01891	0.02436	0.01579	0.11144	0.01256	0.00364	0.00788	0.00691	0.00630	0.01042
8	0.40703	0.02288	0.02312	0.01891	0.02515	0.10986	0.10036	0.05538	0.05727	0.07668	0.01741	0.01930	0.01308	0.00909	0.00747	0.00283	0.00993	0.00678	0.00615	0.01134
9	0.13480	0.01767	0.01641	0.01562	0.01916	0.10942	0.01167	0.05043	0.06197	0.11501	0.03492	0.30442	0.03564	0.01825	0.00962	0.00317	0.00802	0.01543	0.00799	0.01035
10	0.02489	0.01880	0.02069	0.01958	0.06921	0.07963	0.01416	0.16542	0.02804	0.11411	0.16212	0.04100	0.08833	0.02065	0.08726	0.00426	0.01051	0.01123	0.00827	0.01183
11	0.13401	0.16000	0.02881	0.01995	0.02595	0.31162	0.01617	0.14473	0.02656	0.03211	0.01529	0.01707	0.01231	0.00933	0.00763	0.00243	0.01260	0.00606	0.00561	0.01176
12	0.52980	0.01877	0.01766	0.10566	0.02592	0.02178	0.01333	0.11274	0.02024	0.04121	0.01471	0.01738	0.01114	0.00900	0.00672	0.00286	0.00830	0.00593	0.00599	0.01085
13	0.21824	0.02250	0.02699	0.14755	0.10884	0.10937	0.08504	0.05592	0.02142	0.07236	0.03748	0.02243	0.01546	0.00931	0.00835	0.00283	0.01102	0.00766	0.00567	0.01158
14	0.11859	0.11362	0.01711	0.01203	0.01549	0.01425	0.00958	0.01873	0.02104	0.03062	0.24403	0.15437	0.16210	0.01812	0.00948	0.00292	0.00579	0.01522	0.00796	0.00895
15	0.01651	0.01535	0.10676	0.01415	0.01797	0.01112	0.01278	0.02098	0.02018	0.06968	0.14934	0.13591	0.04197	0.06323	0.07015	0.00440	0.00852	0.04554	0.16600	0.00944
16	0.01383	0.01113	0.01410	0.11033	0.02166	0.01110	0.01114	0.05198	0.02204	0.02847	0.15796	0.20831	0.26205	0.02084	0.01069	0.00318	0.00626	0.01805	0.00816	0.00872
17	0.01456	0.00848	0.01154	0.01154	0.01214	0.00841	0.00779	0.01276	0.01372	0.01800	0.02979	0.04227	0.10533	0.13305	0.08985	0.45089	0.00918	0.01061	0.00497	0.00516
18	0.02209	0.28487	0.21898	0.01972	0.02774	0.11976	0.02056	0.02713	0.01984	0.02433	0.01994	0.11714	0.01925	0.01158	0.00803	0.00259	0.01132	0.00889	0.00474	0.01150
19	0.01453	0.01099	0.01353	0.01444	0.01627	0.01132	0.01071	0.02147	0.13338	0.02758	0.08365	0.33418	0.05194	0.08411	0.01462	0.00413	0.00660	0.12910	0.00850	0.00895
20	0.05349	0.12918	0.11217	0.05885	0.06924	0.07031	0.03653	0.06364	0.02363	0.12253	0.13999	0.03087	0.02902	0.01117	0.00877	0.00269	0.00978	0.00910	0.00685	0.01218

[dist]
# distance from previous block
# <min> <max>
25	53

[block]
# block no. 10 follows, 18 sequences, length 9
# corresponding to MSA columns:
# 856-864
name=unknown_K
#
# <colnr> <probs for GDERKNQSTAVLIFYWHMCP>
#	G	D	E	R	K	N	Q	S	T	A	V	L	I	F	Y	W	H	M	C	P
0	0.10175	0.16719	0.18985	0.01906	0.02744	0.04907	0.01939	0.10851	0.07657	0.03404	0.05570	0.02263	0.01844	0.00971	0.00789	0.00256	0.01003	0.00722	0.00588	0.06708
1	0.02236	0.15941	0.07019	0.01792	0.02402	0.02190	0.07542	0.09241	0.13646	0.03412	0.02473	0.02671	0.01919	0.01002	0.00782	0.00252	0.00854	0.00823	0.22608	0.01196
2	0.01293	0.01012	0.01155	0.01083	0.01366	0.00875	0.00777	0.01543	0.02003	0.02662	0.17399	0.12475	0.26573	0.13694	0.01674	0.00390	0.00571	0.01640	0.00789	0.11026
3	0.01584	0.01097	0.01358	0.01297	0.01576	0.01058	0.00989	0.02217	0.09296	0.07532	0.35177	0.13244	0.12689	0.01949	0.01076	0.00311	0.00533	0.05088	0.00966	0.00961
4	0.02663	0.09965	0.02562	0.01833	0.02430	0.02476	0.01505	0.26498	0.22082	0.04422	0.10992	0.03175	0.02927	0.01221	0.00908	0.00280	0.00833	0.00974	0.00874	0.01382
5	0.01790	0.01100	0.01347	0.01250	0.01580	0.01030	0.00953	0.02197	0.05198	0.13874	0.13724	0.10917	0.24919	0.05280	0.10116	0.00495	0.00838	0.01555	0.00869	0.00966
6	0.02866	0.09976	0.02580	0.01778	0.02389	0.02447	0.01482	0.38059	0.03525	0.04803	0.10576	0.02907	0.02606	0.01171	0.00873	0.00261	0.00863	0.00908	0.08588	0.01342
7	0.02327	0.02295	0.12061	0.07125	0.07396	0.02006	0.05522	0.12842	0.08029	0.09000	0.10769	0.06479	0.02856	0.01266	0.01108	0.00302	0.05561	0.01058	0.00728	0.01269
8	0.02295	0.31708	0.16622	0.09776	0.03558	0.02872	0.10168	0.07931	0.02146	0.02783	0.01564	0.01896	0.01246	0.00847	0.00788	0.00252	0.01172	0.00684	0.00452	0.01241

[dist]
# distance from previous block
# <min> <max>
0	3

[block]
# block no. 11 follows, 18 sequences, length 19
# corresponding to MSA columns:
# 868-886
name=unknown_L
#
# <colnr> <probs for GDERKNQSTAVLIFYWHMCP>
#	G	D	E	R	K	N	Q	S	T	A	V	L	I	F	Y	W	H	M	C	P
0	0.02790	0.02991	0.07777	0.01918	0.02448	0.28507	0.01600	0.08837	0.02637	0.08318	0.11835	0.02938	0.02691	0.01141	0.00870	0.00256	0.01136	0.00861	0.09322	0.01129
1	0.02123	0.01323	0.01583	0.01431	0.01808	0.01312	0.01091	0.05209	0.14377	0.15530	0.17153	0.15691	0.11297	0.04346	0.01168	0.00332	0.00628	0.01526	0.00954	0.01117
2	0.01660	0.01060	0.01620	0.11952	0.02168	0.01210	0.01211	0.01490	0.01323	0.01782	0.01561	0.02654	0.01494	0.02652	0.03088	0.53743	0.07566	0.00801	0.00401	0.00564
3	0.03246	0.02479	0.02765	0.02162	0.02775	0.02842	0.01789	0.49566	0.03836	0.05196	0.02039	0.02172	0.01503	0.01186	0.01265	0.00296	0.11759	0.00823	0.00833	0.01469
4	0.02126	0.01682	0.02060	0.01998	0.08255	0.01698	0.01421	0.11449	0.12866	0.05529	0.03352	0.03723	0.09175	0.02168	0.11345	0.00461	0.01060	0.02967	0.00724	0.15940
5	0.02683	0.07394	0.02532	0.02163	0.04986	0.27096	0.01602	0.08557	0.07726	0.02690	0.01933	0.02654	0.01742	0.12095	0.01750	0.00375	0.09573	0.00809	0.00558	0.01083
6	0.01414	0.01218	0.01973	0.07683	0.02406	0.01188	0.10602	0.01750	0.01896	0.02469	0.04641	0.28137	0.13022	0.08025	0.01447	0.00400	0.00830	0.09326	0.00719	0.00854
7	0.01303	0.01025	0.01397	0.01508	0.01569	0.01119	0.01108	0.01496	0.01736	0.02363	0.04403	0.50542	0.05187	0.02632	0.01486	0.00383	0.11393	0.07774	0.00777	0.00799
8	0.02967	0.01741	0.02063	0.01630	0.02244	0.01691	0.01300	0.16145	0.08697	0.23983	0.06906	0.03270	0.02554	0.07333	0.01244	0.00317	0.00798	0.00940	0.00905	0.13272
9	0.02203	0.01869	0.08745	0.05188	0.09571	0.01612	0.04143	0.07471	0.02362	0.11842	0.17604	0.03797	0.03534	0.04115	0.01292	0.02805	0.03954	0.01071	0.05671	0.01151
10	0.01714	0.01736	0.07394	0.01399	0.02115	0.01204	0.01226	0.02170	0.02041	0.03046	0.12318	0.03438	0.08735	0.01065	0.00806	0.00194	0.00680	0.00884	0.00638	0.47197
11	0.02594	0.01924	0.03009	0.10450	0.25110	0.01965	0.05985	0.08723	0.02402	0.15462	0.05314	0.03012	0.04996	0.01080	0.01030	0.00290	0.03674	0.00954	0.00682	0.01344
12	0.01659	0.01498	0.05844	0.10668	0.02440	0.01387	0.01389	0.09638	0.02255	0.03034	0.13243	0.17606	0.08871	0.09435	0.04419	0.00437	0.00876	0.03612	0.00741	0.00948
13	0.02529	0.07608	0.02459	0.02013	0.06422	0.06413	0.01519	0.24163	0.07974	0.03852	0.03342	0.03429	0.11591	0.01779	0.06799	0.00380	0.01061	0.00984	0.00744	0.04937
14	0.02019	0.02177	0.12171	0.17028	0.03373	0.01838	0.01864	0.12846	0.05109	0.03249	0.05327	0.03321	0.06104	0.08276	0.01303	0.00337	0.00982	0.00941	0.00618	0.11116
15	0.01509	0.01268	0.01672	0.06726	0.09288	0.01292	0.01289	0.02194	0.11640	0.02827	0.10382	0.25209	0.17132	0.01991	0.01054	0.00324	0.00662	0.01757	0.00798	0.00988
16	0.02324	0.01902	0.05557	0.10313	0.05076	0.01829	0.07890	0.17009	0.02638	0.09574	0.03541	0.13811	0.08925	0.01508	0.01009	0.00311	0.00951	0.03879	0.00761	0.01193
17	0.05081	0.01302	0.01674	0.01561	0.01849	0.01311	0.04993	0.11058	0.02224	0.03030	0.04405	0.30539	0.10523	0.09247	0.01473	0.00402	0.00750	0.06867	0.00791	0.00918
18	0.14449	0.07851	0.02315	0.02041	0.09173	0.06776	0.04063	0.06668	0.02199	0.03260	0.14197	0.06310	0.03203	0.07402	0.01208	0.00323	0.00868	0.01015	0.00654	0.06024

[dist]
# distance from previous block
# <min> <max>
6	54

[block]
# block no. 12 follows, 18 sequences, length 9
# corresponding to MSA columns:
# 955-963
name=unknown_M
#
# <colnr> <probs for GDERKNQSTAVLIFYWHMCP>
#	G	D	E	R	K	N	Q	S	T	A	V	L	I	F	Y	W	H	M	C	P
0	0.01900	0.01746	0.07282	0.01839	0.02248	0.01612	0.07898	0.08764	0.07348	0.03131	0.02978	0.18392	0.02847	0.01685	0.01315	0.05990	0.05937	0.01298	0.14763	0.01027
1	0.01823	0.05775	0.20140	0.01939	0.04788	0.06955	0.01845	0.05291	0.02323	0.03127	0.21025	0.09859	0.08431	0.01484	0.00967	0.00288	0.00909	0.01247	0.00695	0.01088
2	0.02829	0.13261	0.11562	0.02352	0.07364	0.23888	0.01958	0.03375	0.05363	0.10737	0.02169	0.02748	0.01782	0.01078	0.00860	0.00267	0.01229	0.05361	0.00593	0.01224
3	0.42996	0.07277	0.02028	0.01559	0.02096	0.10015	0.01286	0.03019	0.01848	0.11509	0.01608	0.01784	0.01227	0.00972	0.00892	0.00283	0.07303	0.00597	0.00603	0.01096
4	0.14696	0.11356	0.08386	0.02412	0.10220	0.04696	0.06647	0.10306	0.06838	0.08022	0.02026	0.02390	0.01605	0.05337	0.01069	0.00313	0.01021	0.00781	0.00618	0.01260
5	0.01531	0.01376	0.01359	0.01380	0.01594	0.09440	0.01023	0.01836	0.02259	0.02889	0.26411	0.24144	0.12128	0.02146	0.01091	0.00320	0.00669	0.06695	0.00860	0.00847
6	0.11222	0.01071	0.01329	0.01303	0.01517	0.01182	0.00986	0.01726	0.01619	0.02523	0.08248	0.04348	0.07495	0.13450	0.36780	0.01035	0.01670	0.01101	0.00586	0.00809
7	0.01848	0.01801	0.02157	0.17723	0.08421	0.10092	0.01711	0.02324	0.05152	0.02575	0.07859	0.21937	0.03404	0.01657	0.01184	0.00321	0.06805	0.01402	0.00633	0.00993
8	0.25715	0.01450	0.01269	0.01235	0.01568	0.06187	0.00934	0.02093	0.01952	0.03254	0.12790	0.16981	0.11635	0.01656	0.00870	0.00297	0.00646	0.01349	0.07232	0.00886

[dist]
# distance from previous block
# <min> <max>
1	12

[block]
# block no. 13 follows, 18 sequences, length 11
# corresponding to MSA columns:
# 976-986
name=unknown_N
#
# <colnr> <probs for GDERKNQSTAVLIFYWHMCP>
#	G	D	E	R	K	N	Q	S	T	A	V	L	I	F	Y	W	H	M	C	P
0	0.01650	0.10291	0.02021	0.01836	0.08838	0.01507	0.01207	0.05561	0.01959	0.02594	0.06322	0.25363	0.07874	0.12861	0.05581	0.00475	0.00863	0.01589	0.00683	0.00926
1	0.06246	0.07397	0.13223	0.02288	0.08399	0.05692	0.06684	0.05801	0.02233	0.07437	0.05861	0.03802	0.11057	0.01239	0.00912	0.00279	0.00990	0.04183	0.00637	0.05638
2	0.02087	0.07623	0.06297	0.06746	0.06589	0.04490	0.05125	0.11260	0.02475	0.03382	0.13544	0.07641	0.03356	0.01324	0.00928	0.00278	0.00900	0.04628	0.06146	0.05181
3	0.02378	0.15499	0.02951	0.06316	0.02736	0.06677	0.08159	0.09997	0.02366	0.08029	0.06434	0.06711	0.05804	0.05288	0.01113	0.00299	0.00982	0.01009	0.00655	0.06596
4	0.02694	0.15130	0.02734	0.02057	0.06302	0.14212	0.01547	0.11980	0.07417	0.09304	0.02680	0.14938	0.02474	0.01357	0.00888	0.00276	0.00994	0.01094	0.00710	0.01214
5	0.02831	0.10999	0.03111	0.07019	0.22680	0.10246	0.01991	0.07949	0.02367	0.14712	0.02103	0.02470	0.01645	0.04685	0.01072	0.00297	0.01079	0.00796	0.00626	0.01320
6	0.06852	0.12050	0.10366	0.01741	0.02411	0.08271	0.05699	0.02632	0.02102	0.07043	0.07320	0.03315	0.09711	0.01134	0.00826	0.00249	0.00920	0.00912	0.06807	0.09639
7	0.11569	0.06158	0.05646	0.07331	0.05106	0.05544	0.01598	0.08018	0.02121	0.06454	0.05731	0.06763	0.02217	0.01954	0.09579	0.00442	0.05687	0.00911	0.00611	0.06561
8	0.17105	0.06424	0.06197	0.04419	0.05285	0.06663	0.05066	0.05230	0.02139	0.10921	0.02612	0.03207	0.05728	0.01123	0.00839	0.00273	0.00945	0.05496	0.00649	0.09680
9	0.09987	0.01854	0.02303	0.02410	0.12756	0.05654	0.05795	0.08203	0.07273	0.07639	0.03745	0.13972	0.11621	0.01485	0.00955	0.00301	0.00870	0.01284	0.00733	0.01161
10	0.07485	0.07678	0.02588	0.02126	0.06276	0.06732	0.04761	0.13429	0.02394	0.07676	0.02335	0.06639	0.02070	0.01969	0.09253	0.00440	0.05206	0.04548	0.00656	0.05742

[dist]
# distance from previous block
# <min> <max>
5	69

[block]
# block no. 14 follows, 18 sequences, length 16
# corresponding to MSA columns:
# 1074-1089
name=unknown_O
#
# <colnr> <probs for GDERKNQSTAVLIFYWHMCP>
#	G	D	E	R	K	N	Q	S	T	A	V	L	I	F	Y	W	H	M	C	P
0	0.08568	0.08832	0.02949	0.03011	0.21162	0.12541	0.01900	0.08408	0.05272	0.11252	0.01990	0.02172	0.01527	0.00921	0.00826	0.00255	0.01050	0.00731	0.00625	0.06008
1	0.01401	0.00986	0.01169	0.01185	0.01336	0.01012	0.00825	0.01810	0.06787	0.02495	0.06577	0.16019	0.09498	0.21939	0.12607	0.00671	0.00950	0.01483	0.10462	0.00788
2	0.01468	0.00958	0.01174	0.01217	0.01414	0.00880	0.00886	0.01683	0.01931	0.07646	0.08212	0.24511	0.19882	0.14422	0.01781	0.00447	0.00640	0.09210	0.00829	0.00809
3	0.01896	0.10268	0.01758	0.01214	0.01634	0.01293	0.00983	0.02199	0.02254	0.14109	0.17880	0.08959	0.28469	0.01820	0.00990	0.00288	0.00592	0.01519	0.00877	0.00998
4	0.02676	0.01971	0.02176	0.01795	0.02354	0.02154	0.01447	0.30610	0.13845	0.07348	0.03564	0.03573	0.10150	0.02081	0.09495	0.00450	0.01068	0.01044	0.00866	0.01334
5	0.02975	0.02074	0.02247	0.01826	0.02427	0.02274	0.01475	0.31128	0.19078	0.10356	0.02867	0.02794	0.02077	0.01140	0.00885	0.00278	0.00830	0.00898	0.10938	0.01434
6	0.15934	0.01923	0.02061	0.01734	0.02157	0.05423	0.01413	0.12745	0.02327	0.12484	0.02974	0.03103	0.09722	0.01341	0.01366	0.00309	0.16618	0.00915	0.04300	0.01151
7	0.02007	0.01941	0.10007	0.01683	0.02174	0.01630	0.01458	0.19193	0.02542	0.03455	0.03490	0.24103	0.06434	0.07817	0.03696	0.00404	0.00898	0.01486	0.00754	0.04829
8	0.02512	0.51590	0.11780	0.01811	0.02625	0.11717	0.01827	0.02895	0.01976	0.02266	0.01342	0.01556	0.01177	0.00818	0.00657	0.00214	0.01121	0.00528	0.00403	0.01185
9	0.01674	0.01141	0.01664	0.01865	0.09722	0.01100	0.01166	0.01666	0.01511	0.02114	0.02022	0.03451	0.02001	0.08619	0.08048	0.35888	0.00978	0.04396	0.00477	0.10496
10	0.02424	0.02308	0.02853	0.02803	0.13255	0.09891	0.09413	0.10422	0.17642	0.03281	0.02438	0.03020	0.02030	0.10166	0.01517	0.00373	0.03302	0.00955	0.00656	0.01252
11	0.01226	0.00925	0.01152	0.01215	0.01400	0.00880	0.00907	0.01489	0.01944	0.02538	0.13163	0.19809	0.22500	0.08694	0.09966	0.00544	0.00834	0.09237	0.00798	0.00778
12	0.01999	0.01812	0.02813	0.18741	0.26442	0.01899	0.02164	0.04898	0.02134	0.03013	0.09778	0.02869	0.02353	0.01019	0.01010	0.00271	0.04249	0.00894	0.00548	0.11094
13	0.01522	0.01098	0.01297	0.01264	0.01500	0.01065	0.00924	0.09234	0.02241	0.02930	0.12883	0.24644	0.21331	0.02384	0.01427	0.10198	0.00601	0.01800	0.00821	0.00835
14	0.01471	0.00951	0.01252	0.01216	0.01301	0.00981	0.00858	0.01333	0.01471	0.01908	0.03771	0.04647	0.18057	0.08436	0.02950	0.40542	0.06593	0.01155	0.00536	0.00570
15	0.11960	0.11788	0.08005	0.11000	0.12792	0.04549	0.01920	0.05405	0.02018	0.06168	0.02126	0.10932	0.01955	0.01194	0.00954	0.00289	0.04264	0.00957	0.00562	0.01161

[dist]
# distance from previous block
# <min> <max>
0	11

[block]
# block no. 15 follows, 18 sequences, length 7
# corresponding to MSA columns:
# 1101-1107
name=unknown_P
#
# <colnr> <probs for GDERKNQSTAVLIFYWHMCP>
#	G	D	E	R	K	N	Q	S	T	A	V	L	I	F	Y	W	H	M	C	P
0	0.02412	0.17820	0.02637	0.01547	0.02252	0.10859	0.01296	0.02747	0.02086	0.08719	0.02374	0.02481	0.06527	0.00931	0.00739	0.00195	0.00885	0.00696	0.00584	0.32213
1	0.06337	0.14964	0.02702	0.01771	0.02329	0.02201	0.06072	0.08108	0.18932	0.06770	0.07258	0.03301	0.06554	0.01362	0.01103	0.06507	0.00839	0.00965	0.00732	0.01191
2	0.02502	0.14179	0.08592	0.01858	0.02610	0.06717	0.01660	0.14199	0.16331	0.03532	0.02168	0.02235	0.01679	0.00953	0.00800	0.00238	0.00943	0.00724	0.00663	0.17417
3	0.07801	0.01609	0.01645	0.01570	0.01867	0.07809	0.01215	0.06172	0.06981	0.02829	0.03793	0.14008	0.11288	0.03136	0.17562	0.00622	0.04460	0.03990	0.00685	0.00958
4	0.01397	0.01140	0.01396	0.01382	0.01601	0.01157	0.01018	0.01865	0.07832	0.02669	0.09547	0.33593	0.15089	0.02226	0.01263	0.00332	0.06893	0.01906	0.00804	0.06889
5	0.02091	0.05455	0.02066	0.01593	0.02087	0.01642	0.04378	0.12959	0.08187	0.07597	0.11220	0.12349	0.16324	0.01631	0.00981	0.00288	0.00725	0.01392	0.00841	0.06194
6	0.01876	0.01837	0.04541	0.04104	0.02224	0.07876	0.03797	0.09000	0.05081	0.02838	0.04244	0.10842	0.17324	0.06980	0.09614	0.00501	0.04320	0.01331	0.00682	0.00987

[dist]
# distance from previous block
# <min> <max>
9	24

[block]
# block no. 16 follows, 18 sequences, length 9
# corresponding to MSA columns:
# 1152-1160
name=unknown_Q
#
# <colnr> <probs for GDERKNQSTAVLIFYWHMCP>
#	G	D	E	R	K	N	Q	S	T	A	V	L	I	F	Y	W	H	M	C	P
0	0.02233	0.01877	0.03338	0.02580	0.03145	0.01921	0.24852	0.03002	0.10917	0.09837	0.02348	0.02837	0.01833	0.01984	0.09225	0.08839	0.06490	0.00990	0.00607	0.01143
1	0.01946	0.17015	0.02656	0.01650	0.02062	0.01938	0.08013	0.08955	0.02010	0.02595	0.02793	0.06647	0.05583	0.27589	0.02382	0.00516	0.00969	0.03158	0.00589	0.00937
2	0.01994	0.08779	0.01745	0.01250	0.01617	0.01255	0.00987	0.02235	0.02191	0.14857	0.22064	0.05389	0.16771	0.04715	0.01447	0.08953	0.00637	0.01320	0.00839	0.00955
3	0.11281	0.01736	0.02085	0.02125	0.09503	0.01835	0.01469	0.03838	0.25106	0.17898	0.03322	0.10522	0.02677	0.01312	0.00912	0.00304	0.00760	0.01104	0.00871	0.01341
4	0.01321	0.00960	0.01297	0.08538	0.01849	0.00956	0.00991	0.01531	0.01924	0.02578	0.20409	0.20538	0.11913	0.10178	0.01827	0.09355	0.00652	0.01680	0.00755	0.00749
5	0.34261	0.01983	0.01762	0.08815	0.02482	0.09488	0.01316	0.03010	0.08832	0.08112	0.02783	0.02868	0.08685	0.01119	0.00774	0.00287	0.00863	0.00817	0.00661	0.01079
6	0.01991	0.01482	0.01763	0.01552	0.01896	0.04315	0.01213	0.04504	0.02044	0.09841	0.08212	0.13870	0.07782	0.02287	0.09235	0.00440	0.10419	0.01248	0.03628	0.12275
7	0.10981	0.09256	0.02380	0.02037	0.09169	0.02037	0.01466	0.16865	0.02510	0.03613	0.05634	0.03878	0.04824	0.08444	0.01282	0.00342	0.00872	0.07186	0.00689	0.06536
8	0.16432	0.02205	0.04836	0.02126	0.09200	0.13842	0.01523	0.02525	0.01958	0.02958	0.04774	0.09996	0.04675	0.01320	0.01090	0.00291	0.08788	0.00992	0.09448	0.01022

[dist]
# distance from previous block
# <min> <max>
1	12

[block]
# block no. 17 follows, 18 sequences, length 6
# corresponding to MSA columns:
# 1173-1178
name=unknown_R
#
# <colnr> <probs for GDERKNQSTAVLIFYWHMCP>
#	G	D	E	R	K	N	Q	S	T	A	V	L	I	F	Y	W	H	M	C	P
0	0.01248	0.00999	0.01349	0.12171	0.02171	0.00996	0.01107	0.01551	0.02003	0.02614	0.15465	0.30956	0.19510	0.02228	0.01091	0.00331	0.00617	0.01969	0.00804	0.00821
1	0.01829	0.14940	0.13787	0.01851	0.02547	0.01897	0.06104	0.02407	0.04365	0.02633	0.02362	0.13314	0.02274	0.01899	0.08537	0.00401	0.01124	0.01029	0.00543	0.16155
2	0.01562	0.01093	0.01295	0.01244	0.01442	0.01087	0.00893	0.08371	0.02018	0.02640	0.08166	0.12427	0.17152	0.16448	0.05180	0.12988	0.00792	0.03722	0.00713	0.00768
3	0.01573	0.12398	0.01777	0.01237	0.01455	0.01302	0.00945	0.01555	0.01628	0.02085	0.07199	0.09760	0.12866	0.02751	0.06158	0.32054	0.00831	0.01176	0.00564	0.00687
4	0.02849	0.33203	0.03589	0.02105	0.07830	0.12028	0.01662	0.03448	0.09240	0.12810	0.02040	0.02093	0.01589	0.00929	0.00753	0.00238	0.01028	0.00676	0.00604	0.01285
5	0.01276	0.01014	0.01400	0.12231	0.02218	0.01049	0.01162	0.01567	0.01845	0.02405	0.07697	0.27866	0.16333	0.05799	0.08922	0.00504	0.00897	0.04280	0.00726	0.00810

[dist]
# distance from previous block
# <min> <max>
16	45

[block]
# block no. 18 follows, 18 sequences, length 8
# corresponding to MSA columns:
# 1238-1245
name=unknown_S
#
# <colnr> <probs for GDERKNQSTAVLIFYWHMCP>
#	G	D	E	R	K	N	Q	S	T	A	V	L	I	F	Y	W	H	M	C	P
0	0.02217	0.02316	0.02205	0.02163	0.06500	0.21672	0.04943	0.02616	0.05274	0.02564	0.06634	0.12184	0.02914	0.01943	0.05281	0.06344	0.01181	0.04969	0.00612	0.05468
1	0.01838	0.05804	0.06564	0.06361	0.08059	0.04062	0.01456	0.02213	0.01949	0.05803	0.03675	0.08642	0.11857	0.10132	0.01408	0.00359	0.00851	0.05246	0.06550	0.07171
