[name]
unknown

[dist]
# distance from previous block
# <min> <max>
0	188

[block]
# block no. 0 follows, 38 sequences, length 22
# corresponding to MSA columns:
# 2078,2081-2083,2088-2105
name=unknown_A
#
# <colnr> <probs for GDERKNQSTAVLIFYWHMCP>
#	G	D	E	R	K	N	Q	S	T	A	V	L	I	F	Y	W	H	M	C	P
0	0.01766	0.04469	0.01948	0.01790	0.11121	0.26566	0.10519	0.09577	0.05004	0.04865	0.01472	0.11273	0.01332	0.00801	0.00681	0.00187	0.04792	0.00662	0.00398	0.00778
1	0.83108	0.01163	0.00884	0.00791	0.01163	0.01350	0.00651	0.01768	0.01024	0.02699	0.00838	0.00977	0.00651	0.00558	0.00372	0.00186	0.00465	0.00326	0.00372	0.00651
2	0.00894	0.00697	0.01005	0.00982	0.01076	0.00824	0.00760	0.01083	0.00972	0.01393	0.01741	0.02528	0.04436	0.09681	0.61433	0.00846	0.08107	0.00677	0.00330	0.00533
3	0.02247	0.02867	0.01705	0.01550	0.01860	0.76443	0.01162	0.02402	0.01705	0.01472	0.00930	0.01085	0.00775	0.00620	0.00542	0.00155	0.01085	0.00387	0.00310	0.00697
4	0.61951	0.01271	0.01107	0.00933	0.01333	0.01441	0.00769	0.17363	0.01448	0.06149	0.01038	0.01126	0.00769	0.00602	0.00433	0.00185	0.00510	0.00385	0.00439	0.00749
5	0.01544	0.01203	0.01303	0.01168	0.01492	0.01354	0.00907	0.06006	0.57175	0.07921	0.02461	0.08827	0.01953	0.00897	0.00619	0.00203	0.00471	0.00755	0.02832	0.00910
6	0.00786	0.00615	0.00726	0.00705	0.00873	0.00555	0.00531	0.01002	0.01485	0.01956	0.36258	0.04925	0.37936	0.01644	0.07079	0.00261	0.00405	0.01136	0.00585	0.00537
7	0.00757	0.00549	0.00697	0.00804	0.00862	0.00512	0.00547	0.00866	0.01162	0.01522	0.03504	0.57877	0.12565	0.09940	0.01006	0.00277	0.00379	0.05157	0.00538	0.00481
8	0.02261	0.00984	0.01245	0.00987	0.01375	0.00911	0.00804	0.10106	0.01744	0.49963	0.04654	0.02107	0.01593	0.00750	0.00570	0.00176	0.00472	0.00605	0.17783	0.00911
9	0.00882	0.00637	0.00931	0.00931	0.01042	0.00735	0.00723	0.01103	0.00992	0.01470	0.01642	0.02353	0.01507	0.04180	0.69857	0.00895	0.01496	0.00637	0.07447	0.00539
10	0.83108	0.01163	0.00884	0.00791	0.01163	0.01350	0.00651	0.01768	0.01024	0.02699	0.00838	0.00977	0.00651	0.00558	0.00372	0.00186	0.00465	0.00326	0.00372	0.00651
11	0.01420	0.01623	0.03550	0.02535	0.03144	0.01521	0.72921	0.01927	0.01420	0.01927	0.01217	0.01623	0.00913	0.00507	0.00710	0.00203	0.01014	0.00710	0.00304	0.00811
12	0.01496	0.01292	0.01360	0.01224	0.01564	0.01496	0.00952	0.03197	0.74019	0.02516	0.02448	0.02244	0.01836	0.00816	0.00612	0.00204	0.00476	0.00680	0.00612	0.00952
13	0.83108	0.01163	0.00884	0.00791	0.01163	0.01350	0.00651	0.01768	0.01024	0.02699	0.00838	0.00977	0.00651	0.00558	0.00372	0.00186	0.00465	0.00326	0.00372	0.00651
14	0.09290	0.01509	0.01623	0.01273	0.01728	0.01650	0.01045	0.50008	0.10156	0.13159	0.01624	0.01570	0.01140	0.00721	0.00583	0.00184	0.00605	0.00546	0.00602	0.00983
15	0.83108	0.01163	0.00884	0.00791	0.01163	0.01350	0.00651	0.01768	0.01024	0.02699	0.00838	0.00977	0.00651	0.00558	0.00372	0.00186	0.00465	0.00326	0.00372	0.00651
16	0.01489	0.01429	0.02442	0.03692	0.75106	0.01429	0.01846	0.01846	0.01370	0.01965	0.01132	0.01489	0.00953	0.00536	0.00596	0.00179	0.00715	0.00536	0.00298	0.00953
17	0.01950	0.01518	0.01616	0.01316	0.01737	0.01708	0.01062	0.43341	0.33135	0.03249	0.01872	0.01785	0.01369	0.00762	0.00606	0.00191	0.00583	0.00601	0.00606	0.00993
18	0.00934	0.00750	0.01092	0.01050	0.01134	0.00920	0.00823	0.01124	0.00955	0.01393	0.01493	0.02275	0.01424	0.07801	0.60618	0.00833	0.13881	0.00637	0.00315	0.00548
19	0.01496	0.01292	0.01360	0.01224	0.01564	0.01496	0.00952	0.03197	0.74019	0.02516	0.02448	0.02244	0.01836	0.00816	0.00612	0.00204	0.00476	0.00680	0.00612	0.00952
20	0.00950	0.00678	0.00947	0.01085	0.01215	0.00675	0.00935	0.01212	0.01365	0.01778	0.03196	0.12811	0.03506	0.01681	0.00826	0.00274	0.00537	0.65228	0.00554	0.00548
21	0.01020	0.00833	0.00933	0.01007	0.01116	0.07239	0.00790	0.01202	0.01243	0.01575	0.02616	0.15172	0.02879	0.17298	0.07602	0.00381	0.00667	0.35432	0.00476	0.00518

[dist]
# distance from previous block
# <min> <max>
0	73

[block]
# block no. 1 follows, 38 sequences, length 18
# corresponding to MSA columns:
# 2338-2355
name=unknown_B
#
# <colnr> <probs for GDERKNQSTAVLIFYWHMCP>
#	G	D	E	R	K	N	Q	S	T	A	V	L	I	F	Y	W	H	M	C	P
0	0.83108	0.01163	0.00884	0.00791	0.01163	0.01350	0.00651	0.01768	0.01024	0.02699	0.00838	0.00977	0.00651	0.00558	0.00372	0.00186	0.00465	0.00326	0.00372	0.00651
1	0.00888	0.00661	0.00883	0.00852	0.01024	0.00589	0.04857	0.01062	0.01346	0.05829	0.11822	0.32597	0.32285	0.01524	0.00726	0.00216	0.00373	0.01346	0.00565	0.00554
2	0.00953	0.00736	0.00780	0.00737	0.00973	0.00682	0.00563	0.01351	0.12328	0.06103	0.09462	0.04961	0.55461	0.01354	0.00690	0.00201	0.00341	0.01131	0.00584	0.00608
3	0.01324	0.01097	0.01269	0.00941	0.01434	0.00895	0.00749	0.09240	0.01412	0.02129	0.01271	0.06794	0.01126	0.00579	0.00486	0.00110	0.00462	0.00473	0.00398	0.67814
4	0.07027	0.01102	0.01785	0.66501	0.09157	0.01344	0.01611	0.01576	0.01202	0.01652	0.01057	0.01551	0.00802	0.00594	0.00585	0.00198	0.00771	0.00520	0.00277	0.00688
5	0.00764	0.00612	0.00672	0.00683	0.00851	0.00536	0.00512	0.00931	0.01372	0.01708	0.14630	0.08576	0.51582	0.07044	0.00891	0.00236	0.00344	0.06990	0.00558	0.00509
6	0.07745	0.01007	0.01139	0.00949	0.01246	0.01027	0.00736	0.17098	0.05060	0.20982	0.07547	0.02545	0.04041	0.16308	0.01067	0.00261	0.00505	0.00680	0.09296	0.00762
7	0.01495	0.25732	0.24612	0.01533	0.04167	0.09985	0.04690	0.01940	0.05778	0.01682	0.01039	0.01247	0.00850	0.00642	0.00729	0.00180	0.12170	0.00442	0.00288	0.00801
8	0.01511	0.16775	0.18464	0.03830	0.06616	0.04178	0.17464	0.03750	0.05226	0.07311	0.01430	0.03253	0.01181	0.00678	0.00596	0.00187	0.00774	0.05589	0.00362	0.00825
9	0.00730	0.00601	0.00644	0.00666	0.00841	0.00515	0.00495	0.00887	0.01358	0.01657	0.08864	0.15489	0.59420	0.01563	0.00723	0.00211	0.00319	0.03943	0.00563	0.00510
10	0.00875	0.00583	0.00656	0.00656	0.00656	0.00583	0.00365	0.00875	0.00875	0.01166	0.01895	0.03937	0.02187	0.78858	0.03062	0.00583	0.00583	0.00875	0.00365	0.00365
11	0.01548	0.06583	0.34800	0.01913	0.09038	0.04606	0.14292	0.08828	0.01493	0.07264	0.01208	0.01401	0.00885	0.00596	0.00631	0.00187	0.02993	0.00513	0.00338	0.00883
12	0.07765	0.01436	0.10254	0.20137	0.07260	0.01366	0.12809	0.09000	0.01401	0.02022	0.01443	0.02020	0.03324	0.00841	0.02818	0.00225	0.06890	0.05756	0.02482	0.00749
13	0.00733	0.00607	0.00607	0.00607	0.00807	0.00511	0.00455	0.00892	0.01365	0.01658	0.05876	0.05603	0.70998	0.01480	0.00696	0.00200	0.00303	0.01232	0.04860	0.00511
14	0.07163	0.12896	0.13468	0.01563	0.10466	0.03756	0.04579	0.06767	0.04956	0.15122	0.03514	0.04011	0.01310	0.02706	0.00681	0.00195	0.03556	0.02022	0.00429	0.00840
15	0.05115	0.10444	0.03923	0.06193	0.12481	0.15576	0.10497	0.02137	0.07454	0.11880	0.01422	0.05019	0.01148	0.00683	0.00626	0.00183	0.03442	0.00570	0.00395	0.00813
16	0.24377	0.01353	0.01325	0.05096	0.01605	0.07514	0.00907	0.22179	0.01751	0.14291	0.01781	0.05242	0.06533	0.00771	0.00546	0.00184	0.00580	0.00582	0.00508	0.02875
17	0.03916	0.15812	0.05922	0.06886	0.05222	0.01558	0.01113	0.21804	0.07002	0.02400	0.01229	0.01354	0.00958	0.00589	0.00514	0.00151	0.00608	0.00451	0.00411	0.22100

[dist]
# distance from previous block
# <min> <max>
0	4

[block]
# block no. 2 follows, 38 sequences, length 23
# corresponding to MSA columns:
# 2570-2583,2589-2597
name=unknown_C
#
# <colnr> <probs for GDERKNQSTAVLIFYWHMCP>
#	G	D	E	R	K	N	Q	S	T	A	V	L	I	F	Y	W	H	M	C	P
0	0.06366	0.30046	0.17440	0.06590	0.07516	0.07219	0.01367	0.06660	0.08063	0.01903	0.01119	0.01269	0.00893	0.00585	0.00500	0.00166	0.00717	0.00430	0.00326	0.00823
1	0.00987	0.00764	0.00851	0.00815	0.01023	0.00737	0.00631	0.08796	0.05872	0.02064	0.15758	0.11210	0.36492	0.01365	0.00699	0.00207	0.00375	0.07371	0.03382	0.00603
2	0.01250	0.02473	0.51937	0.01655	0.02375	0.01300	0.10229	0.01905	0.05584	0.04567	0.01564	0.07382	0.03653	0.00716	0.00611	0.00197	0.00805	0.00619	0.00332	0.00845
3	0.00873	0.00630	0.00894	0.00894	0.00983	0.00713	0.00668	0.01051	0.00962	0.01390	0.01677	0.02644	0.01630	0.17866	0.59997	0.00863	0.01370	0.00683	0.03706	0.00507
4	0.01451	0.01262	0.01333	0.01260	0.03986	0.04069	0.00943	0.06320	0.53720	0.02413	0.05452	0.06952	0.04822	0.00920	0.00630	0.00204	0.00496	0.02303	0.00586	0.00878
5	0.00813	0.00601	0.00759	0.00746	0.00882	0.00547	0.00549	0.01050	0.01571	0.02163	0.53779	0.15587	0.15983	0.01371	0.00718	0.00199	0.00297	0.01207	0.00631	0.00547
6	0.26475	0.01454	0.03075	0.03928	0.03282	0.05867	0.03414	0.27793	0.01829	0.08904	0.01314	0.01405	0.00958	0.00648	0.00518	0.00180	0.00608	0.00477	0.07041	0.00831
7	0.00876	0.00616	0.00767	0.00749	0.00901	0.00554	0.00554	0.01099	0.01539	0.05105	0.44561	0.16721	0.20953	0.01383	0.00715	0.00201	0.00309	0.01211	0.00625	0.00560
8	0.07594	0.01651	0.01745	0.01345	0.01819	0.01832	0.01111	0.68416	0.02710	0.03720	0.01404	0.01414	0.00999	0.00711	0.00587	0.00181	0.00649	0.00527	0.00587	0.00999
9	0.00846	0.00610	0.00816	0.00825	0.00898	0.00651	0.00584	0.00983	0.01021	0.01412	0.06868	0.09988	0.05612	0.27837	0.37597	0.00692	0.01020	0.00872	0.00390	0.00478
10	0.00903	0.00640	0.00863	0.00972	0.01071	0.00630	0.00781	0.01108	0.01287	0.01696	0.07249	0.20265	0.03516	0.12416	0.01122	0.00308	0.00502	0.43620	0.00535	0.00516
11	0.01223	0.02999	0.70290	0.01777	0.02644	0.01406	0.07562	0.01907	0.01281	0.01907	0.01090	0.01297	0.00773	0.00567	0.00582	0.00191	0.00899	0.00465	0.00258	0.00883
12	0.00727	0.00607	0.00634	0.00634	0.00824	0.00514	0.00473	0.00893	0.01400	0.01709	0.13640	0.08348	0.64522	0.01504	0.00713	0.00203	0.00304	0.01266	0.00570	0.00514
13	0.00900	0.00704	0.01044	0.01021	0.01119	0.00848	0.00802	0.01107	0.00963	0.01401	0.01539	0.02271	0.01441	0.04207	0.69917	0.00905	0.08313	0.00634	0.00317	0.00548
14	0.01280	0.01254	0.01339	0.01502	0.10162	0.17313	0.03475	0.01516	0.01421	0.01723	0.04514	0.17592	0.02648	0.01288	0.00721	0.00228	0.00660	0.30268	0.00466	0.00630
15	0.01269	0.14868	0.64529	0.01609	0.02440	0.01549	0.02038	0.01889	0.01263	0.01829	0.01042	0.01223	0.00764	0.00563	0.00543	0.00181	0.00851	0.00426	0.00255	0.00871
16	0.01444	0.01781	0.12493	0.04944	0.13045	0.07515	0.31688	0.04553	0.01439	0.01933	0.04226	0.01802	0.01173	0.00650	0.00741	0.00199	0.05906	0.03333	0.00329	0.00806
17	0.00747	0.00596	0.00669	0.00682	0.00842	0.00518	0.00499	0.00921	0.01409	0.01789	0.21255	0.17803	0.47114	0.01518	0.00720	0.00207	0.00307	0.01303	0.00582	0.00518
18	0.07509	0.01348	0.01743	0.32717	0.12972	0.12071	0.04093	0.01663	0.01263	0.01689	0.02833	0.01625	0.01020	0.01143	0.10795	0.00295	0.03691	0.00532	0.00304	0.00696
19	0.01608	0.79220	0.03152	0.01029	0.01544	0.02380	0.01029	0.01801	0.01222	0.01415	0.00836	0.00965	0.00772	0.00515	0.00386	0.00129	0.00643	0.00322	0.00257	0.00772
20	0.00739	0.00526	0.00696	0.00829	0.00863	0.00493	0.00549	0.00839	0.01139	0.01519	0.03250	0.75019	0.03896	0.05444	0.00874	0.00260	0.00360	0.01672	0.00549	0.00483
21	0.00730	0.00537	0.00685	0.00803	0.00863	0.00492	0.00543	0.00842	0.01185	0.01549	0.03737	0.67451	0.14722	0.01830	0.00759	0.00238	0.00342	0.01643	0.00558	0.00492
22	0.05048	0.18064	0.02050	0.01518	0.08496	0.15516	0.06542	0.08899	0.04359	0.07001	0.06829	0.01709	0.03474	0.00706	0.00641	0.00174	0.05683	0.00541	0.01963	0.00787

[dist]
# distance from previous block
# <min> <max>
9	46

[block]
# block no. 3 follows, 38 sequences, length 26
# corresponding to MSA columns:
# 2840-2851,2886-2899
name=unknown_D
#
# <colnr> <probs for GDERKNQSTAVLIFYWHMCP>
#	G	D	E	R	K	N	Q	S	T	A	V	L	I	F	Y	W	H	M	C	P
0	0.66295	0.01198	0.00973	0.00887	0.01236	0.04003	0.00733	0.05573	0.01187	0.02609	0.01147	0.01682	0.01003	0.00698	0.00444	0.00195	0.00509	0.08563	0.00404	0.00662
1	0.05326	0.09781	0.01020	0.00744	0.00961	0.00802	0.00591	0.01161	0.01506	0.02064	0.40569	0.04302	0.26628	0.01203	0.00654	0.00186	0.00342	0.01015	0.00567	0.00577
2	0.01163	0.00949	0.01411	0.01447	0.09867	0.01100	0.03272	0.01469	0.05372	0.05065	0.05423	0.02199	0.01557	0.06074	0.35304	0.00573	0.16086	0.00646	0.00364	0.00659
3	0.00841	0.00618	0.00807	0.00769	0.00912	0.00584	0.00580	0.01106	0.01591	0.02231	0.60771	0.04350	0.10741	0.01635	0.09518	0.00281	0.00440	0.01051	0.00614	0.00559
4	0.01472	0.01643	0.11079	0.11711	0.33945	0.01476	0.16859	0.08338	0.03770	0.02082	0.01206	0.01525	0.00938	0.00568	0.00619	0.00189	0.00797	0.00567	0.00328	0.00888
5	0.60918	0.03967	0.01167	0.00977	0.01327	0.12334	0.00795	0.04505	0.01190	0.02447	0.00871	0.01030	0.00695	0.00601	0.00500	0.00184	0.05099	0.00354	0.00362	0.00676
6	0.00912	0.00597	0.00780	0.00863	0.00946	0.00561	0.00596	0.03278	0.01263	0.06401	0.05495	0.67408	0.05109	0.01747	0.00749	0.00236	0.00367	0.01574	0.00575	0.00543
7	0.01790	0.13683	0.15822	0.01392	0.03121	0.06828	0.02597	0.23229	0.12598	0.07149	0.04875	0.01617	0.01283	0.00687	0.00568	0.00177	0.00684	0.00532	0.00466	0.00900
8	0.01301	0.01507	0.10829	0.04193	0.13219	0.03150	0.15414	0.01959	0.16708	0.01967	0.04846	0.02357	0.11856	0.00808	0.00752	0.00201	0.07016	0.00711	0.00408	0.00800
9	0.01291	0.00986	0.03269	0.08174	0.08465	0.02369	0.05386	0.01578	0.03307	0.14120	0.06477	0.09137	0.23702	0.03965	0.02599	0.00234	0.00555	0.03188	0.00503	0.00694
10	0.01148	0.01058	0.07103	0.01337	0.09824	0.00999	0.00970	0.09766	0.03081	0.01769	0.01571	0.02377	0.01469	0.18026	0.36112	0.00625	0.01104	0.00651	0.00363	0.00647
11	0.01216	0.00922	0.00959	0.00876	0.01077	0.09418	0.00664	0.01462	0.01660	0.10819	0.49682	0.06192	0.10398	0.01147	0.00680	0.00188	0.00408	0.00984	0.00619	0.00629
12	0.10350	0.01340	0.01420	0.01162	0.01546	0.03753	0.00935	0.32207	0.11520	0.13842	0.10249	0.05534	0.01831	0.00831	0.00598	0.00188	0.00550	0.00660	0.00596	0.00887
13	0.01931	0.13189	0.04310	0.01578	0.10270	0.12626	0.01192	0.32566	0.07576	0.02651	0.01337	0.01425	0.01024	0.00656	0.00551	0.00169	0.00699	0.00495	0.04859	0.00896
14	0.06824	0.01583	0.12993	0.01481	0.09904	0.05396	0.01183	0.19420	0.04360	0.05781	0.06973	0.10116	0.04289	0.00838	0.00598	0.00184	0.00612	0.00691	0.00471	0.06303
15	0.01342	0.16723	0.24333	0.01570	0.08927	0.07224	0.05705	0.01720	0.01361	0.03741	0.09925	0.11542	0.01796	0.00807	0.00587	0.00182	0.00698	0.00683	0.00366	0.00768
16	0.01418	0.27010	0.40579	0.01424	0.02112	0.01743	0.01645	0.05351	0.09785	0.01909	0.01179	0.01295	0.00902	0.00589	0.00519	0.00172	0.00752	0.00437	0.00313	0.00865
17	0.00774	0.00578	0.00720	0.00789	0.00894	0.00529	0.00570	0.00936	0.01319	0.01728	0.16396	0.39223	0.21735	0.03224	0.00796	0.00235	0.00351	0.08120	0.00572	0.00511
18	0.01037	0.04376	0.02658	0.00973	0.01108	0.06071	0.00740	0.01201	0.01179	0.04972	0.04639	0.37967	0.02694	0.04326	0.20672	0.00426	0.02814	0.01123	0.00458	0.00566
19	0.06405	0.15543	0.14030	0.06237	0.06714	0.07887	0.04938	0.09798	0.06150	0.06970	0.01358	0.06013	0.01122	0.00702	0.00607	0.00182	0.03586	0.00552	0.00385	0.00820
20	0.00988	0.00685	0.00885	0.09653	0.01291	0.00662	0.00684	0.01217	0.01418	0.07559	0.23099	0.12646	0.25595	0.01400	0.04092	0.00233	0.00435	0.01060	0.05813	0.00585
21	0.00955	0.00842	0.00847	0.00909	0.01022	0.09361	0.00662	0.01108	0.01318	0.01643	0.10182	0.39439	0.13363	0.05068	0.00840	0.00243	0.00460	0.10681	0.00530	0.00526
22	0.03956	0.06800	0.23138	0.09443	0.10240	0.08922	0.06734	0.04017	0.01321	0.01788	0.01370	0.02780	0.05213	0.00756	0.00776	0.03904	0.07224	0.00547	0.00308	0.00762
23	0.03723	0.01309	0.08271	0.07526	0.06230	0.02998	0.24546	0.01543	0.03655	0.01794	0.02226	0.23123	0.08401	0.01007	0.00681	0.00210	0.00690	0.00969	0.00402	0.00695
24	0.68993	0.01353	0.01010	0.00896	0.01266	0.10052	0.00725	0.01910	0.01144	0.06825	0.00938	0.01052	0.00715	0.00576	0.00406	0.00183	0.00540	0.00349	0.00387	0.00679
25	0.01717	0.10695	0.07848	0.01227	0.01602	0.15971	0.01051	0.19689	0.02823	0.07436	0.01884	0.14905	0.05146	0.01080	0.04020	0.00219	0.00719	0.00727	0.00464	0.00779

[dist]
# distance from previous block
# <min> <max>
0	2

[block]
# block no. 4 follows, 38 sequences, length 31
# corresponding to MSA columns:
# 2924-2954
name=unknown_E
#
# <colnr> <probs for GDERKNQSTAVLIFYWHMCP>
#	G	D	E	R	K	N	Q	S	T	A	V	L	I	F	Y	W	H	M	C	P
0	0.01602	0.13095	0.05952	0.04959	0.28356	0.03760	0.04890	0.05578	0.01459	0.10906	0.01552	0.05721	0.01361	0.00747	0.00599	0.00187	0.00682	0.07348	0.00397	0.00848
1	0.01707	0.01531	0.01675	0.04564	0.05567	0.17402	0.08295	0.16654	0.01698	0.08506	0.01854	0.11311	0.05553	0.02698	0.05749	0.00250	0.03044	0.00729	0.00451	0.00762
2	0.01274	0.01143	0.01804	0.68325	0.03871	0.01400	0.01608	0.10091	0.01397	0.01806	0.01114	0.01585	0.00828	0.00616	0.00601	0.00198	0.00785	0.00535	0.00307	0.00711
3	0.01776	0.01381	0.05394	0.10714	0.12628	0.03403	0.03474	0.16237	0.10990	0.16293	0.06331	0.01909	0.01477	0.00800	0.02363	0.00205	0.00657	0.00604	0.02479	0.00888
4	0.01156	0.00973	0.01245	0.10354	0.08628	0.02709	0.00946	0.05191	0.15089	0.02165	0.25966	0.10387	0.06516	0.01149	0.02718	0.00221	0.00511	0.02841	0.00532	0.00703
5	0.18284	0.01208	0.01339	0.01098	0.01475	0.01277	0.00888	0.24473	0.03796	0.23919	0.03309	0.10811	0.01546	0.00857	0.00619	0.00194	0.02787	0.00671	0.00584	0.00863
6	0.01846	0.08885	0.05340	0.01201	0.01611	0.01488	0.01027	0.39178	0.02135	0.09486	0.06804	0.10983	0.03397	0.00991	0.02663	0.00207	0.00612	0.00718	0.00555	0.00872
7	0.01551	0.01333	0.01461	0.01282	0.01595	0.01573	0.01014	0.09707	0.58438	0.02511	0.02154	0.02057	0.01633	0.00835	0.00774	0.00209	0.09731	0.00648	0.00569	0.00924
8	0.05612	0.10648	0.06772	0.05470	0.10882	0.19041	0.05362	0.15308	0.01655	0.03961	0.01266	0.05980	0.01085	0.02274	0.00640	0.00185	0.02126	0.00551	0.00381	0.00802
9	0.01109	0.00805	0.01199	0.01174	0.01376	0.00798	0.07805	0.04130	0.01438	0.03477	0.04448	0.07213	0.02917	0.01376	0.00752	0.00245	0.00557	0.48276	0.10297	0.00606
10	0.01988	0.02440	0.01665	0.01539	0.03189	0.58778	0.01155	0.02150	0.01534	0.01472	0.00983	0.01243	0.00850	0.01044	0.08014	0.00246	0.10293	0.00432	0.00305	0.00682
11	0.01634	0.03535	0.07562	0.01587	0.08772	0.10154	0.08049	0.06782	0.03864	0.10557	0.07556	0.10751	0.05204	0.05866	0.00846	0.00242	0.00696	0.05025	0.00506	0.00811
12	0.01526	0.07803	0.44810	0.01699	0.02377	0.10457	0.06736	0.05527	0.01493	0.02015	0.01398	0.01960	0.01166	0.00763	0.00644	0.00213	0.00895	0.07280	0.00354	0.00886
13	0.19716	0.01573	0.01607	0.01256	0.01714	0.01754	0.01037	0.57717	0.02439	0.03556	0.01313	0.01344	0.00943	0.00687	0.00552	0.00182	0.00620	0.00495	0.00552	0.00943
14	0.02098	0.01556	0.01662	0.01292	0.01740	0.01703	0.01061	0.64466	0.02654	0.03532	0.02000	0.01964	0.09849	0.00818	0.00615	0.00183	0.00619	0.00629	0.00597	0.00961
15	0.01170	0.01104	0.01866	0.70326	0.10965	0.01345	0.01688	0.01567	0.01219	0.01578	0.01075	0.01593	0.00816	0.00595	0.00601	0.00198	0.00794	0.00535	0.00270	0.00696
16	0.02287	0.01685	0.01805	0.01384	0.01866	0.01866	0.01143	0.73100	0.02828	0.03791	0.01444	0.01444	0.01023	0.00722	0.00602	0.00181	0.00662	0.00542	0.00602	0.01023
17	0.01432	0.01360	0.01838	0.01556	0.01614	0.01845	0.01295	0.10012	0.01149	0.01728	0.00868	0.01331	0.00818	0.01013	0.01810	0.00253	0.68542	0.00528	0.00304	0.00702
18	0.02244	0.01233	0.01462	0.01178	0.01607	0.01261	0.00954	0.16249	0.24581	0.39121	0.02222	0.01995	0.01510	0.00763	0.00607	0.00191	0.00529	0.00617	0.00676	0.01001
19	0.00712	0.00606	0.00613	0.00619	0.00815	0.00507	0.00461	0.00862	0.01362	0.01621	0.05981	0.08737	0.71987	0.01538	0.00713	0.00205	0.00307	0.01287	0.00559	0.00507
20	0.00811	0.00564	0.00682	0.00732	0.00765	0.00542	0.00459	0.00880	0.01064	0.01422	0.08089	0.32919	0.06091	0.40081	0.01901	0.00407	0.00459	0.01230	0.00470	0.00434
21	0.01414	0.01447	0.04076	0.24455	0.10122	0.01477	0.34815	0.06042	0.01416	0.03496	0.01182	0.01582	0.00895	0.00581	0.00713	0.00201	0.04357	0.00616	0.00317	0.00795
22	0.00736	0.00597	0.00653	0.00667	0.00835	0.00514	0.00490	0.00902	0.01390	0.01735	0.16417	0.16578	0.53322	0.01532	0.00719	0.00207	0.00308	0.01308	0.00575	0.00514
23	0.01545	0.06108	0.14103	0.05788	0.27545	0.15033	0.03769	0.02006	0.06601	0.03554	0.07059	0.01666	0.01322	0.00638	0.00585	0.00178	0.00764	0.00544	0.00351	0.00839
24	0.00752	0.00542	0.00694	0.00797	0.00849	0.00504	0.00532	0.00862	0.01177	0.01561	0.07811	0.60977	0.09528	0.09215	0.00980	0.00270	0.00364	0.01557	0.00546	0.00483
25	0.01621	0.03571	0.03555	0.05706	0.01722	0.01390	0.02874	0.24794	0.22351	0.05480	0.02047	0.14579	0.01760	0.00920	0.00619	0.00197	0.00555	0.00774	0.04631	0.00853
26	0.01426	0.01467	0.02897	0.02251	0.08095	0.01408	0.50070	0.08692	0.01594	0.02181	0.11980	0.02015	0.01622	0.00636	0.00691	0.00197	0.00851	0.00736	0.00385	0.00807
27	0.01293	0.08731	0.03258	0.20580	0.27483	0.04974	0.01399	0.01642	0.03593	0.01754	0.04786	0.11048	0.03809	0.00810	0.00609	0.00190	0.00664	0.02263	0.00357	0.00758
28	0.01764	0.24858	0.05884	0.01389	0.01779	0.27285	0.04731	0.07408	0.01484	0.01688	0.01068	0.01273	0.02121	0.00794	0.03556	0.00195	0.09090	0.00438	0.00315	0.02879
29	0.09046	0.01266	0.10089	0.01180	0.03069	0.04569	0.04300	0.03041	0.08325	0.04016	0.08905	0.18172	0.11208	0.01098	0.00707	0.00206	0.04386	0.02996	0.00475	0.02946
30	0.01424	0.18926	0.20245	0.01333	0.03889	0.05160	0.04002	0.07414	0.03460	0.05573	0.07483	0.11960	0.03157	0.02617	0.00637	0.00191	0.00657	0.00695	0.00404	0.00773

[dist]
# distance from previous block
# <min> <max>
0	10

[block]
# block no. 5 follows, 38 sequences, length 20
# corresponding to MSA columns:
# 3055-3074
name=unknown_F
#
# <colnr> <probs for GDERKNQSTAVLIFYWHMCP>
#	G	D	E	R	K	N	Q	S	T	A	V	L	I	F	Y	W	H	M	C	P
0	0.02881	0.01169	0.04923	0.03190	0.01402	0.05443	0.00858	0.13147	0.09921	0.08265	0.14884	0.11767	0.17498	0.01097	0.00653	0.00197	0.00493	0.00919	0.00562	0.00729
1	0.01093	0.01141	0.09657	0.01073	0.01399	0.00936	0.05550	0.08057	0.09895	0.02133	0.16918	0.07712	0.25394	0.01165	0.00684	0.00204	0.00484	0.05286	0.00536	0.00683
2	0.01387	0.01316	0.02172	0.10131	0.45985	0.01361	0.07133	0.01924	0.10876	0.01974	0.03532	0.01831	0.02899	0.00791	0.03900	0.00221	0.00732	0.00605	0.00354	0.00875
3	0.01466	0.01547	0.09164	0.14109	0.21836	0.05820	0.09658	0.05270	0.07552	0.05270	0.03541	0.01843	0.04317	0.00752	0.02140	0.00207	0.03705	0.00602	0.00372	0.00828
4	0.19170	0.01576	0.01613	0.01260	0.01719	0.01758	0.01041	0.58199	0.02451	0.03563	0.01318	0.01347	0.00945	0.00688	0.00554	0.00182	0.00621	0.00497	0.00554	0.00945
5	0.01619	0.04790	0.01835	0.07062	0.07850	0.22006	0.08389	0.02344	0.24984	0.01921	0.04222	0.01822	0.01384	0.03690	0.00735	0.00201	0.03353	0.00584	0.00415	0.00794
6	0.00739	0.00540	0.00698	0.00822	0.00880	0.00499	0.00562	0.00856	0.01186	0.01556	0.03629	0.67446	0.12069	0.01835	0.00764	0.00241	0.00352	0.04277	0.00558	0.00493
7	0.00954	0.00623	0.00699	0.00684	0.00722	0.00634	0.00414	0.03598	0.00994	0.01395	0.01876	0.03591	0.02044	0.64199	0.05478	0.00532	0.00591	0.00818	0.09735	0.00418
8	0.00749	0.00530	0.00693	0.00817	0.00848	0.00499	0.00536	0.00842	0.01120	0.01493	0.03153	0.69939	0.03774	0.10692	0.01030	0.00283	0.00376	0.01615	0.00536	0.00474
9	0.00846	0.00615	0.00797	0.00751	0.00896	0.00565	0.00564	0.01125	0.01691	0.02383	0.72234	0.04542	0.08249	0.01241	0.00710	0.00190	0.00285	0.01095	0.00658	0.00565
10	0.01608	0.79220	0.03152	0.01029	0.01544	0.02380	0.01029	0.01801	0.01222	0.01415	0.00836	0.00965	0.00772	0.00515	0.00386	0.00129	0.00643	0.00322	0.00257	0.00772
11	0.00733	0.00524	0.00698	0.00838	0.00873	0.00489	0.00558	0.00838	0.01152	0.01536	0.03316	0.78466	0.03979	0.01885	0.00768	0.00244	0.00349	0.01710	0.00558	0.00489
12	0.02699	0.01024	0.01396	0.01070	0.01536	0.00884	0.00884	0.02932	0.01722	0.75522	0.02373	0.02048	0.01489	0.00745	0.00605	0.00186	0.00512	0.00605	0.00745	0.01024
13	0.75297	0.01214	0.00973	0.00848	0.01231	0.01399	0.00699	0.08662	0.01198	0.02805	0.00896	0.01022	0.00687	0.00574	0.00394	0.00186	0.00484	0.00347	0.00394	0.00687
14	0.02186	0.01626	0.01751	0.01336	0.01823	0.01763	0.01102	0.66182	0.02676	0.03614	0.01408	0.01425	0.01010	0.00695	0.00587	0.00172	0.00641	0.00524	0.00578	0.08900
15	0.01280	0.11657	0.60352	0.01827	0.09489	0.01513	0.02050	0.01888	0.01274	0.01855	0.01057	0.01256	0.00782	0.00562	0.00553	0.00182	0.00844	0.00439	0.00259	0.00882
16	0.01449	0.01418	0.02274	0.19144	0.56841	0.04788	0.01778	0.01806	0.01350	0.01853	0.01109	0.01495	0.00913	0.00554	0.00594	0.00182	0.00750	0.00529	0.00292	0.00881
17	0.01018	0.00655	0.00803	0.00748	0.00933	0.00584	0.00561	0.01236	0.01543	0.10448	0.39833	0.07765	0.24950	0.05240	0.00820	0.00215	0.00334	0.01101	0.00622	0.00589
18	0.16894	0.24277	0.01932	0.04018	0.04929	0.10633	0.01008	0.12654	0.04689	0.07583	0.01424	0.01493	0.04840	0.00654	0.00495	0.00167	0.00640	0.00468	0.00406	0.00795
19	0.01405	0.01343	0.02290	0.21272	0.58183	0.01407	0.01804	0.01772	0.01330	0.01863	0.01117	0.01516	0.00917	0.00552	0.00597	0.00184	0.00735	0.00536	0.00291	0.00885

[dist]
# distance from previous block
# <min> <max>
0	5

[block]
# block no. 6 follows, 38 sequences, length 28
# corresponding to MSA columns:
# 3161-3188
name=unknown_G
#
# <colnr> <probs for GDERKNQSTAVLIFYWHMCP>
#	G	D	E	R	K	N	Q	S	T	A	V	L	I	F	Y	W	H	M	C	P
0	0.01632	0.01297	0.01825	0.01761	0.14903	0.01349	0.10996	0.24849	0.07265	0.04340	0.06665	0.05029	0.01629	0.00768	0.00613	0.00185	0.00613	0.02418	0.11009	0.00853
1	0.66060	0.01101	0.00931	0.00836	0.01131	0.01290	0.00667	0.01628	0.00997	0.02403	0.00970	0.01385	0.00860	0.10671	0.00845	0.00243	0.06593	0.00412	0.00363	0.00615
2	0.01552	0.01198	0.02006	0.02699	0.01975	0.03697	0.26924	0.01857	0.01453	0.19637	0.04260	0.07000	0.15663	0.00911	0.00753	0.00204	0.04965	0.02002	0.00484	0.00761
3	0.01725	0.01355	0.01436	0.01226	0.01588	0.03159	0.00969	0.22549	0.41817	0.06326	0.06696	0.04850	0.01885	0.00846	0.00619	0.00196	0.00527	0.00693	0.00610	0.00929
4	0.00803	0.00633	0.00885	0.14570	0.01453	0.00643	0.00745	0.00967	0.01189	0.01547	0.03269	0.55303	0.12527	0.01608	0.00731	0.00231	0.00425	0.01442	0.00506	0.00523
5	0.01255	0.02807	0.61887	0.02002	0.10846	0.01410	0.07629	0.01900	0.01293	0.01914	0.01096	0.01322	0.00795	0.00563	0.00585	0.00190	0.00879	0.00475	0.00263	0.00890
6	0.01475	0.02736	0.62381	0.01599	0.02412	0.01305	0.01982	0.02090	0.01351	0.15135	0.01312	0.01410	0.00893	0.00603	0.00578	0.00190	0.00821	0.00473	0.00342	0.00913
7	0.02428	0.01129	0.01547	0.01435	0.11019	0.01050	0.01026	0.06193	0.07447	0.56830	0.02175	0.01962	0.01425	0.00722	0.00604	0.00186	0.00542	0.00599	0.00670	0.01009
8	0.01471	0.01300	0.01996	0.02627	0.44070	0.01317	0.03862	0.14447	0.01606	0.02210	0.01864	0.11729	0.07198	0.00820	0.00632	0.00190	0.00636	0.00752	0.00407	0.00866
9	0.07934	0.01396	0.02070	0.02935	0.53729	0.03938	0.01551	0.01984	0.10690	0.02057	0.01376	0.05240	0.01182	0.00642	0.00587	0.00185	0.00659	0.00589	0.00357	0.00898
10	0.00738	0.00616	0.00674	0.00674	0.00860	0.00552	0.00510	0.00901	0.01299	0.01584	0.05289	0.05174	0.61678	0.02061	0.14327	0.00340	0.00540	0.01157	0.00516	0.00513
11	0.02165	0.12690	0.01891	0.01483	0.01819	0.66915	0.01145	0.02325	0.01643	0.01465	0.00918	0.01069	0.00775	0.00606	0.00522	0.00152	0.01028	0.00379	0.00303	0.00707
12	0.01609	0.01321	0.01719	0.15210	0.10108	0.01413	0.03683	0.27130	0.09359	0.02554	0.01557	0.08391	0.01302	0.00750	0.00601	0.00181	0.00630	0.00640	0.00464	0.11376
13	0.02029	0.01493	0.01625	0.01271	0.01692	0.01632	0.01040	0.60167	0.02626	0.03543	0.14625	0.01992	0.01859	0.00813	0.00621	0.00182	0.00594	0.00640	0.00613	0.00941
14	0.00794	0.00562	0.00741	0.00863	0.00912	0.00537	0.00607	0.00916	0.01158	0.01536	0.03109	0.55995	0.03655	0.11748	0.01074	0.00294	0.00416	0.14065	0.00533	0.00484
15	0.02174	0.15605	0.02038	0.01313	0.01801	0.01937	0.01117	0.58748	0.02516	0.04938	0.01355	0.01371	0.00988	0.00685	0.00563	0.00171	0.00655	0.00503	0.00543	0.00978
16	0.02362	0.01225	0.01505	0.03699	0.01697	0.01224	0.00980	0.23648	0.07460	0.43427	0.04912	0.01965	0.01519	0.00758	0.00609	0.00186	0.00554	0.00609	0.00673	0.00988
17	0.00733	0.00524	0.00698	0.00838	0.00873	0.00489	0.00558	0.00838	0.01152	0.01536	0.03316	0.78466	0.03979	0.01885	0.00768	0.00244	0.00349	0.01710	0.00558	0.00489
18	0.53657	0.01532	0.01282	0.01333	0.10840	0.14883	0.00924	0.05792	0.01289	0.02444	0.00925	0.01088	0.00733	0.00576	0.00444	0.00179	0.00620	0.00376	0.00364	0.00719
19	0.02027	0.02123	0.01590	0.01396	0.01724	0.40184	0.01077	0.24021	0.04383	0.02240	0.01473	0.09837	0.01324	0.00830	0.00597	0.00178	0.00837	0.02933	0.00445	0.00779
20	0.00866	0.00629	0.00824	0.00813	0.00957	0.00587	0.00634	0.01142	0.01630	0.02264	0.58611	0.04968	0.08611	0.01322	0.00731	0.00206	0.00333	0.13671	0.00638	0.00562
21	0.00736	0.00610	0.00644	0.00636	0.00828	0.00519	0.00477	0.00912	0.01431	0.01767	0.18439	0.05557	0.62428	0.01471	0.00711	0.00201	0.00301	0.01237	0.00577	0.00519
22	0.01953	0.02367	0.01550	0.01422	0.01693	0.58636	0.01075	0.03722	0.01573	0.01509	0.01087	0.01365	0.00936	0.01451	0.16712	0.00328	0.01187	0.00446	0.00319	0.00671
23	0.02147	0.01466	0.01495	0.01234	0.01628	0.10975	0.00983	0.23533	0.14995	0.25774	0.02000	0.07824	0.01518	0.00825	0.00610	0.00188	0.00611	0.00659	0.00608	0.00926
24	0.00733	0.00524	0.00698	0.00838	0.00873	0.00489	0.00558	0.00838	0.01152	0.01536	0.03316	0.78466	0.03979	0.01885	0.00768	0.00244	0.00349	0.01710	0.00558	0.00489
25	0.08352	0.01215	0.01351	0.01149	0.01536	0.01310	0.00915	0.05755	0.43148	0.25094	0.02258	0.02052	0.01604	0.00770	0.00591	0.00196	0.00494	0.00623	0.00634	0.00953
26	0.01906	0.44829	0.02583	0.01243	0.01717	0.15408	0.05192	0.07701	0.01512	0.11177	0.01121	0.01202	0.00893	0.00579	0.00478	0.00149	0.00729	0.00410	0.00359	0.00813
27	0.24923	0.01532	0.07529	0.01402	0.04317	0.03126	0.10283	0.20915	0.01644	0.02627	0.02875	0.03235	0.01033	0.00651	0.00584	0.00181	0.03265	0.00512	0.00418	0.08947

[dist]
# distance from previous block
# <min> <max>
2	9

[block]
# block no. 7 follows, 38 sequences, length 62
# corresponding to MSA columns:
# 3314-3327,3333-3336,3358-3373,3534-3549,3552-3563
name=unknown_H
#
# <colnr> <probs for GDERKNQSTAVLIFYWHMCP>
#	G	D	E	R	K	N	Q	S	T	A	V	L	I	F	Y	W	H	M	C	P
0	0.01236	0.01432	0.11258	0.01740	0.10695	0.01525	0.01390	0.01484	0.01030	0.01561	0.01027	0.01533	0.00943	0.01591	0.15923	0.00378	0.43735	0.00540	0.00278	0.00701
1	0.01045	0.10859	0.01117	0.00784	0.01051	0.00927	0.00634	0.09951	0.01588	0.01999	0.16453	0.04413	0.44515	0.01245	0.00655	0.00188	0.00389	0.01027	0.00543	0.00616
2	0.01181	0.01012	0.01169	0.00856	0.01350	0.00766	0.00681	0.01434	0.01263	0.01919	0.01690	0.01808	0.10027	0.00579	0.00478	0.00103	0.00428	0.00469	0.00381	0.72405
3	0.00859	0.00645	0.00967	0.00967	0.01074	0.00752	0.00752	0.01074	0.00967	0.01396	0.01611	0.02363	0.01504	0.04512	0.76474	0.00967	0.01611	0.00645	0.00322	0.00537
4	0.01136	0.01069	0.01804	0.77412	0.04143	0.01337	0.01671	0.01537	0.01203	0.01537	0.01069	0.01604	0.00802	0.00601	0.00601	0.00200	0.00802	0.00535	0.00267	0.00668
5	0.01687	0.69791	0.02974	0.01094	0.01583	0.11527	0.01046	0.01876	0.01282	0.01422	0.00848	0.00980	0.00772	0.00528	0.00405	0.00132	0.00698	0.00330	0.00264	0.00763
6	0.02287	0.01685	0.01805	0.01384	0.01866	0.01866	0.01143	0.73100	0.02828	0.03791	0.01444	0.01444	0.01023	0.00722	0.00602	0.00181	0.00662	0.00542	0.00602	0.01023
7	0.01463	0.01429	0.02444	0.03352	0.61052	0.01487	0.06693	0.01803	0.01318	0.01899	0.01095	0.01477	0.00930	0.00598	0.00774	0.00191	0.10250	0.00547	0.00294	0.00907
8	0.00733	0.00524	0.00698	0.00838	0.00873	0.00489	0.00558	0.00838	0.01152	0.01536	0.03316	0.78466	0.03979	0.01885	0.00768	0.00244	0.00349	0.01710	0.00558	0.00489
9	0.01496	0.01292	0.01360	0.01224	0.01564	0.01496	0.00952	0.03197	0.74019	0.02516	0.02448	0.02244	0.01836	0.00816	0.00612	0.00204	0.00476	0.00680	0.00612	0.00952
10	0.01136	0.01069	0.01804	0.77412	0.04143	0.01337	0.01671	0.01537	0.01203	0.01537	0.01069	0.01604	0.00802	0.00601	0.00601	0.00200	0.00802	0.00535	0.00267	0.00668
11	0.00726	0.00601	0.00636	0.00646	0.00827	0.00511	0.00478	0.00886	0.01380	0.01689	0.12209	0.12957	0.61314	0.01532	0.00717	0.00206	0.00307	0.01297	0.00568	0.00511
12	0.00733	0.00524	0.00698	0.00838	0.00873	0.00489	0.00558	0.00838	0.01152	0.01536	0.03316	0.78466	0.03979	0.01885	0.00768	0.00244	0.00349	0.01710	0.00558	0.00489
13	0.01411	0.01426	0.02975	0.07425	0.02856	0.01374	0.54562	0.01858	0.01368	0.06455	0.01328	0.01740	0.01014	0.01023	0.10053	0.00296	0.01042	0.00683	0.00332	0.00781
14	0.01422	0.31565	0.43941	0.01448	0.02161	0.06476	0.01710	0.01898	0.01280	0.01695	0.00979	0.01144	0.00767	0.00553	0.00500	0.00165	0.00809	0.00395	0.00259	0.00833
15	0.02116	0.01508	0.01648	0.01301	0.01726	0.01645	0.01058	0.60577	0.02565	0.07192	0.01723	0.10988	0.01412	0.00867	0.00622	0.00189	0.00616	0.00689	0.00604	0.00957
16	0.00731	0.00530	0.00691	0.00820	0.00868	0.00490	0.00551	0.00840	0.01168	0.01542	0.03526	0.72963	0.09346	0.01857	0.00764	0.00241	0.00346	0.01677	0.00558	0.00490
17	0.62830	0.01128	0.01013	0.00862	0.01257	0.01232	0.00710	0.02062	0.01200	0.21064	0.01225	0.01247	0.00863	0.00605	0.00431	0.00186	0.00477	0.00396	0.00466	0.00745
18	0.72760	0.01145	0.00950	0.00827	0.01211	0.01290	0.00681	0.01918	0.01114	0.12070	0.01035	0.01115	0.00759	0.00582	0.00402	0.00186	0.00471	0.00362	0.00420	0.00699
19	0.02127	0.02668	0.01723	0.01554	0.01824	0.66843	0.01182	0.02279	0.01604	0.01469	0.00912	0.01115	0.00777	0.00676	0.00727	0.00169	0.10951	0.00405	0.00304	0.00692
20	0.02087	0.01555	0.01731	0.01371	0.01774	0.01764	0.01127	0.51612	0.11697	0.07062	0.01541	0.01563	0.01123	0.00776	0.00773	0.00194	0.10152	0.00561	0.00569	0.00969
21	0.01294	0.01236	0.02117	0.44105	0.34591	0.01380	0.03320	0.01678	0.01279	0.01730	0.01099	0.01555	0.00869	0.00571	0.00601	0.00191	0.00769	0.00539	0.00281	0.00794
22	0.01495	0.01310	0.01499	0.01542	0.11028	0.01488	0.01067	0.03023	0.64670	0.02446	0.02279	0.02147	0.01723	0.00780	0.00610	0.00201	0.00507	0.00662	0.00572	0.00952
23	0.01809	0.01484	0.01437	0.01223	0.01561	0.10690	0.00949	0.23693	0.28584	0.07163	0.01899	0.03341	0.01521	0.10820	0.00918	0.00239	0.00621	0.00640	0.00547	0.00863
24	0.00745	0.00545	0.00704	0.00825	0.00888	0.00504	0.00571	0.00867	0.01195	0.01564	0.03665	0.64613	0.13068	0.01824	0.00764	0.00241	0.00356	0.06007	0.00558	0.00495
25	0.00711	0.00609	0.00609	0.00609	0.00813	0.00508	0.00457	0.00863	0.01371	0.01625	0.06094	0.05789	0.74862	0.01524	0.00711	0.00203	0.00305	0.01270	0.00559	0.00508
26	0.00775	0.00614	0.00675	0.00681	0.00833	0.00549	0.00487	0.00963	0.03166	0.01702	0.15768	0.13906	0.44934	0.11054	0.01005	0.00253	0.00345	0.01230	0.00552	0.00508
27	0.02070	0.02339	0.01634	0.01450	0.01789	0.49039	0.01109	0.11326	0.19398	0.02012	0.01362	0.01411	0.01063	0.00680	0.00567	0.00170	0.00885	0.00478	0.00419	0.00799
28	0.01104	0.00564	0.00576	0.00573	0.00714	0.00561	0.00430	0.01385	0.01290	0.02254	0.06670	0.02388	0.01809	0.00735	0.00439	0.00143	0.00281	0.00595	0.76927	0.00561
29	0.02315	0.01639	0.01777	0.01362	0.01843	0.01798	0.01125	0.68251	0.02752	0.08749	0.01509	0.01486	0.01055	0.00724	0.00602	0.00181	0.00652	0.00546	0.00612	0.01023
30	0.01248	0.01012	0.01171	0.00903	0.01339	0.00835	0.00708	0.05970	0.03604	0.02060	0.01475	0.10896	0.01355	0.00670	0.00499	0.00121	0.00437	0.00559	0.06061	0.59077
31	0.02056	0.23923	0.04093	0.01263	0.01732	0.11087	0.01099	0.32937	0.03350	0.09159	0.01310	0.01345	0.00982	0.00649	0.00528	0.00163	0.00690	0.00466	0.02273	0.00896
32	0.01831	0.01469	0.01886	0.04225	0.17118	0.01579	0.04960	0.40373	0.07140	0.02935	0.01660	0.07858	0.02616	0.00784	0.00622	0.00189	0.00651	0.00666	0.00509	0.00929
33	0.01215	0.15507	0.02895	0.10861	0.03220	0.01221	0.00923	0.08167	0.05921	0.01828	0.08538	0.14163	0.03222	0.11018	0.05537	0.01783	0.00624	0.02277	0.00426	0.00654
34	0.01856	0.24655	0.02006	0.01291	0.01638	0.39830	0.01051	0.05292	0.01510	0.01572	0.01040	0.01260	0.00899	0.01097	0.10268	0.00253	0.00985	0.00413	0.02374	0.00710
35	0.01177	0.11608	0.43544	0.01336	0.01927	0.01302	0.01540	0.01692	0.04566	0.01754	0.05462	0.03354	0.01420	0.15626	0.01039	0.00260	0.00738	0.00582	0.00321	0.00752
36	0.05802	0.01462	0.01643	0.01371	0.01696	0.17097	0.12915	0.11157	0.01566	0.06030	0.03947	0.13739	0.02993	0.01340	0.09994	0.00285	0.00833	0.01833	0.00436	0.03860
37	0.01207	0.03112	0.75741	0.01715	0.02604	0.01397	0.02223	0.01905	0.01270	0.01905	0.01080	0.01270	0.00762	0.00572	0.00572	0.00191	0.00889	0.00445	0.00254	0.00889
38	0.01557	0.01316	0.01388	0.01227	0.01578	0.01511	0.00960	0.09999	0.65471	0.02622	0.02429	0.02243	0.03333	0.00822	0.00613	0.00202	0.00491	0.00679	0.00610	0.00950
39	0.00778	0.00572	0.00707	0.00769	0.00856	0.00528	0.00535	0.00920	0.01271	0.01678	0.16585	0.38418	0.17869	0.11192	0.01032	0.00270	0.00367	0.04606	0.00553	0.00494
40	0.02208	0.01646	0.01761	0.01368	0.01836	0.01829	0.01124	0.66151	0.09905	0.03665	0.01544	0.01524	0.01104	0.00731	0.00603	0.00183	0.00643	0.00555	0.00603	0.01016
41	0.01528	0.01212	0.01299	0.01153	0.01465	0.01370	0.00885	0.07272	0.56384	0.06213	0.02310	0.02402	0.01812	0.10849	0.00926	0.00250	0.00503	0.00693	0.00586	0.00885
42	0.00751	0.00531	0.00693	0.00814	0.00845	0.00501	0.00533	0.00842	0.01116	0.01488	0.03133	0.68875	0.03748	0.11790	0.01063	0.00288	0.00379	0.01603	0.00533	0.00473
43	0.11296	0.01152	0.01915	0.58314	0.03647	0.01362	0.10714	0.01616	0.01209	0.01731	0.01060	0.01529	0.00798	0.00584	0.00587	0.00199	0.00788	0.00531	0.00285	0.00685
44	0.00857	0.00576	0.00662	0.00679	0.00684	0.00571	0.00389	0.00870	0.00910	0.01214	0.02078	0.13527	0.02418	0.68953	0.02767	0.00540	0.00553	0.00982	0.00389	0.00380
45	0.57478	0.01137	0.01006	0.00888	0.01236	0.01273	0.00715	0.10531	0.01307	0.07256	0.01328	0.11074	0.01178	0.00761	0.00466	0.00193	0.00478	0.00548	0.00448	0.00700
46	0.01994	0.01515	0.01956	0.01512	0.01970	0.04904	0.14792	0.30504	0.14630	0.14303	0.04408	0.01808	0.01377	0.00715	0.00626	0.00189	0.00679	0.00621	0.00558	0.00939
47	0.01102	0.01017	0.01701	0.67971	0.03764	0.01264	0.01557	0.01480	0.01174	0.01520	0.01136	0.01698	0.00889	0.01084	0.09972	0.00295	0.00902	0.00548	0.00274	0.00652
48	0.02422	0.00965	0.01306	0.01043	0.01451	0.00846	0.00844	0.02668	0.03093	0.64543	0.02496	0.11885	0.01816	0.00893	0.00626	0.00194	0.00490	0.00749	0.00718	0.00953
49	0.01587	0.01461	0.02363	0.03407	0.66060	0.01483	0.01759	0.10646	0.01550	0.02191	0.01170	0.01483	0.00962	0.00559	0.00596	0.00179	0.00708	0.00537	0.00335	0.00962
50	0.01728	0.01695	0.02128	0.07384	0.17390	0.16455	0.13160	0.15397	0.01659	0.03696	0.01207	0.01516	0.00965	0.02046	0.03817	0.00224	0.06492	0.00547	0.01676	0.00819
51	0.00770	0.00621	0.00691	0.00699	0.00883	0.00542	0.00542	0.00963	0.01436	0.01797	0.18887	0.05664	0.52797	0.01484	0.00726	0.00210	0.00331	0.09854	0.00578	0.00525
52	0.01523	0.11484	0.05076	0.13963	0.33718	0.01622	0.06394	0.10576	0.01477	0.02018	0.01105	0.01424	0.00895	0.00598	0.00664	0.00183	0.05575	0.00517	0.00322	0.00865
53	0.02247	0.02867	0.01705	0.01550	0.01860	0.76443	0.01162	0.02402	0.01705	0.01472	0.00930	0.01085	0.00775	0.00620	0.00542	0.00155	0.01085	0.00387	0.00310	0.00697
54	0.01489	0.01392	0.03137	0.04866	0.22765	0.05197	0.10124	0.13032	0.08543	0.02176	0.05521	0.01906	0.01398	0.03597	0.10482	0.00300	0.02233	0.00618	0.00400	0.00823
55	0.01723	0.00816	0.01069	0.00893	0.01202	0.00714	0.00708	0.01962	0.01649	0.37297	0.28439	0.05286	0.12083	0.01035	0.00656	0.00189	0.00400	0.00881	0.00681	0.02316
56	0.01423	0.01431	0.01735	0.05722	0.14493	0.11135	0.01265	0.06054	0.01295	0.01715	0.01643	0.01959	0.10528	0.01041	0.03735	0.00242	0.32921	0.00613	0.00337	0.00714
57	0.00890	0.00743	0.00995	0.05889	0.10616	0.00700	0.00756	0.01132	0.01476	0.01951	0.30377	0.06761	0.32987	0.01242	0.00690	0.00196	0.00382	0.01076	0.00545	0.00597
58	0.02150	0.02682	0.01800	0.01826	0.11285	0.66790	0.01250	0.02331	0.01662	0.01536	0.00956	0.01137	0.00798	0.00609	0.00549	0.00158	0.01037	0.00407	0.00308	0.00730
59	0.01677	0.11587	0.07888	0.04472	0.08100	0.03909	0.13811	0.11544	0.18570	0.08358	0.01592	0.01748	0.01210	0.00667	0.00596	0.00186	0.00703	0.02048	0.00445	0.00888
60	0.01341	0.02282	0.42563	0.01459	0.02078	0.03667	0.01623	0.11301	0.10462	0.02160	0.01732	0.11478	0.03588	0.00821	0.00609	0.00197	0.00727	0.00673	0.00394	0.00845
61	0.01167	0.06256	0.03309	0.00892	0.01129	0.03120	0.00704	0.02656	0.01381	0.10849	0.10541	0.31907	0.15978	0.01325	0.00669	0.00201	0.00426	0.01148	0.00542	0.05800

[dist]
# distance from previous block
# <min> <max>
42	664

# created by:
# /usr/local/bin/augustus/scripts/msa2prfl.pl /tmp/new_cug2/without_ca_b/kinesin-class-1.fasta
