[name]
unknown

[dist]
# distance from previous block
# <min> <max>
0	599

[block]
# block no. 0 follows, 69 sequences, length 44
# corresponding to MSA columns:
# 1667-1700,1703-1712
name=unknown_A
#
# <colnr> <probs for GDERKNQSTAVLIFYWHMCP>
#	G	D	E	R	K	N	Q	S	T	A	V	L	I	F	Y	W	H	M	C	P
0	0.00585	0.00433	0.00488	0.00483	0.00601	0.00396	0.00362	0.03176	0.03550	0.03724	0.16563	0.16128	0.43740	0.00931	0.00457	0.00134	0.00220	0.03396	0.04266	0.00367
1	0.01012	0.04197	0.22621	0.05974	0.11592	0.05133	0.11751	0.14465	0.03299	0.04911	0.04844	0.01108	0.02832	0.00440	0.00432	0.00123	0.04083	0.00373	0.00250	0.00557
2	0.00971	0.13146	0.09106	0.10760	0.09466	0.10087	0.10090	0.08494	0.04024	0.01211	0.02958	0.02127	0.00728	0.02190	0.04719	0.03517	0.05335	0.00356	0.00220	0.00495
3	0.00836	0.00689	0.03741	0.00785	0.05487	0.03769	0.02611	0.08464	0.12455	0.05725	0.06491	0.15839	0.02737	0.10757	0.10578	0.02028	0.00436	0.03881	0.02244	0.00446
4	0.00967	0.04726	0.12296	0.10553	0.24469	0.15382	0.11945	0.02677	0.02400	0.01191	0.03378	0.04059	0.03360	0.00434	0.00394	0.00120	0.00524	0.00389	0.00215	0.00523
5	0.02738	0.05314	0.13508	0.01752	0.06687	0.05990	0.08318	0.08635	0.09398	0.11689	0.02531	0.06655	0.02114	0.08213	0.01397	0.00153	0.02339	0.01758	0.00289	0.00521
6	0.09503	0.09195	0.35274	0.04409	0.07093	0.00970	0.04670	0.13656	0.00977	0.03242	0.00838	0.05171	0.00684	0.00441	0.00368	0.00122	0.00481	0.02123	0.00233	0.00550
7	0.00845	0.00770	0.05274	0.07920	0.04182	0.06332	0.00636	0.08822	0.12882	0.05210	0.07175	0.15222	0.15212	0.00736	0.00435	0.00135	0.00352	0.07057	0.00337	0.00465
8	0.05941	0.10102	0.09777	0.02170	0.14959	0.01562	0.07081	0.03487	0.02240	0.10793	0.03868	0.11439	0.10162	0.00573	0.00394	0.00123	0.00390	0.01941	0.00284	0.02715
9	0.00935	0.02521	0.19033	0.12715	0.06103	0.10481	0.13496	0.02975	0.02709	0.06568	0.03436	0.06272	0.04301	0.00529	0.01488	0.00134	0.03694	0.01865	0.00241	0.00503
10	0.00601	0.00449	0.00568	0.02435	0.00690	0.00457	0.00442	0.00714	0.01981	0.04381	0.03435	0.27972	0.25252	0.08080	0.03628	0.00187	0.07542	0.10501	0.00334	0.00353
11	0.03647	0.04891	0.06874	0.05786	0.24364	0.19326	0.07831	0.03793	0.02755	0.01196	0.00932	0.01090	0.06195	0.00444	0.00452	0.00120	0.07422	0.00358	0.02011	0.00514
12	0.00934	0.08557	0.32532	0.06059	0.13740	0.02470	0.07085	0.08411	0.03831	0.03399	0.03474	0.02916	0.00750	0.00432	0.00406	0.00123	0.02605	0.01491	0.00226	0.00557
13	0.00854	0.04302	0.11589	0.06430	0.10252	0.02065	0.14135	0.03946	0.01964	0.07438	0.01561	0.05436	0.17867	0.00728	0.06138	0.00161	0.02944	0.00496	0.01206	0.00487
14	0.00533	0.00385	0.00514	0.00553	0.00614	0.00360	0.02173	0.00620	0.00782	0.03098	0.04070	0.55588	0.15294	0.05451	0.05814	0.00193	0.00296	0.02979	0.00349	0.00334
15	0.02658	0.01720	0.02123	0.06452	0.06273	0.00565	0.05429	0.03632	0.04214	0.06793	0.12428	0.13013	0.28365	0.00755	0.00435	0.00130	0.00304	0.01385	0.00337	0.02990
16	0.04498	0.09087	0.17077	0.03056	0.25664	0.07021	0.02040	0.04728	0.03720	0.05129	0.04315	0.04580	0.00812	0.00454	0.00434	0.00121	0.06118	0.00367	0.00233	0.00545
17	0.00843	0.03103	0.40139	0.01348	0.14642	0.03843	0.16306	0.01173	0.00856	0.01210	0.02316	0.07143	0.00752	0.00474	0.01507	0.00133	0.03074	0.00399	0.00198	0.00540
18	0.00836	0.12990	0.68566	0.01054	0.01571	0.02569	0.01310	0.01227	0.00820	0.01183	0.00673	0.00801	0.00498	0.00381	0.00393	0.00120	0.04000	0.00281	0.00167	0.00561
19	0.00990	0.00940	0.05769	0.00875	0.04367	0.09298	0.01943	0.07531	0.34707	0.05075	0.05634	0.07009	0.01214	0.05167	0.02109	0.00153	0.04885	0.01466	0.00332	0.00534
20	0.00845	0.01973	0.08163	0.01025	0.16120	0.03859	0.03082	0.02225	0.00925	0.10404	0.10589	0.15730	0.06754	0.00821	0.04159	0.00158	0.00399	0.11986	0.00316	0.00468
21	0.00736	0.00734	0.04475	0.72125	0.02435	0.00840	0.01032	0.01032	0.04695	0.01042	0.00839	0.06799	0.00694	0.00454	0.00399	0.00132	0.00495	0.00402	0.00197	0.00442
22	0.00767	0.00693	0.01109	0.71915	0.02406	0.00845	0.00998	0.06470	0.00856	0.01102	0.00890	0.06675	0.02726	0.00467	0.00401	0.00132	0.00489	0.00411	0.00206	0.00441
23	0.00848	0.00798	0.04411	0.07527	0.26494	0.03925	0.02728	0.04821	0.08352	0.03179	0.16044	0.05377	0.07283	0.04383	0.02002	0.00144	0.00397	0.00499	0.00290	0.00499
24	0.00555	0.00389	0.00488	0.00558	0.00600	0.02054	0.00380	0.00630	0.00784	0.04617	0.03727	0.77102	0.04308	0.01166	0.00491	0.00155	0.00240	0.01051	0.00367	0.00338
25	0.00845	0.00840	0.01198	0.10139	0.01210	0.01165	0.00883	0.00950	0.00620	0.00950	0.00534	0.00878	0.00515	0.00654	0.01190	0.00167	0.76316	0.00344	0.00172	0.00430
26	0.02562	0.04656	0.10108	0.00981	0.01238	0.63946	0.00813	0.03919	0.01086	0.06223	0.00682	0.00762	0.00537	0.00405	0.00354	0.00105	0.00647	0.00266	0.00221	0.00489
27	0.00884	0.02160	0.24951	0.11155	0.28793	0.00940	0.18569	0.01248	0.05147	0.01248	0.00778	0.00979	0.00598	0.00366	0.00399	0.00124	0.00537	0.00360	0.00195	0.00567
28	0.00555	0.00459	0.00505	0.00565	0.00617	0.06034	0.00393	0.00638	0.00805	0.01028	0.05651	0.62018	0.10717	0.03047	0.01813	0.00164	0.00276	0.04033	0.00351	0.00331
29	0.00905	0.01017	0.02200	0.01589	0.01965	0.00955	0.76827	0.01226	0.00924	0.01250	0.00880	0.01285	0.00707	0.00381	0.00468	0.00135	0.00641	0.05918	0.00209	0.00517
30	0.02898	0.21512	0.52742	0.00984	0.01456	0.04456	0.02606	0.01294	0.06392	0.01195	0.00721	0.00819	0.00546	0.00375	0.00344	0.00115	0.00524	0.00281	0.00186	0.00555
31	0.00484	0.00348	0.00461	0.00549	0.00578	0.00325	0.00374	0.00558	0.00761	0.01010	0.02210	0.79981	0.04931	0.01215	0.00501	0.00159	0.00233	0.04638	0.00364	0.00321
32	0.00894	0.00854	0.01454	0.29723	0.57052	0.00912	0.01165	0.01137	0.00857	0.01189	0.00724	0.00995	0.00589	0.00363	0.00389	0.00121	0.00484	0.00349	0.00188	0.00560
33	0.88991	0.00758	0.00576	0.00516	0.00758	0.00879	0.00425	0.01152	0.00667	0.01759	0.00546	0.00637	0.00425	0.00364	0.00243	0.00121	0.00303	0.00212	0.00243	0.00425
34	0.01448	0.01837	0.01127	0.01057	0.03967	0.81855	0.00772	0.01553	0.01104	0.00970	0.00610	0.00716	0.00509	0.00402	0.00355	0.00102	0.00699	0.00256	0.00202	0.00460
35	0.00483	0.00397	0.00418	0.00428	0.00544	0.00342	0.00320	0.00579	0.00866	0.01044	0.03574	0.07643	0.68747	0.06731	0.00573	0.00154	0.00223	0.06255	0.00355	0.00326
36	0.00740	0.00697	0.01176	0.85280	0.02700	0.00871	0.01089	0.01002	0.00784	0.01002	0.00697	0.01045	0.00523	0.00392	0.00392	0.00131	0.00523	0.00348	0.00174	0.00436
37	0.00555	0.00401	0.00524	0.00493	0.00586	0.00370	0.00370	0.00740	0.01110	0.01572	0.83570	0.02928	0.03699	0.00801	0.00462	0.00123	0.00185	0.00709	0.00432	0.00370
38	0.00567	0.00392	0.00489	0.00489	0.00510	0.00413	0.00314	0.00609	0.00588	0.00805	0.01180	0.02257	0.01291	0.61164	0.26871	0.00455	0.00582	0.00525	0.00229	0.00271
39	0.00729	0.00379	0.00388	0.00389	0.00480	0.00380	0.00290	0.02550	0.00838	0.01451	0.01332	0.07166	0.01105	0.00509	0.00292	0.00096	0.00191	0.00416	0.80653	0.00368
40	0.00740	0.00697	0.01176	0.85280	0.02700	0.00871	0.01089	0.01002	0.00784	0.01002	0.00697	0.01045	0.00523	0.00392	0.00392	0.00131	0.00523	0.00348	0.00174	0.00436
41	0.00521	0.00398	0.00459	0.00455	0.00565	0.00349	0.00339	0.00649	0.00960	0.02598	0.31814	0.11236	0.45217	0.00941	0.00467	0.00132	0.00201	0.01960	0.00390	0.00349
42	0.00775	0.00732	0.01239	0.72727	0.14981	0.00880	0.01106	0.01032	0.00800	0.01044	0.00703	0.01034	0.00538	0.00385	0.00391	0.00128	0.00514	0.00349	0.00177	0.00464
43	0.00883	0.00752	0.00831	0.00606	0.00946	0.04598	0.00483	0.01053	0.00840	0.04671	0.00727	0.00829	0.00593	0.00304	0.00298	0.00063	0.00312	0.00240	0.00241	0.80728

[dist]
# distance from previous block
# <min> <max>
31	71

[block]
# block no. 1 follows, 69 sequences, length 53
# corresponding to MSA columns:
# 1954-1967,2059-2068,2072-2078,2081-2083,2088-2106
name=unknown_B
#
# <colnr> <probs for GDERKNQSTAVLIFYWHMCP>
#	G	D	E	R	K	N	Q	S	T	A	V	L	I	F	Y	W	H	M	C	P
0	0.00741	0.00669	0.00972	0.00889	0.03971	0.02951	0.08280	0.04101	0.02115	0.01065	0.03551	0.07337	0.03101	0.04484	0.32946	0.00341	0.21374	0.00469	0.00232	0.00410
1	0.01042	0.04520	0.08704	0.11767	0.20214	0.09038	0.03429	0.14143	0.08333	0.03717	0.02752	0.01133	0.04218	0.00444	0.00409	0.00119	0.02710	0.00367	0.00259	0.02681
2	0.00570	0.00382	0.00436	0.00436	0.00439	0.00385	0.00248	0.00576	0.00573	0.00766	0.01227	0.02522	0.01406	0.82704	0.05488	0.00391	0.00408	0.00564	0.00236	0.00242
3	0.03449	0.01039	0.10454	0.02804	0.21764	0.02227	0.15192	0.14249	0.05564	0.03224	0.02911	0.04484	0.00801	0.01485	0.01565	0.00137	0.07434	0.00407	0.00254	0.00556
4	0.00568	0.00381	0.00436	0.00437	0.00440	0.00383	0.00249	0.00574	0.00576	0.00770	0.01245	0.04064	0.01430	0.81597	0.05005	0.00385	0.00402	0.00575	0.00239	0.00243
5	0.01048	0.86458	0.02054	0.00671	0.01006	0.01551	0.00671	0.01174	0.00797	0.00922	0.00545	0.00629	0.00503	0.00335	0.00252	0.00084	0.00419	0.00210	0.00168	0.00503
6	0.00914	0.00876	0.01492	0.19555	0.62069	0.00920	0.02524	0.01149	0.00863	0.01212	0.00743	0.01034	0.00621	0.00378	0.00417	0.00122	0.02819	0.01527	0.00192	0.00572
7	0.00510	0.00397	0.00452	0.00440	0.00552	0.00348	0.00329	0.00648	0.00982	0.01289	0.38020	0.04980	0.45445	0.00901	0.00458	0.00128	0.00193	0.00770	0.02809	0.00348
8	0.00570	0.00380	0.00428	0.00428	0.00428	0.00380	0.00238	0.00570	0.00570	0.00760	0.01235	0.02566	0.01425	0.86222	0.01995	0.00380	0.00380	0.00570	0.00238	0.00238
9	0.16587	0.23877	0.06737	0.00850	0.03828	0.06518	0.03666	0.21954	0.06099	0.01570	0.00746	0.00814	0.00584	0.00392	0.00323	0.00107	0.00429	0.00284	0.00259	0.04377
10	0.00857	0.00811	0.05390	0.03079	0.01280	0.00692	0.21519	0.02317	0.05507	0.05073	0.02117	0.01703	0.01012	0.00548	0.02039	0.00126	0.00438	0.16439	0.00270	0.28782
11	0.02004	0.19035	0.08767	0.05452	0.04067	0.08428	0.10417	0.09866	0.10185	0.03945	0.01914	0.02505	0.00776	0.06157	0.02561	0.00146	0.02647	0.00364	0.00249	0.00516
12	0.01157	0.10767	0.12916	0.00918	0.02829	0.05967	0.05699	0.21779	0.08419	0.09898	0.00985	0.01042	0.01808	0.00455	0.00434	0.00118	0.06696	0.00347	0.07202	0.00564
13	0.05853	0.07267	0.02675	0.00863	0.02209	0.05816	0.03175	0.25564	0.36673	0.01766	0.02122	0.02393	0.00919	0.00485	0.00379	0.00122	0.00391	0.00386	0.00347	0.00595
14	0.01464	0.01868	0.01111	0.01010	0.01212	0.84648	0.00757	0.01565	0.01111	0.00959	0.00606	0.00707	0.00505	0.00404	0.00353	0.00101	0.00707	0.00252	0.00202	0.00454
15	0.05657	0.11897	0.15330	0.03835	0.04594	0.03855	0.10200	0.12065	0.08103	0.09364	0.04148	0.02748	0.00827	0.00535	0.03693	0.00138	0.00477	0.00367	0.00274	0.01893
16	0.00935	0.34277	0.30323	0.00919	0.03293	0.02006	0.04545	0.05160	0.00879	0.03095	0.02344	0.04074	0.00724	0.00510	0.03271	0.00128	0.00497	0.02288	0.00206	0.00527
17	0.00501	0.00399	0.00449	0.00437	0.00553	0.00347	0.00327	0.00635	0.00982	0.01270	0.36667	0.03426	0.50791	0.00914	0.00463	0.00129	0.00193	0.00779	0.00392	0.00347
18	0.00570	0.00381	0.00433	0.00433	0.00435	0.00383	0.00245	0.00574	0.00572	0.00764	0.01230	0.02537	0.01413	0.83915	0.04286	0.00387	0.00399	0.00566	0.00237	0.00241
19	0.03867	0.13339	0.32392	0.04702	0.15786	0.02334	0.03082	0.02245	0.00838	0.01207	0.02092	0.04711	0.00689	0.00436	0.00398	0.02295	0.01645	0.00337	0.02092	0.05514
20	0.00794	0.04387	0.81896	0.01105	0.01677	0.00928	0.01427	0.01240	0.00827	0.01233	0.00699	0.00822	0.00497	0.00371	0.00369	0.00123	0.00575	0.00287	0.00166	0.00577
21	0.00500	0.00392	0.00452	0.00453	0.00555	0.00349	0.00333	0.00622	0.00929	0.01203	0.28757	0.12576	0.44529	0.03017	0.03429	0.00156	0.00231	0.00802	0.00377	0.00340
22	0.28174	0.00966	0.02384	0.02928	0.05007	0.01051	0.00676	0.46320	0.01355	0.05123	0.00828	0.00872	0.00600	0.00429	0.00344	0.00119	0.00392	0.00310	0.01543	0.00579
23	0.00932	0.01103	0.05063	0.01585	0.01981	0.03313	0.74942	0.01256	0.00924	0.01248	0.00782	0.01033	0.00589	0.00333	0.00452	0.00129	0.00649	0.00444	0.00198	0.03044
24	0.00481	0.00344	0.00459	0.00550	0.00575	0.00322	0.00370	0.00552	0.00754	0.01005	0.02159	0.83969	0.02585	0.01225	0.00501	0.00160	0.00231	0.03075	0.00364	0.00319
25	0.00516	0.00399	0.00471	0.00453	0.00562	0.00354	0.00340	0.00665	0.01019	0.01357	0.50142	0.03283	0.37262	0.00882	0.00463	0.00127	0.00191	0.00759	0.00403	0.00354
26	0.00920	0.01036	0.02195	0.01615	0.03989	0.01009	0.73005	0.01226	0.00895	0.01228	0.00767	0.01037	0.00588	0.00363	0.00535	0.00135	0.08287	0.00449	0.00196	0.00522
27	0.01357	0.00976	0.01041	0.00815	0.01091	0.01075	0.00668	0.67569	0.03701	0.02290	0.01011	0.01037	0.00733	0.00470	0.00374	0.00114	0.00389	0.00357	0.14314	0.00618
28	0.01525	0.00904	0.01031	0.00797	0.01091	0.00944	0.00656	0.50076	0.01533	0.29372	0.01165	0.01108	0.00791	0.00474	0.00385	0.00117	0.00382	0.00367	0.06637	0.00646
29	0.00476	0.00349	0.00446	0.00524	0.00563	0.00320	0.00354	0.00548	0.00772	0.01009	0.02427	0.73881	0.14507	0.01194	0.00495	0.00155	0.00223	0.01072	0.00364	0.00320
30	0.01026	0.76170	0.06341	0.00702	0.01036	0.03777	0.00707	0.01169	0.00800	0.00940	0.00575	0.00678	0.00522	0.00444	0.03648	0.00108	0.00461	0.00224	0.00170	0.00500
31	0.88991	0.00758	0.00576	0.00516	0.00758	0.00879	0.00425	0.01152	0.00667	0.01759	0.00546	0.00637	0.00425	0.00364	0.00243	0.00121	0.00303	0.00212	0.00243	0.00425
32	0.00684	0.00522	0.00719	0.00687	0.01978	0.00590	0.02406	0.03708	0.09104	0.02604	0.01114	0.01637	0.01036	0.16392	0.51625	0.00475	0.03645	0.00442	0.00244	0.00387
33	0.01447	0.01835	0.01128	0.01060	0.04141	0.81678	0.00773	0.01553	0.01103	0.00971	0.00611	0.00716	0.00509	0.00402	0.00355	0.00102	0.00698	0.00256	0.00202	0.00460
34	0.00555	0.00401	0.00524	0.00493	0.00586	0.00370	0.00370	0.00740	0.01110	0.01572	0.83570	0.02928	0.03699	0.00801	0.00462	0.00123	0.00185	0.00709	0.00432	0.00370
35	0.00757	0.00404	0.00408	0.00398	0.00500	0.00413	0.00301	0.02447	0.05216	0.01489	0.01290	0.01452	0.01009	0.00461	0.00283	0.00094	0.00194	0.00369	0.82129	0.00384
36	0.00489	0.00398	0.00432	0.00424	0.00545	0.00342	0.00318	0.00612	0.00954	0.01202	0.26100	0.03538	0.61401	0.00940	0.00463	0.00130	0.00195	0.00794	0.00383	0.00342
37	0.00567	0.00379	0.00429	0.00432	0.00433	0.00378	0.00242	0.00569	0.00577	0.00769	0.01269	0.05629	0.01468	0.83100	0.01940	0.00372	0.00374	0.00590	0.00242	0.00241
38	0.01668	0.00676	0.00896	0.00699	0.00991	0.00607	0.00574	0.01904	0.08315	0.75033	0.01545	0.01348	0.00991	0.00489	0.00392	0.00122	0.00328	0.00398	0.02368	0.00657
39	0.00560	0.00420	0.00630	0.00630	0.00700	0.00490	0.00490	0.00700	0.00630	0.00910	0.01050	0.01540	0.00980	0.02940	0.84669	0.00630	0.01050	0.00420	0.00210	0.00350
40	0.88991	0.00758	0.00576	0.00516	0.00758	0.00879	0.00425	0.01152	0.00667	0.01759	0.00546	0.00637	0.00425	0.00364	0.00243	0.00121	0.00303	0.00212	0.00243	0.00425
41	0.00925	0.01058	0.02313	0.01652	0.02049	0.00991	0.82353	0.01256	0.00925	0.01256	0.00793	0.01058	0.00595	0.00330	0.00463	0.00132	0.00661	0.00463	0.00198	0.00529
42	0.00975	0.00842	0.00886	0.00798	0.01019	0.00975	0.00621	0.02083	0.83069	0.01640	0.01596	0.01463	0.01197	0.00532	0.00399	0.00133	0.00310	0.00443	0.00399	0.00621
43	0.88991	0.00758	0.00576	0.00516	0.00758	0.00879	0.00425	0.01152	0.00667	0.01759	0.00546	0.00637	0.00425	0.00364	0.00243	0.00121	0.00303	0.00212	0.00243	0.00425
44	0.01490	0.01098	0.01177	0.00902	0.01216	0.01216	0.00745	0.82470	0.01843	0.02471	0.00941	0.00941	0.00667	0.00471	0.00392	0.00118	0.00431	0.00353	0.00392	0.00667
45	0.88991	0.00758	0.00576	0.00516	0.00758	0.00879	0.00425	0.01152	0.00667	0.01759	0.00546	0.00637	0.00425	0.00364	0.00243	0.00121	0.00303	0.00212	0.00243	0.00425
46	0.00970	0.00931	0.01591	0.02406	0.83777	0.00931	0.01203	0.01203	0.00893	0.01281	0.00737	0.00970	0.00621	0.00349	0.00388	0.00116	0.00466	0.00349	0.00194	0.00621
47	0.01003	0.00856	0.00902	0.00803	0.01030	0.00988	0.00627	0.06360	0.78747	0.01684	0.01561	0.01435	0.01169	0.00529	0.00399	0.00132	0.00317	0.00438	0.00399	0.00623
48	0.00585	0.00408	0.00550	0.00545	0.00576	0.00450	0.00380	0.00634	0.00592	0.00825	0.01074	0.01915	0.01123	0.37659	0.39065	0.09408	0.03234	0.00473	0.00216	0.00287
49	0.00975	0.00842	0.00886	0.00798	0.01019	0.00975	0.00621	0.02083	0.83069	0.01640	0.01596	0.01463	0.01197	0.00532	0.00399	0.00133	0.00310	0.00443	0.00399	0.00621
50	0.00632	0.00451	0.00632	0.00722	0.00812	0.00451	0.00632	0.00812	0.00902	0.01173	0.02076	0.04422	0.02256	0.01083	0.00541	0.00180	0.00361	0.81138	0.00361	0.00361
51	0.01069	0.00750	0.00854	0.00742	0.00930	0.00796	0.00578	0.42698	0.01335	0.06112	0.01500	0.35585	0.01509	0.00796	0.00440	0.00136	0.00341	0.02925	0.00385	0.00517
52	0.02664	0.01369	0.03454	0.02043	0.07590	0.39753	0.00820	0.08028	0.02925	0.05589	0.00698	0.00841	0.00569	0.00480	0.00591	0.00124	0.21433	0.00304	0.00229	0.00497

[dist]
# distance from previous block
# <min> <max>
0	1

[block]
# block no. 2 follows, 69 sequences, length 16
# corresponding to MSA columns:
# 2336-2351
name=unknown_C
#
# <colnr> <probs for GDERKNQSTAVLIFYWHMCP>
#	G	D	E	R	K	N	Q	S	T	A	V	L	I	F	Y	W	H	M	C	P
0	0.15210	0.12001	0.18782	0.02499	0.12346	0.11142	0.03521	0.03448	0.07493	0.02849	0.00871	0.00966	0.03811	0.00412	0.00361	0.00116	0.02002	0.00314	0.00227	0.01626
1	0.04471	0.63365	0.01763	0.00731	0.01033	0.15659	0.00673	0.01297	0.06032	0.01006	0.00622	0.00695	0.00544	0.00361	0.00278	0.00091	0.00457	0.00232	0.00191	0.00499
2	0.82222	0.00784	0.00623	0.00545	0.00794	0.00905	0.00449	0.07443	0.00758	0.01814	0.00576	0.00660	0.00443	0.00372	0.00254	0.00121	0.00313	0.00223	0.00254	0.00443
3	0.00543	0.00413	0.00513	0.00553	0.00653	0.00382	0.00446	0.00683	0.00911	0.01166	0.13593	0.12327	0.32582	0.01027	0.00498	0.00153	0.00264	0.32573	0.00372	0.00347
4	0.00479	0.00401	0.00419	0.00425	0.00553	0.00341	0.00326	0.00587	0.00900	0.01082	0.05981	0.03800	0.75159	0.00995	0.00469	0.00136	0.00211	0.07037	0.00366	0.00334
5	0.00849	0.00712	0.00827	0.00615	0.00943	0.00575	0.00496	0.06052	0.03282	0.01356	0.00816	0.01043	0.00698	0.00353	0.00314	0.00071	0.00304	0.04796	0.00254	0.75644
6	0.00953	0.00786	0.04262	0.17875	0.10840	0.00785	0.06904	0.17441	0.01053	0.08099	0.01245	0.18458	0.01175	0.00635	0.00431	0.00136	0.00421	0.07692	0.00302	0.00504
7	0.01269	0.00903	0.00989	0.00818	0.01083	0.00997	0.00656	0.29435	0.42972	0.14426	0.01365	0.01266	0.00982	0.00504	0.00396	0.00126	0.00355	0.00405	0.00410	0.00643
8	0.00626	0.00425	0.00511	0.00515	0.00625	0.00386	0.00386	0.00771	0.03463	0.08395	0.15657	0.24019	0.33079	0.02317	0.00495	0.00144	0.00235	0.07194	0.00384	0.00373
9	0.01064	0.21518	0.11181	0.04367	0.13749	0.10698	0.08495	0.09479	0.02404	0.03095	0.00742	0.00936	0.00610	0.00419	0.00438	0.00117	0.07774	0.02159	0.00217	0.00537
10	0.00776	0.00743	0.01239	0.01247	0.16726	0.00840	0.14660	0.00939	0.00748	0.01070	0.00998	0.15277	0.01008	0.01008	0.13632	0.00223	0.25760	0.02434	0.00223	0.00450
11	0.00480	0.00390	0.00424	0.00442	0.00549	0.00337	0.00326	0.00580	0.00873	0.01073	0.07401	0.17737	0.60603	0.02788	0.00505	0.00144	0.00214	0.04439	0.00365	0.00330
12	0.00567	0.00383	0.00437	0.00436	0.00445	0.00381	0.00252	0.00583	0.00609	0.00816	0.05921	0.02587	0.03314	0.77538	0.03904	0.00366	0.00382	0.00580	0.00251	0.00250
13	0.01132	0.22868	0.10852	0.01012	0.02326	0.18571	0.13186	0.10427	0.04492	0.03813	0.00767	0.02597	0.00624	0.00420	0.00410	0.00113	0.05310	0.00326	0.00229	0.00527
14	0.00866	0.15483	0.03772	0.05282	0.05919	0.04129	0.03718	0.05166	0.09515	0.01106	0.07228	0.01269	0.00957	0.05544	0.00801	0.26361	0.00395	0.00372	0.01716	0.00403
15	0.00800	0.00570	0.00652	0.05802	0.00856	0.00569	0.00476	0.06566	0.15358	0.10543	0.06332	0.04870	0.39348	0.00767	0.00432	0.00130	0.00272	0.02242	0.02966	0.00451

[dist]
# distance from previous block
# <min> <max>
0	9

[block]
# block no. 3 follows, 69 sequences, length 7
# corresponding to MSA columns:
# 2570-2576
name=unknown_D
#
# <colnr> <probs for GDERKNQSTAVLIFYWHMCP>
#	G	D	E	R	K	N	Q	S	T	A	V	L	I	F	Y	W	H	M	C	P
0	0.57030	0.12744	0.04228	0.00689	0.00961	0.11939	0.05163	0.01219	0.00764	0.01491	0.00574	0.00676	0.00458	0.00364	0.00276	0.00114	0.00403	0.00234	0.00221	0.00451
1	0.00758	0.00511	0.00710	0.00827	0.13028	0.04752	0.00499	0.00678	0.00605	0.00797	0.00705	0.01152	0.00679	0.01245	0.05693	0.66165	0.00415	0.00342	0.00178	0.00262
2	0.00996	0.21649	0.17290	0.05406	0.11914	0.08695	0.05039	0.07600	0.04806	0.01230	0.02950	0.00963	0.02234	0.00425	0.00428	0.00116	0.07189	0.00324	0.00215	0.00532
3	0.00552	0.00409	0.00564	0.00564	0.00627	0.00451	0.00418	0.00659	0.00647	0.00896	0.01404	0.01989	0.10030	0.19516	0.58874	0.00526	0.00823	0.00494	0.00232	0.00325
4	0.03243	0.06938	0.17116	0.10427	0.18913	0.05015	0.07190	0.09171	0.06588	0.03092	0.02875	0.01062	0.00721	0.00425	0.00420	0.00123	0.04004	0.01892	0.00234	0.00551
5	0.00504	0.00387	0.00451	0.00467	0.00555	0.00347	0.00338	0.00612	0.00888	0.01147	0.21800	0.20455	0.37976	0.08049	0.00601	0.00158	0.00223	0.04342	0.00369	0.00331
6	0.00892	0.07612	0.13382	0.04916	0.08403	0.05548	0.03068	0.11732	0.03991	0.01240	0.02550	0.01356	0.00875	0.18007	0.09423	0.00224	0.03541	0.00391	0.02382	0.00468

[dist]
# distance from previous block
# <min> <max>
0	230

# created by:
# /usr/local/bin/augustus/scripts/msa2prfl.pl /tmp/new_cug/without_ca_b/kinesin-class-14.fasta
