[name]
unknown

[dist]
# distance from previous block
# <min> <max>
0	633

[block]
# block no. 0 follows, 67 sequences, length 35
# corresponding to MSA columns:
# 4371-4375,4379-4385,4404-4426
name=unknown_A
#
# <colnr> <probs for GDERKNQSTAVLIFYWHMCP>
#	G	D	E	R	K	N	Q	S	T	A	V	L	I	F	Y	W	H	M	C	P
0	0.01014	0.05000	0.04003	0.06486	0.43003	0.06331	0.07017	0.04537	0.05640	0.01280	0.00768	0.00979	0.00633	0.00421	0.00510	0.00127	0.11104	0.00356	0.00214	0.00577
1	0.00877	0.00877	0.01228	0.01053	0.01053	0.01228	0.00877	0.00965	0.00614	0.00965	0.00526	0.00877	0.00526	0.00702	0.01316	0.00175	0.85172	0.00351	0.00175	0.00439
2	0.00573	0.00430	0.00645	0.00645	0.00716	0.00501	0.00501	0.00716	0.00645	0.00931	0.01074	0.01576	0.01003	0.03008	0.84316	0.00645	0.01074	0.00430	0.00215	0.00358
3	0.01799	0.00683	0.00931	0.00714	0.01024	0.00589	0.00589	0.01954	0.01148	0.83682	0.01582	0.01365	0.00993	0.00496	0.00403	0.00124	0.00341	0.00403	0.00496	0.00683
4	0.79730	0.00766	0.00625	0.00547	0.00801	0.00868	0.00450	0.01259	0.00731	0.10284	0.00665	0.00725	0.00492	0.00385	0.00264	0.00124	0.00313	0.00236	0.00274	0.00460
5	0.01028	0.44033	0.15544	0.01071	0.14110	0.06277	0.00898	0.03620	0.04418	0.01139	0.00742	0.04108	0.00652	0.00404	0.00327	0.00105	0.00469	0.00304	0.00202	0.00546
6	0.00568	0.00410	0.00536	0.00505	0.00599	0.00378	0.00378	0.00757	0.01135	0.01608	0.83192	0.02996	0.03784	0.00820	0.00473	0.00126	0.00189	0.00725	0.00441	0.00378
7	0.00860	0.08525	0.70380	0.01107	0.02729	0.02413	0.01360	0.02840	0.03847	0.01279	0.00744	0.00857	0.00540	0.00386	0.00373	0.00123	0.00568	0.00297	0.00184	0.00588
8	0.00573	0.00430	0.00645	0.00645	0.00716	0.00501	0.00501	0.00716	0.00645	0.00931	0.01074	0.01576	0.01003	0.03008	0.84316	0.00645	0.01074	0.00430	0.00215	0.00358
9	0.01323	0.12733	0.01246	0.00924	0.01162	0.38672	0.02043	0.18945	0.09433	0.01376	0.00819	0.00945	0.00670	0.04531	0.00476	0.00125	0.03471	0.00317	0.00265	0.00525
10	0.00658	0.00514	0.00597	0.00552	0.00687	0.00508	0.00421	0.04318	0.14654	0.01543	0.48994	0.02851	0.20551	0.00803	0.00459	0.00130	0.00224	0.00691	0.00419	0.00425
11	0.00940	0.38082	0.34411	0.00898	0.02671	0.02724	0.00986	0.01279	0.06760	0.01158	0.00772	0.02690	0.00634	0.00399	0.00328	0.00109	0.00478	0.00294	0.03841	0.00546
12	0.54671	0.12673	0.02133	0.00717	0.02513	0.15315	0.02327	0.03414	0.00823	0.01534	0.00591	0.00689	0.00475	0.00377	0.00283	0.00115	0.00416	0.00237	0.00232	0.00465
13	0.00790	0.00418	0.00591	0.00587	0.00596	0.00405	0.00391	0.00595	0.00586	0.00790	0.00788	0.01340	0.00781	0.01440	0.01590	0.87122	0.00380	0.00378	0.00206	0.00226
14	0.00491	0.00355	0.00466	0.00554	0.00585	0.00329	0.00374	0.00565	0.00780	0.01031	0.02315	0.79215	0.07277	0.01239	0.00511	0.00162	0.00234	0.02818	0.00372	0.00327
15	0.04318	0.16063	0.14627	0.01057	0.01411	0.04282	0.17965	0.23162	0.02934	0.03078	0.00839	0.03399	0.00664	0.00438	0.00422	0.00122	0.04022	0.00365	0.00261	0.00570
16	0.00993	0.00953	0.01628	0.02462	0.83404	0.00953	0.01231	0.01231	0.00913	0.01310	0.00754	0.00993	0.00635	0.00357	0.00397	0.00119	0.00476	0.00357	0.00199	0.00635
17	0.01498	0.01911	0.01137	0.01033	0.01240	0.84295	0.00775	0.01601	0.01137	0.00982	0.00620	0.00723	0.00517	0.00413	0.00362	0.00103	0.00723	0.00258	0.00207	0.00465
18	0.01005	0.00939	0.01453	0.12245	0.58482	0.03878	0.01111	0.01347	0.10686	0.03635	0.00873	0.01063	0.00699	0.00391	0.00398	0.00122	0.00469	0.00367	0.00230	0.00607
19	0.01061	0.82660	0.05491	0.00705	0.01059	0.01560	0.00719	0.01204	0.00816	0.00957	0.00564	0.00652	0.00514	0.00345	0.00262	0.00087	0.00436	0.00218	0.00171	0.00518
20	0.00825	0.00706	0.00825	0.00592	0.00942	0.00531	0.00473	0.01004	0.00839	0.01314	0.02648	0.00882	0.00669	0.00309	0.00301	0.00061	0.00294	0.00249	0.00242	0.86293
21	0.00510	0.00370	0.00483	0.00545	0.00593	0.00343	0.00380	0.00610	0.00857	0.01152	0.18493	0.60277	0.08374	0.01147	0.00503	0.00155	0.00228	0.04258	0.00386	0.00339
22	0.01557	0.01565	0.01217	0.01036	0.01292	0.43347	0.00803	0.35114	0.04791	0.01741	0.00894	0.00985	0.00702	0.00514	0.00442	0.00130	0.02593	0.00342	0.00326	0.00609
23	0.00977	0.33021	0.42935	0.00934	0.01388	0.03779	0.01082	0.04093	0.00885	0.03950	0.00704	0.00810	0.00547	0.00451	0.02754	0.00126	0.00536	0.00275	0.00192	0.00559
24	0.01371	0.01473	0.01094	0.00959	0.01160	0.49940	0.00743	0.08473	0.07718	0.07504	0.00812	0.00900	0.00642	0.00507	0.01739	0.00125	0.10633	0.00309	0.01519	0.02379
25	0.00510	0.00384	0.00474	0.00520	0.00592	0.00349	0.00375	0.00617	0.00882	0.01150	0.15918	0.42379	0.25952	0.01105	0.00498	0.00151	0.00228	0.07193	0.00383	0.00341
26	0.00562	0.00426	0.00572	0.00580	0.00663	0.00400	0.03761	0.01659	0.02834	0.01233	0.20918	0.44244	0.13312	0.01025	0.00484	0.00146	0.00243	0.02641	0.03934	0.00363
27	0.01143	0.08268	0.23277	0.01194	0.08452	0.11329	0.11353	0.17900	0.05392	0.04628	0.00835	0.00936	0.00625	0.00415	0.00410	0.00121	0.02540	0.00340	0.00253	0.00588
28	0.00518	0.00380	0.00490	0.00544	0.00603	0.00351	0.00390	0.00628	0.00879	0.01173	0.19875	0.50250	0.12970	0.01119	0.00503	0.00153	0.00232	0.08213	0.00387	0.00343
29	0.00505	0.00362	0.00477	0.00561	0.00593	0.00340	0.00385	0.00584	0.00783	0.01040	0.03746	0.72292	0.05030	0.04656	0.00575	0.00172	0.00247	0.06956	0.00368	0.00327
30	0.03155	0.00921	0.01024	0.02430	0.03556	0.02973	0.00670	0.41315	0.06752	0.09405	0.02544	0.06000	0.02212	0.00589	0.02922	0.00132	0.00411	0.00410	0.00363	0.12215
31	0.11196	0.05599	0.08200	0.00974	0.03773	0.12546	0.03023	0.24082	0.09420	0.03772	0.02595	0.03188	0.02683	0.01764	0.01423	0.00148	0.03086	0.00398	0.00331	0.01799
32	0.01455	0.01118	0.03686	0.00913	0.01225	0.01202	0.00770	0.74223	0.01778	0.02405	0.00955	0.00976	0.00685	0.00485	0.00424	0.00121	0.02991	0.00359	0.03569	0.00661
33	0.01186	0.01175	0.11057	0.02182	0.15907	0.06036	0.08501	0.27930	0.14877	0.04267	0.01009	0.02331	0.00764	0.00452	0.00405	0.00125	0.00478	0.00386	0.00309	0.00621
34	0.01303	0.15693	0.04677	0.01028	0.04858	0.55770	0.03226	0.01436	0.01033	0.01016	0.02460	0.00865	0.00634	0.03865	0.00421	0.00115	0.00632	0.00287	0.00205	0.00477

[dist]
# distance from previous block
# <min> <max>
0	1

[block]
# block no. 1 follows, 67 sequences, length 10
# corresponding to MSA columns:
# 4475-4479,4483-4487
name=unknown_B
#
# <colnr> <probs for GDERKNQSTAVLIFYWHMCP>
#	G	D	E	R	K	N	Q	S	T	A	V	L	I	F	Y	W	H	M	C	P
0	0.01118	0.14924	0.11393	0.04043	0.07032	0.11116	0.05448	0.07542	0.04957	0.10551	0.00991	0.01056	0.04200	0.00419	0.00363	0.00107	0.00462	0.00335	0.00264	0.13678
1	0.00721	0.00504	0.00586	0.00569	0.00635	0.02190	0.00395	0.04144	0.02220	0.06950	0.01764	0.22980	0.10075	0.35900	0.01172	0.00248	0.05716	0.02566	0.00314	0.00350
2	0.00585	0.00451	0.00514	0.00502	0.00617	0.00418	0.00373	0.06490	0.01005	0.01303	0.23580	0.15579	0.39320	0.04541	0.00542	0.00148	0.00234	0.03044	0.00387	0.00368
3	0.01158	0.00859	0.01161	0.11861	0.17756	0.03430	0.03832	0.22111	0.02758	0.14245	0.09447	0.07351	0.01162	0.00533	0.00418	0.00126	0.00419	0.00462	0.00336	0.00573
4	0.03377	0.15868	0.16472	0.08476	0.10827	0.03242	0.06314	0.11011	0.09134	0.07117	0.00882	0.00982	0.00667	0.00415	0.00386	0.00120	0.01908	0.00336	0.01892	0.00575
5	0.00601	0.00532	0.06510	0.00599	0.00677	0.00447	0.00456	0.04726	0.00782	0.01055	0.01730	0.44641	0.01986	0.24561	0.04255	0.00241	0.00353	0.05189	0.00317	0.00344
6	0.00569	0.00394	0.00475	0.00489	0.00514	0.00394	0.00313	0.00614	0.00667	0.00895	0.05458	0.11959	0.05104	0.56183	0.09971	0.00356	0.00422	0.04666	0.00276	0.00281
7	0.05817	0.05221	0.05883	0.03966	0.06722	0.16474	0.06188	0.11954	0.02289	0.07704	0.01195	0.01398	0.08459	0.05145	0.01487	0.00142	0.03001	0.02428	0.02321	0.02207
8	0.03265	0.16778	0.11327	0.00868	0.03075	0.19009	0.00756	0.11709	0.04156	0.08724	0.02421	0.10330	0.02672	0.00525	0.00373	0.00116	0.00467	0.00407	0.00282	0.02742
9	0.03305	0.27401	0.17525	0.04134	0.05593	0.05399	0.04508	0.10984	0.03560	0.02625	0.00822	0.05138	0.00705	0.02492	0.00414	0.00120	0.02390	0.00344	0.00232	0.02310

[dist]
# distance from previous block
# <min> <max>
4	30

[block]
# block no. 2 follows, 67 sequences, length 85
# corresponding to MSA columns:
# 4778-4787,4792-4802,4824-4837,4966-4973,4975-4991,4993-4998,5018-5036
name=unknown_C
#
# <colnr> <probs for GDERKNQSTAVLIFYWHMCP>
#	G	D	E	R	K	N	Q	S	T	A	V	L	I	F	Y	W	H	M	C	P
0	0.01013	0.00858	0.01090	0.08337	0.15424	0.05228	0.03914	0.17251	0.13782	0.03689	0.02725	0.05053	0.05534	0.01763	0.00457	0.00139	0.00421	0.12461	0.00324	0.00540
1	0.00666	0.00483	0.00599	0.00649	0.05809	0.00484	0.00402	0.06743	0.00768	0.01034	0.01470	0.20319	0.02709	0.47022	0.03356	0.00289	0.00376	0.04092	0.00286	0.02445
2	0.00855	0.00816	0.01400	0.42123	0.36910	0.00897	0.04634	0.01108	0.00869	0.01179	0.03727	0.01143	0.01796	0.00403	0.00406	0.00127	0.00499	0.00382	0.00200	0.00527
3	0.01021	0.00873	0.00920	0.00821	0.01052	0.01008	0.00640	0.05620	0.79153	0.01715	0.01603	0.01473	0.01201	0.00541	0.00408	0.00135	0.00323	0.00449	0.00408	0.00637
4	0.01053	0.00639	0.00821	0.00694	0.00896	0.00634	0.03478	0.05408	0.18748	0.23892	0.34192	0.04329	0.02175	0.00650	0.00438	0.00129	0.00289	0.00564	0.00437	0.00536
5	0.02919	0.00918	0.01049	0.00815	0.01116	0.00958	0.00670	0.46266	0.04029	0.30781	0.01224	0.02336	0.00844	0.00497	0.00397	0.00122	0.00388	0.00388	0.03624	0.00661
6	0.01116	0.01079	0.01724	0.01334	0.04506	0.07161	0.40888	0.18247	0.07046	0.04032	0.01034	0.01205	0.03670	0.00442	0.00471	0.00131	0.03559	0.01514	0.00276	0.00566
7	0.00847	0.00804	0.01365	0.53485	0.33517	0.00915	0.01158	0.01103	0.00844	0.01134	0.00729	0.01040	0.00573	0.00384	0.00399	0.00128	0.00512	0.00357	0.00186	0.00518
8	0.00869	0.00865	0.01212	0.01042	0.01044	0.01208	0.00867	0.00958	0.00615	0.00964	0.00541	0.00897	0.00540	0.00765	0.03594	0.00188	0.82863	0.00353	0.00177	0.00436
9	0.00941	0.00858	0.01438	0.30793	0.50606	0.00919	0.01153	0.01208	0.02868	0.04218	0.00791	0.01045	0.00628	0.00382	0.00399	0.00125	0.00488	0.00361	0.00207	0.00572
10	0.02181	0.13022	0.65449	0.01104	0.03839	0.01033	0.01323	0.02341	0.00847	0.01242	0.00693	0.00824	0.00514	0.00388	0.00398	0.00123	0.03639	0.00289	0.00175	0.00577
11	0.00943	0.01098	0.03959	0.01669	0.02072	0.01016	0.79008	0.01279	0.00939	0.01279	0.00805	0.01074	0.00605	0.00345	0.00485	0.00136	0.02078	0.00468	0.00202	0.00540
12	0.00558	0.00461	0.00755	0.00731	0.00813	0.00431	0.12813	0.00669	0.00795	0.01064	0.01997	0.72748	0.02341	0.01116	0.00506	0.00159	0.00300	0.01038	0.00346	0.00359
13	0.06486	0.01083	0.01046	0.01065	0.13788	0.20546	0.00730	0.18822	0.06434	0.05056	0.02386	0.01430	0.12287	0.00599	0.02443	0.00135	0.03453	0.01373	0.00303	0.00533
14	0.05023	0.17902	0.03955	0.00796	0.01061	0.05628	0.00677	0.26173	0.15673	0.04819	0.02977	0.05948	0.00945	0.03593	0.01468	0.00135	0.01943	0.00398	0.00323	0.00563
15	0.00489	0.00349	0.00465	0.00558	0.00582	0.00326	0.00372	0.00558	0.00768	0.01024	0.02210	0.85644	0.02653	0.01256	0.00512	0.00163	0.00233	0.01140	0.00372	0.00326
16	0.00569	0.00414	0.00552	0.00632	0.00705	0.00398	0.00505	0.00703	0.00871	0.01132	0.03954	0.33265	0.11698	0.01145	0.00528	0.00170	0.00298	0.41738	0.00372	0.00350
17	0.01181	0.27946	0.12930	0.01046	0.08204	0.18006	0.04054	0.10208	0.07251	0.04442	0.00784	0.00862	0.00619	0.00400	0.00349	0.00109	0.00514	0.00298	0.00237	0.00560
18	0.00935	0.03431	0.05018	0.07434	0.01950	0.05761	0.60729	0.01236	0.00931	0.01222	0.00933	0.02818	0.03821	0.00397	0.00463	0.00133	0.01595	0.00465	0.00209	0.00518
19	0.00489	0.00349	0.00465	0.00558	0.00582	0.00326	0.00372	0.00558	0.00768	0.01024	0.02210	0.85644	0.02653	0.01256	0.00512	0.00163	0.00233	0.01140	0.00372	0.00326
20	0.10541	0.01266	0.16250	0.02306	0.01313	0.08058	0.03866	0.37425	0.01350	0.10919	0.00898	0.00938	0.00637	0.00445	0.00397	0.00123	0.02005	0.00334	0.00322	0.00608
21	0.01303	0.06197	0.01231	0.04058	0.02819	0.14009	0.06761	0.31101	0.06765	0.10288	0.01084	0.05014	0.02515	0.00507	0.00427	0.00122	0.03239	0.00401	0.01578	0.00579
22	0.01036	0.00860	0.00913	0.00814	0.01046	0.00987	0.00635	0.03591	0.78231	0.04677	0.01618	0.01482	0.01206	0.00541	0.00408	0.00135	0.00321	0.00450	0.00411	0.00637
23	0.00928	0.08241	0.27818	0.02761	0.01363	0.10284	0.05705	0.01189	0.03042	0.01097	0.00684	0.00922	0.00576	0.02365	0.03193	0.00159	0.28655	0.00329	0.00187	0.00502
24	0.00832	0.00713	0.00832	0.00594	0.00950	0.00535	0.00475	0.01010	0.00832	0.01307	0.00713	0.00832	0.00594	0.00297	0.00297	0.00059	0.00297	0.00238	0.00238	0.88357
25	0.00866	0.00860	0.01206	0.01037	0.01040	0.01200	0.00863	0.00956	0.00615	0.00964	0.00548	0.00904	0.00545	0.00791	0.04520	0.00194	0.81925	0.00354	0.00177	0.00436
26	0.00583	0.00389	0.00437	0.00437	0.00437	0.00389	0.00243	0.00583	0.00583	0.00778	0.01264	0.02624	0.01458	0.85906	0.02041	0.00389	0.00389	0.00583	0.00243	0.00243
27	0.00590	0.00416	0.00534	0.00501	0.00604	0.00380	0.00377	0.00770	0.01115	0.03593	0.73949	0.03034	0.10967	0.00830	0.00471	0.00127	0.00194	0.00728	0.00437	0.00382
28	0.00757	0.00713	0.01203	0.84942	0.02762	0.00891	0.01114	0.01025	0.00802	0.01025	0.00713	0.01069	0.00535	0.00401	0.00401	0.00134	0.00535	0.00356	0.00178	0.00446
29	0.00748	0.00374	0.00374	0.00374	0.00467	0.00374	0.00280	0.00934	0.00841	0.01495	0.01308	0.01495	0.01028	0.00467	0.00280	0.00093	0.00187	0.00374	0.88132	0.00374
30	0.00474	0.00406	0.00406	0.00406	0.00542	0.00339	0.00305	0.00576	0.00914	0.01083	0.04063	0.03860	0.83241	0.01016	0.00474	0.00135	0.00203	0.00846	0.00372	0.00339
31	0.00490	0.00376	0.00439	0.00486	0.00562	0.00334	0.00341	0.00580	0.00842	0.01076	0.05026	0.45970	0.37689	0.01122	0.00489	0.00148	0.00218	0.00983	0.02494	0.00334
32	0.00832	0.00713	0.00832	0.00594	0.00950	0.00535	0.00475	0.01010	0.00832	0.01307	0.00713	0.00832	0.00594	0.00297	0.00297	0.00059	0.00297	0.00238	0.00238	0.88357
33	0.01486	0.01886	0.01131	0.01028	0.01235	0.82283	0.00772	0.01614	0.03107	0.00998	0.00644	0.00742	0.00534	0.00416	0.00363	0.00104	0.00713	0.00263	0.00212	0.00469
34	0.03674	0.03259	0.00994	0.03938	0.01099	0.37943	0.02629	0.04121	0.07161	0.01131	0.01117	0.22746	0.01129	0.00659	0.00472	0.00129	0.06565	0.00518	0.00269	0.00449
35	0.00978	0.03879	0.20771	0.03496	0.23329	0.07458	0.04987	0.09453	0.04120	0.02560	0.08785	0.05160	0.01042	0.00487	0.00406	0.00124	0.00481	0.01663	0.00258	0.00561
36	0.00980	0.00942	0.01598	0.05176	0.77518	0.00961	0.01213	0.01214	0.00898	0.01287	0.00744	0.00991	0.00628	0.00372	0.00433	0.00122	0.03748	0.00357	0.00197	0.00621
37	0.00966	0.00849	0.01388	0.16099	0.40656	0.00879	0.07376	0.08382	0.00988	0.04089	0.01033	0.03043	0.02824	0.00477	0.00418	0.00129	0.00467	0.07008	0.02370	0.00560
38	0.01310	0.00753	0.00956	0.00718	0.01036	0.00665	0.02533	0.10399	0.01084	0.35730	0.02965	0.01125	0.00840	0.00425	0.00391	0.00100	0.02837	0.00340	0.00365	0.35429
39	0.12485	0.01252	0.02537	0.11030	0.23279	0.21709	0.05272	0.04312	0.01037	0.01420	0.00875	0.01173	0.00745	0.00533	0.00520	0.00153	0.07666	0.01935	0.01469	0.00595
40	0.00958	0.11349	0.05605	0.04946	0.22699	0.05385	0.04778	0.05784	0.15308	0.01342	0.02959	0.03080	0.05606	0.00533	0.00406	0.00127	0.00436	0.07877	0.00275	0.00547
41	0.00572	0.00387	0.00443	0.00453	0.00462	0.00383	0.00265	0.00586	0.00620	0.00820	0.01475	0.10201	0.04740	0.73267	0.01813	0.00354	0.00367	0.02273	0.00262	0.00257
42	0.01140	0.72700	0.01948	0.00742	0.01063	0.14790	0.00700	0.01265	0.00866	0.00950	0.00568	0.00656	0.00515	0.00354	0.00274	0.00089	0.00476	0.00221	0.00177	0.00507
43	0.00982	0.05542	0.01502	0.26439	0.43571	0.06897	0.03826	0.04271	0.00929	0.01229	0.00732	0.00979	0.00592	0.00377	0.00391	0.00121	0.00514	0.00346	0.00200	0.00559
44	0.02251	0.02252	0.04851	0.13832	0.32336	0.11093	0.07644	0.04465	0.04543	0.06201	0.02526	0.02541	0.00742	0.00415	0.00397	0.00121	0.00503	0.00374	0.00240	0.02674
45	0.00488	0.00351	0.00463	0.00552	0.00580	0.00326	0.00370	0.00559	0.00774	0.01026	0.02285	0.82364	0.05884	0.01247	0.00510	0.00162	0.00231	0.01128	0.00372	0.00326
46	0.00531	0.00409	0.00485	0.00466	0.00577	0.00363	0.00349	0.00685	0.01048	0.01402	0.52044	0.03336	0.35061	0.00897	0.00473	0.00130	0.00195	0.00773	0.00414	0.00363
47	0.00490	0.00350	0.00467	0.00557	0.00582	0.00327	0.00372	0.00563	0.00775	0.01036	0.03898	0.83921	0.02676	0.01247	0.00511	0.00162	0.00232	0.01131	0.00374	0.00327
48	0.05445	0.42826	0.14036	0.00911	0.04331	0.09741	0.00854	0.02364	0.00833	0.01079	0.00597	0.00737	0.00519	0.00416	0.00460	0.00112	0.13783	0.00260	0.00184	0.00512
49	0.01103	0.01185	0.02441	0.01774	0.02185	0.01097	0.80050	0.01392	0.01046	0.01433	0.00968	0.01295	0.00758	0.00444	0.00540	0.00164	0.00723	0.00522	0.00257	0.00621
50	0.00489	0.00349	0.00465	0.00558	0.00582	0.00326	0.00372	0.00558	0.00768	0.01024	0.02210	0.85644	0.02653	0.01256	0.00512	0.00163	0.00233	0.01140	0.00372	0.00326
51	0.00781	0.00734	0.01219	0.76621	0.07842	0.00899	0.01104	0.01078	0.03788	0.01067	0.00749	0.01080	0.00566	0.00403	0.00401	0.00133	0.00523	0.00360	0.00188	0.00464
52	0.00748	0.00374	0.00374	0.00374	0.00467	0.00374	0.00280	0.00934	0.00841	0.01495	0.01308	0.01495	0.01028	0.00467	0.00280	0.00093	0.00187	0.00374	0.88132	0.00374
53	0.01498	0.01911	0.01137	0.01033	0.01240	0.84295	0.00775	0.01601	0.01137	0.00982	0.00620	0.00723	0.00517	0.00413	0.00362	0.00103	0.00723	0.00258	0.00207	0.00465
54	0.88738	0.00776	0.00589	0.00527	0.00776	0.00900	0.00434	0.01179	0.00683	0.01799	0.00558	0.00651	0.00434	0.00372	0.00248	0.00124	0.00310	0.00217	0.00248	0.00434
55	0.00568	0.00410	0.00536	0.00505	0.00599	0.00378	0.00378	0.00757	0.01135	0.01608	0.83192	0.02996	0.03784	0.00820	0.00473	0.00126	0.00189	0.00725	0.00441	0.00378
56	0.00489	0.00349	0.00465	0.00558	0.00582	0.00326	0.00372	0.00558	0.00768	0.01024	0.02210	0.85644	0.02653	0.01256	0.00512	0.00163	0.00233	0.01140	0.00372	0.00326
57	0.00804	0.02074	0.83828	0.01143	0.01736	0.00931	0.01482	0.01270	0.00847	0.01270	0.00720	0.00847	0.00508	0.00381	0.00381	0.00127	0.00593	0.00296	0.00169	0.00593
58	0.88738	0.00776	0.00589	0.00527	0.00776	0.00900	0.00434	0.01179	0.00683	0.01799	0.00558	0.00651	0.00434	0.00372	0.00248	0.00124	0.00310	0.00217	0.00248	0.00434
59	0.00474	0.00406	0.00406	0.00406	0.00542	0.00339	0.00305	0.00576	0.00914	0.01083	0.04063	0.03860	0.83241	0.01016	0.00474	0.00135	0.00203	0.00846	0.00372	0.00339
60	0.00763	0.00719	0.01213	0.82939	0.04720	0.00893	0.01117	0.01030	0.00805	0.01032	0.00714	0.01067	0.00537	0.00400	0.00401	0.00133	0.00533	0.00356	0.00179	0.00450
61	0.00475	0.00401	0.00412	0.00421	0.00546	0.00337	0.00311	0.00574	0.00900	0.01078	0.03885	0.11696	0.75520	0.01039	0.00478	0.00138	0.00206	0.00875	0.00372	0.00337
62	0.01522	0.00745	0.00926	0.00742	0.01021	0.00725	0.00602	0.09393	0.18853	0.53135	0.06739	0.01460	0.01192	0.00526	0.00409	0.00126	0.00336	0.00431	0.00465	0.00653
63	0.00918	0.00825	0.01305	0.83014	0.02836	0.00977	0.01169	0.01139	0.00905	0.01179	0.00872	0.01282	0.00686	0.00506	0.00469	0.00162	0.00585	0.00408	0.00233	0.00528
64	0.01322	0.05041	0.27882	0.00954	0.03314	0.00944	0.00946	0.23128	0.04354	0.26509	0.01074	0.01054	0.00732	0.00447	0.00389	0.00123	0.00456	0.00350	0.00340	0.00643
65	0.88738	0.00776	0.00589	0.00527	0.00776	0.00900	0.00434	0.01179	0.00683	0.01799	0.00558	0.00651	0.00434	0.00372	0.00248	0.00124	0.00310	0.00217	0.00248	0.00434
66	0.00575	0.00422	0.00604	0.00604	0.00662	0.00479	0.00451	0.00690	0.00633	0.00901	0.01111	0.01780	0.01091	0.19157	0.68288	0.00595	0.00941	0.00460	0.00220	0.00336
67	0.00832	0.00713	0.00832	0.00594	0.00950	0.00535	0.00475	0.01010	0.00832	0.01307	0.00713	0.00832	0.00594	0.00297	0.00297	0.00059	0.00297	0.00238	0.00238	0.88357
68	0.01641	0.01995	0.01240	0.01133	0.01350	0.82367	0.00838	0.01701	0.01232	0.01137	0.00781	0.00945	0.00668	0.00518	0.00431	0.00133	0.00769	0.00312	0.00261	0.00547
69	0.00791	0.00748	0.01264	0.73001	0.14437	0.00900	0.01131	0.01055	0.00818	0.01066	0.00719	0.01058	0.00549	0.00395	0.00400	0.00132	0.00526	0.00357	0.00181	0.00473
70	0.00686	0.00533	0.00593	0.00614	0.00738	0.00466	0.00464	0.00764	0.01015	0.01286	0.08156	0.12181	0.51359	0.01138	0.00561	0.00177	0.00300	0.18112	0.00426	0.00432
71	0.00892	0.05422	0.04819	0.00671	0.00852	0.00660	0.02908	0.03971	0.14713	0.11791	0.04688	0.09940	0.04376	0.24152	0.00864	0.00200	0.00358	0.03431	0.00329	0.04960
72	0.00583	0.00390	0.00445	0.00445	0.00448	0.00393	0.00253	0.00588	0.00586	0.00784	0.01256	0.02584	0.01440	0.82705	0.05217	0.00399	0.00415	0.00577	0.00242	0.00247
73	0.02277	0.22813	0.13368	0.03522	0.26487	0.03345	0.09359	0.04155	0.00918	0.05750	0.00742	0.00897	0.00592	0.00383	0.00400	0.00116	0.03768	0.00322	0.00211	0.00573
74	0.00936	0.22435	0.46036	0.01085	0.04253	0.05886	0.06231	0.02451	0.02435	0.01193	0.00705	0.00835	0.00545	0.00420	0.01674	0.00125	0.01717	0.00294	0.00184	0.00561
75	0.00583	0.00389	0.00437	0.00437	0.00437	0.00389	0.00243	0.00583	0.00583	0.00778	0.01264	0.02624	0.01458	0.85906	0.02041	0.00389	0.00389	0.00583	0.00243	0.00243
76	0.03950	0.00520	0.00664	0.03841	0.02208	0.02239	0.03554	0.00847	0.00741	0.09458	0.02723	0.06330	0.07741	0.38600	0.13624	0.00321	0.00481	0.00553	0.01247	0.00358
77	0.03456	0.04214	0.14721	0.01379	0.07547	0.02026	0.36387	0.14414	0.02621	0.03196	0.00818	0.00989	0.00614	0.00393	0.00456	0.00128	0.04070	0.00390	0.00239	0.01941
78	0.00812	0.00781	0.01201	0.69141	0.02468	0.03719	0.02749	0.01140	0.07743	0.01081	0.00781	0.01085	0.00594	0.00427	0.00447	0.00135	0.04671	0.00364	0.00199	0.00464
79	0.00738	0.00549	0.00760	0.00754	0.00839	0.00597	0.00571	0.00837	0.00752	0.01088	0.01225	0.01776	0.01143	0.03050	0.82357	0.00661	0.01112	0.00480	0.00269	0.00443
80	0.05501	0.01003	0.03809	0.09874	0.22604	0.05536	0.04760	0.24927	0.01183	0.08636	0.00875	0.01041	0.00668	0.00479	0.00469	0.04386	0.02120	0.01267	0.00284	0.00580
81	0.00491	0.00399	0.00425	0.00433	0.00543	0.00344	0.00314	0.00588	0.00892	0.01097	0.09873	0.12751	0.62426	0.06910	0.00587	0.00155	0.00218	0.00851	0.00369	0.00334
82	0.00487	0.00354	0.00460	0.00545	0.00578	0.00327	0.00366	0.00560	0.00781	0.01029	0.02380	0.78170	0.10017	0.01234	0.00508	0.00160	0.00230	0.01113	0.00372	0.00327
83	0.03738	0.00938	0.00923	0.00788	0.00997	0.12902	0.00624	0.29544	0.04980	0.08945	0.05732	0.07366	0.01103	0.00844	0.09764	0.00181	0.02253	0.01908	0.05936	0.00532
84	0.01031	0.24039	0.05714	0.01283	0.27267	0.05538	0.00854	0.04882	0.02203	0.03288	0.02884	0.00919	0.00686	0.00388	0.00361	0.01565	0.00434	0.00301	0.00223	0.16138

[dist]
# distance from previous block
# <min> <max>
4	17

[block]
# block no. 3 follows, 67 sequences, length 18
# corresponding to MSA columns:
# 5154-5171
name=unknown_D
#
# <colnr> <probs for GDERKNQSTAVLIFYWHMCP>
#	G	D	E	R	K	N	Q	S	T	A	V	L	I	F	Y	W	H	M	C	P
0	0.01089	0.03187	0.02307	0.08800	0.15262	0.15154	0.00795	0.15306	0.04036	0.05759	0.04920	0.09328	0.03838	0.00571	0.00440	0.00126	0.03247	0.03195	0.00295	0.02344
1	0.02125	0.17460	0.04041	0.03217	0.02555	0.32359	0.04100	0.12071	0.05775	0.01238	0.00781	0.00987	0.00666	0.07871	0.00530	0.00135	0.03030	0.00320	0.00238	0.00502
2	0.10219	0.00775	0.02595	0.00867	0.08114	0.02481	0.01934	0.16973	0.05282	0.09768	0.02022	0.10692	0.03773	0.06019	0.08032	0.00190	0.00437	0.04330	0.00325	0.05171
3	0.00963	0.00956	0.01732	0.09690	0.60581	0.00959	0.16717	0.01223	0.00910	0.01280	0.00762	0.01017	0.00621	0.00358	0.00412	0.00124	0.00520	0.00380	0.00198	0.00600
4	0.02609	0.02633	0.10017	0.04946	0.19804	0.02794	0.16492	0.03219	0.17295	0.03934	0.01075	0.08465	0.00906	0.00494	0.00449	0.00132	0.03453	0.00454	0.00266	0.00563
5	0.03080	0.01383	0.01027	0.00930	0.02809	0.46947	0.01999	0.03842	0.12937	0.09863	0.05572	0.01225	0.05670	0.00497	0.00387	0.00115	0.00543	0.00369	0.00295	0.00510
6	0.00886	0.00668	0.07808	0.00553	0.00733	0.00595	0.00481	0.13293	0.06443	0.01644	0.01226	0.01358	0.00943	0.00467	0.00316	0.00103	0.00269	0.00370	0.61384	0.00457
7	0.00875	0.09140	0.57795	0.04514	0.01659	0.01008	0.06463	0.03754	0.08618	0.01309	0.00805	0.00918	0.00589	0.00394	0.00380	0.00125	0.00551	0.00320	0.00202	0.00583
8	0.00609	0.00526	0.00557	0.02400	0.00694	0.04994	0.00418	0.02067	0.04149	0.01088	0.03563	0.26261	0.35800	0.07458	0.01898	0.00171	0.03193	0.03453	0.00343	0.00360
9	0.00504	0.00396	0.00458	0.00489	0.00585	0.00350	0.00362	0.00614	0.00900	0.01137	0.12377	0.26491	0.44812	0.01068	0.00491	0.00146	0.00224	0.07874	0.00380	0.00342
10	0.00606	0.00387	0.00503	0.00553	0.00617	0.00353	0.00384	0.00693	0.00836	0.08266	0.06756	0.65103	0.11143	0.01141	0.00496	0.00155	0.00237	0.01022	0.00387	0.00361
11	0.02458	0.04800	0.01353	0.03166	0.22505	0.07561	0.04173	0.35879	0.05400	0.07386	0.00923	0.00995	0.00688	0.00433	0.00392	0.00119	0.00469	0.00356	0.00315	0.00629
12	0.08911	0.06790	0.06227	0.00808	0.01038	0.11652	0.00686	0.20318	0.06079	0.06102	0.01162	0.01296	0.07904	0.05793	0.02317	0.00152	0.10232	0.00385	0.01630	0.00516
13	0.00715	0.08017	0.04073	0.00614	0.00759	0.00590	0.00488	0.08096	0.05175	0.03938	0.05533	0.41716	0.16856	0.00948	0.00457	0.00142	0.00284	0.00825	0.00358	0.00417
14	0.06408	0.11638	0.06117	0.04338	0.15724	0.10210	0.08642	0.10498	0.00980	0.03101	0.00825	0.04437	0.00721	0.00488	0.00501	0.00128	0.11291	0.03187	0.00237	0.00530
15	0.00577	0.00476	0.00530	0.00608	0.00650	0.06684	0.00423	0.00658	0.00807	0.01034	0.02084	0.73147	0.02465	0.01182	0.00504	0.00160	0.00280	0.07034	0.00360	0.00340
16	0.01071	0.56880	0.04534	0.00726	0.01033	0.05888	0.00685	0.11255	0.00986	0.01199	0.05300	0.04370	0.03710	0.00452	0.00315	0.00100	0.00423	0.00325	0.00232	0.00514
17	0.01071	0.05514	0.06980	0.00938	0.08788	0.00892	0.01619	0.19687	0.11961	0.05104	0.01875	0.02602	0.00782	0.00424	0.00375	0.00103	0.01515	0.00342	0.00300	0.29129

[dist]
# distance from previous block
# <min> <max>
0	2

[block]
# block no. 4 follows, 67 sequences, length 70
# corresponding to MSA columns:
# 5299-5306,5308-5313,5315-5326,5329-5372
name=unknown_E
#
# <colnr> <probs for GDERKNQSTAVLIFYWHMCP>
#	G	D	E	R	K	N	Q	S	T	A	V	L	I	F	Y	W	H	M	C	P
0	0.02256	0.16358	0.22172	0.00995	0.04327	0.14860	0.02107	0.14621	0.12346	0.04923	0.00877	0.00927	0.00663	0.00422	0.00364	0.00116	0.00506	0.00316	0.00263	0.00581
1	0.00730	0.08640	0.00800	0.00634	0.00772	0.00617	0.03339	0.04373	0.11340	0.03410	0.23773	0.28175	0.06428	0.02377	0.00475	0.00139	0.00278	0.00734	0.02535	0.00429
2	0.00575	0.00420	0.00595	0.00595	0.00649	0.00474	0.00439	0.00684	0.00630	0.00894	0.01120	0.01827	0.01112	0.22862	0.64611	0.00583	0.00910	0.00466	0.00222	0.00331
3	0.00976	0.00943	0.01574	0.11318	0.73379	0.02309	0.01211	0.01215	0.00905	0.01274	0.00748	0.00996	0.00622	0.00363	0.00397	0.00120	0.00487	0.00356	0.00196	0.00612
4	0.00533	0.00408	0.00484	0.00466	0.00572	0.00364	0.00346	0.00683	0.01033	0.01384	0.50848	0.03304	0.33268	0.03905	0.00529	0.00139	0.00201	0.00765	0.00409	0.00359
5	0.88738	0.00776	0.00589	0.00527	0.00776	0.00900	0.00434	0.01179	0.00683	0.01799	0.00558	0.00651	0.00434	0.00372	0.00248	0.00124	0.00310	0.00217	0.00248	0.00434
6	0.00930	0.00924	0.00812	0.00813	0.05073	0.21549	0.00576	0.08281	0.12640	0.01283	0.04510	0.22825	0.16619	0.00771	0.00436	0.00132	0.00391	0.00645	0.00332	0.00456
7	0.01089	0.00941	0.00956	0.00840	0.01078	0.04510	0.00658	0.12853	0.68414	0.01763	0.01500	0.01392	0.01122	0.00530	0.00405	0.00133	0.00351	0.00433	0.00399	0.00634
8	0.00993	0.00953	0.01628	0.02462	0.83404	0.00953	0.01231	0.01231	0.00913	0.01310	0.00754	0.00993	0.00635	0.00357	0.00397	0.00119	0.00476	0.00357	0.00199	0.00635
9	0.00497	0.00373	0.00461	0.00510	0.00574	0.00337	0.00356	0.00594	0.00864	0.01131	0.15405	0.51412	0.23777	0.01125	0.00496	0.00150	0.00218	0.00999	0.00383	0.00337
10	0.00579	0.00387	0.00439	0.00442	0.00443	0.00386	0.00248	0.00582	0.00591	0.00788	0.01303	0.06092	0.01508	0.82370	0.01977	0.00379	0.00382	0.00606	0.00248	0.00246
11	0.00581	0.00388	0.00438	0.00440	0.00441	0.00387	0.00246	0.00583	0.00588	0.00784	0.01287	0.04665	0.01487	0.83825	0.02004	0.00383	0.00385	0.00597	0.00246	0.00245
12	0.00945	0.00905	0.01542	0.19028	0.67207	0.00940	0.01207	0.01189	0.00891	0.01253	0.00746	0.01008	0.00615	0.00366	0.00398	0.00122	0.00488	0.00357	0.00194	0.00597
13	0.01645	0.01238	0.01045	0.00868	0.01137	0.35271	0.00685	0.10402	0.01222	0.40781	0.01118	0.01057	0.00763	0.00460	0.00386	0.00115	0.00510	0.00339	0.00366	0.00592
14	0.85368	0.00780	0.00608	0.00538	0.00789	0.00900	0.00444	0.02694	0.00714	0.03465	0.00587	0.00672	0.00450	0.00377	0.00254	0.00124	0.00313	0.00224	0.00256	0.00444
15	0.00575	0.00441	0.00563	0.00572	0.04055	0.00407	0.00404	0.00768	0.02809	0.01488	0.61535	0.03060	0.20150	0.00836	0.00469	0.00128	0.00207	0.00729	0.00416	0.00386
16	0.00489	0.00349	0.00465	0.00558	0.00582	0.00326	0.00372	0.00558	0.00768	0.01024	0.02210	0.85644	0.02653	0.01256	0.00512	0.00163	0.00233	0.01140	0.00372	0.00326
17	0.18955	0.00701	0.00863	0.00677	0.00975	0.00651	0.00559	0.01801	0.01056	0.67524	0.01380	0.01224	0.00883	0.00472	0.00373	0.00124	0.00335	0.00367	0.00447	0.00634
18	0.01042	0.16543	0.12633	0.02767	0.18731	0.13178	0.06711	0.09461	0.02240	0.01300	0.03269	0.01202	0.08321	0.00454	0.00380	0.00115	0.00496	0.00374	0.00237	0.00543
19	0.00496	0.00355	0.00471	0.00560	0.00588	0.00333	0.00380	0.00570	0.00774	0.01028	0.02229	0.79147	0.04310	0.02793	0.00541	0.00167	0.00240	0.04321	0.00370	0.00326
20	0.00804	0.02074	0.83828	0.01143	0.01736	0.00931	0.01482	0.01270	0.00847	0.01270	0.00720	0.00847	0.00508	0.00381	0.00381	0.00127	0.00593	0.00296	0.00169	0.00593
21	0.00982	0.07867	0.21224	0.04090	0.15456	0.02123	0.03801	0.08975	0.05146	0.08465	0.07734	0.07159	0.04201	0.00522	0.00403	0.00125	0.00440	0.00446	0.00283	0.00558
22	0.00769	0.01981	0.09033	0.10129	0.18765	0.00745	0.17303	0.01003	0.00877	0.01198	0.04540	0.20714	0.03306	0.00661	0.00453	0.00140	0.00451	0.07188	0.00262	0.00481
23	0.00858	0.00815	0.01373	0.42645	0.40826	0.00899	0.01138	0.01105	0.00859	0.01162	0.00862	0.01141	0.03788	0.00404	0.00402	0.00127	0.00494	0.00376	0.00195	0.00531
24	0.00963	0.35565	0.37888	0.00960	0.01407	0.01194	0.06131	0.01322	0.06448	0.03569	0.00748	0.00840	0.00580	0.00378	0.00340	0.00112	0.00506	0.00289	0.00198	0.00564
25	0.02110	0.06949	0.10535	0.06297	0.06844	0.04789	0.08861	0.08606	0.02184	0.10518	0.05429	0.13602	0.04320	0.00595	0.00413	0.00128	0.00422	0.02412	0.04475	0.00511
26	0.00944	0.02351	0.01253	0.13218	0.33787	0.00853	0.04519	0.08285	0.07376	0.04284	0.04145	0.05599	0.07698	0.00512	0.00411	0.00126	0.00418	0.00462	0.03209	0.00550
27	0.00493	0.00371	0.00457	0.00515	0.00576	0.00335	0.00358	0.00582	0.00838	0.01085	0.08577	0.55631	0.25196	0.01156	0.00499	0.00153	0.00223	0.02245	0.00377	0.00334
28	0.01158	0.05812	0.01276	0.11016	0.26162	0.11601	0.00892	0.14876	0.07019	0.07822	0.00957	0.01195	0.00772	0.03330	0.00447	0.00130	0.00474	0.03230	0.01263	0.00571
29	0.03316	0.06645	0.06454	0.06642	0.07964	0.10771	0.07071	0.16058	0.11241	0.10562	0.01041	0.02430	0.01599	0.00559	0.03454	0.00142	0.01719	0.01465	0.00299	0.00569
30	0.00644	0.00498	0.00559	0.00539	0.00674	0.00479	0.00416	0.03755	0.08112	0.04321	0.09565	0.09296	0.47444	0.02232	0.00523	0.00145	0.02939	0.07086	0.00378	0.00396
31	0.00650	0.00469	0.00547	0.00537	0.00634	0.00456	0.00393	0.04337	0.05564	0.03298	0.16670	0.09404	0.21613	0.23137	0.00887	0.00207	0.00292	0.10184	0.00357	0.00364
32	0.04594	0.00799	0.02852	0.00732	0.00949	0.00853	0.00586	0.10967	0.46606	0.01675	0.10981	0.03303	0.12142	0.00630	0.00418	0.00133	0.00307	0.00523	0.00393	0.00558
33	0.04728	0.16858	0.09744	0.10444	0.21936	0.09391	0.03391	0.06227	0.02084	0.01227	0.00787	0.04680	0.00686	0.01989	0.00446	0.03806	0.00487	0.00352	0.00215	0.00522
34	0.00537	0.00377	0.00457	0.00498	0.00524	0.00361	0.00320	0.00586	0.00716	0.00946	0.04689	0.37572	0.08336	0.38238	0.01178	0.00259	0.00302	0.03493	0.00318	0.00294
35	0.01152	0.01352	0.03361	0.01328	0.05382	0.32501	0.34882	0.01432	0.05720	0.02850	0.04285	0.01086	0.01940	0.00413	0.00420	0.00122	0.00628	0.00396	0.00233	0.00516
36	0.01595	0.00876	0.01095	0.04536	0.06315	0.00886	0.00721	0.33795	0.01412	0.42650	0.01246	0.01169	0.00827	0.00478	0.00402	0.00123	0.00398	0.00382	0.00426	0.00669
37	0.00756	0.00619	0.00768	0.09224	0.06124	0.03787	0.01551	0.02224	0.07343	0.06153	0.18899	0.08275	0.26301	0.00769	0.00488	0.00135	0.04104	0.01693	0.00349	0.00436
38	0.00807	0.00513	0.00588	0.00524	0.00695	0.00465	0.00407	0.07710	0.01072	0.15434	0.17577	0.05250	0.45715	0.00853	0.00457	0.00131	0.00245	0.00716	0.00408	0.00433
39	0.00837	0.00794	0.01254	0.67136	0.10082	0.03081	0.02320	0.04118	0.02356	0.01121	0.00738	0.01053	0.00563	0.00409	0.00423	0.00132	0.02556	0.00358	0.00194	0.00477
40	0.82998	0.00792	0.00626	0.00550	0.00803	0.00913	0.00453	0.05347	0.00751	0.03022	0.00594	0.00678	0.00455	0.00380	0.00258	0.00124	0.00317	0.00227	0.00260	0.00451
41	0.02090	0.04499	0.01076	0.02230	0.16675	0.17176	0.04376	0.07653	0.02104	0.01272	0.04860	0.03158	0.03624	0.06198	0.06181	0.02041	0.02579	0.02028	0.09710	0.00471
42	0.02062	0.00621	0.00767	0.00751	0.04271	0.03731	0.05158	0.07430	0.06852	0.07017	0.02176	0.32657	0.19036	0.02193	0.00488	0.00147	0.00319	0.03530	0.00359	0.00437
43	0.00933	0.00635	0.00901	0.03619	0.07844	0.00617	0.06693	0.04817	0.08511	0.16989	0.22451	0.08807	0.14101	0.00694	0.00445	0.00131	0.00319	0.00612	0.00384	0.00499
44	0.00757	0.00713	0.01203	0.84942	0.02762	0.00891	0.01114	0.01025	0.00802	0.01025	0.00713	0.01069	0.00535	0.00401	0.00401	0.00134	0.00535	0.00356	0.00178	0.00446
45	0.06448	0.02980	0.01198	0.17621	0.23723	0.00885	0.03822	0.11942	0.06266	0.07269	0.01091	0.07752	0.02873	0.00495	0.00396	0.00126	0.00422	0.00433	0.03711	0.00547
46	0.01028	0.03246	0.17975	0.05256	0.07114	0.09573	0.01951	0.14371	0.05610	0.06239	0.02169	0.07955	0.03357	0.01797	0.02548	0.00145	0.01741	0.05461	0.00288	0.02177
47	0.00610	0.00464	0.00534	0.00537	0.00642	0.00451	0.00396	0.00844	0.11273	0.02769	0.11984	0.16224	0.29722	0.12286	0.02768	0.00189	0.00283	0.07283	0.00366	0.00376
48	0.02101	0.02249	0.06937	0.05566	0.22470	0.13615	0.10667	0.04931	0.11662	0.04255	0.04960	0.04863	0.02978	0.00480	0.00409	0.00125	0.00488	0.00426	0.00268	0.00552
49	0.04956	0.03543	0.05371	0.04913	0.17933	0.12272	0.11881	0.09258	0.03478	0.05170	0.00958	0.04857	0.01995	0.00625	0.05357	0.00157	0.04655	0.01833	0.00253	0.00535
50	0.00997	0.01118	0.11761	0.06136	0.25311	0.04083	0.22471	0.01292	0.03784	0.06242	0.00808	0.01017	0.00630	0.00422	0.00540	0.00133	0.12090	0.00382	0.00218	0.00565
51	0.00519	0.00424	0.00583	0.00585	0.00676	0.00382	0.06271	0.00621	0.00835	0.01069	0.03982	0.48362	0.30861	0.02225	0.00516	0.00154	0.00256	0.00975	0.00359	0.00346
52	0.01067	0.00992	0.06796	0.14047	0.20506	0.04446	0.16807	0.06726	0.00984	0.12086	0.00934	0.01220	0.00733	0.00508	0.02564	0.00144	0.04530	0.04095	0.00255	0.00559
53	0.00905	0.02147	0.15339	0.13963	0.52134	0.00922	0.02388	0.01181	0.00886	0.01254	0.01941	0.02208	0.02162	0.00398	0.00398	0.00123	0.00494	0.00371	0.00199	0.00585
54	0.00607	0.00462	0.00582	0.00630	0.03575	0.00452	0.00443	0.03776	0.00874	0.03196	0.04746	0.39352	0.26661	0.02172	0.02312	0.00164	0.04641	0.04625	0.00357	0.00372
55	0.00937	0.01013	0.05722	0.18514	0.11523	0.02449	0.41379	0.01245	0.02475	0.04133	0.00814	0.01071	0.00621	0.00437	0.02227	0.00144	0.04140	0.00415	0.00209	0.00532
56	0.01668	0.00881	0.01023	0.00833	0.03372	0.07259	0.00659	0.20122	0.01299	0.54939	0.01334	0.01217	0.00875	0.00530	0.01968	0.00131	0.00411	0.00382	0.00439	0.00658
57	0.02729	0.00836	0.00991	0.00781	0.01067	0.00847	0.00637	0.31917	0.06923	0.39522	0.05434	0.04278	0.01082	0.00535	0.00408	0.00125	0.00365	0.00430	0.00444	0.00648
58	0.00902	0.00943	0.03483	0.24517	0.23818	0.00944	0.31792	0.03181	0.00913	0.01242	0.00821	0.04084	0.00669	0.00398	0.00431	0.00131	0.00561	0.00428	0.00205	0.00537
59	0.00612	0.00461	0.02268	0.00528	0.00646	0.00400	0.00409	0.02143	0.01024	0.05040	0.41377	0.15720	0.22799	0.00917	0.00476	0.00136	0.00226	0.04028	0.00407	0.00383
60	0.00487	0.00388	0.00437	0.00464	0.00560	0.00338	0.00333	0.00586	0.00885	0.01109	0.10292	0.30488	0.50066	0.01077	0.00486	0.00144	0.00212	0.00932	0.00378	0.00338
61	0.25834	0.00771	0.00940	0.00892	0.09457	0.00790	0.03501	0.12393	0.01045	0.26593	0.01205	0.06828	0.01984	0.00535	0.00379	0.00130	0.00365	0.05447	0.00355	0.00556
62	0.03704	0.01059	0.07388	0.14223	0.26687	0.08938	0.05561	0.07611	0.08479	0.02917	0.05429	0.01120	0.00827	0.00439	0.00435	0.00126	0.03874	0.00376	0.00249	0.00558
63	0.01270	0.02666	0.01054	0.00898	0.01136	0.28496	0.02701	0.07249	0.36929	0.09734	0.02939	0.01199	0.00957	0.00489	0.00392	0.00122	0.00470	0.00380	0.00341	0.00577
64	0.00580	0.00397	0.00469	0.00487	0.00509	0.00392	0.00312	0.00620	0.00673	0.00892	0.04447	0.08921	0.04711	0.62542	0.01623	0.00327	0.00361	0.11182	0.00281	0.00274
65	0.00993	0.02072	0.09264	0.22672	0.24885	0.06242	0.09808	0.03082	0.06000	0.02256	0.04421	0.02648	0.02821	0.00483	0.00438	0.00139	0.00526	0.00424	0.00253	0.00573
66	0.00907	0.03868	0.03472	0.03813	0.14301	0.02333	0.06300	0.06500	0.13873	0.06457	0.09599	0.14942	0.05419	0.04206	0.00514	0.00143	0.01948	0.00569	0.00323	0.00510
67	0.00596	0.00451	0.00637	0.00635	0.00704	0.00509	0.00485	0.02737	0.00730	0.01029	0.06316	0.13792	0.03568	0.05345	0.55551	0.00484	0.04341	0.01469	0.00261	0.00362
68	0.01254	0.20221	0.04073	0.02822	0.01237	0.35274	0.05471	0.09274	0.01056	0.04640	0.00751	0.02942	0.00632	0.00545	0.03896	0.00133	0.04728	0.00314	0.00231	0.00505
69	0.04900	0.03383	0.24899	0.12807	0.16255	0.03607	0.09714	0.03570	0.06284	0.02463	0.00859	0.02575	0.01669	0.00431	0.00441	0.00129	0.04877	0.00366	0.00218	0.00552

[dist]
# distance from previous block
# <min> <max>
0	7

[block]
# block no. 5 follows, 67 sequences, length 18
# corresponding to MSA columns:
# 5380-5388,5390-5398
name=unknown_F
#
# <colnr> <probs for GDERKNQSTAVLIFYWHMCP>
#	G	D	E	R	K	N	Q	S	T	A	V	L	I	F	Y	W	H	M	C	P
0	0.08723	0.11021	0.20777	0.03502	0.11112	0.17619	0.05577	0.10732	0.04862	0.01386	0.00748	0.00863	0.00579	0.00397	0.00363	0.00117	0.00535	0.00307	0.00228	0.00555
1	0.01292	0.43209	0.01620	0.00847	0.01137	0.31906	0.00730	0.12770	0.01084	0.01181	0.00638	0.00718	0.00539	0.00388	0.00316	0.00097	0.00539	0.00251	0.00217	0.00520
2	0.02597	0.02022	0.05123	0.00690	0.02815	0.02262	0.00565	0.02136	0.00857	0.03443	0.03127	0.02963	0.00744	0.00422	0.02145	0.00089	0.02641	0.00292	0.00248	0.64820
3	0.00697	0.00348	0.00522	0.00522	0.00522	0.00348	0.00348	0.00522	0.00522	0.00697	0.00697	0.01219	0.00697	0.01393	0.01567	0.88332	0.00348	0.00348	0.00174	0.00174
4	0.00595	0.00401	0.00522	0.00536	0.00566	0.00415	0.00369	0.00639	0.00653	0.00886	0.03370	0.06535	0.01488	0.42153	0.20698	0.09475	0.00528	0.09634	0.00255	0.00284
5	0.01201	0.06227	0.03130	0.09661	0.30673	0.27392	0.00967	0.07138	0.02350	0.05096	0.00784	0.00968	0.00633	0.00409	0.00381	0.00115	0.00547	0.01541	0.00231	0.00556
6	0.00500	0.00359	0.00476	0.00560	0.00594	0.00335	0.00384	0.00583	0.00798	0.01064	0.06489	0.75221	0.04820	0.01220	0.00511	0.00161	0.00236	0.04980	0.00376	0.00331
7	0.00629	0.00421	0.00542	0.00531	0.00592	0.00434	0.00372	0.00712	0.00704	0.05172	0.06544	0.03791	0.09275	0.36222	0.31869	0.00425	0.00605	0.00562	0.00273	0.00327
8	0.00778	0.00607	0.00722	0.00690	0.03395	0.03058	0.02758	0.10749	0.06183	0.03556	0.19885	0.11852	0.17954	0.04824	0.04130	0.00168	0.00335	0.05070	0.02851	0.00433
9	0.01010	0.07237	0.01569	0.14524	0.26946	0.05372	0.15260	0.01300	0.06919	0.05441	0.00819	0.01024	0.00650	0.00421	0.00500	0.00129	0.09733	0.00371	0.00223	0.00552
10	0.00521	0.00395	0.00479	0.00511	0.00594	0.00358	0.00375	0.00638	0.00909	0.01185	0.21005	0.29007	0.29484	0.03746	0.00543	0.00155	0.00232	0.09136	0.00383	0.00344
11	0.00944	0.00904	0.01541	0.10239	0.61833	0.00923	0.06376	0.01231	0.05094	0.01288	0.00872	0.03842	0.00751	0.00413	0.00410	0.00125	0.00477	0.01923	0.00216	0.00596
12	0.00832	0.00713	0.00832	0.00594	0.00950	0.00535	0.00475	0.01010	0.00832	0.01307	0.00713	0.00832	0.00594	0.00297	0.00297	0.00059	0.00297	0.00238	0.00238	0.88357
13	0.00579	0.00413	0.00552	0.05762	0.00754	0.00410	0.00442	0.00715	0.04566	0.03387	0.02014	0.65209	0.02322	0.06093	0.00589	0.00173	0.00274	0.05034	0.00358	0.00355
14	0.00488	0.00360	0.00458	0.00532	0.00576	0.00329	0.00361	0.00567	0.00803	0.01050	0.04827	0.69712	0.16062	0.01204	0.00504	0.00157	0.00227	0.01080	0.00374	0.00329
15	0.05178	0.11549	0.26862	0.00863	0.01227	0.06194	0.00888	0.12512	0.02441	0.14417	0.04770	0.01348	0.04874	0.00501	0.00383	0.00123	0.00454	0.04559	0.00296	0.00562
16	0.05715	0.20336	0.09923	0.00828	0.01144	0.08361	0.00754	0.27434	0.07832	0.05957	0.04860	0.01085	0.03163	0.00465	0.00362	0.00114	0.00438	0.00346	0.00307	0.00575
