[name]
unknown

[dist]
# distance from previous block
# <min> <max>
2	5

[block]
# block no. 0 follows, 87 sequences, length 37
# corresponding to MSA columns:
# 38-40,42-57,59-63,66-72,74-79
name=unknown_A
#
# <colnr> <probs for GDERKNQSTAVLIFYWHMCP>
#	G	D	E	R	K	N	Q	S	T	A	V	L	I	F	Y	W	H	M	C	P
0	0.00654	0.01687	0.86850	0.00929	0.01411	0.00757	0.01205	0.01033	0.00688	0.01033	0.00585	0.00688	0.00413	0.00310	0.00310	0.00103	0.00482	0.00241	0.00138	0.00482
1	0.00462	0.00333	0.00436	0.00410	0.00487	0.00308	0.00308	0.00615	0.00923	0.01308	0.86334	0.02436	0.03077	0.00667	0.00385	0.00103	0.00154	0.00590	0.00359	0.00308
2	0.00389	0.00324	0.00339	0.00349	0.00446	0.00274	0.00257	0.00469	0.00730	0.00882	0.04704	0.15154	0.72863	0.00850	0.00390	0.00113	0.00168	0.00720	0.00304	0.00274
3	0.01164	0.00913	0.00979	0.00769	0.00989	0.04762	0.00633	0.69807	0.01361	0.01821	0.00721	0.00765	0.00531	0.00414	0.00430	0.00104	0.12736	0.00289	0.00293	0.00519
4	0.00407	0.00331	0.00361	0.00353	0.00454	0.00285	0.00265	0.00511	0.00795	0.01004	0.27339	0.02935	0.62261	0.00780	0.00385	0.00108	0.00162	0.00660	0.00319	0.00285
5	0.01221	0.01464	0.00932	0.00827	0.01009	0.75056	0.00629	0.13180	0.01010	0.00976	0.00543	0.00616	0.00439	0.00344	0.00299	0.00086	0.00556	0.00222	0.00190	0.00403
6	0.00450	0.00333	0.00419	0.00398	0.00480	0.00303	0.00298	0.00592	0.00895	0.01241	0.73300	0.02546	0.16153	0.00692	0.00385	0.00104	0.00156	0.00605	0.00350	0.00303
7	0.90843	0.00631	0.00479	0.00429	0.00631	0.00732	0.00353	0.00959	0.00555	0.01463	0.00454	0.00530	0.00353	0.00303	0.00202	0.00101	0.00252	0.00177	0.00202	0.00353
8	0.00770	0.00880	0.01924	0.01374	0.01704	0.00825	0.85322	0.01045	0.00770	0.01045	0.00660	0.00880	0.00495	0.00275	0.00385	0.00110	0.00550	0.00385	0.00165	0.00440
9	0.01463	0.00555	0.00757	0.00580	0.00832	0.00479	0.00479	0.01589	0.00933	0.86732	0.01286	0.01110	0.00807	0.00404	0.00328	0.00101	0.00277	0.00328	0.00404	0.00555
10	0.90843	0.00631	0.00479	0.00429	0.00631	0.00732	0.00353	0.00959	0.00555	0.01463	0.00454	0.00530	0.00353	0.00303	0.00202	0.00101	0.00252	0.00177	0.00202	0.00353
11	0.00729	0.00339	0.00368	0.00343	0.00444	0.00329	0.00263	0.00877	0.00719	0.13291	0.01095	0.01201	0.00832	0.00383	0.00242	0.00080	0.00170	0.00307	0.77649	0.00339
12	0.00770	0.00880	0.01924	0.01374	0.01704	0.00825	0.85322	0.01045	0.00770	0.01045	0.00660	0.00880	0.00495	0.00275	0.00385	0.00110	0.00550	0.00385	0.00165	0.00440
13	0.00385	0.00330	0.00330	0.00330	0.00440	0.00275	0.00248	0.00468	0.00743	0.00881	0.03303	0.03138	0.86374	0.00826	0.00385	0.00110	0.00165	0.00688	0.00303	0.00275
14	0.78130	0.00640	0.00516	0.00462	0.00661	0.00743	0.00376	0.01068	0.12609	0.01449	0.00577	0.00627	0.00444	0.00322	0.00220	0.00102	0.00253	0.00204	0.00220	0.00376
15	0.01221	0.01464	0.00932	0.00827	0.01009	0.75056	0.00629	0.13180	0.01010	0.00976	0.00543	0.00616	0.00439	0.00344	0.00299	0.00086	0.00556	0.00222	0.00190	0.00403
16	0.01412	0.00637	0.00808	0.00619	0.00873	0.00601	0.00511	0.20786	0.01071	0.67341	0.01171	0.01035	0.00749	0.00401	0.00328	0.00100	0.00296	0.00320	0.00386	0.00555
17	0.00614	0.00336	0.00353	0.00350	0.00429	0.00338	0.00261	0.05506	0.00723	0.01209	0.01151	0.13492	0.01006	0.00471	0.00260	0.00085	0.00169	0.00391	0.72542	0.00313
18	0.00566	0.00283	0.00425	0.00425	0.00425	0.00283	0.00283	0.00425	0.00425	0.00566	0.00566	0.00991	0.00566	0.01133	0.01274	0.90513	0.00283	0.00283	0.00142	0.00142
19	0.00688	0.15218	0.73616	0.00872	0.01322	0.00840	0.01104	0.01024	0.00684	0.00991	0.00565	0.00663	0.00414	0.00305	0.00294	0.00098	0.00461	0.00231	0.00138	0.00472
20	0.00397	0.00284	0.00378	0.00454	0.00473	0.00265	0.00303	0.00454	0.00624	0.00832	0.01797	0.88327	0.02157	0.01022	0.00416	0.00132	0.00189	0.00927	0.00303	0.00265
21	0.00466	0.00349	0.00524	0.00524	0.00582	0.00408	0.00408	0.00582	0.00524	0.00757	0.00873	0.01281	0.00815	0.02446	0.87248	0.00524	0.00873	0.00349	0.00175	0.00291
22	0.01070	0.00787	0.00837	0.00670	0.00891	0.00873	0.00545	0.57751	0.17129	0.01807	0.00924	0.00925	0.00677	0.00399	0.00313	0.00097	0.00311	0.00309	0.13174	0.00512
23	0.00529	0.00458	0.00765	0.02664	0.15450	0.00442	0.11624	0.00646	0.00672	0.00909	0.01415	0.55033	0.01605	0.00776	0.00396	0.00124	0.00282	0.05618	0.00257	0.00335
24	0.00654	0.01687	0.86850	0.00929	0.01411	0.00757	0.01205	0.01033	0.00688	0.01033	0.00585	0.00688	0.00413	0.00310	0.00310	0.00103	0.00482	0.00241	0.00138	0.00482
25	0.00713	0.00713	0.00999	0.00856	0.00856	0.00999	0.00713	0.00785	0.00499	0.00785	0.00428	0.00713	0.00428	0.00571	0.01070	0.00143	0.87943	0.00285	0.00143	0.00357
26	0.90843	0.00631	0.00479	0.00429	0.00631	0.00732	0.00353	0.00959	0.00555	0.01463	0.00454	0.00530	0.00353	0.00303	0.00202	0.00101	0.00252	0.00177	0.00202	0.00353
27	0.00385	0.00330	0.00330	0.00330	0.00440	0.00275	0.00248	0.00468	0.00743	0.00881	0.03303	0.03138	0.86374	0.00826	0.00385	0.00110	0.00165	0.00688	0.00303	0.00275
28	0.13492	0.03877	0.01099	0.25118	0.19446	0.02666	0.12967	0.01058	0.10319	0.04119	0.00706	0.00893	0.00553	0.00333	0.00315	0.00104	0.00388	0.01925	0.00193	0.00430
29	0.00689	0.00606	0.03775	0.00557	0.02989	0.00477	0.00446	0.04424	0.00699	0.02789	0.00645	0.00779	0.00538	0.00566	0.12537	0.00122	0.00349	0.00226	0.00198	0.66590
30	0.00873	0.81827	0.03427	0.00574	0.00853	0.01256	0.00571	0.02860	0.03753	0.00823	0.00495	0.00557	0.00442	0.00288	0.00218	0.00073	0.00348	0.00185	0.00150	0.00426
31	0.90843	0.00631	0.00479	0.00429	0.00631	0.00732	0.00353	0.00959	0.00555	0.01463	0.00454	0.00530	0.00353	0.00303	0.00202	0.00101	0.00252	0.00177	0.00202	0.00353
32	0.00568	0.00487	0.00730	0.00795	0.12762	0.00583	0.00546	0.00679	0.00547	0.00799	0.00749	0.01141	0.00711	0.06806	0.51165	0.00368	0.19731	0.00334	0.00167	0.00332
33	0.00548	0.00322	0.00432	0.00472	0.00524	0.00295	0.00328	0.00614	0.00668	0.12962	0.01725	0.76012	0.01966	0.00934	0.00404	0.00128	0.00202	0.00842	0.00317	0.00306
34	0.00721	0.03643	0.28538	0.01016	0.03037	0.00734	0.34609	0.03982	0.02542	0.02993	0.12796	0.01067	0.02068	0.00360	0.00350	0.00105	0.00439	0.00359	0.00199	0.00441
35	0.13491	0.27906	0.36432	0.00691	0.01043	0.00887	0.00779	0.03339	0.00689	0.02805	0.00546	0.00626	0.00425	0.00297	0.00258	0.00087	0.00379	0.00210	0.00163	0.08947
36	0.65860	0.15518	0.07453	0.00498	0.00736	0.00833	0.00461	0.02225	0.02016	0.01320	0.00484	0.00556	0.00382	0.00303	0.00215	0.00096	0.00288	0.00186	0.00190	0.00380

[dist]
# distance from previous block
# <min> <max>
1	8

[block]
# block no. 1 follows, 87 sequences, length 232
# corresponding to MSA columns:
# 161-174,264-280,284-292,459-468,485-497,559-580,592-622,659-671,673-677,689-707,719-724,727-744,832-847,896-908,927-952
name=unknown_B
#
# <colnr> <probs for GDERKNQSTAVLIFYWHMCP>
#	G	D	E	R	K	N	Q	S	T	A	V	L	I	F	Y	W	H	M	C	P
0	0.00778	0.10062	0.62951	0.00877	0.01282	0.16593	0.01037	0.01076	0.00729	0.00964	0.00558	0.00654	0.00415	0.00312	0.00297	0.00097	0.00488	0.00229	0.00143	0.00457
1	0.17140	0.01460	0.68491	0.00828	0.01251	0.00744	0.01027	0.01036	0.00671	0.03694	0.00582	0.00672	0.00414	0.00311	0.00291	0.00103	0.00434	0.00232	0.00157	0.00461
2	0.73211	0.00803	0.00568	0.00508	0.00705	0.16524	0.00407	0.02222	0.00636	0.01350	0.00468	0.00544	0.00368	0.00310	0.00220	0.00098	0.00315	0.00184	0.00197	0.00361
3	0.00473	0.00323	0.00390	0.00390	0.00402	0.00335	0.00240	0.00496	0.00484	0.00658	0.00996	0.01961	0.01111	0.71112	0.18985	0.00358	0.00429	0.00449	0.00193	0.00217
4	0.03128	0.00893	0.00959	0.00737	0.00996	0.00984	0.00609	0.80298	0.01489	0.05426	0.00796	0.00791	0.00560	0.00390	0.00324	0.00098	0.00353	0.00293	0.00327	0.00550
5	0.00811	0.00700	0.00737	0.00664	0.00848	0.00811	0.00516	0.01733	0.85917	0.01364	0.01327	0.01217	0.00995	0.00442	0.00332	0.00111	0.00258	0.00369	0.00332	0.00516
6	0.00458	0.00319	0.00351	0.00351	0.00371	0.00309	0.00207	0.00473	0.00523	0.00678	0.01443	0.02317	0.16735	0.72530	0.01427	0.00279	0.00289	0.00513	0.00217	0.00212
7	0.00474	0.00316	0.00356	0.00356	0.00356	0.00316	0.00198	0.00474	0.00474	0.00632	0.01027	0.02134	0.01186	0.88540	0.01660	0.00316	0.00316	0.00474	0.00198	0.00198
8	0.00947	0.00861	0.01102	0.00875	0.01056	0.10461	0.16843	0.29030	0.00956	0.03506	0.00671	0.00827	0.00535	0.00631	0.10100	0.00156	0.20476	0.00307	0.00221	0.00439
9	0.00657	0.01663	0.84361	0.00942	0.01420	0.00759	0.03671	0.01033	0.00691	0.01033	0.00587	0.00694	0.00415	0.00309	0.00312	0.00103	0.00484	0.00245	0.00138	0.00481
10	0.00819	0.00704	0.00742	0.00665	0.00851	0.00815	0.00518	0.03314	0.84322	0.01377	0.01317	0.01208	0.00987	0.00441	0.00332	0.00110	0.00260	0.00367	0.00332	0.00517
11	0.68749	0.00688	0.00774	0.02266	0.00874	0.00761	0.15884	0.04693	0.00639	0.01401	0.00508	0.00611	0.00389	0.00302	0.00243	0.00103	0.00315	0.00222	0.00199	0.00378
12	0.03658	0.00795	0.00941	0.02578	0.16548	0.05768	0.00650	0.37970	0.03574	0.08039	0.00776	0.00870	0.00593	0.00642	0.11650	0.00155	0.03752	0.00297	0.00259	0.00485
13	0.90843	0.00631	0.00479	0.00429	0.00631	0.00732	0.00353	0.00959	0.00555	0.01463	0.00454	0.00530	0.00353	0.00303	0.00202	0.00101	0.00252	0.00177	0.00202	0.00353
14	0.00886	0.00800	0.01261	0.01773	0.70901	0.00818	0.00931	0.16409	0.00887	0.01246	0.00644	0.00803	0.00523	0.00309	0.00323	0.00097	0.00382	0.00291	0.00191	0.00523
15	0.00470	0.00335	0.00450	0.00450	0.00482	0.00367	0.00315	0.00535	0.00502	0.00702	0.00941	0.01658	0.00979	0.40492	0.49425	0.00432	0.00627	0.00405	0.00185	0.00250
16	0.00459	0.00333	0.00433	0.00408	0.00486	0.00307	0.00306	0.00611	0.00918	0.01295	0.83900	0.02456	0.05519	0.00671	0.00385	0.00103	0.00154	0.00593	0.00357	0.00307
17	0.00676	0.00580	0.00676	0.00483	0.00773	0.00435	0.00386	0.00821	0.00676	0.01063	0.00580	0.00676	0.00483	0.00241	0.00241	0.00048	0.00241	0.00193	0.00193	0.90533
18	0.00616	0.00580	0.00978	0.87756	0.02246	0.00724	0.00906	0.00833	0.00652	0.00833	0.00580	0.00869	0.00435	0.00326	0.00326	0.00109	0.00435	0.00290	0.00145	0.00362
19	0.02182	0.00651	0.00799	0.00626	0.00870	0.00638	0.00513	0.19361	0.12263	0.56724	0.01177	0.01049	0.00774	0.00405	0.00327	0.00102	0.00292	0.00325	0.00376	0.00548
20	0.00404	0.00305	0.00373	0.00411	0.00466	0.00275	0.00288	0.00483	0.00706	0.00921	0.15515	0.50128	0.26725	0.00909	0.00402	0.00121	0.00177	0.00805	0.00312	0.00275
21	0.00490	0.00360	0.00507	0.00500	0.00553	0.00409	0.00375	0.03049	0.00545	0.00772	0.00899	0.01422	0.00875	0.18100	0.69078	0.00474	0.00757	0.00371	0.00183	0.00282
22	0.00462	0.00330	0.00419	0.00400	0.00463	0.00309	0.00288	0.00586	0.00834	0.01169	0.67576	0.02412	0.05163	0.16713	0.00618	0.00142	0.00185	0.01316	0.00327	0.00287
23	0.00872	0.88736	0.01709	0.00558	0.00837	0.01290	0.00558	0.00976	0.00663	0.00767	0.00453	0.00523	0.00418	0.00279	0.00209	0.00070	0.00349	0.00174	0.00139	0.00418
24	0.00551	0.00399	0.00488	0.00508	0.00571	0.00401	0.00361	0.15962	0.00790	0.01056	0.01612	0.72348	0.01864	0.00907	0.00400	0.00126	0.00220	0.00811	0.00307	0.00318
25	0.00694	0.17576	0.71310	0.00862	0.01306	0.00855	0.01087	0.01022	0.00684	0.00984	0.00561	0.00658	0.00414	0.00304	0.00291	0.00097	0.00458	0.00229	0.00138	0.00470
26	0.00779	0.00641	0.00731	0.00532	0.00816	0.00540	0.00429	0.16262	0.00833	0.01244	0.00617	0.00696	0.00496	0.00269	0.00257	0.00057	0.00263	0.00212	0.00217	0.74110
27	0.01263	0.01361	0.00894	0.00791	0.00976	0.69909	0.00602	0.02805	0.00936	0.16505	0.00652	0.00687	0.00493	0.00349	0.00301	0.00087	0.00527	0.00233	0.00214	0.00413
28	0.00644	0.00374	0.00494	0.00441	0.00550	0.00339	0.00339	0.00793	0.00925	0.16900	0.70810	0.02194	0.02663	0.00619	0.00374	0.00102	0.00176	0.00542	0.00367	0.00353
29	0.00398	0.00322	0.00353	0.00364	0.00453	0.00278	0.00266	0.00485	0.00746	0.00929	0.14159	0.18593	0.59835	0.00840	0.00391	0.00113	0.00168	0.00719	0.00310	0.00278
30	0.00872	0.88736	0.01709	0.00558	0.00837	0.01290	0.00558	0.00976	0.00663	0.00767	0.00453	0.00523	0.00418	0.00279	0.00209	0.00070	0.00349	0.00174	0.00139	0.00418
31	0.00605	0.01439	0.71058	0.00820	0.01234	0.00669	0.01030	0.00930	0.00698	0.01005	0.01081	0.01136	0.16103	0.00404	0.00324	0.00105	0.00424	0.00323	0.00168	0.00444
32	0.00447	0.00324	0.00421	0.00415	0.00483	0.00298	0.00304	0.00580	0.00861	0.01203	0.67375	0.18143	0.06449	0.00738	0.00390	0.00108	0.00161	0.00655	0.00346	0.00298
33	0.00616	0.00580	0.00978	0.87756	0.02246	0.00724	0.00906	0.00833	0.00652	0.00833	0.00580	0.00869	0.00435	0.00326	0.00326	0.00109	0.00435	0.00290	0.00145	0.00362
34	0.00953	0.00873	0.00811	0.00707	0.00903	0.14407	0.00553	0.16940	0.57179	0.01401	0.01099	0.01039	0.00825	0.00416	0.00325	0.00104	0.00328	0.00330	0.00305	0.00501
35	0.74421	0.16712	0.00704	0.00452	0.00668	0.00834	0.00391	0.00962	0.00575	0.01336	0.00454	0.00529	0.00365	0.00298	0.00203	0.00095	0.00270	0.00176	0.00190	0.00365
36	0.00858	0.00662	0.02762	0.08011	0.35288	0.00623	0.00712	0.02216	0.05284	0.16737	0.04169	0.02447	0.03386	0.00370	0.00320	0.00094	0.00324	0.01794	0.00236	0.13706
37	0.00653	0.00386	0.00546	0.00512	0.00595	0.00414	0.00391	0.00751	0.00590	0.16430	0.00968	0.01380	0.00869	0.16021	0.56313	0.00408	0.01864	0.00365	0.00220	0.00325
38	0.02376	0.00751	0.01265	0.12057	0.74282	0.00770	0.00975	0.01762	0.00736	0.01054	0.00608	0.00809	0.00504	0.00296	0.00321	0.00098	0.00390	0.00288	0.00162	0.00496
39	0.17321	0.51681	0.08281	0.00617	0.00882	0.12866	0.01789	0.01021	0.00681	0.00924	0.00474	0.00553	0.00407	0.00296	0.00238	0.00081	0.01138	0.00189	0.00155	0.00406
40	0.00406	0.00287	0.00376	0.00443	0.00460	0.00270	0.00291	0.00456	0.00608	0.00810	0.01713	0.78850	0.02050	0.10644	0.00553	0.00153	0.00203	0.00877	0.00291	0.00257
41	0.00474	0.00316	0.00356	0.00356	0.00356	0.00316	0.00198	0.00474	0.00474	0.00632	0.01027	0.02134	0.01186	0.88540	0.01660	0.00316	0.00316	0.00474	0.00198	0.00198
42	0.00686	0.00674	0.00976	0.16705	0.01099	0.00925	0.00736	0.00786	0.00528	0.00792	0.00474	0.00765	0.00445	0.00601	0.04377	0.00152	0.68492	0.00289	0.00144	0.00355
43	0.00680	0.00592	0.00726	0.00519	0.00810	0.00450	0.03780	0.00830	0.00680	0.01062	0.00583	0.00684	0.00483	0.00243	0.00247	0.00051	0.00254	0.00201	0.00192	0.86934
44	0.00700	0.20127	0.68814	0.00851	0.01290	0.00870	0.01068	0.01021	0.00683	0.00976	0.00557	0.00653	0.00414	0.00303	0.00289	0.00096	0.00454	0.00227	0.00138	0.00468
45	0.00726	0.00759	0.01621	0.01184	0.01447	0.00715	0.68193	0.00920	0.00704	0.00953	0.00664	0.02553	0.00539	0.00446	0.00548	0.16611	0.00494	0.00377	0.00163	0.00382
46	0.00395	0.00292	0.00370	0.00431	0.00467	0.00267	0.00293	0.00457	0.00646	0.00841	0.02072	0.72778	0.17529	0.00986	0.00411	0.00128	0.00185	0.00883	0.00303	0.00267
47	0.00541	0.00437	0.00449	0.00407	0.00545	0.00410	0.00316	0.15974	0.00887	0.01095	0.02843	0.02708	0.70709	0.00747	0.00375	0.00108	0.00201	0.00616	0.00307	0.00326
48	0.01208	0.00963	0.00906	0.00734	0.00965	0.17792	0.00589	0.46592	0.12646	0.12971	0.00868	0.00846	0.00621	0.00389	0.00321	0.00097	0.00379	0.00292	0.00306	0.00515
49	0.74410	0.00643	0.00526	0.00472	0.00670	0.00746	0.00383	0.01100	0.16136	0.01445	0.00613	0.00655	0.00470	0.00328	0.00226	0.00103	0.00253	0.00212	0.00226	0.00383
50	0.00730	0.00692	0.01130	0.01668	0.69000	0.00684	0.00853	0.00919	0.02529	0.01038	0.01119	0.01241	0.16198	0.00391	0.00334	0.00100	0.00344	0.00365	0.00191	0.00472
51	0.00654	0.01687	0.86850	0.00929	0.01411	0.00757	0.01205	0.01033	0.00688	0.01033	0.00585	0.00688	0.00413	0.00310	0.00310	0.00103	0.00482	0.00241	0.00138	0.00482
52	0.17294	0.72655	0.01484	0.00534	0.00799	0.01188	0.00521	0.00973	0.00643	0.00894	0.00453	0.00524	0.00407	0.00283	0.00208	0.00075	0.00331	0.00175	0.00151	0.00407
53	0.01422	0.00620	0.00797	0.00611	0.00865	0.00576	0.00505	0.16890	0.01043	0.71276	0.01195	0.01050	0.00761	0.00401	0.00328	0.00100	0.00292	0.00322	0.00389	0.00555
54	0.01463	0.00555	0.00757	0.00580	0.00832	0.00479	0.00479	0.01589	0.00933	0.86732	0.01286	0.01110	0.00807	0.00404	0.00328	0.00101	0.00277	0.00328	0.00404	0.00555
55	0.01222	0.01437	0.00934	0.00824	0.01009	0.71493	0.00628	0.16656	0.01035	0.01028	0.00555	0.00624	0.00445	0.00346	0.00300	0.00087	0.00546	0.00225	0.00197	0.00410
56	0.01144	0.01398	0.00890	0.00808	0.00979	0.71457	0.00609	0.01381	0.16438	0.00901	0.00654	0.00703	0.00525	0.00355	0.00301	0.00089	0.00528	0.00239	0.00198	0.00403
57	0.00466	0.00349	0.00524	0.00524	0.00582	0.00408	0.00408	0.00582	0.00524	0.00757	0.00873	0.01281	0.00815	0.02446	0.87248	0.00524	0.00873	0.00349	0.00175	0.00291
58	0.01463	0.00555	0.00757	0.00580	0.00832	0.00479	0.00479	0.01589	0.00933	0.86732	0.01286	0.01110	0.00807	0.00404	0.00328	0.00101	0.00277	0.00328	0.00404	0.00555
59	0.00620	0.00584	0.00985	0.85958	0.04013	0.00726	0.00908	0.00837	0.00654	0.00838	0.00580	0.00868	0.00436	0.00325	0.00326	0.00108	0.00434	0.00290	0.00145	0.00365
60	0.90843	0.00631	0.00479	0.00429	0.00631	0.00732	0.00353	0.00959	0.00555	0.01463	0.00454	0.00530	0.00353	0.00303	0.00202	0.00101	0.00252	0.00177	0.00202	0.00353
61	0.00687	0.00676	0.00978	0.16706	0.01100	0.00928	0.00738	0.00786	0.00528	0.00793	0.00471	0.00762	0.00443	0.00592	0.03962	0.00150	0.68912	0.00288	0.00144	0.00355
62	0.00466	0.00349	0.00524	0.00524	0.00582	0.00408	0.00408	0.00582	0.00524	0.00757	0.00873	0.01281	0.00815	0.02446	0.87248	0.00524	0.00873	0.00349	0.00175	0.00291
63	0.00747	0.00633	0.00682	0.00617	0.00782	0.00719	0.00478	0.01529	0.70403	0.01354	0.16843	0.01439	0.01375	0.00483	0.00341	0.00109	0.00239	0.00409	0.00337	0.00478
64	0.00454	0.00332	0.00428	0.00421	0.00491	0.00309	0.00309	0.00604	0.02645	0.01207	0.66239	0.18112	0.05757	0.00732	0.00389	0.00108	0.00163	0.00650	0.00346	0.00303
65	0.90843	0.00631	0.00479	0.00429	0.00631	0.00732	0.00353	0.00959	0.00555	0.01463	0.00454	0.00530	0.00353	0.00303	0.00202	0.00101	0.00252	0.00177	0.00202	0.00353
66	0.00660	0.00605	0.00952	0.62262	0.08924	0.00684	0.00811	0.03236	0.00689	0.00929	0.00588	0.00827	0.00454	0.00309	0.00310	0.00096	0.00393	0.00272	0.00160	0.16839
67	0.00712	0.23041	0.62564	0.00856	0.01282	0.00891	0.04383	0.01019	0.00685	0.00968	0.00556	0.00655	0.00418	0.00301	0.00288	0.00095	0.00452	0.00230	0.00139	0.00465
68	0.00470	0.00392	0.00534	0.00689	0.16163	0.00364	0.00409	0.00561	0.00688	0.00890	0.02128	0.37987	0.33353	0.02649	0.00414	0.00122	0.00220	0.01377	0.00275	0.00314
69	0.00409	0.00311	0.00377	0.00419	0.00474	0.00284	0.00293	0.00500	0.02473	0.00897	0.08908	0.53387	0.27522	0.00922	0.00403	0.00123	0.00182	0.01532	0.00308	0.00277
70	0.08831	0.60378	0.21664	0.00634	0.00954	0.01115	0.00692	0.00988	0.00659	0.00892	0.00484	0.00563	0.00411	0.00288	0.00232	0.00080	0.00372	0.00190	0.00145	0.00428
71	0.00772	0.43860	0.32411	0.00731	0.01084	0.00998	0.05082	0.01011	0.03178	0.00916	0.00546	0.00632	0.00442	0.00292	0.00260	0.00084	0.00397	0.00216	0.00150	0.06936
72	0.00630	0.00377	0.00472	0.00425	0.00543	0.00337	0.00327	0.00770	0.01888	0.16797	0.49577	0.02350	0.22929	0.00655	0.00374	0.00104	0.00180	0.00563	0.00353	0.00347
73	0.00519	0.01423	0.07289	0.00525	0.00623	0.01478	0.00431	0.05053	0.02733	0.01041	0.18287	0.42388	0.03148	0.00806	0.00393	0.00122	0.00237	0.11858	0.01326	0.00320
74	0.00897	0.57775	0.16284	0.00674	0.00967	0.16885	0.00683	0.01046	0.00715	0.00819	0.00485	0.00564	0.00418	0.00295	0.00242	0.00078	0.00415	0.00192	0.00144	0.00422
75	0.00735	0.00646	0.00988	0.69361	0.04491	0.00778	0.00856	0.16277	0.00816	0.01063	0.00618	0.00852	0.00459	0.00337	0.00326	0.00106	0.00419	0.00291	0.00178	0.00402
76	0.00403	0.00326	0.00358	0.00360	0.00454	0.00281	0.00266	0.00499	0.00771	0.00969	0.21146	0.11363	0.60043	0.00811	0.00388	0.00111	0.00165	0.00690	0.00315	0.00281
77	0.01532	0.00580	0.00973	0.86869	0.02229	0.00725	0.00900	0.00834	0.00651	0.00840	0.00578	0.00866	0.00434	0.00326	0.00325	0.00109	0.00433	0.00289	0.00145	0.00362
78	0.00755	0.00722	0.01230	0.25145	0.63766	0.00761	0.00975	0.00956	0.00718	0.01003	0.00604	0.00824	0.00494	0.00300	0.00324	0.00100	0.00400	0.00290	0.00157	0.00475
79	0.00489	0.00351	0.00462	0.00498	0.00575	0.00333	0.00406	0.00619	0.00779	0.02289	0.22060	0.12574	0.15108	0.00840	0.00419	0.00130	0.00232	0.41222	0.00316	0.00298
80	0.01249	0.00676	0.00805	0.00641	0.00879	0.00688	0.00522	0.21585	0.22040	0.45511	0.01177	0.01058	0.00793	0.00410	0.00328	0.00103	0.00292	0.00330	0.00367	0.00545
81	0.00830	0.71854	0.18221	0.00630	0.00948	0.01187	0.00683	0.00987	0.00668	0.00819	0.00479	0.00555	0.00417	0.00285	0.00229	0.00076	0.00375	0.00187	0.00139	0.00431
82	0.00778	0.00821	0.01546	0.01133	0.01405	0.06617	0.62772	0.02254	0.00776	0.01074	0.00725	0.00920	0.00553	0.00300	0.00349	0.00102	0.00477	0.00357	0.16629	0.00412
83	0.00615	0.00311	0.00312	0.00309	0.00387	0.00312	0.00232	0.01741	0.00694	0.01225	0.01060	0.01211	0.00833	0.00380	0.00229	0.00076	0.00154	0.00304	0.89307	0.00307
84	0.18497	0.67349	0.01432	0.00545	0.00805	0.04032	0.00521	0.02184	0.00663	0.00923	0.00460	0.00530	0.00408	0.00287	0.00212	0.00077	0.00338	0.00178	0.00155	0.00406
85	0.74381	0.00823	0.16244	0.00520	0.00773	0.00736	0.00509	0.00972	0.00579	0.01384	0.00478	0.00559	0.00364	0.00304	0.00222	0.00101	0.00294	0.00188	0.00190	0.00377
86	0.00397	0.00284	0.00378	0.00454	0.00473	0.00265	0.00303	0.00454	0.00624	0.00832	0.01797	0.88327	0.02157	0.01022	0.00416	0.00132	0.00189	0.00927	0.00303	0.00265
87	0.00776	0.00860	0.01815	0.01489	0.17183	0.00816	0.69931	0.01037	0.00765	0.01048	0.00651	0.00866	0.00499	0.00278	0.00374	0.00108	0.00520	0.00368	0.00164	0.00454
88	0.90843	0.00631	0.00479	0.00429	0.00631	0.00732	0.00353	0.00959	0.00555	0.01463	0.00454	0.00530	0.00353	0.00303	0.00202	0.00101	0.00252	0.00177	0.00202	0.00353
89	0.00458	0.00319	0.00351	0.00351	0.00371	0.00309	0.00207	0.00473	0.00523	0.00678	0.01443	0.02317	0.16735	0.72530	0.01427	0.00279	0.00289	0.00513	0.00217	0.00212
90	0.00408	0.00295	0.00386	0.00440	0.00474	0.00273	0.00301	0.00484	0.00685	0.00922	0.17303	0.68371	0.06554	0.00947	0.00409	0.00126	0.00182	0.00853	0.00313	0.00273
91	0.00458	0.00319	0.00351	0.00351	0.00371	0.00309	0.00207	0.00473	0.00523	0.00678	0.01443	0.02317	0.16735	0.72530	0.01427	0.00279	0.00289	0.00513	0.00217	0.00212
92	0.00771	0.00664	0.00695	0.00625	0.00791	0.03258	0.00484	0.03855	0.65553	0.01357	0.16804	0.01409	0.01346	0.00479	0.00340	0.00108	0.00252	0.00402	0.00332	0.00475
93	0.00696	0.00689	0.00995	0.16718	0.01110	0.00949	0.00748	0.00794	0.00527	0.00794	0.00456	0.00742	0.00429	0.00526	0.00934	0.00136	0.71971	0.00286	0.00143	0.00358
94	0.17595	0.00862	0.00887	0.00692	0.00942	0.00960	0.00571	0.70002	0.01355	0.01947	0.00723	0.00737	0.00518	0.00375	0.00303	0.00098	0.00339	0.00272	0.00303	0.00518
95	0.00430	0.00304	0.00402	0.00469	0.00496	0.00291	0.00330	0.00497	0.00629	0.00834	0.01690	0.62291	0.01986	0.11747	0.00575	0.00158	0.00225	0.16091	0.00289	0.00263
96	0.90843	0.00631	0.00479	0.00429	0.00631	0.00732	0.00353	0.00959	0.00555	0.01463	0.00454	0.00530	0.00353	0.00303	0.00202	0.00101	0.00252	0.00177	0.00202	0.00353
97	0.90843	0.00631	0.00479	0.00429	0.00631	0.00732	0.00353	0.00959	0.00555	0.01463	0.00454	0.00530	0.00353	0.00303	0.00202	0.00101	0.00252	0.00177	0.00202	0.00353
98	0.90843	0.00631	0.00479	0.00429	0.00631	0.00732	0.00353	0.00959	0.00555	0.01463	0.00454	0.00530	0.00353	0.00303	0.00202	0.00101	0.00252	0.00177	0.00202	0.00353
99	0.00811	0.00700	0.00737	0.00664	0.00848	0.00811	0.00516	0.01733	0.85917	0.01364	0.01327	0.01217	0.00995	0.00442	0.00332	0.00111	0.00258	0.00369	0.00332	0.00516
100	0.90843	0.00631	0.00479	0.00429	0.00631	0.00732	0.00353	0.00959	0.00555	0.01463	0.00454	0.00530	0.00353	0.00303	0.00202	0.00101	0.00252	0.00177	0.00202	0.00353
101	0.01240	0.00913	0.00979	0.00750	0.01011	0.01011	0.00620	0.85419	0.01533	0.02055	0.00783	0.00783	0.00555	0.00391	0.00326	0.00098	0.00359	0.00294	0.00326	0.00555
102	0.90843	0.00631	0.00479	0.00429	0.00631	0.00732	0.00353	0.00959	0.00555	0.01463	0.00454	0.00530	0.00353	0.00303	0.00202	0.00101	0.00252	0.00177	0.00202	0.00353
103	0.00413	0.00290	0.00374	0.00434	0.00449	0.00275	0.00281	0.00458	0.00594	0.00792	0.01642	0.70937	0.01961	0.18679	0.00667	0.00169	0.00215	0.00836	0.00281	0.00251
104	0.90843	0.00631	0.00479	0.00429	0.00631	0.00732	0.00353	0.00959	0.00555	0.01463	0.00454	0.00530	0.00353	0.00303	0.00202	0.00101	0.00252	0.00177	0.00202	0.00353
105	0.01266	0.00871	0.00953	0.00730	0.00990	0.00949	0.00603	0.75562	0.01463	0.12011	0.00842	0.00821	0.00584	0.00393	0.00326	0.00098	0.00349	0.00298	0.00335	0.00555
106	0.16906	0.00347	0.00397	0.00449	0.00502	0.00350	0.00312	0.00546	0.00612	0.00948	0.01552	0.72302	0.01828	0.00890	0.00377	0.00127	0.00201	0.00790	0.00284	0.00281
107	0.00395	0.00295	0.00367	0.00425	0.00465	0.00267	0.00290	0.00457	0.00652	0.00844	0.02148	0.68512	0.21746	0.00976	0.00409	0.00127	0.00184	0.00871	0.00303	0.00267
108	0.00395	0.00292	0.00370	0.00431	0.00467	0.00267	0.00293	0.00457	0.00646	0.00841	0.02072	0.72778	0.17529	0.00986	0.00411	0.00128	0.00185	0.00883	0.00303	0.00267
109	0.00656	0.01674	0.85639	0.00945	0.02616	0.00758	0.01202	0.01032	0.00689	0.01033	0.00586	0.00690	0.00415	0.00310	0.00310	0.00103	0.00481	0.00242	0.00138	0.00482
110	0.00763	0.01180	0.30569	0.05925	0.01511	0.07627	0.38140	0.02802	0.00746	0.01014	0.00605	0.00778	0.00455	0.00316	0.00392	0.00107	0.06162	0.00309	0.00157	0.00442
111	0.00403	0.00286	0.00377	0.00446	0.00464	0.00269	0.00294	0.00456	0.00613	0.00817	0.01737	0.81566	0.02081	0.07887	0.00514	0.00147	0.00199	0.00891	0.00294	0.00260
112	0.01280	0.00848	0.00938	0.00719	0.00979	0.00914	0.00594	0.70117	0.01424	0.17511	0.00875	0.00843	0.00601	0.00394	0.00327	0.00098	0.00344	0.00300	0.00340	0.00555
113	0.00801	0.00800	0.05959	0.00614	0.00763	0.25434	0.01740	0.00916	0.00788	0.11561	0.04897	0.15363	0.16002	0.00749	0.07207	0.00139	0.00393	0.05260	0.00256	0.00357
114	0.00774	0.43341	0.43677	0.00749	0.01125	0.03457	0.00879	0.01013	0.00683	0.00899	0.00520	0.00606	0.00416	0.00296	0.00261	0.00087	0.00421	0.00208	0.00139	0.00449
115	0.00468	0.00341	0.00480	0.00480	0.00522	0.00383	0.00352	0.00554	0.00511	0.00724	0.00914	0.01506	0.00913	0.25183	0.64644	0.00469	0.00726	0.00382	0.00181	0.00266
116	0.69940	0.00665	0.00653	0.00728	0.16320	0.00745	0.00481	0.03448	0.01393	0.01402	0.00502	0.00596	0.00396	0.00304	0.00229	0.00100	0.00280	0.00203	0.00199	0.01418
117	0.00807	0.00775	0.01324	0.02002	0.86506	0.00775	0.01001	0.01001	0.00742	0.01065	0.00613	0.00807	0.00517	0.00291	0.00323	0.00097	0.00387	0.00291	0.00161	0.00517
118	0.00783	0.00739	0.01205	0.01724	0.70857	0.00713	0.00889	0.00968	0.00730	0.01065	0.00607	0.00783	0.00510	0.00282	0.00308	0.00088	0.00361	0.00273	0.00167	0.16947
119	0.01165	0.00827	0.00900	0.00712	0.00955	0.00909	0.00581	0.57308	0.20871	0.10856	0.00961	0.00917	0.00683	0.00404	0.00328	0.00101	0.00327	0.00314	0.00336	0.00546
120	0.00807	0.00775	0.01324	0.02002	0.86506	0.00775	0.01001	0.01001	0.00742	0.01065	0.00613	0.00807	0.00517	0.00291	0.00323	0.00097	0.00387	0.00291	0.00161	0.00517
121	0.00397	0.00284	0.00378	0.00454	0.00473	0.00265	0.00303	0.00454	0.00624	0.00832	0.01797	0.88327	0.02157	0.01022	0.00416	0.00132	0.00189	0.00927	0.00303	0.00265
122	0.00663	0.05164	0.83449	0.00915	0.01388	0.00779	0.01179	0.01030	0.00687	0.01022	0.00580	0.00682	0.00413	0.00309	0.00306	0.00102	0.00477	0.00238	0.00138	0.00479
123	0.00473	0.00322	0.00386	0.00386	0.00397	0.00333	0.00236	0.00494	0.00483	0.00655	0.00999	0.01978	0.01118	0.72825	0.17282	0.00354	0.00418	0.00451	0.00193	0.00215
124	0.01463	0.00555	0.00757	0.00580	0.00832	0.00479	0.00479	0.01589	0.00933	0.86732	0.01286	0.01110	0.00807	0.00404	0.00328	0.00101	0.00277	0.00328	0.00404	0.00555
125	0.00448	0.00333	0.00417	0.00396	0.00479	0.00302	0.00297	0.00588	0.00890	0.01230	0.71179	0.02564	0.18281	0.00696	0.00385	0.00104	0.00156	0.00608	0.00349	0.00302
126	0.00466	0.00349	0.00524	0.00524	0.00582	0.00408	0.00408	0.00582	0.00524	0.00757	0.00873	0.01281	0.00815	0.02446	0.87248	0.00524	0.00873	0.00349	0.00175	0.00291
127	0.00676	0.00580	0.00676	0.00483	0.00773	0.00435	0.00386	0.00821	0.00676	0.01063	0.00580	0.00676	0.00483	0.00241	0.00241	0.00048	0.00241	0.00193	0.00193	0.90533
128	0.04561	0.00635	0.00795	0.00612	0.00864	0.00603	0.00505	0.19670	0.01050	0.65444	0.01148	0.01019	0.00737	0.00397	0.00323	0.00100	0.00294	0.00315	0.00380	0.00548
129	0.00692	0.00579	0.00678	0.00485	0.00774	0.00436	0.00388	0.00836	0.00681	0.02767	0.00594	0.00685	0.00489	0.00245	0.00243	0.00049	0.00242	0.00196	0.00197	0.88743
130	0.17210	0.00827	0.01627	0.02248	0.04601	0.00805	0.65743	0.01025	0.00728	0.01119	0.00620	0.00813	0.00469	0.00281	0.00348	0.00108	0.00488	0.00342	0.00171	0.00426
131	0.00493	0.00389	0.00456	0.00455	0.00525	0.04056	0.00332	0.00652	0.04884	0.01148	0.53293	0.27145	0.02585	0.00747	0.00388	0.00111	0.00189	0.01512	0.00333	0.00308
132	0.01279	0.00855	0.00931	0.00718	0.00974	0.02905	0.00591	0.65860	0.02362	0.18837	0.00883	0.00848	0.00607	0.00393	0.00326	0.00098	0.00347	0.00299	0.00338	0.00550
133	0.00852	0.00710	0.00752	0.00667	0.00858	0.00816	0.00522	0.06828	0.78803	0.03388	0.01293	0.01188	0.00964	0.00438	0.00331	0.00110	0.00265	0.00363	0.00333	0.00519
134	0.17595	0.00862	0.00887	0.00692	0.00942	0.00960	0.00571	0.70002	0.01355	0.01947	0.00723	0.00737	0.00518	0.00375	0.00303	0.00098	0.00339	0.00272	0.00303	0.00518
135	0.00459	0.00333	0.00433	0.00408	0.00486	0.00307	0.00306	0.00611	0.00918	0.01295	0.83900	0.02456	0.05519	0.00671	0.00385	0.00103	0.00154	0.00593	0.00357	0.00307
136	0.00462	0.00333	0.00436	0.00410	0.00487	0.00308	0.00308	0.00615	0.00923	0.01308	0.86334	0.02436	0.03077	0.00667	0.00385	0.00103	0.00154	0.00590	0.00359	0.00308
137	0.00654	0.01687	0.86850	0.00929	0.01411	0.00757	0.01205	0.01033	0.00688	0.01033	0.00585	0.00688	0.00413	0.00310	0.00310	0.00103	0.00482	0.00241	0.00138	0.00482
138	0.00676	0.00580	0.00676	0.00483	0.00773	0.00435	0.00386	0.00821	0.00676	0.01063	0.00580	0.00676	0.00483	0.00241	0.00241	0.00048	0.00241	0.00193	0.00193	0.90533
139	0.00466	0.00349	0.00524	0.00524	0.00582	0.00408	0.00408	0.00582	0.00524	0.00757	0.00873	0.01281	0.00815	0.02446	0.87248	0.00524	0.00873	0.00349	0.00175	0.00291
140	0.01218	0.01554	0.00924	0.00840	0.01008	0.87231	0.00630	0.01302	0.00924	0.00798	0.00504	0.00588	0.00420	0.00336	0.00294	0.00084	0.00588	0.00210	0.00168	0.00378
141	0.00945	0.00760	0.00808	0.00688	0.00895	0.00865	0.00546	0.26093	0.60143	0.02779	0.01168	0.01089	0.00864	0.00427	0.00330	0.00107	0.00288	0.00346	0.00331	0.00528
142	0.00644	0.00374	0.00494	0.00441	0.00550	0.00339	0.00339	0.00793	0.00925	0.16900	0.70810	0.02194	0.02663	0.00619	0.00374	0.00102	0.00176	0.00542	0.00367	0.00353
143	0.00397	0.00284	0.00378	0.00454	0.00473	0.00265	0.00303	0.00454	0.00624	0.00832	0.01797	0.88327	0.02157	0.01022	0.00416	0.00132	0.00189	0.00927	0.00303	0.00265
144	0.00975	0.00687	0.00759	0.00653	0.00857	0.00759	0.00516	0.07982	0.62468	0.18611	0.01278	0.01163	0.00924	0.00431	0.00331	0.00108	0.00270	0.00355	0.00346	0.00527
145	0.00930	0.00674	0.00741	0.00648	0.00845	0.00751	0.00509	0.01707	0.70405	0.16946	0.01320	0.01197	0.00961	0.00435	0.00331	0.00109	0.00262	0.00361	0.00345	0.00523
146	0.00806	0.00867	0.00985	0.00853	0.00884	0.16739	0.00698	0.00879	0.00577	0.00787	0.00442	0.00691	0.00427	0.00528	0.00928	0.00132	0.71998	0.00272	0.00147	0.00361
147	0.00971	0.00688	0.00759	0.00654	0.00857	0.00761	0.00517	0.07983	0.62871	0.18207	0.01278	0.01163	0.00925	0.00431	0.00331	0.00108	0.00269	0.00355	0.00346	0.00527
148	0.00889	0.00739	0.00781	0.00679	0.00878	0.00848	0.00535	0.17008	0.70514	0.01490	0.01228	0.01137	0.00915	0.00433	0.00331	0.00108	0.00276	0.00355	0.00331	0.00523
149	0.00547	0.00516	0.00478	0.00525	0.00571	0.16139	0.00362	0.00609	0.00679	0.00826	0.01561	0.72312	0.01840	0.00896	0.00394	0.00124	0.00262	0.00796	0.00278	0.00286
150	0.17114	0.02589	0.66514	0.00820	0.01232	0.00744	0.01014	0.01004	0.00666	0.01105	0.00605	0.00777	0.00461	0.00332	0.00294	0.00104	0.00431	0.03587	0.00156	0.00450
151	0.00766	0.00802	0.01009	0.00864	0.00888	0.09716	0.02304	0.00842	0.00547	0.00791	0.00440	0.00704	0.00429	0.00541	0.00979	0.00136	0.77457	0.00280	0.00146	0.00360
152	0.01243	0.00574	0.00735	0.00577	0.00799	0.00536	0.00471	0.15346	0.01031	0.57064	0.16726	0.01298	0.01179	0.00450	0.00338	0.00101	0.00268	0.00370	0.00383	0.00510
153	0.00872	0.88736	0.01709	0.00558	0.00837	0.01290	0.00558	0.00976	0.00663	0.00767	0.00453	0.00523	0.00418	0.00279	0.00209	0.00070	0.00349	0.00174	0.00139	0.00418
154	0.00600	0.00305	0.00311	0.00309	0.00385	0.00304	0.00232	0.00753	0.00696	0.01220	0.05352	0.01277	0.00948	0.00394	0.00236	0.00077	0.00152	0.00318	0.85825	0.00304
155	0.00889	0.00739	0.00781	0.00679	0.00878	0.00848	0.00535	0.17008	0.70514	0.01490	0.01228	0.01137	0.00915	0.00433	0.00331	0.00108	0.00276	0.00355	0.00331	0.00523
156	0.00474	0.00316	0.00356	0.00356	0.00356	0.00316	0.00198	0.00474	0.00474	0.00632	0.01027	0.02134	0.01186	0.88540	0.01660	0.00316	0.00316	0.00474	0.00198	0.00198
157	0.00500	0.00367	0.00490	0.00551	0.00633	0.00357	0.00475	0.00638	0.00749	0.00959	0.02014	0.03580	0.17300	0.00887	0.00439	0.00143	0.00276	0.69048	0.00301	0.00296
158	0.00460	0.00333	0.00434	0.00410	0.00486	0.00307	0.00307	0.00611	0.00916	0.01295	0.84007	0.03657	0.04202	0.00674	0.00385	0.00103	0.00154	0.00596	0.00357	0.00307
159	0.00872	0.88736	0.01709	0.00558	0.00837	0.01290	0.00558	0.00976	0.00663	0.00767	0.00453	0.00523	0.00418	0.00279	0.00209	0.00070	0.00349	0.00174	0.00139	0.00418
160	0.01218	0.01554	0.00924	0.00840	0.01008	0.87231	0.00630	0.01302	0.00924	0.00798	0.00504	0.00588	0.00420	0.00336	0.00294	0.00084	0.00588	0.00210	0.00168	0.00378
161	0.00681	0.04039	0.68904	0.01000	0.01448	0.00785	0.16540	0.01033	0.00703	0.01027	0.00595	0.00719	0.00428	0.00303	0.00321	0.00104	0.00490	0.00265	0.00143	0.00472
162	0.01463	0.00555	0.00757	0.00580	0.00832	0.00479	0.00479	0.01589	0.00933	0.86732	0.01286	0.01110	0.00807	0.00404	0.00328	0.00101	0.00277	0.00328	0.00404	0.00555
163	0.00393	0.00327	0.00345	0.00357	0.00452	0.00281	0.00261	0.00483	0.01886	0.00879	0.03001	0.18661	0.69835	0.00856	0.00390	0.00114	0.00171	0.00727	0.00303	0.00277
164	0.00466	0.00349	0.00524	0.00524	0.00582	0.00408	0.00408	0.00582	0.00524	0.00757	0.00873	0.01281	0.00815	0.02446	0.87248	0.00524	0.00873	0.00349	0.00175	0.00291
165	0.00807	0.65536	0.08529	0.16504	0.01141	0.01143	0.00674	0.00955	0.00663	0.00801	0.00487	0.00600	0.00421	0.00290	0.00239	0.00080	0.00375	0.00201	0.00140	0.00413
166	0.00495	0.00366	0.00483	0.00542	0.00625	0.00354	0.00465	0.00631	0.00749	0.00955	0.02068	0.03561	0.20174	0.00885	0.00436	0.00141	0.00271	0.66203	0.00301	0.00295
167	0.00791	0.00370	0.00411	0.00370	0.00486	0.00358	0.00288	0.03401	0.00757	0.17727	0.01098	0.01183	0.00822	0.00385	0.00250	0.00081	0.00182	0.00308	0.70371	0.00360
168	0.00740	0.16746	0.01230	0.37316	0.32823	0.00849	0.00863	0.00953	0.03715	0.00925	0.00595	0.00796	0.00482	0.00309	0.00304	0.00097	0.00395	0.00272	0.00157	0.00435
169	0.00689	0.00654	0.01110	0.55076	0.34356	0.00744	0.00942	0.00897	0.00687	0.00922	0.00592	0.00846	0.00466	0.00312	0.00325	0.00104	0.00417	0.00290	0.00151	0.00421
170	0.01126	0.01365	0.01004	0.02288	0.17507	0.66244	0.00706	0.03397	0.00897	0.00882	0.00533	0.00641	0.00442	0.00331	0.00309	0.00088	0.01433	0.00230	0.00170	0.00409
171	0.00397	0.00284	0.00378	0.00454	0.00473	0.00265	0.00303	0.00454	0.00624	0.00832	0.01797	0.88327	0.02157	0.01022	0.00416	0.00132	0.00189	0.00927	0.00303	0.00265
172	0.18143	0.66144	0.01421	0.00548	0.00807	0.04639	0.00522	0.02328	0.00669	0.01698	0.00468	0.00536	0.00412	0.00289	0.00214	0.00077	0.00339	0.00179	0.00158	0.00408
173	0.00403	0.00345	0.00348	0.00344	0.00457	0.00297	0.00259	0.00520	0.04148	0.00904	0.03947	0.03055	0.82238	0.00809	0.00383	0.00110	0.00169	0.00675	0.00304	0.00285
174	0.01705	0.00668	0.00823	0.00620	0.00882	0.00623	0.04390	0.23117	0.03628	0.22544	0.04396	0.00910	0.00705	0.00347	0.00300	0.00082	0.00292	0.00283	0.00290	0.33394
175	0.00623	0.00782	0.16652	0.71908	0.02094	0.00730	0.00960	0.00870	0.00659	0.00870	0.00581	0.00836	0.00431	0.00323	0.00323	0.00108	0.00443	0.00281	0.00144	0.00384
176	0.00820	0.00575	0.00691	0.00501	0.00784	0.00443	0.00403	0.00961	0.00723	0.16700	0.00709	0.00755	0.00542	0.00271	0.00257	0.00058	0.00248	0.00218	0.00232	0.74110
177	0.02040	0.02803	0.01028	0.00978	0.16597	0.13195	0.00680	0.49760	0.06994	0.01616	0.00739	0.00781	0.00553	0.00365	0.00318	0.00096	0.00388	0.00283	0.00269	0.00515
178	0.00470	0.00318	0.00371	0.00374	0.00380	0.00322	0.00220	0.00482	0.00485	0.00651	0.01047	0.05645	0.01195	0.77669	0.08799	0.00326	0.00358	0.00483	0.00200	0.00208
179	0.03299	0.28866	0.08281	0.00716	0.03951	0.07461	0.00630	0.25343	0.00980	0.15647	0.00710	0.00726	0.00525	0.00340	0.00282	0.00088	0.00367	0.00247	0.00242	0.01298
180	0.01068	0.01191	0.00835	0.00740	0.00904	0.54505	0.00565	0.12516	0.03492	0.02560	0.16244	0.00981	0.00947	0.00411	0.00328	0.00091	0.01695	0.00298	0.00233	0.00396
181	0.00397	0.00284	0.00378	0.00454	0.00473	0.00265	0.00303	0.00454	0.00624	0.00832	0.01797	0.88327	0.02157	0.01022	0.00416	0.00132	0.00189	0.00927	0.00303	0.00265
182	0.01218	0.01554	0.00924	0.00840	0.01008	0.87231	0.00630	0.01302	0.00924	0.00798	0.00504	0.00588	0.00420	0.00336	0.00294	0.00084	0.00588	0.00210	0.00168	0.00378
183	0.08198	0.01232	0.00929	0.11493	0.02158	0.54169	0.03123	0.09824	0.02121	0.02997	0.00574	0.00670	0.00451	0.00339	0.00298	0.00091	0.00504	0.00237	0.00192	0.00402
184	0.00409	0.00303	0.00384	0.00441	0.00485	0.00278	0.00312	0.00482	0.00670	0.00873	0.05457	0.61267	0.18288	0.00960	0.00412	0.00128	0.00193	0.08082	0.00305	0.00272
185	0.00403	0.00331	0.00355	0.00349	0.00451	0.00283	0.00262	0.00502	0.00785	0.00980	0.22619	0.02975	0.66996	0.00789	0.00385	0.00108	0.00163	0.00665	0.00316	0.00283
186	0.01344	0.00582	0.00753	0.00595	0.00835	0.00540	0.00486	0.01615	0.16445	0.71150	0.01294	0.01129	0.00842	0.00411	0.00329	0.00103	0.00274	0.00335	0.00390	0.00548
187	0.00770	0.00880	0.01924	0.01374	0.01704	0.00825	0.85322	0.01045	0.00770	0.01045	0.00660	0.00880	0.00495	0.00275	0.00385	0.00110	0.00550	0.00385	0.00165	0.00440
188	0.16970	0.00390	0.00448	0.00416	0.00517	0.00387	0.00318	0.00689	0.00856	0.02326	0.69672	0.02073	0.02553	0.00597	0.00351	0.00102	0.00173	0.00511	0.00331	0.00319
189	0.00437	0.00330	0.00403	0.00389	0.00473	0.00297	0.00290	0.00566	0.00859	0.01166	0.59056	0.06069	0.27017	0.00727	0.00386	0.00106	0.00159	0.00632	0.00341	0.00297
190	0.01240	0.00913	0.00979	0.00750	0.01011	0.01011	0.00620	0.85419	0.01533	0.02055	0.00783	0.00783	0.00555	0.00391	0.00326	0.00098	0.00359	0.00294	0.00326	0.00555
191	0.17595	0.00862	0.00887	0.00692	0.00942	0.00960	0.00571	0.70002	0.01355	0.01947	0.00723	0.00737	0.00518	0.00375	0.00303	0.00098	0.00339	0.00272	0.00303	0.00518
192	0.00447	0.00324	0.00422	0.00416	0.00483	0.00299	0.00305	0.00581	0.00862	0.01207	0.68110	0.18137	0.05711	0.00737	0.00390	0.00108	0.00161	0.00655	0.00347	0.00299
193	0.00889	0.00739	0.00781	0.00679	0.00878	0.00848	0.00535	0.17008	0.70514	0.01490	0.01228	0.01137	0.00915	0.00433	0.00331	0.00108	0.00276	0.00355	0.00331	0.00523
194	0.01463	0.00555	0.00757	0.00580	0.00832	0.00479	0.00479	0.01589	0.00933	0.86732	0.01286	0.01110	0.00807	0.00404	0.00328	0.00101	0.00277	0.00328	0.00404	0.00555
195	0.01240	0.00913	0.00979	0.00750	0.01011	0.01011	0.00620	0.85419	0.01533	0.02055	0.00783	0.00783	0.00555	0.00391	0.00326	0.00098	0.00359	0.00294	0.00326	0.00555
196	0.00421	0.00300	0.00405	0.00481	0.00510	0.00285	0.00343	0.00494	0.00647	0.00859	0.01784	0.72876	0.02106	0.01000	0.00422	0.00136	0.00209	0.16147	0.00302	0.00271
197	0.00616	0.00580	0.00978	0.87756	0.02246	0.00724	0.00906	0.00833	0.00652	0.00833	0.00580	0.00869	0.00435	0.00326	0.00326	0.00109	0.00435	0.00290	0.00145	0.00362
198	0.00474	0.00316	0.00356	0.00356	0.00356	0.00316	0.00198	0.00474	0.00474	0.00632	0.01027	0.02134	0.01186	0.88540	0.01660	0.00316	0.00316	0.00474	0.00198	0.00198
199	0.00859	0.65837	0.02345	0.00561	0.00843	0.01110	0.00537	0.06636	0.00724	0.00911	0.00500	0.00570	0.00439	0.00280	0.00224	0.00068	0.00331	0.00187	0.00162	0.16877
200	0.90843	0.00631	0.00479	0.00429	0.00631	0.00732	0.00353	0.00959	0.00555	0.01463	0.00454	0.00530	0.00353	0.00303	0.00202	0.00101	0.00252	0.00177	0.00202	0.00353
201	0.01161	0.00888	0.01042	0.00979	0.16616	0.00968	0.00689	0.70010	0.01389	0.01874	0.00752	0.00787	0.00548	0.00373	0.00326	0.00098	0.00364	0.00293	0.00296	0.00548
202	0.00397	0.00284	0.00378	0.00454	0.00473	0.00265	0.00303	0.00454	0.00624	0.00832	0.01797	0.88327	0.02157	0.01022	0.00416	0.00132	0.00189	0.00927	0.00303	0.00265
