[name]
unknown

[dist]
# distance from previous block
# <min> <max>
0	0

[block]
# block no. 0 follows, 73 sequences, length 39
# corresponding to MSA columns:
# 5,6,10-12,14-29,31-35,38-44,46-51
name=unknown_A
#
# <colnr> <probs for GDERKNQSTAVLIFYWHMCP>
#	G	D	E	R	K	N	Q	S	T	A	V	L	I	F	Y	W	H	M	C	P
0	0.00605	0.00432	0.00605	0.00691	0.00777	0.00432	0.00605	0.00777	0.00864	0.01123	0.01986	0.04232	0.02159	0.01036	0.00518	0.00173	0.00345	0.81949	0.00345	0.00345
1	0.00709	0.00667	0.01125	0.85913	0.02584	0.00834	0.01042	0.00959	0.00750	0.00959	0.00667	0.01000	0.00500	0.00375	0.00375	0.00125	0.00500	0.00333	0.00167	0.00417
2	0.00752	0.01941	0.84871	0.01069	0.01624	0.00871	0.01386	0.01188	0.00792	0.01188	0.00673	0.00792	0.00475	0.00356	0.00356	0.00119	0.00554	0.00277	0.00158	0.00554
3	0.00443	0.00380	0.00380	0.00380	0.00507	0.00317	0.00285	0.00538	0.00855	0.01014	0.03801	0.03611	0.84322	0.00950	0.00443	0.00127	0.00190	0.00792	0.00348	0.00317
4	0.00464	0.00381	0.00409	0.00402	0.00519	0.00325	0.00301	0.00578	0.00904	0.01129	0.22698	0.03421	0.65353	0.00907	0.00443	0.00125	0.00187	0.00765	0.00364	0.00325
5	0.00940	0.00866	0.01145	0.00961	0.01020	0.01152	0.00800	0.17159	0.00809	0.01192	0.00573	0.00837	0.00521	0.00616	0.01062	0.00154	0.69202	0.00330	0.00206	0.00455
6	0.00452	0.00348	0.00413	0.00466	0.00529	0.00310	0.00323	0.00529	0.00773	0.00980	0.02757	0.53561	0.35046	0.01086	0.00465	0.00142	0.00207	0.00957	0.00348	0.00310
7	0.01319	0.01043	0.01341	0.01005	0.01321	0.01121	0.16984	0.67027	0.01590	0.02135	0.00873	0.00923	0.00624	0.00424	0.00389	0.00115	0.00456	0.00359	0.00339	0.00612
8	0.01024	0.00665	0.00737	0.00648	0.00848	0.00716	0.00508	0.01684	0.47233	0.18680	0.01542	0.01457	0.04171	0.00502	0.00360	0.00117	0.00273	0.00414	0.17877	0.00544
9	0.89465	0.00726	0.00551	0.00493	0.00726	0.00842	0.00406	0.01103	0.00638	0.01683	0.00522	0.00609	0.00406	0.00348	0.00232	0.00116	0.00290	0.00203	0.00232	0.00406
10	0.00886	0.01012	0.02214	0.01581	0.01961	0.00949	0.83112	0.01202	0.00886	0.01202	0.00759	0.01012	0.00569	0.00316	0.00443	0.00127	0.00633	0.00443	0.00190	0.00506
11	0.00894	0.00407	0.00453	0.00412	0.00540	0.00390	0.00319	0.01063	0.00843	0.17855	0.01274	0.01375	0.00955	0.00442	0.00285	0.00093	0.00203	0.00355	0.71435	0.00407
12	0.89465	0.00726	0.00551	0.00493	0.00726	0.00842	0.00406	0.01103	0.00638	0.01683	0.00522	0.00609	0.00406	0.00348	0.00232	0.00116	0.00290	0.00203	0.00232	0.00406
13	0.01401	0.01788	0.01063	0.00967	0.01160	0.85309	0.00725	0.01498	0.01063	0.00918	0.00580	0.00677	0.00483	0.00387	0.00338	0.00097	0.00677	0.00242	0.00193	0.00435
14	0.00886	0.01012	0.02214	0.01581	0.01961	0.00949	0.83112	0.01202	0.00886	0.01202	0.00759	0.01012	0.00569	0.00316	0.00443	0.00127	0.00633	0.00443	0.00190	0.00506
15	0.00450	0.00380	0.00390	0.00387	0.00511	0.00320	0.00290	0.00552	0.00871	0.01052	0.10101	0.03547	0.77998	0.00936	0.00443	0.00126	0.00189	0.00783	0.00353	0.00320
16	0.72107	0.00747	0.00638	0.00546	0.00791	0.00842	0.00450	0.08874	0.00789	0.10364	0.00657	0.00706	0.00482	0.00370	0.00261	0.00116	0.00305	0.00234	0.00270	0.00452
17	0.01517	0.00734	0.00909	0.00716	0.00995	0.00716	0.00585	0.15326	0.14882	0.57336	0.01392	0.01235	0.00916	0.00469	0.00378	0.00117	0.00331	0.00379	0.00436	0.00631
18	0.01612	0.00724	0.04695	0.00730	0.02735	0.00605	0.00610	0.06077	0.01093	0.74879	0.01397	0.01228	0.00886	0.00456	0.00376	0.00116	0.00337	0.00370	0.00440	0.00634
19	0.00546	0.00364	0.00409	0.00409	0.00409	0.00364	0.00227	0.00546	0.00546	0.00727	0.01182	0.02455	0.01364	0.86815	0.01910	0.00364	0.00364	0.00546	0.00227	0.00227
20	0.00652	0.00326	0.00489	0.00489	0.00489	0.00326	0.00326	0.00489	0.00489	0.00652	0.00652	0.01140	0.00652	0.01303	0.01466	0.89084	0.00326	0.00326	0.00163	0.00163
21	0.00878	0.01653	0.55397	0.01150	0.01626	0.05071	0.18243	0.09240	0.00920	0.01293	0.00709	0.00843	0.00511	0.00359	0.00375	0.00119	0.00563	0.00316	0.00188	0.00547
22	0.05761	0.00814	0.00849	0.04602	0.01038	0.02571	0.00606	0.01889	0.73892	0.01535	0.01415	0.01324	0.01063	0.00492	0.00372	0.00126	0.00313	0.00404	0.00360	0.00573
23	0.00443	0.00380	0.00380	0.00380	0.00507	0.00317	0.00285	0.00538	0.00855	0.01014	0.03801	0.03611	0.84322	0.00950	0.00443	0.00127	0.00190	0.00792	0.00348	0.00317
24	0.00839	0.00512	0.00526	0.00481	0.00618	0.01606	0.00372	0.07945	0.13877	0.05251	0.01353	0.01433	0.04373	0.00471	0.00304	0.00099	0.00227	0.00378	0.58910	0.00425
25	0.57478	0.05571	0.04956	0.00648	0.00917	0.03755	0.05024	0.06041	0.01785	0.09842	0.00674	0.00735	0.00500	0.00366	0.00278	0.00114	0.00351	0.00249	0.00254	0.00463
26	0.00752	0.01941	0.84871	0.01069	0.01624	0.00871	0.01386	0.01188	0.00792	0.01188	0.00673	0.00792	0.00475	0.00356	0.00356	0.00119	0.00554	0.00277	0.00158	0.00554
27	0.00821	0.00821	0.01149	0.00985	0.00985	0.01149	0.00821	0.00903	0.00575	0.00903	0.00492	0.00821	0.00492	0.00657	0.01231	0.00164	0.86128	0.00328	0.00164	0.00410
28	0.76713	0.00709	0.00568	0.00502	0.00727	0.00811	0.00412	0.04811	0.00710	0.03321	0.00614	0.00698	0.00471	0.00362	0.00244	0.00114	0.00287	0.00224	0.07285	0.00417
29	0.00454	0.00338	0.00423	0.00491	0.00536	0.00307	0.00334	0.00526	0.00749	0.00970	0.02456	0.67985	0.20816	0.01125	0.00471	0.00147	0.00211	0.01005	0.00348	0.00307
30	0.04319	0.81241	0.01886	0.00646	0.00960	0.03993	0.00636	0.01134	0.00767	0.00914	0.00523	0.00604	0.00479	0.00324	0.00243	0.00082	0.00405	0.00202	0.00164	0.00477
31	0.08690	0.08550	0.00898	0.00762	0.06319	0.19180	0.00543	0.07781	0.00887	0.07407	0.04663	0.04379	0.00955	0.19189	0.04709	0.00184	0.00448	0.00381	0.00253	0.03824
32	0.01244	0.23111	0.07262	0.00889	0.01169	0.37565	0.03309	0.18876	0.01113	0.01247	0.00646	0.00724	0.00518	0.00379	0.00326	0.00098	0.00541	0.00261	0.00221	0.00501
33	0.89465	0.00726	0.00551	0.00493	0.00726	0.00842	0.00406	0.01103	0.00638	0.01683	0.00522	0.00609	0.00406	0.00348	0.00232	0.00116	0.00290	0.00203	0.00232	0.00406
34	0.01163	0.01296	0.03796	0.02723	0.02116	0.39964	0.08601	0.09101	0.10503	0.03640	0.03919	0.01018	0.00754	0.04682	0.00488	0.00124	0.05054	0.00335	0.00246	0.00476
35	0.00524	0.00385	0.00545	0.00557	0.00610	0.00425	0.00412	0.00629	0.00625	0.00878	0.02747	0.14291	0.02785	0.14354	0.57900	0.00485	0.00768	0.00533	0.00233	0.00315
36	0.04104	0.00728	0.00945	0.00827	0.01848	0.02034	0.03111	0.05888	0.09078	0.01217	0.16289	0.04500	0.05619	0.00655	0.00798	0.00142	0.41072	0.00452	0.00265	0.00428
37	0.73122	0.05281	0.00696	0.00605	0.05319	0.00852	0.00462	0.01094	0.00668	0.01581	0.00544	0.00639	0.00432	0.00341	0.00244	0.00109	0.00304	0.00212	0.00225	0.07272
38	0.02672	0.16193	0.09097	0.00884	0.05576	0.09818	0.00735	0.02271	0.27288	0.01221	0.05112	0.01998	0.01806	0.00482	0.00477	0.00119	0.13138	0.00351	0.00257	0.00505

[dist]
# distance from previous block
# <min> <max>
0	1

[block]
# block no. 1 follows, 73 sequences, length 18
# corresponding to MSA columns:
# 58-62,134-146
name=unknown_B
#
# <colnr> <probs for GDERKNQSTAVLIFYWHMCP>
#	G	D	E	R	K	N	Q	S	T	A	V	L	I	F	Y	W	H	M	C	P
0	0.01124	0.42308	0.09505	0.00805	0.01118	0.16429	0.02311	0.16497	0.04519	0.01229	0.00664	0.00731	0.00540	0.00368	0.00304	0.00096	0.00468	0.00255	0.00216	0.00514
1	0.03053	0.27363	0.14877	0.04419	0.05427	0.01066	0.00802	0.03420	0.07153	0.02940	0.00683	0.00809	0.00561	0.00403	0.00460	0.00107	0.14833	0.00274	0.00201	0.11149
2	0.00593	0.00704	0.12945	0.00647	0.00836	0.02406	0.06857	0.04207	0.00867	0.01118	0.06289	0.23518	0.35905	0.00828	0.00434	0.00130	0.00304	0.00721	0.00309	0.00381
3	0.00802	0.01001	0.12278	0.07813	0.01723	0.00850	0.50567	0.01097	0.00869	0.01198	0.09518	0.01323	0.00939	0.00422	0.00461	0.00128	0.03834	0.04486	0.00214	0.00478
4	0.00910	0.00812	0.02447	0.14412	0.34861	0.00854	0.00886	0.14125	0.12520	0.01377	0.01023	0.12223	0.00909	0.00494	0.00388	0.00121	0.00400	0.00442	0.00261	0.00535
5	0.01216	0.29419	0.13730	0.00840	0.04193	0.02442	0.00776	0.24925	0.01120	0.16663	0.00836	0.00852	0.00611	0.00391	0.00328	0.00103	0.00418	0.00289	0.00279	0.00569
6	0.04033	0.00730	0.01211	0.60219	0.24603	0.00849	0.01048	0.01016	0.00774	0.01057	0.00672	0.00967	0.00522	0.00363	0.00369	0.00121	0.00478	0.00329	0.00174	0.00464
7	0.00456	0.00331	0.00431	0.00511	0.00541	0.00306	0.00343	0.00524	0.00729	0.00962	0.02201	0.80196	0.08769	0.01158	0.00476	0.00150	0.00216	0.01045	0.00348	0.00306
8	0.09041	0.26736	0.13543	0.00839	0.01131	0.36604	0.00768	0.05376	0.00932	0.01087	0.00587	0.00677	0.00482	0.00363	0.00305	0.00098	0.00530	0.00236	0.00191	0.00474
9	0.00531	0.00383	0.00501	0.00472	0.00560	0.00354	0.00354	0.00708	0.01062	0.01504	0.84277	0.02802	0.03540	0.00767	0.00442	0.00118	0.00177	0.00678	0.00413	0.00354
10	0.00539	0.00392	0.00552	0.00552	0.00601	0.00441	0.00405	0.00637	0.00588	0.00833	0.01052	0.01734	0.01051	0.25105	0.63191	0.00539	0.00835	0.00440	0.00208	0.00306
11	0.00545	0.00367	0.00428	0.00428	0.00435	0.00374	0.00251	0.00558	0.00551	0.00741	0.01165	0.02360	0.01323	0.78644	0.10023	0.00387	0.00426	0.00532	0.00225	0.00238
12	0.01421	0.01557	0.01069	0.00928	0.01151	0.61139	0.00714	0.21093	0.01232	0.05231	0.00699	0.00759	0.00541	0.00406	0.00349	0.00101	0.00596	0.00271	0.00250	0.00493
13	0.00783	0.01822	0.74172	0.01118	0.01648	0.00887	0.09908	0.03211	0.00826	0.01219	0.00688	0.00818	0.00489	0.00355	0.00366	0.00119	0.00559	0.00296	0.00167	0.00551
14	0.01526	0.00620	0.00831	0.00652	0.00917	0.00550	0.00533	0.01720	0.05186	0.71903	0.10133	0.01442	0.01212	0.00498	0.00384	0.00117	0.00303	0.00411	0.00455	0.00607
15	0.01335	0.01067	0.01080	0.09743	0.01284	0.12828	0.00729	0.51901	0.06769	0.08134	0.00915	0.00940	0.00656	0.00438	0.00371	0.00113	0.00444	0.00332	0.00335	0.00584
16	0.06498	0.10119	0.01153	0.00827	0.01100	0.16444	0.00682	0.48154	0.01399	0.07235	0.00811	0.00835	0.00596	0.00424	0.00363	0.00108	0.02073	0.00301	0.00313	0.00567
17	0.58322	0.00775	0.00754	0.14757	0.01089	0.04481	0.00585	0.01067	0.00666	0.01419	0.00545	0.00707	0.00437	0.00398	0.00403	0.00124	0.12607	0.00244	0.00210	0.00410

[dist]
# distance from previous block
# <min> <max>
0	1

[block]
# block no. 2 follows, 73 sequences, length 115
# corresponding to MSA columns:
# 204-220,224-232,352-361,411-423,485-506,518-548,585-597
name=unknown_C
#
# <colnr> <probs for GDERKNQSTAVLIFYWHMCP>
#	G	D	E	R	K	N	Q	S	T	A	V	L	I	F	Y	W	H	M	C	P
0	0.00912	0.00875	0.01493	0.08526	0.78379	0.00887	0.01143	0.01137	0.00847	0.01206	0.00703	0.00934	0.00587	0.00337	0.00372	0.00112	0.00450	0.00334	0.00184	0.00581
1	0.00571	0.00379	0.00569	0.00569	0.00616	0.00426	0.00426	0.00616	0.00569	0.00805	0.00899	0.01374	0.00852	0.02362	0.60232	0.27081	0.00802	0.00379	0.00190	0.00283
2	0.00531	0.00383	0.00501	0.00472	0.00560	0.00354	0.00354	0.00708	0.01062	0.01504	0.84277	0.02802	0.03540	0.00767	0.00442	0.00118	0.00177	0.00678	0.00413	0.00354
3	0.00778	0.00667	0.00778	0.00556	0.00889	0.00500	0.00445	0.00945	0.00778	0.01223	0.00667	0.00778	0.00556	0.00278	0.00278	0.00056	0.00278	0.00222	0.00222	0.89108
4	0.00709	0.00667	0.01125	0.85913	0.02584	0.00834	0.01042	0.00959	0.00750	0.00959	0.00667	0.01000	0.00500	0.00375	0.00375	0.00125	0.00500	0.00333	0.00167	0.00417
5	0.01571	0.00819	0.00982	0.00753	0.01048	0.00819	0.00622	0.37416	0.01376	0.48720	0.01227	0.01112	0.00802	0.00458	0.00376	0.00115	0.00360	0.00360	0.00425	0.00638
6	0.00510	0.00383	0.00472	0.00450	0.00548	0.00345	0.00337	0.00667	0.01012	0.01386	0.64902	0.02997	0.22988	0.00811	0.00443	0.00120	0.00180	0.00706	0.00397	0.00345
7	0.01000	0.00948	0.00741	0.00716	0.00844	0.33901	0.00529	0.01096	0.00907	0.11544	0.01371	0.35516	0.01426	0.00741	0.00404	0.00124	0.00415	0.03667	0.03711	0.00402
8	0.00528	0.00383	0.00497	0.00469	0.00559	0.00353	0.00352	0.00702	0.01055	0.01488	0.81503	0.02830	0.06324	0.00773	0.00443	0.00118	0.00177	0.00682	0.00411	0.00353
9	0.01003	0.87041	0.01966	0.00642	0.00963	0.01485	0.00642	0.01123	0.00762	0.00883	0.00522	0.00602	0.00481	0.00321	0.00241	0.00080	0.00401	0.00201	0.00160	0.00481
10	0.00457	0.00326	0.00435	0.00522	0.00544	0.00305	0.00348	0.00522	0.00718	0.00958	0.02068	0.86570	0.02481	0.01175	0.00479	0.00152	0.00218	0.01067	0.00348	0.00305
11	0.00752	0.01941	0.84871	0.01069	0.01624	0.00871	0.01386	0.01188	0.00792	0.01188	0.00673	0.00792	0.00475	0.00356	0.00356	0.00119	0.00554	0.00277	0.00158	0.00554
12	0.00778	0.00667	0.00778	0.00556	0.00889	0.00500	0.00445	0.00945	0.00778	0.01223	0.00667	0.00778	0.00556	0.00278	0.00278	0.00056	0.00278	0.00222	0.00222	0.89108
13	0.71031	0.00729	0.00632	0.00540	0.00785	0.00814	0.00445	0.05636	0.00767	0.14677	0.00692	0.00729	0.00500	0.00372	0.00263	0.00116	0.00301	0.00238	0.00276	0.00455
14	0.00931	0.00789	0.00837	0.00752	0.00961	0.00907	0.00585	0.01947	0.79680	0.02851	0.04367	0.01446	0.01224	0.00517	0.00384	0.00127	0.00293	0.00432	0.00384	0.00586
15	0.00466	0.00378	0.00418	0.00443	0.00547	0.00329	0.00336	0.00566	0.00834	0.01018	0.03285	0.17359	0.60433	0.00998	0.00459	0.00137	0.00214	0.11113	0.00348	0.00318
16	0.00986	0.81377	0.07483	0.00670	0.01007	0.01444	0.00691	0.01128	0.00764	0.00903	0.00532	0.00614	0.00481	0.00323	0.00248	0.00083	0.00411	0.00206	0.00160	0.00486
17	0.05238	0.00836	0.00906	0.00733	0.00994	0.09642	0.00592	0.10158	0.13754	0.49349	0.01271	0.01155	0.00853	0.00461	0.00386	0.00116	0.02205	0.00358	0.00398	0.00595
18	0.00514	0.00383	0.00477	0.00454	0.00550	0.00347	0.00340	0.00674	0.01021	0.01407	0.68253	0.02963	0.19624	0.00803	0.00443	0.00120	0.00180	0.00701	0.00400	0.00347
19	0.00780	0.00740	0.01254	0.58756	0.29182	0.00852	0.01077	0.01021	0.00784	0.01045	0.00679	0.00977	0.00531	0.00362	0.00374	0.00121	0.00482	0.00334	0.00173	0.00474
20	0.03598	0.01266	0.01031	0.00867	0.01111	0.33429	0.00683	0.33008	0.13435	0.06554	0.00894	0.00903	0.00664	0.00433	0.00359	0.00109	0.00489	0.00312	0.00308	0.00548
21	0.22546	0.00973	0.00988	0.00774	0.01058	0.01086	0.00639	0.63523	0.01494	0.02201	0.00810	0.00831	0.00582	0.00426	0.00341	0.00113	0.00383	0.00305	0.00341	0.00582
22	0.01067	0.01026	0.07128	0.03872	0.20262	0.11719	0.06788	0.10521	0.02257	0.09894	0.00790	0.00901	0.00603	0.00371	0.00381	0.00103	0.03200	0.00309	0.00244	0.18564
23	0.00522	0.00447	0.00607	0.00563	0.00678	0.00420	0.07481	0.00636	0.00799	0.01010	0.04432	0.13925	0.45413	0.06315	0.06226	0.00181	0.03258	0.06442	0.00312	0.00333
24	0.83385	0.00733	0.00591	0.03794	0.00810	0.00851	0.00440	0.03581	0.00677	0.01676	0.00539	0.00633	0.00417	0.00352	0.00242	0.00116	0.00302	0.00212	0.00234	0.00414
25	0.09263	0.06158	0.03207	0.00902	0.01118	0.58696	0.01673	0.06199	0.04667	0.01108	0.00634	0.00723	0.00516	0.00396	0.00358	0.00103	0.03355	0.00256	0.00212	0.00457
26	0.00462	0.00330	0.00441	0.00528	0.00552	0.00309	0.00357	0.00531	0.00723	0.00963	0.02065	0.83743	0.02470	0.01171	0.00480	0.00153	0.00222	0.03843	0.00348	0.00306
27	0.00545	0.00365	0.00417	0.00417	0.00420	0.00368	0.00237	0.00551	0.00548	0.00733	0.01175	0.02416	0.01347	0.83446	0.05255	0.00373	0.00389	0.00540	0.00226	0.00232
28	0.00709	0.00667	0.01125	0.85913	0.02584	0.00834	0.01042	0.00959	0.00750	0.00959	0.00667	0.01000	0.00500	0.00375	0.00375	0.00125	0.00500	0.00333	0.00167	0.00417
29	0.00778	0.00667	0.00778	0.00556	0.00889	0.00500	0.00445	0.00945	0.00778	0.01223	0.00667	0.00778	0.00556	0.00278	0.00278	0.00056	0.00278	0.00222	0.00222	0.89108
30	0.01003	0.87041	0.01966	0.00642	0.00963	0.01485	0.00642	0.01123	0.00762	0.00883	0.00522	0.00602	0.00481	0.00321	0.00241	0.00080	0.00401	0.00201	0.00160	0.00481
31	0.01403	0.01748	0.01067	0.00961	0.01160	0.80779	0.00724	0.05897	0.01101	0.00996	0.00597	0.00689	0.00492	0.00390	0.00340	0.00098	0.00662	0.00247	0.00203	0.00446
32	0.00545	0.00397	0.00536	0.00545	0.00583	0.00436	0.00392	0.00625	0.00610	0.00847	0.01222	0.10986	0.01310	0.31798	0.39101	0.00430	0.03594	0.05512	0.00233	0.00297
33	0.00450	0.00380	0.00389	0.00387	0.00511	0.00319	0.00290	0.00551	0.00870	0.01049	0.09676	0.03552	0.78425	0.00937	0.00443	0.00126	0.00189	0.00784	0.00353	0.00319
34	0.04246	0.00510	0.00552	0.00514	0.00578	0.02940	0.00347	0.10927	0.00728	0.01006	0.01077	0.01972	0.01139	0.56076	0.14331	0.00348	0.00471	0.00473	0.01456	0.00310
35	0.84740	0.00721	0.00569	0.00503	0.00738	0.00826	0.00414	0.01142	0.00662	0.06154	0.00574	0.00645	0.00434	0.00355	0.00240	0.00116	0.00292	0.00213	0.00245	0.00419
36	0.00882	0.05712	0.08353	0.01493	0.01882	0.00972	0.72590	0.01197	0.00872	0.01184	0.00740	0.00974	0.00558	0.00320	0.00425	0.00123	0.00614	0.00417	0.00186	0.00508
37	0.01431	0.01027	0.01109	0.00852	0.01150	0.01130	0.00703	0.77918	0.03070	0.06378	0.00939	0.00927	0.00661	0.00452	0.00376	0.00113	0.00406	0.00341	0.00380	0.00637
38	0.19289	0.00985	0.01009	0.00788	0.01075	0.01098	0.00651	0.66561	0.01536	0.02226	0.00824	0.00842	0.00591	0.00430	0.00346	0.00113	0.00388	0.00310	0.00346	0.00591
39	0.01683	0.00638	0.00871	0.00668	0.00958	0.00551	0.00551	0.01828	0.01074	0.84734	0.01480	0.01277	0.00929	0.00464	0.00377	0.00116	0.00319	0.00377	0.00464	0.00638
40	0.89465	0.00726	0.00551	0.00493	0.00726	0.00842	0.00406	0.01103	0.00638	0.01683	0.00522	0.00609	0.00406	0.00348	0.00232	0.00116	0.00290	0.00203	0.00232	0.00406
41	0.01401	0.01788	0.01063	0.00967	0.01160	0.85309	0.00725	0.01498	0.01063	0.00918	0.00580	0.00677	0.00483	0.00387	0.00338	0.00097	0.00677	0.00242	0.00193	0.00435
42	0.00762	0.00760	0.00648	0.00602	0.00719	0.23131	0.00451	0.00914	0.01056	0.01331	0.59233	0.02259	0.05333	0.00671	0.00415	0.00113	0.00311	0.00565	0.00352	0.00374
43	0.00652	0.00326	0.00489	0.00489	0.00489	0.00326	0.00326	0.00489	0.00489	0.00652	0.00652	0.01140	0.00652	0.01303	0.01466	0.89084	0.00326	0.00326	0.00163	0.00163
44	0.01683	0.00638	0.00871	0.00668	0.00958	0.00551	0.00551	0.01828	0.01074	0.84734	0.01480	0.01277	0.00929	0.00464	0.00377	0.00116	0.00319	0.00377	0.00464	0.00638
45	0.00929	0.00890	0.01509	0.02272	0.82792	0.00892	0.01140	0.01168	0.02525	0.01233	0.00722	0.00938	0.00605	0.00338	0.00372	0.00112	0.00443	0.00336	0.00190	0.00594
46	0.89465	0.00726	0.00551	0.00493	0.00726	0.00842	0.00406	0.01103	0.00638	0.01683	0.00522	0.00609	0.00406	0.00348	0.00232	0.00116	0.00290	0.00203	0.00232	0.00406
47	0.00775	0.00748	0.01041	0.00904	0.00909	0.01027	0.00741	0.00853	0.00574	0.00884	0.00593	0.01019	0.00605	0.08768	0.07386	0.00214	0.72043	0.00354	0.00173	0.00388
48	0.00536	0.00402	0.00603	0.00603	0.00670	0.00469	0.00469	0.00670	0.00603	0.00871	0.01005	0.01474	0.00938	0.02814	0.85328	0.00603	0.01005	0.00402	0.00201	0.00335
49	0.00933	0.00806	0.00848	0.00764	0.00976	0.00933	0.00594	0.01994	0.83797	0.01569	0.01527	0.01400	0.01145	0.00509	0.00382	0.00127	0.00297	0.00424	0.00382	0.00594
50	0.00752	0.01941	0.84871	0.01069	0.01624	0.00871	0.01386	0.01188	0.00792	0.01188	0.00673	0.00792	0.00475	0.00356	0.00356	0.00119	0.00554	0.00277	0.00158	0.00554
51	0.89465	0.00726	0.00551	0.00493	0.00726	0.00842	0.00406	0.01103	0.00638	0.01683	0.00522	0.00609	0.00406	0.00348	0.00232	0.00116	0.00290	0.00203	0.00232	0.00406
52	0.01683	0.00638	0.00871	0.00668	0.00958	0.00551	0.00551	0.01828	0.01074	0.84734	0.01480	0.01277	0.00929	0.00464	0.00377	0.00116	0.00319	0.00377	0.00464	0.00638
53	0.00760	0.04386	0.82488	0.01057	0.01605	0.00889	0.01365	0.01186	0.00791	0.01179	0.00669	0.00787	0.00475	0.00355	0.00353	0.00118	0.00550	0.00275	0.00158	0.00552
54	0.00457	0.00326	0.00435	0.00522	0.00544	0.00305	0.00348	0.00522	0.00718	0.00958	0.02068	0.86570	0.02481	0.01175	0.00479	0.00152	0.00218	0.01067	0.00348	0.00305
55	0.00586	0.00400	0.00529	0.00507	0.00603	0.00372	0.00393	0.00762	0.01038	0.04795	0.70697	0.02920	0.03263	0.00788	0.00449	0.00125	0.00204	0.10799	0.00407	0.00364
56	0.00966	0.74526	0.14158	0.00705	0.01060	0.01394	0.00751	0.01133	0.00767	0.00928	0.00544	0.00630	0.00481	0.00326	0.00258	0.00086	0.00424	0.00212	0.00160	0.00492
57	0.06118	0.01016	0.01104	0.00855	0.01148	0.01125	0.02784	0.71302	0.07151	0.02245	0.00919	0.00921	0.00658	0.00445	0.00370	0.00114	0.00404	0.00339	0.00363	0.00619
58	0.00526	0.00383	0.00495	0.00467	0.00558	0.00352	0.00350	0.00699	0.01051	0.01478	0.79945	0.02846	0.07888	0.00777	0.00443	0.00118	0.00178	0.00685	0.00410	0.00352
59	0.00555	0.00397	0.00548	0.00635	0.00699	0.00389	0.00519	0.00692	0.00815	0.01068	0.02014	0.31746	0.02267	0.01083	0.00505	0.00166	0.00303	0.54922	0.00346	0.00332
60	0.00977	0.78319	0.10462	0.00686	0.01031	0.01422	0.00718	0.01130	0.00765	0.00914	0.00537	0.00621	0.00481	0.00325	0.00253	0.00084	0.00417	0.00208	0.00160	0.00489
61	0.00646	0.00410	0.00530	0.00485	0.00598	0.00372	0.00369	0.00813	0.01045	0.10349	0.68437	0.02710	0.10286	0.00751	0.00436	0.00119	0.00193	0.00656	0.00413	0.00381
62	0.00493	0.00380	0.00450	0.00437	0.00538	0.00337	0.00326	0.00633	0.00965	0.01286	0.48770	0.06485	0.35830	0.00857	0.00444	0.00123	0.00184	0.00739	0.00385	0.00337
63	0.00709	0.00667	0.01125	0.85913	0.02584	0.00834	0.01042	0.00959	0.00750	0.00959	0.00667	0.01000	0.00500	0.00375	0.00375	0.00125	0.00500	0.00333	0.00167	0.00417
64	0.00715	0.00673	0.01137	0.83510	0.04938	0.00835	0.01045	0.00964	0.00753	0.00966	0.00668	0.00998	0.00503	0.00374	0.00375	0.00125	0.00499	0.00333	0.00167	0.00422
65	0.00752	0.01941	0.84871	0.01069	0.01624	0.00871	0.01386	0.01188	0.00792	0.01188	0.00673	0.00792	0.00475	0.00356	0.00356	0.00119	0.00554	0.00277	0.00158	0.00554
66	0.01653	0.00645	0.00870	0.00671	0.00958	0.00567	0.00553	0.01835	0.04391	0.81399	0.01482	0.01282	0.00937	0.00466	0.00377	0.00117	0.00318	0.00379	0.00461	0.00637
67	0.00752	0.01941	0.84871	0.01069	0.01624	0.00871	0.01386	0.01188	0.00792	0.01188	0.00673	0.00792	0.00475	0.00356	0.00356	0.00119	0.00554	0.00277	0.00158	0.00554
68	0.62279	0.00866	0.00832	0.00686	0.00939	0.07565	0.09342	0.08338	0.00812	0.04482	0.00618	0.00706	0.00468	0.00361	0.00281	0.00115	0.00369	0.00250	0.00245	0.00447
69	0.00781	0.00415	0.00430	0.00406	0.00517	0.00423	0.00310	0.04466	0.05307	0.04658	0.01236	0.01373	0.00957	0.00443	0.00278	0.00092	0.00197	0.00354	0.76971	0.00386
70	0.00994	0.84119	0.04812	0.00657	0.00986	0.01463	0.00668	0.01126	0.00763	0.00893	0.00527	0.00608	0.00481	0.00322	0.00245	0.00082	0.00406	0.00203	0.00160	0.00484
71	0.01361	0.00984	0.01076	0.03406	0.01162	0.01085	0.00695	0.73306	0.01651	0.04912	0.00965	0.04360	0.00723	0.00477	0.00377	0.00114	0.00400	0.00368	0.01962	0.00613
72	0.00457	0.00326	0.00435	0.00522	0.00544	0.00305	0.00348	0.00522	0.00718	0.00958	0.02068	0.86570	0.02481	0.01175	0.00479	0.00152	0.00218	0.01067	0.00348	0.00305
73	0.00886	0.01012	0.02214	0.01581	0.01961	0.00949	0.83112	0.01202	0.00886	0.01202	0.00759	0.01012	0.00569	0.00316	0.00443	0.00127	0.00633	0.00443	0.00190	0.00506
74	0.89465	0.00726	0.00551	0.00493	0.00726	0.00842	0.00406	0.01103	0.00638	0.01683	0.00522	0.00609	0.00406	0.00348	0.00232	0.00116	0.00290	0.00203	0.00232	0.00406
75	0.00546	0.00364	0.00409	0.00409	0.00409	0.00364	0.00227	0.00546	0.00546	0.00727	0.01182	0.02455	0.01364	0.86815	0.01910	0.00364	0.00364	0.00546	0.00227	0.00227
76	0.00886	0.01012	0.02214	0.01581	0.01961	0.00949	0.83112	0.01202	0.00886	0.01202	0.00759	0.01012	0.00569	0.00316	0.00443	0.00127	0.00633	0.00443	0.00190	0.00506
77	0.00460	0.00379	0.00404	0.00402	0.00518	0.00323	0.00300	0.00568	0.00887	0.01100	0.18280	0.06659	0.66570	0.00926	0.00445	0.00126	0.00189	0.00782	0.00360	0.00323
78	0.01100	0.00823	0.00893	0.00767	0.01002	0.00921	0.00607	0.14275	0.61262	0.11855	0.01426	0.01309	0.01042	0.00495	0.00380	0.00124	0.00317	0.00405	0.00391	0.00606
79	0.00821	0.00821	0.01149	0.00985	0.00985	0.01149	0.00821	0.00903	0.00575	0.00903	0.00492	0.00821	0.00492	0.00657	0.01231	0.00164	0.86128	0.00328	0.00164	0.00410
80	0.01426	0.01051	0.01126	0.00863	0.01163	0.01163	0.00713	0.83224	0.01764	0.02364	0.00901	0.00901	0.00638	0.00450	0.00375	0.00113	0.00413	0.00338	0.00375	0.00638
81	0.00457	0.00326	0.00435	0.00522	0.00544	0.00305	0.00348	0.00522	0.00718	0.00958	0.02068	0.86570	0.02481	0.01175	0.00479	0.00152	0.00218	0.01067	0.00348	0.00305
82	0.89465	0.00726	0.00551	0.00493	0.00726	0.00842	0.00406	0.01103	0.00638	0.01683	0.00522	0.00609	0.00406	0.00348	0.00232	0.00116	0.00290	0.00203	0.00232	0.00406
83	0.89465	0.00726	0.00551	0.00493	0.00726	0.00842	0.00406	0.01103	0.00638	0.01683	0.00522	0.00609	0.00406	0.00348	0.00232	0.00116	0.00290	0.00203	0.00232	0.00406
84	0.89465	0.00726	0.00551	0.00493	0.00726	0.00842	0.00406	0.01103	0.00638	0.01683	0.00522	0.00609	0.00406	0.00348	0.00232	0.00116	0.00290	0.00203	0.00232	0.00406
85	0.00933	0.00806	0.00848	0.00764	0.00976	0.00933	0.00594	0.01994	0.83797	0.01569	0.01527	0.01400	0.01145	0.00509	0.00382	0.00127	0.00297	0.00424	0.00382	0.00594
86	0.89465	0.00726	0.00551	0.00493	0.00726	0.00842	0.00406	0.01103	0.00638	0.01683	0.00522	0.00609	0.00406	0.00348	0.00232	0.00116	0.00290	0.00203	0.00232	0.00406
87	0.01431	0.01043	0.01121	0.00860	0.01160	0.01152	0.00710	0.81760	0.01752	0.03845	0.00911	0.00908	0.00643	0.00451	0.00375	0.00113	0.00411	0.00338	0.00377	0.00638
88	0.89465	0.00726	0.00551	0.00493	0.00726	0.00842	0.00406	0.01103	0.00638	0.01683	0.00522	0.00609	0.00406	0.00348	0.00232	0.00116	0.00290	0.00203	0.00232	0.00406
89	0.00591	0.00422	0.00589	0.00675	0.00756	0.00420	0.00581	0.00754	0.00850	0.01108	0.01994	0.11834	0.02189	0.01049	0.00515	0.00171	0.00334	0.74481	0.00346	0.00342
90	0.89465	0.00726	0.00551	0.00493	0.00726	0.00842	0.00406	0.01103	0.00638	0.01683	0.00522	0.00609	0.00406	0.00348	0.00232	0.00116	0.00290	0.00203	0.00232	0.00406
91	0.00933	0.00806	0.00848	0.00764	0.00976	0.00933	0.00594	0.01994	0.83797	0.01569	0.01527	0.01400	0.01145	0.00509	0.00382	0.00127	0.00297	0.00424	0.00382	0.00594
92	0.00457	0.00326	0.00435	0.00522	0.00544	0.00305	0.00348	0.00522	0.00718	0.00958	0.02068	0.86570	0.02481	0.01175	0.00479	0.00152	0.00218	0.01067	0.00348	0.00305
93	0.00461	0.00329	0.00440	0.00527	0.00550	0.00308	0.00355	0.00529	0.00722	0.00962	0.02066	0.84477	0.02473	0.01172	0.00480	0.00153	0.00221	0.03123	0.00348	0.00306
94	0.00446	0.00368	0.00392	0.00411	0.00515	0.00314	0.00299	0.00535	0.00826	0.01001	0.03426	0.21538	0.66637	0.00999	0.00451	0.00132	0.00196	0.00851	0.00348	0.00314
95	0.01412	0.01019	0.01099	0.00849	0.01144	0.01123	0.00699	0.75130	0.06032	0.06204	0.00961	0.00945	0.00678	0.00454	0.00376	0.00114	0.00402	0.00344	0.00380	0.00636
96	0.00904	0.00867	0.01479	0.11472	0.75494	0.00885	0.01139	0.01130	0.00843	0.01196	0.00701	0.00936	0.00584	0.00339	0.00372	0.00113	0.00452	0.00334	0.00184	0.00575
97	0.00448	0.00380	0.00387	0.00391	0.00514	0.00319	0.00295	0.00544	0.00852	0.01015	0.03717	0.05408	0.80479	0.00957	0.00446	0.00128	0.00195	0.02857	0.00348	0.00317
98	0.00737	0.00696	0.01177	0.75058	0.13216	0.00841	0.01056	0.00984	0.00764	0.00993	0.00672	0.00991	0.00512	0.00370	0.00375	0.00123	0.00493	0.00334	0.00169	0.00440
99	0.00752	0.01941	0.84871	0.01069	0.01624	0.00871	0.01386	0.01188	0.00792	0.01188	0.00673	0.00792	0.00475	0.00356	0.00356	0.00119	0.00554	0.00277	0.00158	0.00554
100	0.00755	0.01921	0.83096	0.01080	0.01631	0.00873	0.03142	0.01188	0.00794	0.01188	0.00675	0.00797	0.00477	0.00356	0.00358	0.00119	0.00556	0.00281	0.00159	0.00553
101	0.00543	0.00374	0.00462	0.00462	0.00480	0.00392	0.00293	0.00579	0.00561	0.00766	0.01134	0.02190	0.01249	0.64116	0.24451	0.00428	0.00537	0.00507	0.00220	0.00256
102	0.00778	0.00667	0.00778	0.00556	0.00889	0.00500	0.00445	0.00945	0.00778	0.01223	0.00667	0.00778	0.00556	0.00278	0.00278	0.00056	0.00278	0.00222	0.00222	0.89108
103	0.00989	0.82124	0.06755	0.00667	0.01001	0.01449	0.00685	0.01127	0.00764	0.00900	0.00530	0.00613	0.00481	0.00323	0.00247	0.00082	0.00410	0.00205	0.00160	0.00486
104	0.00709	0.00667	0.01125	0.85913	0.02584	0.00834	0.01042	0.00959	0.00750	0.00959	0.00667	0.01000	0.00500	0.00375	0.00375	0.00125	0.00500	0.00333	0.00167	0.00417
105	0.00605	0.00432	0.00605	0.00691	0.00777	0.00432	0.00605	0.00777	0.00864	0.01123	0.01986	0.04232	0.02159	0.01036	0.00518	0.00173	0.00345	0.81949	0.00345	0.00345
106	0.00571	0.00408	0.00566	0.00653	0.00724	0.00403	0.00546	0.00719	0.00831	0.01085	0.02005	0.22993	0.02233	0.01068	0.00509	0.00168	0.00316	0.63520	0.00346	0.00336
107	0.01620	0.00639	0.00852	0.00658	0.00938	0.00564	0.00542	0.04911	0.01085	0.77077	0.01444	0.01269	0.00919	0.00462	0.00371	0.00114	0.00315	0.00374	0.05221	0.00623
108	0.00933	0.00806	0.00848	0.00764	0.00976	0.00933	0.00594	0.01994	0.83797	0.01569	0.01527	0.01400	0.01145	0.00509	0.00382	0.00127	0.00297	0.00424	0.00382	0.00594
109	0.00544	0.00368	0.00433	0.00433	0.00442	0.00377	0.00257	0.00561	0.00553	0.00745	0.01160	0.02333	0.01311	0.76342	0.12310	0.00394	0.00444	0.00528	0.00224	0.00241
110	0.01426	0.01051	0.01126	0.00863	0.01163	0.01163	0.00713	0.83224	0.01764	0.02364	0.00901	0.00901	0.00638	0.00450	0.00375	0.00113	0.00413	0.00338	0.00375	0.00638
111	0.00525	0.00383	0.00494	0.00466	0.00557	0.00352	0.00349	0.00697	0.01048	0.01472	0.78996	0.02856	0.08841	0.00779	0.00443	0.00119	0.00178	0.00686	0.00409	0.00352
112	0.00506	0.00366	0.00480	0.00502	0.00567	0.00340	0.00366	0.00639	0.00917	0.01265	0.46517	0.33548	0.05508	0.00939	0.00461	0.00134	0.00203	0.06025	0.00383	0.00334
113	0.00778	0.00667	0.00778	0.00556	0.00889	0.00500	0.00445	0.00945	0.00778	0.01223	0.00667	0.00778	0.00556	0.00278	0.00278	0.00056	0.00278	0.00222	0.00222	0.89108
114	0.01426	0.01051	0.01126	0.00863	0.01163	0.01163	0.00713	0.83224	0.01764	0.02364	0.00901	0.00901	0.00638	0.00450	0.00375	0.00113	0.00413	0.00338	0.00375	0.00638

[dist]
# distance from previous block
# <min> <max>
0	1

[block]
# block no. 3 follows, 73 sequences, length 255
# corresponding to MSA columns:
# 600-603,615-633,645-650,653-670,758-773,822-834,853-880,922-952,1046-1056,1066-1077,1091-1098,1109-1113,1115-1120,1134-1143,1193-1202,1216-1235,1240-1251,1264-1284,1302-1306
name=unknown_D
#
# <colnr> <probs for GDERKNQSTAVLIFYWHMCP>
#	G	D	E	R	K	N	Q	S	T	A	V	L	I	F	Y	W	H	M	C	P
0	0.00927	0.00895	0.01542	0.02283	0.82218	0.00893	0.03392	0.01153	0.00855	0.01225	0.00707	0.00931	0.00594	0.00334	0.00373	0.00112	0.00451	0.00337	0.00186	0.00592
1	0.00677	0.00555	0.00620	0.00580	0.00704	0.03495	0.00438	0.01107	0.25754	0.01467	0.51112	0.07931	0.02647	0.00704	0.00423	0.00122	0.00233	0.00613	0.00392	0.00425
2	0.01426	0.01051	0.01126	0.00863	0.01163	0.01163	0.00713	0.83224	0.01764	0.02364	0.00901	0.00901	0.00638	0.00450	0.00375	0.00113	0.00413	0.00338	0.00375	0.00638
3	0.00993	0.83604	0.05314	0.00659	0.00990	0.01460	0.00672	0.01126	0.00764	0.00895	0.00528	0.00610	0.00481	0.00322	0.00245	0.00082	0.00407	0.00204	0.00160	0.00484
4	0.00944	0.00804	0.00849	0.00762	0.00975	0.00928	0.00593	0.01991	0.82657	0.02715	0.01526	0.01398	0.01142	0.00508	0.00382	0.00127	0.00297	0.00424	0.00383	0.00594
5	0.00529	0.00383	0.00499	0.00470	0.00559	0.00353	0.00353	0.00704	0.01058	0.01494	0.82534	0.02820	0.05289	0.00771	0.00443	0.00118	0.00177	0.00681	0.00412	0.00353
6	0.00582	0.00457	0.00535	0.00503	0.00622	0.00448	0.00381	0.00897	0.15602	0.01406	0.51655	0.02736	0.21219	0.00763	0.00432	0.00122	0.00201	0.00659	0.00393	0.00388
7	0.00752	0.01941	0.84871	0.01069	0.01624	0.00871	0.01386	0.01188	0.00792	0.01188	0.00673	0.00792	0.00475	0.00356	0.00356	0.00119	0.00554	0.00277	0.00158	0.00554
8	0.00778	0.00667	0.00778	0.00556	0.00889	0.00500	0.00445	0.00945	0.00778	0.01223	0.00667	0.00778	0.00556	0.00278	0.00278	0.00056	0.00278	0.00222	0.00222	0.89108
9	0.00536	0.00402	0.00603	0.00603	0.00670	0.00469	0.00469	0.00670	0.00603	0.00871	0.01005	0.01474	0.00938	0.02814	0.85328	0.00603	0.01005	0.00402	0.00201	0.00335
10	0.01401	0.01788	0.01063	0.00967	0.01160	0.85309	0.00725	0.01498	0.01063	0.00918	0.00580	0.00677	0.00483	0.00387	0.00338	0.00097	0.00677	0.00242	0.00193	0.00435
11	0.01683	0.00638	0.00871	0.00668	0.00958	0.00551	0.00551	0.01828	0.01074	0.84734	0.01480	0.01277	0.00929	0.00464	0.00377	0.00116	0.00319	0.00377	0.00464	0.00638
12	0.00862	0.00731	0.00787	0.00712	0.00902	0.00831	0.00552	0.01767	0.69210	0.01558	0.16116	0.01647	0.01567	0.00554	0.00392	0.00126	0.00276	0.00469	0.00387	0.00552
13	0.00457	0.00326	0.00435	0.00522	0.00544	0.00305	0.00348	0.00522	0.00718	0.00958	0.02068	0.86570	0.02481	0.01175	0.00479	0.00152	0.00218	0.01067	0.00348	0.00305
14	0.01438	0.01032	0.01114	0.00854	0.01154	0.01136	0.00706	0.79548	0.01733	0.06084	0.00927	0.00918	0.00651	0.00451	0.00375	0.00113	0.00409	0.00340	0.00379	0.00638
15	0.00527	0.00386	0.00481	0.00475	0.00558	0.00358	0.00356	0.00667	0.00935	0.01274	0.49887	0.03066	0.16685	0.12115	0.00644	0.00158	0.00224	0.10503	0.00370	0.00330
16	0.00841	0.00856	0.01134	0.00976	0.00986	0.04935	0.00809	0.00925	0.00597	0.00903	0.00507	0.00828	0.00502	0.00690	0.02972	0.00170	0.80466	0.00326	0.00166	0.00410
17	0.00886	0.01012	0.02214	0.01581	0.01961	0.00949	0.83112	0.01202	0.00886	0.01202	0.00759	0.01012	0.00569	0.00316	0.00443	0.00127	0.00633	0.00443	0.00190	0.00506
18	0.00457	0.00326	0.00435	0.00522	0.00544	0.00305	0.00348	0.00522	0.00718	0.00958	0.02068	0.86570	0.02481	0.01175	0.00479	0.00152	0.00218	0.01067	0.00348	0.00305
19	0.00534	0.00400	0.00497	0.00470	0.00569	0.00372	0.00353	0.00734	0.04400	0.01430	0.68343	0.02871	0.16053	0.00785	0.00440	0.00120	0.00184	0.00686	0.00402	0.00358
20	0.00768	0.07074	0.79870	0.01044	0.01584	0.00908	0.01341	0.01184	0.00790	0.01170	0.00664	0.00781	0.00476	0.00354	0.00349	0.00116	0.00545	0.00273	0.00159	0.00550
21	0.01116	0.01249	0.01073	0.00941	0.01073	0.42622	0.04043	0.01223	0.00854	0.04705	0.00651	0.00855	0.00563	0.00755	0.10612	0.00179	0.26561	0.00301	0.00197	0.00428
22	0.01528	0.00887	0.01025	0.00786	0.01082	0.00921	0.00649	0.50947	0.01490	0.35028	0.01130	0.01050	0.00753	0.00456	0.00376	0.00114	0.00376	0.00353	0.00411	0.00638
23	0.01018	0.84033	0.01937	0.00650	0.00970	0.01473	0.00644	0.03995	0.00797	0.00935	0.00535	0.00612	0.00487	0.00326	0.00245	0.00081	0.00402	0.00205	0.00168	0.00487
24	0.00836	0.01824	0.77378	0.01033	0.01564	0.00843	0.01312	0.01245	0.00817	0.08641	0.00745	0.00835	0.00516	0.00366	0.00358	0.00119	0.00533	0.00286	0.00186	0.00562
25	0.00933	0.00806	0.00848	0.00764	0.00976	0.00933	0.00594	0.01994	0.83797	0.01569	0.01527	0.01400	0.01145	0.00509	0.00382	0.00127	0.00297	0.00424	0.00382	0.00594
26	0.00546	0.00364	0.00409	0.00409	0.00409	0.00364	0.00227	0.00546	0.00546	0.00727	0.01182	0.02455	0.01364	0.86815	0.01910	0.00364	0.00364	0.00546	0.00227	0.00227
27	0.00699	0.00350	0.00350	0.00350	0.00437	0.00350	0.00262	0.00874	0.00787	0.01399	0.01224	0.01399	0.00962	0.00437	0.00262	0.00087	0.00175	0.00350	0.88898	0.00350
28	0.00446	0.00371	0.00390	0.00405	0.00513	0.00315	0.00296	0.00536	0.00831	0.01004	0.03495	0.18236	0.69894	0.00990	0.00450	0.00131	0.00195	0.00840	0.00348	0.00315
29	0.01003	0.87041	0.01966	0.00642	0.00963	0.01485	0.00642	0.01123	0.00762	0.00883	0.00522	0.00602	0.00481	0.00321	0.00241	0.00080	0.00401	0.00201	0.00160	0.00481
30	0.01401	0.01788	0.01063	0.00967	0.01160	0.85309	0.00725	0.01498	0.01063	0.00918	0.00580	0.00677	0.00483	0.00387	0.00338	0.00097	0.00677	0.00242	0.00193	0.00435
31	0.00752	0.01941	0.84871	0.01069	0.01624	0.00871	0.01386	0.01188	0.00792	0.01188	0.00673	0.00792	0.00475	0.00356	0.00356	0.00119	0.00554	0.00277	0.00158	0.00554
32	0.01683	0.00638	0.00871	0.00668	0.00958	0.00551	0.00551	0.01828	0.01074	0.84734	0.01480	0.01277	0.00929	0.00464	0.00377	0.00116	0.00319	0.00377	0.00464	0.00638
33	0.00457	0.00326	0.00435	0.00522	0.00544	0.00305	0.00348	0.00522	0.00718	0.00958	0.02068	0.86570	0.02481	0.01175	0.00479	0.00152	0.00218	0.01067	0.00348	0.00305
34	0.00541	0.00409	0.00612	0.00609	0.00675	0.00480	0.00475	0.00674	0.00602	0.00871	0.00997	0.01463	0.00931	0.02779	0.83957	0.00596	0.02393	0.00401	0.00200	0.00336
35	0.01107	0.61693	0.02792	0.00757	0.02076	0.24240	0.00681	0.01226	0.00846	0.00901	0.00542	0.00629	0.00483	0.00339	0.00270	0.00086	0.00479	0.00214	0.00170	0.00471
36	0.00443	0.00380	0.00380	0.00380	0.00507	0.00317	0.00285	0.00538	0.00855	0.01014	0.03801	0.03611	0.84322	0.00950	0.00443	0.00127	0.00190	0.00792	0.00348	0.00317
37	0.00770	0.00390	0.00403	0.00384	0.00488	0.00391	0.00293	0.04240	0.00838	0.04933	0.01222	0.01374	0.00947	0.00439	0.00272	0.00090	0.00191	0.00350	0.81614	0.00373
38	0.00835	0.00830	0.01516	0.01155	0.01431	0.00820	0.44811	0.04148	0.17081	0.01339	0.11159	0.02517	0.02565	0.00494	0.00435	0.00129	0.00468	0.07497	0.00278	0.00490
39	0.05216	0.00908	0.01193	0.41666	0.22705	0.13508	0.02529	0.01158	0.05493	0.01094	0.00707	0.00937	0.00554	0.00372	0.00363	0.00117	0.00494	0.00321	0.00191	0.00475
40	0.00933	0.00806	0.00848	0.00764	0.00976	0.00933	0.00594	0.01994	0.83797	0.01569	0.01527	0.01400	0.01145	0.00509	0.00382	0.00127	0.00297	0.00424	0.00382	0.00594
41	0.00457	0.00326	0.00435	0.00522	0.00544	0.00305	0.00348	0.00522	0.00718	0.00958	0.02068	0.86570	0.02481	0.01175	0.00479	0.00152	0.00218	0.01067	0.00348	0.00305
42	0.00919	0.00884	0.01519	0.05796	0.79482	0.00890	0.02694	0.01144	0.00850	0.01214	0.00705	0.00933	0.00590	0.00336	0.00373	0.00112	0.00452	0.00336	0.00185	0.00585
43	0.00467	0.00348	0.00444	0.00516	0.01412	0.00319	0.00352	0.00548	0.00766	0.01001	0.06096	0.63496	0.18207	0.01101	0.00470	0.00146	0.00217	0.03430	0.00349	0.00313
44	0.01066	0.04842	0.01164	0.00918	0.04513	0.22810	0.12149	0.05560	0.07161	0.05709	0.00773	0.00863	0.00606	0.00352	0.00337	0.00091	0.00454	0.00291	0.00239	0.30101
45	0.00894	0.01029	0.03827	0.01470	0.01810	0.03269	0.68886	0.01222	0.04607	0.01187	0.00766	0.01001	0.00585	0.00355	0.00497	0.00129	0.07348	0.00424	0.00196	0.00502
46	0.00778	0.00667	0.00778	0.00556	0.00889	0.00500	0.00445	0.00945	0.00778	0.01223	0.00667	0.00778	0.00556	0.00278	0.00278	0.00056	0.00278	0.00222	0.00222	0.89108
47	0.07216	0.13788	0.01171	0.04215	0.01129	0.03666	0.00670	0.50815	0.02968	0.03655	0.02387	0.00881	0.00655	0.00418	0.00341	0.00106	0.00399	0.00308	0.00315	0.04897
48	0.00549	0.00426	0.00624	0.00614	0.00679	0.00502	0.00479	0.00677	0.00611	0.00877	0.01090	0.01535	0.04285	0.03766	0.75718	0.00554	0.06057	0.00415	0.00205	0.00337
49	0.17140	0.11084	0.02843	0.00831	0.06071	0.12553	0.03953	0.10106	0.05227	0.13950	0.02411	0.00919	0.00679	0.00489	0.03786	0.00125	0.00430	0.00298	0.00272	0.06833
50	0.00960	0.49444	0.20483	0.00847	0.01191	0.08333	0.05894	0.01159	0.00789	0.00975	0.00573	0.00691	0.00486	0.00358	0.00357	0.00099	0.06460	0.00245	0.00165	0.00491
51	0.00458	0.00328	0.00438	0.00524	0.00546	0.00307	0.00350	0.00525	0.00716	0.00956	0.02050	0.85182	0.02456	0.01202	0.01862	0.00160	0.00231	0.01056	0.00346	0.00305
52	0.01401	0.01788	0.01063	0.00967	0.01160	0.85309	0.00725	0.01498	0.01063	0.00918	0.00580	0.00677	0.00483	0.00387	0.00338	0.00097	0.00677	0.00242	0.00193	0.00435
53	0.01100	0.01237	0.01259	0.06517	0.06113	0.34397	0.10490	0.07033	0.00916	0.01070	0.00611	0.00810	0.00515	0.00459	0.00620	0.00124	0.25768	0.00309	0.00195	0.00459
54	0.00457	0.00326	0.00435	0.00522	0.00544	0.00305	0.00348	0.00522	0.00718	0.00958	0.02068	0.86570	0.02481	0.01175	0.00479	0.00152	0.00218	0.01067	0.00348	0.00305
55	0.00516	0.00383	0.00480	0.00456	0.00551	0.00347	0.00342	0.00678	0.01026	0.01418	0.70089	0.02945	0.17782	0.00799	0.00443	0.00120	0.00179	0.00698	0.00402	0.00347
56	0.01438	0.01032	0.01114	0.00854	0.01154	0.01136	0.00706	0.79548	0.01733	0.06084	0.00927	0.00918	0.00651	0.00451	0.00375	0.00113	0.00409	0.00340	0.00379	0.00638
57	0.02415	0.00921	0.01037	0.00871	0.04444	0.00998	0.00689	0.61591	0.01533	0.08273	0.01083	0.05097	0.00876	0.00531	0.00391	0.00120	0.00391	0.07778	0.00369	0.00592
58	0.00531	0.00383	0.00501	0.00472	0.00560	0.00354	0.00354	0.00708	0.01062	0.01504	0.84277	0.02802	0.03540	0.00767	0.00442	0.00118	0.00177	0.00678	0.00413	0.00354
59	0.00605	0.00432	0.00605	0.00691	0.00777	0.00432	0.00605	0.00777	0.00864	0.01123	0.01986	0.04232	0.02159	0.01036	0.00518	0.00173	0.00345	0.81949	0.00345	0.00345
60	0.01402	0.01039	0.01112	0.00858	0.01154	0.01152	0.00707	0.79258	0.05769	0.02326	0.00931	0.00925	0.00663	0.00453	0.00376	0.00113	0.00407	0.00342	0.00376	0.00636
61	0.89465	0.00726	0.00551	0.00493	0.00726	0.00842	0.00406	0.01103	0.00638	0.01683	0.00522	0.00609	0.00406	0.00348	0.00232	0.00116	0.00290	0.00203	0.00232	0.00406
62	0.00523	0.00383	0.00490	0.00463	0.00555	0.00351	0.00348	0.00692	0.01043	0.01458	0.76737	0.02878	0.11108	0.00784	0.00443	0.00119	0.00178	0.00689	0.00407	0.00351
63	0.00933	0.00806	0.00848	0.00764	0.00976	0.00933	0.00594	0.01994	0.83797	0.01569	0.01527	0.01400	0.01145	0.00509	0.00382	0.00127	0.00297	0.00424	0.00382	0.00594
64	0.00933	0.00806	0.00848	0.00764	0.00976	0.00933	0.00594	0.01994	0.83797	0.01569	0.01527	0.01400	0.01145	0.00509	0.00382	0.00127	0.00297	0.00424	0.00382	0.00594
