[name]
unknown

[dist]
# distance from previous block
# <min> <max>
2	3

[block]
# block no. 0 follows, 66 sequences, length 31
# corresponding to MSA columns:
# 10-12,14-29,31-35,38-44
name=unknown_A
#
# <colnr> <probs for GDERKNQSTAVLIFYWHMCP>
#	G	D	E	R	K	N	Q	S	T	A	V	L	I	F	Y	W	H	M	C	P
0	0.00817	0.02073	0.81560	0.01171	0.01765	0.00944	0.03553	0.01285	0.00859	0.01285	0.00730	0.00863	0.00517	0.00384	0.00388	0.00129	0.00602	0.00304	0.00172	0.00598
1	0.00591	0.00499	0.00527	0.00507	0.00655	0.00478	0.00385	0.00900	0.16366	0.01248	0.10004	0.03293	0.57952	0.00997	0.03639	0.00156	0.00260	0.00755	0.00383	0.00403
2	0.00493	0.00405	0.00434	0.00440	0.00560	0.00346	0.00325	0.00604	0.00937	0.01157	0.13980	0.12508	0.64348	0.01028	0.00483	0.00139	0.00207	0.00872	0.00386	0.00346
3	0.01087	0.00910	0.00961	0.00841	0.01085	0.01045	0.00661	0.13746	0.70762	0.01822	0.01553	0.01435	0.01159	0.00541	0.00412	0.00135	0.00339	0.00445	0.00412	0.00649
4	0.00496	0.00376	0.00448	0.00503	0.00564	0.00338	0.00344	0.00573	0.00815	0.01039	0.02819	0.51538	0.30434	0.06987	0.00611	0.00171	0.00236	0.01012	0.00368	0.00328
5	0.00996	0.01093	0.02288	0.01643	0.02038	0.01047	0.74410	0.06809	0.01015	0.01379	0.00825	0.01082	0.00619	0.00360	0.00493	0.00137	0.02527	0.00468	0.00218	0.00555
6	0.01138	0.00565	0.00725	0.00614	0.00816	0.00512	0.00484	0.03376	0.04018	0.37042	0.27738	0.06902	0.12907	0.00720	0.00446	0.00130	0.00274	0.00613	0.00455	0.00525
7	0.88607	0.00785	0.00596	0.00534	0.00785	0.00910	0.00439	0.01193	0.00690	0.01820	0.00565	0.00659	0.00439	0.00377	0.00251	0.00126	0.00314	0.00220	0.00251	0.00439
8	0.00958	0.01094	0.02394	0.01710	0.02120	0.01026	0.81737	0.01300	0.00958	0.01300	0.00821	0.01094	0.00616	0.00342	0.00479	0.00137	0.00684	0.00479	0.00205	0.00547
9	0.00756	0.00378	0.00378	0.00378	0.00473	0.00378	0.00284	0.00945	0.00851	0.01513	0.01324	0.01513	0.01040	0.00473	0.00284	0.00095	0.00189	0.00378	0.87994	0.00378
10	0.88607	0.00785	0.00596	0.00534	0.00785	0.00910	0.00439	0.01193	0.00690	0.01820	0.00565	0.00659	0.00439	0.00377	0.00251	0.00126	0.00314	0.00220	0.00251	0.00439
11	0.01516	0.01934	0.01150	0.01045	0.01254	0.84113	0.00784	0.01620	0.01150	0.00993	0.00627	0.00732	0.00523	0.00418	0.00366	0.00105	0.00732	0.00261	0.00209	0.00470
12	0.00946	0.01050	0.02148	0.01618	0.04996	0.01065	0.63434	0.01237	0.00893	0.01240	0.00764	0.01052	0.00601	0.00412	0.00637	0.00144	0.16581	0.00451	0.00200	0.00531
13	0.00559	0.00414	0.00522	0.00495	0.00597	0.00376	0.00371	0.00737	0.01113	0.01543	0.70572	0.03168	0.16305	0.00861	0.00479	0.00129	0.00194	0.00753	0.00436	0.00376
14	0.85097	0.00781	0.00610	0.00541	0.00795	0.00897	0.00446	0.01224	0.00710	0.05124	0.00607	0.00688	0.00462	0.00382	0.00257	0.00126	0.00315	0.00227	0.00261	0.00450
15	0.00877	0.00928	0.09512	0.05379	0.26623	0.00811	0.15400	0.05796	0.02288	0.02812	0.01208	0.18988	0.02691	0.04213	0.00511	0.00147	0.00464	0.00566	0.00261	0.00527
16	0.00896	0.01007	0.05715	0.03016	0.05692	0.00929	0.54146	0.02572	0.01967	0.01259	0.02806	0.04331	0.00843	0.07418	0.01976	0.00167	0.04028	0.00494	0.00223	0.00513
17	0.00575	0.00404	0.00522	0.00533	0.00562	0.00427	0.00356	0.00636	0.00635	0.00872	0.01322	0.12043	0.01450	0.45714	0.31713	0.00460	0.00627	0.00600	0.00251	0.00298
18	0.00705	0.00352	0.00529	0.00529	0.00529	0.00352	0.00352	0.00529	0.00529	0.00705	0.00705	0.01233	0.00705	0.01409	0.01586	0.88196	0.00352	0.00352	0.00176	0.00176
19	0.03872	0.01310	0.06597	0.01115	0.03723	0.16395	0.13341	0.43592	0.01473	0.01913	0.00874	0.02327	0.00661	0.00452	0.00406	0.00122	0.00539	0.00368	0.00313	0.00607
20	0.00951	0.01081	0.02352	0.04656	0.02144	0.01022	0.78878	0.01290	0.00952	0.01290	0.00817	0.01094	0.00613	0.00344	0.00476	0.00137	0.00679	0.00475	0.00204	0.00544
21	0.00507	0.00368	0.00482	0.00566	0.00606	0.00343	0.00393	0.00592	0.00809	0.01066	0.03789	0.70571	0.09490	0.01231	0.00517	0.00164	0.00243	0.07551	0.00378	0.00335
22	0.01372	0.00598	0.00748	0.00614	0.00841	0.00550	0.00492	0.06552	0.01086	0.46813	0.01573	0.05998	0.03122	0.00547	0.00377	0.00118	0.00294	0.00448	0.27291	0.00567
23	0.01018	0.03882	0.02835	0.09098	0.29134	0.05379	0.03627	0.07764	0.06378	0.07940	0.01268	0.10694	0.05903	0.02725	0.00459	0.00135	0.00437	0.00488	0.00284	0.00552
24	0.00814	0.02099	0.83640	0.01156	0.01756	0.00942	0.01499	0.01285	0.00857	0.01285	0.00728	0.00857	0.00514	0.00385	0.00385	0.00128	0.00600	0.00300	0.00171	0.00600
25	0.00888	0.00888	0.01243	0.01065	0.01065	0.01243	0.00888	0.00976	0.00621	0.00976	0.00533	0.00888	0.00533	0.00710	0.01331	0.00178	0.84999	0.00355	0.00178	0.00444
26	0.69956	0.00814	0.02269	0.02022	0.00886	0.02318	0.00503	0.01325	0.00779	0.14899	0.00738	0.00787	0.00535	0.00398	0.00284	0.00125	0.00336	0.00255	0.00288	0.00484
27	0.00481	0.00406	0.00416	0.00425	0.00552	0.00341	0.00314	0.00581	0.00911	0.01091	0.03941	0.11244	0.75815	0.01049	0.00483	0.00139	0.00208	0.00883	0.00377	0.00341
28	0.28834	0.05804	0.02711	0.03265	0.03390	0.09406	0.09076	0.16141	0.02456	0.06573	0.00910	0.08068	0.00766	0.00483	0.00361	0.00125	0.00438	0.00382	0.00290	0.00523
29	0.01161	0.00859	0.01033	0.06198	0.10631	0.06432	0.01855	0.10998	0.10718	0.17572	0.07267	0.03938	0.02469	0.00496	0.00396	0.00115	0.00388	0.00416	0.00343	0.16716
30	0.01127	0.74880	0.03909	0.00735	0.01081	0.04524	0.00722	0.07079	0.00915	0.01080	0.00600	0.00682	0.00533	0.00361	0.00278	0.00091	0.00449	0.00231	0.00192	0.00533

[dist]
# distance from previous block
# <min> <max>
12	45

[block]
# block no. 1 follows, 66 sequences, length 11
# corresponding to MSA columns:
# 136-146
name=unknown_B
#
# <colnr> <probs for GDERKNQSTAVLIFYWHMCP>
#	G	D	E	R	K	N	Q	S	T	A	V	L	I	F	Y	W	H	M	C	P
0	0.00953	0.00805	0.00953	0.00904	0.09862	0.00793	0.00634	0.01571	0.37562	0.03873	0.01265	0.01263	0.03220	0.00446	0.00370	0.00106	0.00328	0.00374	0.00325	0.34395
1	0.04497	0.14730	0.19841	0.05229	0.07091	0.24472	0.03993	0.01418	0.07860	0.03008	0.02229	0.02390	0.00696	0.00426	0.00368	0.00117	0.00549	0.00325	0.00225	0.00535
2	0.00645	0.00517	0.00612	0.00555	0.00721	0.00458	0.00415	0.00873	0.07856	0.01333	0.23683	0.20572	0.16317	0.00802	0.00436	0.00121	0.00242	0.00698	0.00364	0.22779
3	0.00589	0.00397	0.00459	0.00459	0.00464	0.00402	0.00266	0.00600	0.00595	0.00799	0.01263	0.02573	0.01439	0.79330	0.08427	0.00413	0.00447	0.00578	0.00244	0.00255
4	0.00589	0.00396	0.00458	0.00458	0.00463	0.00402	0.00265	0.00600	0.00595	0.00798	0.01264	0.02578	0.01441	0.79710	0.08051	0.00412	0.00444	0.00579	0.00244	0.00254
5	0.00996	0.00947	0.01315	0.17856	0.21614	0.06629	0.08137	0.07219	0.19978	0.01383	0.00989	0.01163	0.00777	0.00618	0.06149	0.00166	0.02847	0.00393	0.00262	0.00563
6	0.00854	0.04333	0.11692	0.06844	0.05630	0.00854	0.27606	0.06699	0.00943	0.01303	0.04787	0.12716	0.01084	0.01897	0.06579	0.00176	0.01802	0.00521	0.03182	0.00499
7	0.04800	0.01443	0.03868	0.00950	0.01204	0.38108	0.00765	0.27929	0.03565	0.04903	0.00904	0.00965	0.02739	0.00525	0.02107	0.00128	0.03920	0.00329	0.00295	0.00553
8	0.05319	0.42229	0.09314	0.00836	0.01187	0.03006	0.03975	0.20653	0.03196	0.04028	0.00781	0.02409	0.00635	0.00414	0.00331	0.00107	0.00453	0.00302	0.00255	0.00570
9	0.01274	0.11856	0.02787	0.08205	0.01446	0.22161	0.10492	0.26543	0.05410	0.01554	0.00821	0.00946	0.00639	0.01784	0.00432	0.00122	0.02352	0.00341	0.00273	0.00560
10	0.07254	0.04190	0.01140	0.05673	0.05127	0.52105	0.00780	0.06159	0.05655	0.01193	0.00729	0.00857	0.00596	0.00548	0.04214	0.00137	0.02622	0.00295	0.00231	0.00494

[dist]
# distance from previous block
# <min> <max>
0	1

[block]
# block no. 2 follows, 66 sequences, length 17
# corresponding to MSA columns:
# 204-220
name=unknown_C
#
# <colnr> <probs for GDERKNQSTAVLIFYWHMCP>
#	G	D	E	R	K	N	Q	S	T	A	V	L	I	F	Y	W	H	M	C	P
0	0.00872	0.00828	0.01271	0.54508	0.20142	0.03766	0.01082	0.03083	0.06182	0.01179	0.00871	0.01143	0.02509	0.00422	0.00406	0.00131	0.00510	0.00375	0.00211	0.00509
1	0.00582	0.00424	0.00596	0.00596	0.00649	0.00476	0.00437	0.00688	0.00635	0.00900	0.01138	0.01880	0.01138	0.25315	0.62031	0.00582	0.00900	0.00477	0.00225	0.00331
2	0.00955	0.00818	0.00869	0.00785	0.01001	0.00935	0.00609	0.01988	0.73047	0.01668	0.07962	0.01724	0.04665	0.00591	0.00420	0.00137	0.00307	0.00495	0.00414	0.00611
3	0.00841	0.00721	0.00841	0.00601	0.00961	0.00541	0.00481	0.01022	0.00841	0.01322	0.00721	0.00841	0.00601	0.00300	0.00300	0.00060	0.00300	0.00240	0.00240	0.88222
4	0.00778	0.00733	0.01238	0.80809	0.06663	0.00904	0.01132	0.01047	0.00817	0.01050	0.00723	0.01078	0.00546	0.00404	0.00405	0.00135	0.00538	0.00361	0.00181	0.00460
5	0.01729	0.00784	0.00993	0.00767	0.01079	0.00742	0.00632	0.17117	0.05209	0.64231	0.01484	0.01310	0.00956	0.00502	0.00408	0.00125	0.00363	0.00402	0.00480	0.00688
6	0.00499	0.00390	0.00453	0.00483	0.00572	0.00344	0.00345	0.00603	0.00903	0.01152	0.15127	0.34295	0.41211	0.01089	0.00494	0.00146	0.00215	0.00949	0.00387	0.00344
7	0.00538	0.00385	0.00521	0.00615	0.00658	0.00368	0.00453	0.00641	0.00820	0.01085	0.02212	0.63093	0.02587	0.01229	0.00530	0.00171	0.00274	0.23102	0.00376	0.00342
8	0.00528	0.00404	0.00470	0.00491	0.00577	0.00368	0.00356	0.00629	0.00871	0.01111	0.12789	0.17929	0.37813	0.13923	0.02507	0.00195	0.00271	0.08074	0.00362	0.00334
9	0.01085	0.85986	0.02126	0.00694	0.01041	0.01605	0.00694	0.01215	0.00824	0.00955	0.00564	0.00651	0.00521	0.00347	0.00260	0.00087	0.00434	0.00217	0.00174	0.00521
10	0.00719	0.00524	0.00645	0.00667	0.00761	0.00535	0.00499	0.14652	0.03794	0.01349	0.01984	0.54734	0.02234	0.01087	0.00502	0.00160	0.00297	0.14064	0.00382	0.00410
11	0.00814	0.02099	0.83640	0.01156	0.01756	0.00942	0.01499	0.01285	0.00857	0.01285	0.00728	0.00857	0.00514	0.00385	0.00385	0.00128	0.00600	0.00300	0.00171	0.00600
12	0.00841	0.00721	0.00841	0.00601	0.00961	0.00541	0.00481	0.01022	0.00841	0.01322	0.00721	0.00841	0.00601	0.00300	0.00300	0.00060	0.00300	0.00240	0.00240	0.88222
13	0.08264	0.01020	0.01185	0.14123	0.06141	0.01138	0.00822	0.55771	0.01561	0.04673	0.00909	0.00980	0.00654	0.00459	0.00393	0.00124	0.00450	0.00354	0.00350	0.00630
14	0.00803	0.00479	0.00619	0.00551	0.00691	0.00438	0.00424	0.02973	0.01158	0.15392	0.63068	0.02749	0.07494	0.00776	0.00465	0.00128	0.00224	0.00676	0.00451	0.00440
15	0.00497	0.00410	0.00437	0.00434	0.00560	0.00349	0.00324	0.00615	0.00961	0.01190	0.18349	0.06239	0.66234	0.00999	0.00480	0.00136	0.00204	0.00843	0.00389	0.00349
16	0.10424	0.01156	0.01166	0.00950	0.01213	0.22769	0.09817	0.12767	0.09028	0.19454	0.01011	0.01060	0.00741	0.02040	0.00464	0.00129	0.04566	0.00358	0.00323	0.00566

[dist]
# distance from previous block
# <min> <max>
11	15

[block]
# block no. 3 follows, 66 sequences, length 7
# corresponding to MSA columns:
# 357-363
name=unknown_D
#
# <colnr> <probs for GDERKNQSTAVLIFYWHMCP>
#	G	D	E	R	K	N	Q	S	T	A	V	L	I	F	Y	W	H	M	C	P
0	0.01071	0.01263	0.04845	0.43475	0.07564	0.32796	0.01020	0.01285	0.00951	0.01050	0.00688	0.00932	0.00540	0.00407	0.00389	0.00122	0.00613	0.00320	0.00192	0.00478
1	0.01175	0.01376	0.00920	0.00848	0.01025	0.52062	0.00638	0.01351	0.05555	0.01125	0.08983	0.01485	0.11471	0.00706	0.05536	0.00146	0.00588	0.00409	0.04158	0.00444
2	0.00707	0.00534	0.00652	0.00609	0.00731	0.00567	0.00469	0.06238	0.08637	0.03294	0.13665	0.03853	0.21017	0.05221	0.25519	0.00300	0.03964	0.00590	0.03019	0.00415
3	0.00759	0.00575	0.00799	0.00740	0.00808	0.00659	0.02551	0.07981	0.00821	0.01142	0.08270	0.14658	0.01414	0.01267	0.11380	0.20915	0.17710	0.06910	0.00273	0.00367
4	0.04735	0.00647	0.00772	0.00665	0.00857	0.00646	0.02139	0.18685	0.02954	0.13658	0.22775	0.11066	0.14427	0.00759	0.00448	0.00134	0.00301	0.03429	0.00411	0.00494
5	0.01436	0.01082	0.06073	0.01081	0.10777	0.01078	0.00829	0.53353	0.01597	0.13493	0.04365	0.01111	0.00845	0.00482	0.00407	0.00123	0.00435	0.00382	0.00383	0.00667
6	0.01126	0.18415	0.19268	0.03347	0.04382	0.13533	0.06173	0.12223	0.01053	0.04227	0.00750	0.00856	0.00581	0.00386	0.00357	0.00107	0.00516	0.00298	0.00233	0.12168

[dist]
# distance from previous block
# <min> <max>
0	1

[block]
# block no. 4 follows, 66 sequences, length 13
# corresponding to MSA columns:
# 411-422,485
name=unknown_E
#
# <colnr> <probs for GDERKNQSTAVLIFYWHMCP>
#	G	D	E	R	K	N	Q	S	T	A	V	L	I	F	Y	W	H	M	C	P
0	0.67503	0.01023	0.11729	0.03038	0.03293	0.05245	0.00640	0.01224	0.00746	0.01670	0.00600	0.00711	0.00462	0.00380	0.00283	0.00125	0.00385	0.00240	0.00235	0.00468
1	0.11562	0.02675	0.00936	0.05043	0.01087	0.11693	0.00639	0.22782	0.07001	0.09574	0.01211	0.15628	0.01085	0.00752	0.05063	0.00159	0.00452	0.01789	0.00339	0.00527
2	0.71954	0.00852	0.00715	0.00610	0.00875	0.00977	0.00503	0.16622	0.00923	0.01961	0.00643	0.00719	0.00487	0.00398	0.00281	0.00125	0.00339	0.00248	0.00281	0.00487
3	0.01806	0.00714	0.00956	0.00733	0.01047	0.00631	0.00605	0.06110	0.01200	0.79304	0.01568	0.01360	0.00988	0.00501	0.00408	0.00125	0.00350	0.00406	0.00497	0.00690
4	0.63417	0.00757	0.00697	0.00588	0.00857	0.00819	0.00485	0.01420	0.00827	0.25526	0.00866	0.00869	0.00603	0.00413	0.00297	0.00126	0.00323	0.00274	0.00324	0.00512
5	0.01516	0.01934	0.01150	0.01045	0.01254	0.84113	0.00784	0.01620	0.01150	0.00993	0.00627	0.00732	0.00523	0.00418	0.00366	0.00105	0.00732	0.00261	0.00209	0.00470
6	0.01212	0.01221	0.01056	0.04419	0.04648	0.30230	0.02823	0.19066	0.10944	0.02928	0.01488	0.01500	0.15611	0.00556	0.00408	0.00121	0.00498	0.00432	0.00310	0.00528
7	0.00699	0.00355	0.00524	0.00524	0.00524	0.00355	0.00347	0.00532	0.00532	0.00709	0.00735	0.01308	0.00745	0.05827	0.01611	0.83596	0.00355	0.00365	0.00180	0.00180
8	0.01393	0.00835	0.01074	0.05745	0.03556	0.02501	0.05226	0.21438	0.05401	0.34065	0.03550	0.04586	0.04846	0.00537	0.00416	0.00126	0.00395	0.00450	0.00403	0.03457
9	0.01062	0.02982	0.08577	0.04210	0.15535	0.19617	0.08170	0.06045	0.03899	0.02819	0.00985	0.01155	0.04708	0.00637	0.05986	0.00159	0.07726	0.00375	0.04832	0.00522
10	0.88607	0.00785	0.00596	0.00534	0.00785	0.00910	0.00439	0.01193	0.00690	0.01820	0.00565	0.00659	0.00439	0.00377	0.00251	0.00126	0.00314	0.00220	0.00251	0.00439
11	0.00598	0.00458	0.00670	0.00660	0.00723	0.00541	0.00509	0.00729	0.00645	0.00932	0.01069	0.01635	0.01022	0.09287	0.72992	0.00605	0.05908	0.00442	0.00217	0.00358
12	0.01085	0.29785	0.06886	0.03083	0.07529	0.03332	0.08772	0.11866	0.03774	0.06391	0.00996	0.07519	0.02242	0.00497	0.00401	0.00119	0.02893	0.02020	0.00262	0.00549

[dist]
# distance from previous block
# <min> <max>
5	53

[block]
# block no. 5 follows, 66 sequences, length 13
# corresponding to MSA columns:
# 585-597
name=unknown_F
#
# <colnr> <probs for GDERKNQSTAVLIFYWHMCP>
#	G	D	E	R	K	N	Q	S	T	A	V	L	I	F	Y	W	H	M	C	P
0	0.04417	0.00963	0.01050	0.04260	0.01168	0.06211	0.00683	0.28496	0.03242	0.05819	0.00839	0.00932	0.00646	0.00444	0.00476	0.00109	0.10701	0.00316	0.00302	0.28925
1	0.01007	0.00952	0.01594	0.09042	0.73344	0.00971	0.01216	0.04573	0.00956	0.01353	0.00769	0.01009	0.00636	0.00370	0.00402	0.00122	0.00485	0.00362	0.00208	0.00629
2	0.01042	0.01008	0.01613	0.02381	0.77211	0.04269	0.01211	0.03967	0.00966	0.01354	0.00765	0.00992	0.00639	0.00368	0.00400	0.00120	0.00491	0.00358	0.00208	0.00637
3	0.00515	0.00381	0.00460	0.00511	0.00564	0.00351	0.00348	0.00590	0.00799	0.01030	0.04403	0.45168	0.23312	0.15442	0.00770	0.00196	0.00259	0.04226	0.00356	0.00322
4	0.00552	0.00449	0.00499	0.00526	0.00618	0.02541	0.00379	0.00701	0.04414	0.01173	0.14226	0.35382	0.33281	0.01060	0.00490	0.00147	0.00237	0.02580	0.00384	0.00360
5	0.01151	0.01031	0.01207	0.00991	0.01253	0.11757	0.14298	0.09508	0.37215	0.08150	0.01399	0.01428	0.04372	0.00523	0.00441	0.00132	0.02134	0.02068	0.00351	0.00591
6	0.01052	0.00893	0.00942	0.00834	0.01071	0.01029	0.00653	0.08565	0.75999	0.01766	0.01597	0.01470	0.01194	0.00545	0.00412	0.00136	0.00331	0.00451	0.00412	0.00646
7	0.00678	0.00557	0.00670	0.00649	0.00718	0.06018	0.00484	0.02738	0.00710	0.00964	0.02687	0.01766	0.01117	0.21447	0.53377	0.00517	0.03858	0.00460	0.00231	0.00354
8	0.01542	0.01136	0.01218	0.00933	0.01258	0.01258	0.00771	0.81858	0.01908	0.02557	0.00974	0.00974	0.00690	0.00487	0.00406	0.00122	0.00446	0.00365	0.00406	0.00690
9	0.00537	0.00413	0.00490	0.00471	0.00583	0.00367	0.00353	0.00693	0.01059	0.01416	0.51618	0.03378	0.35339	0.00908	0.00479	0.00131	0.00197	0.00782	0.00419	0.00367
10	0.00585	0.00391	0.00444	0.00449	0.00450	0.00390	0.00253	0.00589	0.00600	0.00800	0.01328	0.06945	0.01538	0.81366	0.01985	0.00381	0.00385	0.00619	0.00253	0.00250
11	0.07303	0.03668	0.03923	0.00620	0.00981	0.00619	0.00523	0.01050	0.00830	0.01345	0.00705	0.00822	0.00583	0.00311	0.00299	0.00068	0.00317	0.00240	0.00236	0.75558
12	0.07293	0.04097	0.08480	0.03705	0.01246	0.02630	0.00773	0.40080	0.04642	0.17989	0.01043	0.01044	0.00733	0.00528	0.02477	0.00135	0.00448	0.00354	0.00367	0.01936

[dist]
# distance from previous block
# <min> <max>
0	6

[block]
# block no. 6 follows, 66 sequences, length 36
# corresponding to MSA columns:
# 604,605,615-633,645-650,653-661
name=unknown_G
#
# <colnr> <probs for GDERKNQSTAVLIFYWHMCP>
#	G	D	E	R	K	N	Q	S	T	A	V	L	I	F	Y	W	H	M	C	P
0	0.01553	0.01119	0.01207	0.00925	0.01249	0.01232	0.00764	0.78715	0.01878	0.05742	0.00999	0.00990	0.00702	0.00488	0.00406	0.00122	0.00442	0.00367	0.00410	0.00690
1	0.04844	0.41114	0.39396	0.00906	0.01364	0.01260	0.01054	0.03766	0.00867	0.01194	0.00652	0.00756	0.00519	0.00370	0.00322	0.00109	0.00505	0.00260	0.00183	0.00559
2	0.00570	0.00415	0.00537	0.00506	0.00604	0.00381	0.00380	0.00758	0.01139	0.01603	0.79510	0.03069	0.07330	0.00838	0.00479	0.00128	0.00192	0.00739	0.00444	0.00381
3	0.00571	0.00415	0.00537	0.00507	0.00604	0.00381	0.00380	0.00759	0.01140	0.01606	0.79938	0.03064	0.06900	0.00837	0.00479	0.00128	0.00192	0.00738	0.00444	0.00381
4	0.00567	0.00414	0.00533	0.00503	0.00602	0.00380	0.00377	0.00752	0.01132	0.01587	0.77110	0.03096	0.09740	0.00844	0.00479	0.00128	0.00192	0.00743	0.00441	0.00380
5	0.02961	0.01118	0.02262	0.01634	0.02019	0.04703	0.73795	0.01301	0.00950	0.01288	0.00797	0.01062	0.00605	0.00358	0.00495	0.00136	0.03313	0.00459	0.00206	0.00538
6	0.00914	0.00764	0.00880	0.00635	0.00992	0.00615	0.00511	0.09389	0.00952	0.01450	0.00747	0.00855	0.00610	0.00320	0.00311	0.00066	0.00316	0.00253	0.00258	0.79161
7	0.00580	0.00435	0.00652	0.00652	0.00724	0.00507	0.00507	0.00724	0.00652	0.00942	0.01087	0.01594	0.01014	0.03043	0.84134	0.00652	0.01087	0.00435	0.00217	0.00362
8	0.01516	0.01934	0.01150	0.01045	0.01254	0.84113	0.00784	0.01620	0.01150	0.00993	0.00627	0.00732	0.00523	0.00418	0.00366	0.00105	0.00732	0.00261	0.00209	0.00470
9	0.01117	0.00898	0.00960	0.00831	0.01075	0.01019	0.00655	0.16778	0.62159	0.04392	0.04483	0.01465	0.01224	0.00547	0.00414	0.00134	0.00340	0.00450	0.00416	0.00643
10	0.00534	0.00408	0.00494	0.00508	0.00607	0.00368	0.00383	0.00672	0.00980	0.01288	0.31709	0.17470	0.32586	0.01008	0.00494	0.00144	0.00223	0.09363	0.00401	0.00358
11	0.00494	0.00353	0.00471	0.00565	0.00588	0.00330	0.00377	0.00565	0.00777	0.01036	0.02236	0.85477	0.02683	0.01271	0.00518	0.00165	0.00235	0.01153	0.00377	0.00330
12	0.01136	0.00856	0.00931	0.00815	0.01059	0.00962	0.00640	0.04795	0.68828	0.12749	0.01622	0.01478	0.01189	0.00542	0.00412	0.00135	0.00329	0.00449	0.00425	0.00650
13	0.00498	0.00356	0.00475	0.00569	0.00595	0.00333	0.00383	0.00572	0.00781	0.01040	0.02234	0.83479	0.02675	0.01267	0.00519	0.00165	0.00239	0.03112	0.00377	0.00331
14	0.00910	0.04168	0.01512	0.34817	0.44387	0.00971	0.03669	0.01159	0.00871	0.01190	0.00737	0.01022	0.00595	0.00384	0.00416	0.00126	0.01959	0.00359	0.00191	0.00556
15	0.00776	0.00731	0.01234	0.81539	0.05949	0.00904	0.01131	0.01045	0.00816	0.01048	0.00723	0.01079	0.00545	0.00404	0.00405	0.00135	0.00539	0.00361	0.00181	0.00458
16	0.00494	0.00353	0.00471	0.00565	0.00588	0.00330	0.00377	0.00565	0.00777	0.01036	0.02236	0.85477	0.02683	0.01271	0.00518	0.00165	0.00235	0.01153	0.00377	0.00330
17	0.00725	0.00498	0.01846	0.00486	0.00661	0.00416	0.00384	0.00880	0.03685	0.14431	0.03506	0.03314	0.63891	0.00904	0.00460	0.00134	0.00238	0.00751	0.02376	0.00414
18	0.00897	0.20043	0.52639	0.01120	0.01628	0.01099	0.11994	0.01299	0.03396	0.01228	0.00734	0.00864	0.00551	0.00377	0.00372	0.00121	0.00566	0.00311	0.00184	0.00577
19	0.01003	0.15623	0.05001	0.00795	0.00981	0.20935	0.02991	0.05574	0.00893	0.01093	0.00869	0.01265	0.00805	0.15156	0.12604	0.00235	0.06311	0.00363	0.07065	0.00437
20	0.01578	0.01047	0.01158	0.00892	0.01212	0.01130	0.00735	0.64940	0.04111	0.17327	0.01108	0.01064	0.00763	0.00492	0.00406	0.00123	0.00424	0.00376	0.00424	0.00689
21	0.01106	0.77041	0.02026	0.00732	0.01056	0.07095	0.00708	0.01233	0.00838	0.00958	0.00567	0.00665	0.00521	0.00366	0.00309	0.00092	0.03771	0.00225	0.00176	0.00514
22	0.07618	0.00720	0.00916	0.00716	0.01010	0.00668	0.00587	0.08521	0.02676	0.65237	0.01440	0.01297	0.00933	0.00528	0.00441	0.03540	0.00349	0.00390	0.01766	0.00648
23	0.01207	0.01086	0.00983	0.00855	0.01090	0.17556	0.00668	0.16596	0.41588	0.04738	0.05595	0.01333	0.01116	0.00523	0.00401	0.00126	0.00416	0.00412	0.03113	0.00597
24	0.00584	0.00443	0.00514	0.00501	0.00596	0.00421	0.00362	0.00777	0.06825	0.01282	0.33444	0.04655	0.25439	0.18541	0.00808	0.00189	0.00254	0.03626	0.00379	0.00360
25	0.00562	0.00412	0.00527	0.00502	0.00600	0.00377	0.00375	0.00740	0.01113	0.01553	0.72250	0.05992	0.11754	0.00865	0.00480	0.00130	0.00194	0.00761	0.00437	0.00377
26	0.00575	0.00397	0.00460	0.00466	0.00489	0.00393	0.00286	0.00606	0.00659	0.00871	0.03979	0.07133	0.09314	0.64504	0.06151	0.00359	0.00398	0.02416	0.00272	0.00272
27	0.01053	0.62984	0.08342	0.00801	0.01110	0.05146	0.00790	0.01203	0.00811	0.00985	0.00575	0.00706	0.00522	0.00407	0.00435	0.00104	0.13090	0.00246	0.00176	0.00513
28	0.01516	0.01934	0.01150	0.01045	0.01254	0.84113	0.00784	0.01620	0.01150	0.00993	0.00627	0.00732	0.00523	0.00418	0.00366	0.00105	0.00732	0.00261	0.00209	0.00470
29	0.03922	0.29725	0.04192	0.00925	0.04630	0.23000	0.03100	0.09066	0.01064	0.12493	0.00788	0.00844	0.00612	0.00401	0.00340	0.00104	0.00508	0.00286	0.00257	0.03742
30	0.01705	0.00876	0.01056	0.00810	0.01128	0.00872	0.00669	0.35198	0.01472	0.49833	0.01340	0.01212	0.00874	0.00496	0.00407	0.00124	0.00387	0.00390	0.00462	0.00690
31	0.00497	0.00357	0.00472	0.00562	0.00591	0.00332	0.00379	0.00570	0.00785	0.01041	0.02305	0.80970	0.05700	0.01259	0.00517	0.00164	0.00237	0.02552	0.00377	0.00331
32	0.03564	0.00970	0.00816	0.00788	0.00920	0.25326	0.00591	0.09376	0.05888	0.01253	0.01486	0.35941	0.01595	0.00841	0.00476	0.00142	0.03070	0.06201	0.00322	0.00437
33	0.02962	0.03330	0.01219	0.09846	0.07914	0.38094	0.00840	0.22525	0.02837	0.03490	0.00778	0.00885	0.00602	0.00440	0.00404	0.00116	0.02588	0.00315	0.00267	0.00548
34	0.00541	0.00474	0.00471	0.00487	0.00600	0.04111	0.00354	0.00657	0.02423	0.01097	0.04879	0.23949	0.56429	0.01048	0.00483	0.00142	0.00238	0.00894	0.00371	0.00351
35	0.01345	0.04426	0.16659	0.00910	0.01268	0.00907	0.05343	0.13448	0.18058	0.31442	0.01272	0.01206	0.00874	0.00473	0.00403	0.00127	0.00425	0.00388	0.00378	0.00649

[dist]
# distance from previous block
# <min> <max>
0	1

[block]
# block no. 7 follows, 66 sequences, length 7
# corresponding to MSA columns:
# 663-669
name=unknown_H
#
# <colnr> <probs for GDERKNQSTAVLIFYWHMCP>
#	G	D	E	R	K	N	Q	S	T	A	V	L	I	F	Y	W	H	M	C	P
0	0.00967	0.03340	0.08929	0.09206	0.06909	0.00806	0.04705	0.11333	0.11856	0.08922	0.01523	0.13387	0.08006	0.00637	0.00429	0.00134	0.00399	0.04188	0.00326	0.03999
1	0.00768	0.03936	0.07265	0.02778	0.07666	0.10998	0.00616	0.00955	0.02515	0.01255	0.22491	0.16400	0.08489	0.04963	0.00519	0.00144	0.00359	0.03224	0.04236	0.00424
2	0.00797	0.00619	0.00641	0.00617	0.00704	0.07406	0.00434	0.06850	0.06505	0.04325	0.05765	0.17831	0.01676	0.34923	0.04947	0.00266	0.00409	0.04593	0.00316	0.00376
3	0.13390	0.04348	0.01052	0.13879	0.05610	0.11096	0.07197	0.05486	0.03899	0.05079	0.04725	0.14296	0.01134	0.06465	0.00514	0.00148	0.00441	0.00494	0.00279	0.00467
4	0.04930	0.13173	0.03562	0.07406	0.07164	0.10770	0.16100	0.06310	0.07483	0.01317	0.03533	0.03690	0.07182	0.00479	0.00392	0.00119	0.00481	0.00417	0.00257	0.05237
5	0.05897	0.04483	0.05470	0.03021	0.04877	0.10584	0.02315	0.18648	0.07059	0.01587	0.10814	0.04547	0.04418	0.00555	0.00415	0.00121	0.02009	0.03343	0.00314	0.09524
6	0.07898	0.10174	0.06447	0.01003	0.03861	0.21309	0.10826	0.12908	0.04385	0.01422	0.04519	0.04166	0.00857	0.00521	0.02139	0.00128	0.00526	0.01779	0.00263	0.04869

[dist]
# distance from previous block
# <min> <max>
0	20

[block]
# block no. 8 follows, 66 sequences, length 52
# corresponding to MSA columns:
# 758-773,822-834,853-875
name=unknown_I
#
# <colnr> <probs for GDERKNQSTAVLIFYWHMCP>
#	G	D	E	R	K	N	Q	S	T	A	V	L	I	F	Y	W	H	M	C	P
0	0.03854	0.13615	0.01222	0.00824	0.01123	0.01121	0.00691	0.41915	0.10342	0.14916	0.01141	0.04429	0.00869	0.00512	0.00388	0.00122	0.00402	0.01501	0.00381	0.00634
1	0.00580	0.00416	0.00522	0.00529	0.00569	0.00436	0.00356	0.00668	0.02569	0.00903	0.01510	0.09860	0.07142	0.43225	0.28518	0.00433	0.00590	0.00606	0.00261	0.00307
2	0.00986	0.14846	0.14674	0.01080	0.06602	0.07146	0.16182	0.03645	0.05137	0.06274	0.04792	0.08278	0.02895	0.05101	0.00494	0.00139	0.00487	0.00458	0.00261	0.00523
3	0.16060	0.06522	0.07333	0.03516	0.01530	0.03397	0.32631	0.03410	0.02214	0.01336	0.01959	0.00959	0.00613	0.00439	0.00570	0.00137	0.16277	0.00373	0.00216	0.00509
4	0.01117	0.00834	0.03181	0.00778	0.01025	0.00864	0.00630	0.10818	0.44672	0.14837	0.01779	0.05014	0.08487	0.00610	0.00422	0.00134	0.00334	0.02088	0.00412	0.01963
5	0.01516	0.01934	0.01150	0.01045	0.01254	0.84113	0.00784	0.01620	0.01150	0.00993	0.00627	0.00732	0.00523	0.00418	0.00366	0.00105	0.00732	0.00261	0.00209	0.00470
6	0.00969	0.01082	0.04892	0.01967	0.30807	0.01001	0.50522	0.01280	0.00942	0.01308	0.00797	0.01054	0.00622	0.00350	0.00448	0.00131	0.00610	0.00431	0.00202	0.00583
7	0.00498	0.00361	0.00471	0.00551	0.00587	0.00334	0.00372	0.00578	0.00810	0.01076	0.07353	0.74975	0.08079	0.01228	0.00513	0.00161	0.00231	0.01108	0.00381	0.00334
8	0.00516	0.00448	0.00445	0.00439	0.00572	0.02352	0.00329	0.00630	0.00958	0.01161	0.13977	0.03718	0.71080	0.00988	0.00477	0.00135	0.00216	0.00827	0.00382	0.00351
9	0.01628	0.00921	0.01073	0.00827	0.01141	0.00945	0.00682	0.43863	0.02956	0.37634	0.01333	0.01230	0.02806	0.00508	0.00409	0.00124	0.00395	0.00397	0.00447	0.00681
10	0.01148	0.00783	0.00896	0.00772	0.00986	0.00856	0.00606	0.15174	0.34732	0.16424	0.01458	0.04733	0.01165	0.08353	0.06752	0.00196	0.02286	0.01704	0.00391	0.00583
11	0.00712	0.00486	0.00602	0.00550	0.00681	0.00465	0.00422	0.00958	0.07493	0.08941	0.53585	0.02862	0.17017	0.00809	0.00488	0.00131	0.02247	0.00695	0.00430	0.00426
12	0.00823	0.00546	0.00687	0.00690	0.00831	0.00539	0.00572	0.09823	0.02298	0.09277	0.02296	0.12838	0.15522	0.00984	0.00508	0.00162	0.00334	0.40447	0.00391	0.00433
13	0.01574	0.00979	0.01102	0.00851	0.01161	0.01038	0.00701	0.55159	0.03451	0.24419	0.01173	0.01118	0.00802	0.00492	0.00402	0.00122	0.00406	0.00379	0.03995	0.00676
14	0.10311	0.00967	0.01033	0.00819	0.01114	0.03043	0.00670	0.42609	0.09738	0.21214	0.01150	0.01102	0.00800	0.00484	0.00387	0.00123	0.00396	0.00368	0.03028	0.00645
15	0.00762	0.00528	0.00605	0.00552	0.00705	0.00504	0.00421	0.07571	0.07255	0.09047	0.24181	0.08552	0.33098	0.03742	0.00518	0.00143	0.00252	0.00723	0.00408	0.00433
16	0.01182	0.00958	0.01015	0.00861	0.01121	0.01090	0.00684	0.28048	0.56304	0.01976	0.01431	0.01338	0.01060	0.00530	0.00411	0.00132	0.00362	0.00428	0.00411	0.00658
17	0.01510	0.01797	0.01137	0.01018	0.01238	0.72797	0.00770	0.06363	0.04263	0.04390	0.00725	0.00801	0.00579	0.00430	0.00372	0.00108	0.00684	0.00281	0.00240	0.00498
18	0.01133	0.00908	0.00994	0.00781	0.01091	0.00924	0.00628	0.29412	0.24621	0.01858	0.01076	0.01080	0.00815	0.00437	0.00369	0.00104	0.00357	0.00346	0.00347	0.32718
19	0.00509	0.00386	0.00469	0.00519	0.00590	0.00349	0.00370	0.00607	0.00864	0.01113	0.09892	0.44401	0.29138	0.03018	0.00539	0.00159	0.00234	0.06126	0.00380	0.00339
20	0.00766	0.00721	0.01217	0.84767	0.02794	0.00901	0.01127	0.01037	0.00811	0.01037	0.00721	0.01082	0.00541	0.00406	0.00406	0.00135	0.00541	0.00361	0.00180	0.00451
21	0.00586	0.00398	0.00471	0.00474	0.00484	0.00407	0.00284	0.00607	0.00604	0.00815	0.01282	0.04991	0.01450	0.72239	0.12912	0.00421	0.00481	0.00586	0.00246	0.00264
22	0.00841	0.00721	0.00841	0.00601	0.00961	0.00541	0.00481	0.01022	0.00841	0.01322	0.00721	0.00841	0.00601	0.00300	0.00300	0.00060	0.00300	0.00240	0.00240	0.88222
23	0.31660	0.01081	0.00987	0.00802	0.01088	0.08852	0.00654	0.44113	0.03787	0.02131	0.00820	0.00858	0.00604	0.00444	0.00349	0.00122	0.00423	0.00308	0.00334	0.00581
24	0.00580	0.00435	0.00652	0.00652	0.00724	0.00507	0.00507	0.00724	0.00652	0.00942	0.01087	0.01594	0.01014	0.03043	0.84134	0.00652	0.01087	0.00435	0.00217	0.00362
25	0.00796	0.00574	0.00744	0.00777	0.00907	0.00593	0.00673	0.13790	0.01090	0.01429	0.01960	0.04001	0.02072	0.01019	0.00536	0.00176	0.00385	0.67674	0.00379	0.00424
26	0.00619	0.00487	0.00706	0.00684	0.00741	0.00589	0.00530	0.00743	0.00642	0.00932	0.01035	0.01604	0.00997	0.10432	0.66162	0.00569	0.11511	0.00439	0.00215	0.00362
27	0.01464	0.01463	0.01142	0.00964	0.01223	0.39223	0.00756	0.35765	0.09502	0.01736	0.00888	0.00926	0.00674	0.00461	0.00386	0.00115	0.00560	0.00327	0.01846	0.00579
28	0.01483	0.10270	0.01309	0.00907	0.01231	0.02481	0.00761	0.70551	0.03276	0.02346	0.00938	0.00946	0.00680	0.00472	0.00390	0.00118	0.00447	0.00350	0.00378	0.00668
29	0.00594	0.00479	0.00577	0.00627	0.00695	0.03476	0.00469	0.00730	0.03152	0.01079	0.02207	0.43198	0.12808	0.01342	0.09939	0.00217	0.03136	0.14566	0.00347	0.00360
30	0.01008	0.02512	0.20678	0.01876	0.01280	0.00845	0.05717	0.07829	0.18902	0.08277	0.04127	0.01145	0.00881	0.00431	0.00381	0.00112	0.00415	0.00360	0.00300	0.22922
31	0.01481	0.01097	0.01193	0.02590	0.01259	0.01224	0.00767	0.75063	0.01810	0.02441	0.00965	0.00989	0.00692	0.00493	0.00434	0.00123	0.03315	0.00365	0.03031	0.00667
32	0.00483	0.00406	0.00419	0.00427	0.00553	0.00342	0.00316	0.00585	0.00916	0.01102	0.05641	0.11305	0.74028	0.01045	0.00483	0.00139	0.00208	0.00881	0.00378	0.00342
33	0.00562	0.00417	0.00525	0.00537	0.00587	0.00423	0.00375	0.00647	0.00771	0.01037	0.12577	0.21310	0.13664	0.26004	0.13416	0.00296	0.03769	0.02443	0.00316	0.00324
34	0.01577	0.01080	0.01183	0.00907	0.01230	0.01175	0.00749	0.71811	0.01814	0.12737	0.01053	0.01025	0.00730	0.00489	0.00406	0.00122	0.00434	0.00371	0.00418	0.00690
35	0.02747	0.00975	0.00966	0.00845	0.01089	0.07486	0.00662	0.11495	0.61115	0.05802	0.01469	0.01367	0.01092	0.00527	0.00405	0.00132	0.00369	0.00425	0.00398	0.00633
36	0.00497	0.00362	0.00469	0.00548	0.00586	0.00334	0.00371	0.00577	0.00810	0.01073	0.06789	0.73768	0.09869	0.01225	0.00512	0.00160	0.00230	0.01104	0.00380	0.00334
37	0.00532	0.00413	0.00484	0.00466	0.00580	0.00365	0.00350	0.00684	0.01049	0.01392	0.48046	0.03418	0.38925	0.00917	0.00479	0.00132	0.00198	0.00788	0.00416	0.00365
38	0.00841	0.00721	0.00841	0.00601	0.00961	0.00541	0.00481	0.01022	0.00841	0.01322	0.00721	0.00841	0.00601	0.00300	0.00300	0.00060	0.00300	0.00240	0.00240	0.88222
39	0.01045	0.00862	0.00924	0.00813	0.01037	0.00984	0.00635	0.14817	0.60449	0.01761	0.02871	0.03543	0.01227	0.03226	0.03792	0.00164	0.00370	0.00468	0.00399	0.00615
40	0.00883	0.00729	0.00852	0.00611	0.00970	0.00558	0.00490	0.02770	0.00873	0.03598	0.00751	0.00859	0.00614	0.00310	0.00306	0.00063	0.00305	0.00248	0.00251	0.83961
41	0.01014	0.50505	0.23105	0.06604	0.04623	0.03367	0.00958	0.03643	0.00876	0.01109	0.00639	0.00759	0.00530	0.00367	0.00315	0.00104	0.00494	0.00259	0.00182	0.00545
42	0.00531	0.00366	0.00478	0.00561	0.00595	0.00347	0.00388	0.00618	0.00789	0.01079	0.02126	0.69461	0.02486	0.04069	0.00556	0.00169	0.00249	0.07640	0.07159	0.00334
43	0.00935	0.00932	0.01386	0.01517	0.26487	0.02495	0.02409	0.01076	0.00729	0.01090	0.00610	0.00925	0.00568	0.00591	0.01013	0.00158	0.56028	0.00358	0.00186	0.00508
44	0.00588	0.00394	0.00451	0.00452	0.00456	0.00397	0.00258	0.00595	0.00595	0.00797	0.01287	0.04001	0.01478	0.81208	0.05135	0.00399	0.00417	0.00594	0.00247	0.00252
45	0.00494	0.00356	0.00468	0.00557	0.00586	0.00330	0.00373	0.00566	0.00785	0.01039	0.02334	0.81208	0.06889	0.01258	0.00516	0.00163	0.00234	0.01138	0.00377	0.00330
46	0.00963	0.00739	0.00824	0.00720	0.00920	0.00791	0.00574	0.23985	0.21801	0.02600	0.20647	0.03346	0.11969	0.00715	0.00449	0.00135	0.00316	0.07562	0.00411	0.00531
47	0.01057	0.00796	0.00907	0.00704	0.01022	0.00737	0.00563	0.09026	0.22304	0.10410	0.01083	0.01088	0.00819	0.00405	0.00351	0.00093	0.00324	0.00327	0.00329	0.47654
48	0.05653	0.01063	0.01143	0.00885	0.01201	0.02197	0.00729	0.64431	0.03232	0.13781	0.01050	0.01023	0.00730	0.00484	0.00399	0.00123	0.00427	0.00365	0.00410	0.00675
49	0.00561	0.00411	0.00506	0.00503	0.00562	0.00416	0.00348	0.00641	0.00722	0.00961	0.07580	0.02638	0.19549	0.36133	0.26322	0.00396	0.00546	0.00612	0.00280	0.00312
50	0.02676	0.00839	0.00939	0.00801	0.01056	0.00916	0.00636	0.09395	0.51645	0.21962	0.01545	0.01419	0.01112	0.00591	0.02456	0.00146	0.00357	0.00433	0.00427	0.00648
51	0.00882	0.00739	0.00854	0.00617	0.00969	0.00581	0.00494	0.05972	0.00907	0.01402	0.00750	0.00864	0.00616	0.00316	0.00307	0.00065	0.00307	0.00251	0.02137	0.80971

[dist]
# distance from previous block
# <min> <max>
0	14

[block]
# block no. 9 follows, 66 sequences, length 27
# corresponding to MSA columns:
# 922-948
name=unknown_J
#
# <colnr> <probs for GDERKNQSTAVLIFYWHMCP>
#	G	D	E	R	K	N	Q	S	T	A	V	L	I	F	Y	W	H	M	C	P
0	0.11995	0.07813	0.02559	0.06049	0.04846	0.00961	0.03692	0.16520	0.04977	0.19387	0.06549	0.01162	0.00919	0.00489	0.00464	0.00126	0.08016	0.00373	0.00333	0.02771
1	0.02651	0.01055	0.01325	0.06176	0.29554	0.15942	0.08630	0.07720	0.03270	0.01317	0.01844	0.01328	0.07603	0.02673	0.02577	0.00143	0.02343	0.01361	0.00246	0.02243
2	0.04444	0.11012	0.09475	0.05532	0.09231	0.12588	0.05311	0.09791	0.09130	0.10142	0.00952	0.03087	0.00753	0.00471	0.00437	0.00125	0.05243	0.01435	0.00277	0.00565
3	0.00645	0.00558	0.00724	0.00675	0.00747	0.02188	0.02140	0.00752	0.00777	0.01057	0.09317	0.14297	0.17936	0.09683	0.16424	0.00268	0.18980	0.00644	0.00288	0.01899
4	0.00935	0.00877	0.01239	0.26231	0.30019	0.07595	0.00979	0.04347	0.02997	0.02819	0.06818	0.08118	0.01020	0.00513	0.00451	0.00130	0.03695	0.00448	0.00246	0.00523
5	0.08148	0.00894	0.01226	0.26410	0.18606	0.06639	0.04982	0.11858	0.00986	0.02993	0.00817	0.01071	0.00651	0.00771	0.12045	0.00199	0.00590	0.00360	0.00235	0.00520
6	0.01150	0.01155	0.00970	0.00869	0.01050	0.28568	0.00673	0.18086	0.10634	0.01422	0.01361	0.13995	0.06934	0.00671	0.00497	0.00133	0.07380	0.03639	0.00315	0.00500
7	0.01284	0.01297	0.01075	0.00972	0.03577	0.30399	0.00733	0.16332	0.36812	0.01593	0.01141	0.01125	0.00869	0.00487	0.00395	0.00123	0.00493	0.00369	0.00333	0.00590
8	0.04540	0.01142	0.24131	0.00987	0.07971	0.00811	0.00894	0.09411	0.07512	0.28159	0.07032	0.01333	0.03266	0.00493	0.00402	0.00127	0.00420	0.00402	0.00351	0.00616
9	0.00784	0.00544	0.00740	0.00692	0.00806	0.00610	0.00542	0.10983	0.00851	0.06642	0.01178	0.07450	0.01087	0.03629	0.58929	0.00501	0.02862	0.00476	0.00271	0.00423
10	0.00990	0.69236	0.05787	0.00703	0.01017	0.01396	0.00694	0.01132	0.00811	0.00976	0.00744	0.07706	0.00731	0.00604	0.05868	0.00133	0.00469	0.00312	0.00193	0.00498
11	0.00678	0.06243	0.00686	0.00581	0.00711	0.07365	0.00457	0.00848	0.02217	0.01343	0.39509	0.06275	0.20086	0.00855	0.00466	0.00134	0.00281	0.10492	0.00382	0.00391
12	0.00536	0.00409	0.00489	0.00513	0.00606	0.00371	0.00385	0.00659	0.00929	0.01202	0.20649	0.17941	0.34409	0.06153	0.00594	0.00163	0.00245	0.13014	0.00384	0.00348
13	0.00600	0.00444	0.00585	0.06566	0.00800	0.00447	0.00462	0.07290	0.00872	0.01161	0.02025	0.72537	0.02367	0.01145	0.00501	0.00159	0.00274	0.01032	0.00365	0.00368
14	0.00893	0.32665	0.40557	0.06905	0.03249	0.01143	0.01097	0.01193	0.00838	0.01130	0.00768	0.06431	0.00665	0.00431	0.00350	0.00116	0.00508	0.00332	0.00187	0.00543
15	0.00536	0.06059	0.00579	0.00558	0.00616	0.00418	0.00392	0.00618	0.00808	0.01061	0.05822	0.69501	0.09204	0.01170	0.00496	0.00156	0.00244	0.01048	0.00366	0.00346
16	0.00635	0.00457	0.00558	0.00590	0.00653	0.00452	0.00408	0.10554	0.00905	0.01205	0.03298	0.61492	0.05092	0.10852	0.00680	0.00184	0.00278	0.00975	0.00366	0.00365
17	0.01086	0.48167	0.01680	0.00823	0.01099	0.17618	0.06414	0.03575	0.00923	0.01046	0.00856	0.13334	0.00855	0.00502	0.00339	0.00106	0.00481	0.00388	0.00220	0.00489
18	0.04723	0.40146	0.01634	0.05762	0.15260	0.02366	0.02516	0.02604	0.00867	0.02220	0.00664	0.00801	0.00566	0.00355	0.00323	0.00095	0.01366	0.00267	0.00204	0.17263
19	0.01049	0.03306	0.01293	0.16746	0.30623	0.08186	0.00945	0.16047	0.01080	0.01430	0.00902	0.07943	0.00795	0.01582	0.00421	0.00124	0.00473	0.00409	0.00253	0.06394
20	0.01074	0.01093	0.00881	0.00809	0.00975	0.31205	0.00618	0.11054	0.07758	0.01270	0.01198	0.08672	0.04523	0.01162	0.20175	0.00245	0.00647	0.00443	0.05735	0.00462
21	0.01138	0.08038	0.01477	0.12302	0.32161	0.07951	0.04753	0.20883	0.01152	0.01515	0.00802	0.02046	0.00647	0.00430	0.00413	0.01667	0.00500	0.00356	0.00249	0.01521
22	0.00745	0.00560	0.00701	0.00715	0.00847	0.00564	0.00580	0.08216	0.09069	0.01348	0.01897	0.23659	0.02021	0.00977	0.00500	0.00160	0.00335	0.39087	0.00370	0.07649
23	0.00827	0.00824	0.00679	0.00644	0.00767	0.23390	0.00477	0.00971	0.01066	0.01324	0.39017	0.10153	0.10468	0.02144	0.00466	0.00128	0.00349	0.00633	0.05278	0.00395
24	0.01097	0.04690	0.01176	0.15718	0.08638	0.11643	0.03033	0.22391	0.07839	0.01536	0.02104	0.02999	0.08170	0.00525	0.00443	0.00126	0.04114	0.00419	0.02799	0.00539
25	0.03229	0.00858	0.00997	0.05816	0.01137	0.05714	0.05699	0.21598	0.13554	0.03213	0.18123	0.01658	0.06065	0.00583	0.00462	0.00127	0.04453	0.00478	0.03583	0.02653
26	0.13297	0.05477	0.02765	0.04665	0.04008	0.05324	0.03476	0.28258	0.09083	0.06498	0.02722	0.08072	0.03551	0.00541	0.00390	0.00127	0.00411	0.00433	0.00337	0.00564

[dist]
# distance from previous block
# <min> <max>
0	12

[block]
# block no. 10 follows, 66 sequences, length 11
# corresponding to MSA columns:
# 1046-1056
name=unknown_K
#
# <colnr> <probs for GDERKNQSTAVLIFYWHMCP>
#	G	D	E	R	K	N	Q	S	T	A	V	L	I	F	Y	W	H	M	C	P
0	0.00937	0.00833	0.02297	0.06091	0.06326	0.08612	0.02904	0.05775	0.22882	0.04743	0.13359	0.06705	0.06749	0.00665	0.00439	0.00135	0.00378	0.07790	0.01869	0.00512
1	0.00672	0.00575	0.00688	0.00672	0.00748	0.07832	0.00512	0.00801	0.00718	0.00973	0.05871	0.01680	0.01165	0.10343	0.61555	0.00534	0.03616	0.00449	0.00232	0.00365
2	0.00532	0.00404	0.00462	0.00485	0.00557	0.00376	0.00331	0.00636	0.03059	0.01043	0.06360	0.25976	0.33206	0.21050	0.03496	0.00221	0.00288	0.00846	0.00345	0.00327
3	0.01575	0.01240	0.01127	0.00912	0.01200	0.23190	0.00731	0.39734	0.04714	0.19934	0.01046	0.01020	0.00736	0.00474	0.00396	0.00119	0.00495	0.00351	0.00375	0.00630
4	0.00615	0.00446	0.00556	0.00571	0.00680	0.00421	0.00452	0.00811	0.04209	0.03110	0.28185	0.10932	0.21549	0.00969	0.00496	0.00149	0.00257	0.22773	0.02435	0.00383
5	0.00563	0.00402	0.00544	0.00594	0.00637	0.00413	0.00431	0.00658	0.00732	0.00991	0.01724	0.33011	0.01939	0.18685	0.23059	0.00344	0.00516	0.14121	0.00308	0.00329
6	0.03424	0.33785	0.01462	0.00835	0.01108	0.30296	0.00704	0.11911	0.05855	0.01272	0.00745	0.00819	0.00612	0.00410	0.00326	0.00102	0.00517	0.00275	0.05020	0.00522
7	0.00753	0.00575	0.00666	0.00618	0.00760	0.00610	0.00472	0.08197	0.17341	0.02926	0.08449	0.04754	0.20938	0.08369	0.20503	0.00279	0.00478	0.00590	0.02281	0.00441
8	0.00497	0.00380	0.00457	0.00505	0.00576	0.00339	0.00353	0.00591	0.00866	0.01116	0.11017	0.48378	0.31182	0.01141	0.00500	0.00151	0.00220	0.01006	0.00384	0.00339
9	0.00664	0.00651	0.00952	0.04059	0.01036	0.04221	0.18435	0.00836	0.00955	0.01199	0.13174	0.05426	0.43327	0.00800	0.00491	0.00136	0.02196	0.00710	0.00328	0.00405
10	0.72429	0.00793	0.00665	0.03678	0.00888	0.00915	0.00489	0.07162	0.03259	0.01828	0.00667	0.00761	0.00512	0.00395	0.00275	0.00125	0.00327	0.00250	0.04120	0.00462

[dist]
# distance from previous block
# <min> <max>
0	9

[block]
# block no. 11 follows, 66 sequences, length 6
# corresponding to MSA columns:
# 1066-1071
name=unknown_L
#
# <colnr> <probs for GDERKNQSTAVLIFYWHMCP>
#	G	D	E	R	K	N	Q	S	T	A	V	L	I	F	Y	W	H	M	C	P
0	0.01143	0.13608	0.05794	0.07886	0.07702	0.22844	0.02035	0.10803	0.04760	0.03298	0.00920	0.01102	0.03358	0.04937	0.03313	0.00146	0.02489	0.00345	0.00246	0.03273
