[name]
unknown

[dist]
# distance from previous block
# <min> <max>
2	3

[block]
# block no. 0 follows, 67 sequences, length 31
# corresponding to MSA columns:
# 38-40,42-57,59-63,66-72
name=unknown_A
#
# <colnr> <probs for GDERKNQSTAVLIFYWHMCP>
#	G	D	E	R	K	N	Q	S	T	A	V	L	I	F	Y	W	H	M	C	P
0	0.00808	0.02049	0.81755	0.01157	0.01745	0.00934	0.03529	0.01270	0.00849	0.01270	0.00722	0.00853	0.00511	0.00380	0.00383	0.00127	0.00595	0.00301	0.00170	0.00591
1	0.00583	0.00492	0.00519	0.00500	0.00646	0.00471	0.00380	0.00886	0.16168	0.01231	0.09928	0.03264	0.58448	0.00986	0.03565	0.00154	0.00256	0.00748	0.00379	0.00398
2	0.00487	0.00401	0.00429	0.00434	0.00553	0.00342	0.00321	0.00597	0.00927	0.01144	0.13883	0.11960	0.65104	0.01015	0.00478	0.00137	0.00204	0.00861	0.00381	0.00342
3	0.01073	0.00899	0.00950	0.00832	0.01072	0.01033	0.00653	0.13649	0.71037	0.01800	0.01536	0.01419	0.01146	0.00535	0.00407	0.00134	0.00335	0.00440	0.00407	0.00642
4	0.00490	0.00371	0.00443	0.00498	0.00558	0.00334	0.00340	0.00566	0.00805	0.01027	0.02779	0.52066	0.30104	0.06922	0.00603	0.00169	0.00233	0.01002	0.00364	0.00325
5	0.00983	0.01077	0.02247	0.01615	0.02001	0.01037	0.73536	0.06764	0.00999	0.01358	0.00811	0.01066	0.00611	0.00361	0.00498	0.00136	0.03675	0.00461	0.00215	0.00547
6	0.01139	0.00562	0.00721	0.00609	0.00812	0.00508	0.00481	0.03373	0.03985	0.38075	0.27116	0.06813	0.12682	0.00707	0.00440	0.00129	0.00272	0.00602	0.00451	0.00522
7	0.88738	0.00776	0.00589	0.00527	0.00776	0.00900	0.00434	0.01179	0.00683	0.01799	0.00558	0.00651	0.00434	0.00372	0.00248	0.00124	0.00310	0.00217	0.00248	0.00434
8	0.00947	0.01082	0.02366	0.01690	0.02096	0.01014	0.81947	0.01285	0.00947	0.01285	0.00811	0.01082	0.00609	0.00338	0.00473	0.00135	0.00676	0.00473	0.00203	0.00541
9	0.00748	0.00374	0.00374	0.00374	0.00467	0.00374	0.00280	0.00934	0.00841	0.01495	0.01308	0.01495	0.01028	0.00467	0.00280	0.00093	0.00187	0.00374	0.88132	0.00374
10	0.88738	0.00776	0.00589	0.00527	0.00776	0.00900	0.00434	0.01179	0.00683	0.01799	0.00558	0.00651	0.00434	0.00372	0.00248	0.00124	0.00310	0.00217	0.00248	0.00434
11	0.01498	0.01911	0.01137	0.01033	0.01240	0.84295	0.00775	0.01601	0.01137	0.00982	0.00620	0.00723	0.00517	0.00413	0.00362	0.00103	0.00723	0.00258	0.00207	0.00465
12	0.00935	0.01039	0.02127	0.01600	0.04911	0.01052	0.63856	0.01223	0.00883	0.01226	0.00756	0.01040	0.00594	0.00407	0.00627	0.00142	0.16411	0.00446	0.00198	0.00525
13	0.00553	0.00409	0.00516	0.00489	0.00590	0.00372	0.00367	0.00729	0.01101	0.01527	0.70996	0.03129	0.16031	0.00850	0.00473	0.00128	0.00191	0.00744	0.00431	0.00372
14	0.85258	0.00772	0.00603	0.00535	0.00786	0.00887	0.00441	0.01210	0.00701	0.05077	0.00599	0.00680	0.00457	0.00377	0.00254	0.00124	0.00311	0.00225	0.00258	0.00444
15	0.00858	0.00905	0.09398	0.05316	0.26382	0.00790	0.14778	0.05617	0.02195	0.02751	0.01216	0.20428	0.02701	0.04212	0.00507	0.00145	0.00453	0.00571	0.00260	0.00517
16	0.00887	0.00994	0.05649	0.02976	0.07044	0.00918	0.53187	0.02551	0.01937	0.01246	0.02788	0.04295	0.00832	0.07356	0.01961	0.00165	0.03997	0.00487	0.00221	0.00509
17	0.00569	0.00399	0.00514	0.00525	0.00553	0.00421	0.00350	0.00627	0.00627	0.00861	0.01307	0.11957	0.01436	0.46600	0.31052	0.00453	0.00614	0.00594	0.00248	0.00294
18	0.00697	0.00348	0.00522	0.00522	0.00522	0.00348	0.00348	0.00522	0.00522	0.00697	0.00697	0.01219	0.00697	0.01393	0.01567	0.88332	0.00348	0.00348	0.00174	0.00174
19	0.03832	0.01309	0.07957	0.01104	0.03708	0.16278	0.13203	0.42700	0.01443	0.01876	0.00861	0.02309	0.00651	0.00445	0.00401	0.00121	0.00534	0.00363	0.00306	0.00600
20	0.00940	0.01069	0.02326	0.04621	0.02119	0.01010	0.79102	0.01276	0.00941	0.01276	0.00808	0.01081	0.00606	0.00340	0.00471	0.00135	0.00671	0.00469	0.00202	0.00538
21	0.00501	0.00364	0.00476	0.00560	0.00599	0.00339	0.00389	0.00585	0.00798	0.01053	0.03745	0.71289	0.08965	0.01218	0.00512	0.00162	0.00241	0.07500	0.00373	0.00331
22	0.01344	0.00587	0.00732	0.00602	0.00824	0.00541	0.00483	0.06502	0.01070	0.45919	0.01550	0.05908	0.03095	0.00539	0.00371	0.00116	0.00289	0.00441	0.28531	0.00556
23	0.01022	0.03788	0.02811	0.08999	0.28507	0.05303	0.03600	0.07690	0.06319	0.09426	0.01260	0.10413	0.05817	0.02713	0.00453	0.00133	0.00431	0.00480	0.00285	0.00548
24	0.00804	0.02074	0.83828	0.01143	0.01736	0.00931	0.01482	0.01270	0.00847	0.01270	0.00720	0.00847	0.00508	0.00381	0.00381	0.00127	0.00593	0.00296	0.00169	0.00593
25	0.00877	0.00877	0.01228	0.01053	0.01053	0.01228	0.00877	0.00965	0.00614	0.00965	0.00526	0.00877	0.00526	0.00702	0.01316	0.00175	0.85172	0.00351	0.00175	0.00439
26	0.70209	0.00804	0.02250	0.02006	0.00875	0.02303	0.00496	0.01309	0.00770	0.14801	0.00728	0.00777	0.00528	0.00393	0.00280	0.00124	0.00332	0.00251	0.00284	0.00478
27	0.00476	0.00400	0.00412	0.00422	0.00546	0.00337	0.00312	0.00574	0.00899	0.01077	0.03869	0.12423	0.74802	0.01041	0.00478	0.00138	0.00206	0.00877	0.00372	0.00337
28	0.28141	0.05754	0.02686	0.03244	0.03331	0.09238	0.08996	0.15890	0.02432	0.06468	0.00924	0.09505	0.00792	0.00492	0.00361	0.00125	0.00430	0.00392	0.00288	0.00514
29	0.01162	0.00845	0.01017	0.06084	0.10115	0.06339	0.01837	0.10919	0.10642	0.19001	0.07236	0.03881	0.02455	0.00492	0.00392	0.00114	0.00382	0.00412	0.00343	0.16334
30	0.01113	0.75178	0.03882	0.00726	0.01068	0.04474	0.00713	0.06977	0.00903	0.01065	0.00592	0.00674	0.00527	0.00356	0.00274	0.00090	0.00444	0.00228	0.00189	0.00527

[dist]
# distance from previous block
# <min> <max>
11	45

[block]
# block no. 1 follows, 67 sequences, length 11
# corresponding to MSA columns:
# 164-174
name=unknown_B
#
# <colnr> <probs for GDERKNQSTAVLIFYWHMCP>
#	G	D	E	R	K	N	Q	S	T	A	V	L	I	F	Y	W	H	M	C	P
0	0.00942	0.00797	0.00946	0.00901	0.10246	0.00785	0.00630	0.01551	0.37441	0.03856	0.01248	0.01247	0.03210	0.00440	0.00366	0.00104	0.00325	0.00369	0.00321	0.34275
1	0.04477	0.15373	0.19636	0.05168	0.07068	0.24277	0.03964	0.01400	0.07849	0.02993	0.02218	0.02377	0.00688	0.00420	0.00362	0.00115	0.00542	0.00321	0.00222	0.00529
2	0.00638	0.00511	0.00605	0.00549	0.00712	0.00452	0.00411	0.00863	0.07848	0.01320	0.24093	0.20508	0.16153	0.00793	0.00432	0.00120	0.00239	0.00690	0.00360	0.22705
3	0.00582	0.00392	0.00453	0.00453	0.00459	0.00398	0.00263	0.00594	0.00588	0.00789	0.01249	0.02543	0.01423	0.79491	0.08408	0.00409	0.00442	0.00571	0.00241	0.00252
4	0.00582	0.00392	0.00452	0.00452	0.00458	0.00397	0.00262	0.00593	0.00588	0.00789	0.01250	0.02548	0.01425	0.79882	0.08020	0.00407	0.00439	0.00572	0.00241	0.00251
5	0.00982	0.00933	0.01296	0.17802	0.21540	0.06577	0.08070	0.07202	0.19907	0.01365	0.00978	0.01152	0.00769	0.00624	0.06589	0.00166	0.02845	0.00388	0.00259	0.00556
6	0.00844	0.04275	0.11582	0.06807	0.05601	0.00844	0.28111	0.06615	0.00931	0.01288	0.04780	0.12648	0.01069	0.01885	0.06565	0.00173	0.01792	0.00515	0.03182	0.00493
7	0.04776	0.01426	0.03862	0.00940	0.01191	0.37964	0.00757	0.28646	0.03558	0.04524	0.00892	0.00953	0.02733	0.00519	0.02102	0.00127	0.03867	0.00325	0.00292	0.00547
8	0.05285	0.42509	0.09290	0.00826	0.01172	0.02994	0.03923	0.20622	0.03184	0.04007	0.00771	0.02387	0.00627	0.00409	0.00327	0.00106	0.00448	0.00298	0.00252	0.00563
9	0.01258	0.12308	0.02774	0.08183	0.01427	0.21961	0.10466	0.26508	0.05390	0.01534	0.00811	0.00934	0.00631	0.01777	0.00426	0.00121	0.02331	0.00336	0.00269	0.00553
10	0.07229	0.04160	0.01125	0.05663	0.05058	0.51815	0.00769	0.06133	0.06176	0.01183	0.00727	0.00852	0.00594	0.00542	0.04215	0.00136	0.02611	0.00292	0.00230	0.00489

[dist]
# distance from previous block
# <min> <max>
0	1

[block]
# block no. 2 follows, 67 sequences, length 17
# corresponding to MSA columns:
# 264-280
name=unknown_C
#
# <colnr> <probs for GDERKNQSTAVLIFYWHMCP>
#	G	D	E	R	K	N	Q	S	T	A	V	L	I	F	Y	W	H	M	C	P
0	0.00861	0.00818	0.01256	0.54893	0.20012	0.03752	0.01070	0.03064	0.06114	0.01164	0.00859	0.01129	0.02475	0.00417	0.00401	0.00129	0.00505	0.00371	0.00208	0.00503
1	0.00576	0.00419	0.00589	0.00589	0.00642	0.00471	0.00433	0.00681	0.00628	0.00890	0.01125	0.01855	0.01124	0.25074	0.62416	0.00576	0.00892	0.00471	0.00222	0.00327
2	0.00940	0.00804	0.00855	0.00773	0.00985	0.00918	0.00600	0.01951	0.72390	0.01648	0.08836	0.01719	0.04639	0.00586	0.00416	0.00135	0.00302	0.00492	0.00410	0.00601
3	0.00832	0.00713	0.00832	0.00594	0.00950	0.00535	0.00475	0.01010	0.00832	0.01307	0.00713	0.00832	0.00594	0.00297	0.00297	0.00059	0.00297	0.00238	0.00238	0.88357
4	0.00769	0.00724	0.01223	0.80997	0.06619	0.00894	0.01119	0.01035	0.00807	0.01038	0.00715	0.01066	0.00539	0.00399	0.00401	0.00133	0.00532	0.00356	0.00179	0.00455
5	0.01711	0.00773	0.00981	0.00757	0.01066	0.00731	0.00624	0.16975	0.05041	0.64697	0.01468	0.01296	0.00945	0.00496	0.00403	0.00124	0.00359	0.00398	0.00474	0.00680
6	0.00493	0.00386	0.00447	0.00477	0.00565	0.00340	0.00340	0.00596	0.00893	0.01139	0.15049	0.33783	0.41915	0.01075	0.00488	0.00144	0.00212	0.00936	0.00383	0.00340
7	0.00532	0.00380	0.00515	0.00608	0.00650	0.00363	0.00447	0.00633	0.00810	0.01072	0.02187	0.63514	0.02559	0.01216	0.00523	0.00169	0.00270	0.22846	0.00371	0.00338
8	0.00523	0.00400	0.00465	0.00485	0.00571	0.00364	0.00352	0.00625	0.00865	0.01107	0.13931	0.17525	0.37313	0.13800	0.02492	0.00192	0.00267	0.08033	0.00359	0.00331
9	0.01072	0.86147	0.02102	0.00686	0.01029	0.01587	0.00686	0.01201	0.00815	0.00944	0.00558	0.00643	0.00515	0.00343	0.00257	0.00086	0.00429	0.00214	0.00172	0.00515
10	0.00709	0.00517	0.00636	0.00659	0.00751	0.00528	0.00492	0.14581	0.03778	0.01332	0.01963	0.55130	0.02211	0.01076	0.00496	0.00158	0.00293	0.13907	0.00378	0.00404
11	0.00804	0.02074	0.83828	0.01143	0.01736	0.00931	0.01482	0.01270	0.00847	0.01270	0.00720	0.00847	0.00508	0.00381	0.00381	0.00127	0.00593	0.00296	0.00169	0.00593
12	0.00832	0.00713	0.00832	0.00594	0.00950	0.00535	0.00475	0.01010	0.00832	0.01307	0.00713	0.00832	0.00594	0.00297	0.00297	0.00059	0.00297	0.00238	0.00238	0.88357
13	0.08103	0.01005	0.01172	0.15141	0.05989	0.01123	0.00817	0.55393	0.01535	0.04487	0.00896	0.00970	0.00644	0.00453	0.00389	0.00123	0.00446	0.00350	0.00343	0.00620
14	0.00790	0.00472	0.00611	0.00544	0.00682	0.00433	0.00419	0.02955	0.01144	0.15146	0.63533	0.02722	0.07425	0.00768	0.00460	0.00126	0.00221	0.00670	0.00446	0.00434
15	0.00492	0.00405	0.00433	0.00430	0.00554	0.00346	0.00321	0.00610	0.00952	0.01183	0.19251	0.06172	0.65492	0.00985	0.00475	0.00134	0.00201	0.00832	0.00386	0.00346
16	0.10352	0.01152	0.01152	0.00940	0.01199	0.23560	0.09759	0.12603	0.08813	0.19314	0.00993	0.01043	0.00729	0.02028	0.00458	0.00128	0.04549	0.00352	0.00318	0.00558

[dist]
# distance from previous block
# <min> <max>
0	2

[block]
# block no. 3 follows, 67 sequences, length 6
# corresponding to MSA columns:
# 286-291
name=unknown_D
#
# <colnr> <probs for GDERKNQSTAVLIFYWHMCP>
#	G	D	E	R	K	N	Q	S	T	A	V	L	I	F	Y	W	H	M	C	P
0	0.07224	0.26188	0.03202	0.05404	0.26308	0.04600	0.00845	0.06403	0.04045	0.03647	0.01022	0.01123	0.07532	0.00433	0.00351	0.00112	0.00431	0.00346	0.00237	0.00547
1	0.00770	0.00485	0.00572	0.00544	0.00678	0.00460	0.00412	0.04654	0.05709	0.11400	0.16090	0.19903	0.22785	0.00855	0.00445	0.00134	0.00244	0.02689	0.10750	0.00422
2	0.00938	0.00986	0.09793	0.12886	0.05333	0.06115	0.11463	0.06324	0.15887	0.04396	0.02829	0.05836	0.05718	0.02307	0.00451	0.00134	0.00454	0.02653	0.00287	0.05209
3	0.06999	0.01440	0.08579	0.00939	0.01237	0.31980	0.00795	0.32415	0.01370	0.09233	0.00845	0.00881	0.00618	0.00442	0.00375	0.00115	0.00542	0.00312	0.00307	0.00578
4	0.06275	0.03544	0.02918	0.09984	0.07280	0.12527	0.00759	0.13300	0.10892	0.06174	0.00894	0.00999	0.00690	0.00488	0.02050	0.00126	0.06226	0.00329	0.02095	0.12450
5	0.05384	0.00627	0.03848	0.00627	0.00727	0.06419	0.00480	0.00897	0.07395	0.01084	0.01411	0.17842	0.01477	0.22264	0.16351	0.00297	0.00497	0.07616	0.04389	0.00368

[dist]
# distance from previous block
# <min> <max>
0	3

[block]
# block no. 4 follows, 67 sequences, length 25
# corresponding to MSA columns:
# 459-470,485-496,559
name=unknown_E
#
# <colnr> <probs for GDERKNQSTAVLIFYWHMCP>
#	G	D	E	R	K	N	Q	S	T	A	V	L	I	F	Y	W	H	M	C	P
0	0.00568	0.00401	0.00513	0.00571	0.00616	0.00390	0.00417	0.00657	0.00774	0.01017	0.03291	0.29134	0.06032	0.27050	0.00990	0.00237	0.00322	0.26371	0.00333	0.00316
1	0.00574	0.00391	0.00456	0.00460	0.00472	0.00394	0.00274	0.00593	0.00609	0.00813	0.01393	0.06306	0.04484	0.71725	0.09113	0.00392	0.00435	0.00604	0.00251	0.00260
2	0.01386	0.24185	0.01392	0.00941	0.01184	0.62425	0.00751	0.01496	0.01051	0.00971	0.00603	0.00702	0.00516	0.00395	0.00334	0.00099	0.00645	0.00247	0.00197	0.00478
3	0.00869	0.07734	0.07652	0.00672	0.01032	0.00702	0.00595	0.02326	0.05117	0.01305	0.00749	0.00855	0.00613	0.00332	0.00330	0.00074	0.02190	0.00256	0.00237	0.66360
4	0.00798	0.00893	0.10038	0.63706	0.14718	0.00905	0.01170	0.01082	0.00823	0.01093	0.00720	0.01034	0.00547	0.00392	0.00398	0.00131	0.00532	0.00350	0.00180	0.00490
5	0.01498	0.01911	0.01137	0.01033	0.01240	0.84295	0.00775	0.01601	0.01137	0.00982	0.00620	0.00723	0.00517	0.00413	0.00362	0.00103	0.00723	0.00258	0.00207	0.00465
6	0.00730	0.00548	0.00615	0.00565	0.00717	0.00550	0.00434	0.06848	0.16009	0.03878	0.26684	0.04276	0.27750	0.00847	0.02779	0.00144	0.00265	0.00658	0.05261	0.00442
7	0.00738	0.00569	0.00836	0.00758	0.00795	0.00696	0.02937	0.02273	0.00624	0.00897	0.00771	0.01238	0.00744	0.03565	0.24354	0.30872	0.26431	0.00381	0.00193	0.00328
8	0.00611	0.00461	0.00594	0.00583	0.00686	0.00440	0.02202	0.05354	0.02272	0.01383	0.34340	0.25007	0.14507	0.00959	0.00487	0.00143	0.00248	0.08945	0.00398	0.00383
9	0.03809	0.01012	0.01118	0.00862	0.01172	0.01088	0.00711	0.62672	0.01695	0.17706	0.03365	0.01087	0.00821	0.00491	0.00400	0.00121	0.00412	0.00375	0.00416	0.00667
10	0.01140	0.03716	0.21168	0.02721	0.10652	0.06006	0.06064	0.22665	0.01168	0.06729	0.00836	0.00930	0.00619	0.00398	0.00379	0.00112	0.00487	0.00326	0.00269	0.13616
11	0.05759	0.33065	0.21487	0.00972	0.01352	0.06642	0.11709	0.04738	0.06246	0.01232	0.00721	0.00832	0.00575	0.00386	0.00366	0.00113	0.02758	0.00297	0.00207	0.00542
12	0.66229	0.01046	0.14413	0.02743	0.02641	0.04819	0.00656	0.01211	0.00738	0.01645	0.00596	0.00704	0.00457	0.00376	0.00282	0.00124	0.00385	0.00238	0.00231	0.00466
13	0.11278	0.02171	0.00904	0.03948	0.01042	0.12003	0.00621	0.23100	0.06259	0.09067	0.01242	0.18187	0.01143	0.00745	0.04105	0.00153	0.00434	0.02742	0.00340	0.00515
14	0.74523	0.00832	0.00690	0.00592	0.00852	0.00956	0.00488	0.14363	0.00879	0.01918	0.00624	0.00702	0.00475	0.00390	0.00273	0.00123	0.00332	0.00241	0.00273	0.00475
15	0.01791	0.00696	0.00939	0.00720	0.01031	0.00610	0.00595	0.04439	0.01171	0.81165	0.01563	0.01353	0.00983	0.00496	0.00403	0.00124	0.00344	0.00402	0.00493	0.00683
16	0.64891	0.00750	0.00683	0.00578	0.00844	0.00815	0.00477	0.01392	0.00810	0.24259	0.00839	0.00847	0.00588	0.00406	0.00291	0.00124	0.00319	0.00268	0.00316	0.00502
17	0.01498	0.01911	0.01137	0.01033	0.01240	0.84295	0.00775	0.01601	0.01137	0.00982	0.00620	0.00723	0.00517	0.00413	0.00362	0.00103	0.00723	0.00258	0.00207	0.00465
18	0.01184	0.01188	0.01021	0.04363	0.04211	0.29324	0.02251	0.19505	0.11610	0.02590	0.01526	0.01530	0.16862	0.00560	0.00404	0.00120	0.00483	0.00435	0.00311	0.00521
19	0.00691	0.00350	0.00518	0.00518	0.00518	0.00350	0.00343	0.00525	0.00525	0.00700	0.00724	0.01286	0.00733	0.05416	0.01590	0.84146	0.00350	0.00359	0.00177	0.00177
20	0.01393	0.00839	0.01073	0.05049	0.03563	0.02015	0.05108	0.25716	0.04380	0.32815	0.02952	0.05296	0.04358	0.00533	0.00412	0.00125	0.00393	0.00445	0.00400	0.03136
21	0.01069	0.03174	0.07386	0.03790	0.19405	0.20060	0.07150	0.06762	0.03534	0.02662	0.00970	0.01167	0.04458	0.00573	0.03984	0.00145	0.07147	0.01621	0.04418	0.00524
22	0.88738	0.00776	0.00589	0.00527	0.00776	0.00900	0.00434	0.01179	0.00683	0.01799	0.00558	0.00651	0.00434	0.00372	0.00248	0.00124	0.00310	0.00217	0.00248	0.00434
23	0.00589	0.00449	0.00660	0.00651	0.00715	0.00530	0.00503	0.00720	0.00639	0.00923	0.01059	0.01610	0.01009	0.08336	0.74787	0.00604	0.05211	0.00436	0.00215	0.00355
24	0.01067	0.33450	0.05839	0.04253	0.07939	0.03482	0.06285	0.11291	0.03192	0.05473	0.00945	0.07073	0.02228	0.00486	0.00398	0.00116	0.03910	0.01787	0.00250	0.00537

[dist]
# distance from previous block
# <min> <max>
5	53

[block]
# block no. 5 follows, 67 sequences, length 13
# corresponding to MSA columns:
# 659-671
name=unknown_F
#
# <colnr> <probs for GDERKNQSTAVLIFYWHMCP>
#	G	D	E	R	K	N	Q	S	T	A	V	L	I	F	Y	W	H	M	C	P
0	0.04406	0.00954	0.01039	0.04245	0.01155	0.06195	0.00675	0.28939	0.03235	0.05805	0.00831	0.00922	0.00639	0.00440	0.00470	0.00108	0.10607	0.00313	0.00299	0.28725
1	0.00996	0.00941	0.01576	0.09025	0.73526	0.00960	0.01202	0.04558	0.00944	0.01338	0.00760	0.00998	0.00629	0.00366	0.00398	0.00120	0.00480	0.00357	0.00205	0.00622
2	0.01030	0.00996	0.01594	0.02354	0.77411	0.04254	0.01197	0.03949	0.00955	0.01338	0.00756	0.00981	0.00632	0.00364	0.00396	0.00119	0.00485	0.00354	0.00206	0.00630
3	0.00509	0.00377	0.00454	0.00503	0.00557	0.00347	0.00344	0.00583	0.00791	0.01019	0.04387	0.44603	0.24044	0.15396	0.00759	0.00194	0.00256	0.04209	0.00352	0.00318
4	0.00545	0.00444	0.00492	0.00519	0.00611	0.02537	0.00374	0.00693	0.04399	0.01159	0.14132	0.35191	0.33689	0.01048	0.00484	0.00145	0.00234	0.02567	0.00379	0.00356
5	0.01136	0.01018	0.01193	0.00980	0.01237	0.11686	0.14243	0.09442	0.37003	0.08140	0.01378	0.01409	0.04356	0.00518	0.00442	0.00131	0.02698	0.02063	0.00346	0.00583
6	0.01040	0.00883	0.00931	0.00825	0.01059	0.01017	0.00645	0.08554	0.76187	0.01746	0.01579	0.01453	0.01181	0.00539	0.00408	0.00135	0.00327	0.00446	0.00408	0.00639
7	0.00670	0.00550	0.00662	0.00642	0.00710	0.06001	0.00478	0.02728	0.00701	0.00953	0.02665	0.01745	0.01103	0.21359	0.53648	0.00512	0.03841	0.00454	0.00228	0.00350
8	0.01525	0.01123	0.01204	0.00923	0.01244	0.01244	0.00762	0.82067	0.01886	0.02528	0.00963	0.00963	0.00682	0.00481	0.00401	0.00120	0.00441	0.00361	0.00401	0.00682
9	0.00531	0.00408	0.00485	0.00466	0.00576	0.00363	0.00349	0.00685	0.01048	0.01401	0.51878	0.03338	0.35228	0.00897	0.00473	0.00130	0.00195	0.00773	0.00414	0.00363
10	0.00578	0.00387	0.00439	0.00444	0.00445	0.00386	0.00250	0.00582	0.00593	0.00790	0.01313	0.06913	0.01520	0.81532	0.01962	0.00377	0.00381	0.00612	0.00250	0.00247
11	0.06830	0.03652	0.03916	0.00613	0.00970	0.00610	0.00517	0.01037	0.00821	0.01327	0.00697	0.00814	0.00577	0.00307	0.00295	0.00067	0.00313	0.00238	0.00234	0.76165
12	0.07259	0.04074	0.08460	0.03689	0.01230	0.02609	0.00763	0.39908	0.04621	0.18385	0.01034	0.01034	0.00726	0.00522	0.02473	0.00134	0.00443	0.00350	0.00363	0.01921

[dist]
# distance from previous block
# <min> <max>
0	6

[block]
# block no. 6 follows, 67 sequences, length 44
# corresponding to MSA columns:
# 678,679,689-707,719-724,727-743
name=unknown_G
#
# <colnr> <probs for GDERKNQSTAVLIFYWHMCP>
#	G	D	E	R	K	N	Q	S	T	A	V	L	I	F	Y	W	H	M	C	P
0	0.01536	0.01106	0.01193	0.00914	0.01235	0.01217	0.00755	0.78855	0.01856	0.05781	0.00988	0.00979	0.00694	0.00482	0.00401	0.00121	0.00437	0.00363	0.00405	0.00682
1	0.04850	0.43823	0.36774	0.00881	0.01326	0.01266	0.01016	0.03876	0.00858	0.01172	0.00640	0.00741	0.00514	0.00365	0.00314	0.00106	0.00494	0.00254	0.00182	0.00550
2	0.00563	0.00410	0.00530	0.00500	0.00597	0.00377	0.00375	0.00749	0.01125	0.01585	0.79693	0.03034	0.07298	0.00829	0.00473	0.00127	0.00190	0.00731	0.00438	0.00377
3	0.00564	0.00410	0.00532	0.00501	0.00597	0.00377	0.00376	0.00751	0.01128	0.01590	0.80433	0.03026	0.06555	0.00827	0.00473	0.00126	0.00190	0.00730	0.00439	0.00377
4	0.00561	0.00410	0.00527	0.00498	0.00595	0.00376	0.00373	0.00744	0.01120	0.01572	0.77802	0.03055	0.09197	0.00833	0.00473	0.00127	0.00190	0.00734	0.00437	0.00376
5	0.02674	0.01106	0.02240	0.01618	0.01998	0.04702	0.74121	0.01286	0.00939	0.01271	0.00789	0.01051	0.00598	0.00354	0.00492	0.00135	0.03436	0.00455	0.00203	0.00532
6	0.00895	0.00751	0.00866	0.00624	0.00977	0.00600	0.00502	0.08465	0.00929	0.01419	0.00736	0.00844	0.00602	0.00314	0.00307	0.00065	0.00310	0.00249	0.00253	0.80294
7	0.00573	0.00430	0.00645	0.00645	0.00716	0.00501	0.00501	0.00716	0.00645	0.00931	0.01074	0.01576	0.01003	0.03008	0.84316	0.00645	0.01074	0.00430	0.00215	0.00358
8	0.01498	0.01911	0.01137	0.01033	0.01240	0.84295	0.00775	0.01601	0.01137	0.00982	0.00620	0.00723	0.00517	0.00413	0.00362	0.00103	0.00723	0.00258	0.00207	0.00465
9	0.01116	0.00881	0.00946	0.00818	0.01061	0.00997	0.00645	0.15962	0.61426	0.06133	0.04443	0.01451	0.01210	0.00541	0.00409	0.00132	0.00336	0.00445	0.00413	0.00636
10	0.00531	0.00405	0.00491	0.00503	0.00600	0.00365	0.00379	0.00670	0.00979	0.01291	0.34481	0.16290	0.31306	0.00986	0.00488	0.00141	0.00220	0.09120	0.00399	0.00355
11	0.00489	0.00349	0.00465	0.00558	0.00582	0.00326	0.00372	0.00558	0.00768	0.01024	0.02210	0.85644	0.02653	0.01256	0.00512	0.00163	0.00233	0.01140	0.00372	0.00326
12	0.01134	0.00842	0.00919	0.00804	0.01046	0.00943	0.00632	0.04383	0.68034	0.14116	0.01606	0.01461	0.01174	0.00535	0.00407	0.00134	0.00325	0.00443	0.00421	0.00643
13	0.00492	0.00351	0.00469	0.00562	0.00587	0.00329	0.00378	0.00564	0.00771	0.01028	0.02209	0.83874	0.02645	0.01253	0.00513	0.00163	0.00236	0.02876	0.00372	0.00327
14	0.00905	0.03837	0.01500	0.32809	0.47223	0.00959	0.03250	0.01150	0.00864	0.01185	0.00730	0.01009	0.00591	0.00378	0.00412	0.00125	0.01972	0.00355	0.00190	0.00555
15	0.00765	0.00721	0.01217	0.82150	0.05491	0.00893	0.01118	0.01032	0.00806	0.01034	0.00714	0.01067	0.00538	0.00399	0.00401	0.00133	0.00533	0.00356	0.00179	0.00452
16	0.00489	0.00349	0.00465	0.00558	0.00582	0.00326	0.00372	0.00558	0.00768	0.01024	0.02210	0.85644	0.02653	0.01256	0.00512	0.00163	0.00233	0.01140	0.00372	0.00326
17	0.00702	0.00485	0.01700	0.00475	0.00646	0.00405	0.00374	0.00848	0.03278	0.13783	0.03511	0.03320	0.65499	0.00903	0.00456	0.00133	0.00233	0.00750	0.02095	0.00404
18	0.00885	0.20462	0.51060	0.03340	0.01635	0.01087	0.11502	0.01272	0.02968	0.01204	0.00719	0.00854	0.00542	0.00372	0.00367	0.00119	0.00558	0.00306	0.00181	0.00566
19	0.00973	0.14193	0.04999	0.00782	0.00959	0.19804	0.02893	0.05771	0.00873	0.01077	0.00870	0.01285	0.00812	0.16191	0.14410	0.00248	0.06808	0.00366	0.06258	0.00428
20	0.01562	0.01032	0.01143	0.00880	0.01196	0.01112	0.00726	0.64557	0.04000	0.17981	0.01100	0.01054	0.00756	0.00486	0.00402	0.00122	0.00419	0.00372	0.00420	0.00681
21	0.01095	0.77493	0.02006	0.00722	0.01045	0.07239	0.00699	0.01220	0.00830	0.00947	0.00561	0.00657	0.00515	0.00360	0.00300	0.00090	0.03317	0.00222	0.00174	0.00509
22	0.07253	0.00721	0.00915	0.00714	0.01006	0.00672	0.00585	0.10120	0.02539	0.64648	0.01419	0.01277	0.00919	0.00519	0.00432	0.03199	0.00347	0.00386	0.01685	0.00644
23	0.01177	0.01057	0.00959	0.00836	0.01064	0.17390	0.00652	0.15476	0.41137	0.04785	0.07252	0.01357	0.01164	0.00523	0.00398	0.00124	0.00406	0.00415	0.03244	0.00584
24	0.00574	0.00434	0.00505	0.00492	0.00584	0.00411	0.00354	0.00755	0.06107	0.01261	0.33988	0.04751	0.24718	0.19490	0.00816	0.00190	0.00252	0.03591	0.00373	0.00353
25	0.00556	0.00408	0.00521	0.00497	0.00593	0.00373	0.00371	0.00732	0.01101	0.01537	0.72695	0.05857	0.11555	0.00854	0.00474	0.00128	0.00192	0.00751	0.00432	0.00373
26	0.00567	0.00392	0.00456	0.00464	0.00487	0.00388	0.00286	0.00599	0.00652	0.00864	0.03871	0.08774	0.08727	0.63136	0.06606	0.00354	0.00396	0.02438	0.00270	0.00271
27	0.01042	0.63385	0.08079	0.00791	0.01095	0.05142	0.00779	0.01189	0.00802	0.00973	0.00568	0.00697	0.00516	0.00403	0.00429	0.00103	0.13085	0.00243	0.00174	0.00507
28	0.01498	0.01911	0.01137	0.01033	0.01240	0.84295	0.00775	0.01601	0.01137	0.00982	0.00620	0.00723	0.00517	0.00413	0.00362	0.00103	0.00723	0.00258	0.00207	0.00465
29	0.04031	0.30618	0.04083	0.00906	0.04446	0.21694	0.03002	0.09013	0.03225	0.11163	0.00789	0.00842	0.00615	0.00398	0.00335	0.00104	0.00495	0.00285	0.00254	0.03703
30	0.01686	0.00864	0.01043	0.00800	0.01114	0.00859	0.00661	0.34935	0.01452	0.50272	0.01327	0.01199	0.00865	0.00490	0.00402	0.00123	0.00382	0.00386	0.00457	0.00682
31	0.00492	0.00354	0.00467	0.00557	0.00586	0.00329	0.00376	0.00566	0.00777	0.01030	0.02279	0.80584	0.05732	0.01244	0.00511	0.00162	0.00235	0.03019	0.00372	0.00327
32	0.03469	0.00984	0.00828	0.00790	0.00929	0.25677	0.00595	0.11380	0.06060	0.01274	0.01432	0.33616	0.01519	0.00809	0.00468	0.00139	0.03202	0.06068	0.00318	0.00441
33	0.03151	0.03128	0.01200	0.11186	0.07485	0.35517	0.00832	0.23770	0.02763	0.03906	0.00778	0.00885	0.00599	0.00436	0.00402	0.00116	0.02719	0.00314	0.00268	0.00545
34	0.00533	0.00465	0.00464	0.00479	0.00592	0.03897	0.00349	0.00648	0.02445	0.01087	0.05052	0.23507	0.56998	0.01036	0.00477	0.00141	0.00234	0.00883	0.00367	0.00347
35	0.01331	0.03979	0.18323	0.00901	0.01262	0.00884	0.05060	0.12631	0.16945	0.32574	0.01254	0.01189	0.00858	0.00466	0.00398	0.00126	0.00423	0.00382	0.00372	0.00641
36	0.09802	0.01156	0.00975	0.00824	0.01078	0.26703	0.00651	0.18204	0.07326	0.16961	0.01160	0.02332	0.04712	0.00497	0.00378	0.00117	0.00466	0.01884	0.00335	0.04438
37	0.00910	0.08678	0.13064	0.15601	0.18021	0.03583	0.03765	0.06035	0.06812	0.02902	0.01145	0.10703	0.04369	0.00536	0.00405	0.00128	0.00456	0.02108	0.00252	0.00528
38	0.00808	0.00708	0.00691	0.02889	0.00822	0.12576	0.00496	0.05573	0.08319	0.02853	0.30996	0.16362	0.08287	0.02152	0.00471	0.00135	0.00318	0.01878	0.03245	0.00424
39	0.00569	0.00410	0.00544	0.00544	0.00577	0.00400	0.03916	0.00622	0.00691	0.00927	0.05362	0.29021	0.01912	0.47872	0.03343	0.00296	0.00358	0.02049	0.00293	0.00294
40	0.11607	0.04056	0.01349	0.27947	0.06629	0.13261	0.15361	0.03623	0.02998	0.03214	0.03440	0.01023	0.00677	0.00413	0.00411	0.00126	0.02788	0.00357	0.00225	0.00493
41	0.04263	0.18325	0.03026	0.00808	0.02965	0.14267	0.05319	0.08540	0.06255	0.01323	0.11334	0.06809	0.11440	0.00580	0.00386	0.00116	0.00411	0.00471	0.00291	0.03073
42	0.06408	0.07872	0.03648	0.03638	0.04301	0.11154	0.07564	0.17851	0.06959	0.01517	0.00882	0.03364	0.00730	0.00441	0.00383	0.00110	0.01920	0.02382	0.00273	0.18603
43	0.11482	0.06559	0.07323	0.00942	0.02900	0.25600	0.04522	0.22064	0.02809	0.01554	0.03480	0.00982	0.00723	0.00558	0.04267	0.00139	0.00547	0.01332	0.00271	0.01946

[dist]
# distance from previous block
# <min> <max>
0	20

[block]
# block no. 7 follows, 67 sequences, length 52
# corresponding to MSA columns:
# 832-847,896-908,927-949
name=unknown_H
#
# <colnr> <probs for GDERKNQSTAVLIFYWHMCP>
#	G	D	E	R	K	N	Q	S	T	A	V	L	I	F	Y	W	H	M	C	P
0	0.03824	0.13445	0.01208	0.00816	0.01112	0.01110	0.00685	0.42767	0.09945	0.14818	0.01124	0.04388	0.00855	0.00506	0.00383	0.00120	0.00398	0.01490	0.00377	0.00627
1	0.00574	0.00411	0.00516	0.00522	0.00562	0.00430	0.00351	0.00659	0.02547	0.00891	0.01490	0.09710	0.07097	0.43719	0.28353	0.00428	0.00582	0.00598	0.00258	0.00303
2	0.00976	0.15592	0.14546	0.01063	0.06530	0.07110	0.15967	0.03617	0.05098	0.06252	0.04769	0.08212	0.02867	0.05074	0.00486	0.00137	0.00481	0.00450	0.00257	0.00517
3	0.15876	0.06454	0.07293	0.03503	0.01519	0.03346	0.33289	0.03384	0.02199	0.01320	0.01946	0.00949	0.00606	0.00432	0.00562	0.00136	0.16097	0.00370	0.00213	0.00504
4	0.01106	0.00828	0.03169	0.00771	0.01016	0.00860	0.00625	0.10792	0.45528	0.14711	0.01754	0.04524	0.08415	0.00598	0.00416	0.00133	0.00330	0.02072	0.00407	0.01945
5	0.01498	0.01911	0.01137	0.01033	0.01240	0.84295	0.00775	0.01601	0.01137	0.00982	0.00620	0.00723	0.00517	0.00413	0.00362	0.00103	0.00723	0.00258	0.00207	0.00465
6	0.00958	0.01070	0.04861	0.01942	0.30520	0.00990	0.50999	0.01265	0.00932	0.01293	0.00788	0.01043	0.00614	0.00346	0.00444	0.00129	0.00603	0.00427	0.00200	0.00576
7	0.00493	0.00357	0.00466	0.00545	0.00580	0.00330	0.00368	0.00572	0.00800	0.01064	0.07316	0.75203	0.07998	0.01214	0.00507	0.00159	0.00228	0.01095	0.00377	0.00330
8	0.00511	0.00443	0.00441	0.00435	0.00566	0.02347	0.00326	0.00625	0.00949	0.01152	0.14666	0.03668	0.70538	0.00975	0.00471	0.00133	0.00214	0.00816	0.00378	0.00347
9	0.01607	0.00914	0.01063	0.00820	0.01130	0.00940	0.00676	0.44668	0.02933	0.37008	0.01312	0.01212	0.02793	0.00502	0.00404	0.00123	0.00391	0.00392	0.00441	0.00673
10	0.01133	0.00775	0.00886	0.00764	0.00975	0.00847	0.00599	0.14944	0.35458	0.16266	0.01445	0.04696	0.01153	0.08252	0.06685	0.00193	0.02276	0.01689	0.00387	0.00576
11	0.00703	0.00480	0.00595	0.00544	0.00673	0.00459	0.00417	0.00945	0.07444	0.08845	0.54027	0.02830	0.16852	0.00800	0.00482	0.00129	0.02242	0.00687	0.00426	0.00420
12	0.00808	0.00537	0.00675	0.00679	0.00817	0.00529	0.00561	0.09708	0.02271	0.09199	0.02269	0.14353	0.15368	0.00977	0.00502	0.00160	0.00328	0.39447	0.00386	0.00426
13	0.01559	0.00963	0.01086	0.00839	0.01146	0.01018	0.00691	0.54401	0.03420	0.25381	0.01166	0.01110	0.00796	0.00486	0.00397	0.00121	0.00400	0.00376	0.03974	0.00669
14	0.10250	0.00953	0.01020	0.00808	0.01100	0.03024	0.00661	0.42266	0.09652	0.21841	0.01141	0.01092	0.00793	0.00478	0.00382	0.00122	0.00391	0.00364	0.03022	0.00638
15	0.00764	0.00530	0.00606	0.00550	0.00703	0.00507	0.00420	0.08759	0.06788	0.08985	0.23901	0.08463	0.32861	0.03717	0.00511	0.00141	0.00252	0.00710	0.00403	0.00431
16	0.01167	0.00946	0.01002	0.00850	0.01107	0.01077	0.00676	0.27830	0.56704	0.01951	0.01417	0.01325	0.01050	0.00524	0.00406	0.00131	0.00357	0.00424	0.00406	0.00650
17	0.01498	0.01764	0.01121	0.01002	0.01222	0.72192	0.00759	0.06172	0.04028	0.05553	0.00727	0.00798	0.00576	0.00426	0.00368	0.00107	0.00673	0.00279	0.00240	0.00495
18	0.01120	0.00898	0.00982	0.00774	0.01079	0.00917	0.00622	0.29213	0.25705	0.01838	0.01074	0.01076	0.00813	0.00434	0.00366	0.00103	0.00353	0.00345	0.00345	0.31944
19	0.00503	0.00381	0.00463	0.00513	0.00583	0.00345	0.00365	0.00599	0.00853	0.01100	0.09840	0.44866	0.28900	0.03001	0.00533	0.00157	0.00231	0.06056	0.00375	0.00335
20	0.00757	0.00713	0.01203	0.84942	0.02762	0.00891	0.01114	0.01025	0.00802	0.01025	0.00713	0.01069	0.00535	0.00401	0.00401	0.00134	0.00535	0.00356	0.00178	0.00446
21	0.00579	0.00393	0.00465	0.00467	0.00477	0.00401	0.00280	0.00599	0.00597	0.00805	0.01268	0.04967	0.01436	0.72815	0.12481	0.00415	0.00472	0.00580	0.00243	0.00260
22	0.00832	0.00713	0.00832	0.00594	0.00950	0.00535	0.00475	0.01010	0.00832	0.01307	0.00713	0.00832	0.00594	0.00297	0.00297	0.00059	0.00297	0.00238	0.00238	0.88357
23	0.32302	0.01066	0.00972	0.00790	0.01072	0.08778	0.00644	0.43746	0.03752	0.02103	0.00808	0.00846	0.00595	0.00438	0.00344	0.00121	0.00417	0.00303	0.00329	0.00573
24	0.00573	0.00430	0.00645	0.00645	0.00716	0.00501	0.00501	0.00716	0.00645	0.00931	0.01074	0.01576	0.01003	0.03008	0.84316	0.00645	0.01074	0.00430	0.00215	0.00358
25	0.00785	0.00566	0.00734	0.00768	0.00896	0.00585	0.00665	0.13640	0.01075	0.01410	0.01940	0.03962	0.02052	0.01009	0.00530	0.00175	0.00381	0.68036	0.00374	0.00419
26	0.00615	0.00486	0.00704	0.00680	0.00735	0.00588	0.00528	0.00737	0.00635	0.00921	0.01018	0.01579	0.00981	0.10364	0.65594	0.00558	0.12273	0.00433	0.00212	0.00358
27	0.01448	0.01435	0.01130	0.00952	0.01209	0.38127	0.00747	0.37072	0.09431	0.01739	0.00882	0.00918	0.00667	0.00457	0.00382	0.00114	0.00550	0.00325	0.01841	0.00576
28	0.01462	0.11072	0.01302	0.00895	0.01215	0.02459	0.00751	0.70021	0.03213	0.02305	0.00923	0.00932	0.00670	0.00465	0.00384	0.00116	0.00442	0.00344	0.00372	0.00659
29	0.00586	0.00473	0.00570	0.00619	0.00686	0.03460	0.00463	0.00720	0.03124	0.01066	0.02180	0.43784	0.12629	0.01327	0.09876	0.00214	0.03090	0.14437	0.00343	0.00356
30	0.01002	0.02495	0.20495	0.01858	0.01268	0.00847	0.05680	0.09359	0.18755	0.07652	0.03889	0.01123	0.00859	0.00426	0.00376	0.00111	0.00412	0.00355	0.00297	0.22742
31	0.01466	0.01086	0.01181	0.02573	0.01245	0.01212	0.00760	0.75447	0.01792	0.02416	0.00953	0.00977	0.00684	0.00487	0.00429	0.00122	0.03299	0.00361	0.02851	0.00660
32	0.00477	0.00402	0.00414	0.00421	0.00546	0.00338	0.00312	0.00578	0.00907	0.01090	0.05610	0.10580	0.74894	0.01031	0.00477	0.00137	0.00205	0.00868	0.00374	0.00338
33	0.00553	0.00409	0.00514	0.00528	0.00578	0.00412	0.00368	0.00636	0.00763	0.01025	0.12466	0.22449	0.13561	0.25862	0.13225	0.00291	0.03289	0.02437	0.00314	0.00320
34	0.01562	0.01064	0.01167	0.00895	0.01214	0.01156	0.00739	0.71288	0.01786	0.13446	0.01046	0.01017	0.00724	0.00483	0.00401	0.00121	0.00428	0.00367	0.00414	0.00682
35	0.02691	0.00959	0.00954	0.00833	0.01075	0.07434	0.00654	0.11080	0.60679	0.06893	0.01457	0.01353	0.01080	0.00521	0.00401	0.00131	0.00364	0.00421	0.00394	0.00626
36	0.00492	0.00357	0.00464	0.00542	0.00579	0.00330	0.00367	0.00571	0.00801	0.01061	0.06740	0.73967	0.09829	0.01212	0.00506	0.00158	0.00228	0.01092	0.00376	0.00330
37	0.00525	0.00408	0.00477	0.00460	0.00573	0.00360	0.00345	0.00675	0.01035	0.01371	0.47391	0.03387	0.39734	0.00908	0.00473	0.00130	0.00196	0.00780	0.00410	0.00360
38	0.00832	0.00713	0.00832	0.00594	0.00950	0.00535	0.00475	0.01010	0.00832	0.01307	0.00713	0.00832	0.00594	0.00297	0.00297	0.00059	0.00297	0.00238	0.00238	0.88357
39	0.01036	0.00855	0.00915	0.00805	0.01028	0.00976	0.00629	0.14666	0.61420	0.01745	0.02853	0.03520	0.01214	0.03035	0.03316	0.00158	0.00361	0.00463	0.00395	0.00610
40	0.00873	0.00721	0.00842	0.00604	0.00959	0.00551	0.00484	0.02751	0.00863	0.03572	0.00742	0.00849	0.00607	0.00306	0.00302	0.00062	0.00301	0.00245	0.00248	0.84119
41	0.01000	0.50094	0.24511	0.06196	0.04152	0.03345	0.00955	0.03632	0.00866	0.01099	0.00632	0.00750	0.00523	0.00364	0.00312	0.00103	0.00490	0.00256	0.00180	0.00540
42	0.00528	0.00362	0.00471	0.00553	0.00587	0.00343	0.00382	0.00615	0.00781	0.01072	0.02091	0.68673	0.02439	0.04035	0.00546	0.00166	0.00245	0.07612	0.08167	0.00331
43	0.00924	0.00921	0.01369	0.01495	0.26275	0.02480	0.02393	0.01062	0.00720	0.01077	0.00603	0.00914	0.00561	0.00586	0.01005	0.00156	0.56423	0.00354	0.00184	0.00501
44	0.00581	0.00390	0.00445	0.00447	0.00450	0.00392	0.00254	0.00587	0.00588	0.00787	0.01273	0.03970	0.01462	0.81600	0.04891	0.00394	0.00410	0.00587	0.00244	0.00248
45	0.00488	0.00352	0.00462	0.00551	0.00580	0.00326	0.00369	0.00559	0.00775	0.01027	0.02306	0.81416	0.06819	0.01244	0.00510	0.00161	0.00231	0.01125	0.00372	0.00326
46	0.00954	0.00734	0.00816	0.00713	0.00912	0.00787	0.00568	0.23664	0.23162	0.02576	0.20546	0.03283	0.11870	0.00701	0.00442	0.00133	0.00311	0.06891	0.00407	0.00528
47	0.01044	0.00788	0.00897	0.00697	0.01010	0.00731	0.00557	0.08977	0.22954	0.10307	0.01076	0.01079	0.00814	0.00402	0.00348	0.00093	0.00321	0.00325	0.00326	0.47254
48	0.05621	0.01046	0.01128	0.00872	0.01185	0.02168	0.00719	0.63753	0.03172	0.14702	0.01045	0.01016	0.00725	0.00479	0.00394	0.00121	0.00421	0.00361	0.00406	0.00667
49	0.00555	0.00407	0.00501	0.00499	0.00557	0.00412	0.00345	0.00634	0.00713	0.00949	0.07463	0.02598	0.19426	0.35871	0.26941	0.00394	0.00546	0.00603	0.00276	0.00309
50	0.02649	0.00830	0.00928	0.00792	0.01044	0.00907	0.00629	0.09352	0.52045	0.21775	0.01528	0.01404	0.01100	0.00584	0.02447	0.00144	0.00353	0.00428	0.00422	0.00641
51	0.00872	0.00731	0.00845	0.00609	0.00958	0.00574	0.00489	0.05957	0.00896	0.01385	0.00741	0.00854	0.00609	0.00312	0.00303	0.00064	0.00303	0.00248	0.02127	0.81124

[dist]
# distance from previous block
# <min> <max>
0	14

[block]
# block no. 8 follows, 67 sequences, length 27
# corresponding to MSA columns:
# 996-1022
name=unknown_I
#
# <colnr> <probs for GDERKNQSTAVLIFYWHMCP>
#	G	D	E	R	K	N	Q	S	T	A	V	L	I	F	Y	W	H	M	C	P
0	0.11813	0.07679	0.02529	0.06006	0.04802	0.00941	0.03655	0.15895	0.04943	0.20743	0.06450	0.01153	0.00910	0.00484	0.00458	0.00125	0.07996	0.00369	0.00332	0.02717
1	0.02637	0.01045	0.01316	0.06110	0.30777	0.15896	0.08299	0.07629	0.03240	0.01303	0.01813	0.01300	0.07460	0.02361	0.02545	0.00140	0.02311	0.01348	0.00242	0.02228
2	0.04399	0.10847	0.09307	0.05446	0.09161	0.12469	0.05206	0.09483	0.09098	0.11650	0.00950	0.02776	0.00744	0.00463	0.00431	0.00123	0.05195	0.01414	0.00277	0.00561
3	0.00638	0.00550	0.00715	0.00671	0.00742	0.02140	0.02094	0.00745	0.00768	0.01043	0.08412	0.14234	0.17712	0.09523	0.16305	0.00265	0.18791	0.02512	0.00285	0.01854
4	0.00921	0.00865	0.01224	0.26976	0.29691	0.07540	0.00969	0.04277	0.02966	0.02762	0.06760	0.08085	0.01004	0.00507	0.00446	0.00129	0.03679	0.00443	0.00242	0.00515
5	0.08005	0.00878	0.01207	0.28125	0.17549	0.06529	0.04944	0.11753	0.00971	0.02961	0.00807	0.01060	0.00641	0.00759	0.11932	0.00196	0.00583	0.00356	0.00231	0.00511
6	0.01135	0.01139	0.00958	0.00858	0.01038	0.28342	0.00665	0.17858	0.11563	0.01408	0.01350	0.13842	0.06883	0.00662	0.00490	0.00131	0.07255	0.03617	0.00312	0.00496
7	0.01266	0.01278	0.01061	0.00959	0.03551	0.30156	0.00724	0.16080	0.37478	0.01574	0.01134	0.01117	0.00864	0.00482	0.00390	0.00121	0.00486	0.00366	0.00330	0.00584
8	0.04451	0.01119	0.23891	0.00971	0.07933	0.00796	0.00878	0.09260	0.07475	0.27771	0.08056	0.01340	0.03273	0.00492	0.00399	0.00126	0.00412	0.00402	0.00348	0.00606
9	0.00773	0.00536	0.00729	0.00683	0.00795	0.00600	0.00534	0.10930	0.00841	0.06626	0.01179	0.08496	0.01095	0.03574	0.58119	0.00490	0.02833	0.00479	0.00269	0.00417
10	0.00979	0.69492	0.05701	0.00694	0.01005	0.01381	0.00686	0.01119	0.00801	0.00965	0.00735	0.07677	0.00722	0.00596	0.05861	0.00131	0.00463	0.00308	0.00191	0.00492
11	0.00671	0.06231	0.00678	0.00575	0.00702	0.07341	0.00452	0.00839	0.02201	0.01332	0.40274	0.06216	0.19575	0.00844	0.00460	0.00132	0.00277	0.10435	0.00378	0.00387
12	0.00532	0.00405	0.00486	0.00510	0.00602	0.00368	0.00385	0.00654	0.00919	0.01188	0.20486	0.17768	0.33969	0.06102	0.00587	0.00161	0.00243	0.13912	0.00379	0.00344
13	0.00596	0.00443	0.00587	0.07626	0.00818	0.00448	0.00466	0.07273	0.00862	0.01147	0.01983	0.71654	0.02314	0.01122	0.00494	0.00157	0.00275	0.01011	0.00358	0.00365
14	0.00880	0.32233	0.40091	0.07956	0.03232	0.01125	0.01084	0.01177	0.00828	0.01116	0.00760	0.06421	0.00658	0.00427	0.00347	0.00115	0.00502	0.00329	0.00185	0.00535
15	0.00530	0.06049	0.00572	0.00552	0.00609	0.00413	0.00388	0.00611	0.00799	0.01049	0.05755	0.69731	0.09160	0.01157	0.00490	0.00154	0.00241	0.01037	0.00362	0.00342
16	0.00626	0.00451	0.00551	0.00583	0.00645	0.00446	0.00403	0.10496	0.00894	0.01190	0.03272	0.61935	0.05022	0.10671	0.00669	0.00182	0.00274	0.00966	0.00362	0.00361
17	0.01071	0.47476	0.01667	0.00825	0.01099	0.17420	0.07436	0.03550	0.00913	0.01038	0.00848	0.13306	0.00845	0.00496	0.00338	0.00106	0.00478	0.00386	0.00217	0.00484
18	0.04642	0.39858	0.01606	0.05661	0.15025	0.02333	0.02487	0.02577	0.00857	0.02195	0.00656	0.00792	0.00560	0.00350	0.00318	0.00094	0.01350	0.00264	0.00202	0.18173
19	0.01035	0.03273	0.01282	0.16610	0.31331	0.08052	0.00938	0.15812	0.01064	0.01411	0.00891	0.07912	0.00785	0.01562	0.00416	0.00123	0.00467	0.00405	0.00249	0.06381
20	0.01067	0.01091	0.00875	0.00803	0.00968	0.31902	0.00613	0.10978	0.07732	0.01253	0.01176	0.08526	0.04441	0.01140	0.20006	0.00240	0.00641	0.00435	0.05656	0.00457
21	0.01120	0.08002	0.01457	0.13263	0.31858	0.07917	0.04683	0.20552	0.01133	0.01489	0.00791	0.02020	0.00638	0.00424	0.00408	0.01652	0.00495	0.00352	0.00245	0.01502
22	0.00737	0.00554	0.00693	0.00707	0.00838	0.00558	0.00575	0.08196	0.09014	0.01332	0.01877	0.23326	0.01999	0.00966	0.00495	0.00159	0.00332	0.39659	0.00366	0.07620
23	0.00814	0.00809	0.00669	0.00635	0.00756	0.23162	0.00471	0.00957	0.01055	0.01313	0.39652	0.10111	0.10324	0.02120	0.00461	0.00127	0.00343	0.00627	0.05202	0.00391
24	0.01097	0.04598	0.01156	0.15519	0.08548	0.11284	0.03001	0.21569	0.07741	0.03437	0.02072	0.02955	0.08156	0.00520	0.00438	0.00125	0.04076	0.00415	0.02757	0.00535
25	0.02896	0.00838	0.00976	0.05687	0.01112	0.05613	0.05630	0.21443	0.13097	0.03194	0.19837	0.01677	0.06071	0.00583	0.00455	0.00126	0.04114	0.00480	0.03548	0.02624
26	0.13149	0.05396	0.02705	0.04575	0.03961	0.05214	0.03153	0.27791	0.08635	0.06386	0.02681	0.08032	0.03512	0.00531	0.00383	0.00124	0.00403	0.00424	0.00331	0.02614

[dist]
# distance from previous block
# <min> <max>
0	12

[block]
# block no. 9 follows, 67 sequences, length 11
# corresponding to MSA columns:
# 1120-1130
name=unknown_J
#
# <colnr> <probs for GDERKNQSTAVLIFYWHMCP>
#	G	D	E	R	K	N	Q	S	T	A	V	L	I	F	Y	W	H	M	C	P
0	0.00927	0.00825	0.02287	0.06053	0.06904	0.08591	0.02901	0.05711	0.22838	0.04722	0.13279	0.06626	0.06705	0.00654	0.00433	0.00134	0.00374	0.07687	0.01842	0.00508
1	0.00663	0.00567	0.00680	0.00664	0.00739	0.07726	0.00506	0.00790	0.00709	0.00962	0.05824	0.01660	0.01150	0.10285	0.61902	0.00529	0.03612	0.00444	0.00229	0.00360
2	0.00525	0.00399	0.00457	0.00480	0.00550	0.00372	0.00328	0.00628	0.03049	0.01030	0.06315	0.26448	0.32907	0.21018	0.03486	0.00218	0.00285	0.00838	0.00341	0.00323
