[name]
unknown

[dist]
# distance from previous block
# <min> <max>
61	307

[block]
# block no. 0 follows, 46 sequences, length 11
# corresponding to MSA columns:
# 361-371
name=unknown_A
#
# <colnr> <probs for GDERKNQSTAVLIFYWHMCP>
#	G	D	E	R	K	N	Q	S	T	A	V	L	I	F	Y	W	H	M	C	P
0	0.05860	0.04158	0.08195	0.03416	0.01208	0.13762	0.00784	0.01308	0.06127	0.01405	0.01668	0.24756	0.01765	0.12138	0.04132	0.05384	0.02284	0.00776	0.00353	0.00520
1	0.09460	0.06622	0.17325	0.01296	0.05913	0.13921	0.05180	0.06948	0.04582	0.10961	0.01290	0.07209	0.01054	0.00634	0.00510	0.00160	0.01705	0.00503	0.04019	0.00710
2	0.09155	0.07684	0.13472	0.01165	0.05180	0.05658	0.06591	0.01501	0.02190	0.10750	0.03639	0.16582	0.06982	0.00970	0.03674	0.00200	0.00574	0.03010	0.00385	0.00638
3	0.00909	0.04128	0.00979	0.05364	0.01150	0.00671	0.04363	0.01099	0.01158	0.07197	0.09635	0.24511	0.14727	0.01459	0.07714	0.00251	0.00492	0.11303	0.02370	0.00520
4	0.06101	0.01381	0.10091	0.06746	0.25422	0.05910	0.09705	0.07716	0.04597	0.04867	0.01325	0.10118	0.01167	0.00658	0.00540	0.00170	0.00629	0.01788	0.00339	0.00730
5	0.01083	0.04390	0.33394	0.03747	0.01791	0.01134	0.06471	0.07509	0.06288	0.01747	0.04156	0.13657	0.05891	0.00792	0.00623	0.00178	0.05462	0.00661	0.00341	0.00685
6	0.01225	0.06597	0.35508	0.06904	0.13685	0.10341	0.06699	0.01639	0.01175	0.01589	0.04241	0.01277	0.00896	0.00548	0.00582	0.00164	0.05512	0.00441	0.00255	0.00723
7	0.01005	0.09003	0.08297	0.01007	0.05777	0.00868	0.00795	0.08326	0.01268	0.04307	0.11438	0.30751	0.09591	0.01217	0.03718	0.00205	0.00461	0.00943	0.00437	0.00585
8	0.01115	0.07587	0.27571	0.01212	0.02737	0.03965	0.05959	0.04477	0.05831	0.04728	0.05956	0.20169	0.03015	0.00858	0.00556	0.00176	0.00577	0.02475	0.00370	0.00666
9	0.01018	0.00987	0.05881	0.08839	0.04293	0.07541	0.06099	0.01274	0.04003	0.06158	0.04801	0.32949	0.11825	0.01094	0.00602	0.00186	0.00490	0.00973	0.00421	0.00566
10	0.01413	0.01272	0.01318	0.18794	0.04887	0.17045	0.00985	0.10738	0.08106	0.06957	0.01409	0.05211	0.01234	0.09133	0.00756	0.00200	0.00630	0.04756	0.00373	0.04783

[dist]
# distance from previous block
# <min> <max>
3	100

[block]
# block no. 1 follows, 46 sequences, length 29
# corresponding to MSA columns:
# 477-505
name=unknown_B
#
# <colnr> <probs for GDERKNQSTAVLIFYWHMCP>
#	G	D	E	R	K	N	Q	S	T	A	V	L	I	F	Y	W	H	M	C	P
0	0.01472	0.12548	0.25232	0.01464	0.11424	0.08010	0.01291	0.15031	0.03119	0.07735	0.01137	0.01356	0.00893	0.06274	0.00644	0.00179	0.00659	0.00440	0.00334	0.00759
1	0.01336	0.05230	0.10789	0.01640	0.17166	0.13024	0.07761	0.06346	0.03813	0.03969	0.08822	0.01725	0.01343	0.08651	0.00819	0.00197	0.05823	0.00531	0.00331	0.00682
2	0.00984	0.05804	0.00873	0.00741	0.00943	0.06198	0.00588	0.01147	0.01256	0.09138	0.09235	0.10382	0.38775	0.01181	0.00605	0.00180	0.00384	0.10580	0.00481	0.00526
3	0.00951	0.05930	0.01071	0.00865	0.01081	0.08544	0.05954	0.01249	0.06917	0.01693	0.25733	0.05913	0.26785	0.01032	0.00591	0.00170	0.00415	0.04094	0.00467	0.00542
4	0.01177	0.29261	0.39948	0.01206	0.01768	0.03950	0.01383	0.01604	0.03777	0.01502	0.01110	0.09005	0.00987	0.00609	0.00465	0.00153	0.00654	0.00470	0.00263	0.00708
5	0.01208	0.03533	0.03993	0.19901	0.24423	0.02458	0.03591	0.09353	0.03286	0.01686	0.01239	0.07235	0.01130	0.06726	0.00783	0.00199	0.06064	0.02201	0.00313	0.00679
6	0.00770	0.00693	0.06220	0.00814	0.00932	0.00569	0.00627	0.05567	0.01160	0.01573	0.10126	0.62732	0.03282	0.01453	0.00648	0.00203	0.00352	0.01305	0.00483	0.00491
7	0.01393	0.01171	0.01406	0.09026	0.01714	0.02516	0.06257	0.13167	0.45759	0.04648	0.01916	0.01935	0.03733	0.00698	0.00547	0.00176	0.00510	0.02153	0.00484	0.00791
8	0.02604	0.10643	0.09644	0.01043	0.01368	0.10547	0.04262	0.07595	0.09436	0.04093	0.15535	0.04819	0.11144	0.00811	0.00563	0.00164	0.02179	0.02484	0.00416	0.00647
9	0.01304	0.09533	0.42425	0.01686	0.10764	0.01293	0.12191	0.03772	0.01217	0.09329	0.01073	0.01229	0.00778	0.00505	0.00510	0.00162	0.00721	0.00439	0.00285	0.00783
10	0.01855	0.02201	0.01495	0.01432	0.06993	0.61102	0.01018	0.09379	0.01530	0.01510	0.00928	0.01167	0.00792	0.05616	0.00624	0.00163	0.00866	0.00390	0.00300	0.00639
11	0.03187	0.08831	0.07149	0.01028	0.01331	0.10909	0.00876	0.10349	0.15583	0.07027	0.05932	0.08142	0.09865	0.02252	0.00633	0.00174	0.04989	0.00637	0.00427	0.00679
12	0.01366	0.14340	0.23030	0.01314	0.05429	0.11457	0.04282	0.07844	0.01288	0.07229	0.01275	0.08198	0.01116	0.00893	0.06096	0.00209	0.00721	0.02886	0.00326	0.00700
13	0.06711	0.00607	0.00896	0.00896	0.01004	0.00593	0.08050	0.00913	0.01024	0.01455	0.02479	0.60281	0.02871	0.01592	0.05574	0.00248	0.00447	0.03442	0.00444	0.00472
14	0.01308	0.01371	0.06286	0.01425	0.10995	0.11843	0.07679	0.09213	0.22629	0.01889	0.02107	0.06201	0.13218	0.00764	0.00553	0.00169	0.00569	0.00652	0.00413	0.00715
15	0.01441	0.07552	0.22220	0.03766	0.05202	0.07933	0.02545	0.18427	0.05353	0.07030	0.03836	0.06434	0.02823	0.00663	0.00516	0.00161	0.00618	0.00533	0.02201	0.00747
16	0.01267	0.12430	0.15193	0.03304	0.18457	0.07724	0.13605	0.05099	0.04047	0.01657	0.01465	0.04373	0.07855	0.00614	0.00523	0.00160	0.00664	0.00546	0.00303	0.00716
17	0.00810	0.08694	0.01080	0.00812	0.01015	0.00713	0.08244	0.01006	0.01244	0.01622	0.23755	0.15974	0.29419	0.01127	0.00600	0.00173	0.00362	0.00990	0.01852	0.00509
18	0.01313	0.07214	0.23059	0.01578	0.15568	0.03004	0.02509	0.11984	0.06076	0.05598	0.02769	0.09331	0.02782	0.00693	0.00579	0.00168	0.04100	0.00571	0.00354	0.00749
19	0.01563	0.01648	0.13303	0.09461	0.06028	0.14428	0.07966	0.16990	0.09437	0.08690	0.02910	0.01414	0.01003	0.00582	0.00525	0.00162	0.00676	0.00481	0.01975	0.00758
20	0.00771	0.00602	0.00898	0.01102	0.10677	0.00576	0.03299	0.00913	0.01050	0.01434	0.02532	0.61342	0.02938	0.02977	0.00683	0.00209	0.00375	0.03496	0.03631	0.00493
21	0.01342	0.01583	0.14353	0.06606	0.19087	0.12541	0.07841	0.05250	0.10325	0.04432	0.01541	0.01808	0.06450	0.00636	0.00541	0.00167	0.00663	0.03761	0.00341	0.00731
22	0.05326	0.01199	0.07813	0.04513	0.15480	0.04264	0.05265	0.07158	0.05419	0.16590	0.04576	0.09745	0.03779	0.00760	0.00577	0.00174	0.02349	0.03864	0.00422	0.00725
23	0.01481	0.01667	0.18265	0.01432	0.05800	0.09036	0.08966	0.09382	0.27310	0.08916	0.01495	0.01511	0.01096	0.00599	0.00531	0.00168	0.00629	0.00506	0.00411	0.00801
24	0.00844	0.08732	0.00897	0.00730	0.00891	0.05577	0.00566	0.00998	0.01203	0.01499	0.15969	0.17801	0.27730	0.05527	0.00718	0.00199	0.00381	0.08799	0.00457	0.00483
25	0.03024	0.12539	0.17357	0.01334	0.10597	0.03857	0.03366	0.10718	0.01335	0.07469	0.03416	0.12394	0.08862	0.00769	0.00525	0.00164	0.00559	0.00643	0.00373	0.00698
26	0.03066	0.17060	0.38742	0.09368	0.10997	0.01405	0.01543	0.06935	0.01215	0.03609	0.00959	0.01140	0.00724	0.00505	0.00476	0.00156	0.00685	0.00395	0.00264	0.00756
27	0.00745	0.00568	0.00797	0.01001	0.08493	0.00547	0.00629	0.00904	0.02744	0.01451	0.06247	0.61830	0.03205	0.02970	0.00695	0.00213	0.00353	0.05656	0.00470	0.00484
28	0.03072	0.01789	0.26763	0.04076	0.09234	0.09941	0.10585	0.05875	0.06909	0.01737	0.01252	0.06430	0.01063	0.00713	0.02277	0.00186	0.02995	0.02899	0.01490	0.00711

[dist]
# distance from previous block
# <min> <max>
2	6

[block]
# block no. 2 follows, 46 sequences, length 24
# corresponding to MSA columns:
# 512-535
name=unknown_C
#
# <colnr> <probs for GDERKNQSTAVLIFYWHMCP>
#	G	D	E	R	K	N	Q	S	T	A	V	L	I	F	Y	W	H	M	C	P
0	0.01265	0.09318	0.17180	0.07158	0.22978	0.05993	0.09639	0.01722	0.07601	0.03331	0.02642	0.01654	0.01069	0.00584	0.00527	0.00165	0.00668	0.05464	0.00303	0.00738
1	0.03599	0.12664	0.13974	0.04191	0.09058	0.09675	0.04089	0.09543	0.04551	0.04314	0.01491	0.11610	0.04928	0.00726	0.00554	0.00164	0.03242	0.00590	0.00346	0.00690
2	0.00889	0.00596	0.00791	0.00900	0.05542	0.00563	0.00597	0.01075	0.04353	0.09224	0.02961	0.51605	0.13125	0.01482	0.03465	0.00222	0.00380	0.01217	0.00488	0.00523
3	0.01080	0.08615	0.42718	0.07729	0.02010	0.01132	0.06166	0.01512	0.01144	0.05329	0.01720	0.05171	0.12096	0.00675	0.00525	0.00168	0.00652	0.00563	0.00299	0.00694
4	0.01370	0.06241	0.21698	0.02713	0.01770	0.01076	0.13657	0.06661	0.01306	0.17740	0.04987	0.03911	0.06447	0.01961	0.05885	0.00217	0.00671	0.00580	0.00388	0.00721
5	0.05221	0.11497	0.14876	0.01147	0.03531	0.14997	0.01029	0.04563	0.08934	0.06846	0.05888	0.02930	0.04643	0.00970	0.07750	0.00222	0.02068	0.01856	0.00358	0.00675
6	0.00970	0.00995	0.06601	0.01212	0.01413	0.00997	0.13095	0.04453	0.01052	0.01475	0.01670	0.16256	0.05236	0.01776	0.21675	0.00373	0.17343	0.02515	0.00329	0.00564
7	0.01252	0.02736	0.16332	0.03337	0.11604	0.02891	0.08157	0.06344	0.07203	0.10113	0.06281	0.11896	0.07976	0.00785	0.00560	0.00172	0.00559	0.00693	0.00402	0.00707
8	0.01225	0.05265	0.26379	0.01698	0.10896	0.04547	0.17954	0.01610	0.01186	0.06030	0.05907	0.06035	0.01190	0.00631	0.00641	0.00172	0.07059	0.00558	0.00303	0.00714
9	0.01006	0.01030	0.10007	0.00966	0.01214	0.04765	0.04099	0.05930	0.06347	0.04282	0.15447	0.23063	0.11519	0.01101	0.00609	0.00186	0.00450	0.06931	0.00465	0.00582
10	0.03016	0.02155	0.53479	0.01376	0.01993	0.01151	0.05744	0.05247	0.01208	0.04293	0.05870	0.01537	0.04385	0.00711	0.03216	0.00193	0.02914	0.00484	0.00293	0.00735
11	0.01442	0.03397	0.07456	0.03250	0.10958	0.12557	0.09732	0.16173	0.11408	0.03432	0.01489	0.08883	0.03249	0.01580	0.00595	0.00172	0.02521	0.00594	0.00382	0.00730
12	0.03206	0.19599	0.34024	0.06767	0.05326	0.03232	0.10791	0.03103	0.01148	0.01584	0.01035	0.05966	0.00872	0.00558	0.00490	0.00159	0.00698	0.00470	0.00258	0.00711
13	0.00822	0.00664	0.00735	0.00800	0.00885	0.05301	0.00563	0.05934	0.01161	0.01493	0.02842	0.63062	0.08323	0.01491	0.00651	0.00205	0.00368	0.03743	0.00480	0.00475
14	0.01187	0.01302	0.09297	0.28556	0.16031	0.03464	0.11589	0.06223	0.04905	0.01641	0.01114	0.03204	0.00914	0.04526	0.00691	0.00190	0.03673	0.00523	0.00287	0.00683
15	0.01257	0.07757	0.09541	0.02680	0.08172	0.09616	0.15916	0.06420	0.04272	0.04567	0.01750	0.16312	0.06611	0.00798	0.00561	0.00172	0.00623	0.01950	0.00362	0.00665
16	0.01229	0.03336	0.38472	0.01644	0.04237	0.06518	0.20981	0.06767	0.03324	0.01756	0.01143	0.06070	0.00922	0.00574	0.00543	0.00170	0.00762	0.00527	0.00285	0.00740
17	0.00828	0.00584	0.00687	0.00700	0.00842	0.00541	0.00508	0.02411	0.05802	0.06732	0.09700	0.35330	0.30658	0.01350	0.00632	0.00191	0.00309	0.01177	0.00513	0.00506
18	0.03678	0.11601	0.11448	0.04756	0.08722	0.04004	0.01043	0.12546	0.03901	0.12099	0.01431	0.10704	0.01251	0.04397	0.04191	0.00210	0.02349	0.00577	0.00384	0.00708
19	0.01495	0.11693	0.13003	0.01318	0.06335	0.14047	0.05230	0.18136	0.04741	0.04006	0.01330	0.01452	0.04298	0.00766	0.04638	0.00188	0.00689	0.00466	0.05446	0.00724
20	0.00878	0.00719	0.03126	0.08870	0.01320	0.00684	0.05963	0.04323	0.01140	0.04432	0.06037	0.44305	0.04593	0.01498	0.07299	0.00254	0.00513	0.03088	0.00437	0.00522
21	0.01227	0.01447	0.14221	0.06501	0.12828	0.01233	0.24735	0.11217	0.02796	0.01835	0.01449	0.05051	0.06307	0.00708	0.02401	0.00190	0.04215	0.00600	0.00321	0.00718
22	0.01290	0.06596	0.13768	0.05001	0.08626	0.06792	0.10046	0.15188	0.03612	0.01852	0.03119	0.05683	0.07667	0.06129	0.00705	0.00189	0.02103	0.00595	0.00351	0.00688
23	0.01324	0.06867	0.16894	0.03573	0.15064	0.05558	0.01183	0.06887	0.07046	0.09407	0.03033	0.11747	0.04125	0.00746	0.00585	0.00170	0.04083	0.00616	0.00373	0.00722

[dist]
# distance from previous block
# <min> <max>
0	3

[block]
# block no. 3 follows, 46 sequences, length 9
# corresponding to MSA columns:
# 539-547
name=unknown_D
#
# <colnr> <probs for GDERKNQSTAVLIFYWHMCP>
#	G	D	E	R	K	N	Q	S	T	A	V	L	I	F	Y	W	H	M	C	P
0	0.01262	0.14105	0.10391	0.01381	0.11920	0.04345	0.06135	0.06108	0.03336	0.07413	0.01729	0.11750	0.08411	0.00898	0.02970	0.02871	0.03313	0.00639	0.00355	0.00669
1	0.01211	0.01342	0.12341	0.09867	0.21719	0.05702	0.10622	0.03262	0.01251	0.05889	0.04583	0.05412	0.07371	0.00715	0.00566	0.00173	0.00631	0.06313	0.00340	0.00692
2	0.04973	0.06216	0.14480	0.03720	0.10929	0.07705	0.07919	0.07068	0.01279	0.08201	0.04031	0.09810	0.04638	0.00824	0.03258	0.00191	0.03115	0.00601	0.00354	0.00688
3	0.01241	0.01161	0.05547	0.09541	0.14704	0.09215	0.03467	0.04630	0.03657	0.08320	0.14496	0.08235	0.06198	0.04082	0.00681	0.00183	0.02918	0.00677	0.00398	0.00649
4	0.01103	0.07188	0.01019	0.03682	0.01110	0.03816	0.00660	0.04399	0.06221	0.10951	0.14265	0.12252	0.22742	0.01130	0.02654	0.00193	0.00423	0.05123	0.00484	0.00584
5	0.04248	0.16867	0.10191	0.03573	0.07114	0.15061	0.09440	0.15325	0.03811	0.06425	0.01053	0.01180	0.00807	0.00540	0.00508	0.00152	0.02204	0.00423	0.00334	0.00743
6	0.01300	0.14092	0.04589	0.03461	0.09191	0.04660	0.10584	0.06097	0.10245	0.07858	0.01705	0.14616	0.04429	0.04061	0.00624	0.00181	0.00561	0.00678	0.00384	0.00683
7	0.00796	0.00541	0.00706	0.00765	0.00844	0.00525	0.00544	0.03454	0.01094	0.04632	0.05650	0.52634	0.06172	0.06438	0.07929	0.00284	0.00442	0.05609	0.00473	0.00469
8	0.06054	0.03599	0.25558	0.04351	0.14597	0.01084	0.03812	0.03808	0.03229	0.01731	0.06601	0.02147	0.16466	0.00725	0.00581	0.00170	0.03879	0.00597	0.00332	0.00679

[dist]
# distance from previous block
# <min> <max>
0	1

[block]
# block no. 4 follows, 46 sequences, length 6
# corresponding to MSA columns:
# 549-554
name=unknown_E
#
# <colnr> <probs for GDERKNQSTAVLIFYWHMCP>
#	G	D	E	R	K	N	Q	S	T	A	V	L	I	F	Y	W	H	M	C	P
0	0.01334	0.01504	0.17962	0.15553	0.11858	0.04381	0.01282	0.16420	0.08065	0.04934	0.04893	0.01724	0.06496	0.00640	0.00532	0.00166	0.00611	0.00530	0.00371	0.00743
1	0.01354	0.01544	0.06697	0.03229	0.03449	0.29243	0.03988	0.04332	0.04877	0.04091	0.11262	0.08921	0.13167	0.00830	0.00551	0.00162	0.00624	0.00677	0.00391	0.00609
2	0.05902	0.02937	0.07679	0.06691	0.23132	0.01097	0.04226	0.09973	0.01382	0.18180	0.04216	0.04375	0.06575	0.00655	0.00530	0.00165	0.00551	0.00567	0.00407	0.00762
3	0.01264	0.05170	0.16189	0.11562	0.09746	0.06252	0.06056	0.08595	0.07537	0.04136	0.01389	0.05925	0.03843	0.00832	0.04146	0.02269	0.03519	0.00546	0.00331	0.00695
4	0.00943	0.00740	0.03303	0.05932	0.05137	0.00720	0.03507	0.01118	0.01057	0.07490	0.02220	0.35119	0.05592	0.05643	0.07043	0.00266	0.06156	0.04004	0.03479	0.00532
5	0.05813	0.06984	0.22246	0.03709	0.07308	0.10861	0.08658	0.05768	0.03680	0.08955	0.04338	0.05530	0.01121	0.00617	0.00536	0.00164	0.02144	0.00510	0.00338	0.00720

[dist]
# distance from previous block
# <min> <max>
25	66

[block]
# block no. 5 follows, 46 sequences, length 10
# corresponding to MSA columns:
# 629-638
name=unknown_F
#
# <colnr> <probs for GDERKNQSTAVLIFYWHMCP>
#	G	D	E	R	K	N	Q	S	T	A	V	L	I	F	Y	W	H	M	C	P
0	0.04113	0.19670	0.11267	0.01298	0.07117	0.10146	0.08422	0.01640	0.05233	0.05955	0.03482	0.05284	0.01160	0.03624	0.07717	0.00227	0.00701	0.00506	0.01770	0.00665
1	0.01292	0.04325	0.13291	0.01609	0.15090	0.02540	0.10773	0.07711	0.04072	0.08599	0.03618	0.08278	0.02998	0.04397	0.02255	0.00202	0.05828	0.02054	0.00361	0.00708
2	0.01234	0.08642	0.16852	0.06147	0.17141	0.04452	0.04849	0.04840	0.03797	0.04195	0.04162	0.04642	0.04904	0.00604	0.00505	0.00151	0.00594	0.00517	0.00323	0.11450
3	0.00970	0.00697	0.00774	0.00753	0.00891	0.03512	0.00543	0.04862	0.05239	0.05959	0.08022	0.25565	0.10643	0.15653	0.02579	0.00254	0.00415	0.03393	0.05935	0.03340
4	0.01253	0.03125	0.08161	0.06241	0.08195	0.04493	0.07414	0.06754	0.06438	0.10103	0.10053	0.06571	0.04414	0.04394	0.05929	0.00232	0.00614	0.04542	0.00408	0.00665
5	0.04373	0.07547	0.15105	0.01455	0.09795	0.07418	0.10766	0.09555	0.03177	0.01824	0.07117	0.04288	0.04947	0.00772	0.03628	0.00186	0.02293	0.00547	0.00338	0.04872
6	0.01251	0.06838	0.08830	0.01272	0.07513	0.02502	0.08902	0.09636	0.04538	0.08078	0.07012	0.11075	0.09198	0.02304	0.00632	0.00173	0.03492	0.00687	0.00403	0.05665
7	0.02762	0.01314	0.06424	0.11753	0.14592	0.11741	0.08316	0.04020	0.04856	0.01620	0.03308	0.04602	0.01103	0.03400	0.00743	0.04378	0.05581	0.00525	0.05547	0.03415
8	0.00846	0.03290	0.00867	0.00919	0.06577	0.00635	0.00614	0.03888	0.01148	0.03670	0.08119	0.37527	0.14994	0.06429	0.05378	0.00251	0.00427	0.03464	0.00455	0.00505
9	0.06785	0.07642	0.14269	0.05318	0.05496	0.05055	0.02311	0.14096	0.04596	0.12300	0.01420	0.07977	0.01181	0.00723	0.00559	0.02878	0.00570	0.02988	0.03121	0.00716

[dist]
# distance from previous block
# <min> <max>
50	116

[block]
# block no. 6 follows, 46 sequences, length 6
# corresponding to MSA columns:
# 770-775
name=unknown_G
#
# <colnr> <probs for GDERKNQSTAVLIFYWHMCP>
#	G	D	E	R	K	N	Q	S	T	A	V	L	I	F	Y	W	H	M	C	P
0	0.01021	0.04751	0.03645	0.00944	0.03868	0.00830	0.03190	0.06977	0.04785	0.04407	0.08823	0.13222	0.11025	0.08548	0.09443	0.04674	0.03083	0.00771	0.05441	0.00551
1	0.01349	0.08882	0.06028	0.01218	0.04747	0.06615	0.05512	0.17096	0.05827	0.04439	0.01468	0.09645	0.01358	0.04854	0.05840	0.03572	0.05125	0.05384	0.00381	0.00661
2	0.01064	0.04151	0.06661	0.05571	0.04247	0.00910	0.07997	0.05465	0.08116	0.05999	0.07064	0.19478	0.08157	0.01219	0.06869	0.00237	0.00565	0.05192	0.00422	0.00616
3	0.03918	0.03198	0.04151	0.04454	0.05230	0.02409	0.03487	0.07846	0.04190	0.07147	0.03274	0.06695	0.10931	0.04602	0.05627	0.14838	0.00545	0.04145	0.02753	0.00559
4	0.01223	0.07117	0.10811	0.01353	0.09684	0.08115	0.04861	0.08570	0.06870	0.01715	0.04751	0.09884	0.03497	0.03891	0.05389	0.00219	0.06189	0.00608	0.00349	0.04902
5	0.01110	0.05257	0.10124	0.03085	0.01322	0.06607	0.04615	0.07509	0.03440	0.03406	0.08695	0.11577	0.10059	0.03734	0.04833	0.00209	0.00546	0.00702	0.08925	0.04244

[dist]
# distance from previous block
# <min> <max>
0	5

[block]
# block no. 7 follows, 46 sequences, length 6
# corresponding to MSA columns:
# 781-786
name=unknown_H
#
# <colnr> <probs for GDERKNQSTAVLIFYWHMCP>
#	G	D	E	R	K	N	Q	S	T	A	V	L	I	F	Y	W	H	M	C	P
0	0.01189	0.10110	0.12249	0.06619	0.12351	0.01159	0.03314	0.10310	0.07620	0.03234	0.05265	0.09237	0.04806	0.06214	0.03845	0.00216	0.00589	0.00628	0.00365	0.00679
1	0.04110	0.00750	0.00830	0.00800	0.00964	0.03633	0.00596	0.06425	0.07467	0.06947	0.09318	0.24647	0.14588	0.06721	0.07825	0.00267	0.00479	0.02614	0.00472	0.00547
2	0.06441	0.10315	0.06105	0.07179	0.07383	0.07572	0.02895	0.12449	0.08257	0.03649	0.05098	0.01750	0.06179	0.00773	0.03669	0.00181	0.00595	0.02026	0.00371	0.07111
3	0.01376	0.06657	0.09699	0.04371	0.04408	0.07819	0.02945	0.18637	0.06549	0.05422	0.07585	0.10911	0.01558	0.00890	0.04043	0.00192	0.00595	0.00616	0.03049	0.02676
4	0.11666	0.06828	0.06113	0.04838	0.14376	0.03852	0.03709	0.06249	0.01230	0.06952	0.06013	0.11555	0.05317	0.04344	0.00607	0.00180	0.00513	0.00637	0.04376	0.00645
5	0.01135	0.03372	0.05852	0.04177	0.07812	0.04445	0.09198	0.04972	0.04930	0.04785	0.05939	0.12455	0.04492	0.04542	0.04661	0.00223	0.04490	0.03669	0.08235	0.00615

[dist]
# distance from previous block
# <min> <max>
4	5

[block]
# block no. 8 follows, 46 sequences, length 12
# corresponding to MSA columns:
# 792-803
name=unknown_I
#
# <colnr> <probs for GDERKNQSTAVLIFYWHMCP>
#	G	D	E	R	K	N	Q	S	T	A	V	L	I	F	Y	W	H	M	C	P
0	0.02458	0.02882	0.01090	0.06042	0.03281	0.02626	0.03376	0.12181	0.02854	0.05394	0.11157	0.12557	0.19133	0.01060	0.02748	0.00190	0.00458	0.03738	0.02688	0.04088
1	0.01050	0.10874	0.05746	0.01038	0.07563	0.02389	0.00796	0.06481	0.05639	0.01716	0.10159	0.07172	0.15370	0.04335	0.03957	0.00208	0.02836	0.03703	0.08371	0.00595
2	0.01234	0.01324	0.10718	0.01383	0.08585	0.09397	0.09212	0.10773	0.01341	0.04225	0.06040	0.15677	0.04419	0.03208	0.03812	0.00214	0.04093	0.03323	0.00381	0.00646
3	0.07905	0.05328	0.05018	0.00995	0.04764	0.04149	0.03433	0.05918	0.05737	0.03678	0.01859	0.17233	0.06917	0.15733	0.00923	0.00228	0.00487	0.00734	0.00383	0.08576
4	0.01102	0.13545	0.11699	0.01052	0.05595	0.00996	0.00888	0.03051	0.03507	0.06486	0.05402	0.18783	0.04577	0.03532	0.00712	0.03718	0.03646	0.03582	0.04105	0.04019
5	0.03378	0.03961	0.11774	0.02723	0.04853	0.09315	0.00877	0.07228	0.01289	0.01680	0.10589	0.12350	0.17045	0.04335	0.03490	0.00210	0.00540	0.03385	0.00399	0.00581
6	0.01415	0.09513	0.11336	0.01252	0.04739	0.10021	0.05211	0.10599	0.11746	0.07645	0.01554	0.01657	0.06176	0.00924	0.07126	0.00219	0.04948	0.00510	0.02695	0.00714
7	0.06455	0.03638	0.01186	0.07011	0.05622	0.11775	0.00825	0.08498	0.03379	0.07600	0.06093	0.11986	0.06777	0.04924	0.06644	0.00237	0.04141	0.00669	0.01930	0.00609
8	0.06820	0.05824	0.07692	0.04650	0.10590	0.00892	0.00871	0.04602	0.01180	0.07093	0.05078	0.16956	0.10927	0.04272	0.00668	0.02116	0.00465	0.03364	0.00395	0.05545
9	0.04129	0.06029	0.10567	0.01158	0.06046	0.04193	0.05271	0.07710	0.02639	0.01666	0.03699	0.07494	0.10969	0.09283	0.04094	0.00231	0.04789	0.03261	0.00355	0.06418
10	0.01232	0.08909	0.08269	0.01060	0.03680	0.01008	0.03966	0.16591	0.01410	0.07800	0.06607	0.26068	0.05836	0.01017	0.00628	0.03528	0.00477	0.00835	0.00440	0.00640
11	0.04932	0.08936	0.09036	0.03991	0.03714	0.09147	0.05123	0.24118	0.01536	0.02057	0.01378	0.04590	0.05373	0.03936	0.00640	0.00171	0.03950	0.00517	0.02428	0.04427

[dist]
# distance from previous block
# <min> <max>
9	38

[block]
# block no. 9 follows, 46 sequences, length 12
# corresponding to MSA columns:
# 842-853
name=unknown_J
#
# <colnr> <probs for GDERKNQSTAVLIFYWHMCP>
#	G	D	E	R	K	N	Q	S	T	A	V	L	I	F	Y	W	H	M	C	P
0	0.03183	0.08028	0.10686	0.03079	0.01510	0.05534	0.07914	0.03882	0.05378	0.01629	0.03421	0.10078	0.03800	0.04181	0.02862	0.00186	0.04899	0.00580	0.00333	0.18837
1	0.01237	0.08050	0.09880	0.05587	0.13532	0.04624	0.02975	0.05540	0.03823	0.07851	0.03366	0.13640	0.03957	0.03402	0.00596	0.00175	0.00534	0.02110	0.06220	0.02902
2	0.00955	0.02747	0.03529	0.00886	0.01051	0.05394	0.06022	0.01119	0.01107	0.05584	0.06852	0.24987	0.11564	0.12748	0.04322	0.00260	0.02408	0.03357	0.04600	0.00505
3	0.00836	0.00832	0.08513	0.00891	0.02656	0.00663	0.03449	0.03876	0.03626	0.01607	0.09142	0.27952	0.17362	0.05672	0.03313	0.00226	0.00432	0.03010	0.05418	0.00524
4	0.03692	0.13635	0.06169	0.06031	0.03833	0.03251	0.05103	0.08561	0.10866	0.12833	0.01515	0.11403	0.01303	0.00886	0.04351	0.00201	0.04665	0.00596	0.00399	0.00707
5	0.01214	0.14362	0.02949	0.01017	0.03345	0.05681	0.03229	0.06763	0.07296	0.05677	0.08683	0.07879	0.07864	0.08834	0.03719	0.00224	0.06967	0.00654	0.03031	0.00612
6	0.01049	0.08402	0.14783	0.00891	0.01181	0.00876	0.00825	0.01417	0.10039	0.07410	0.07699	0.13873	0.11036	0.05694	0.02564	0.05216	0.00473	0.00743	0.05238	0.00592
7	0.01238	0.14099	0.04893	0.05348	0.12622	0.03709	0.02938	0.05472	0.03923	0.07071	0.08257	0.07418	0.05949	0.00899	0.03285	0.01855	0.03569	0.04316	0.00373	0.02767
8	0.05351	0.06208	0.08508	0.01415	0.16395	0.06280	0.01001	0.08972	0.03632	0.09288	0.06446	0.09338	0.03890	0.05566	0.00675	0.00184	0.02305	0.00613	0.03247	0.00685
9	0.04286	0.02506	0.01002	0.04778	0.03076	0.03222	0.00698	0.08552	0.06435	0.08469	0.13639	0.15834	0.13222	0.04935	0.04851	0.00228	0.02383	0.00828	0.00464	0.00591
10	0.03085	0.02989	0.03044	0.03478	0.09431	0.02928	0.02744	0.09695	0.07070	0.01746	0.07221	0.19392	0.04804	0.11171	0.00887	0.02970	0.00475	0.03237	0.03052	0.00582
11	0.01442	0.12665	0.10293	0.01238	0.06057	0.14472	0.01031	0.08577	0.05709	0.07390	0.01436	0.05576	0.05810	0.00682	0.00613	0.00156	0.08510	0.00506	0.00352	0.07484

[dist]
# distance from previous block
# <min> <max>
10	44

[block]
# block no. 10 follows, 46 sequences, length 9
# corresponding to MSA columns:
# 898-906
name=unknown_K
#
# <colnr> <probs for GDERKNQSTAVLIFYWHMCP>
#	G	D	E	R	K	N	Q	S	T	A	V	L	I	F	Y	W	H	M	C	P
0	0.01053	0.02622	0.02981	0.00970	0.06004	0.00717	0.02371	0.01252	0.04972	0.11226	0.05858	0.20195	0.13156	0.09423	0.00977	0.07550	0.03280	0.02446	0.02404	0.00543
1	0.03837	0.03435	0.08040	0.03013	0.09391	0.04797	0.02234	0.09919	0.06478	0.13223	0.05251	0.14401	0.06364	0.04510	0.00651	0.00188	0.00512	0.02636	0.00438	0.00682
2	0.01329	0.10019	0.09673	0.06428	0.09756	0.06969	0.04211	0.06388	0.13049	0.08135	0.03704	0.10209	0.04520	0.00747	0.00534	0.00168	0.00565	0.02497	0.00393	0.00708
3	0.00985	0.00822	0.04025	0.03480	0.06806	0.04617	0.00693	0.01235	0.04165	0.06370	0.13725	0.14743	0.16384	0.05843	0.04117	0.00220	0.00446	0.00842	0.09931	0.00550
4	0.11922	0.08976	0.10280	0.02955	0.05870	0.04149	0.08203	0.06143	0.04707	0.01790	0.05796	0.09425	0.05856	0.00798	0.00582	0.04004	0.00536	0.03006	0.04378	0.00623
5	0.01313	0.01488	0.16292	0.03992	0.21287	0.06696	0.05331	0.06805	0.05500	0.07128	0.05152	0.05211	0.04881	0.00686	0.00596	0.00170	0.03974	0.02408	0.00356	0.00733
6	0.01132	0.01155	0.10271	0.04603	0.07783	0.03471	0.07436	0.06265	0.03104	0.05333	0.01741	0.16073	0.06461	0.05804	0.02856	0.03520	0.07062	0.00716	0.00360	0.04852
7	0.00991	0.07035	0.04459	0.06855	0.01366	0.03677	0.06737	0.06314	0.02983	0.01628	0.11140	0.22744	0.09187	0.05673	0.03254	0.00215	0.00508	0.00862	0.00406	0.03967
8	0.03933	0.05171	0.07651	0.06052	0.12248	0.13256	0.11613	0.05935	0.01275	0.03961	0.05885	0.07632	0.01314	0.03621	0.02400	0.00191	0.02768	0.00576	0.03862	0.00656

[dist]
# distance from previous block
# <min> <max>
43	178

[block]
# block no. 11 follows, 46 sequences, length 24
# corresponding to MSA columns:
# 1132-1155
name=unknown_L
#
# <colnr> <probs for GDERKNQSTAVLIFYWHMCP>
#	G	D	E	R	K	N	Q	S	T	A	V	L	I	F	Y	W	H	M	C	P
0	0.01322	0.07941	0.27507	0.05926	0.07828	0.11962	0.06398	0.03213	0.08182	0.05053	0.01187	0.05321	0.00963	0.00595	0.00537	0.00162	0.02514	0.00486	0.00307	0.02599
1	0.01075	0.02929	0.09335	0.04105	0.15354	0.00998	0.09950	0.01571	0.13315	0.03603	0.12013	0.06596	0.12193	0.00817	0.00575	0.00175	0.00517	0.03802	0.00404	0.00673
2	0.00811	0.04091	0.02637	0.00716	0.00873	0.00611	0.00548	0.05136	0.01229	0.03298	0.12631	0.33744	0.27533	0.02834	0.00660	0.00193	0.00332	0.01137	0.00487	0.00497
3	0.09962	0.01163	0.10932	0.06292	0.07587	0.01020	0.04325	0.07258	0.04062	0.15518	0.03878	0.10418	0.01385	0.02503	0.00730	0.04941	0.04873	0.02076	0.00401	0.00676
4	0.01259	0.15087	0.11875	0.04908	0.12326	0.03057	0.15416	0.08896	0.02554	0.03283	0.01597	0.07411	0.08714	0.00668	0.00530	0.00162	0.00627	0.00598	0.00329	0.00702
5	0.01180	0.01204	0.04542	0.13751	0.39367	0.01151	0.13473	0.01512	0.01162	0.01635	0.01147	0.01466	0.03268	0.00637	0.03718	0.00184	0.00683	0.00501	0.00271	0.09147
6	0.01385	0.17424	0.22805	0.09565	0.01970	0.08089	0.08431	0.04516	0.01240	0.11102	0.01221	0.07763	0.01009	0.00612	0.00501	0.00159	0.00669	0.00508	0.00321	0.00710
7	0.01588	0.01412	0.03219	0.11701	0.13614	0.11810	0.07480	0.18505	0.12120	0.08934	0.01341	0.01540	0.01020	0.00602	0.00536	0.00165	0.00648	0.02595	0.00399	0.00773
8	0.05775	0.01439	0.24454	0.05245	0.05328	0.02136	0.04670	0.01551	0.10795	0.03390	0.05908	0.11682	0.07336	0.00892	0.02351	0.00195	0.01891	0.03933	0.00369	0.00660
9	0.00861	0.00718	0.00769	0.03925	0.01000	0.03132	0.00573	0.08485	0.03829	0.01669	0.08462	0.18362	0.41920	0.01236	0.00616	0.00183	0.00355	0.02906	0.00484	0.00517
10	0.01292	0.09454	0.16688	0.04429	0.06640	0.07615	0.05685	0.07414	0.17073	0.01766	0.05060	0.01502	0.01148	0.00725	0.00698	0.08622	0.02669	0.00485	0.00341	0.00695
11	0.01175	0.17470	0.43515	0.01432	0.08541	0.05362	0.01481	0.01615	0.03145	0.01526	0.01009	0.01331	0.00837	0.08603	0.00692	0.00189	0.00699	0.00418	0.00248	0.00713
12	0.00803	0.00584	0.00718	0.00771	0.00857	0.00572	0.00538	0.09398	0.01188	0.01573	0.02873	0.64021	0.08746	0.03783	0.00712	0.00214	0.00341	0.01335	0.00490	0.00481
13	0.05614	0.01460	0.17485	0.02633	0.13629	0.05391	0.12605	0.01643	0.06084	0.06637	0.05626	0.08210	0.02703	0.00714	0.00601	0.00176	0.03852	0.03889	0.00350	0.00697
14	0.00848	0.00911	0.09519	0.01001	0.04940	0.00775	0.00795	0.01172	0.08425	0.01584	0.11469	0.29757	0.16309	0.01180	0.00726	0.00193	0.08400	0.01002	0.00439	0.00554
15	0.01429	0.01583	0.05678	0.16349	0.30741	0.19903	0.02975	0.05911	0.02994	0.01629	0.00966	0.01239	0.00780	0.00540	0.00581	0.00161	0.05099	0.00442	0.00277	0.00722
16	0.00862	0.00961	0.08589	0.00916	0.04895	0.06398	0.00724	0.01136	0.05382	0.01568	0.11660	0.15854	0.34911	0.01144	0.00602	0.00179	0.00405	0.02829	0.00449	0.00537
17	0.01422	0.06784	0.14263	0.04759	0.20630	0.06780	0.06321	0.11248	0.04295	0.08222	0.05359	0.01614	0.04761	0.00599	0.00524	0.00160	0.00627	0.00513	0.00358	0.00761
18	0.00811	0.00792	0.05333	0.00985	0.01182	0.00676	0.12432	0.01042	0.01220	0.01663	0.25771	0.26141	0.12226	0.02838	0.00707	0.00194	0.02564	0.02442	0.00459	0.00519
19	0.00806	0.04896	0.00936	0.00852	0.00975	0.04380	0.04709	0.00946	0.01060	0.01358	0.02690	0.43467	0.12267	0.03897	0.10224	0.00286	0.00527	0.04827	0.00424	0.00474
20	0.01284	0.20534	0.28382	0.05403	0.01846	0.04628	0.04542	0.04463	0.05476	0.05477	0.01250	0.01411	0.04226	0.00572	0.00509	0.00153	0.02697	0.01526	0.00300	0.05322
21	0.08364	0.05712	0.01762	0.03831	0.14686	0.07153	0.11853	0.15379	0.10895	0.08088	0.03096	0.01578	0.02751	0.00600	0.00520	0.00163	0.00604	0.01812	0.00396	0.00759
22	0.01536	0.01480	0.06103	0.14380	0.26438	0.14774	0.05076	0.06447	0.05509	0.11377	0.01174	0.01354	0.00884	0.00540	0.00522	0.00160	0.00682	0.00466	0.00338	0.00761
23	0.00990	0.08510	0.01038	0.00909	0.02594	0.04262	0.00710	0.05038	0.01206	0.03603	0.05910	0.20236	0.07999	0.07459	0.04722	0.00254	0.00505	0.23095	0.00437	0.00523

[dist]
# distance from previous block
# <min> <max>
12	18

[block]
# block no. 12 follows, 46 sequences, length 10
# corresponding to MSA columns:
# 1179-1188
name=unknown_M
#
# <colnr> <probs for GDERKNQSTAVLIFYWHMCP>
#	G	D	E	R	K	N	Q	S	T	A	V	L	I	F	Y	W	H	M	C	P
0	0.03767	0.05404	0.04520	0.13693	0.09052	0.17066	0.06614	0.10014	0.04079	0.03215	0.02827	0.04057	0.03793	0.02497	0.02991	0.00192	0.03137	0.02085	0.00334	0.00664
1	0.03994	0.10280	0.12898	0.01473	0.12727	0.08557	0.05639	0.14245	0.04108	0.05465	0.01399	0.05640	0.04911	0.00627	0.00503	0.00154	0.00609	0.00516	0.00356	0.05898
2	0.01150	0.04553	0.01174	0.03933	0.08078	0.00824	0.03433	0.07137	0.01246	0.11242	0.04542	0.20961	0.09406	0.06250	0.04523	0.00229	0.00498	0.04619	0.00435	0.05767
3	0.01467	0.03564	0.06370	0.02156	0.36602	0.08724	0.06806	0.07557	0.01371	0.10196	0.05185	0.03778	0.02654	0.00592	0.00533	0.00159	0.00628	0.00534	0.00351	0.00774
4	0.02774	0.11625	0.17755	0.01465	0.11660	0.03630	0.10186	0.03821	0.02678	0.05637	0.03823	0.15487	0.03174	0.00746	0.00531	0.00166	0.00587	0.00659	0.02915	0.00682
5	0.02999	0.05269	0.22525	0.06212	0.09561	0.07341	0.12090	0.04374	0.03284	0.08058	0.01262	0.08502	0.01055	0.00616	0.00525	0.00163	0.00668	0.00544	0.00324	0.04627
6	0.01291	0.01517	0.11974	0.01343	0.11100	0.20885	0.01026	0.01557	0.02665	0.05473	0.08337	0.05623	0.09309	0.02658	0.04222	0.00197	0.04083	0.00590	0.00351	0.05798
7	0.01399	0.07033	0.16915	0.05456	0.10577	0.13087	0.07132	0.11574	0.01375	0.03358	0.01201	0.01371	0.03545	0.00558	0.00515	0.00151	0.02090	0.00451	0.06337	0.05876
8	0.06564	0.08425	0.07715	0.03300	0.05718	0.01163	0.06070	0.14308	0.10551	0.05667	0.05749	0.08708	0.06139	0.00834	0.02756	0.00184	0.00534	0.00624	0.04293	0.00696
9	0.01110	0.00989	0.01138	0.01251	0.11605	0.09110	0.00822	0.10637	0.01259	0.01656	0.01878	0.36917	0.02040	0.01296	0.06244	0.00229	0.04753	0.00915	0.00402	0.05751

[dist]
# distance from previous block
# <min> <max>
3	11

[block]
# block no. 13 follows, 46 sequences, length 14
# corresponding to MSA columns:
# 1200-1213
name=unknown_N
#
# <colnr> <probs for GDERKNQSTAVLIFYWHMCP>
#	G	D	E	R	K	N	Q	S	T	A	V	L	I	F	Y	W	H	M	C	P
0	0.01384	0.07994	0.13492	0.01723	0.19708	0.05428	0.06728	0.09586	0.06429	0.07024	0.01252	0.05087	0.01044	0.03253	0.03168	0.00197	0.04896	0.00521	0.00339	0.00745
1	0.01312	0.08792	0.10975	0.01509	0.12314	0.14025	0.09246	0.09369	0.03782	0.01724	0.03147	0.09478	0.08394	0.00744	0.00541	0.00164	0.00635	0.02818	0.00349	0.00679
2	0.03473	0.00686	0.00940	0.01069	0.09825	0.00671	0.02381	0.03164	0.03247	0.03536	0.04028	0.38264	0.04162	0.06340	0.02962	0.02717	0.00427	0.03324	0.04740	0.04046
3	0.01243	0.08028	0.16010	0.06111	0.05502	0.07742	0.06157	0.11975	0.06716	0.01842	0.07246	0.11929	0.03815	0.00772	0.00545	0.00169	0.00596	0.02544	0.00374	0.00682
4	0.05146	0.01372	0.04785	0.04841	0.12174	0.11999	0.11445	0.13728	0.06204	0.04853	0.03012	0.09753	0.01277	0.04430	0.00670	0.00185	0.02451	0.00605	0.00373	0.00697
5	0.01356	0.07357	0.24401	0.07253	0.07844	0.10474	0.10036	0.07977	0.05050	0.03936	0.01085	0.01259	0.00820	0.00522	0.00499	0.00154	0.00696	0.00438	0.03791	0.05049
6	0.00965	0.00826	0.04418	0.03020	0.01063	0.05204	0.00661	0.06091	0.01243	0.06289	0.08029	0.30350	0.19211	0.03873	0.03976	0.00225	0.00450	0.03112	0.00463	0.00529
7	0.01326	0.06778	0.19326	0.01587	0.14077	0.08866	0.07270	0.05542	0.06952	0.06683	0.01523	0.07855	0.05553	0.00683	0.00575	0.00167	0.03596	0.00573	0.00342	0.00725
8	0.01421	0.10965	0.11445	0.06455	0.10607	0.11226	0.11218	0.06144	0.03703	0.09491	0.03572	0.05509	0.02333	0.00710	0.02751	0.00179	0.00683	0.00533	0.00343	0.00713
9	0.00986	0.01192	0.20589	0.04485	0.01428	0.00811	0.03478	0.05075	0.01184	0.05384	0.10114	0.20811	0.02208	0.10722	0.02937	0.00244	0.00547	0.06823	0.00398	0.00582
10	0.01224	0.01561	0.20071	0.09069	0.12276	0.09101	0.09221	0.05875	0.01289	0.04900	0.05495	0.08860	0.07327	0.00712	0.00552	0.00169	0.00647	0.00626	0.00339	0.00685
11	0.05019	0.08651	0.03933	0.09725	0.08114	0.04794	0.08032	0.09192	0.06220	0.05707	0.01668	0.15502	0.05491	0.00799	0.00601	0.00174	0.04663	0.00678	0.00375	0.00664
12	0.05138	0.06616	0.08062	0.05070	0.07622	0.25617	0.06530	0.08823	0.01363	0.01672	0.04819	0.06581	0.03492	0.02535	0.00610	0.00167	0.03777	0.00531	0.00324	0.00650
13	0.03135	0.01096	0.03262	0.06538	0.17662	0.02916	0.04860	0.10647	0.04957	0.09045	0.04493	0.11629	0.02518	0.03469	0.00726	0.00188	0.07166	0.03010	0.00395	0.02289

[dist]
# distance from previous block
# <min> <max>
4	36

[block]
# block no. 14 follows, 46 sequences, length 7
# corresponding to MSA columns:
# 1278-1284
name=unknown_O
#
# <colnr> <probs for GDERKNQSTAVLIFYWHMCP>
#	G	D	E	R	K	N	Q	S	T	A	V	L	I	F	Y	W	H	M	C	P
0	0.07817	0.04661	0.04935	0.28083	0.24667	0.05008	0.08586	0.01625	0.01163	0.07050	0.01019	0.01309	0.00782	0.00506	0.00509	0.00164	0.00668	0.00458	0.00284	0.00706
1	0.05468	0.01268	0.09130	0.18089	0.12022	0.03074	0.14710	0.04694	0.01235	0.07155	0.07224	0.01711	0.04847	0.00626	0.00630	0.00173	0.06379	0.00551	0.00330	0.00682
2	0.00920	0.00690	0.00881	0.04818	0.03818	0.00701	0.00666	0.04019	0.09862	0.04904	0.18073	0.20555	0.15231	0.01417	0.08168	0.00249	0.00462	0.03525	0.00482	0.00558
3	0.01107	0.01002	0.07056	0.00946	0.01218	0.05512	0.06070	0.04560	0.06154	0.10162	0.13778	0.12681	0.23208	0.01023	0.00596	0.00177	0.00446	0.03222	0.00477	0.00602
4	0.01358	0.05217	0.10379	0.15906	0.21299	0.07717	0.04081	0.07446	0.05098	0.07188	0.04798	0.04830	0.01157	0.00606	0.00526	0.00163	0.00635	0.00525	0.00339	0.00731
5	0.01233	0.01118	0.03417	0.16316	0.10708	0.05259	0.08726	0.05741	0.10788	0.05450	0.01385	0.05349	0.01201	0.07150	0.04832	0.03255	0.04653	0.02422	0.00345	0.00650
6	0.04041	0.01066	0.04006	0.04080	0.05806	0.08230	0.07839	0.08607	0.01282	0.01709	0.07296	0.17034	0.06777	0.04326	0.04626	0.00228	0.02423	0.07842	0.00395	0.02386

[dist]
# distance from previous block
# <min> <max>
3	101

# created by:
# /usr/local/bin/augustus/scripts/msa2prfl.pl /tmp/new_cug2/dynactin1-p150.fasta
