[name]
unknown

[dist]
# distance from previous block
# <min> <max>
39	1435

[block]
# block no. 0 follows, 63 sequences, length 30
# corresponding to MSA columns:
# 2298-2327
name=unknown_A
#
# <colnr> <probs for GDERKNQSTAVLIFYWHMCP>
#	G	D	E	R	K	N	Q	S	T	A	V	L	I	F	Y	W	H	M	C	P
0	0.01015	0.00996	0.02710	0.06450	0.70788	0.02817	0.01225	0.01258	0.00948	0.01339	0.00838	0.04010	0.00730	0.00410	0.00417	0.00125	0.00496	0.00397	0.00214	0.02815
1	0.00547	0.00434	0.00518	0.00552	0.03073	0.00385	0.00386	0.00681	0.01005	0.01306	0.28531	0.17867	0.41158	0.01023	0.00501	0.00143	0.00222	0.00886	0.00408	0.00375
2	0.01360	0.01043	0.01137	0.04650	0.01290	0.01172	0.00760	0.45793	0.32089	0.04245	0.01279	0.01236	0.00931	0.00526	0.00423	0.00133	0.00415	0.00416	0.00415	0.00685
3	0.00587	0.00404	0.00471	0.00484	0.00505	0.00392	0.00294	0.00623	0.00716	0.00955	0.08921	0.16614	0.06676	0.58722	0.01628	0.00328	0.00350	0.00738	0.00304	0.00288
4	0.00511	0.00371	0.00482	0.00571	0.00606	0.00343	0.00384	0.00587	0.00819	0.01079	0.02491	0.77707	0.09913	0.01294	0.00533	0.00168	0.00241	0.01167	0.00390	0.00343
5	0.03115	0.01033	0.01215	0.00919	0.01263	0.01067	0.05433	0.50395	0.02689	0.12540	0.01040	0.01048	0.00739	0.00464	0.00404	0.00117	0.00434	0.00368	0.00389	0.15327
6	0.00848	0.00825	0.01284	0.72578	0.07328	0.04653	0.01149	0.01111	0.00855	0.01087	0.00738	0.01092	0.00565	0.00430	0.00455	0.00139	0.03825	0.00369	0.00189	0.00479
7	0.01099	0.78196	0.09271	0.00761	0.01144	0.01603	0.00792	0.01265	0.00857	0.01019	0.00599	0.00693	0.00539	0.00363	0.00281	0.00094	0.00465	0.00232	0.00180	0.00547
8	0.00560	0.00404	0.00506	0.00556	0.00628	0.00369	0.00398	0.00666	0.00904	0.02728	0.12642	0.46281	0.21459	0.03089	0.00560	0.00166	0.00248	0.07079	0.00398	0.00360
9	0.01683	0.00905	0.01085	0.00841	0.01157	0.00917	0.00693	0.37144	0.01516	0.42427	0.01339	0.01256	0.00896	0.00668	0.05305	0.00160	0.00449	0.00405	0.00459	0.00695
10	0.00987	0.01118	0.02392	0.01722	0.02116	0.01080	0.75136	0.01322	0.00966	0.01322	0.00828	0.01118	0.00631	0.00383	0.00562	0.00145	0.06916	0.00487	0.00210	0.00559
11	0.00947	0.01117	0.06304	0.06494	0.02085	0.01032	0.64169	0.01276	0.00950	0.01298	0.00888	0.04864	0.00719	0.00426	0.00539	0.00145	0.05480	0.00504	0.00216	0.00548
12	0.00601	0.00409	0.00456	0.00456	0.00468	0.00403	0.00261	0.00611	0.00642	0.00844	0.01587	0.02867	0.08774	0.77689	0.01993	0.00384	0.00390	0.00636	0.00267	0.00264
13	0.72447	0.00995	0.10231	0.00655	0.00962	0.00970	0.00605	0.06423	0.00817	0.01871	0.00632	0.00728	0.00481	0.00399	0.00287	0.00130	0.00368	0.00247	0.00261	0.00491
14	0.00497	0.00426	0.00426	0.00426	0.00568	0.00355	0.00319	0.00603	0.00958	0.01136	0.04259	0.04046	0.82433	0.01065	0.00497	0.00142	0.00213	0.00887	0.00390	0.00355
15	0.01570	0.02004	0.01191	0.01083	0.01300	0.83539	0.00812	0.01679	0.01191	0.01029	0.00650	0.00758	0.00541	0.00433	0.00379	0.00108	0.00758	0.00271	0.00217	0.00487
16	0.00521	0.00370	0.00485	0.00574	0.00596	0.00347	0.00378	0.00588	0.00788	0.01050	0.02228	0.77591	0.02668	0.08831	0.00680	0.00192	0.00259	0.01143	0.00378	0.00334
17	0.00920	0.00920	0.01288	0.01104	0.01104	0.01288	0.00920	0.01012	0.00644	0.01012	0.00552	0.00920	0.00552	0.00736	0.01380	0.00184	0.84457	0.00368	0.00184	0.00460
18	0.00860	0.00609	0.00761	0.00760	0.00912	0.00625	0.00640	0.10890	0.08364	0.05236	0.09253	0.03660	0.07372	0.00965	0.00527	0.00169	0.00362	0.47161	0.00408	0.00466
19	0.00603	0.00417	0.00518	0.00524	0.00545	0.00435	0.00335	0.00647	0.00640	0.00873	0.01328	0.07173	0.01472	0.58416	0.23869	0.00466	0.00591	0.00602	0.00255	0.00292
20	0.06566	0.01324	0.01164	0.00945	0.01239	0.23710	0.00758	0.45700	0.01600	0.09780	0.02580	0.01005	0.00749	0.00487	0.00402	0.00122	0.00520	0.00352	0.00366	0.00631
21	0.02720	0.08915	0.01470	0.01088	0.01370	0.26873	0.13086	0.25300	0.01310	0.04299	0.00858	0.03446	0.00691	0.00485	0.00472	0.00125	0.06260	0.00372	0.00287	0.00573
22	0.00552	0.02113	0.00563	0.00601	0.00649	0.00410	0.00426	0.00648	0.00805	0.01084	0.05805	0.58374	0.03967	0.04001	0.14705	0.00260	0.00405	0.03921	0.00357	0.00353
23	0.09223	0.02483	0.01152	0.00885	0.01207	0.01187	0.00727	0.57161	0.10745	0.02347	0.01021	0.01026	0.00745	0.00483	0.00395	0.00122	0.00423	0.00363	0.00389	0.07916
24	0.00789	0.23160	0.12980	0.00689	0.00940	0.00844	0.00660	0.01055	0.04667	0.01444	0.43896	0.02108	0.03879	0.00652	0.00419	0.00122	0.00332	0.00543	0.00344	0.00478
25	0.00966	0.09157	0.38276	0.02573	0.05194	0.04115	0.01102	0.02399	0.01760	0.06894	0.01862	0.01515	0.00909	0.00522	0.00421	0.00131	0.01450	0.12121	0.00251	0.08384
26	0.00944	0.18626	0.55258	0.02747	0.04505	0.01111	0.04904	0.01327	0.00893	0.03647	0.00749	0.00882	0.00559	0.00398	0.00394	0.00125	0.01827	0.00309	0.00191	0.00601
27	0.00548	0.00392	0.00483	0.00527	0.00567	0.00368	0.00347	0.00621	0.00817	0.01088	0.12437	0.43858	0.10880	0.23962	0.00961	0.00227	0.00279	0.00950	0.00363	0.00326
28	0.00579	0.00428	0.00541	0.00515	0.00619	0.00389	0.00385	0.00761	0.01148	0.01593	0.69350	0.04974	0.15358	0.00899	0.00497	0.00134	0.00201	0.00788	0.00451	0.00389
29	0.03772	0.08363	0.03705	0.01101	0.14401	0.02021	0.02332	0.21800	0.04011	0.04882	0.01444	0.15706	0.05419	0.00688	0.00453	0.00139	0.01613	0.07255	0.00337	0.00560

[dist]
# distance from previous block
# <min> <max>
0	1

[block]
# block no. 1 follows, 63 sequences, length 37
# corresponding to MSA columns:
# 2329-2365
name=unknown_B
#
# <colnr> <probs for GDERKNQSTAVLIFYWHMCP>
#	G	D	E	R	K	N	Q	S	T	A	V	L	I	F	Y	W	H	M	C	P
0	0.00577	0.00537	0.05741	0.00541	0.00684	0.00418	0.00445	0.00760	0.01083	0.01467	0.49613	0.06417	0.28342	0.00912	0.00492	0.00137	0.00231	0.00788	0.00419	0.00396
1	0.00518	0.00372	0.00493	0.00583	0.00615	0.00347	0.00395	0.00599	0.00825	0.01098	0.04863	0.77973	0.05306	0.01291	0.00535	0.00169	0.00245	0.03034	0.00392	0.00345
2	0.01005	0.01053	0.03606	0.30992	0.17406	0.16003	0.01017	0.03462	0.02704	0.01215	0.00913	0.03618	0.00794	0.00513	0.00481	0.00136	0.05843	0.05408	0.03319	0.00513
3	0.00835	0.00442	0.00447	0.00428	0.00541	0.00450	0.00326	0.06061	0.00951	0.01636	0.01348	0.01532	0.01055	0.00491	0.00302	0.00100	0.00213	0.00391	0.82040	0.00412
4	0.01077	0.57401	0.12485	0.00815	0.01166	0.03061	0.00826	0.05830	0.00938	0.01175	0.05811	0.00895	0.00767	0.00430	0.00382	0.00107	0.05788	0.00289	0.00212	0.00545
5	0.01182	0.10869	0.01397	0.19028	0.11728	0.12602	0.03737	0.14698	0.01113	0.06217	0.00826	0.00999	0.00645	0.00517	0.03035	0.00138	0.03760	0.00343	0.00258	0.06909
6	0.01032	0.49358	0.26651	0.06195	0.01457	0.04601	0.03098	0.01288	0.00880	0.01109	0.00656	0.00783	0.00541	0.00378	0.00329	0.00108	0.00528	0.00269	0.00182	0.00558
7	0.00560	0.00441	0.00514	0.05765	0.00703	0.00411	0.00375	0.00670	0.00911	0.01160	0.17894	0.06050	0.41739	0.19980	0.00864	0.00201	0.00277	0.00779	0.00360	0.00347
8	0.00556	0.00417	0.00521	0.00566	0.00642	0.00388	0.00411	0.00705	0.03274	0.01248	0.19233	0.42562	0.18752	0.01137	0.00521	0.00158	0.00243	0.07890	0.00406	0.00369
9	0.02570	0.01346	0.16415	0.06678	0.09176	0.11028	0.26451	0.08702	0.06581	0.01440	0.00916	0.01184	0.00722	0.00443	0.00449	0.00135	0.01434	0.03504	0.00246	0.00580
10	0.01467	0.01736	0.01135	0.01023	0.01248	0.63612	0.00775	0.04390	0.15376	0.02577	0.00923	0.00973	0.02010	0.00471	0.00392	0.00116	0.00658	0.00323	0.00268	0.00528
11	0.00861	0.00749	0.01102	0.00855	0.01116	0.00701	0.15532	0.04160	0.05325	0.03978	0.17842	0.01860	0.12095	0.00587	0.00496	0.00119	0.06246	0.00513	0.00324	0.25538
12	0.03908	0.01161	0.01172	0.03262	0.01268	0.10386	0.00768	0.54122	0.02945	0.06612	0.06133	0.01138	0.00910	0.00524	0.00453	0.00128	0.03689	0.00390	0.00386	0.00645
13	0.00594	0.00428	0.00543	0.00524	0.00625	0.00389	0.00389	0.00767	0.01121	0.02863	0.62487	0.11172	0.14678	0.00927	0.00499	0.00137	0.00207	0.00815	0.00447	0.00391
14	0.00516	0.00384	0.00482	0.00548	0.00603	0.00349	0.00376	0.00607	0.00869	0.01139	0.09624	0.61449	0.19068	0.01226	0.00525	0.00162	0.00234	0.01095	0.00397	0.00349
15	0.03742	0.06304	0.67066	0.01307	0.10788	0.01013	0.01445	0.01320	0.00888	0.01336	0.00744	0.00887	0.00545	0.00394	0.00390	0.00130	0.00589	0.00311	0.00184	0.00617
16	0.00611	0.00408	0.00458	0.00458	0.00458	0.00408	0.00255	0.00611	0.00611	0.00815	0.01325	0.02751	0.01528	0.85226	0.02140	0.00408	0.00408	0.00611	0.00255	0.00255
17	0.00577	0.00393	0.00469	0.00502	0.00510	0.00385	0.00301	0.00602	0.00678	0.00904	0.01665	0.30955	0.01958	0.56436	0.01590	0.00326	0.00351	0.00812	0.00301	0.00284
18	0.09379	0.01174	0.00947	0.00823	0.01046	0.27130	0.00640	0.21297	0.03905	0.06837	0.01085	0.07793	0.00901	0.00537	0.00382	0.00121	0.00472	0.00404	0.14594	0.00534
19	0.07385	0.01042	0.01535	0.06093	0.60396	0.05133	0.01149	0.09615	0.01052	0.01512	0.00790	0.01001	0.00645	0.00394	0.00404	0.00125	0.00499	0.00359	0.00233	0.00637
20	0.00999	0.37224	0.27136	0.00930	0.01377	0.01214	0.06307	0.03579	0.00909	0.01232	0.00695	0.00814	0.00563	0.00368	0.00337	0.00103	0.00497	0.00278	0.00200	0.15238
21	0.01065	0.20933	0.48397	0.01032	0.01535	0.01105	0.02924	0.04109	0.02875	0.11003	0.00856	0.00929	0.00621	0.00411	0.00376	0.00123	0.00540	0.00315	0.00234	0.00617
22	0.00567	0.00408	0.00493	0.00531	0.00609	0.00369	0.00375	0.00662	0.00886	0.03411	0.09025	0.39954	0.28391	0.08186	0.00653	0.00178	0.00253	0.04305	0.00388	0.00355
23	0.00831	0.03284	0.05256	0.00697	0.00872	0.11948	0.00564	0.02884	0.13442	0.01460	0.33551	0.08752	0.11406	0.02589	0.00495	0.00139	0.00341	0.00646	0.00381	0.00461
24	0.01048	0.04685	0.48960	0.01131	0.01595	0.13809	0.03861	0.09635	0.02599	0.01397	0.00846	0.00964	0.02352	0.00448	0.00451	0.00130	0.04941	0.00333	0.00220	0.00592
25	0.00541	0.00424	0.00483	0.00479	0.00592	0.00374	0.00354	0.00674	0.01012	0.01307	0.30861	0.08138	0.45031	0.05441	0.00587	0.00155	0.00224	0.02551	0.00408	0.00364
26	0.05781	0.00944	0.01008	0.00772	0.01109	0.02852	0.00624	0.28810	0.09475	0.01869	0.00924	0.00977	0.00711	0.00411	0.00360	0.00097	0.00377	0.00316	0.00326	0.42255
27	0.04061	0.13092	0.01395	0.03772	0.10782	0.21888	0.09163	0.03995	0.07610	0.02352	0.09620	0.04153	0.01085	0.00502	0.00426	0.00122	0.02701	0.00411	0.00271	0.02600
28	0.08428	0.01318	0.01196	0.00976	0.01268	0.21561	0.03459	0.42824	0.11400	0.02035	0.00967	0.00994	0.00718	0.00481	0.00401	0.00125	0.00517	0.00356	0.00351	0.00627
29	0.00577	0.00417	0.00536	0.00597	0.00665	0.00394	0.00436	0.00718	0.03164	0.02246	0.11645	0.50657	0.12312	0.01180	0.00529	0.00165	0.00260	0.12730	0.00401	0.00370
30	0.01252	0.00743	0.03626	0.00815	0.02283	0.00679	0.05099	0.04649	0.13810	0.34644	0.06127	0.16369	0.03078	0.04178	0.00523	0.00152	0.00359	0.00601	0.00429	0.00586
31	0.00920	0.00883	0.01286	0.61625	0.11699	0.06956	0.01113	0.06011	0.00948	0.01201	0.00802	0.03262	0.00638	0.00445	0.00420	0.00136	0.00554	0.00388	0.00211	0.00503
32	0.01277	0.01452	0.01414	0.01528	0.24095	0.40307	0.08332	0.05269	0.01103	0.01238	0.00825	0.03371	0.00721	0.00530	0.02407	0.00136	0.02634	0.02583	0.00233	0.00545
33	0.00584	0.00406	0.00513	0.00538	0.00561	0.00417	0.00348	0.00635	0.00674	0.00916	0.01533	0.23373	0.01742	0.46020	0.19501	0.00406	0.00523	0.00724	0.00283	0.00303
34	0.03699	0.03815	0.29898	0.01061	0.05444	0.05571	0.03704	0.04996	0.09012	0.25415	0.01142	0.02586	0.00812	0.00470	0.00408	0.00131	0.00493	0.00381	0.00324	0.00638
35	0.00875	0.00854	0.06570	0.00723	0.03588	0.00603	0.00596	0.01085	0.00875	0.01367	0.00749	0.00878	0.00618	0.00319	0.00321	0.00069	0.00339	0.00257	0.00243	0.79072
36	0.00601	0.00448	0.00662	0.00662	0.00732	0.00518	0.00508	0.00742	0.00671	0.00966	0.01139	0.01722	0.01082	0.08432	0.78323	0.00658	0.01080	0.00461	0.00227	0.00368

[dist]
# distance from previous block
# <min> <max>
7	21

[block]
# block no. 2 follows, 63 sequences, length 10
# corresponding to MSA columns:
# 2387-2396
name=unknown_C
#
# <colnr> <probs for GDERKNQSTAVLIFYWHMCP>
#	G	D	E	R	K	N	Q	S	T	A	V	L	I	F	Y	W	H	M	C	P
0	0.00956	0.28749	0.45103	0.01063	0.05441	0.01175	0.01175	0.04211	0.00939	0.01293	0.05636	0.00967	0.00755	0.00417	0.00365	0.00119	0.00529	0.00316	0.00206	0.00587
1	0.00512	0.00366	0.00488	0.00585	0.00610	0.00341	0.00390	0.00585	0.00805	0.01073	0.02317	0.84952	0.02780	0.01317	0.00537	0.00171	0.00244	0.01195	0.00390	0.00341
2	0.00956	0.05473	0.27243	0.01607	0.08196	0.01060	0.46604	0.01333	0.00951	0.01327	0.00804	0.01029	0.00603	0.00370	0.00449	0.00135	0.00653	0.00417	0.00200	0.00590
3	0.00809	0.00762	0.01288	0.79317	0.07679	0.00938	0.01175	0.01087	0.00848	0.01092	0.00750	0.01116	0.00567	0.00418	0.00420	0.00139	0.00557	0.00374	0.00188	0.00479
4	0.01630	0.00804	0.00983	0.00749	0.01082	0.03572	0.00613	0.08044	0.01191	0.55824	0.01372	0.01251	0.00906	0.00470	0.00397	0.00114	0.00370	0.00376	0.00442	0.19810
5	0.01124	0.85479	0.02203	0.00719	0.01079	0.01663	0.00719	0.01259	0.00854	0.00989	0.00584	0.00674	0.00539	0.00360	0.00270	0.00090	0.00450	0.00225	0.00180	0.00539
6	0.00864	0.00873	0.01629	0.54819	0.05346	0.00986	0.24197	0.01158	0.00881	0.01161	0.00772	0.01115	0.00586	0.00411	0.00475	0.00142	0.03481	0.00409	0.00195	0.00502
7	0.00510	0.00414	0.00447	0.00464	0.00575	0.00357	0.00335	0.00611	0.00929	0.01143	0.08271	0.19781	0.59343	0.04202	0.00565	0.00157	0.00225	0.00930	0.00390	0.00351
8	0.00605	0.00434	0.00594	0.00594	0.00641	0.00481	0.00424	0.00698	0.00651	0.00916	0.01200	0.02064	0.01230	0.33949	0.53009	0.00575	0.00856	0.00511	0.00236	0.00330
9	0.00517	0.00370	0.00492	0.00582	0.00611	0.00345	0.00391	0.00598	0.00828	0.01110	0.07194	0.79968	0.02853	0.01289	0.00534	0.00168	0.00241	0.01169	0.00395	0.00345

[dist]
# distance from previous block
# <min> <max>
0	1

[block]
# block no. 3 follows, 63 sequences, length 65
# corresponding to MSA columns:
# 2398-2462
name=unknown_D
#
# <colnr> <probs for GDERKNQSTAVLIFYWHMCP>
#	G	D	E	R	K	N	Q	S	T	A	V	L	I	F	Y	W	H	M	C	P
0	0.00574	0.00398	0.00521	0.00601	0.00642	0.00378	0.00412	0.00687	0.03344	0.03253	0.02248	0.74705	0.02637	0.03723	0.00579	0.00177	0.00260	0.04109	0.00391	0.00361
1	0.00731	0.00466	0.00532	0.00532	0.00633	0.00461	0.00409	0.05534	0.00946	0.01382	0.07186	0.02799	0.12894	0.13010	0.00707	0.02657	0.00289	0.16885	0.31568	0.00379
2	0.00587	0.00434	0.00573	0.00567	0.00640	0.00452	0.00415	0.00709	0.00800	0.01100	0.17204	0.02501	0.12941	0.19854	0.38858	0.00441	0.00669	0.00604	0.00300	0.00351
3	0.01539	0.04576	0.01239	0.01120	0.03919	0.78317	0.00825	0.01653	0.01173	0.01039	0.00652	0.00765	0.00545	0.00429	0.00377	0.00108	0.00740	0.00273	0.00215	0.00495
4	0.00521	0.00372	0.00498	0.00595	0.00623	0.00349	0.00405	0.00600	0.00813	0.01083	0.02312	0.80747	0.02761	0.01309	0.00539	0.00172	0.00251	0.05315	0.00390	0.00344
5	0.00870	0.01018	0.09744	0.47197	0.05681	0.00981	0.26049	0.01193	0.00897	0.01196	0.00782	0.01099	0.00586	0.00396	0.00442	0.00139	0.00610	0.00405	0.00195	0.00521
6	0.03245	0.00920	0.01119	0.00917	0.01091	0.01085	0.02274	0.32825	0.02280	0.03221	0.00915	0.01243	0.00790	0.10982	0.06704	0.00215	0.26370	0.00405	0.00303	0.03096
7	0.00601	0.00450	0.00676	0.00676	0.00751	0.00525	0.00525	0.00751	0.00676	0.00976	0.01126	0.01651	0.01051	0.03153	0.83560	0.00676	0.01126	0.00450	0.00225	0.00375
8	0.00730	0.00365	0.00548	0.00548	0.00548	0.00365	0.00365	0.00548	0.00548	0.00730	0.00730	0.01278	0.00730	0.01460	0.01643	0.87769	0.00365	0.00365	0.00183	0.00183
9	0.14786	0.01027	0.01273	0.23516	0.27429	0.11921	0.00988	0.06077	0.00997	0.06984	0.00801	0.00993	0.00617	0.00415	0.00389	0.00128	0.00511	0.00341	0.00246	0.00563
10	0.01398	0.01004	0.04518	0.00899	0.01216	0.00988	0.05000	0.44404	0.01566	0.16172	0.09677	0.03093	0.03264	0.00555	0.00432	0.00127	0.00419	0.00454	0.00412	0.04403
11	0.00794	0.00747	0.01261	0.84216	0.02895	0.00934	0.01167	0.01074	0.00841	0.01074	0.00747	0.01121	0.00560	0.00420	0.00420	0.00140	0.00560	0.00374	0.00187	0.00467
12	0.01231	0.00948	0.01017	0.00867	0.01116	0.03892	0.00717	0.45564	0.07476	0.02048	0.01638	0.02235	0.08453	0.00719	0.00466	0.00145	0.00423	0.20053	0.00403	0.00590
13	0.00871	0.00820	0.01313	0.54794	0.17579	0.02286	0.02633	0.03217	0.02774	0.01195	0.00923	0.03086	0.02496	0.00472	0.00447	0.00139	0.02199	0.02028	0.00216	0.00511
14	0.02807	0.00754	0.00933	0.00739	0.01022	0.00726	0.00603	0.16353	0.03890	0.50177	0.03764	0.01418	0.01068	0.00601	0.02860	0.00142	0.00375	0.00420	0.10693	0.00653
15	0.00511	0.00371	0.00483	0.00572	0.00606	0.00343	0.00385	0.00587	0.00817	0.01078	0.02473	0.78439	0.09192	0.01297	0.00533	0.00168	0.00241	0.01170	0.00390	0.00343
16	0.00767	0.00654	0.00780	0.02190	0.07643	0.06070	0.01951	0.02665	0.13472	0.02513	0.01900	0.51588	0.02862	0.01028	0.01712	0.00163	0.00345	0.00886	0.00363	0.00448
17	0.00677	0.00517	0.00622	0.00622	0.00728	0.00525	0.00469	0.01017	0.16450	0.01404	0.27779	0.14347	0.08906	0.10732	0.00693	0.00182	0.00286	0.13222	0.00404	0.00419
18	0.00722	0.00531	0.00620	0.00603	0.00734	0.00523	0.00452	0.04564	0.13004	0.04932	0.19471	0.22849	0.22230	0.02830	0.00529	0.00154	0.00264	0.04136	0.00415	0.00437
19	0.01139	0.00896	0.01247	0.01050	0.04489	0.00939	0.15787	0.18567	0.24561	0.08551	0.02956	0.11112	0.01212	0.00592	0.00445	0.00138	0.00420	0.00536	0.04757	0.00605
20	0.01200	0.01039	0.01041	0.00900	0.01153	0.06767	0.00709	0.19359	0.57470	0.01889	0.01465	0.01379	0.01096	0.00550	0.00440	0.00137	0.01902	0.00438	0.00407	0.00660
21	0.00628	0.00485	0.00656	0.00653	0.00721	0.02698	0.00492	0.00754	0.00679	0.00953	0.01144	0.01795	0.01110	0.15534	0.69012	0.00620	0.01007	0.00470	0.00229	0.00360
22	0.00981	0.05928	0.61917	0.02944	0.05172	0.06120	0.01374	0.01385	0.00924	0.06832	0.00799	0.00918	0.00575	0.00413	0.00412	0.00130	0.02043	0.00317	0.00205	0.00611
23	0.00964	0.00920	0.01568	0.28003	0.57782	0.00979	0.01252	0.01223	0.00921	0.01280	0.00777	0.01065	0.00633	0.00389	0.00417	0.00130	0.00518	0.00374	0.00201	0.00604
24	0.01042	0.61205	0.25761	0.00859	0.01295	0.01463	0.00962	0.01280	0.00864	0.01089	0.00634	0.00736	0.00537	0.00371	0.00308	0.00103	0.00500	0.00250	0.00179	0.00563
25	0.00621	0.03822	0.00736	0.00677	0.00764	0.00571	0.00533	0.00771	0.00683	0.00976	0.01105	0.01613	0.01031	0.03042	0.80258	0.00652	0.01099	0.00441	0.00223	0.00382
26	0.00935	0.05009	0.06157	0.00910	0.01116	0.12246	0.10565	0.09772	0.00984	0.01269	0.05590	0.05263	0.02815	0.08113	0.24659	0.00310	0.03081	0.00475	0.00264	0.00466
27	0.01055	0.64062	0.19751	0.00838	0.01241	0.01499	0.00908	0.01265	0.00853	0.01064	0.00620	0.00730	0.00538	0.00383	0.00341	0.00103	0.03764	0.00249	0.00179	0.00554
28	0.00512	0.00375	0.00483	0.00566	0.00607	0.00347	0.00383	0.00591	0.00823	0.01080	0.02553	0.72575	0.13364	0.01318	0.02120	0.00177	0.00257	0.01140	0.00387	0.00344
29	0.00686	0.00573	0.03014	0.00764	0.07171	0.00522	0.00541	0.06587	0.02451	0.01435	0.26038	0.24810	0.15593	0.00957	0.00498	0.00148	0.00285	0.07103	0.00394	0.00430
30	0.00994	0.00818	0.04309	0.02535	0.12187	0.00821	0.07705	0.07703	0.10814	0.09869	0.01192	0.01536	0.02105	0.12025	0.18691	0.00289	0.05129	0.00454	0.00295	0.00530
31	0.01022	0.00993	0.01733	0.07489	0.72160	0.00999	0.06835	0.01281	0.00953	0.01353	0.00792	0.01052	0.00658	0.00376	0.00422	0.00127	0.00518	0.00383	0.00207	0.00647
32	0.00512	0.00368	0.00485	0.00579	0.00608	0.00342	0.00387	0.00586	0.00811	0.01076	0.02394	0.81735	0.05947	0.01307	0.00535	0.00170	0.00243	0.01183	0.00390	0.00342
33	0.01002	0.06586	0.03363	0.33146	0.02212	0.07894	0.29041	0.05411	0.03508	0.01267	0.00805	0.01067	0.00614	0.00408	0.00449	0.00135	0.01948	0.00400	0.00217	0.00530
34	0.01034	0.00930	0.01254	0.11354	0.34616	0.07918	0.00951	0.09242	0.04268	0.04264	0.01257	0.13769	0.04113	0.00597	0.00440	0.00135	0.00462	0.02542	0.00286	0.00567
35	0.00526	0.00421	0.00471	0.00472	0.00589	0.00365	0.00349	0.00655	0.01008	0.01286	0.26277	0.12144	0.51890	0.01032	0.00501	0.00142	0.00212	0.00883	0.00411	0.00365
36	0.01114	0.82645	0.04953	0.00736	0.01104	0.01640	0.00748	0.01261	0.00855	0.01001	0.00590	0.00682	0.00539	0.00361	0.00274	0.00091	0.00455	0.00228	0.00180	0.00542
37	0.01069	0.35624	0.14079	0.08938	0.16116	0.01210	0.00968	0.04393	0.00951	0.06548	0.03123	0.03670	0.00772	0.00435	0.00361	0.00115	0.00476	0.00344	0.00232	0.00576
38	0.13878	0.00737	0.00910	0.00717	0.01022	0.00691	0.00590	0.04368	0.04071	0.62891	0.01479	0.01323	0.00959	0.00502	0.00395	0.00129	0.00349	0.00395	0.03929	0.00664
39	0.00741	0.00639	0.00633	0.00596	0.00740	0.07407	0.00450	0.01079	0.15353	0.01475	0.32885	0.04355	0.24258	0.00811	0.00461	0.00133	0.00273	0.00686	0.06586	0.00439
40	0.08693	0.13521	0.10536	0.03562	0.09125	0.02895	0.10635	0.16445	0.06101	0.04644	0.00996	0.07018	0.00828	0.00489	0.00396	0.00127	0.00475	0.00413	0.02516	0.00583
41	0.01288	0.00804	0.01029	0.04102	0.02930	0.02109	0.04206	0.18229	0.03744	0.24836	0.06023	0.01648	0.04794	0.00593	0.00508	0.00135	0.07688	0.04263	0.10486	0.00583
42	0.00518	0.00398	0.00474	0.00515	0.00596	0.00355	0.00363	0.00622	0.00919	0.01184	0.14400	0.41723	0.34116	0.01154	0.00515	0.00154	0.00225	0.01013	0.00401	0.00355
43	0.01034	0.01139	0.05144	0.08651	0.36416	0.11687	0.17381	0.01305	0.02409	0.01275	0.00867	0.02716	0.00734	0.00536	0.03685	0.00153	0.01834	0.02239	0.00219	0.00577
44	0.02592	0.04141	0.16649	0.12577	0.07340	0.27679	0.05294	0.07665	0.03684	0.03614	0.00787	0.00940	0.00607	0.00440	0.00442	0.00126	0.04300	0.00333	0.00234	0.00556
45	0.04402	0.01155	0.01234	0.00949	0.01283	0.01277	0.00784	0.76865	0.01919	0.04403	0.01010	0.01008	0.00714	0.00501	0.00415	0.00126	0.00456	0.00375	0.00418	0.00707
46	0.01023	0.20282	0.28465	0.01152	0.11403	0.07400	0.02287	0.03166	0.03994	0.03061	0.02587	0.01958	0.00736	0.03228	0.00452	0.00127	0.02371	0.00337	0.00224	0.05747
47	0.04600	0.01226	0.01245	0.13183	0.18071	0.25910	0.00924	0.13557	0.01125	0.01393	0.00858	0.03788	0.00742	0.00591	0.03296	0.00148	0.05705	0.02844	0.00253	0.00541
48	0.00528	0.00377	0.00479	0.00554	0.00581	0.00354	0.00363	0.00591	0.00781	0.01033	0.02262	0.66016	0.07309	0.15713	0.00810	0.00210	0.00270	0.01076	0.00367	0.00327
49	0.00956	0.00908	0.01547	0.28656	0.49828	0.00967	0.04206	0.02708	0.00948	0.01310	0.03419	0.01137	0.00739	0.00407	0.00423	0.00131	0.00516	0.00391	0.00214	0.00591
50	0.06797	0.05144	0.05444	0.09875	0.04600	0.30590	0.13243	0.12894	0.01143	0.01395	0.00741	0.00906	0.00582	0.00434	0.00444	0.00125	0.04523	0.00337	0.00240	0.00542
51	0.00601	0.00430	0.00535	0.00532	0.00623	0.00398	0.00384	0.00766	0.02805	0.03202	0.43795	0.20887	0.15531	0.06847	0.00616	0.00161	0.00231	0.00850	0.00422	0.00381
52	0.00585	0.00403	0.00500	0.00549	0.00571	0.00394	0.00363	0.00638	0.00731	0.00970	0.01810	0.32765	0.02106	0.43096	0.01341	0.00292	0.00345	0.11913	0.00322	0.00305
53	0.12454	0.13542	0.09839	0.00744	0.00966	0.12696	0.00649	0.04229	0.03173	0.01223	0.01151	0.05848	0.04240	0.17568	0.06316	0.00219	0.00508	0.03928	0.00258	0.00448
54	0.00539	0.00426	0.00487	0.00487	0.00604	0.00374	0.00366	0.00677	0.01026	0.01321	0.30195	0.09282	0.47210	0.01017	0.00503	0.00143	0.00218	0.04343	0.00414	0.00369
55	0.00509	0.00426	0.00444	0.00451	0.00584	0.00361	0.00340	0.00622	0.00963	0.01163	0.07732	0.07239	0.72508	0.01069	0.00502	0.00145	0.00220	0.03971	0.00394	0.00358
56	0.00684	0.00566	0.00803	0.17613	0.07581	0.00603	0.00653	0.00958	0.10093	0.01252	0.11171	0.37868	0.04924	0.00912	0.00486	0.00153	0.00335	0.02563	0.00348	0.00437
57	0.01220	0.01286	0.31298	0.00915	0.01317	0.00835	0.00956	0.09802	0.09332	0.26106	0.07207	0.01460	0.05305	0.00532	0.00424	0.00133	0.00444	0.00431	0.00363	0.00634
58	0.00561	0.00429	0.00516	0.00510	0.00621	0.00385	0.00387	0.00720	0.01074	0.01429	0.44916	0.06827	0.32836	0.00974	0.00504	0.00141	0.00218	0.06145	0.00428	0.00378
59	0.88196	0.00813	0.00618	0.00553	0.00813	0.00943	0.00455	0.01236	0.00715	0.01886	0.00585	0.00683	0.00455	0.00390	0.00260	0.00130	0.00325	0.00228	0.00260	0.00455
60	0.01570	0.02004	0.01191	0.01083	0.01300	0.83539	0.00812	0.01679	0.01191	0.01029	0.00650	0.00758	0.00541	0.00433	0.00379	0.00108	0.00758	0.00271	0.00217	0.00487
61	0.00642	0.00482	0.00636	0.00615	0.00644	0.00553	0.00434	0.00710	0.00640	0.00899	0.01160	0.02120	0.01234	0.44099	0.33323	0.00485	0.10241	0.00522	0.00235	0.00324
62	0.00677	0.00484	0.00677	0.00774	0.00871	0.00484	0.00677	0.00871	0.00968	0.01258	0.02226	0.04742	0.02419	0.01161	0.00581	0.00194	0.00387	0.79775	0.00387	0.00387
63	0.01570	0.02004	0.01191	0.01083	0.01300	0.83539	0.00812	0.01679	0.01191	0.01029	0.00650	0.00758	0.00541	0.00433	0.00379	0.00108	0.00758	0.00271	0.00217	0.00487
64	0.01108	0.47759	0.08277	0.04786	0.13956	0.08879	0.02215	0.01362	0.05973	0.01137	0.00718	0.00839	0.00608	0.00388	0.00333	0.00107	0.00501	0.00286	0.00204	0.00566

[dist]
# distance from previous block
# <min> <max>
0	2

[block]
# block no. 4 follows, 63 sequences, length 21
# corresponding to MSA columns:
# 2465-2485
name=unknown_E
#
# <colnr> <probs for GDERKNQSTAVLIFYWHMCP>
#	G	D	E	R	K	N	Q	S	T	A	V	L	I	F	Y	W	H	M	C	P
0	0.04509	0.00947	0.01584	0.16964	0.65184	0.00985	0.01235	0.01250	0.00927	0.01341	0.00775	0.01040	0.00639	0.00383	0.00411	0.00128	0.00503	0.00368	0.00206	0.00622
1	0.00941	0.00988	0.01839	0.05014	0.04134	0.03111	0.48738	0.04423	0.01012	0.01353	0.01291	0.01588	0.10168	0.00480	0.00469	0.00134	0.00575	0.04069	0.00252	0.09420
2	0.01367	0.00623	0.00820	0.00672	0.00911	0.00561	0.00538	0.01600	0.05877	0.48808	0.28344	0.02086	0.04620	0.00652	0.00449	0.00132	0.00299	0.00552	0.00492	0.00596
3	0.02310	0.00979	0.04757	0.05803	0.18391	0.00948	0.27703	0.06164	0.05966	0.03772	0.01095	0.09713	0.00969	0.00538	0.00507	0.00142	0.04744	0.03534	0.00268	0.01694
4	0.88196	0.00813	0.00618	0.00553	0.00813	0.00943	0.00455	0.01236	0.00715	0.01886	0.00585	0.00683	0.00455	0.00390	0.00260	0.00130	0.00325	0.00228	0.00260	0.00455
5	0.00551	0.00417	0.00441	0.00441	0.00516	0.00380	0.00289	0.00607	0.00793	0.00983	0.02863	0.03430	0.43948	0.41099	0.01278	0.00268	0.00306	0.00756	0.00326	0.00307
6	0.01009	0.00981	0.01714	0.11706	0.67585	0.00996	0.07279	0.01270	0.00947	0.01338	0.00790	0.01057	0.00652	0.00378	0.00423	0.00128	0.00522	0.00384	0.00206	0.00636
7	0.00512	0.00368	0.00485	0.00579	0.00608	0.00342	0.00387	0.00586	0.00811	0.01076	0.02398	0.81584	0.06096	0.01307	0.00535	0.00170	0.00243	0.01182	0.00390	0.00342
8	0.01456	0.11119	0.03885	0.01195	0.14329	0.10566	0.00875	0.39564	0.01481	0.10096	0.00941	0.00985	0.00694	0.00457	0.00397	0.00120	0.00495	0.00350	0.00338	0.00658
9	0.01391	0.01054	0.01130	0.00916	0.01213	0.01179	0.00740	0.47532	0.33246	0.05065	0.01307	0.01243	0.00949	0.00531	0.00423	0.00133	0.00408	0.00418	0.00427	0.00696
10	0.00511	0.00369	0.00485	0.00578	0.00608	0.00342	0.00387	0.00586	0.00812	0.01076	0.02407	0.81214	0.06461	0.01305	0.00535	0.00169	0.00242	0.01181	0.00390	0.00342
11	0.03522	0.01226	0.01731	0.01325	0.01649	0.17554	0.38596	0.03684	0.14026	0.03991	0.00955	0.01103	0.00728	0.00429	0.00480	0.00133	0.04100	0.00420	0.00265	0.04083
12	0.00922	0.00878	0.01493	0.41680	0.44427	0.00968	0.01231	0.01187	0.00901	0.01230	0.00770	0.01079	0.00615	0.00396	0.00418	0.00132	0.00529	0.00374	0.00198	0.00571
13	0.00512	0.00366	0.00488	0.00585	0.00610	0.00341	0.00390	0.00585	0.00805	0.01073	0.02317	0.84952	0.02780	0.01317	0.00537	0.00171	0.00244	0.01195	0.00390	0.00341
14	0.01454	0.00946	0.01158	0.01153	0.15807	0.04096	0.00788	0.18473	0.18380	0.29377	0.01394	0.01331	0.02660	0.00510	0.00422	0.00130	0.00412	0.00420	0.00409	0.00679
15	0.00614	0.00414	0.00484	0.00496	0.00507	0.00415	0.00303	0.00637	0.00651	0.00867	0.01431	0.05394	0.01635	0.73114	0.03933	0.00388	0.00418	0.07755	0.00270	0.00272
16	0.00626	0.00484	0.00584	0.00586	0.00707	0.00464	0.00460	0.00889	0.08842	0.01430	0.33375	0.06234	0.25102	0.00967	0.00509	0.00150	0.00257	0.17507	0.00421	0.00407
17	0.01001	0.00958	0.01635	0.15694	0.69800	0.00988	0.01270	0.01255	0.00938	0.01325	0.00784	0.01053	0.00649	0.00382	0.00417	0.00127	0.00509	0.00374	0.00205	0.00634
18	0.04095	0.41983	0.01638	0.00809	0.01138	0.01405	0.00722	0.24642	0.14573	0.03852	0.00923	0.00940	0.00724	0.00442	0.00343	0.00112	0.00427	0.00316	0.00303	0.00613
19	0.01302	0.17282	0.12021	0.00961	0.01315	0.09146	0.03932	0.33298	0.09515	0.03272	0.01032	0.01063	0.03074	0.00474	0.00391	0.00121	0.00496	0.00360	0.00318	0.00627
20	0.03743	0.02581	0.01245	0.02367	0.23406	0.13263	0.02954	0.12512	0.12424	0.08663	0.11438	0.01357	0.01184	0.00503	0.00419	0.00127	0.00459	0.00423	0.00330	0.00602

[dist]
# distance from previous block
# <min> <max>
2	4

[block]
# block no. 5 follows, 63 sequences, length 153
# corresponding to MSA columns:
# 2490-2642
name=unknown_F
#
# <colnr> <probs for GDERKNQSTAVLIFYWHMCP>
#	G	D	E	R	K	N	Q	S	T	A	V	L	I	F	Y	W	H	M	C	P
0	0.01322	0.01063	0.01105	0.00915	0.01199	0.03440	0.00733	0.39638	0.41778	0.02161	0.01349	0.01281	0.00994	0.00535	0.00423	0.00134	0.00406	0.00424	0.00419	0.00684
1	0.00609	0.00406	0.00459	0.00462	0.00463	0.00406	0.00258	0.00611	0.00617	0.00822	0.01351	0.04975	0.01562	0.82956	0.02096	0.00401	0.00403	0.00627	0.00258	0.00257
2	0.00511	0.00369	0.00484	0.00577	0.00607	0.00342	0.00386	0.00586	0.00813	0.01076	0.02422	0.80587	0.07078	0.01303	0.00534	0.00169	0.00242	0.01178	0.00390	0.00342
3	0.01060	0.01157	0.01310	0.01123	0.01185	0.18699	0.03803	0.01165	0.00772	0.01027	0.00583	0.00893	0.00553	0.00658	0.01136	0.00166	0.63694	0.00352	0.00192	0.00470
4	0.00657	0.00478	0.00672	0.00649	0.00718	0.00539	0.00492	0.00789	0.00761	0.03285	0.14297	0.02006	0.01563	0.14972	0.50199	0.00500	0.06256	0.00519	0.00273	0.00375
5	0.00548	0.00422	0.00500	0.00492	0.00602	0.00375	0.00365	0.00698	0.01062	0.01408	0.43567	0.10824	0.35653	0.00983	0.00500	0.00140	0.00208	0.00851	0.00427	0.00375
6	0.00843	0.02174	0.83048	0.01198	0.01819	0.00976	0.01553	0.01331	0.00888	0.01331	0.00754	0.00888	0.00533	0.00399	0.00399	0.00133	0.00621	0.00311	0.00178	0.00621
7	0.00970	0.00933	0.01606	0.25241	0.58041	0.00983	0.03650	0.01232	0.00926	0.01289	0.00780	0.01066	0.00636	0.00387	0.00420	0.00130	0.00523	0.00378	0.00202	0.00608
8	0.00544	0.00432	0.00481	0.00479	0.00594	0.00385	0.00350	0.00692	0.02995	0.01269	0.24061	0.10716	0.48426	0.05973	0.00595	0.00158	0.00226	0.00855	0.00402	0.00366
9	0.00536	0.00421	0.00484	0.00482	0.00595	0.00369	0.00356	0.00674	0.01030	0.01339	0.33834	0.12361	0.43993	0.01013	0.00501	0.00141	0.00211	0.00872	0.00418	0.00369
10	0.00809	0.00755	0.01261	0.82612	0.02865	0.00941	0.01160	0.02618	0.00862	0.01104	0.00752	0.01119	0.00563	0.00422	0.00420	0.00140	0.00558	0.00374	0.00191	0.00472
11	0.01953	0.01162	0.12898	0.03958	0.01258	0.14769	0.07017	0.03518	0.19024	0.01384	0.08489	0.08459	0.08867	0.00638	0.00487	0.00138	0.04620	0.00527	0.00313	0.00524
12	0.01255	0.01210	0.01421	0.05959	0.22433	0.19036	0.07988	0.16936	0.04992	0.04474	0.00925	0.01170	0.00748	0.00483	0.00484	0.00131	0.05823	0.03661	0.00278	0.00594
13	0.00614	0.00436	0.00602	0.00602	0.00659	0.00487	0.00441	0.00728	0.00671	0.00969	0.01192	0.01933	0.01177	0.24369	0.57458	0.00572	0.00884	0.00489	0.05372	0.00345
14	0.00930	0.00762	0.00921	0.02966	0.03652	0.00609	0.00560	0.03747	0.00924	0.04254	0.00823	0.00996	0.00681	0.00349	0.00331	0.00074	0.00332	0.02087	0.00264	0.74737
15	0.02438	0.26794	0.36949	0.01721	0.01472	0.01898	0.02236	0.16514	0.01095	0.04076	0.00779	0.00866	0.00586	0.00411	0.00365	0.00119	0.00529	0.00303	0.00237	0.00612
16	0.00619	0.00439	0.00550	0.00554	0.00628	0.00436	0.00391	0.00753	0.03403	0.03333	0.14659	0.18166	0.14297	0.21402	0.18149	0.00319	0.00460	0.00743	0.00340	0.00359
17	0.13294	0.04660	0.00867	0.00752	0.00899	0.15019	0.01976	0.01960	0.02964	0.02302	0.01088	0.11309	0.01034	0.01459	0.28085	0.00312	0.05202	0.00460	0.05925	0.00434
18	0.26206	0.16366	0.05876	0.00924	0.06121	0.06635	0.02147	0.17297	0.04476	0.04862	0.01731	0.00897	0.00650	0.00441	0.00383	0.00123	0.03707	0.00308	0.00283	0.00567
19	0.00611	0.00408	0.00461	0.00460	0.00462	0.00407	0.00258	0.00615	0.00625	0.00835	0.03180	0.02760	0.01584	0.83295	0.02102	0.00401	0.00403	0.00615	0.00259	0.00258
20	0.00653	0.00487	0.00585	0.00579	0.00695	0.00470	0.00434	0.00932	0.11347	0.03550	0.33033	0.19892	0.19677	0.00966	0.00498	0.00147	0.00242	0.04968	0.00426	0.00419
21	0.01083	0.46153	0.17767	0.03024	0.07166	0.05684	0.05449	0.04788	0.02034	0.01192	0.00737	0.00854	0.01650	0.00392	0.00339	0.00109	0.00516	0.00292	0.00202	0.00568
22	0.03415	0.41110	0.39698	0.00979	0.01460	0.01301	0.04281	0.01295	0.00871	0.01187	0.00674	0.00792	0.00538	0.00379	0.00339	0.00113	0.00536	0.00275	0.00182	0.00576
23	0.00511	0.00369	0.00485	0.00577	0.00608	0.00342	0.00387	0.00586	0.00813	0.01076	0.02417	0.80796	0.06872	0.01304	0.00535	0.00169	0.00242	0.01179	0.00390	0.00342
24	0.01272	0.02573	0.27134	0.03360	0.11761	0.10399	0.01088	0.21068	0.02283	0.11693	0.00927	0.01002	0.00669	0.00451	0.00429	0.00128	0.02485	0.00349	0.00292	0.00638
25	0.03428	0.03057	0.01156	0.07908	0.22921	0.06816	0.00795	0.06337	0.01015	0.06150	0.06713	0.01206	0.00931	0.03227	0.00437	0.00117	0.00422	0.00364	0.03014	0.23985
26	0.00612	0.00414	0.00503	0.00512	0.00605	0.00378	0.00372	0.00755	0.00995	0.03651	0.31163	0.25970	0.19397	0.00973	0.00479	0.00141	0.00218	0.00851	0.11631	0.00381
27	0.00929	0.01102	0.15285	0.00913	0.01162	0.10739	0.07239	0.08652	0.11236	0.01417	0.06519	0.21265	0.02980	0.02927	0.00511	0.00148	0.01799	0.01731	0.02939	0.00507
28	0.05735	0.41429	0.14021	0.00984	0.05974	0.02230	0.05665	0.03248	0.02455	0.07693	0.02259	0.00899	0.00669	0.00417	0.00391	0.00114	0.04713	0.00304	0.00231	0.00570
29	0.00703	0.00472	0.00593	0.00593	0.00700	0.00447	0.00440	0.03753	0.03705	0.07388	0.27525	0.33338	0.12447	0.01022	0.00505	0.00151	0.00253	0.05125	0.00425	0.00415
30	0.25520	0.00888	0.03479	0.00839	0.01095	0.00929	0.08280	0.15282	0.08209	0.08607	0.15321	0.01380	0.01269	0.00542	0.00465	0.00136	0.06440	0.00424	0.00348	0.00546
31	0.01184	0.01281	0.01476	0.04448	0.49707	0.26359	0.01093	0.01425	0.04221	0.01263	0.00792	0.00994	0.00660	0.00479	0.02725	0.00136	0.00592	0.00349	0.00219	0.00597
32	0.00534	0.00416	0.00478	0.00488	0.00587	0.00371	0.00351	0.00650	0.00952	0.01226	0.21947	0.17962	0.41684	0.07258	0.03035	0.00180	0.00256	0.00879	0.00393	0.00356
33	0.01404	0.04421	0.01181	0.00895	0.01199	0.03139	0.00737	0.59280	0.07485	0.02297	0.03822	0.01359	0.05300	0.00556	0.00422	0.00127	0.00432	0.02561	0.00401	0.02984
34	0.00537	0.00419	0.00484	0.00490	0.00597	0.00370	0.00360	0.00666	0.00998	0.01291	0.28023	0.15779	0.42186	0.03388	0.00550	0.00152	0.00222	0.02714	0.00409	0.00364
35	0.06029	0.13341	0.62882	0.01126	0.01680	0.01072	0.05666	0.01317	0.00879	0.01318	0.00727	0.00860	0.00535	0.00391	0.00379	0.00128	0.00585	0.00304	0.00185	0.00597
36	0.01066	0.01133	0.01921	0.01451	0.01728	0.07638	0.44736	0.05788	0.02117	0.02618	0.00783	0.01047	0.00626	0.00484	0.00735	0.00150	0.24781	0.00433	0.00224	0.00542
37	0.00559	0.00407	0.00507	0.00532	0.00614	0.00368	0.00380	0.00683	0.00976	0.02612	0.29783	0.37488	0.21363	0.01092	0.00512	0.00150	0.00223	0.00965	0.00417	0.00369
38	0.01007	0.01517	0.41228	0.01108	0.01553	0.02972	0.12210	0.07490	0.03332	0.09182	0.11618	0.01307	0.01090	0.00527	0.01880	0.00142	0.00545	0.00417	0.00280	0.00594
39	0.01225	0.01125	0.01246	0.04348	0.03410	0.20862	0.13629	0.15076	0.06313	0.08895	0.04150	0.12362	0.01921	0.00588	0.00439	0.00132	0.00512	0.00509	0.02711	0.00548
40	0.01019	0.53241	0.31599	0.00918	0.01374	0.01400	0.02884	0.01287	0.00869	0.01122	0.00652	0.00762	0.00539	0.00374	0.00322	0.00107	0.00518	0.00262	0.00180	0.00570
41	0.00841	0.00422	0.00449	0.00430	0.00543	0.00409	0.00322	0.01017	0.00904	0.08110	0.03598	0.01814	0.06064	0.05522	0.00430	0.00122	0.00223	0.00446	0.67924	0.00408
42	0.00992	0.04204	0.10658	0.13332	0.25813	0.06744	0.08900	0.03447	0.02956	0.01265	0.00865	0.03209	0.02179	0.00485	0.00564	0.00138	0.13070	0.00399	0.00217	0.00563
43	0.00987	0.23182	0.56873	0.01046	0.01580	0.01126	0.01277	0.01363	0.00901	0.06899	0.00774	0.00871	0.00570	0.00398	0.00368	0.00122	0.00559	0.00297	0.00202	0.00607
44	0.00611	0.00428	0.00552	0.00558	0.00592	0.00456	0.00381	0.00679	0.00657	0.00902	0.01308	0.02470	0.01408	0.49654	0.32103	0.00493	0.00672	0.05515	0.00252	0.00308
45	0.04560	0.00887	0.04558	0.02990	0.01080	0.05459	0.03039	0.16208	0.06669	0.11011	0.05657	0.04240	0.06230	0.00747	0.04763	0.00163	0.08461	0.02843	0.09902	0.00535
46	0.01059	0.05675	0.09697	0.08111	0.25249	0.05629	0.26811	0.06959	0.03239	0.01395	0.00822	0.01038	0.00641	0.00395	0.00442	0.00131	0.01488	0.00397	0.00225	0.00599
47	0.02402	0.01129	0.04045	0.17020	0.20950	0.09894	0.02467	0.24627	0.05757	0.06235	0.00928	0.01059	0.00694	0.00447	0.00414	0.00128	0.00516	0.00371	0.00296	0.00620
48	0.00526	0.00427	0.00467	0.00457	0.00586	0.00367	0.00343	0.00660	0.01028	0.01300	0.27649	0.03775	0.58940	0.01003	0.00497	0.00139	0.00209	0.00849	0.00412	0.00367
49	0.04670	0.07680	0.15319	0.02732	0.18208	0.04318	0.00911	0.12109	0.03573	0.03803	0.11866	0.03850	0.03860	0.02860	0.00463	0.00136	0.00445	0.02337	0.00297	0.00564
50	0.03765	0.06711	0.01183	0.02989	0.03124	0.54112	0.00772	0.08499	0.01184	0.03814	0.00972	0.01118	0.05412	0.00541	0.01947	0.00126	0.00644	0.02320	0.00257	0.00508
51	0.00713	0.00475	0.00589	0.00563	0.00688	0.00440	0.00430	0.04019	0.01105	0.07631	0.40152	0.13354	0.18637	0.00929	0.00493	0.00142	0.00242	0.06313	0.02666	0.00417
52	0.00873	0.05842	0.25034	0.01242	0.12950	0.03607	0.13029	0.01231	0.06047	0.01373	0.15314	0.01626	0.06738	0.02695	0.00478	0.00138	0.00487	0.00477	0.00270	0.00547
53	0.01023	0.06217	0.03199	0.30312	0.01802	0.03739	0.05596	0.11676	0.19422	0.03622	0.01102	0.04542	0.00881	0.02525	0.02413	0.00154	0.00498	0.00431	0.00293	0.00553
54	0.01518	0.01161	0.01358	0.01039	0.01375	0.03145	0.08813	0.67136	0.01812	0.04474	0.01035	0.01131	0.00759	0.00507	0.00432	0.00129	0.00489	0.02603	0.00397	0.00686
55	0.00562	0.00421	0.00497	0.00523	0.00596	0.00393	0.00365	0.00686	0.03136	0.01160	0.14922	0.27686	0.24823	0.17853	0.00837	0.00204	0.00270	0.04343	0.00375	0.00347
56	0.00994	0.20541	0.40250	0.01147	0.03449	0.01146	0.11807	0.02897	0.09073	0.03598	0.00856	0.00962	0.00644	0.00406	0.00387	0.00125	0.00552	0.00338	0.00223	0.00605
57	0.00804	0.00738	0.03282	0.08433	0.16148	0.00722	0.04774	0.06157	0.06059	0.01423	0.15493	0.02296	0.23861	0.01829	0.00508	0.00139	0.03142	0.00595	0.03102	0.00493
58	0.88196	0.00813	0.00618	0.00553	0.00813	0.00943	0.00455	0.01236	0.00715	0.01886	0.00585	0.00683	0.00455	0.00390	0.00260	0.00130	0.00325	0.00228	0.00260	0.00455
59	0.01310	0.03367	0.01349	0.09148	0.26890	0.41231	0.00968	0.01482	0.01072	0.05735	0.00859	0.01007	0.02894	0.00434	0.00398	0.00118	0.00614	0.00337	0.00232	0.00552
60	0.00512	0.00366	0.00488	0.00585	0.00610	0.00341	0.00390	0.00585	0.00805	0.01073	0.02317	0.84952	0.02780	0.01317	0.00537	0.00171	0.00244	0.01195	0.00390	0.00341
61	0.01566	0.01160	0.01262	0.04264	0.01367	0.01289	0.00814	0.78029	0.01932	0.02587	0.00999	0.01014	0.00709	0.00501	0.00421	0.00127	0.00466	0.00378	0.00411	0.00705
62	0.01115	0.48159	0.06292	0.05971	0.12797	0.09979	0.03133	0.02009	0.00908	0.01097	0.00649	0.00800	0.00563	0.00395	0.00380	0.00108	0.04623	0.00280	0.00191	0.00551
63	0.01070	0.03838	0.10775	0.00907	0.04769	0.03153	0.02988	0.22271	0.05014	0.03225	0.10950	0.01413	0.05730	0.00507	0.00401	0.00113	0.00407	0.00415	0.00327	0.21727
64	0.06907	0.01329	0.20548	0.01241	0.12526	0.01114	0.05036	0.36492	0.05372	0.01969	0.00949	0.02943	0.00720	0.00469	0.00411	0.00131	0.00497	0.00382	0.00313	0.00651
65	0.01089	0.05619	0.08312	0.06449	0.41142	0.15666	0.03309	0.03847	0.01008	0.01297	0.01981	0.02456	0.00756	0.00510	0.02682	0.00140	0.00567	0.02359	0.00223	0.00588
66	0.00598	0.00434	0.00531	0.00549	0.00563	0.00451	0.00354	0.00635	0.00696	0.00936	0.02488	0.29533	0.05090	0.47211	0.01477	0.00300	0.06754	0.00796	0.00301	0.00304
67	0.00966	0.09412	0.01375	0.01064	0.01109	0.04582	0.00895	0.01063	0.00686	0.01010	0.00559	0.00889	0.00550	0.00686	0.01229	0.00172	0.72748	0.00350	0.00185	0.00469
68	0.00900	0.00764	0.00887	0.00636	0.01008	0.00590	0.00510	0.04232	0.00915	0.01420	0.00758	0.00877	0.00626	0.00319	0.00316	0.00065	0.00317	0.00254	0.00256	0.84348
69	0.00981	0.13620	0.13937	0.12015	0.13252	0.01034	0.07001	0.13159	0.01034	0.01395	0.01019	0.14182	0.00949	0.00572	0.00461	0.01168	0.02933	0.00481	0.00256	0.00552
70	0.01124	0.85479	0.02203	0.00719	0.01079	0.01663	0.00719	0.01259	0.00854	0.00989	0.00584	0.00674	0.00539	0.00360	0.00270	0.00090	0.00450	0.00225	0.00180	0.00539
71	0.00942	0.00953	0.03860	0.37609	0.25621	0.03230	0.15277	0.01220	0.00920	0.03137	0.00833	0.03009	0.00665	0.00418	0.00433	0.00135	0.00564	0.00411	0.00211	0.00550
72	0.00554	0.00427	0.00489	0.00482	0.00584	0.00384	0.00347	0.00690	0.01920	0.01295	0.31853	0.08283	0.38033	0.11959	0.00712	0.00175	0.00236	0.00819	0.00399	0.00360
