[name]
unknown

[dist]
# distance from previous block
# <min> <max>
54	246

[block]
# block no. 0 follows, 85 sequences, length 25
# corresponding to MSA columns:
# 986-1010
name=unknown_A
#
# <colnr> <probs for GDERKNQSTAVLIFYWHMCP>
#	G	D	E	R	K	N	Q	S	T	A	V	L	I	F	Y	W	H	M	C	P
0	0.00462	0.00338	0.00433	0.00412	0.00492	0.00310	0.00308	0.00610	0.00918	0.01284	0.77039	0.04196	0.10553	0.00701	0.00393	0.00106	0.00158	0.00617	0.00360	0.00310
1	0.00463	0.00335	0.00437	0.00420	0.00494	0.00309	0.00312	0.00610	0.00911	0.01283	0.77236	0.09888	0.04624	0.00714	0.00395	0.00107	0.00160	0.00633	0.00360	0.00309
2	0.00901	0.85389	0.01712	0.00579	0.00859	0.04402	0.00571	0.01007	0.00685	0.00783	0.00464	0.00535	0.00426	0.00286	0.00216	0.00072	0.00364	0.00179	0.00143	0.00425
3	0.00420	0.00331	0.00379	0.00387	0.00474	0.00290	0.00286	0.00521	0.00787	0.01011	0.25679	0.17429	0.47030	0.00833	0.00400	0.00115	0.00173	0.02844	0.00324	0.00288
4	0.90669	0.00643	0.00488	0.00437	0.00643	0.00745	0.00360	0.00977	0.00566	0.01491	0.00463	0.00540	0.00360	0.00308	0.00206	0.00103	0.00257	0.00180	0.00206	0.00360
5	0.00791	0.02976	0.01019	0.00842	0.00879	0.01002	0.00703	0.07955	0.00614	0.03084	0.00498	0.00749	0.00464	0.00590	0.02596	0.00146	0.74245	0.00291	0.00168	0.00386
6	0.00904	0.72769	0.08051	0.00667	0.04877	0.01201	0.00635	0.01037	0.00697	0.05817	0.00529	0.00594	0.00454	0.00295	0.00233	0.00077	0.00363	0.00197	0.00159	0.00444
7	0.00729	0.00591	0.00715	0.00662	0.04616	0.01626	0.04399	0.16675	0.20729	0.01351	0.20518	0.12598	0.09943	0.00588	0.00364	0.00109	0.00261	0.00510	0.02598	0.00418
8	0.00780	0.00462	0.00549	0.00491	0.00629	0.00459	0.00385	0.03937	0.15425	0.17434	0.26041	0.03149	0.05901	0.00546	0.00341	0.00103	0.00214	0.04341	0.18410	0.00403
9	0.01199	0.00899	0.00961	0.00752	0.01006	0.01001	0.00616	0.72925	0.13882	0.01991	0.00879	0.00863	0.00631	0.00407	0.00333	0.00102	0.00351	0.00310	0.00333	0.00559
10	0.00574	0.00369	0.00475	0.00433	0.00533	0.00339	0.00330	0.02102	0.00938	0.09032	0.71109	0.02347	0.07198	0.00654	0.00383	0.00104	0.00172	0.00572	0.01997	0.00339
11	0.00941	0.00752	0.00801	0.00681	0.00884	0.00851	0.00540	0.27873	0.52657	0.01604	0.05075	0.01158	0.00966	0.00443	0.00335	0.00107	0.00287	0.00360	0.03163	0.00522
12	0.00738	0.00589	0.00694	0.00498	0.00791	0.00446	0.00400	0.00885	0.00705	0.06329	0.00635	0.00716	0.00512	0.00256	0.00252	0.00053	0.00248	0.00205	0.00210	0.84838
13	0.00456	0.00339	0.00425	0.00403	0.00488	0.00308	0.00303	0.00600	0.00908	0.01254	0.71122	0.02612	0.18136	0.00709	0.00392	0.00106	0.00159	0.00619	0.00355	0.00308
14	0.00433	0.00335	0.00401	0.00395	0.00482	0.00303	0.00294	0.00550	0.00816	0.01081	0.40078	0.09392	0.37206	0.00886	0.05727	0.00137	0.00209	0.00654	0.00326	0.00295
15	0.00888	0.88522	0.01741	0.00569	0.00853	0.01315	0.00569	0.00995	0.00675	0.00782	0.00462	0.00533	0.00426	0.00284	0.00213	0.00071	0.00355	0.00178	0.00142	0.00426
16	0.90669	0.00643	0.00488	0.00437	0.00643	0.00745	0.00360	0.00977	0.00566	0.01491	0.00463	0.00540	0.00360	0.00308	0.00206	0.00103	0.00257	0.00180	0.00206	0.00360
17	0.00460	0.00343	0.00434	0.00486	0.00554	0.00323	0.00384	0.00563	0.00717	0.00914	0.02190	0.25210	0.25211	0.04882	0.00487	0.00145	0.00240	0.35868	0.00303	0.00285
18	0.00780	0.00561	0.00595	0.00526	0.00676	0.00613	0.00411	0.15766	0.30230	0.01432	0.08422	0.01359	0.05026	0.00457	0.00307	0.00097	0.00230	0.00374	0.31712	0.00428
19	0.00409	0.00292	0.00389	0.00464	0.00484	0.00274	0.00311	0.00468	0.00636	0.00847	0.01814	0.84446	0.02171	0.02800	0.00451	0.00139	0.00198	0.02830	0.00306	0.00269
20	0.00893	0.00682	0.00836	0.05820	0.13867	0.03576	0.00595	0.29093	0.03427	0.07363	0.06117	0.14597	0.06371	0.00589	0.02628	0.00119	0.00335	0.02353	0.00289	0.00450
21	0.00871	0.00858	0.01280	0.05824	0.70907	0.08494	0.00964	0.04845	0.00805	0.01096	0.00621	0.00804	0.00515	0.00307	0.00327	0.00098	0.00414	0.00289	0.00172	0.00508
22	0.01119	0.00988	0.01102	0.00901	0.04954	0.15458	0.12268	0.43875	0.04055	0.03678	0.00737	0.00794	0.00547	0.00363	0.00340	0.00097	0.01599	0.00294	0.00265	0.06568
23	0.00992	0.00732	0.00803	0.00667	0.00874	0.00806	0.00533	0.33834	0.34596	0.07872	0.13480	0.01242	0.01136	0.00461	0.00343	0.00106	0.00289	0.00376	0.00345	0.00513
24	0.00588	0.00471	0.00682	0.23286	0.05634	0.00517	0.00599	0.01645	0.07030	0.00982	0.03995	0.10555	0.01356	0.06925	0.00484	0.00142	0.00324	0.31175	0.03265	0.00343

[dist]
# distance from previous block
# <min> <max>
1	1

[block]
# block no. 1 follows, 85 sequences, length 17
# corresponding to MSA columns:
# 1025-1041
name=unknown_B
#
# <colnr> <probs for GDERKNQSTAVLIFYWHMCP>
#	G	D	E	R	K	N	Q	S	T	A	V	L	I	F	Y	W	H	M	C	P
0	0.01015	0.01046	0.00835	0.00739	0.00924	0.33349	0.00570	0.11837	0.38091	0.01256	0.06151	0.01019	0.00867	0.00417	0.00326	0.00100	0.00396	0.00319	0.00276	0.00465
1	0.03264	0.02690	0.00759	0.05729	0.05231	0.09394	0.02110	0.00758	0.00597	0.00815	0.02219	0.02250	0.00798	0.32052	0.03455	0.00199	0.21118	0.00357	0.00181	0.06024
2	0.00447	0.00341	0.00452	0.00460	0.00525	0.00355	0.00344	0.00543	0.00612	0.00821	0.04453	0.11629	0.22542	0.08043	0.46473	0.00354	0.00565	0.00526	0.00233	0.00283
3	0.13084	0.00658	0.00766	0.00601	0.00849	0.04188	0.00494	0.10731	0.00968	0.62522	0.01111	0.00995	0.00717	0.00394	0.00316	0.00102	0.00302	0.00305	0.00366	0.00531
4	0.90669	0.00643	0.00488	0.00437	0.00643	0.00745	0.00360	0.00977	0.00566	0.01491	0.00463	0.00540	0.00360	0.00308	0.00206	0.00103	0.00257	0.00180	0.00206	0.00360
5	0.05585	0.07690	0.01225	0.12772	0.36585	0.03512	0.08022	0.05224	0.00800	0.13146	0.00702	0.00834	0.00536	0.00326	0.00330	0.00100	0.01631	0.00292	0.00206	0.00483
6	0.00473	0.00329	0.00426	0.00437	0.00464	0.00347	0.00295	0.00529	0.00531	0.00739	0.01109	0.14593	0.01209	0.41901	0.31967	0.00362	0.00501	0.00501	0.03040	0.00249
7	0.00411	0.00305	0.00384	0.00440	0.00484	0.00278	0.00306	0.00482	0.00681	0.00888	0.06341	0.63375	0.19310	0.00978	0.00417	0.00129	0.00190	0.04013	0.00311	0.00276
8	0.01300	0.11024	0.01115	0.00876	0.01089	0.51866	0.00677	0.19619	0.04663	0.01257	0.02441	0.00888	0.00666	0.00449	0.00360	0.00114	0.00540	0.00289	0.00261	0.00504
9	0.02777	0.13272	0.10400	0.07037	0.09070	0.09773	0.11238	0.05438	0.02843	0.05742	0.03158	0.02237	0.00599	0.00387	0.00441	0.00106	0.14555	0.00298	0.00191	0.00437
10	0.00724	0.00728	0.07392	0.00945	0.03970	0.00628	0.26406	0.00850	0.00787	0.01094	0.02958	0.36993	0.05249	0.00739	0.00487	0.00146	0.05141	0.00657	0.03675	0.00431
11	0.00409	0.00324	0.00363	0.00380	0.00459	0.00283	0.00272	0.00491	0.00736	0.00925	0.12622	0.25081	0.50921	0.04637	0.00457	0.00126	0.00180	0.00743	0.00311	0.00278
12	0.02213	0.04271	0.21011	0.11622	0.18512	0.02264	0.13207	0.04942	0.02895	0.06577	0.01748	0.00955	0.03348	0.02253	0.01882	0.00116	0.01212	0.00317	0.00193	0.00460
13	0.03242	0.27800	0.07450	0.01086	0.21842	0.08629	0.10837	0.03116	0.02627	0.05181	0.00653	0.03449	0.00549	0.00336	0.00311	0.00094	0.01877	0.00281	0.00182	0.00459
14	0.00692	0.00536	0.00727	0.01689	0.08423	0.03198	0.04608	0.05793	0.02656	0.06456	0.03967	0.08546	0.01039	0.18386	0.16523	0.02590	0.06068	0.04694	0.00230	0.03181
15	0.00436	0.00307	0.00386	0.00434	0.00472	0.00283	0.00293	0.00496	0.00656	0.02595	0.04963	0.61456	0.14784	0.10129	0.00549	0.00149	0.00203	0.00835	0.00301	0.00272
16	0.00825	0.06046	0.15640	0.03279	0.23035	0.04483	0.07503	0.02814	0.04238	0.09962	0.04348	0.06162	0.04563	0.00411	0.00355	0.00103	0.02844	0.00358	0.00219	0.02812

[dist]
# distance from previous block
# <min> <max>
1	57

[block]
# block no. 2 follows, 85 sequences, length 10
# corresponding to MSA columns:
# 1121-1130
name=unknown_C
#
# <colnr> <probs for GDERKNQSTAVLIFYWHMCP>
#	G	D	E	R	K	N	Q	S	T	A	V	L	I	F	Y	W	H	M	C	P
0	0.00626	0.07171	0.10400	0.00535	0.00702	0.02573	0.00469	0.06088	0.07785	0.04085	0.11959	0.16464	0.24022	0.03469	0.02056	0.00124	0.00275	0.00549	0.00282	0.00366
1	0.00694	0.00649	0.09800	0.02861	0.00811	0.02324	0.02057	0.02543	0.03907	0.08773	0.11568	0.06063	0.15073	0.00482	0.00324	0.00090	0.00268	0.00406	0.03438	0.27871
2	0.03617	0.00653	0.00803	0.00693	0.06467	0.03306	0.05667	0.10857	0.04722	0.04193	0.00969	0.05382	0.07224	0.00502	0.05167	0.00106	0.00330	0.00326	0.00236	0.38779
3	0.00600	0.00496	0.00702	0.07199	0.11017	0.01549	0.03139	0.03785	0.03312	0.00935	0.02906	0.18280	0.03256	0.13921	0.14471	0.00214	0.06921	0.01692	0.05269	0.00339
4	0.00664	0.00528	0.00744	0.04162	0.13551	0.02818	0.04607	0.07217	0.00700	0.03968	0.03494	0.06320	0.00991	0.23476	0.23013	0.00273	0.00492	0.02418	0.00216	0.00349
5	0.00661	0.00600	0.06243	0.05393	0.16302	0.00525	0.06599	0.04368	0.00826	0.06491	0.20672	0.05247	0.17405	0.03194	0.00410	0.00115	0.00296	0.03993	0.00270	0.00391
6	0.00636	0.05197	0.00775	0.03516	0.23204	0.00539	0.00536	0.05475	0.00839	0.03340	0.21969	0.05299	0.26198	0.00585	0.00361	0.00105	0.00259	0.00507	0.00275	0.00387
7	0.00940	0.01917	0.04576	0.14095	0.29261	0.03743	0.03729	0.12158	0.08702	0.13329	0.00842	0.03805	0.00652	0.00372	0.00334	0.00104	0.00380	0.00328	0.00239	0.00495
8	0.00933	0.05043	0.01319	0.03160	0.41761	0.03624	0.12467	0.20643	0.05467	0.01306	0.00698	0.00829	0.00549	0.00328	0.00333	0.00100	0.00409	0.00306	0.00212	0.00512
9	0.00820	0.00802	0.08065	0.19184	0.33696	0.02839	0.00845	0.06690	0.11023	0.05910	0.00894	0.02610	0.04404	0.00376	0.00334	0.00105	0.00380	0.00332	0.00214	0.00477

[dist]
# distance from previous block
# <min> <max>
19	33

[block]
# block no. 3 follows, 85 sequences, length 10
# corresponding to MSA columns:
# 1164-1173
name=unknown_D
#
# <colnr> <probs for GDERKNQSTAVLIFYWHMCP>
#	G	D	E	R	K	N	Q	S	T	A	V	L	I	F	Y	W	H	M	C	P
0	0.00894	0.01024	0.06129	0.01104	0.07266	0.20185	0.33604	0.04197	0.09267	0.02527	0.06169	0.00942	0.00708	0.00359	0.00383	0.00105	0.04147	0.00340	0.00206	0.00444
1	0.00760	0.03560	0.10099	0.13698	0.13222	0.13518	0.05265	0.04609	0.02872	0.02186	0.04045	0.03761	0.13998	0.00517	0.02689	0.00117	0.02244	0.02224	0.00211	0.00406
2	0.02196	0.02240	0.21522	0.16892	0.03693	0.02593	0.09447	0.04857	0.06746	0.03828	0.09309	0.11207	0.00975	0.00458	0.00365	0.00110	0.02520	0.00401	0.00221	0.00421
3	0.12171	0.00749	0.07876	0.25286	0.22588	0.04060	0.05395	0.00915	0.00691	0.02886	0.00748	0.10610	0.00676	0.02114	0.00368	0.01530	0.00387	0.00356	0.00185	0.00408
4	0.00650	0.00588	0.00624	0.00557	0.00683	0.09065	0.05787	0.06755	0.12940	0.01031	0.06328	0.06954	0.27353	0.16774	0.00614	0.00149	0.00296	0.02235	0.00275	0.00344
5	0.00490	0.00458	0.08974	0.00486	0.00562	0.00369	0.00389	0.00556	0.00570	0.00779	0.03316	0.19038	0.07159	0.23805	0.19480	0.12154	0.00416	0.00518	0.00216	0.00265
6	0.00736	0.00779	0.04476	0.05012	0.05454	0.03994	0.25001	0.02435	0.02469	0.00955	0.00736	0.01195	0.00677	0.06090	0.00689	0.00138	0.28516	0.08641	0.01613	0.00392
7	0.00736	0.01425	0.55032	0.01200	0.15856	0.04487	0.14463	0.01061	0.00734	0.01050	0.00610	0.00749	0.00452	0.00308	0.00329	0.00104	0.00490	0.00276	0.00150	0.00486
8	0.00569	0.00566	0.14475	0.00497	0.00620	0.00404	0.00443	0.00693	0.00639	0.03919	0.01309	0.04798	0.07957	0.33709	0.00854	0.00192	0.00303	0.13349	0.14400	0.00303
9	0.00793	0.00754	0.01260	0.04154	0.63967	0.00765	0.06830	0.01058	0.09165	0.01079	0.00727	0.00957	0.00615	0.05946	0.00422	0.00116	0.00390	0.00323	0.00184	0.00496

[dist]
# distance from previous block
# <min> <max>
15	98

[block]
# block no. 4 follows, 85 sequences, length 13
# corresponding to MSA columns:
# 1306-1311,1329-1335
name=unknown_E
#
# <colnr> <probs for GDERKNQSTAVLIFYWHMCP>
#	G	D	E	R	K	N	Q	S	T	A	V	L	I	F	Y	W	H	M	C	P
0	0.00611	0.00571	0.00951	0.81239	0.02157	0.00705	0.00876	0.00822	0.00667	0.00851	0.00738	0.03997	0.03713	0.00376	0.00338	0.00112	0.00424	0.00333	0.00159	0.00362
1	0.00882	0.00657	0.00759	0.00673	0.03330	0.01927	0.00515	0.35548	0.07889	0.03303	0.03404	0.11751	0.00955	0.00849	0.13216	0.05621	0.00398	0.02986	0.00283	0.05055
2	0.00459	0.00334	0.00396	0.00405	0.00450	0.00328	0.00277	0.00513	0.00589	0.00764	0.01705	0.06206	0.23072	0.42118	0.14632	0.00281	0.00365	0.06619	0.00238	0.00247
3	0.00666	0.01719	0.86600	0.00947	0.01438	0.00772	0.01228	0.01052	0.00702	0.01052	0.00596	0.00702	0.00421	0.00316	0.00316	0.00105	0.00491	0.00246	0.00140	0.00491
4	0.00728	0.00444	0.00533	0.00503	0.00602	0.00441	0.00362	0.06774	0.10702	0.16413	0.01499	0.32407	0.05324	0.20890	0.00682	0.00166	0.00258	0.00605	0.00308	0.00359
5	0.00674	0.00585	0.00727	0.00532	0.00811	0.00450	0.04277	0.00822	0.00690	0.01066	0.00677	0.06542	0.00607	0.00301	0.00265	0.00058	0.00257	0.00256	0.00203	0.80201
6	0.00895	0.12465	0.00825	0.00616	0.00752	0.20740	0.00476	0.04580	0.16131	0.05360	0.00735	0.00890	0.00614	0.00651	0.00656	0.32415	0.00368	0.00275	0.00207	0.00347
7	0.67099	0.00775	0.00607	0.00571	0.03902	0.12520	0.00436	0.01089	0.03547	0.06089	0.00553	0.00615	0.00423	0.00323	0.00235	0.00101	0.00311	0.00204	0.00215	0.00387
8	0.00624	0.01004	0.32553	0.00898	0.01171	0.00667	0.20622	0.00863	0.00680	0.00965	0.00962	0.16887	0.04203	0.00674	0.07982	0.00153	0.08059	0.00440	0.00188	0.00404
9	0.01007	0.08685	0.17476	0.03455	0.02069	0.17261	0.00718	0.25866	0.07494	0.05159	0.03633	0.00890	0.02960	0.00383	0.00316	0.00097	0.00411	0.00289	0.00243	0.01589
10	0.00459	0.00358	0.00406	0.00402	0.00491	0.00328	0.00294	0.03061	0.03202	0.01047	0.25810	0.15547	0.41087	0.05439	0.00463	0.00124	0.00185	0.00677	0.00320	0.00299
11	0.00686	0.03514	0.17416	0.00628	0.02741	0.05812	0.00573	0.02151	0.08175	0.04055	0.24456	0.01484	0.09521	0.00470	0.00330	0.00093	0.00294	0.00391	0.00261	0.16947
12	0.00465	0.00324	0.00393	0.00409	0.00433	0.00319	0.00265	0.00510	0.00583	0.00782	0.08864	0.18395	0.05486	0.49959	0.06732	0.00263	0.00312	0.05021	0.00245	0.00240

[dist]
# distance from previous block
# <min> <max>
0	3

[block]
# block no. 5 follows, 85 sequences, length 12
# corresponding to MSA columns:
# 1734-1745
name=unknown_F
#
# <colnr> <probs for GDERKNQSTAVLIFYWHMCP>
#	G	D	E	R	K	N	Q	S	T	A	V	L	I	F	Y	W	H	M	C	P
0	0.00852	0.18206	0.28219	0.00788	0.02541	0.00890	0.04009	0.10143	0.21091	0.05428	0.04054	0.00906	0.00707	0.00367	0.00310	0.00100	0.00375	0.00293	0.00232	0.00491
1	0.00628	0.00600	0.01032	0.78808	0.02184	0.00727	0.06156	0.00848	0.00675	0.00864	0.00702	0.00975	0.03720	0.00348	0.00338	0.00111	0.00440	0.00317	0.00155	0.00371
2	0.00514	0.00389	0.00532	0.00514	0.00563	0.00436	0.01927	0.00639	0.04743	0.00804	0.03247	0.05587	0.01046	0.26518	0.43725	0.00383	0.05147	0.00423	0.02578	0.00287
3	0.22480	0.02049	0.12004	0.04282	0.15000	0.01748	0.07596	0.14295	0.02794	0.04698	0.03725	0.03213	0.03974	0.00381	0.00309	0.00104	0.00357	0.00314	0.00227	0.00450
4	0.00506	0.00356	0.00408	0.00414	0.00467	0.00345	0.00277	0.00614	0.06674	0.03640	0.03294	0.20321	0.19439	0.38799	0.00958	0.00209	0.00254	0.02485	0.00268	0.00272
5	0.24857	0.00639	0.00713	0.00573	0.00804	0.00651	0.00469	0.14186	0.06178	0.41353	0.05553	0.01003	0.00797	0.00399	0.00303	0.00103	0.00281	0.00305	0.00338	0.00495
6	0.00820	0.19741	0.52940	0.00851	0.01240	0.17006	0.00981	0.01092	0.00741	0.00951	0.00553	0.00647	0.00423	0.00314	0.00291	0.00094	0.00483	0.00226	0.00146	0.00458
7	0.01964	0.00924	0.08373	0.00969	0.02169	0.02350	0.28851	0.31529	0.04551	0.07034	0.02225	0.00912	0.00617	0.02292	0.00387	0.00109	0.01466	0.00335	0.00253	0.02689
8	0.00406	0.00298	0.00381	0.00443	0.00478	0.00273	0.00301	0.00471	0.00665	0.00875	0.05448	0.72743	0.14002	0.00998	0.00418	0.00131	0.00188	0.00897	0.00311	0.00273
9	0.00472	0.00321	0.00362	0.00367	0.00376	0.00316	0.00212	0.00481	0.00513	0.00676	0.01268	0.07622	0.07576	0.76368	0.01516	0.00295	0.00303	0.00528	0.00216	0.00212
10	0.00838	0.15006	0.10448	0.04066	0.04895	0.18712	0.03371	0.07192	0.06346	0.01876	0.08657	0.09552	0.04186	0.00484	0.01289	0.00104	0.01970	0.00371	0.00223	0.00412
11	0.00686	0.00586	0.00683	0.00496	0.00780	0.00451	0.00395	0.00859	0.03409	0.01101	0.03429	0.00766	0.00596	0.00267	0.00254	0.00053	0.00244	0.00216	0.00207	0.84522

[dist]
# distance from previous block
# <min> <max>
68	226

# created by:
# /usr/local/bin/augustus/scripts/msa2prfl.pl /tmp/new_cug2/actin-related-protein-class-4.fasta
