[name]
unknown

[dist]
# distance from previous block
# <min> <max>
24	213

[block]
# block no. 0 follows, 83 sequences, length 6
# corresponding to MSA columns:
# 216-221
name=unknown_A
#
# <colnr> <probs for GDERKNQSTAVLIFYWHMCP>
#	G	D	E	R	K	N	Q	S	T	A	V	L	I	F	Y	W	H	M	C	P
0	0.00552	0.00403	0.00456	0.00423	0.00497	0.00385	0.00285	0.07350	0.00707	0.00949	0.11413	0.07974	0.14666	0.44168	0.01044	0.00215	0.00272	0.00535	0.00260	0.07445
1	0.03517	0.00853	0.08047	0.11085	0.17377	0.00776	0.20282	0.14641	0.00887	0.01260	0.03871	0.00884	0.00609	0.00328	0.00336	0.00099	0.00414	0.00314	0.00207	0.14215
2	0.00762	0.00676	0.00977	0.00760	0.00997	0.02985	0.20104	0.08710	0.06816	0.03328	0.05340	0.06406	0.07788	0.00462	0.00350	0.00098	0.00339	0.06375	0.00254	0.26473
3	0.05271	0.00416	0.00492	0.00479	0.00582	0.00409	0.00366	0.00768	0.07541	0.07817	0.22264	0.19775	0.22758	0.00761	0.00415	0.00120	0.03077	0.06018	0.00328	0.00343
4	0.00909	0.00790	0.00875	0.00708	0.00933	0.10701	0.07667	0.22080	0.07052	0.03855	0.01028	0.09959	0.03943	0.00467	0.00337	0.00096	0.00348	0.04895	0.00269	0.23089
5	0.00629	0.00409	0.00510	0.00496	0.00597	0.00380	0.00363	0.07381	0.00811	0.10124	0.12422	0.47775	0.08708	0.00819	0.00395	0.00119	0.00218	0.00725	0.00327	0.06791

[dist]
# distance from previous block
# <min> <max>
0	1

[block]
# block no. 1 follows, 83 sequences, length 22
# corresponding to MSA columns:
# 223-244
name=unknown_B
#
# <colnr> <probs for GDERKNQSTAVLIFYWHMCP>
#	G	D	E	R	K	N	Q	S	T	A	V	L	I	F	Y	W	H	M	C	P
0	0.01267	0.01555	0.00965	0.00864	0.01048	0.79115	0.00654	0.08778	0.01016	0.00945	0.00549	0.00629	0.00449	0.00354	0.00308	0.00089	0.00590	0.00226	0.00189	0.00409
1	0.00800	0.00862	0.01796	0.01311	0.01609	0.00806	0.72281	0.01035	0.00796	0.01082	0.00828	0.05586	0.00713	0.08167	0.00540	0.00143	0.00545	0.00452	0.00198	0.00450
2	0.00838	0.00805	0.01375	0.02079	0.85982	0.00805	0.01040	0.01040	0.00771	0.01107	0.00637	0.00838	0.00537	0.00302	0.00335	0.00101	0.00402	0.00302	0.00168	0.00537
3	0.01196	0.01503	0.00923	0.00844	0.01008	0.79059	0.00634	0.01286	0.00923	0.00825	0.00558	0.00675	0.00473	0.00544	0.07993	0.00128	0.00637	0.00231	0.00175	0.00385
4	0.00491	0.00356	0.00507	0.00507	0.00565	0.00403	0.00386	0.00602	0.00559	0.00810	0.01025	0.01475	0.03957	0.09952	0.70572	0.00480	0.00782	0.00384	0.05892	0.00294
5	0.00926	0.00674	0.00756	0.00626	0.00785	0.00741	0.00485	0.46629	0.01104	0.01489	0.00899	0.01285	0.00802	0.24309	0.16720	0.00244	0.00460	0.00366	0.00274	0.00426
6	0.01096	0.00831	0.00892	0.00730	0.00965	0.00931	0.00588	0.43364	0.39560	0.05670	0.01094	0.01033	0.00796	0.00431	0.00342	0.00108	0.00321	0.00342	0.00345	0.00558
7	0.05874	0.47560	0.20658	0.00702	0.01012	0.15207	0.00725	0.01070	0.00735	0.00907	0.00579	0.00657	0.02416	0.00321	0.00259	0.00086	0.00424	0.00215	0.00157	0.00435
8	0.00484	0.00363	0.00544	0.00544	0.00605	0.00423	0.00423	0.00605	0.00544	0.00786	0.00907	0.01331	0.00847	0.02541	0.86753	0.00544	0.00907	0.00363	0.00181	0.00302
9	0.00412	0.00298	0.00390	0.00464	0.00489	0.00276	0.00311	0.00473	0.00656	0.00868	0.01956	0.83041	0.07015	0.01050	0.00431	0.00136	0.00195	0.00949	0.00314	0.00276
10	0.00812	0.00778	0.01327	0.13546	0.74724	0.00798	0.01026	0.01016	0.00759	0.01074	0.00632	0.00847	0.00525	0.00307	0.00336	0.00102	0.00409	0.00302	0.00165	0.00515
11	0.00892	0.00926	0.01217	0.13170	0.54415	0.16934	0.00928	0.01115	0.05205	0.01039	0.00650	0.00827	0.00532	0.00324	0.00331	0.00100	0.00441	0.00290	0.00176	0.00488
12	0.00924	0.83779	0.01733	0.00595	0.00879	0.05793	0.00584	0.01032	0.00702	0.00799	0.00474	0.00547	0.00435	0.00293	0.00222	0.00073	0.00375	0.00183	0.00146	0.00433
13	0.00846	0.50168	0.33404	0.00737	0.01105	0.01114	0.00836	0.06516	0.00757	0.00988	0.00545	0.00625	0.00442	0.00309	0.00264	0.00087	0.00415	0.00215	0.00157	0.00469
14	0.00842	0.00977	0.01905	0.01378	0.01705	0.08595	0.77174	0.01109	0.00814	0.01062	0.00671	0.00886	0.00507	0.00291	0.00391	0.00112	0.00575	0.00383	0.00172	0.00451
15	0.00596	0.00451	0.00498	0.00459	0.00581	0.05132	0.02684	0.00701	0.00812	0.09848	0.17126	0.08862	0.44325	0.03852	0.02430	0.00130	0.00242	0.00624	0.00317	0.00330
16	0.03424	0.00485	0.00569	0.03395	0.03726	0.00500	0.00385	0.09238	0.04911	0.01003	0.02515	0.11775	0.03239	0.46240	0.03117	0.00247	0.00343	0.04299	0.00261	0.00327
17	0.00982	0.00548	0.00665	0.00577	0.00732	0.00528	0.00445	0.14522	0.00947	0.27434	0.08514	0.07503	0.06967	0.15348	0.04021	0.00174	0.00324	0.06897	0.02432	0.00440
18	0.00485	0.00397	0.00564	0.00542	0.00638	0.00371	0.07849	0.00618	0.02593	0.00979	0.11179	0.26265	0.26315	0.03343	0.03289	0.00146	0.00265	0.13551	0.00301	0.00310
19	0.00651	0.00613	0.01036	0.82552	0.06976	0.00756	0.00946	0.00875	0.00683	0.00879	0.00604	0.00900	0.00456	0.00337	0.00338	0.00112	0.00449	0.00301	0.00151	0.00385
20	0.04153	0.13602	0.28711	0.02279	0.04167	0.23081	0.14102	0.01155	0.02314	0.02539	0.00602	0.00714	0.00465	0.00322	0.00313	0.00098	0.00500	0.00260	0.00168	0.00453
21	0.00643	0.04598	0.00865	0.35853	0.11963	0.01861	0.00681	0.00786	0.02336	0.00914	0.10289	0.04279	0.04337	0.00584	0.00522	0.16027	0.00356	0.02561	0.00197	0.00347

[dist]
# distance from previous block
# <min> <max>
18	104

[block]
# block no. 2 follows, 83 sequences, length 17
# corresponding to MSA columns:
# 349-357,360-367
name=unknown_C
#
# <colnr> <probs for GDERKNQSTAVLIFYWHMCP>
#	G	D	E	R	K	N	Q	S	T	A	V	L	I	F	Y	W	H	M	C	P
0	0.00791	0.00628	0.00681	0.00608	0.00780	0.00693	0.00473	0.05695	0.54491	0.05037	0.14335	0.01623	0.09608	0.00528	0.00356	0.00112	0.00246	0.00443	0.02396	0.00478
1	0.00409	0.00337	0.00355	0.00363	0.00460	0.00288	0.00265	0.00491	0.00755	0.00918	0.06660	0.13419	0.69055	0.04139	0.00454	0.00125	0.00180	0.00732	0.00313	0.00283
2	0.00515	0.00358	0.00444	0.00415	0.00513	0.00321	0.00314	0.00656	0.00914	0.05747	0.61317	0.02635	0.23149	0.00718	0.00397	0.00108	0.00169	0.00623	0.00361	0.00325
3	0.00411	0.00334	0.00361	0.00380	0.00469	0.00289	0.00277	0.00491	0.00736	0.00898	0.02961	0.20976	0.62366	0.04166	0.00459	0.00129	0.00187	0.03517	0.00310	0.00282
4	0.00766	0.06234	0.01317	0.01001	0.01103	0.01012	0.21176	0.00893	0.00598	0.00880	0.00505	0.00771	0.00461	0.00499	0.00883	0.00135	0.60902	0.00314	0.00154	0.00396
5	0.00709	0.00570	0.00669	0.00498	0.00767	0.00443	0.00394	0.00870	0.02413	0.03912	0.02764	0.05413	0.00694	0.00320	0.00268	0.00060	0.00244	0.00264	0.03712	0.75014
6	0.89778	0.00695	0.00540	0.00486	0.00699	0.00792	0.00393	0.01036	0.00615	0.01570	0.00530	0.00630	0.00422	0.00352	0.00235	0.00115	0.00282	0.00203	0.00229	0.00397
7	0.04195	0.00911	0.00974	0.00756	0.01019	0.01008	0.00622	0.73309	0.07638	0.04831	0.00860	0.00849	0.00611	0.00408	0.00335	0.00103	0.00359	0.00308	0.00338	0.00566
8	0.00968	0.08625	0.08934	0.17884	0.06008	0.08551	0.03224	0.16983	0.05471	0.09451	0.00725	0.00834	0.00545	0.00385	0.00410	0.00107	0.09909	0.00290	0.00225	0.00471
9	0.02301	0.00918	0.00774	0.00682	0.00827	0.27685	0.00518	0.20653	0.06521	0.01151	0.02213	0.01105	0.00743	0.14349	0.13225	0.03700	0.01687	0.00323	0.00233	0.00391
10	0.00418	0.00330	0.00376	0.00406	0.00482	0.00291	0.00293	0.00499	0.00728	0.00909	0.05189	0.31129	0.48055	0.03809	0.00459	0.00131	0.00193	0.05709	0.00312	0.00282
11	0.00741	0.00705	0.01198	0.44008	0.44817	0.00779	0.00991	0.00954	0.00725	0.00988	0.00620	0.00870	0.00495	0.00320	0.00337	0.00107	0.00427	0.00301	0.00159	0.00458
12	0.00412	0.00344	0.00359	0.00355	0.00464	0.00291	0.00266	0.00508	0.00798	0.00978	0.15045	0.03157	0.74192	0.00835	0.00400	0.00113	0.00170	0.00701	0.00323	0.00291
13	0.90488	0.00655	0.00498	0.00445	0.00655	0.00760	0.00367	0.00996	0.00576	0.01520	0.00472	0.00550	0.00367	0.00314	0.00210	0.00105	0.00262	0.00183	0.00210	0.00367
14	0.00565	0.00463	0.00687	0.22317	0.10802	0.00488	0.00540	0.00673	0.00628	0.00852	0.01062	0.24168	0.01139	0.20924	0.04863	0.02070	0.00355	0.00516	0.00213	0.06675
15	0.04453	0.00704	0.00802	0.00628	0.00877	0.06689	0.00512	0.15266	0.01037	0.52225	0.05581	0.01076	0.00849	0.00410	0.00329	0.00099	0.00314	0.00324	0.00362	0.07461
16	0.00856	0.00767	0.02665	0.00926	0.16062	0.05590	0.01913	0.16370	0.27841	0.01351	0.04681	0.05250	0.05892	0.00566	0.03883	0.00127	0.00352	0.02387	0.02044	0.00479

[dist]
# distance from previous block
# <min> <max>
0	9

[block]
# block no. 3 follows, 83 sequences, length 14
# corresponding to MSA columns:
# 402-415
name=unknown_D
#
# <colnr> <probs for GDERKNQSTAVLIFYWHMCP>
#	G	D	E	R	K	N	Q	S	T	A	V	L	I	F	Y	W	H	M	C	P
0	0.00951	0.61350	0.06350	0.00584	0.00858	0.02743	0.00574	0.01084	0.00734	0.11939	0.00656	0.00707	0.00531	0.00320	0.00243	0.00080	0.00345	0.00220	0.09287	0.00444
1	0.02178	0.03375	0.16617	0.00575	0.00787	0.00520	0.00545	0.05825	0.02135	0.12142	0.40674	0.01808	0.07967	0.00550	0.00361	0.00104	0.00265	0.00465	0.00315	0.02795
2	0.02358	0.11531	0.07636	0.00615	0.00800	0.02217	0.02284	0.02823	0.04314	0.21843	0.09229	0.05699	0.01057	0.09010	0.12818	0.00189	0.04507	0.00385	0.00269	0.00418
3	0.00643	0.00543	0.00634	0.00476	0.00729	0.00418	0.00376	0.00788	0.00743	0.01118	0.11938	0.01199	0.09503	0.00370	0.00285	0.00064	0.00231	0.00306	0.00235	0.69403
4	0.00643	0.00625	0.04578	0.01999	0.14611	0.00554	0.08461	0.00834	0.04163	0.01049	0.06793	0.14069	0.08725	0.01609	0.01423	0.00111	0.04275	0.04105	0.00236	0.21136
5	0.00699	0.01965	0.00827	0.00926	0.21296	0.00609	0.03448	0.08523	0.13559	0.01255	0.20811	0.07972	0.13250	0.00566	0.00368	0.00109	0.00277	0.01539	0.01574	0.00426
6	0.00579	0.00464	0.00580	0.00640	0.11618	0.00443	0.00414	0.09154	0.00888	0.01172	0.26485	0.02385	0.35919	0.05370	0.00475	0.01959	0.00229	0.00570	0.00306	0.00350
7	0.00740	0.00902	0.20557	0.00741	0.07256	0.00589	0.00658	0.05611	0.00760	0.01154	0.00618	0.00722	0.00492	0.00280	0.00278	0.00070	0.00327	0.00225	0.00193	0.57828
8	0.00968	0.00972	0.00747	0.00685	0.00821	0.36407	0.00513	0.11549	0.05514	0.04324	0.00987	0.12474	0.00963	0.14090	0.00559	0.00139	0.00426	0.05693	0.01790	0.00380
9	0.00603	0.00397	0.00471	0.00450	0.00533	0.00394	0.00332	0.09179	0.00848	0.02739	0.28883	0.15071	0.03296	0.12035	0.02170	0.00144	0.00230	0.03327	0.18572	0.00327
10	0.00513	0.00564	0.11584	0.00498	0.00652	0.00420	0.00442	0.00755	0.09407	0.01158	0.35122	0.06972	0.29236	0.00694	0.00386	0.00112	0.00221	0.00594	0.00318	0.00352
11	0.15215	0.11986	0.00883	0.00585	0.00843	0.00679	0.00496	0.06116	0.00907	0.57315	0.01061	0.00962	0.00698	0.00386	0.00304	0.00100	0.00299	0.00294	0.00347	0.00526
12	0.12298	0.00506	0.00585	0.04494	0.00717	0.00517	0.00422	0.02016	0.05523	0.01205	0.26437	0.04515	0.14533	0.03630	0.09568	0.09308	0.02544	0.00509	0.00306	0.00368
13	0.00735	0.00760	0.11931	0.09345	0.11727	0.00574	0.01958	0.00926	0.00725	0.05574	0.02289	0.05673	0.00656	0.00343	0.00312	0.00081	0.01601	0.00292	0.00204	0.44292

[dist]
# distance from previous block
# <min> <max>
13	69

[block]
# block no. 4 follows, 83 sequences, length 37
# corresponding to MSA columns:
# 485-521
name=unknown_E
#
# <colnr> <probs for GDERKNQSTAVLIFYWHMCP>
#	G	D	E	R	K	N	Q	S	T	A	V	L	I	F	Y	W	H	M	C	P
0	0.02130	0.14605	0.45732	0.00899	0.07375	0.01599	0.00943	0.07031	0.03415	0.02604	0.02753	0.00770	0.00548	0.00331	0.00303	0.00096	0.00420	0.00257	0.00182	0.08007
1	0.00771	0.11881	0.34494	0.04071	0.15946	0.02111	0.09449	0.02140	0.02530	0.03324	0.00807	0.00926	0.05382	0.01249	0.00337	0.00103	0.00432	0.00300	0.00178	0.03568
2	0.00485	0.00330	0.00377	0.00379	0.00389	0.00329	0.00221	0.00497	0.00515	0.00683	0.01214	0.04785	0.05901	0.76838	0.05454	0.00321	0.00342	0.00513	0.00213	0.00216
3	0.02050	0.12270	0.22646	0.02140	0.04167	0.09455	0.04104	0.00930	0.03687	0.01788	0.04813	0.07020	0.16820	0.00519	0.00364	0.00107	0.02946	0.03548	0.00219	0.00405
4	0.04347	0.08367	0.32226	0.02454	0.08396	0.08423	0.08719	0.06241	0.04701	0.10552	0.01993	0.00824	0.00568	0.00344	0.00322	0.00102	0.00440	0.00283	0.00208	0.00489
5	0.00835	0.00720	0.00789	0.01880	0.03482	0.17646	0.08086	0.00975	0.02964	0.13536	0.07443	0.16988	0.10934	0.03149	0.01576	0.00125	0.04125	0.03270	0.01093	0.00384
6	0.02150	0.07437	0.05834	0.11308	0.47936	0.00774	0.00868	0.00964	0.03550	0.01033	0.00911	0.04817	0.07136	0.01761	0.00370	0.00108	0.02034	0.00354	0.00187	0.00467
7	0.04133	0.03522	0.06096	0.03534	0.26811	0.18443	0.02247	0.15381	0.02206	0.08181	0.00741	0.03493	0.00595	0.01122	0.00336	0.00101	0.00423	0.00301	0.00226	0.02108
8	0.00731	0.07043	0.20226	0.00708	0.00962	0.02821	0.07395	0.05683	0.10361	0.05719	0.04378	0.11534	0.15088	0.00541	0.00354	0.00109	0.00339	0.02040	0.00257	0.03710
9	0.00482	0.00352	0.00441	0.00466	0.00548	0.00324	0.00363	0.00601	0.00802	0.02690	0.23309	0.18685	0.26257	0.00866	0.00423	0.00127	0.00212	0.22417	0.00330	0.00305
10	0.00798	0.00892	0.11237	0.05843	0.15481	0.03499	0.19177	0.06456	0.18747	0.01187	0.04100	0.02947	0.00778	0.01268	0.04605	0.00133	0.01790	0.00363	0.00225	0.00473
11	0.00853	0.00782	0.02581	0.04350	0.43011	0.00783	0.13422	0.08262	0.05593	0.04641	0.00822	0.01063	0.02105	0.04133	0.01569	0.00123	0.02796	0.02409	0.00210	0.00492
12	0.01116	0.37422	0.01313	0.00720	0.00972	0.23780	0.00618	0.26688	0.02349	0.01223	0.00603	0.00655	0.00488	0.00344	0.00280	0.00086	0.00430	0.00232	0.00215	0.00468
13	0.00482	0.00325	0.00376	0.00386	0.00390	0.00323	0.00224	0.00492	0.00514	0.00686	0.01168	0.13318	0.01355	0.75036	0.03307	0.00308	0.00323	0.00551	0.00219	0.00216
14	0.00744	0.00736	0.02564	0.29809	0.46188	0.00763	0.07354	0.00956	0.00742	0.01015	0.00782	0.00996	0.05172	0.00343	0.00345	0.00107	0.00420	0.00331	0.00170	0.00464
15	0.00835	0.05280	0.66792	0.00885	0.01331	0.00767	0.01085	0.02155	0.01747	0.14912	0.00732	0.00786	0.00505	0.00339	0.00321	0.00105	0.00456	0.00264	0.00193	0.00511
16	0.00640	0.00602	0.01016	0.87281	0.02333	0.00753	0.00941	0.00866	0.00677	0.00866	0.00602	0.00903	0.00452	0.00339	0.00339	0.00113	0.00452	0.00301	0.00151	0.00376
17	0.00546	0.00390	0.00546	0.00624	0.00702	0.00390	0.00546	0.00702	0.00780	0.01014	0.01794	0.03821	0.01950	0.00936	0.00468	0.00156	0.00312	0.83702	0.00312	0.00312
18	0.00682	0.00645	0.01093	0.69043	0.20239	0.00764	0.00962	0.00903	0.00697	0.00917	0.00610	0.00889	0.00470	0.00331	0.00338	0.00110	0.00441	0.00301	0.00154	0.00411
19	0.00493	0.00368	0.00530	0.00526	0.00574	0.00425	0.00397	0.00592	0.00535	0.00766	0.00920	0.01460	0.00899	0.16584	0.70276	0.00497	0.03302	0.00382	0.00184	0.00288
20	0.00484	0.00363	0.00544	0.00544	0.00605	0.00423	0.00423	0.00605	0.00544	0.00786	0.00907	0.01331	0.00847	0.02541	0.86753	0.00544	0.00907	0.00363	0.00181	0.00302
21	0.00838	0.00805	0.01375	0.02079	0.85982	0.00805	0.01040	0.01040	0.00771	0.01107	0.00637	0.00838	0.00537	0.00302	0.00335	0.00101	0.00402	0.00302	0.00168	0.00537
22	0.00655	0.00608	0.01019	0.77783	0.08648	0.00742	0.00924	0.00876	0.00686	0.00898	0.00622	0.00911	0.00472	0.00338	0.00335	0.00111	0.00438	0.00302	0.03249	0.00386
23	0.00725	0.00689	0.01169	0.50891	0.38060	0.00775	0.00983	0.00940	0.00717	0.00969	0.00617	0.00875	0.00488	0.00323	0.00337	0.00108	0.00431	0.00301	0.00158	0.00445
24	0.00444	0.00348	0.00398	0.00399	0.00491	0.00311	0.00302	0.00550	0.00794	0.01015	0.24027	0.03001	0.48021	0.07520	0.02652	0.00143	0.00213	0.08763	0.00318	0.00291
25	0.00680	0.00644	0.00917	0.00761	0.00931	0.08218	0.21666	0.05384	0.00802	0.02187	0.04154	0.30545	0.09619	0.00652	0.00388	0.00115	0.00344	0.03798	0.00261	0.07932
26	0.07367	0.00663	0.00702	0.00531	0.00803	0.04933	0.00421	0.03930	0.03948	0.01158	0.00667	0.03235	0.00569	0.01225	0.00278	0.00066	0.00274	0.00236	0.00214	0.68780
27	0.06071	0.01431	0.00891	0.00804	0.00981	0.71098	0.00608	0.05505	0.00957	0.00940	0.00757	0.00820	0.06955	0.00389	0.00309	0.00091	0.00546	0.00259	0.00195	0.00392
28	0.05993	0.00947	0.12097	0.00737	0.01026	0.00872	0.00667	0.51069	0.01277	0.17346	0.00875	0.00865	0.00604	0.00392	0.00326	0.00102	0.00360	0.00298	0.03600	0.00546
29	0.07648	0.00827	0.00931	0.18605	0.01182	0.15890	0.02005	0.01975	0.04523	0.00932	0.00590	0.00820	0.00507	0.00624	0.07825	0.00157	0.33083	0.00287	0.01210	0.00380
30	0.00729	0.17314	0.58099	0.07535	0.06035	0.00887	0.01080	0.01059	0.02413	0.01016	0.00600	0.00716	0.00450	0.00319	0.00305	0.00101	0.00462	0.00247	0.00149	0.00482
31	0.00865	0.00801	0.01260	0.03581	0.07717	0.05461	0.31893	0.06708	0.18192	0.06866	0.03173	0.04188	0.05258	0.00423	0.00371	0.00112	0.00414	0.01994	0.00254	0.00468
32	0.00708	0.00534	0.07137	0.00547	0.00706	0.00436	0.05036	0.00926	0.04877	0.14257	0.46573	0.01866	0.02069	0.00550	0.00361	0.00103	0.00233	0.00482	0.12211	0.00390
33	0.00752	0.00501	0.00607	0.03097	0.03003	0.02944	0.00427	0.04541	0.09330	0.15662	0.28804	0.09545	0.09369	0.04707	0.05039	0.00143	0.00282	0.00523	0.00330	0.00393
34	0.01106	0.01157	0.02352	0.00796	0.03070	0.40601	0.00608	0.22115	0.08669	0.03295	0.00992	0.05716	0.07151	0.00451	0.00333	0.00099	0.00450	0.00339	0.00254	0.00447
35	0.00560	0.00442	0.00513	0.00562	0.06984	0.05110	0.00337	0.00604	0.00550	0.00726	0.00973	0.01849	0.01059	0.59717	0.18318	0.00340	0.00464	0.00437	0.00196	0.00260
36	0.01164	0.01449	0.00896	0.00820	0.00976	0.75424	0.00612	0.01249	0.00903	0.00816	0.00583	0.00754	0.00511	0.05316	0.06978	0.00135	0.00618	0.00244	0.00177	0.00376

[dist]
# distance from previous block
# <min> <max>
6	7

[block]
# block no. 5 follows, 83 sequences, length 6
# corresponding to MSA columns:
# 529-534
name=unknown_F
#
# <colnr> <probs for GDERKNQSTAVLIFYWHMCP>
#	G	D	E	R	K	N	Q	S	T	A	V	L	I	F	Y	W	H	M	C	P
0	0.00647	0.07391	0.06081	0.03632	0.08045	0.00577	0.01956	0.03647	0.08202	0.02352	0.22107	0.05252	0.12844	0.00650	0.04357	0.00125	0.00304	0.03986	0.00274	0.07571
1	0.00545	0.00507	0.09377	0.00470	0.00619	0.00367	0.00411	0.00686	0.00820	0.07865	0.23643	0.09405	0.39470	0.00744	0.00392	0.00114	0.00219	0.03685	0.00320	0.00340
2	0.00807	0.00812	0.11634	0.00800	0.07505	0.00660	0.05956	0.12727	0.06826	0.03976	0.07571	0.03954	0.00828	0.00381	0.00342	0.00089	0.02958	0.00321	0.00242	0.31609
3	0.00762	0.34072	0.24232	0.00683	0.00968	0.00933	0.00716	0.05531	0.05310	0.01023	0.05511	0.05510	0.07955	0.00440	0.00343	0.00098	0.04944	0.00333	0.00201	0.00435
4	0.04830	0.07867	0.05551	0.01101	0.21079	0.08692	0.06334	0.05540	0.00746	0.01039	0.00718	0.05221	0.03210	0.00435	0.00513	0.00110	0.21546	0.00323	0.00186	0.04958
5	0.01067	0.10158	0.00914	0.00715	0.00899	0.47066	0.00559	0.05580	0.03379	0.07436	0.01089	0.01118	0.13773	0.00531	0.04173	0.00113	0.00483	0.00317	0.00226	0.00404

[dist]
# distance from previous block
# <min> <max>
13	30

[block]
# block no. 6 follows, 83 sequences, length 12
# corresponding to MSA columns:
# 623-634
name=unknown_G
#
# <colnr> <probs for GDERKNQSTAVLIFYWHMCP>
#	G	D	E	R	K	N	Q	S	T	A	V	L	I	F	Y	W	H	M	C	P
0	0.00592	0.00446	0.00620	0.09286	0.04081	0.00476	0.02492	0.03739	0.04154	0.02773	0.05088	0.07352	0.07423	0.13245	0.27678	0.00275	0.00486	0.00443	0.07702	0.01647
1	0.00474	0.00347	0.00474	0.00477	0.00529	0.00371	0.00349	0.00569	0.00611	0.00850	0.11953	0.08874	0.06994	0.18106	0.47033	0.00386	0.00597	0.00492	0.00230	0.00283
2	0.00543	0.00394	0.00498	0.00477	0.00568	0.00406	0.00362	0.00748	0.09057	0.03673	0.26180	0.02007	0.14625	0.05653	0.29312	0.00265	0.00434	0.00496	0.03969	0.00332
3	0.86004	0.00651	0.00512	0.00453	0.00666	0.00747	0.00373	0.01029	0.00596	0.05788	0.00515	0.00581	0.00391	0.00320	0.00216	0.00105	0.00263	0.00191	0.00220	0.00377
4	0.00916	0.28612	0.31746	0.00833	0.04540	0.04023	0.00852	0.11253	0.00831	0.07265	0.00631	0.00708	0.00484	0.00345	0.00339	0.00097	0.05604	0.00245	0.00190	0.00485
5	0.02173	0.45126	0.29176	0.02506	0.02911	0.02567	0.02417	0.02747	0.00724	0.00944	0.00662	0.00751	0.03952	0.00364	0.01616	0.00096	0.00418	0.00241	0.00158	0.00451
6	0.01351	0.00540	0.00729	0.00571	0.00806	0.00468	0.00467	0.01483	0.00961	0.72648	0.11628	0.01401	0.04423	0.00469	0.00350	0.00105	0.00268	0.00388	0.00410	0.00534
7	0.00519	0.00516	0.09398	0.00556	0.00655	0.00413	0.02007	0.02830	0.07097	0.00965	0.02828	0.53166	0.03461	0.08977	0.00529	0.00148	0.00260	0.03786	0.01565	0.00326
8	0.00771	0.00711	0.01048	0.46973	0.19830	0.07128	0.02778	0.03484	0.00759	0.04665	0.00751	0.08221	0.00642	0.00397	0.00345	0.00110	0.00425	0.00355	0.00188	0.00420
9	0.00514	0.00313	0.00360	0.00393	0.00451	0.00299	0.00281	0.00625	0.00703	0.01067	0.04808	0.35974	0.09965	0.00731	0.00343	0.00109	0.00179	0.02804	0.39785	0.00297
10	0.00824	0.17774	0.02536	0.00729	0.09569	0.05282	0.00539	0.08528	0.03046	0.06372	0.07083	0.13716	0.03769	0.00471	0.00315	0.00091	0.00309	0.00390	0.00247	0.18411
11	0.05224	0.22840	0.05947	0.02002	0.07169	0.04530	0.00572	0.09208	0.03342	0.04599	0.00998	0.07957	0.08482	0.00427	0.00298	0.00090	0.00326	0.00338	0.00226	0.15426

[dist]
# distance from previous block
# <min> <max>
2	15

[block]
# block no. 7 follows, 83 sequences, length 10
# corresponding to MSA columns:
# 661-670
name=unknown_H
#
# <colnr> <probs for GDERKNQSTAVLIFYWHMCP>
#	G	D	E	R	K	N	Q	S	T	A	V	L	I	F	Y	W	H	M	C	P
0	0.00524	0.00324	0.00434	0.00434	0.00448	0.00338	0.00285	0.00500	0.00486	0.00662	0.00865	0.01604	0.00921	0.38582	0.20774	0.31590	0.00447	0.00394	0.00180	0.00207
1	0.00692	0.04132	0.00865	0.09403	0.19657	0.00619	0.03556	0.05170	0.09004	0.02850	0.12633	0.03303	0.17322	0.00570	0.01750	0.00116	0.00311	0.04671	0.02964	0.00414
2	0.00461	0.00364	0.00452	0.00489	0.02166	0.00358	0.00343	0.00565	0.02642	0.00952	0.10159	0.42571	0.27117	0.00887	0.00456	0.00126	0.06044	0.00767	0.02780	0.00301
3	0.00639	0.00598	0.01005	0.78520	0.06711	0.00732	0.00916	0.00856	0.00681	0.00878	0.00665	0.05118	0.00543	0.00372	0.00343	0.00113	0.00437	0.00333	0.00159	0.00380
4	0.00735	0.00573	0.00841	0.06057	0.14409	0.00631	0.03667	0.13792	0.00758	0.02769	0.00780	0.01086	0.00680	0.03750	0.31164	0.10572	0.05118	0.00333	0.01904	0.00381
5	0.00702	0.00602	0.00702	0.00502	0.00803	0.00452	0.00401	0.00853	0.00702	0.01104	0.00602	0.00702	0.00502	0.00251	0.00251	0.00050	0.00251	0.00201	0.00201	0.90166
6	0.00469	0.00335	0.00388	0.00405	0.00443	0.00320	0.00270	0.00516	0.00615	0.00794	0.03836	0.11962	0.20029	0.47469	0.01118	0.00236	0.00274	0.10017	0.00257	0.00245
7	0.06768	0.01680	0.00746	0.03229	0.13529	0.01537	0.02865	0.10396	0.03743	0.07955	0.08031	0.09884	0.19868	0.00627	0.01855	0.02296	0.00293	0.01678	0.02616	0.00404
8	0.07673	0.01036	0.02948	0.02625	0.12170	0.32321	0.00647	0.06622	0.07173	0.03208	0.00706	0.00875	0.00588	0.04714	0.06203	0.00141	0.06687	0.00282	0.02962	0.00421
9	0.62234	0.00743	0.00620	0.00576	0.03842	0.07202	0.00441	0.11684	0.00750	0.01495	0.00605	0.04167	0.00499	0.00362	0.00248	0.00103	0.00301	0.00242	0.03490	0.00396

[dist]
# distance from previous block
# <min> <max>
13	87

[block]
# block no. 8 follows, 83 sequences, length 20
# corresponding to MSA columns:
# 878-885,915-921,943-947
name=unknown_I
#
# <colnr> <probs for GDERKNQSTAVLIFYWHMCP>
#	G	D	E	R	K	N	Q	S	T	A	V	L	I	F	Y	W	H	M	C	P
0	0.03244	0.00770	0.01112	0.16309	0.21837	0.07654	0.09960	0.05306	0.00857	0.25131	0.00839	0.00938	0.00605	0.00429	0.03413	0.00120	0.00427	0.00316	0.00247	0.00489
1	0.00497	0.00353	0.00434	0.00412	0.00506	0.00316	0.00309	0.00632	0.00899	0.04545	0.57445	0.05152	0.25769	0.00738	0.00398	0.00110	0.00169	0.00640	0.00357	0.00319
2	0.19758	0.00646	0.00730	0.00585	0.00826	0.03655	0.00478	0.04591	0.05683	0.55936	0.01107	0.01006	0.00729	0.00396	0.00310	0.00104	0.00293	0.00304	0.02343	0.00519
3	0.00420	0.00333	0.00380	0.00393	0.00478	0.00293	0.00286	0.00514	0.00773	0.00982	0.18185	0.22428	0.49503	0.00914	0.02442	0.00128	0.00192	0.00745	0.00322	0.00290
4	0.00436	0.00345	0.00393	0.00421	0.00506	0.00310	0.00317	0.00538	0.02027	0.00924	0.03906	0.22065	0.49337	0.03905	0.00462	0.00133	0.00205	0.13171	0.00312	0.00289
5	0.00805	0.00892	0.01862	0.01387	0.05123	0.00853	0.73705	0.01148	0.08464	0.01116	0.00746	0.00942	0.00562	0.00302	0.00392	0.00114	0.00537	0.00394	0.00187	0.00467
6	0.00695	0.01642	0.75256	0.01026	0.01506	0.00796	0.12224	0.01074	0.00726	0.01074	0.00618	0.00741	0.00440	0.00317	0.00332	0.00108	0.00510	0.00270	0.00147	0.00495
7	0.21015	0.00817	0.00861	0.00674	0.00930	0.00888	0.00557	0.51466	0.01257	0.17036	0.00831	0.00816	0.00577	0.00389	0.00311	0.00103	0.00333	0.00285	0.00325	0.00530
8	0.00479	0.00379	0.00566	0.00544	0.00625	0.00352	0.07983	0.00601	0.00784	0.01062	0.29471	0.38751	0.09235	0.00844	0.00419	0.00125	0.00225	0.06928	0.00321	0.00310
9	0.05092	0.00711	0.00856	0.00659	0.00922	0.00704	0.00544	0.30998	0.01173	0.53054	0.01116	0.01008	0.00727	0.00411	0.00335	0.00104	0.00317	0.00322	0.00382	0.00568
10	0.02759	0.00608	0.00721	0.00591	0.00810	0.00599	0.00476	0.10702	0.19163	0.41064	0.03386	0.01509	0.15086	0.00504	0.00350	0.00108	0.00271	0.00411	0.00372	0.00510
11	0.00800	0.00601	0.00638	0.00569	0.00728	0.00669	0.00443	0.10752	0.44187	0.01449	0.08890	0.01328	0.01131	0.00456	0.00318	0.00102	0.00239	0.00376	0.25867	0.00458
12	0.00488	0.00346	0.00460	0.00460	0.00491	0.00378	0.00318	0.00551	0.00519	0.00724	0.00985	0.01758	0.01033	0.43836	0.45711	0.00440	0.00628	0.00426	0.00193	0.00256
13	0.90488	0.00655	0.00498	0.00445	0.00655	0.00760	0.00367	0.00996	0.00576	0.01520	0.00472	0.00550	0.00367	0.00314	0.00210	0.00105	0.00262	0.00183	0.00210	0.00367
14	0.01328	0.00630	0.00790	0.00630	0.00867	0.00604	0.00511	0.14511	0.10166	0.57604	0.01299	0.07592	0.00924	0.00470	0.00348	0.00108	0.00292	0.00386	0.00391	0.00550
15	0.77131	0.00686	0.00561	0.00490	0.00704	0.00791	0.00402	0.08644	0.05654	0.01570	0.00556	0.00616	0.00425	0.00331	0.00229	0.00105	0.00272	0.00206	0.00229	0.00396
16	0.00642	0.00435	0.00515	0.00484	0.00610	0.01752	0.01895	0.03387	0.04197	0.12471	0.11213	0.16058	0.35647	0.00764	0.00395	0.00118	0.00225	0.07171	0.01667	0.00353
17	0.07617	0.00898	0.00946	0.00743	0.00999	0.01002	0.00610	0.67674	0.12789	0.01994	0.00865	0.00855	0.00623	0.00407	0.00330	0.00104	0.00351	0.00307	0.00330	0.00556
18	0.04116	0.02104	0.02152	0.00796	0.01023	0.08139	0.11626	0.23345	0.33404	0.01485	0.02347	0.02522	0.00803	0.00415	0.00338	0.00107	0.00361	0.00350	0.04067	0.00499
19	0.14648	0.00706	0.00797	0.00618	0.00879	0.00703	0.00508	0.25905	0.03501	0.33366	0.00942	0.00897	0.00645	0.00375	0.00307	0.00096	0.00303	0.00287	0.00329	0.14188

[dist]
# distance from previous block
# <min> <max>
0	1

[block]
# block no. 9 follows, 83 sequences, length 47
# corresponding to MSA columns:
# 985-1010,1024-1044
name=unknown_J
#
# <colnr> <probs for GDERKNQSTAVLIFYWHMCP>
#	G	D	E	R	K	N	Q	S	T	A	V	L	I	F	Y	W	H	M	C	P
0	0.00646	0.00344	0.00347	0.00342	0.00428	0.00352	0.00258	0.00860	0.06594	0.01274	0.01124	0.01263	0.00880	0.00399	0.00244	0.00081	0.00166	0.00320	0.83746	0.00331
1	0.00470	0.00342	0.00421	0.00405	0.00490	0.00311	0.00303	0.00612	0.00896	0.01248	0.61713	0.05863	0.19096	0.00722	0.00392	0.00108	0.00163	0.00629	0.05505	0.00311
2	0.00463	0.00346	0.00430	0.00409	0.00496	0.00313	0.00307	0.00607	0.00920	0.01266	0.68552	0.02683	0.20505	0.00727	0.00400	0.00108	0.00162	0.00634	0.00361	0.00313
3	0.01000	0.65509	0.01561	0.00657	0.00916	0.23791	0.00599	0.01103	0.00760	0.00805	0.00485	0.00561	0.00435	0.00305	0.00241	0.00076	0.00428	0.00191	0.00153	0.00424
4	0.00428	0.00340	0.00384	0.00382	0.00477	0.00296	0.00283	0.00537	0.00825	0.01060	0.31063	0.09910	0.51179	0.00819	0.00403	0.00114	0.00170	0.00701	0.00334	0.00296
5	0.90488	0.00655	0.00498	0.00445	0.00655	0.00760	0.00367	0.00996	0.00576	0.01520	0.00472	0.00550	0.00367	0.00314	0.00210	0.00105	0.00262	0.00183	0.00210	0.00367
6	0.02576	0.00686	0.05716	0.00643	0.00911	0.00588	0.00556	0.12536	0.01016	0.65859	0.01198	0.01082	0.00775	0.00492	0.03642	0.00121	0.00335	0.00330	0.00381	0.00559
7	0.00921	0.00893	0.06397	0.01062	0.09560	0.02210	0.22398	0.15754	0.25690	0.04305	0.00905	0.00972	0.00680	0.00387	0.00406	0.00112	0.06235	0.00348	0.00256	0.00509
8	0.02197	0.00947	0.10648	0.00968	0.06058	0.04434	0.17803	0.14550	0.32987	0.01362	0.00949	0.00993	0.00714	0.00431	0.02230	0.00119	0.01497	0.00343	0.00261	0.00507
9	0.00787	0.00680	0.00713	0.00646	0.00828	0.00773	0.00501	0.01636	0.74826	0.01354	0.01635	0.01513	0.11604	0.00509	0.00352	0.00115	0.00256	0.00424	0.00341	0.00505
10	0.00859	0.00791	0.01173	0.13505	0.45272	0.02255	0.00887	0.10444	0.11176	0.01195	0.00723	0.00884	0.00580	0.00365	0.00408	0.00108	0.08360	0.00310	0.00204	0.00501
11	0.00423	0.00344	0.00374	0.00367	0.00471	0.00296	0.00275	0.00530	0.00825	0.01041	0.26879	0.03052	0.62318	0.00811	0.00400	0.00112	0.00168	0.00686	0.00331	0.00296
12	0.01226	0.00761	0.00819	0.00655	0.00883	0.05661	0.00531	0.35084	0.08246	0.28002	0.01049	0.01010	0.00730	0.00410	0.00323	0.00100	0.00320	0.00319	0.13344	0.00525
13	0.00644	0.00339	0.00342	0.00337	0.00423	0.00346	0.00254	0.00847	0.05572	0.01272	0.01121	0.01263	0.00878	0.00398	0.00243	0.00081	0.00164	0.00320	0.84828	0.00328
14	0.00463	0.00344	0.00431	0.00413	0.00497	0.00312	0.00308	0.00605	0.00913	0.01259	0.67576	0.06211	0.17942	0.00737	0.00401	0.00109	0.00163	0.00645	0.00360	0.00312
15	0.00830	0.67508	0.13439	0.00617	0.00908	0.01161	0.00641	0.00970	0.00679	0.00830	0.00582	0.04296	0.00555	0.05369	0.00327	0.00095	0.00373	0.00241	0.00155	0.00424
16	0.00737	0.23858	0.64740	0.00867	0.01314	0.00928	0.01080	0.01058	0.00708	0.01002	0.00573	0.00671	0.00431	0.00314	0.00295	0.00098	0.00465	0.00233	0.00144	0.00484
17	0.90488	0.00655	0.00498	0.00445	0.00655	0.00760	0.00367	0.00996	0.00576	0.01520	0.00472	0.00550	0.00367	0.00314	0.00210	0.00105	0.00262	0.00183	0.00210	0.00367
18	0.00646	0.00471	0.00599	0.00587	0.00702	0.00482	0.02308	0.05096	0.15297	0.05515	0.10688	0.16812	0.08604	0.00839	0.03844	0.00146	0.00289	0.26378	0.00323	0.00373
19	0.00466	0.00358	0.00424	0.00400	0.00503	0.00314	0.00301	0.00596	0.00866	0.01174	0.48169	0.04656	0.32230	0.00729	0.00389	0.00106	0.00170	0.00628	0.02055	0.05466
20	0.00465	0.00359	0.00412	0.00418	0.00499	0.01131	0.00303	0.01522	0.00780	0.02302	0.20727	0.25181	0.38154	0.04323	0.00469	0.00127	0.01483	0.00728	0.00321	0.00297
21	0.02197	0.04864	0.25407	0.01887	0.06771	0.14496	0.06432	0.02845	0.05217	0.03665	0.02289	0.00788	0.00559	0.00324	0.00307	0.00090	0.00422	0.00262	0.00193	0.20986
22	0.01063	0.42426	0.01349	0.00736	0.00954	0.41118	0.00625	0.01160	0.00804	0.00813	0.00494	0.00587	0.00436	0.00336	0.00314	0.00084	0.05925	0.00206	0.00159	0.00411
23	0.01264	0.00937	0.01003	0.00775	0.01041	0.01039	0.00638	0.80429	0.06054	0.02097	0.00843	0.00837	0.00600	0.00409	0.00339	0.00102	0.00367	0.00309	0.00339	0.00574
24	0.00872	0.00671	0.04472	0.35240	0.01490	0.00687	0.05345	0.14517	0.00899	0.15347	0.04874	0.05776	0.03568	0.00442	0.00351	0.00110	0.00373	0.01664	0.02865	0.00438
25	0.00481	0.00351	0.00407	0.00400	0.00499	0.00307	0.00299	0.00591	0.00829	0.04984	0.29836	0.11589	0.45300	0.00806	0.00402	0.00114	0.00178	0.01979	0.00338	0.00310
26	0.00864	0.03240	0.05833	0.09760	0.03931	0.17411	0.00619	0.11116	0.16979	0.03162	0.06016	0.08794	0.08786	0.00505	0.00356	0.00107	0.01418	0.00410	0.00263	0.00432
27	0.00414	0.00297	0.00393	0.00467	0.00491	0.00276	0.00313	0.00475	0.00659	0.00876	0.03576	0.83415	0.05001	0.01047	0.00431	0.00136	0.00195	0.00948	0.00316	0.00276
28	0.01080	0.36334	0.01332	0.00816	0.05662	0.35498	0.02300	0.09773	0.00897	0.00976	0.00543	0.00625	0.00458	0.00325	0.00276	0.00083	0.00467	0.00220	0.00180	0.02155
29	0.00484	0.00360	0.00527	0.00526	0.00583	0.00412	0.00402	0.00597	0.00554	0.00795	0.03704	0.01442	0.00955	0.09443	0.77001	0.00512	0.00836	0.00382	0.00190	0.00295
30	0.88598	0.00653	0.00504	0.00449	0.00660	0.00754	0.00370	0.01010	0.00585	0.03319	0.00490	0.00563	0.00377	0.00317	0.00212	0.00105	0.00263	0.00187	0.00214	0.00371
31	0.64303	0.00703	0.00618	0.00533	0.00747	0.00800	0.00441	0.19833	0.00819	0.01624	0.00639	0.00832	0.00522	0.00378	0.00256	0.00108	0.00290	0.05899	0.00246	0.00410
32	0.00961	0.56320	0.01505	0.00727	0.05149	0.08702	0.04097	0.08124	0.00808	0.04760	0.00641	0.05644	0.00577	0.00355	0.00267	0.00085	0.00383	0.00262	0.00188	0.00446
33	0.00943	0.64758	0.01647	0.00704	0.00972	0.11928	0.07999	0.01064	0.00729	0.02073	0.00508	0.00602	0.00448	0.00312	0.00285	0.00082	0.04149	0.00212	0.00155	0.00431
34	0.00423	0.00341	0.00376	0.00373	0.00473	0.00295	0.00277	0.00527	0.00816	0.01034	0.25860	0.07637	0.58735	0.00824	0.00402	0.00113	0.00170	0.00700	0.00331	0.00295
35	0.00861	0.00737	0.00753	0.00674	0.00862	0.04370	0.00524	0.02899	0.72118	0.04163	0.03933	0.01341	0.04304	0.00475	0.00347	0.00113	0.00278	0.00393	0.00340	0.00516
36	0.00717	0.02146	0.17588	0.42081	0.12818	0.04200	0.01973	0.00946	0.00719	0.04202	0.00750	0.08984	0.00640	0.00400	0.00341	0.00111	0.00431	0.00351	0.00178	0.00422
37	0.00689	0.00440	0.00540	0.00528	0.00629	0.00441	0.00386	0.02181	0.17393	0.13870	0.09089	0.41582	0.03064	0.04745	0.01814	0.00139	0.00240	0.00674	0.01178	0.00378
38	0.00487	0.00321	0.00386	0.00399	0.00404	0.00320	0.00239	0.00489	0.00516	0.00690	0.01154	0.16352	0.01332	0.63230	0.04486	0.07889	0.00324	0.00550	0.00218	0.00215
39	0.16539	0.00554	0.00665	0.00559	0.00752	0.00549	0.03190	0.05624	0.06338	0.30267	0.09223	0.03727	0.13078	0.00619	0.04557	0.00131	0.00296	0.02561	0.00329	0.00441
40	0.00759	0.00791	0.04964	0.03236	0.46489	0.06124	0.02091	0.00938	0.02051	0.01024	0.02997	0.10229	0.06720	0.00468	0.00432	0.00111	0.09522	0.00403	0.00198	0.00454
41	0.00539	0.00427	0.00479	0.00514	0.00562	0.05607	0.00368	0.03927	0.00690	0.00891	0.01542	0.43305	0.02890	0.18095	0.05636	0.00196	0.00313	0.13452	0.00278	0.00288
42	0.00418	0.00300	0.00399	0.00477	0.00500	0.00280	0.00324	0.00482	0.00656	0.00872	0.01885	0.83044	0.03336	0.01053	0.00434	0.00138	0.00201	0.04610	0.00314	0.00277
43	0.00533	0.00492	0.03725	0.00862	0.18771	0.00437	0.04572	0.00651	0.00709	0.00958	0.04879	0.49869	0.10598	0.00800	0.00402	0.00124	0.00265	0.00730	0.00272	0.00350
44	0.04394	0.02184	0.20893	0.03016	0.07933	0.03796	0.32952	0.07203	0.02110	0.03691	0.00736	0.03307	0.00588	0.00362	0.00381	0.00111	0.03331	0.02348	0.00194	0.00467
45	0.01079	0.05566	0.02497	0.00925	0.05980	0.16079	0.13639	0.35733	0.01149	0.03889	0.00892	0.01033	0.04566	0.00408	0.00343	0.00102	0.00432	0.03786	0.01415	0.00487
46	0.05621	0.10428	0.09538	0.01992	0.06604	0.15008	0.23399	0.07978	0.00830	0.01923	0.00781	0.00925	0.05396	0.01438	0.00411	0.03847	0.02943	0.00316	0.00191	0.00430

[dist]
# distance from previous block
# <min> <max>
12	14

[block]
# block no. 10 follows, 83 sequences, length 31
# corresponding to MSA columns:
# 1145-1175
name=unknown_K
#
# <colnr> <probs for GDERKNQSTAVLIFYWHMCP>
#	G	D	E	R	K	N	Q	S	T	A	V	L	I	F	Y	W	H	M	C	P
0	0.00579	0.02721	0.00506	0.02480	0.00539	0.00350	0.00355	0.00509	0.00512	0.00678	0.00823	0.05633	0.00856	0.02057	0.04517	0.64985	0.00322	0.11204	0.00179	0.00195
1	0.00774	0.00903	0.14709	0.07068	0.12816	0.12783	0.03208	0.02471	0.05396	0.04680	0.01011	0.14605	0.02977	0.00665	0.06946	0.00145	0.02951	0.03781	0.00220	0.01890
2	0.00471	0.00366	0.02130	0.00497	0.00552	0.00330	0.01634	0.00577	0.03600	0.02290	0.01880	0.60518	0.09742	0.07353	0.00519	0.00148	0.00228	0.06567	0.00304	0.00295
3	0.01868	0.00477	0.00634	0.00552	0.00730	0.00423	0.00443	0.01183	0.00864	0.49716	0.02607	0.17258	0.09971	0.00647	0.00379	0.00118	0.00261	0.11041	0.00374	0.00455
4	0.00797	0.07455	0.50326	0.01029	0.03605	0.10126	0.15947	0.02199	0.03439	0.01055	0.00631	0.00749	0.00469	0.00321	0.00328	0.00104	0.00504	0.00275	0.00161	0.00480
5	0.04637	0.06474	0.22960	0.05089	0.06459	0.04100	0.20291	0.12421	0.08984	0.01228	0.00711	0.00830	0.00537	0.00368	0.01343	0.00112	0.02469	0.00305	0.00202	0.00481
6	0.00433	0.00316	0.00408	0.00475	0.00505	0.00301	0.00321	0.00531	0.04230	0.00896	0.03374	0.79012	0.04801	0.02096	0.00443	0.00138	0.00200	0.00919	0.00315	0.00286
7	0.00787	0.00738	0.01237	0.06025	0.71423	0.00745	0.00938	0.00967	0.00737	0.01045	0.00699	0.01034	0.00628	0.09759	0.00487	0.00127	0.00396	0.01566	0.00173	0.00490
8	0.00787	0.00999	0.24118	0.04988	0.29432	0.01650	0.03560	0.03668	0.06261	0.04687	0.00827	0.06659	0.00713	0.00423	0.00398	0.00112	0.06213	0.03822	0.00202	0.00481
9	0.00902	0.12762	0.09833	0.03842	0.28044	0.18605	0.14537	0.01953	0.02366	0.01004	0.00640	0.02812	0.00535	0.00332	0.00325	0.00098	0.00471	0.00296	0.00172	0.00466
10	0.00557	0.03022	0.00573	0.00514	0.00563	0.00507	0.00380	0.00677	0.05433	0.00810	0.01038	0.01626	0.04551	0.32667	0.29722	0.00336	0.11499	0.00409	0.04824	0.00293
11	0.11255	0.00461	0.00510	0.00468	0.00603	0.00458	0.00360	0.04820	0.08241	0.10301	0.23375	0.11398	0.21216	0.00650	0.00360	0.00111	0.00212	0.00547	0.04285	0.00371
12	0.00843	0.00728	0.00766	0.00689	0.00881	0.00843	0.00536	0.01800	0.85370	0.01417	0.01379	0.01264	0.01034	0.00460	0.00345	0.00115	0.00268	0.00383	0.00345	0.00536
13	0.00599	0.00364	0.00429	0.00412	0.00447	0.00362	0.00257	0.00650	0.03195	0.08778	0.01128	0.05410	0.01207	0.68947	0.05030	0.00299	0.00340	0.00486	0.01401	0.00259
14	0.00911	0.22114	0.08320	0.01061	0.01374	0.10645	0.40032	0.08541	0.00851	0.01076	0.00618	0.00764	0.00484	0.00311	0.00342	0.00100	0.01515	0.00305	0.00178	0.00457
15	0.00880	0.78458	0.11390	0.00624	0.00937	0.01277	0.00656	0.01021	0.00691	0.00828	0.00487	0.00563	0.00434	0.00293	0.00229	0.00076	0.00378	0.00189	0.00145	0.00442
16	0.07319	0.03231	0.00813	0.00610	0.00863	0.00621	0.00506	0.15201	0.01027	0.59676	0.01260	0.01158	0.04314	0.00431	0.00332	0.00104	0.00298	0.01315	0.00378	0.00543
17	0.00990	0.52707	0.04152	0.00826	0.10094	0.18785	0.00670	0.06536	0.00813	0.00932	0.00526	0.00612	0.00455	0.00312	0.00259	0.00082	0.00423	0.00212	0.00166	0.00448
18	0.00457	0.00370	0.00410	0.00397	0.00505	0.00335	0.00300	0.00626	0.06367	0.01095	0.30403	0.02897	0.51903	0.00778	0.00397	0.00112	0.00176	0.01821	0.00336	0.00314
19	0.12862	0.00638	0.00737	0.00610	0.00836	0.00653	0.00491	0.03506	0.28621	0.42916	0.03710	0.01143	0.00904	0.00427	0.00327	0.00108	0.00276	0.00341	0.00364	0.00528
20	0.00477	0.00360	0.00443	0.00417	0.00512	0.00328	0.00314	0.00639	0.02864	0.01261	0.64612	0.02611	0.20373	0.00711	0.00395	0.00107	0.00167	0.00619	0.00356	0.02434
21	0.00808	0.00871	0.01782	0.01361	0.07649	0.00828	0.67784	0.06486	0.00847	0.01144	0.00870	0.01055	0.06101	0.00332	0.00391	0.00112	0.00520	0.00407	0.00191	0.00459
22	0.00481	0.00385	0.00541	0.00544	0.00611	0.00375	0.05861	0.00628	0.06206	0.00972	0.10537	0.56629	0.09764	0.00902	0.00434	0.00130	0.02237	0.02141	0.00309	0.00312
23	0.10173	0.00420	0.00521	0.00502	0.00584	0.00465	0.00379	0.05728	0.00643	0.00971	0.06567	0.04082	0.04584	0.15653	0.46798	0.00377	0.00612	0.00410	0.00220	0.00310
24	0.08410	0.02904	0.02482	0.00946	0.07444	0.50378	0.06131	0.07216	0.05032	0.01047	0.00598	0.00696	0.00483	0.00358	0.00346	0.00097	0.04560	0.00251	0.00194	0.00427
25	0.03307	0.00529	0.00480	0.00463	0.00508	0.12569	0.00298	0.00679	0.00592	0.04295	0.01032	0.07442	0.01134	0.61859	0.03232	0.00271	0.00369	0.00466	0.00217	0.00259
26	0.00571	0.00466	0.00512	0.00488	0.00575	0.04626	0.00367	0.05994	0.01764	0.00973	0.09142	0.02193	0.26117	0.16255	0.18293	0.00239	0.03609	0.04795	0.02711	0.00310
27	0.00800	0.00780	0.01662	0.13818	0.31610	0.12663	0.04284	0.02322	0.02143	0.03541	0.09134	0.05342	0.03221	0.00571	0.06517	0.00136	0.00436	0.00375	0.00211	0.00434
28	0.00661	0.00614	0.00958	0.62502	0.08349	0.02011	0.00835	0.02789	0.00712	0.00928	0.00806	0.01051	0.06066	0.00459	0.03982	0.00126	0.00436	0.00323	0.00172	0.06219
29	0.02135	0.01873	0.05165	0.14343	0.15128	0.05038	0.02636	0.06754	0.06235	0.01097	0.12139	0.02376	0.05784	0.06417	0.10133	0.00170	0.01553	0.00390	0.00229	0.00403
30	0.00853	0.00722	0.06421	0.00627	0.00932	0.00558	0.05968	0.08606	0.00818	0.11129	0.00720	0.00804	0.00556	0.01722	0.00308	0.00074	0.00305	0.00247	0.00233	0.58398

[dist]
# distance from previous block
# <min> <max>
4	8

[block]
# block no. 11 follows, 83 sequences, length 25
# corresponding to MSA columns:
# 1329-1335,1732-1749
name=unknown_L
#
# <colnr> <probs for GDERKNQSTAVLIFYWHMCP>
#	G	D	E	R	K	N	Q	S	T	A	V	L	I	F	Y	W	H	M	C	P
0	0.00717	0.02124	0.43937	0.05728	0.15539	0.00746	0.06793	0.01023	0.02753	0.03294	0.00754	0.04439	0.00623	0.00493	0.04829	0.00133	0.02492	0.02935	0.00176	0.00471
1	0.00820	0.00826	0.03659	0.06978	0.72692	0.00805	0.07161	0.01034	0.00766	0.01090	0.00638	0.00844	0.00527	0.00303	0.00340	0.00102	0.00420	0.00308	0.00166	0.00520
2	0.00541	0.00377	0.00516	0.00507	0.00576	0.00410	0.00381	0.00666	0.03247	0.05220	0.01211	0.04310	0.08113	0.14785	0.57072	0.00427	0.00686	0.00430	0.00218	0.00307
3	0.00813	0.19678	0.45495	0.00902	0.01293	0.05632	0.09757	0.05549	0.05832	0.01080	0.00640	0.00732	0.00483	0.00326	0.00309	0.00100	0.00464	0.00261	0.00171	0.00482
