[name]
unknown

[dist]
# distance from previous block
# <min> <max>
3	30

[block]
# block no. 0 follows, 82 sequences, length 38
# corresponding to MSA columns:
# 30-67
name=unknown_A
#
# <colnr> <probs for GDERKNQSTAVLIFYWHMCP>
#	G	D	E	R	K	N	Q	S	T	A	V	L	I	F	Y	W	H	M	C	P
0	0.00930	0.00870	0.01630	0.01196	0.01504	0.02170	0.57142	0.05649	0.13104	0.10869	0.00873	0.00991	0.00634	0.00337	0.00384	0.00113	0.00490	0.00387	0.00236	0.00492
1	0.00503	0.00375	0.00471	0.00442	0.00533	0.00355	0.00333	0.00712	0.06464	0.01347	0.74845	0.02519	0.08413	0.00695	0.00400	0.00109	0.00169	0.00610	0.00371	0.00335
2	0.00495	0.00376	0.00562	0.00558	0.00618	0.00443	0.00435	0.00616	0.00549	0.00795	0.00905	0.01329	0.00845	0.02518	0.84555	0.00540	0.03006	0.00365	0.00182	0.00307
3	0.81608	0.00654	0.00532	0.00466	0.00682	0.00741	0.00384	0.01071	0.00621	0.09895	0.00563	0.00616	0.00418	0.00328	0.00225	0.00106	0.00267	0.00201	0.00233	0.00391
4	0.75641	0.00648	0.00551	0.00476	0.00697	0.00723	0.00392	0.01115	0.00648	0.15572	0.00621	0.00657	0.00450	0.00335	0.00234	0.00106	0.00269	0.00212	0.00247	0.00406
5	0.00932	0.84070	0.01753	0.00599	0.00886	0.05405	0.00589	0.01041	0.00708	0.00806	0.00478	0.00552	0.00439	0.00295	0.00224	0.00074	0.00378	0.00185	0.00148	0.00437
6	0.00697	0.05877	0.82194	0.00956	0.01452	0.00821	0.01232	0.01081	0.00721	0.01070	0.00607	0.00714	0.00434	0.00323	0.00320	0.00107	0.00499	0.00249	0.00145	0.00502
7	0.00420	0.00347	0.00368	0.00363	0.00472	0.00295	0.00272	0.00521	0.00817	0.01012	0.19666	0.03147	0.69450	0.00833	0.00404	0.00114	0.00171	0.00702	0.00329	0.00295
8	0.04682	0.01149	0.00901	0.00773	0.00984	0.38016	0.00603	0.20151	0.16551	0.10506	0.00847	0.00848	0.00629	0.00393	0.00323	0.00099	0.00445	0.00284	0.01333	0.00483
9	0.03526	0.00611	0.00795	0.00619	0.00877	0.00558	0.00509	0.05123	0.07368	0.74229	0.01311	0.01144	0.00840	0.00423	0.00341	0.00106	0.00292	0.00342	0.00409	0.00574
10	0.00433	0.00343	0.00389	0.00387	0.00482	0.00299	0.00287	0.00543	0.00833	0.01073	0.31469	0.10772	0.49823	0.00828	0.00407	0.00115	0.00172	0.00709	0.00338	0.00299
11	0.00473	0.00349	0.00441	0.00418	0.00504	0.00318	0.00314	0.00623	0.00941	0.01308	0.73950	0.02660	0.14982	0.00723	0.00404	0.00109	0.00163	0.00633	0.00368	0.00318
12	0.00411	0.00320	0.00374	0.00418	0.00481	0.00283	0.00292	0.00483	0.00711	0.00896	0.02596	0.49786	0.39773	0.00979	0.00422	0.00128	0.00187	0.00860	0.00318	0.00283
13	0.00915	0.88184	0.01793	0.00585	0.00878	0.01354	0.00585	0.01024	0.00695	0.00805	0.00476	0.00549	0.00439	0.00293	0.00219	0.00073	0.00366	0.00183	0.00146	0.00439
14	0.00768	0.00603	0.00713	0.00528	0.00810	0.00482	0.01424	0.02211	0.05039	0.07649	0.00915	0.00964	0.06707	0.00324	0.00279	0.00064	0.00257	0.00264	0.00237	0.69762
15	0.83642	0.00684	0.00542	0.00475	0.00692	0.00790	0.00392	0.07349	0.00660	0.01582	0.00502	0.00576	0.00386	0.00325	0.00222	0.00106	0.00273	0.00195	0.00222	0.00386
16	0.01278	0.00947	0.01014	0.00783	0.01052	0.01051	0.00645	0.80665	0.05683	0.02121	0.00849	0.00843	0.00604	0.00413	0.00342	0.00103	0.00371	0.00312	0.00342	0.00580
17	0.00595	0.00483	0.00688	0.00624	0.00704	0.01869	0.05656	0.06251	0.00634	0.00887	0.00894	0.02715	0.00861	0.15575	0.52745	0.00414	0.07496	0.00388	0.00196	0.00324
18	0.00921	0.01905	0.00885	0.10298	0.01074	0.10366	0.02515	0.17047	0.31622	0.02401	0.03485	0.01065	0.00809	0.00583	0.04940	0.04967	0.04040	0.00339	0.00274	0.00465
19	0.00826	0.00713	0.00750	0.00677	0.00866	0.00819	0.00526	0.01743	0.80503	0.01403	0.01508	0.01389	0.05779	0.00487	0.00351	0.00116	0.00265	0.00405	0.00346	0.00527
20	0.00886	0.00949	0.01075	0.43974	0.14470	0.25130	0.02094	0.04309	0.02092	0.00962	0.00612	0.00821	0.00479	0.00343	0.00333	0.00104	0.00490	0.00283	0.00172	0.00421
21	0.00534	0.00369	0.00406	0.00386	0.00509	0.00317	0.00295	0.00639	0.00822	0.09127	0.14439	0.02918	0.61799	0.00784	0.00393	0.00113	0.00184	0.01833	0.03810	0.00323
22	0.90395	0.00662	0.00503	0.00450	0.00662	0.00767	0.00370	0.01006	0.00582	0.01535	0.00476	0.00556	0.00370	0.00318	0.00212	0.00106	0.00265	0.00185	0.00212	0.00370
23	0.00492	0.00360	0.00514	0.00516	0.00565	0.00407	0.00386	0.00590	0.00546	0.00774	0.00975	0.01600	0.00967	0.19984	0.66765	0.00494	0.00779	0.02807	0.00192	0.00286
24	0.07838	0.00697	0.00841	0.00649	0.00913	0.00684	0.00536	0.25769	0.01134	0.55611	0.01133	0.01021	0.00736	0.00412	0.00334	0.00105	0.00314	0.00322	0.00385	0.00567
25	0.85987	0.00676	0.00529	0.00467	0.00681	0.00782	0.00384	0.05146	0.00633	0.01565	0.00493	0.00569	0.00381	0.00322	0.00218	0.00106	0.00270	0.00191	0.00218	0.00381
26	0.00828	0.28986	0.12516	0.00675	0.00918	0.00933	0.00635	0.13376	0.14794	0.01152	0.00901	0.10829	0.00810	0.00660	0.08769	0.00145	0.02033	0.00355	0.00232	0.00453
27	0.00906	0.84832	0.05067	0.00600	0.00901	0.01332	0.00612	0.01027	0.00696	0.00816	0.00481	0.00555	0.00439	0.00294	0.00224	0.00075	0.00371	0.00186	0.00146	0.00442
28	0.00695	0.00478	0.00573	0.00511	0.00596	0.00515	0.02856	0.10874	0.05951	0.03008	0.01042	0.03543	0.00986	0.33950	0.06091	0.00216	0.05466	0.00410	0.21906	0.00333
29	0.00709	0.00608	0.00709	0.00507	0.00811	0.00456	0.00405	0.00861	0.00709	0.01115	0.00608	0.00709	0.00507	0.00253	0.00253	0.00051	0.00253	0.00203	0.00203	0.90069
30	0.00841	0.00815	0.02450	0.12109	0.29508	0.00825	0.24246	0.12809	0.02762	0.01214	0.00853	0.02626	0.04783	0.00372	0.00379	0.00110	0.02241	0.00367	0.00206	0.00483
31	0.00700	0.00478	0.00576	0.00513	0.00650	0.00462	0.01696	0.14437	0.01938	0.09473	0.26792	0.13683	0.23930	0.00715	0.00393	0.00114	0.00228	0.02495	0.00347	0.00380
32	0.00527	0.00472	0.00459	0.00442	0.00560	0.06222	0.00336	0.00715	0.08744	0.01066	0.20896	0.02777	0.51612	0.00760	0.00394	0.00113	0.00214	0.03037	0.00324	0.00328
33	0.00692	0.00511	0.00586	0.00559	0.00681	0.00535	0.00418	0.06581	0.27993	0.06456	0.09340	0.30348	0.09642	0.02670	0.00419	0.00127	0.00238	0.01461	0.00338	0.00406
34	0.00794	0.00659	0.00755	0.00550	0.00847	0.00549	0.00443	0.12423	0.03000	0.01266	0.00657	0.00739	0.00531	0.00280	0.00268	0.00059	0.00271	0.00222	0.00226	0.75461
35	0.01269	0.00931	0.01001	0.00775	0.01042	0.01031	0.00638	0.76003	0.08438	0.04033	0.00880	0.00866	0.00626	0.00415	0.00343	0.00104	0.00366	0.00315	0.00345	0.00578
36	0.00648	0.01848	0.03009	0.02467	0.02375	0.02716	0.00452	0.09348	0.03326	0.01068	0.06834	0.03866	0.01022	0.08212	0.36071	0.02379	0.00551	0.00386	0.13075	0.00348
37	0.00534	0.00376	0.00546	0.00536	0.00604	0.00425	0.00415	0.00656	0.00596	0.03952	0.06612	0.01439	0.01022	0.05114	0.71361	0.00478	0.01910	0.00385	0.02726	0.00315

[dist]
# distance from previous block
# <min> <max>
10	105

[block]
# block no. 1 follows, 82 sequences, length 7
# corresponding to MSA columns:
# 175-181
name=unknown_B
#
# <colnr> <probs for GDERKNQSTAVLIFYWHMCP>
#	G	D	E	R	K	N	Q	S	T	A	V	L	I	F	Y	W	H	M	C	P
0	0.06597	0.11757	0.25879	0.00975	0.01318	0.11998	0.23737	0.05494	0.04848	0.01123	0.00647	0.00763	0.00493	0.00324	0.00325	0.00102	0.00483	0.00285	0.00182	0.02670
1	0.07064	0.05011	0.00886	0.02456	0.00928	0.13391	0.00556	0.36465	0.01126	0.10485	0.00888	0.07865	0.00744	0.05727	0.02360	0.00125	0.00388	0.00348	0.00287	0.02900
2	0.00550	0.00389	0.00457	0.00460	0.00559	0.00359	0.00345	0.06150	0.00820	0.05935	0.07806	0.29474	0.37022	0.00871	0.00412	0.00124	0.00212	0.07400	0.00329	0.00326
3	0.10798	0.08494	0.03579	0.00650	0.00798	0.20225	0.02246	0.02620	0.04071	0.02390	0.01042	0.22213	0.03612	0.01860	0.06863	0.00146	0.05150	0.00448	0.01328	0.01469
4	0.00533	0.00389	0.00494	0.00490	0.00558	0.00399	0.00363	0.02711	0.03475	0.02881	0.17387	0.16845	0.12653	0.14389	0.16842	0.00236	0.03205	0.05556	0.00285	0.00310
5	0.00819	0.00599	0.00709	0.00525	0.00805	0.00476	0.00420	0.04624	0.00784	0.11956	0.00862	0.04053	0.03713	0.00334	0.00281	0.00066	0.00259	0.00272	0.00245	0.68197
6	0.00682	0.00652	0.01111	0.57490	0.15452	0.00766	0.06166	0.00890	0.00695	0.00923	0.00682	0.05897	0.00577	0.00392	0.00402	0.00116	0.06187	0.00349	0.00165	0.00405

[dist]
# distance from previous block
# <min> <max>
0	2

[block]
# block no. 2 follows, 82 sequences, length 29
# corresponding to MSA columns:
# 186-214
name=unknown_C
#
# <colnr> <probs for GDERKNQSTAVLIFYWHMCP>
#	G	D	E	R	K	N	Q	S	T	A	V	L	I	F	Y	W	H	M	C	P
0	0.07092	0.05975	0.07303	0.00859	0.13898	0.01818	0.00641	0.16090	0.00930	0.17592	0.01686	0.00837	0.00600	0.00340	0.00302	0.00089	0.00336	0.00270	0.00259	0.23081
1	0.18559	0.30188	0.01141	0.04839	0.00964	0.28297	0.00577	0.03091	0.00780	0.01014	0.00515	0.00609	0.00435	0.00324	0.00271	0.00087	0.01715	0.00207	0.00177	0.06210
2	0.00638	0.00484	0.04713	0.05018	0.00745	0.00467	0.01350	0.02028	0.03366	0.08395	0.01116	0.09764	0.01066	0.12971	0.32784	0.00308	0.01629	0.05760	0.07057	0.00343
3	0.00730	0.09275	0.60978	0.00962	0.03866	0.03716	0.06481	0.01075	0.02400	0.01076	0.05793	0.00842	0.00625	0.00346	0.00326	0.00105	0.00473	0.00282	0.00166	0.00484
4	0.00444	0.00350	0.00401	0.00398	0.00492	0.00311	0.00295	0.00571	0.02395	0.01094	0.33838	0.12145	0.44403	0.00819	0.00406	0.00115	0.00173	0.00704	0.00340	0.00305
5	0.00828	0.00796	0.04190	0.06950	0.54297	0.03210	0.00901	0.03733	0.03258	0.03917	0.00863	0.07481	0.03399	0.00410	0.00382	0.00108	0.04216	0.00368	0.00202	0.00494
6	0.00796	0.00726	0.02367	0.08193	0.04142	0.04630	0.01801	0.10833	0.01575	0.01175	0.00690	0.04956	0.00594	0.00353	0.00350	0.00080	0.06267	0.00278	0.00214	0.49981
7	0.00454	0.00380	0.00407	0.00389	0.00516	0.00322	0.00291	0.00572	0.02908	0.00981	0.08058	0.10117	0.62293	0.00798	0.00390	0.00110	0.00186	0.00673	0.00310	0.09846
8	0.00476	0.00412	0.04585	0.00491	0.00580	0.00343	0.00396	0.00611	0.00810	0.01099	0.33614	0.24715	0.13759	0.00892	0.02939	0.00137	0.00235	0.13267	0.00327	0.00314
9	0.00827	0.01202	0.34219	0.08958	0.27770	0.04951	0.03264	0.04604	0.04682	0.03940	0.00687	0.00823	0.00520	0.00338	0.00347	0.00107	0.01787	0.00288	0.00182	0.00505
10	0.05371	0.41805	0.07546	0.00728	0.00986	0.35055	0.00656	0.02658	0.00817	0.00897	0.00513	0.00594	0.00438	0.00322	0.00264	0.00084	0.00471	0.00205	0.00165	0.00426
11	0.53661	0.00872	0.00711	0.00601	0.00826	0.12164	0.00487	0.24526	0.00921	0.01617	0.00580	0.00638	0.00439	0.00348	0.00261	0.00103	0.00342	0.00224	0.00244	0.00433
12	0.00574	0.00484	0.06608	0.00508	0.00630	0.00393	0.01550	0.03594	0.01753	0.05401	0.15286	0.22340	0.20583	0.03660	0.00438	0.00127	0.00238	0.08380	0.07113	0.00339
13	0.00443	0.00348	0.00400	0.00387	0.00486	0.00305	0.00290	0.00565	0.00870	0.01139	0.42981	0.02938	0.46055	0.00786	0.00404	0.00112	0.00168	0.00672	0.00346	0.00305
14	0.00724	0.03287	0.05597	0.00751	0.09131	0.03835	0.06332	0.06645	0.07590	0.05369	0.23931	0.01850	0.17954	0.00556	0.00366	0.00107	0.00290	0.01159	0.04115	0.00411
15	0.00915	0.88184	0.01793	0.00585	0.00878	0.01354	0.00585	0.01024	0.00695	0.00805	0.00476	0.00549	0.00439	0.00293	0.00219	0.00073	0.00366	0.00183	0.00146	0.00439
16	0.00584	0.00302	0.00443	0.00443	0.00444	0.00303	0.00294	0.00454	0.00453	0.00605	0.00641	0.01142	0.00652	0.08028	0.03702	0.80567	0.00317	0.00315	0.00154	0.00157
17	0.00868	0.70458	0.17163	0.00655	0.00986	0.01231	0.00705	0.01031	0.00700	0.00863	0.00504	0.00584	0.00439	0.00298	0.00239	0.00079	0.00389	0.00196	0.00147	0.02464
18	0.18545	0.00661	0.00779	0.02290	0.05143	0.00674	0.00530	0.12864	0.09375	0.38200	0.01115	0.03456	0.01821	0.00435	0.00325	0.00109	0.00301	0.02525	0.00339	0.00512
19	0.01377	0.00571	0.00755	0.00592	0.00830	0.00511	0.00481	0.04063	0.04113	0.70353	0.06065	0.01324	0.02721	0.04112	0.00407	0.00116	0.00285	0.00374	0.00404	0.00545
20	0.00688	0.00680	0.07277	0.00778	0.00986	0.00593	0.21642	0.07236	0.07100	0.03674	0.18784	0.05807	0.14646	0.01785	0.02480	0.00129	0.00351	0.04676	0.00283	0.00405
21	0.00868	0.11939	0.48713	0.01048	0.14084	0.03113	0.01029	0.03589	0.00789	0.10706	0.00689	0.00770	0.00502	0.00332	0.00316	0.00102	0.00448	0.00263	0.00187	0.00511
22	0.00740	0.00819	0.01712	0.02298	0.01557	0.00778	0.67447	0.00989	0.00784	0.01053	0.01028	0.04419	0.09649	0.00432	0.02045	0.00125	0.03048	0.00454	0.00193	0.00430
23	0.00551	0.00317	0.00459	0.00462	0.00477	0.00331	0.00317	0.00491	0.00485	0.00660	0.00781	0.04882	0.00802	0.11924	0.21075	0.54811	0.00440	0.00365	0.00171	0.00197
24	0.04993	0.12622	0.20654	0.07586	0.05969	0.04762	0.11938	0.14383	0.01766	0.05720	0.00712	0.00819	0.01767	0.00358	0.00360	0.00105	0.04511	0.00290	0.00206	0.00479
25	0.00564	0.01857	0.00621	0.00577	0.00616	0.00509	0.00445	0.00608	0.00521	0.00746	0.00756	0.01175	0.00724	0.03466	0.48399	0.22916	0.14715	0.00338	0.00169	0.00278
26	0.00904	0.00476	0.00632	0.00564	0.00701	0.00470	0.00444	0.05462	0.00801	0.31133	0.02234	0.11057	0.05676	0.09100	0.18970	0.00231	0.02949	0.07476	0.00313	0.00408
27	0.00460	0.00323	0.00381	0.00406	0.00429	0.00309	0.00254	0.00495	0.00597	0.00786	0.04418	0.30842	0.11027	0.46473	0.01114	0.00236	0.00264	0.00685	0.00262	0.00244
28	0.02555	0.20750	0.09980	0.09642	0.28768	0.05415	0.06898	0.03313	0.05299	0.03306	0.00657	0.00792	0.00525	0.00324	0.00312	0.00098	0.00422	0.00278	0.00182	0.00485

[dist]
# distance from previous block
# <min> <max>
1	2

[block]
# block no. 3 follows, 82 sequences, length 6
# corresponding to MSA columns:
# 217-222
name=unknown_D
#
# <colnr> <probs for GDERKNQSTAVLIFYWHMCP>
#	G	D	E	R	K	N	Q	S	T	A	V	L	I	F	Y	W	H	M	C	P
0	0.00458	0.00342	0.00460	0.00511	0.00543	0.00344	0.00366	0.00540	0.00696	0.00945	0.12184	0.64315	0.02238	0.00983	0.00481	0.00137	0.05953	0.07896	0.00314	0.00293
1	0.05255	0.04814	0.05781	0.05397	0.22238	0.03347	0.00684	0.03174	0.02403	0.05372	0.06487	0.07450	0.00988	0.02761	0.13312	0.00182	0.04173	0.05537	0.00225	0.00419
2	0.00643	0.00481	0.00550	0.00584	0.05872	0.05728	0.00396	0.00774	0.03855	0.09369	0.17217	0.23215	0.18015	0.09041	0.00523	0.00138	0.00253	0.02689	0.00311	0.00346
3	0.02644	0.25794	0.14461	0.02099	0.07736	0.07468	0.02246	0.04040	0.02201	0.03988	0.11076	0.01197	0.09815	0.00436	0.00341	0.00098	0.03370	0.00339	0.00218	0.00432
4	0.04169	0.04503	0.02811	0.00659	0.00867	0.07353	0.03568	0.20192	0.09130	0.04353	0.00844	0.01060	0.00708	0.10862	0.12243	0.00181	0.00435	0.00315	0.00248	0.15500
5	0.00931	0.02627	0.04712	0.02927	0.13468	0.18500	0.07493	0.06916	0.05850	0.07495	0.00777	0.00967	0.00637	0.05314	0.11144	0.00168	0.03503	0.00310	0.00216	0.06045

[dist]
# distance from previous block
# <min> <max>
3	59

[block]
# block no. 4 follows, 82 sequences, length 25
# corresponding to MSA columns:
# 282-306
name=unknown_E
#
# <colnr> <probs for GDERKNQSTAVLIFYWHMCP>
#	G	D	E	R	K	N	Q	S	T	A	V	L	I	F	Y	W	H	M	C	P
0	0.00476	0.00348	0.00446	0.00424	0.00506	0.00319	0.00317	0.00628	0.00945	0.01322	0.76621	0.04280	0.10646	0.00722	0.00404	0.00109	0.00163	0.00635	0.00370	0.00319
1	0.00477	0.00345	0.00450	0.00433	0.00509	0.00318	0.00321	0.00628	0.00937	0.01320	0.76792	0.09992	0.04722	0.00735	0.00406	0.00110	0.00165	0.00651	0.00370	0.00318
2	0.00928	0.85053	0.01763	0.00596	0.00884	0.04437	0.00588	0.01037	0.00705	0.00806	0.00477	0.00551	0.00439	0.00295	0.00223	0.00074	0.00375	0.00184	0.00147	0.00437
3	0.00432	0.00340	0.00390	0.00399	0.00487	0.00299	0.00294	0.00535	0.00809	0.01037	0.25115	0.17722	0.47072	0.00859	0.00411	0.00119	0.00178	0.02872	0.00333	0.00297
4	0.90395	0.00662	0.00503	0.00450	0.00662	0.00767	0.00370	0.01006	0.00582	0.01535	0.00476	0.00556	0.00370	0.00318	0.00212	0.00106	0.00265	0.00185	0.00212	0.00370
5	0.00815	0.03008	0.01049	0.00867	0.00905	0.01031	0.00723	0.08017	0.00633	0.03121	0.00513	0.00771	0.00478	0.00608	0.02632	0.00150	0.73807	0.00300	0.00174	0.00398
6	0.00931	0.72336	0.08141	0.00687	0.04909	0.01235	0.00654	0.01068	0.00718	0.05874	0.00546	0.00612	0.00467	0.00303	0.00240	0.00079	0.00374	0.00203	0.00164	0.00457
7	0.00754	0.00611	0.00739	0.00683	0.04636	0.01657	0.04417	0.16882	0.20710	0.01395	0.20313	0.12136	0.10115	0.00603	0.00375	0.00112	0.00269	0.00522	0.02639	0.00431
8	0.00807	0.00479	0.00568	0.00508	0.00651	0.00476	0.00399	0.04054	0.15703	0.17629	0.25713	0.03243	0.05976	0.00562	0.00352	0.00106	0.00221	0.04357	0.17778	0.00417
9	0.01236	0.00926	0.00991	0.00774	0.01036	0.01031	0.00635	0.72891	0.13526	0.02053	0.00903	0.00886	0.00648	0.00418	0.00343	0.00105	0.00361	0.00319	0.00343	0.00576
10	0.00594	0.00381	0.00489	0.00446	0.00549	0.00350	0.00340	0.02137	0.00965	0.09199	0.70390	0.02413	0.07381	0.00672	0.00394	0.00107	0.00178	0.00588	0.02077	0.00349
11	0.00967	0.00773	0.00823	0.00700	0.00909	0.00874	0.00555	0.27489	0.52577	0.01648	0.05152	0.01195	0.00997	0.00456	0.00345	0.00110	0.00295	0.00371	0.03227	0.00537
12	0.00760	0.00606	0.00715	0.00513	0.00815	0.00459	0.00411	0.00911	0.00726	0.06366	0.00654	0.00737	0.00528	0.00264	0.00259	0.00054	0.00256	0.00211	0.00216	0.84539
13	0.00470	0.00349	0.00438	0.00416	0.00503	0.00317	0.00312	0.00619	0.00936	0.01295	0.71589	0.02681	0.17350	0.00728	0.00404	0.00109	0.00163	0.00636	0.00366	0.00317
14	0.00445	0.00345	0.00411	0.00406	0.00495	0.00311	0.00302	0.00565	0.00838	0.01107	0.39005	0.09566	0.37853	0.00915	0.05764	0.00141	0.00216	0.00675	0.00335	0.00304
15	0.00915	0.88184	0.01793	0.00585	0.00878	0.01354	0.00585	0.01024	0.00695	0.00805	0.00476	0.00549	0.00439	0.00293	0.00219	0.00073	0.00366	0.00183	0.00146	0.00439
16	0.90395	0.00662	0.00503	0.00450	0.00662	0.00767	0.00370	0.01006	0.00582	0.01535	0.00476	0.00556	0.00370	0.00318	0.00212	0.00106	0.00265	0.00185	0.00212	0.00370
17	0.00473	0.00353	0.00447	0.00500	0.00570	0.00332	0.00395	0.00579	0.00739	0.00941	0.02264	0.24683	0.25691	0.04907	0.00502	0.00149	0.00246	0.35623	0.00311	0.00293
18	0.00804	0.00579	0.00613	0.00542	0.00697	0.00632	0.00424	0.15982	0.29881	0.01476	0.08497	0.01399	0.05062	0.00471	0.00317	0.00100	0.00237	0.00385	0.31463	0.00441
19	0.00421	0.00301	0.00400	0.00478	0.00499	0.00282	0.00321	0.00482	0.00655	0.00872	0.01867	0.84085	0.02235	0.02841	0.00464	0.00143	0.00204	0.02859	0.00315	0.00277
20	0.00916	0.00699	0.00855	0.06065	0.13267	0.03600	0.00609	0.28759	0.03500	0.07432	0.06187	0.14792	0.06463	0.00610	0.02650	0.00123	0.00344	0.02371	0.00298	0.00462
21	0.00894	0.00878	0.01320	0.05945	0.71024	0.07944	0.00995	0.04867	0.00828	0.01130	0.00640	0.00829	0.00531	0.00315	0.00336	0.00101	0.00425	0.00298	0.00177	0.00524
22	0.01153	0.01018	0.01130	0.00925	0.04977	0.15625	0.11851	0.43646	0.04138	0.03750	0.00759	0.00817	0.00563	0.00374	0.00349	0.00099	0.01623	0.00302	0.00273	0.06628
23	0.01024	0.00756	0.00828	0.00687	0.00901	0.00832	0.00550	0.33801	0.34638	0.07945	0.13102	0.01273	0.01159	0.00474	0.00353	0.00109	0.00298	0.00386	0.00355	0.00529
24	0.00604	0.00484	0.00702	0.23373	0.05678	0.00531	0.00617	0.01676	0.06698	0.01009	0.04046	0.10787	0.01396	0.06983	0.00499	0.00146	0.00334	0.30802	0.03283	0.00352

[dist]
# distance from previous block
# <min> <max>
1	1

[block]
# block no. 5 follows, 82 sequences, length 17
# corresponding to MSA columns:
# 309-325
name=unknown_F
#
# <colnr> <probs for GDERKNQSTAVLIFYWHMCP>
#	G	D	E	R	K	N	Q	S	T	A	V	L	I	F	Y	W	H	M	C	P
0	0.01039	0.01062	0.00856	0.00758	0.00948	0.31725	0.00585	0.12131	0.38965	0.01306	0.06286	0.01061	0.00905	0.00432	0.00337	0.00104	0.00402	0.00331	0.00287	0.00481
1	0.03343	0.02783	0.00794	0.05205	0.05598	0.09698	0.02136	0.00789	0.00618	0.00844	0.02238	0.02317	0.00809	0.30283	0.03579	0.00201	0.22061	0.00364	0.00186	0.06153
2	0.00461	0.00351	0.00469	0.00477	0.00542	0.00368	0.00356	0.00560	0.00625	0.00843	0.04475	0.11844	0.20700	0.08286	0.47611	0.00371	0.00593	0.00536	0.00238	0.00292
3	0.13651	0.00680	0.00788	0.00619	0.00873	0.04262	0.00508	0.10941	0.00995	0.61417	0.01136	0.01019	0.00734	0.00404	0.00324	0.00105	0.00311	0.00313	0.00375	0.00545
4	0.90395	0.00662	0.00503	0.00450	0.00662	0.00767	0.00370	0.01006	0.00582	0.01535	0.00476	0.00556	0.00370	0.00318	0.00212	0.00106	0.00265	0.00185	0.00212	0.00370
5	0.05767	0.07824	0.01262	0.13261	0.35987	0.03539	0.08237	0.04709	0.00817	0.13036	0.00721	0.00858	0.00550	0.00335	0.00340	0.00103	0.01649	0.00300	0.00211	0.00495
6	0.00487	0.00339	0.00440	0.00452	0.00479	0.00359	0.00306	0.00546	0.00546	0.00761	0.01136	0.14229	0.01236	0.41107	0.32854	0.00376	0.00523	0.00512	0.03054	0.00257
7	0.00423	0.00313	0.00396	0.00455	0.00499	0.00287	0.00316	0.00497	0.00700	0.00914	0.06438	0.64170	0.18109	0.01009	0.00430	0.00134	0.00196	0.04110	0.00320	0.00284
8	0.01208	0.11122	0.01056	0.00810	0.01020	0.52121	0.00638	0.20380	0.04667	0.01171	0.02328	0.00723	0.00554	0.00371	0.00310	0.00091	0.00510	0.00251	0.00222	0.00448
9	0.02803	0.13651	0.10641	0.07132	0.07721	0.10060	0.11145	0.05559	0.03067	0.05168	0.03190	0.02277	0.00615	0.00401	0.00458	0.00109	0.15054	0.00306	0.00196	0.00447
10	0.00603	0.00654	0.07593	0.00884	0.03920	0.00566	0.26890	0.00773	0.00719	0.00992	0.02913	0.37110	0.05224	0.00673	0.00443	0.00125	0.05194	0.00634	0.03720	0.00370
11	0.00421	0.00335	0.00373	0.00389	0.00473	0.00292	0.00280	0.00507	0.00762	0.00957	0.13110	0.23535	0.52160	0.04262	0.00464	0.00129	0.00184	0.00761	0.00321	0.00287
12	0.02255	0.04383	0.20887	0.12057	0.19156	0.02301	0.13678	0.04339	0.02972	0.06716	0.01812	0.00946	0.01916	0.02260	0.01960	0.00120	0.01249	0.00320	0.00196	0.00476
13	0.03373	0.28505	0.07577	0.01085	0.19785	0.08903	0.10779	0.03259	0.02693	0.05315	0.00674	0.03686	0.00569	0.00349	0.00320	0.00096	0.02081	0.00290	0.00188	0.00470
14	0.00711	0.00545	0.00727	0.01706	0.06910	0.03237	0.04031	0.06073	0.02689	0.06727	0.04049	0.08822	0.01082	0.18605	0.16905	0.02703	0.06277	0.04764	0.00239	0.03197
15	0.00426	0.00311	0.00389	0.00443	0.00478	0.00287	0.00297	0.00488	0.00670	0.00878	0.05340	0.61838	0.15297	0.10475	0.00572	0.00155	0.00208	0.00868	0.00308	0.00274
16	0.00860	0.05568	0.16390	0.03392	0.23603	0.04904	0.07881	0.02888	0.04304	0.10195	0.04333	0.06271	0.02958	0.00413	0.00358	0.00106	0.02057	0.00362	0.00224	0.02933

[dist]
# distance from previous block
# <min> <max>
1	57

[block]
# block no. 6 follows, 82 sequences, length 10
# corresponding to MSA columns:
# 383-392
name=unknown_G
#
# <colnr> <probs for GDERKNQSTAVLIFYWHMCP>
#	G	D	E	R	K	N	Q	S	T	A	V	L	I	F	Y	W	H	M	C	P
0	0.00643	0.07169	0.10372	0.00550	0.00721	0.02578	0.00482	0.06110	0.07470	0.04100	0.12088	0.16319	0.24188	0.03496	0.02070	0.00128	0.00283	0.00566	0.00291	0.00376
1	0.00715	0.00669	0.09845	0.02510	0.00830	0.02338	0.02066	0.02562	0.04084	0.08768	0.11313	0.06094	0.15237	0.00496	0.00333	0.00092	0.00275	0.00418	0.03445	0.27910
2	0.03649	0.00672	0.00827	0.00714	0.06464	0.03328	0.05683	0.10846	0.04727	0.04221	0.00999	0.05408	0.07219	0.00518	0.05219	0.00110	0.00341	0.00336	0.00243	0.38476
3	0.00618	0.00511	0.00723	0.07241	0.11027	0.01570	0.03223	0.03815	0.03333	0.00964	0.02966	0.18056	0.03328	0.13902	0.14432	0.00220	0.06664	0.01731	0.05327	0.00349
4	0.00684	0.00544	0.00766	0.04201	0.13517	0.02823	0.04607	0.07211	0.00721	0.03980	0.03524	0.06406	0.01022	0.23454	0.22752	0.00280	0.00505	0.02421	0.00223	0.00359
5	0.00680	0.00619	0.06391	0.05504	0.16398	0.00541	0.06276	0.04391	0.00850	0.06456	0.20716	0.05298	0.17371	0.03215	0.00421	0.00119	0.00305	0.03769	0.00278	0.00402
6	0.00656	0.05201	0.00799	0.03531	0.23124	0.00556	0.00553	0.05536	0.00866	0.03372	0.22325	0.05364	0.25569	0.00601	0.00371	0.00108	0.00266	0.00522	0.00283	0.00399
7	0.00966	0.01948	0.04680	0.14180	0.28968	0.03753	0.03764	0.12160	0.08687	0.13152	0.00866	0.03887	0.00672	0.00384	0.00344	0.00107	0.00391	0.00338	0.00246	0.00509
8	0.00960	0.05073	0.01356	0.03211	0.41906	0.03657	0.12155	0.20462	0.05478	0.01343	0.00719	0.00854	0.00565	0.00337	0.00342	0.00103	0.00421	0.00315	0.00218	0.00527
9	0.00845	0.00826	0.08063	0.18918	0.33651	0.02858	0.00870	0.06718	0.11026	0.05984	0.00922	0.02632	0.04404	0.00387	0.00344	0.00108	0.00391	0.00342	0.00221	0.00491

[dist]
# distance from previous block
# <min> <max>
19	33

[block]
# block no. 7 follows, 82 sequences, length 10
# corresponding to MSA columns:
# 426-435
name=unknown_H
#
# <colnr> <probs for GDERKNQSTAVLIFYWHMCP>
#	G	D	E	R	K	N	Q	S	T	A	V	L	I	F	Y	W	H	M	C	P
0	0.00919	0.01054	0.06165	0.01138	0.07274	0.20112	0.33611	0.03895	0.09244	0.02575	0.06169	0.00970	0.00729	0.00369	0.00396	0.00108	0.04255	0.00350	0.00211	0.00456
1	0.00781	0.03631	0.10045	0.13687	0.12911	0.13392	0.05292	0.04691	0.02888	0.02222	0.04085	0.03797	0.13979	0.00536	0.02816	0.00121	0.02251	0.02240	0.00218	0.00418
2	0.02222	0.02269	0.21531	0.16793	0.03725	0.02621	0.09470	0.04879	0.06737	0.03865	0.09288	0.11007	0.01000	0.00470	0.00376	0.00114	0.02560	0.00411	0.00227	0.00434
3	0.12270	0.00773	0.07886	0.25100	0.22598	0.04077	0.05466	0.00943	0.00712	0.02917	0.00771	0.10610	0.00696	0.02140	0.00376	0.01287	0.00399	0.00367	0.00191	0.00421
4	0.00670	0.00606	0.00643	0.00574	0.00704	0.09041	0.05777	0.06750	0.13088	0.01062	0.06400	0.07014	0.27029	0.16671	0.00631	0.00153	0.00304	0.02242	0.00283	0.00355
5	0.00504	0.00472	0.08946	0.00501	0.00578	0.00380	0.00400	0.00572	0.00587	0.00802	0.03352	0.18967	0.07201	0.23589	0.19497	0.12196	0.00429	0.00532	0.00222	0.00273
6	0.00757	0.00801	0.04505	0.05205	0.05472	0.04013	0.24500	0.02460	0.02481	0.00982	0.00758	0.01230	0.00697	0.06090	0.00711	0.00142	0.28568	0.08603	0.01622	0.00403
7	0.00758	0.01466	0.54743	0.01236	0.15824	0.04511	0.14463	0.01092	0.00756	0.01080	0.00628	0.00771	0.00466	0.00317	0.00339	0.00107	0.00505	0.00284	0.00155	0.00500
8	0.00585	0.00583	0.14428	0.00512	0.00638	0.00416	0.00456	0.00713	0.00658	0.03943	0.01347	0.04853	0.07978	0.33790	0.00882	0.00198	0.00312	0.13144	0.14253	0.00312
9	0.00816	0.00776	0.01296	0.04200	0.63664	0.00788	0.06823	0.01089	0.09143	0.01111	0.00748	0.00986	0.00633	0.05940	0.00434	0.00119	0.00402	0.00332	0.00189	0.00510

[dist]
# distance from previous block
# <min> <max>
15	98

[block]
# block no. 8 follows, 82 sequences, length 13
# corresponding to MSA columns:
# 562-574
name=unknown_I
#
# <colnr> <probs for GDERKNQSTAVLIFYWHMCP>
#	G	D	E	R	K	N	Q	S	T	A	V	L	I	F	Y	W	H	M	C	P
0	0.00629	0.00587	0.00978	0.80844	0.02219	0.00725	0.00902	0.00846	0.00687	0.00876	0.00760	0.04058	0.03722	0.00387	0.00348	0.00115	0.00436	0.00343	0.00164	0.00373
1	0.00907	0.00676	0.00781	0.00694	0.03371	0.01961	0.00531	0.35254	0.07943	0.03359	0.03436	0.11926	0.00988	0.00875	0.13289	0.05165	0.00410	0.03011	0.00292	0.05131
2	0.00473	0.00344	0.00408	0.00418	0.00463	0.00338	0.00286	0.00528	0.00606	0.00786	0.01748	0.06307	0.22728	0.42096	0.14682	0.00290	0.00377	0.06624	0.00244	0.00255
3	0.00686	0.01769	0.86206	0.00975	0.01481	0.00794	0.01264	0.01083	0.00722	0.01083	0.00614	0.00722	0.00433	0.00325	0.00325	0.00108	0.00506	0.00253	0.00144	0.00506
4	0.00749	0.00457	0.00549	0.00518	0.00619	0.00453	0.00372	0.06940	0.10410	0.16288	0.01541	0.32232	0.05362	0.21060	0.00705	0.00172	0.00266	0.00622	0.00316	0.00369
5	0.00694	0.00602	0.00749	0.00548	0.00835	0.00463	0.04286	0.00846	0.00710	0.01097	0.00698	0.06594	0.00626	0.00310	0.00273	0.00060	0.00265	0.00264	0.00209	0.79873
6	0.00922	0.12058	0.00844	0.00634	0.00774	0.20868	0.00490	0.04655	0.15919	0.05381	0.00756	0.00917	0.00632	0.00673	0.00679	0.32565	0.00379	0.00283	0.00213	0.00356
7	0.66834	0.00796	0.00625	0.00588	0.03933	0.12359	0.00449	0.01122	0.03612	0.06212	0.00571	0.00634	0.00437	0.00333	0.00242	0.00104	0.00319	0.00210	0.00222	0.00398
8	0.00644	0.01033	0.32271	0.00928	0.01209	0.00688	0.20813	0.00889	0.00699	0.00994	0.00977	0.17078	0.03697	0.00695	0.08076	0.00159	0.08091	0.00452	0.00193	0.00416
9	0.01038	0.08767	0.17002	0.03472	0.02107	0.17546	0.00735	0.25301	0.07537	0.05463	0.03731	0.00919	0.02977	0.00395	0.00325	0.00100	0.00423	0.00298	0.00251	0.01613
10	0.00473	0.00369	0.00419	0.00414	0.00506	0.00338	0.00303	0.03097	0.03223	0.01077	0.25538	0.15803	0.40850	0.05459	0.00477	0.00128	0.00191	0.00698	0.00330	0.00308
11	0.00708	0.03539	0.17509	0.00649	0.02785	0.05956	0.00593	0.02185	0.08258	0.04097	0.23995	0.01526	0.09697	0.00484	0.00340	0.00096	0.00305	0.00402	0.00268	0.16610
12	0.00479	0.00333	0.00405	0.00422	0.00447	0.00328	0.00274	0.00525	0.00602	0.00807	0.08927	0.18579	0.05594	0.49320	0.06794	0.00270	0.00321	0.05074	0.00253	0.00247

[dist]
# distance from previous block
# <min> <max>
0	3

[block]
# block no. 9 follows, 82 sequences, length 12
# corresponding to MSA columns:
# 581-592
name=unknown_J
#
# <colnr> <probs for GDERKNQSTAVLIFYWHMCP>
#	G	D	E	R	K	N	Q	S	T	A	V	L	I	F	Y	W	H	M	C	P
0	0.00878	0.17732	0.28656	0.00814	0.02576	0.00915	0.04047	0.10189	0.21093	0.05496	0.03727	0.00927	0.00718	0.00377	0.00319	0.00103	0.00387	0.00301	0.00238	0.00506
1	0.00647	0.00618	0.01062	0.78461	0.02248	0.00748	0.06160	0.00873	0.00695	0.00890	0.00723	0.01004	0.03730	0.00359	0.00348	0.00114	0.00453	0.00326	0.00160	0.00382
2	0.00527	0.00398	0.00546	0.00527	0.00577	0.00446	0.01973	0.00650	0.04226	0.00824	0.03326	0.05715	0.01081	0.26962	0.43270	0.00394	0.05193	0.00437	0.02633	0.00293
3	0.21924	0.02103	0.12107	0.04417	0.15374	0.01805	0.07702	0.14410	0.02841	0.04760	0.03734	0.03270	0.03348	0.00388	0.00319	0.00107	0.00370	0.00322	0.00233	0.00466
4	0.00522	0.00368	0.00421	0.00427	0.00482	0.00357	0.00286	0.00635	0.06876	0.03658	0.03351	0.19977	0.19768	0.38354	0.00982	0.00214	0.00261	0.02505	0.00277	0.00281
5	0.24972	0.00657	0.00732	0.00589	0.00827	0.00669	0.00482	0.13855	0.06348	0.41153	0.05573	0.01033	0.00821	0.00411	0.00312	0.00106	0.00289	0.00314	0.00348	0.00509
6	0.00843	0.19859	0.52807	0.00876	0.01276	0.16721	0.01011	0.01123	0.00762	0.00980	0.00569	0.00666	0.00436	0.00323	0.00300	0.00097	0.00497	0.00232	0.00151	0.00472
7	0.02007	0.00949	0.08211	0.00995	0.02214	0.02375	0.28592	0.31363	0.04604	0.07095	0.02251	0.00942	0.00638	0.02453	0.00401	0.00113	0.01484	0.00345	0.00261	0.02707
8	0.00418	0.00307	0.00392	0.00456	0.00492	0.00281	0.00310	0.00485	0.00685	0.00901	0.05533	0.72264	0.14167	0.01027	0.00431	0.00134	0.00193	0.00922	0.00320	0.00281
9	0.00485	0.00331	0.00373	0.00378	0.00387	0.00325	0.00218	0.00496	0.00528	0.00696	0.01307	0.07671	0.07632	0.76015	0.01559	0.00303	0.00311	0.00544	0.00222	0.00218
10	0.00863	0.15437	0.10508	0.03686	0.04970	0.18961	0.03397	0.06662	0.06360	0.01908	0.08698	0.09398	0.04207	0.00497	0.01307	0.00107	0.02000	0.00380	0.00228	0.00424
11	0.00706	0.00604	0.00703	0.00510	0.00803	0.00464	0.00407	0.00885	0.03435	0.01133	0.03446	0.00789	0.00614	0.00275	0.00261	0.00055	0.00251	0.00222	0.00213	0.84223

[dist]
# distance from previous block
# <min> <max>
10	117

[block]
# block no. 10 follows, 82 sequences, length 69
# corresponding to MSA columns:
# 743-811
name=unknown_K
#
# <colnr> <probs for GDERKNQSTAVLIFYWHMCP>
#	G	D	E	R	K	N	Q	S	T	A	V	L	I	F	Y	W	H	M	C	P
0	0.01710	0.12011	0.24143	0.03780	0.11766	0.03447	0.02254	0.14999	0.11032	0.03365	0.01572	0.00885	0.02339	0.00375	0.00349	0.00103	0.03439	0.00295	0.00221	0.01915
1	0.06009	0.00498	0.01872	0.00483	0.00621	0.02648	0.00377	0.04697	0.03981	0.07655	0.17596	0.11416	0.29242	0.02435	0.02768	0.00127	0.01506	0.00568	0.00312	0.05190
2	0.00791	0.00599	0.00843	0.32984	0.02529	0.02624	0.03321	0.03240	0.06923	0.13178	0.04520	0.06822	0.05754	0.03459	0.00399	0.00116	0.00352	0.02590	0.00252	0.08702
3	0.90395	0.00662	0.00503	0.00450	0.00662	0.00767	0.00370	0.01006	0.00582	0.01535	0.00476	0.00556	0.00370	0.00318	0.00212	0.00106	0.00265	0.00185	0.00212	0.00370
4	0.00458	0.00323	0.00404	0.00447	0.00503	0.00292	0.00311	0.00536	0.00723	0.03851	0.09883	0.57513	0.21559	0.00968	0.00423	0.00130	0.00192	0.00861	0.00327	0.00295
5	0.02166	0.00666	0.00778	0.00639	0.00852	0.00690	0.00513	0.21966	0.20959	0.28494	0.14224	0.04276	0.01237	0.00493	0.00355	0.00109	0.00284	0.00407	0.00372	0.00520
6	0.01576	0.37046	0.14977	0.02107	0.08735	0.02878	0.17893	0.06440	0.00788	0.01031	0.00581	0.00709	0.00473	0.00317	0.00324	0.00095	0.03133	0.00264	0.00167	0.00468
7	0.00427	0.00307	0.00408	0.00486	0.00512	0.00287	0.00335	0.00495	0.00668	0.00886	0.01916	0.79071	0.04193	0.01057	0.00439	0.00140	0.00207	0.07567	0.00317	0.00281
8	0.00505	0.00374	0.00436	0.00413	0.00520	0.00339	0.00312	0.00670	0.04739	0.04251	0.43364	0.02764	0.38554	0.00750	0.00399	0.00111	0.00176	0.00643	0.00352	0.00328
9	0.00894	0.00823	0.03511	0.00864	0.05719	0.10252	0.12147	0.15295	0.12708	0.05009	0.05607	0.01151	0.03013	0.01534	0.12924	0.00174	0.04068	0.00360	0.03496	0.00451
10	0.03288	0.08934	0.01134	0.01918	0.04416	0.02261	0.07557	0.26181	0.11301	0.06540	0.00770	0.00862	0.00597	0.00457	0.01479	0.00119	0.21134	0.00310	0.00253	0.00489
11	0.01048	0.00697	0.00789	0.00650	0.00859	0.00743	0.00521	0.28598	0.24524	0.17117	0.17234	0.01351	0.01269	0.00482	0.00353	0.00107	0.00286	0.00396	0.02462	0.00515
12	0.00419	0.00329	0.00380	0.00415	0.00488	0.00290	0.00298	0.00500	0.00737	0.00926	0.06220	0.37911	0.44675	0.00947	0.00420	0.00126	0.00189	0.04125	0.00320	0.00287
13	0.00969	0.07191	0.07086	0.00768	0.00984	0.16022	0.04391	0.24209	0.05133	0.03745	0.01065	0.06095	0.01813	0.00539	0.00363	0.00114	0.00404	0.18389	0.00272	0.00449
14	0.02515	0.05743	0.05353	0.03702	0.02931	0.10113	0.00625	0.27163	0.07371	0.17554	0.01031	0.07630	0.03163	0.00463	0.00362	0.00106	0.03017	0.00362	0.00298	0.00498
15	0.00760	0.00510	0.00572	0.00509	0.00653	0.00511	0.00394	0.18415	0.06315	0.08724	0.11882	0.14366	0.22401	0.00657	0.00366	0.00110	0.00233	0.00554	0.11669	0.00398
16	0.00930	0.84593	0.01758	0.00598	0.00885	0.04891	0.00588	0.01038	0.00706	0.00806	0.00478	0.00552	0.00439	0.00295	0.00223	0.00074	0.00376	0.00184	0.00148	0.00437
17	0.00451	0.00348	0.00412	0.00396	0.00491	0.00309	0.00297	0.00582	0.00891	0.01188	0.51863	0.02858	0.37144	0.00768	0.00404	0.00111	0.00166	0.00661	0.00352	0.00309
18	0.00915	0.88184	0.01793	0.00585	0.00878	0.01354	0.00585	0.01024	0.00695	0.00805	0.00476	0.00549	0.00439	0.00293	0.00219	0.00073	0.00366	0.00183	0.00146	0.00439
19	0.00487	0.00326	0.00416	0.00458	0.00509	0.00298	0.00316	0.00559	0.00705	0.05804	0.07668	0.61690	0.13703	0.04761	0.00481	0.00140	0.00204	0.00857	0.00323	0.00297
20	0.00672	0.00635	0.01074	0.75925	0.13380	0.00767	0.00963	0.00897	0.00697	0.00906	0.00613	0.00903	0.00467	0.00337	0.00342	0.00112	0.00449	0.00304	0.00154	0.00401
21	0.01259	0.00628	0.00787	0.00605	0.00872	0.00562	0.00493	0.07011	0.08930	0.52380	0.01143	0.01044	0.00767	0.00386	0.00323	0.00094	0.00286	0.00312	0.00359	0.21759
22	0.01997	0.00890	0.01176	0.00922	0.01161	0.05844	0.21149	0.27899	0.22982	0.02829	0.00928	0.03167	0.00714	0.00420	0.00410	0.00113	0.06250	0.00362	0.00279	0.00507
23	0.00424	0.00305	0.00403	0.00472	0.00500	0.00284	0.00320	0.00494	0.00685	0.00917	0.08655	0.77555	0.04273	0.01035	0.00434	0.00136	0.00197	0.02307	0.00322	0.00282
24	0.01427	0.00585	0.00776	0.00606	0.00854	0.00526	0.00495	0.02913	0.06790	0.74292	0.04029	0.01235	0.00941	0.02421	0.00378	0.00112	0.00288	0.00359	0.00411	0.00563
25	0.00963	0.01107	0.01002	0.00882	0.00957	0.36770	0.00704	0.01044	0.00711	0.00828	0.00494	0.00709	0.00456	0.00546	0.02969	0.00134	0.48912	0.00268	0.00162	0.00382
26	0.01278	0.01630	0.00969	0.00881	0.01058	0.86605	0.00661	0.01366	0.00969	0.00837	0.00529	0.00617	0.00441	0.00353	0.00308	0.00088	0.00617	0.00220	0.00176	0.00397
27	0.00428	0.00346	0.00380	0.00375	0.00477	0.00298	0.00280	0.00535	0.00830	0.01051	0.26938	0.05789	0.59427	0.00825	0.00405	0.00114	0.00171	0.00700	0.00335	0.00298
28	0.00457	0.00356	0.00434	0.00410	0.00509	0.00316	0.01428	0.00590	0.00891	0.01189	0.51661	0.02828	0.36166	0.00761	0.00404	0.00111	0.00172	0.00657	0.00350	0.00311
29	0.00436	0.00326	0.00405	0.00432	0.00493	0.00295	0.00306	0.00535	0.00785	0.01048	0.29672	0.40925	0.21282	0.00904	0.00419	0.00123	0.00181	0.00800	0.00337	0.00295
30	0.00842	0.00718	0.00759	0.00680	0.00870	0.00823	0.00529	0.05050	0.76304	0.01442	0.04319	0.01366	0.03803	0.00483	0.00352	0.00115	0.00268	0.00402	0.00348	0.00528
31	0.90395	0.00662	0.00503	0.00450	0.00662	0.00767	0.00370	0.01006	0.00582	0.01535	0.00476	0.00556	0.00370	0.00318	0.00212	0.00106	0.00265	0.00185	0.00212	0.00370
32	0.70356	0.00695	0.00600	0.00510	0.00735	0.00784	0.00420	0.12453	0.00757	0.09151	0.00601	0.00646	0.00442	0.00340	0.00241	0.00105	0.00282	0.00216	0.00248	0.00418
33	0.04581	0.00695	0.00745	0.00653	0.00839	0.00780	0.00512	0.15872	0.50635	0.02523	0.13249	0.05109	0.01297	0.00508	0.00353	0.00113	0.00270	0.00423	0.00345	0.00499
34	0.01275	0.00945	0.01012	0.00782	0.01051	0.01049	0.00644	0.79985	0.06369	0.02115	0.00854	0.00847	0.00608	0.00414	0.00343	0.00103	0.00370	0.00312	0.00343	0.00579
35	0.00617	0.00453	0.00554	0.00581	0.02971	0.01452	0.00407	0.14075	0.02572	0.02162	0.03955	0.56418	0.01768	0.00987	0.06353	0.00156	0.00287	0.00746	0.03136	0.00349
36	0.00420	0.00345	0.00370	0.00369	0.00473	0.00295	0.00275	0.00520	0.00810	0.01008	0.19319	0.07162	0.65758	0.00844	0.00406	0.00115	0.00172	0.00714	0.00329	0.00295
37	0.00755	0.00662	0.00855	0.00626	0.00922	0.00552	0.08760	0.05107	0.06719	0.01184	0.00697	0.01820	0.00571	0.00289	0.00281	0.00065	0.00292	0.00250	0.00218	0.69374
38	0.65191	0.00713	0.00830	0.06893	0.00999	0.00793	0.15659	0.03382	0.00659	0.01425	0.00535	0.00655	0.00409	0.00317	0.00260	0.00108	0.00338	0.00237	0.00204	0.00394
39	0.00428	0.00303	0.00397	0.00464	0.00485	0.00285	0.00307	0.00486	0.00653	0.00874	0.05344	0.75719	0.02203	0.09631	0.00564	0.00157	0.00210	0.00911	0.00309	0.00273
40	0.03148	0.00867	0.00821	0.00698	0.00906	0.13289	0.00553	0.25766	0.29083	0.08158	0.03346	0.01214	0.05866	0.00461	0.00341	0.00106	0.00342	0.01652	0.02885	0.00501
41	0.00859	0.43212	0.37929	0.00765	0.01147	0.01068	0.00877	0.05775	0.00768	0.03918	0.00584	0.00660	0.00459	0.00318	0.00276	0.00091	0.00424	0.00225	0.00166	0.00480
42	0.00646	0.00605	0.01017	0.79156	0.06427	0.00742	0.00927	0.00865	0.00687	0.00886	0.00665	0.04686	0.00539	0.00372	0.00346	0.00114	0.00442	0.00333	0.00160	0.00384
43	0.00435	0.00324	0.00407	0.00459	0.00505	0.00302	0.00316	0.00537	0.03403	0.00945	0.09888	0.63967	0.15278	0.00986	0.00426	0.00132	0.00193	0.00882	0.00324	0.00292
44	0.00750	0.00716	0.00854	0.00768	0.00891	0.13983	0.09891	0.06964	0.02104	0.01012	0.01121	0.08764	0.01960	0.02238	0.15110	0.00204	0.09938	0.22127	0.00239	0.00367
45	0.00973	0.00810	0.00926	0.00815	0.04466	0.14277	0.09138	0.12206	0.12106	0.13880	0.02364	0.11160	0.04667	0.00636	0.05681	0.00138	0.04597	0.00423	0.00282	0.00454
46	0.00723	0.15888	0.72414	0.00911	0.01382	0.00886	0.01153	0.01074	0.00718	0.01038	0.00591	0.00694	0.00434	0.00320	0.00308	0.00103	0.00483	0.00241	0.00145	0.00495
47	0.00426	0.00303	0.00399	0.00468	0.00494	0.00282	0.00315	0.00491	0.00677	0.00909	0.07530	0.77693	0.04416	0.01035	0.00443	0.01354	0.00196	0.00926	0.01363	0.00280
48	0.02174	0.01072	0.00936	0.00796	0.01001	0.30041	0.05071	0.22044	0.23359	0.01355	0.02256	0.01029	0.02055	0.02657	0.00373	0.00109	0.00429	0.01672	0.01096	0.00474
49	0.03217	0.02920	0.02238	0.04496	0.32058	0.14836	0.08128	0.03935	0.03529	0.08342	0.02184	0.10011	0.00794	0.00426	0.00347	0.00106	0.00413	0.01329	0.00224	0.00469
50	0.00963	0.00712	0.00880	0.07799	0.15557	0.08188	0.01945	0.13325	0.03075	0.18313	0.01263	0.13781	0.06952	0.00542	0.00365	0.00113	0.00349	0.05128	0.00290	0.00460
51	0.00792	0.00862	0.00677	0.00667	0.00748	0.34225	0.00488	0.00864	0.00763	0.00847	0.01181	0.37037	0.01321	0.07006	0.00535	0.00135	0.07103	0.04182	0.00241	0.00328
52	0.00755	0.00622	0.00725	0.00521	0.00823	0.00482	0.00418	0.04361	0.00754	0.03343	0.00636	0.00726	0.00519	0.00264	0.00259	0.00054	0.00259	0.00211	0.00214	0.84055
53	0.44812	0.00713	0.00709	0.00575	0.00816	0.00769	0.00475	0.21796	0.00940	0.24180	0.00794	0.00783	0.00549	0.00369	0.00279	0.00105	0.00299	0.00258	0.00300	0.00479
54	0.00431	0.00307	0.00408	0.00484	0.00508	0.00289	0.00331	0.00496	0.00659	0.00876	0.01844	0.77316	0.02195	0.04841	0.00496	0.00149	0.00214	0.07566	0.00313	0.00278
55	0.00847	0.00813	0.01388	0.02100	0.85844	0.00813	0.01050	0.01050	0.00779	0.01118	0.00643	0.00847	0.00542	0.00305	0.00339	0.00102	0.00406	0.00305	0.00169	0.00542
56	0.00450	0.00341	0.00378	0.00375	0.00444	0.00309	0.00257	0.00524	0.00724	0.00929	0.19095	0.04722	0.40217	0.28796	0.00834	0.00184	0.00222	0.00635	0.00294	0.00269
57	0.00646	0.00608	0.01026	0.87156	0.02356	0.00760	0.00950	0.00874	0.00684	0.00874	0.00608	0.00912	0.00456	0.00342	0.00342	0.00114	0.00456	0.00304	0.00152	0.00380
58	0.00446	0.00349	0.00408	0.00430	0.00513	0.00316	0.00320	0.00568	0.02934	0.01009	0.16824	0.25139	0.40015	0.00888	0.00417	0.00124	0.00193	0.08478	0.00328	0.00301
59	0.00634	0.00547	0.00776	0.00708	0.00746	0.00676	0.03220	0.00716	0.00613	0.04391	0.01184	0.31647	0.05622	0.00863	0.05173	0.00162	0.41179	0.00568	0.00232	0.00344
60	0.01254	0.00711	0.00825	0.00666	0.00905	0.01691	0.00539	0.19442	0.25723	0.39787	0.01232	0.01121	0.00844	0.00431	0.00341	0.00107	0.00303	0.00347	0.03170	0.00560
