[name]
unknown

[dist]
# distance from previous block
# <min> <max>
0	26

[block]
# block no. 0 follows, 84 sequences, length 7
# corresponding to MSA columns:
# 324-330
name=unknown_A
#
# <colnr> <probs for GDERKNQSTAVLIFYWHMCP>
#	G	D	E	R	K	N	Q	S	T	A	V	L	I	F	Y	W	H	M	C	P
0	0.00616	0.01852	0.00663	0.02861	0.02326	0.01861	0.00477	0.05487	0.04380	0.02055	0.05609	0.13220	0.08548	0.03011	0.24346	0.00238	0.12666	0.03753	0.00238	0.05793
1	0.00570	0.02711	0.02274	0.03189	0.06731	0.00477	0.02085	0.03731	0.02616	0.01005	0.11622	0.23553	0.12529	0.08332	0.03960	0.00145	0.03729	0.00563	0.00261	0.09915
2	0.00596	0.09242	0.05812	0.10848	0.12521	0.00582	0.00577	0.00789	0.06502	0.00963	0.03965	0.26875	0.13914	0.00642	0.00362	0.00113	0.00290	0.02577	0.00247	0.02583
3	0.00837	0.34162	0.13438	0.08667	0.08711	0.04045	0.02224	0.04272	0.00746	0.05618	0.00705	0.07264	0.00629	0.02966	0.00331	0.00098	0.00381	0.00297	0.00186	0.04423
4	0.00815	0.29184	0.18487	0.00708	0.03930	0.05108	0.00674	0.03922	0.05708	0.05811	0.06845	0.01110	0.03218	0.02834	0.04619	0.00122	0.00393	0.03828	0.00211	0.02473
5	0.00693	0.07128	0.02361	0.01985	0.02665	0.00567	0.03831	0.03078	0.03992	0.04238	0.10290	0.02658	0.03258	0.07969	0.08821	0.00146	0.03694	0.00340	0.00229	0.32057
6	0.05015	0.04261	0.03646	0.00582	0.02610	0.00536	0.02978	0.05107	0.02954	0.17407	0.07481	0.05297	0.10406	0.03730	0.00368	0.00098	0.00273	0.00376	0.00276	0.26598

[dist]
# distance from previous block
# <min> <max>
7	17

[block]
# block no. 1 follows, 84 sequences, length 17
# corresponding to MSA columns:
# 348-357,360-366
name=unknown_B
#
# <colnr> <probs for GDERKNQSTAVLIFYWHMCP>
#	G	D	E	R	K	N	Q	S	T	A	V	L	I	F	Y	W	H	M	C	P
0	0.01887	0.00472	0.00548	0.00496	0.00618	0.01802	0.00380	0.07912	0.10659	0.06827	0.49170	0.07361	0.09247	0.00644	0.00379	0.00108	0.00208	0.00555	0.00353	0.00375
1	0.00717	0.00599	0.00707	0.02619	0.00836	0.00467	0.00417	0.00891	0.03144	0.03127	0.00636	0.00727	0.00519	0.00261	0.00255	0.00054	0.00255	0.00210	0.00207	0.83353
2	0.00397	0.00340	0.00340	0.00340	0.00453	0.00283	0.00255	0.00481	0.00765	0.00906	0.03399	0.03229	0.85981	0.00850	0.00397	0.00113	0.00170	0.00708	0.00312	0.00283
3	0.06172	0.00549	0.00723	0.00566	0.00803	0.00487	0.00464	0.01494	0.00931	0.72412	0.07979	0.01221	0.00991	0.00430	0.00332	0.00103	0.00270	0.00350	0.03191	0.00532
4	0.00407	0.00335	0.00359	0.00372	0.00469	0.00287	0.00276	0.00494	0.00756	0.00924	0.07248	0.15744	0.66583	0.00874	0.00403	0.00118	0.00178	0.03575	0.00314	0.00284
5	0.00897	0.88411	0.01758	0.00574	0.00861	0.01327	0.00574	0.01005	0.00682	0.00789	0.00466	0.00538	0.00431	0.00287	0.00215	0.00072	0.00359	0.00179	0.00144	0.00431
6	0.00458	0.00319	0.00369	0.00388	0.00406	0.00307	0.00236	0.00482	0.00559	0.00731	0.01527	0.23569	0.11380	0.56403	0.01237	0.00254	0.00275	0.00629	0.00243	0.00230
7	0.90090	0.00677	0.00522	0.00469	0.00679	0.00774	0.00381	0.01014	0.00597	0.01540	0.00507	0.00600	0.00401	0.00337	0.00225	0.00111	0.00273	0.00195	0.00221	0.00384
8	0.03020	0.00800	0.00920	0.09389	0.05517	0.00893	0.00636	0.41720	0.24456	0.05777	0.00953	0.00958	0.00695	0.00403	0.00332	0.00105	0.00339	0.00322	0.02234	0.00528
9	0.02676	0.02330	0.00876	0.00711	0.00897	0.06362	0.00577	0.43756	0.06952	0.02596	0.00821	0.00959	0.00652	0.00813	0.15746	0.02243	0.07439	0.01563	0.01563	0.00468
10	0.03354	0.02242	0.15088	0.03703	0.08987	0.09808	0.10246	0.21120	0.13392	0.01332	0.00830	0.03165	0.00662	0.00425	0.01663	0.00113	0.00425	0.02725	0.00238	0.00484
11	0.00516	0.00384	0.00466	0.00469	0.00542	0.00382	0.00342	0.00725	0.12945	0.01064	0.27478	0.20299	0.11800	0.09175	0.00581	0.05634	0.00217	0.06356	0.00313	0.00313
12	0.00673	0.00636	0.01077	0.70354	0.19052	0.00756	0.00951	0.00892	0.00689	0.00905	0.00603	0.00882	0.00464	0.00328	0.00335	0.00109	0.00438	0.00298	0.00152	0.00404
13	0.01024	0.00468	0.00606	0.00500	0.00686	0.00406	0.00400	0.01150	0.00914	0.47988	0.21108	0.01916	0.20247	0.00573	0.00364	0.00106	0.00231	0.00481	0.00382	0.00449
14	0.90579	0.00649	0.00493	0.00441	0.00649	0.00753	0.00363	0.00986	0.00571	0.01505	0.00467	0.00545	0.00363	0.00311	0.00208	0.00104	0.00260	0.00182	0.00208	0.00363
15	0.00448	0.00326	0.00438	0.00475	0.00514	0.00331	0.00338	0.00527	0.00614	0.00832	0.04352	0.39115	0.06155	0.12765	0.26927	0.00282	0.00429	0.04597	0.00259	0.00276
16	0.04682	0.00630	0.02535	0.00602	0.00787	0.00653	0.00483	0.04806	0.41837	0.15365	0.20305	0.01501	0.03365	0.00498	0.00348	0.00109	0.00251	0.00417	0.00349	0.00477

[dist]
# distance from previous block
# <min> <max>
1	2

[block]
# block no. 2 follows, 84 sequences, length 22
# corresponding to MSA columns:
# 403-413,463-473
name=unknown_C
#
# <colnr> <probs for GDERKNQSTAVLIFYWHMCP>
#	G	D	E	R	K	N	Q	S	T	A	V	L	I	F	Y	W	H	M	C	P
0	0.02459	0.14179	0.06812	0.02196	0.09779	0.09362	0.03826	0.17064	0.07124	0.13740	0.00857	0.01746	0.02687	0.00369	0.00310	0.00095	0.00375	0.00293	0.00251	0.06477
1	0.03556	0.18447	0.18510	0.03125	0.07943	0.02880	0.03049	0.10525	0.10818	0.04867	0.03774	0.06473	0.01524	0.00420	0.00318	0.00102	0.00368	0.02609	0.00229	0.00463
2	0.00714	0.00595	0.00709	0.00540	0.03039	0.00454	0.00415	0.00862	0.00703	0.03234	0.00642	0.02530	0.00542	0.00271	0.00257	0.00054	0.00252	0.00221	0.00206	0.83763
3	0.01091	0.00936	0.00855	0.03413	0.01810	0.22159	0.00575	0.29377	0.10944	0.09380	0.00900	0.04350	0.00723	0.05361	0.02755	0.00125	0.01676	0.00330	0.02777	0.00465
4	0.00854	0.00896	0.00841	0.00763	0.00844	0.26505	0.00598	0.07631	0.00767	0.00933	0.00844	0.17607	0.00880	0.01936	0.01700	0.00131	0.31133	0.04560	0.00211	0.00366
5	0.00601	0.00507	0.00580	0.01882	0.03973	0.06611	0.02671	0.02218	0.05399	0.03824	0.43853	0.02277	0.23012	0.00645	0.00380	0.00106	0.00231	0.00556	0.00324	0.00350
6	0.00487	0.00327	0.00376	0.00376	0.00380	0.00331	0.00216	0.00494	0.00491	0.00658	0.01048	0.02144	0.01197	0.83184	0.06703	0.00338	0.00359	0.00480	0.00202	0.00209
7	0.00729	0.00602	0.00702	0.00511	0.00800	0.00471	0.00408	0.02327	0.03945	0.03478	0.00666	0.01886	0.00550	0.00274	0.00258	0.00056	0.00251	0.00221	0.00214	0.81649
8	0.05135	0.01036	0.00862	0.00745	0.00950	0.28015	0.00582	0.19557	0.33381	0.04894	0.00935	0.00915	0.00702	0.00401	0.00322	0.00101	0.00396	0.00300	0.00284	0.00489
9	0.00551	0.00450	0.00662	0.17043	0.07845	0.00456	0.03116	0.00712	0.02482	0.03098	0.22308	0.17831	0.17542	0.00672	0.00385	0.00116	0.00265	0.03839	0.00282	0.00345
10	0.00527	0.00398	0.00475	0.00475	0.00565	0.00393	0.00353	0.04329	0.09592	0.02316	0.18821	0.27591	0.21416	0.02012	0.05815	0.00149	0.00248	0.03876	0.00319	0.00330
11	0.03920	0.00756	0.00853	0.00678	0.00919	0.00801	0.00553	0.39376	0.16331	0.26153	0.05330	0.01060	0.00851	0.00427	0.00336	0.00104	0.00313	0.00338	0.00357	0.00545
12	0.00713	0.00679	0.01141	0.50745	0.33681	0.00780	0.00958	0.00919	0.00697	0.00944	0.00601	0.00862	0.00478	0.00335	0.00375	0.00109	0.05097	0.00298	0.00155	0.00432
13	0.00529	0.00400	0.00558	0.00538	0.00585	0.00466	0.00406	0.02831	0.00568	0.00809	0.04201	0.02608	0.00959	0.17185	0.53344	0.04172	0.08968	0.00389	0.00193	0.00290
14	0.00759	0.00694	0.01124	0.72862	0.15512	0.00805	0.00982	0.00952	0.00747	0.00986	0.00695	0.01010	0.00549	0.00391	0.00375	0.00127	0.00470	0.00329	0.00184	0.00446
15	0.00863	0.77505	0.09964	0.00610	0.00911	0.01249	0.00634	0.00999	0.00680	0.00816	0.00492	0.00577	0.00441	0.00353	0.02662	0.00088	0.00387	0.00191	0.00144	0.00433
16	0.00644	0.00607	0.01025	0.82832	0.06799	0.00748	0.00937	0.00866	0.00676	0.00870	0.00598	0.00891	0.00452	0.00333	0.00335	0.00111	0.00445	0.00298	0.00150	0.00381
17	0.00797	0.00760	0.01284	0.10117	0.71272	0.00775	0.02149	0.01019	0.03053	0.01091	0.03980	0.00914	0.00639	0.00322	0.00336	0.00102	0.00393	0.00314	0.00177	0.00507
18	0.02019	0.00533	0.00608	0.02904	0.04211	0.06103	0.00442	0.06585	0.06072	0.13485	0.07553	0.34124	0.10691	0.00721	0.00381	0.00118	0.00264	0.02495	0.00313	0.00380
19	0.04106	0.01078	0.00998	0.00901	0.06597	0.36667	0.09800	0.12766	0.02252	0.07494	0.00811	0.08166	0.00705	0.00425	0.00334	0.00100	0.00459	0.03148	0.00233	0.02959
20	0.03489	0.00713	0.01155	0.20636	0.45657	0.01993	0.04990	0.01006	0.04007	0.03634	0.07612	0.01005	0.00751	0.00378	0.01480	0.00110	0.00395	0.00329	0.00195	0.00466
21	0.00927	0.00772	0.00771	0.00678	0.00872	0.10164	0.00535	0.08435	0.45689	0.08701	0.01174	0.01278	0.00923	0.00553	0.04488	0.00128	0.00345	0.06297	0.00309	0.06964

[dist]
# distance from previous block
# <min> <max>
0	4

[block]
# block no. 3 follows, 84 sequences, length 13
# corresponding to MSA columns:
# 523-535
name=unknown_D
#
# <colnr> <probs for GDERKNQSTAVLIFYWHMCP>
#	G	D	E	R	K	N	Q	S	T	A	V	L	I	F	Y	W	H	M	C	P
0	0.00553	0.00389	0.00508	0.00518	0.00572	0.00408	0.00379	0.05391	0.00682	0.04429	0.02816	0.39449	0.04223	0.12289	0.15162	0.00225	0.05280	0.06147	0.00273	0.00306
1	0.00830	0.00706	0.00737	0.00658	0.00838	0.03446	0.00511	0.06265	0.62559	0.03018	0.03154	0.06271	0.04438	0.00499	0.00358	0.00112	0.01685	0.00413	0.00328	0.03175
2	0.00474	0.00334	0.00394	0.00420	0.00457	0.00327	0.00279	0.00561	0.04102	0.00834	0.01644	0.31079	0.11959	0.33820	0.03619	0.00213	0.00267	0.03250	0.05703	0.00263
3	0.00523	0.00360	0.00430	0.00405	0.00507	0.00325	0.00306	0.00669	0.02506	0.06054	0.46570	0.04116	0.29460	0.00708	0.00383	0.00107	0.00172	0.00609	0.05466	0.00324
4	0.90579	0.00649	0.00493	0.00441	0.00649	0.00753	0.00363	0.00986	0.00571	0.01505	0.00467	0.00545	0.00363	0.00311	0.00208	0.00104	0.00260	0.00182	0.00208	0.00363
5	0.01082	0.01296	0.00927	0.03332	0.07347	0.61355	0.00654	0.03391	0.00876	0.00870	0.00589	0.00740	0.00502	0.00660	0.12741	0.00155	0.02666	0.00249	0.00176	0.00391
6	0.00933	0.78101	0.06560	0.00626	0.00925	0.01292	0.00627	0.05857	0.00753	0.00908	0.00522	0.00601	0.00464	0.00314	0.00240	0.00080	0.00376	0.00200	0.00164	0.00456
7	0.00638	0.00482	0.00534	0.00499	0.00615	0.03997	0.00381	0.00941	0.18350	0.06134	0.39956	0.06968	0.10962	0.00640	0.00374	0.00109	0.00214	0.03147	0.04686	0.00372
8	0.03147	0.01819	0.00561	0.00530	0.00601	0.09491	0.00385	0.06862	0.00664	0.00877	0.01027	0.17563	0.01083	0.20519	0.27628	0.05750	0.00508	0.00468	0.00219	0.00297
9	0.02110	0.00403	0.00545	0.16665	0.00863	0.00423	0.00447	0.04455	0.02358	0.00975	0.07796	0.48447	0.07863	0.02530	0.00422	0.00129	0.00253	0.02718	0.00283	0.00315
10	0.00877	0.67842	0.17030	0.00660	0.00978	0.06054	0.00699	0.01034	0.00702	0.00841	0.00494	0.00573	0.00430	0.00296	0.00239	0.00079	0.00397	0.00194	0.00145	0.00440
11	0.03273	0.00826	0.01109	0.00836	0.01109	0.06199	0.20206	0.27269	0.01048	0.16182	0.00827	0.02489	0.00610	0.00390	0.01607	0.00102	0.00398	0.00318	0.00273	0.14930
12	0.08990	0.00728	0.00845	0.00680	0.00904	0.03008	0.05363	0.26974	0.13844	0.20860	0.06560	0.04679	0.03004	0.00451	0.00336	0.00105	0.00315	0.00369	0.00328	0.01654

[dist]
# distance from previous block
# <min> <max>
0	4

[block]
# block no. 4 follows, 84 sequences, length 33
# corresponding to MSA columns:
# 659-674,688-700,710-713
name=unknown_E
#
# <colnr> <probs for GDERKNQSTAVLIFYWHMCP>
#	G	D	E	R	K	N	Q	S	T	A	V	L	I	F	Y	W	H	M	C	P
0	0.00629	0.00446	0.00507	0.00481	0.00584	0.02601	0.00356	0.05839	0.07326	0.08136	0.23848	0.20762	0.17179	0.08298	0.00502	0.00133	0.00227	0.01476	0.00326	0.00346
1	0.00688	0.00646	0.01091	0.52266	0.30337	0.00738	0.00926	0.00896	0.00692	0.00932	0.00630	0.00904	0.00505	0.00486	0.06778	0.00140	0.00464	0.00303	0.00157	0.00421
2	0.03693	0.00820	0.00998	0.00857	0.07340	0.01723	0.07309	0.45398	0.11821	0.08002	0.03348	0.03628	0.02648	0.00427	0.00343	0.00105	0.00351	0.00354	0.00311	0.00523
3	0.05576	0.07512	0.01386	0.01008	0.01275	0.14119	0.32200	0.16134	0.09869	0.04452	0.00782	0.00892	0.00598	0.00372	0.00372	0.00111	0.02281	0.00331	0.00240	0.00489
4	0.01062	0.00608	0.00721	0.00597	0.00800	0.00603	0.00486	0.25620	0.03713	0.30578	0.04357	0.05455	0.15652	0.00568	0.00364	0.00111	0.00283	0.07591	0.00357	0.00476
5	0.00751	0.00716	0.01219	0.36407	0.52387	0.00776	0.00990	0.00960	0.00726	0.01000	0.00617	0.00856	0.00498	0.00314	0.00333	0.00105	0.00418	0.00299	0.00159	0.00468
6	0.02268	0.00907	0.00933	0.02666	0.01019	0.06068	0.00611	0.55916	0.19937	0.02765	0.00904	0.00892	0.00658	0.00405	0.00331	0.00102	0.00357	0.00310	0.00319	0.02632
7	0.00746	0.00597	0.00700	0.00505	0.00797	0.00460	0.00405	0.02838	0.00732	0.05693	0.00700	0.00776	0.02346	0.00274	0.00258	0.00055	0.00252	0.00220	0.00216	0.81428
8	0.00485	0.00337	0.00424	0.00424	0.00444	0.00357	0.00275	0.00525	0.00505	0.00693	0.01004	0.01903	0.01093	0.59610	0.30133	0.00397	0.00517	0.00445	0.00195	0.00235
9	0.00885	0.79153	0.04351	0.00594	0.00881	0.01274	0.00592	0.01064	0.06998	0.00844	0.00538	0.00597	0.00475	0.00301	0.00228	0.00076	0.00356	0.00196	0.00158	0.00440
10	0.81604	0.07208	0.00599	0.00462	0.00675	0.03011	0.00386	0.00997	0.00589	0.01434	0.00468	0.00546	0.00370	0.00310	0.00211	0.00101	0.00276	0.00182	0.00202	0.00369
11	0.00959	0.00748	0.00910	0.00689	0.00960	0.03232	0.08002	0.25450	0.05489	0.08833	0.00809	0.02788	0.00631	0.00351	0.00308	0.00083	0.00326	0.01363	0.00266	0.37806
12	0.00467	0.00332	0.00428	0.00475	0.00515	0.00322	0.00346	0.00546	0.00661	0.00874	0.06155	0.33630	0.06722	0.21878	0.02697	0.00193	0.00269	0.22937	0.00285	0.00269
13	0.00464	0.00368	0.00407	0.00404	0.00503	0.00318	0.00297	0.00558	0.00837	0.01073	0.27947	0.09652	0.54249	0.00840	0.00416	0.00120	0.00183	0.00708	0.00342	0.00314
14	0.00976	0.00812	0.00794	0.00694	0.00891	0.10558	0.00543	0.09524	0.56532	0.09753	0.04373	0.01172	0.00975	0.00443	0.00338	0.00108	0.00312	0.00358	0.00330	0.00515
15	0.01253	0.01599	0.00951	0.00864	0.01037	0.86863	0.00648	0.01340	0.00951	0.00821	0.00519	0.00605	0.00432	0.00346	0.00303	0.00086	0.00605	0.00216	0.00173	0.00389
16	0.00583	0.00291	0.00437	0.00437	0.00437	0.00291	0.00291	0.00437	0.00437	0.00583	0.00583	0.01020	0.00583	0.01166	0.01311	0.90239	0.00291	0.00291	0.00146	0.00146
17	0.00872	0.56138	0.22759	0.00699	0.01025	0.09081	0.00745	0.01074	0.03282	0.00879	0.00532	0.00608	0.00447	0.00305	0.00253	0.00083	0.00413	0.00206	0.00152	0.00446
18	0.00666	0.00491	0.00622	0.00580	0.00678	0.04307	0.01490	0.07624	0.01631	0.07214	0.06874	0.05788	0.01076	0.05542	0.48449	0.00359	0.02508	0.03519	0.00236	0.00347
19	0.00611	0.00437	0.00520	0.00483	0.00602	0.00432	0.00371	0.00915	0.18359	0.07461	0.43142	0.04715	0.16508	0.00665	0.00384	0.00111	0.00198	0.03362	0.00353	0.00372
20	0.00685	0.06524	0.81791	0.00935	0.01419	0.00809	0.01203	0.01059	0.00707	0.01047	0.00595	0.00699	0.00425	0.00317	0.00313	0.00104	0.00488	0.00244	0.00142	0.00492
21	0.00788	0.19318	0.16313	0.00781	0.07792	0.03372	0.02572	0.08798	0.07531	0.03456	0.02014	0.01111	0.07007	0.04739	0.11050	0.01244	0.00436	0.00323	0.00924	0.00431
22	0.00436	0.00349	0.00396	0.00414	0.00509	0.00311	0.00320	0.00550	0.02022	0.00966	0.10566	0.11866	0.53963	0.00863	0.00410	0.00122	0.00197	0.15130	0.00317	0.00293
23	0.00437	0.00310	0.00412	0.00480	0.00508	0.00295	0.00337	0.00507	0.00655	0.00871	0.03536	0.65869	0.02108	0.08597	0.00544	0.00155	0.00223	0.13579	0.00303	0.00273
24	0.02775	0.65537	0.10681	0.00687	0.00997	0.01185	0.07661	0.02777	0.00719	0.03559	0.00532	0.00611	0.00450	0.00297	0.00247	0.00081	0.00386	0.00212	0.00159	0.00445
25	0.00480	0.00358	0.00534	0.00534	0.00592	0.00417	0.00413	0.00596	0.00538	0.00775	0.00903	0.01344	0.00850	0.05050	0.84362	0.00533	0.00882	0.00363	0.00180	0.00297
26	0.06758	0.00761	0.00798	0.00669	0.00884	0.00849	0.00535	0.32415	0.39413	0.04018	0.01272	0.01206	0.08015	0.00459	0.00335	0.00108	0.00296	0.00365	0.00330	0.00515
27	0.00474	0.00320	0.00370	0.00383	0.00386	0.00316	0.00222	0.00484	0.00514	0.00685	0.01191	0.16734	0.01389	0.73440	0.01491	0.00293	0.00303	0.00567	0.00222	0.00215
28	0.00873	0.01856	0.21023	0.01688	0.02686	0.10222	0.00767	0.15352	0.00846	0.05702	0.03144	0.09388	0.00732	0.00494	0.00541	0.00116	0.23562	0.00351	0.00218	0.00439
29	0.00783	0.00805	0.01059	0.01009	0.10252	0.07393	0.00760	0.00871	0.00574	0.00840	0.00467	0.00735	0.00450	0.00538	0.00957	0.00137	0.71543	0.00288	0.00151	0.00387
30	0.00417	0.00298	0.00382	0.00448	0.00480	0.00276	0.00303	0.00484	0.00662	0.00885	0.03463	0.74685	0.10496	0.00999	0.00417	0.00131	0.00190	0.00898	0.03810	0.00276
31	0.65662	0.03537	0.00640	0.03146	0.00778	0.03520	0.00439	0.10286	0.07024	0.01500	0.00577	0.00638	0.00442	0.00333	0.00239	0.00103	0.00292	0.00214	0.00227	0.00402
32	0.00559	0.00389	0.00491	0.00452	0.00551	0.00371	0.00343	0.01775	0.07249	0.05436	0.72429	0.02345	0.04993	0.00656	0.00388	0.00106	0.00175	0.00576	0.00368	0.00347

[dist]
# distance from previous block
# <min> <max>
5	11

[block]
# block no. 5 follows, 84 sequences, length 26
# corresponding to MSA columns:
# 787-796,860-864,869-879
name=unknown_F
#
# <colnr> <probs for GDERKNQSTAVLIFYWHMCP>
#	G	D	E	R	K	N	Q	S	T	A	V	L	I	F	Y	W	H	M	C	P
0	0.00718	0.00606	0.00712	0.00520	0.00803	0.00486	0.00417	0.00899	0.04418	0.02650	0.00638	0.00730	0.00524	0.00273	0.00284	0.00057	0.03332	0.00213	0.00207	0.81514
1	0.00415	0.00333	0.00371	0.00381	0.00471	0.00289	0.00280	0.00509	0.00775	0.00975	0.17462	0.18247	0.55303	0.00858	0.00403	0.00117	0.00174	0.02028	0.00322	0.00288
2	0.00422	0.00330	0.00382	0.00392	0.00474	0.00290	0.00285	0.00522	0.00791	0.01022	0.26783	0.21690	0.43727	0.00847	0.00403	0.00116	0.00172	0.00733	0.00328	0.00290
3	0.00476	0.00348	0.00458	0.00520	0.00583	0.00333	0.00415	0.00587	0.00729	0.00946	0.04431	0.29963	0.13997	0.02852	0.00468	0.00145	0.00249	0.41899	0.00310	0.00292
4	0.01000	0.00997	0.00839	0.00744	0.00937	0.25768	0.00576	0.09928	0.52677	0.01305	0.01065	0.01020	0.00808	0.00418	0.00330	0.00105	0.00374	0.00324	0.00292	0.00494
5	0.00673	0.01735	0.86471	0.00956	0.01452	0.00779	0.01240	0.01062	0.00708	0.01062	0.00602	0.00708	0.00425	0.00319	0.00319	0.00106	0.00496	0.00248	0.00142	0.00496
6	0.00741	0.00622	0.00921	0.18150	0.22571	0.00605	0.02543	0.03185	0.02244	0.05751	0.04984	0.06338	0.04557	0.00393	0.00324	0.00092	0.00327	0.00350	0.00218	0.25085
7	0.00499	0.00346	0.00452	0.00486	0.00554	0.00316	0.00357	0.00593	0.00717	0.04400	0.10276	0.51745	0.07223	0.00904	0.00413	0.00128	0.00215	0.13823	0.00314	0.06240
8	0.17139	0.00609	0.00727	0.00581	0.00820	0.00591	0.00475	0.04455	0.10040	0.57306	0.03062	0.01067	0.00812	0.00407	0.00316	0.00105	0.00279	0.00319	0.00367	0.00524
9	0.01000	0.00598	0.00663	0.00563	0.00746	0.02222	0.00447	0.10664	0.26254	0.23885	0.03946	0.01201	0.00936	0.00427	0.00311	0.00099	0.00255	0.00346	0.24961	0.00476
10	0.00607	0.00500	0.00580	0.00485	0.00675	0.00430	0.00372	0.02612	0.08859	0.01113	0.11899	0.15159	0.13038	0.00537	0.00327	0.00086	0.00222	0.00460	0.00270	0.41771
11	0.00715	0.00660	0.01129	0.00895	0.01067	0.03499	0.33090	0.04892	0.00745	0.04759	0.02352	0.20124	0.01047	0.09304	0.06011	0.00167	0.07101	0.01840	0.00227	0.00377
12	0.03089	0.00829	0.00975	0.00775	0.01003	0.07203	0.09820	0.41347	0.04008	0.11619	0.02776	0.06741	0.00805	0.00557	0.04853	0.00128	0.00403	0.02273	0.00302	0.00493
13	0.00771	0.00865	0.01856	0.01339	0.01649	0.00826	0.76950	0.01034	0.00766	0.01045	0.00688	0.00944	0.00535	0.02281	0.03940	0.00136	0.03374	0.00393	0.00170	0.00438
14	0.00637	0.00601	0.01007	0.84719	0.02266	0.00754	0.00926	0.00856	0.00666	0.00856	0.00591	0.00889	0.00447	0.00343	0.00359	0.00113	0.03151	0.00298	0.00149	0.00373
15	0.01016	0.01759	0.02932	0.09226	0.30465	0.04505	0.02248	0.17761	0.09600	0.14633	0.01999	0.00932	0.00656	0.00364	0.00334	0.00103	0.00376	0.00314	0.00257	0.00518
16	0.17228	0.01190	0.00926	0.00797	0.00992	0.45600	0.06762	0.10356	0.06140	0.01138	0.00616	0.00705	0.00491	0.00426	0.03198	0.00111	0.02455	0.00249	0.00207	0.00414
17	0.00542	0.00335	0.00475	0.00517	0.00554	0.00333	0.00400	0.00557	0.00610	0.00802	0.01266	0.11356	0.01381	0.04921	0.00860	0.36812	0.00291	0.37516	0.00238	0.00234
18	0.00552	0.00448	0.00719	0.00650	0.00751	0.00492	0.10129	0.03312	0.02527	0.00887	0.00942	0.02783	0.00872	0.02018	0.65533	0.00436	0.00779	0.04399	0.01442	0.00331
19	0.00732	0.01296	0.42479	0.01171	0.01570	0.00823	0.41061	0.01057	0.00740	0.01057	0.00631	0.00803	0.00466	0.00313	0.00390	0.00111	0.04354	0.00320	0.00155	0.00470
20	0.00430	0.00322	0.00401	0.00451	0.00498	0.00302	0.00311	0.00538	0.04323	0.00924	0.08164	0.63402	0.16766	0.00964	0.00417	0.00129	0.00191	0.00861	0.00317	0.00289
21	0.00416	0.00299	0.00396	0.00469	0.00495	0.00279	0.00320	0.00482	0.00659	0.00875	0.03644	0.79507	0.05014	0.01031	0.00428	0.00136	0.00198	0.04765	0.00313	0.00275
22	0.00487	0.00329	0.00385	0.00385	0.00391	0.00336	0.00227	0.00500	0.00493	0.00665	0.01040	0.02100	0.01178	0.78846	0.11014	0.00349	0.00388	0.00474	0.00201	0.00214
23	0.00736	0.07125	0.80633	0.00964	0.01448	0.00840	0.01214	0.01093	0.00739	0.01092	0.00643	0.00765	0.00472	0.00349	0.00334	0.00113	0.00503	0.00260	0.00159	0.00517
24	0.05435	0.00628	0.00726	0.00602	0.00804	0.03302	0.03269	0.07930	0.20929	0.31239	0.02585	0.01219	0.04590	0.00454	0.01222	0.00107	0.00285	0.00352	0.13839	0.00483
25	0.00481	0.00353	0.00507	0.00507	0.00556	0.00402	0.00380	0.00579	0.00530	0.00755	0.00928	0.01480	0.00909	0.18292	0.71200	0.00500	0.00793	0.00383	0.00184	0.00282

[dist]
# distance from previous block
# <min> <max>
0	1

[block]
# block no. 6 follows, 84 sequences, length 10
# corresponding to MSA columns:
# 881-890
name=unknown_G
#
# <colnr> <probs for GDERKNQSTAVLIFYWHMCP>
#	G	D	E	R	K	N	Q	S	T	A	V	L	I	F	Y	W	H	M	C	P
0	0.00707	0.00582	0.09242	0.00540	0.00705	0.00472	0.00468	0.08800	0.04583	0.11968	0.45848	0.06357	0.07146	0.00607	0.00374	0.00107	0.00235	0.00522	0.00341	0.00395
1	0.00691	0.00591	0.00774	0.02937	0.03040	0.00497	0.06021	0.05297	0.00800	0.01189	0.17300	0.01078	0.01023	0.00348	0.00296	0.00070	0.00267	0.00302	0.00235	0.57244
2	0.06094	0.00902	0.03886	0.01363	0.40792	0.12430	0.05084	0.07051	0.02183	0.05032	0.00666	0.00800	0.00531	0.00366	0.02255	0.00104	0.00417	0.00279	0.00199	0.09567
3	0.00629	0.00541	0.08687	0.00658	0.09279	0.00428	0.00491	0.00811	0.02161	0.09225	0.47111	0.10816	0.03682	0.00614	0.00374	0.00107	0.00232	0.00541	0.03236	0.00377
4	0.00985	0.00625	0.00725	0.00604	0.00794	0.00652	0.00481	0.20622	0.22023	0.20678	0.23853	0.01460	0.01444	0.00494	0.00351	0.00105	0.00262	0.00411	0.02947	0.00485
5	0.00574	0.00428	0.00489	0.00480	0.00546	0.00450	0.00336	0.03695	0.17221	0.00942	0.04229	0.11262	0.05573	0.41393	0.03265	0.00228	0.00301	0.08013	0.00266	0.00307
6	0.68376	0.00582	0.00483	0.00434	0.00604	0.00656	0.00339	0.00922	0.00575	0.05709	0.00627	0.00898	0.00555	0.17502	0.00508	0.00147	0.00274	0.00250	0.00217	0.00343
7	0.18100	0.00407	0.00416	0.00398	0.00521	0.00392	0.00304	0.00671	0.00768	0.04773	0.21662	0.08284	0.38595	0.00691	0.00355	0.00110	0.00191	0.00573	0.02470	0.00319
8	0.00774	0.61611	0.10845	0.00571	0.00847	0.01063	0.00585	0.00909	0.00701	0.00842	0.01055	0.01083	0.17156	0.00401	0.00262	0.00084	0.00337	0.00290	0.00176	0.00409
9	0.13076	0.18706	0.01039	0.00658	0.00908	0.05544	0.00559	0.41436	0.01137	0.08956	0.00733	0.00754	0.00542	0.00365	0.00288	0.00094	0.00349	0.00260	0.04103	0.00494

[dist]
# distance from previous block
# <min> <max>
0	1

[block]
# block no. 7 follows, 84 sequences, length 6
# corresponding to MSA columns:
# 915-920
name=unknown_H
#
# <colnr> <probs for GDERKNQSTAVLIFYWHMCP>
#	G	D	E	R	K	N	Q	S	T	A	V	L	I	F	Y	W	H	M	C	P
0	0.00453	0.00344	0.00506	0.00537	0.00587	0.00324	0.05309	0.00544	0.00692	0.00927	0.08591	0.65746	0.02160	0.00961	0.00428	0.00135	0.00227	0.10931	0.00307	0.00291
1	0.00479	0.00328	0.00399	0.00406	0.00418	0.00337	0.00251	0.00505	0.00511	0.00692	0.01104	0.10119	0.01247	0.64959	0.16541	0.00345	0.00414	0.00509	0.00209	0.00227
2	0.14934	0.00756	0.00842	0.00655	0.00911	0.00790	0.00541	0.40700	0.01191	0.33881	0.00950	0.00893	0.00637	0.00394	0.00317	0.00102	0.00321	0.00297	0.00346	0.00539
3	0.00485	0.00336	0.00419	0.00419	0.00437	0.00354	0.00269	0.00522	0.00504	0.00690	0.01009	0.01928	0.01103	0.62062	0.27697	0.00391	0.00500	0.00449	0.00196	0.00233
4	0.00556	0.00419	0.00612	0.05172	0.00710	0.00499	0.00465	0.00665	0.00554	0.04004	0.00862	0.01304	0.00808	0.10032	0.61514	0.00436	0.10531	0.00360	0.00185	0.00312
5	0.14542	0.00812	0.04260	0.00764	0.03749	0.14098	0.09189	0.01252	0.00807	0.33341	0.00879	0.00924	0.00629	0.00605	0.09883	0.00151	0.03090	0.00297	0.00268	0.00459

[dist]
# distance from previous block
# <min> <max>
3	180

[block]
# block no. 8 follows, 84 sequences, length 21
# corresponding to MSA columns:
# 1231-1251
name=unknown_I
#
# <colnr> <probs for GDERKNQSTAVLIFYWHMCP>
#	G	D	E	R	K	N	Q	S	T	A	V	L	I	F	Y	W	H	M	C	P
0	0.00985	0.06822	0.35924	0.13045	0.01319	0.04057	0.00876	0.04016	0.00818	0.27696	0.00821	0.00858	0.00560	0.00353	0.00320	0.00103	0.00414	0.00279	0.00236	0.00496
1	0.61143	0.02730	0.07793	0.00507	0.00724	0.07528	0.00449	0.00950	0.00643	0.01313	0.00898	0.00943	0.12494	0.00390	0.00251	0.00103	0.00296	0.00264	0.00213	0.00367
2	0.00472	0.00318	0.00371	0.00387	0.00390	0.00315	0.00225	0.00484	0.00519	0.00692	0.01218	0.19656	0.01423	0.70471	0.01447	0.00287	0.00299	0.00583	0.00225	0.00217
3	0.00847	0.56469	0.19750	0.00787	0.06309	0.01137	0.03953	0.02782	0.03521	0.00925	0.00550	0.00636	0.00461	0.00302	0.00258	0.00084	0.00395	0.00219	0.00156	0.00458
4	0.06106	0.56078	0.01448	0.00633	0.00905	0.05293	0.00583	0.23312	0.00926	0.01183	0.00559	0.00613	0.00464	0.00322	0.00251	0.00082	0.00368	0.00214	0.00200	0.00462
5	0.00604	0.02760	0.57615	0.00798	0.01147	0.00637	0.00945	0.00895	0.00712	0.01028	0.05922	0.16671	0.02467	0.00541	0.01570	0.00120	0.00411	0.04533	0.00197	0.00428
6	0.14664	0.06964	0.08650	0.17225	0.04324	0.10512	0.08789	0.09341	0.00840	0.14568	0.00703	0.00796	0.00511	0.00341	0.00308	0.00102	0.00411	0.00274	0.00222	0.00452
7	0.03255	0.57257	0.12766	0.00593	0.00864	0.01052	0.00600	0.00973	0.00670	0.05473	0.00615	0.00828	0.00561	0.12743	0.00447	0.00115	0.00366	0.00241	0.00168	0.00413
8	0.00517	0.00385	0.00520	0.00642	0.12548	0.00380	0.00362	0.00567	0.00579	0.00783	0.01238	0.25181	0.01419	0.48959	0.01121	0.00236	0.00300	0.03759	0.00231	0.00272
9	0.00896	0.17008	0.08296	0.02393	0.27523	0.20372	0.01785	0.02651	0.02733	0.00965	0.00686	0.05506	0.01743	0.00381	0.00357	0.00098	0.05685	0.00298	0.00177	0.00448
10	0.00788	0.01962	0.01226	0.07079	0.56834	0.03379	0.06088	0.02663	0.01957	0.01127	0.12714	0.01070	0.00901	0.00360	0.00343	0.00102	0.00381	0.00345	0.00200	0.00481
11	0.00609	0.00536	0.00717	0.00799	0.12759	0.05882	0.00541	0.00780	0.05228	0.00862	0.00841	0.01173	0.00761	0.01863	0.60423	0.00407	0.04943	0.00340	0.00185	0.00354
12	0.00555	0.00423	0.00490	0.00481	0.00587	0.00410	0.00373	0.12492	0.00873	0.01128	0.11472	0.20067	0.33737	0.00845	0.01621	0.00128	0.00233	0.13436	0.00319	0.00330
13	0.03194	0.02323	0.02010	0.03125	0.09571	0.04252	0.00596	0.09974	0.10641	0.18168	0.03305	0.03096	0.00971	0.01912	0.08497	0.00157	0.05314	0.12162	0.00283	0.00449
14	0.12358	0.03662	0.00986	0.00812	0.01024	0.46784	0.05826	0.19905	0.03516	0.01226	0.00609	0.00678	0.00477	0.00352	0.00303	0.00094	0.00490	0.00246	0.00217	0.00435
15	0.00471	0.00366	0.00529	0.00691	0.12607	0.00349	0.00413	0.00554	0.00672	0.00910	0.05136	0.72137	0.02019	0.00930	0.00413	0.00130	0.00222	0.00847	0.00293	0.00311
16	0.00707	0.06389	0.63681	0.01094	0.13387	0.00802	0.04587	0.01043	0.00725	0.01061	0.03098	0.00777	0.00524	0.00323	0.00320	0.00104	0.00467	0.00268	0.00153	0.00490
17	0.00729	0.00716	0.01132	0.26200	0.41489	0.04460	0.05614	0.00919	0.00747	0.00988	0.01011	0.01183	0.12596	0.00388	0.00345	0.00105	0.00399	0.00358	0.00182	0.00440
18	0.01199	0.00770	0.00885	0.00693	0.00931	0.00814	0.01758	0.49335	0.06909	0.21291	0.08577	0.01103	0.00909	0.02778	0.00379	0.00109	0.00326	0.00349	0.00351	0.00534
19	0.00445	0.00511	0.12561	0.00499	0.00614	0.00349	0.00427	0.00560	0.00695	0.00914	0.04478	0.49044	0.25897	0.00880	0.00403	0.00125	0.00229	0.00774	0.00289	0.00308
20	0.00774	0.00744	0.03695	0.03749	0.68029	0.00716	0.00922	0.00958	0.00746	0.02607	0.00814	0.13171	0.00771	0.00409	0.00346	0.00105	0.00372	0.00391	0.00190	0.00491

[dist]
# distance from previous block
# <min> <max>
14	27

[block]
# block no. 9 follows, 84 sequences, length 102
# corresponding to MSA columns:
# 1308-1409
name=unknown_J
#
# <colnr> <probs for GDERKNQSTAVLIFYWHMCP>
#	G	D	E	R	K	N	Q	S	T	A	V	L	I	F	Y	W	H	M	C	P
0	0.01021	0.09639	0.04495	0.01194	0.31518	0.03090	0.03195	0.12992	0.08089	0.17286	0.01771	0.00966	0.00676	0.00367	0.00327	0.00101	0.00367	0.02132	0.00254	0.00520
1	0.00535	0.00347	0.00416	0.00410	0.00425	0.00357	0.00253	0.00573	0.06658	0.00693	0.00964	0.01827	0.01046	0.59125	0.03700	0.21499	0.00328	0.00430	0.00199	0.00216
2	0.00838	0.23607	0.10898	0.00618	0.00927	0.04083	0.00579	0.11248	0.00811	0.01126	0.00586	0.00666	0.00478	0.00289	0.00261	0.00070	0.00334	0.00213	0.00194	0.42176
3	0.00408	0.00293	0.00388	0.00463	0.00486	0.00273	0.00310	0.00468	0.00646	0.00858	0.01895	0.85497	0.04683	0.01045	0.00427	0.00136	0.00194	0.00947	0.00311	0.00273
4	0.00541	0.00347	0.00448	0.00445	0.00525	0.00315	0.00325	0.00655	0.00826	0.09162	0.40416	0.31751	0.11359	0.00803	0.00401	0.00117	0.00184	0.00711	0.00348	0.00322
5	0.00892	0.66738	0.16325	0.00656	0.00972	0.05800	0.00691	0.01047	0.00707	0.02831	0.00513	0.00585	0.00439	0.00299	0.00241	0.00079	0.00394	0.00197	0.00151	0.00443
6	0.00464	0.00387	0.00456	0.01811	0.05571	0.00351	0.00338	0.00611	0.04124	0.01055	0.25431	0.02779	0.53912	0.00750	0.00389	0.00110	0.00188	0.00637	0.00317	0.00318
7	0.00772	0.02446	0.00755	0.00529	0.00824	0.00479	0.02378	0.00922	0.00721	0.08463	0.00658	0.00736	0.00525	0.00265	0.00259	0.00056	0.00261	0.00215	0.00216	0.78521
8	0.00919	0.83264	0.01712	0.00588	0.00872	0.03835	0.00578	0.03505	0.00716	0.00830	0.00478	0.00548	0.00435	0.00292	0.00221	0.00073	0.00366	0.00184	0.00150	0.00433
9	0.00891	0.30286	0.41168	0.00775	0.01155	0.00960	0.00884	0.09707	0.00813	0.09483	0.00649	0.00705	0.00482	0.00326	0.00288	0.00094	0.00417	0.00240	0.00189	0.00489
10	0.00796	0.14375	0.26102	0.01144	0.03466	0.04075	0.42281	0.01911	0.00764	0.01030	0.00619	0.00779	0.00471	0.00298	0.00341	0.00103	0.00510	0.00311	0.00159	0.00462
11	0.00409	0.00292	0.00389	0.00467	0.00487	0.00273	0.00311	0.00467	0.00642	0.00856	0.01849	0.87991	0.02219	0.01051	0.00428	0.00136	0.00195	0.00954	0.00311	0.00273
12	0.01042	0.16965	0.01035	0.00737	0.00947	0.30984	0.00592	0.10905	0.31094	0.01169	0.00843	0.00846	0.00658	0.00381	0.00304	0.00095	0.00413	0.00277	0.00246	0.00468
13	0.00784	0.19966	0.44606	0.00793	0.01188	0.00835	0.04102	0.02931	0.00736	0.05268	0.00615	0.00701	0.00465	0.00306	0.00289	0.00089	0.00415	0.00236	0.00171	0.15504
14	0.00752	0.29770	0.54840	0.00815	0.01226	0.00949	0.00986	0.02865	0.00717	0.00991	0.00596	0.02994	0.00478	0.00330	0.00289	0.00096	0.00441	0.00246	0.00151	0.00470
15	0.00762	0.00997	0.13500	0.01291	0.01632	0.02200	0.67474	0.01045	0.00775	0.01057	0.00729	0.05560	0.00588	0.00330	0.00386	0.00113	0.00537	0.00403	0.00174	0.00448
16	0.00452	0.00391	0.00501	0.01748	0.06358	0.00349	0.03897	0.00552	0.00746	0.00925	0.03885	0.17515	0.58291	0.00815	0.00398	0.00117	0.00213	0.02245	0.00294	0.00308
17	0.00807	0.00775	0.01329	0.11938	0.75299	0.00792	0.02121	0.01010	0.00754	0.01068	0.00628	0.00839	0.00521	0.00303	0.00333	0.00101	0.00406	0.00300	0.00164	0.00512
18	0.00698	0.01658	0.79303	0.00978	0.01459	0.00778	0.06539	0.01075	0.00719	0.02855	0.00622	0.00730	0.00439	0.00318	0.00324	0.00107	0.00496	0.00259	0.00149	0.00495
19	0.00830	0.00797	0.01362	0.02059	0.86117	0.00797	0.01030	0.01030	0.00764	0.01096	0.00631	0.00830	0.00531	0.00299	0.00332	0.00100	0.00399	0.00299	0.00166	0.00531
20	0.00663	0.00627	0.01060	0.74479	0.15002	0.00753	0.00947	0.00883	0.00685	0.00893	0.00602	0.00885	0.00460	0.00330	0.00335	0.00110	0.00440	0.00298	0.00152	0.00397
21	0.00834	0.00732	0.01206	0.11230	0.59589	0.00763	0.00919	0.01029	0.01799	0.07263	0.04717	0.00938	0.00668	0.00352	0.00390	0.00105	0.06460	0.00317	0.00193	0.00495
22	0.00769	0.00869	0.01886	0.01358	0.01679	0.00814	0.79902	0.01039	0.00783	0.01062	0.00748	0.06049	0.00610	0.00328	0.00398	0.00114	0.00544	0.00429	0.00178	0.00442
23	0.00728	0.00693	0.01177	0.46465	0.42511	0.00770	0.00979	0.00940	0.00715	0.00972	0.00613	0.00864	0.00488	0.00318	0.00334	0.00106	0.00424	0.00299	0.00157	0.00449
24	0.00419	0.00297	0.00386	0.00452	0.00471	0.00279	0.00297	0.00470	0.00624	0.00831	0.01771	0.75636	0.03366	0.12287	0.00593	0.00160	0.00211	0.00890	0.00297	0.00264
25	0.00489	0.00393	0.00582	0.00592	0.00651	0.00396	0.06538	0.00587	0.00679	0.00903	0.01735	0.52029	0.06848	0.00922	0.00482	0.00138	0.06774	0.18675	0.00288	0.00301
26	0.00808	0.00771	0.01312	0.04280	0.80305	0.00774	0.00997	0.01002	0.00756	0.01080	0.00681	0.04462	0.00599	0.00331	0.00336	0.00101	0.00391	0.00326	0.00172	0.00516
27	0.06244	0.00638	0.00802	0.00618	0.00876	0.00600	0.00511	0.15739	0.01044	0.67512	0.01190	0.01053	0.00761	0.00408	0.00330	0.00103	0.00298	0.00323	0.00391	0.00560
28	0.10486	0.01370	0.00915	0.00805	0.00994	0.61565	0.00619	0.15358	0.01007	0.01109	0.00560	0.00635	0.00448	0.00357	0.00316	0.00092	0.02514	0.00229	0.00203	0.00416
29	0.00561	0.00430	0.00677	0.00609	0.00696	0.00447	0.10657	0.01516	0.00611	0.03099	0.01824	0.05731	0.04513	0.18442	0.36091	0.05025	0.01748	0.06808	0.00212	0.00301
30	0.00825	0.58013	0.27885	0.00754	0.04594	0.01136	0.00798	0.01023	0.00693	0.00886	0.00515	0.00603	0.00433	0.00297	0.00252	0.00084	0.00403	0.00206	0.00144	0.00455
31	0.01498	0.00582	0.00785	0.00602	0.00862	0.00509	0.00497	0.04107	0.00979	0.83851	0.01308	0.01132	0.00823	0.00415	0.00337	0.00104	0.00288	0.00336	0.00413	0.00571
32	0.00645	0.00608	0.01027	0.82362	0.07261	0.00748	0.00938	0.00867	0.00676	0.00871	0.00598	0.00891	0.00452	0.00333	0.00335	0.00111	0.00444	0.00298	0.00150	0.00382
33	0.00677	0.00849	0.16646	0.04472	0.07993	0.01953	0.27641	0.00903	0.00759	0.02932	0.03404	0.09459	0.10016	0.00511	0.00388	0.00117	0.01120	0.09534	0.00217	0.00411
34	0.00692	0.00653	0.01103	0.54477	0.31012	0.00743	0.00940	0.00900	0.00702	0.00939	0.00660	0.04500	0.00550	0.00353	0.00338	0.00109	0.00420	0.00326	0.00162	0.00423
35	0.01343	0.00721	0.00772	0.00629	0.00853	0.14454	0.00505	0.02506	0.02421	0.61251	0.01265	0.03311	0.03169	0.02292	0.00368	0.00108	0.00334	0.02828	0.00361	0.00510
36	0.00804	0.00781	0.01299	0.13431	0.68724	0.02594	0.02906	0.01002	0.00753	0.01051	0.00668	0.00874	0.01899	0.00317	0.00344	0.00102	0.01480	0.00306	0.00166	0.00499
37	0.00690	0.01395	0.59872	0.02124	0.09245	0.00730	0.08226	0.01013	0.00722	0.02916	0.01653	0.08506	0.00640	0.00385	0.00338	0.00109	0.00457	0.00334	0.00170	0.00474
38	0.00667	0.01471	0.69789	0.00858	0.01278	0.00691	0.01063	0.00997	0.00718	0.04618	0.00935	0.07791	0.06838	0.00419	0.00334	0.00109	0.00439	0.00341	0.00179	0.00466
39	0.00830	0.00799	0.01374	0.02046	0.84422	0.00798	0.02714	0.01031	0.00764	0.01096	0.00632	0.00832	0.00531	0.00299	0.00333	0.00100	0.00402	0.00301	0.00166	0.00530
40	0.00644	0.02120	0.37595	0.15438	0.12223	0.00667	0.02701	0.00900	0.00703	0.01959	0.00912	0.17596	0.01570	0.00483	0.00350	0.00113	0.00406	0.03002	0.00189	0.00429
41	0.00751	0.02039	0.17716	0.20690	0.17387	0.00743	0.20399	0.02034	0.00753	0.05371	0.01794	0.06208	0.01842	0.00372	0.00351	0.00109	0.00442	0.00361	0.00186	0.00450
42	0.00829	0.01019	0.35056	0.05753	0.02977	0.00617	0.07829	0.01077	0.00786	0.20884	0.06809	0.09062	0.03529	0.00457	0.00351	0.00110	0.00384	0.01763	0.00248	0.00461
43	0.00856	0.00937	0.22291	0.03569	0.24643	0.00676	0.12155	0.01086	0.00783	0.17310	0.01031	0.05141	0.07187	0.00402	0.00348	0.00107	0.00398	0.00369	0.00226	0.00484
44	0.00758	0.01057	0.30283	0.05773	0.28067	0.00724	0.12110	0.01018	0.00747	0.05983	0.01878	0.08623	0.00690	0.00384	0.00346	0.00108	0.00429	0.00359	0.00187	0.00477
45	0.00758	0.01085	0.39970	0.13103	0.04934	0.00661	0.00892	0.03272	0.03469	0.12086	0.00981	0.13245	0.03173	0.00458	0.00343	0.00111	0.00395	0.00387	0.00220	0.00455
46	0.00831	0.01822	0.22984	0.10261	0.14410	0.00634	0.05174	0.01047	0.00772	0.19171	0.04317	0.11327	0.03917	0.00458	0.00357	0.00109	0.01307	0.00402	0.00241	0.00459
47	0.00748	0.03245	0.53707	0.00885	0.03867	0.00690	0.05252	0.02173	0.00746	0.10476	0.00914	0.12285	0.02667	0.00436	0.00339	0.00109	0.00421	0.00369	0.00203	0.00468
48	0.00704	0.03588	0.52750	0.03151	0.07707	0.00762	0.15897	0.01020	0.00729	0.02537	0.00772	0.04945	0.03197	0.00363	0.00339	0.00108	0.00468	0.00326	0.00167	0.00470
49	0.00815	0.01840	0.14527	0.09256	0.10716	0.00578	0.05550	0.00999	0.00752	0.20404	0.05386	0.11008	0.00989	0.04787	0.09083	0.00163	0.00412	0.02056	0.00250	0.00430
50	0.00762	0.00988	0.27389	0.21953	0.18191	0.01485	0.05021	0.02151	0.00752	0.08547	0.00892	0.03607	0.06027	0.00383	0.00339	0.00108	0.00419	0.00336	0.00193	0.00457
51	0.00683	0.00684	0.07552	0.25594	0.26324	0.00640	0.05065	0.00873	0.00728	0.04531	0.03454	0.15791	0.05689	0.00484	0.00357	0.00112	0.00369	0.00444	0.00209	0.00417
52	0.00752	0.01070	0.28061	0.13249	0.43894	0.00787	0.05342	0.01019	0.00735	0.01052	0.00620	0.00805	0.00485	0.00309	0.00332	0.00104	0.00444	0.00288	0.00156	0.00495
53	0.00828	0.49984	0.22235	0.00827	0.01172	0.02303	0.16434	0.01036	0.00712	0.00909	0.00539	0.00648	0.00444	0.00295	0.00275	0.00088	0.00434	0.00237	0.00148	0.00450
54	0.00733	0.02228	0.36251	0.05616	0.10251	0.00735	0.19137	0.01046	0.04282	0.05083	0.01868	0.01104	0.08111	0.00380	0.00348	0.00108	0.00442	0.01622	0.00192	0.00464
55	0.00732	0.02422	0.56169	0.02249	0.12701	0.01717	0.16247	0.01066	0.00735	0.01947	0.00625	0.00764	0.00459	0.00311	0.00333	0.00106	0.00492	0.00282	0.00153	0.00490
56	0.00576	0.00311	0.00435	0.00438	0.00441	0.01415	0.00289	0.00455	0.00457	0.00604	0.00678	0.04854	0.00707	0.08781	0.01295	0.77317	0.00294	0.00336	0.00158	0.00159
57	0.00634	0.00596	0.01006	0.87403	0.02311	0.00745	0.00932	0.00857	0.00671	0.00857	0.00596	0.00894	0.00447	0.00335	0.00335	0.00112	0.00447	0.00298	0.00149	0.00373
58	0.00781	0.07726	0.42725	0.01162	0.22192	0.04081	0.03864	0.03023	0.00765	0.03864	0.00771	0.00919	0.04134	0.00352	0.00324	0.00103	0.00440	0.02113	0.00174	0.00485
59	0.00914	0.04021	0.06465	0.21788	0.03781	0.17867	0.05816	0.10024	0.18816	0.03734	0.00860	0.00944	0.02742	0.00378	0.00330	0.00104	0.00426	0.00310	0.00227	0.00453
60	0.00949	0.75830	0.01641	0.00616	0.00887	0.13724	0.00585	0.01053	0.00721	0.00794	0.00474	0.00548	0.00431	0.00296	0.00228	0.00074	0.00394	0.00185	0.00148	0.00425
61	0.00425	0.00304	0.00397	0.00465	0.00490	0.00287	0.00311	0.01763	0.00654	0.00869	0.01840	0.81245	0.04199	0.04431	0.00476	0.00143	0.00202	0.00920	0.00308	0.00275
62	0.02931	0.15621	0.21098	0.01032	0.14511	0.13422	0.08152	0.09195	0.03998	0.05058	0.00657	0.00747	0.00505	0.00328	0.00308	0.00096	0.00442	0.00265	0.00194	0.01440
63	0.51358	0.15457	0.05681	0.03256	0.00853	0.03448	0.00516	0.13880	0.00766	0.01413	0.00532	0.00606	0.00414	0.00324	0.00242	0.00098	0.00322	0.00208	0.00210	0.00415
64	0.00583	0.00291	0.00437	0.00437	0.00437	0.00291	0.00291	0.00437	0.00437	0.00583	0.00583	0.01020	0.00583	0.01166	0.01311	0.90239	0.00291	0.00291	0.00146	0.00146
65	0.00479	0.00345	0.00362	0.00364	0.00461	0.00312	0.00270	0.02271	0.01727	0.01034	0.06662	0.12114	0.49562	0.00741	0.00360	0.00107	0.00174	0.00624	0.21730	0.00299
66	0.01978	0.04827	0.05231	0.03193	0.39172	0.06113	0.02900	0.05828	0.10204	0.08344	0.03278	0.01950	0.00687	0.00369	0.00365	0.00103	0.04423	0.00316	0.00221	0.00497
67	0.00920	0.44307	0.07198	0.00659	0.00924	0.01016	0.04098	0.06423	0.12531	0.09946	0.04421	0.03546	0.00739	0.00378	0.00294	0.00091	0.01529	0.00289	0.00227	0.00463
68	0.00781	0.00745	0.01267	0.19880	0.66627	0.00775	0.00993	0.00984	0.00749	0.01052	0.02570	0.00882	0.00574	0.00315	0.00334	0.00102	0.00403	0.00306	0.00167	0.00493
69	0.00652	0.00617	0.01031	0.76805	0.07804	0.00765	0.00927	0.00866	0.00668	0.00870	0.00590	0.00881	0.00452	0.00347	0.00379	0.00113	0.05400	0.00298	0.00150	0.00383
70	0.08194	0.04823	0.13744	0.01714	0.11154	0.01781	0.06822	0.06300	0.02942	0.07675	0.05136	0.17498	0.03468	0.04189	0.00411	0.00120	0.01272	0.02093	0.00245	0.00418
71	0.01613	0.00865	0.12041	0.11337	0.45065	0.00760	0.11682	0.00979	0.00736	0.01901	0.00739	0.06011	0.01756	0.00364	0.00364	0.00107	0.02681	0.00348	0.00174	0.00475
72	0.00425	0.00308	0.00422	0.04698	0.00575	0.00297	0.00341	0.00489	0.00645	0.00860	0.03448	0.80049	0.02114	0.01012	0.00443	0.02190	0.00208	0.00900	0.00301	0.00275
73	0.04822	0.07489	0.03593	0.02050	0.07166	0.25061	0.02659	0.07487	0.05031	0.27032	0.01608	0.00859	0.00623	0.00374	0.00334	0.00098	0.02687	0.00281	0.00265	0.00480
