[name]
unknown

[dist]
# distance from previous block
# <min> <max>
0	10

[block]
# block no. 0 follows, 82 sequences, length 14
# corresponding to MSA columns:
# 10-23
name=unknown_A
#
# <colnr> <probs for GDERKNQSTAVLIFYWHMCP>
#	G	D	E	R	K	N	Q	S	T	A	V	L	I	F	Y	W	H	M	C	P
0	0.00435	0.00325	0.00397	0.00435	0.00490	0.00296	0.00305	0.00516	0.00728	0.00950	0.14376	0.43384	0.24314	0.07220	0.00519	0.00143	0.00201	0.04366	0.00318	0.00284
1	0.00474	0.00350	0.00418	0.00406	0.00500	0.00311	0.00303	0.00598	0.00872	0.03223	0.45566	0.09476	0.34686	0.00786	0.00405	0.00113	0.00172	0.00679	0.00351	0.00313
2	0.00426	0.00339	0.00382	0.00402	0.00488	0.00297	0.00296	0.00517	0.00763	0.00955	0.10797	0.21930	0.51818	0.03169	0.00451	0.00128	0.00191	0.06042	0.00320	0.00289
3	0.00900	0.82674	0.07175	0.00610	0.00916	0.01318	0.00629	0.01028	0.00697	0.00823	0.00484	0.00560	0.00439	0.00295	0.00226	0.00075	0.00375	0.00187	0.00146	0.00443
4	0.01278	0.01630	0.00969	0.00881	0.01058	0.86605	0.00661	0.01366	0.00969	0.00837	0.00529	0.00617	0.00441	0.00353	0.00308	0.00088	0.00617	0.00220	0.00176	0.00397
5	0.90395	0.00662	0.00503	0.00450	0.00662	0.00767	0.00370	0.01006	0.00582	0.01535	0.00476	0.00556	0.00370	0.00318	0.00212	0.00106	0.00265	0.00185	0.00212	0.00370
6	0.01283	0.00897	0.01037	0.00794	0.01067	0.00968	0.05095	0.65514	0.05470	0.12968	0.00910	0.00893	0.00635	0.00408	0.00346	0.00104	0.00371	0.00322	0.00344	0.00573
7	0.00526	0.00423	0.00558	0.00554	0.00616	0.04440	0.00424	0.00639	0.00566	0.00788	0.00909	0.01368	0.00861	0.08004	0.77091	0.00514	0.00864	0.00368	0.00184	0.00303
8	0.00932	0.03078	0.40753	0.02424	0.05560	0.15664	0.03043	0.07760	0.08727	0.07720	0.00745	0.00809	0.00543	0.00355	0.00328	0.00104	0.00470	0.00277	0.00208	0.00499
9	0.00418	0.00344	0.00367	0.00367	0.00472	0.00294	0.00273	0.00516	0.00804	0.00995	0.16957	0.07668	0.67641	0.00850	0.00406	0.00115	0.00173	0.00718	0.00327	0.00294
10	0.00847	0.00813	0.01388	0.02100	0.85844	0.00813	0.01050	0.01050	0.00779	0.01118	0.00643	0.00847	0.00542	0.00305	0.00339	0.00102	0.00406	0.00305	0.00169	0.00542
11	0.00788	0.00436	0.00535	0.00483	0.00579	0.00421	0.00346	0.06215	0.00743	0.20931	0.05644	0.05851	0.04576	0.41893	0.04293	0.00234	0.00325	0.05077	0.00290	0.00342
12	0.78382	0.05986	0.00612	0.00477	0.00698	0.00807	0.00399	0.04547	0.00645	0.04213	0.00519	0.00586	0.00399	0.00323	0.00222	0.00104	0.00276	0.00195	0.00220	0.00390
13	0.00661	0.01545	0.02721	0.04269	0.00755	0.04540	0.00448	0.04861	0.05350	0.00961	0.01831	0.03801	0.00874	0.22423	0.19204	0.00247	0.04455	0.00366	0.02059	0.18627

[dist]
# distance from previous block
# <min> <max>
16	26

[block]
# block no. 1 follows, 82 sequences, length 9
# corresponding to MSA columns:
# 59-67
name=unknown_B
#
# <colnr> <probs for GDERKNQSTAVLIFYWHMCP>
#	G	D	E	R	K	N	Q	S	T	A	V	L	I	F	Y	W	H	M	C	P
0	0.00802	0.00774	0.09148	0.22421	0.11836	0.03893	0.00746	0.07934	0.09754	0.07521	0.07009	0.06680	0.06327	0.00474	0.00378	0.00112	0.03099	0.00399	0.00248	0.00445
1	0.00567	0.00425	0.00514	0.00489	0.00590	0.00427	0.00369	0.06757	0.05281	0.02980	0.16170	0.15467	0.24257	0.03426	0.15656	0.01697	0.01985	0.00593	0.00299	0.02051
2	0.00618	0.00512	0.00723	0.00670	0.00707	0.00649	0.00533	0.00713	0.00575	0.03459	0.00905	0.14824	0.00918	0.01406	0.33306	0.00296	0.35099	0.00434	0.03315	0.00337
3	0.00435	0.00345	0.00439	0.00451	0.00525	0.00309	0.03221	0.00521	0.00736	0.00945	0.10932	0.40159	0.35158	0.03621	0.00460	0.00132	0.00202	0.00803	0.00315	0.00291
4	0.50344	0.05667	0.00770	0.00582	0.00822	0.00890	0.00486	0.30127	0.00963	0.05582	0.00636	0.00675	0.00470	0.00353	0.00264	0.00103	0.00310	0.00235	0.00263	0.00457
5	0.06195	0.08313	0.06293	0.00851	0.01070	0.61743	0.03238	0.06609	0.00947	0.00981	0.00551	0.00637	0.00448	0.00346	0.00302	0.00091	0.00554	0.00229	0.00184	0.00419
6	0.00849	0.10090	0.11471	0.01108	0.01414	0.05060	0.42931	0.07893	0.04112	0.01125	0.00787	0.00936	0.03989	0.00357	0.00412	0.00110	0.06352	0.00352	0.00192	0.00461
7	0.00484	0.00361	0.00453	0.00468	0.00536	0.00356	0.00345	0.00597	0.02849	0.02371	0.10841	0.25750	0.23691	0.07757	0.14283	0.00210	0.02295	0.05757	0.00293	0.00301
8	0.00856	0.07442	0.04004	0.07663	0.17468	0.12759	0.04966	0.08766	0.05490	0.03397	0.02733	0.13015	0.04226	0.00520	0.01783	0.00115	0.03720	0.00409	0.00229	0.00439

[dist]
# distance from previous block
# <min> <max>
3	14

[block]
# block no. 2 follows, 82 sequences, length 30
# corresponding to MSA columns:
# 83-112
name=unknown_C
#
# <colnr> <probs for GDERKNQSTAVLIFYWHMCP>
#	G	D	E	R	K	N	Q	S	T	A	V	L	I	F	Y	W	H	M	C	P
0	0.00514	0.00445	0.02099	0.00511	0.00617	0.00431	0.03160	0.00697	0.08251	0.00957	0.08010	0.09982	0.29896	0.08385	0.19258	0.00229	0.03126	0.00566	0.00270	0.02595
1	0.01284	0.00905	0.00977	0.00758	0.01021	0.02155	0.00623	0.69710	0.04935	0.10458	0.03093	0.00916	0.00694	0.00421	0.00344	0.00103	0.00361	0.00322	0.00349	0.00571
2	0.45274	0.00901	0.03028	0.00677	0.00914	0.10461	0.05537	0.25218	0.00938	0.01584	0.00598	0.00669	0.00451	0.00352	0.00292	0.00104	0.02075	0.00242	0.00240	0.00443
3	0.00531	0.00356	0.00427	0.00426	0.00521	0.00316	0.00316	0.00637	0.00810	0.07940	0.22621	0.22507	0.34043	0.00824	0.00403	0.00118	0.00190	0.03272	0.03423	0.00320
4	0.00696	0.00587	0.00791	0.00676	0.00820	0.03173	0.11190	0.05153	0.15204	0.04464	0.19675	0.09480	0.11412	0.02342	0.06264	0.00150	0.05699	0.01534	0.00297	0.00395
5	0.00477	0.00354	0.00424	0.00408	0.00459	0.00337	0.02431	0.00528	0.00625	0.00810	0.08000	0.03647	0.25204	0.48977	0.05683	0.00257	0.00310	0.00567	0.00250	0.00252
6	0.00757	0.00742	0.01249	0.43183	0.37092	0.02951	0.07168	0.00976	0.00740	0.00991	0.00627	0.00878	0.00496	0.00323	0.00344	0.00108	0.00448	0.00310	0.00161	0.00454
7	0.00646	0.00608	0.01026	0.87156	0.02356	0.00760	0.00950	0.00874	0.00684	0.00874	0.00608	0.00912	0.00456	0.00342	0.00342	0.00114	0.00456	0.00304	0.00152	0.00380
8	0.00729	0.00607	0.00711	0.00509	0.00812	0.00457	0.00408	0.00881	0.00716	0.03141	0.00626	0.00720	0.00515	0.00257	0.00255	0.00052	0.00254	0.00206	0.00208	0.87935
9	0.00601	0.00523	0.00676	0.00633	0.02723	0.00624	0.00477	0.04143	0.00642	0.00880	0.01449	0.04722	0.22252	0.17584	0.09765	0.00213	0.31075	0.00474	0.00221	0.00323
10	0.00719	0.12661	0.65393	0.07314	0.02717	0.00865	0.02233	0.01072	0.02088	0.01039	0.00610	0.00728	0.00448	0.00324	0.00314	0.00104	0.00480	0.00253	0.00149	0.00488
11	0.00708	0.00678	0.01140	0.06730	0.17522	0.02850	0.21969	0.04523	0.00750	0.01018	0.01008	0.25392	0.01033	0.03323	0.01457	0.01097	0.07660	0.00522	0.00218	0.00403
12	0.83887	0.00714	0.00538	0.00479	0.00691	0.04706	0.00391	0.03301	0.00628	0.01520	0.00488	0.00566	0.00379	0.00322	0.00220	0.00105	0.00284	0.00190	0.00214	0.00377
13	0.00847	0.00963	0.01617	0.01219	0.01456	0.12416	0.52239	0.01055	0.00761	0.00994	0.00646	0.03051	0.00537	0.00387	0.00554	0.00120	0.20169	0.00370	0.00172	0.00428
14	0.00433	0.00299	0.00391	0.00465	0.00489	0.00281	0.00312	0.00500	0.00660	0.00903	0.01828	0.81362	0.02160	0.01022	0.00422	0.00135	0.00196	0.00924	0.06938	0.00281
15	0.00724	0.00607	0.00664	0.00608	0.00762	0.00680	0.00467	0.01409	0.57113	0.01315	0.15059	0.01655	0.06875	0.04062	0.06310	0.00153	0.00293	0.00449	0.00334	0.00461
16	0.01167	0.00935	0.01138	0.00873	0.01138	0.04882	0.14028	0.60051	0.02482	0.03293	0.00867	0.05972	0.00675	0.00428	0.00356	0.00106	0.00406	0.00360	0.00308	0.00536
17	0.00594	0.00297	0.00446	0.00446	0.00446	0.00297	0.00297	0.00446	0.00446	0.00594	0.00594	0.01040	0.00594	0.01188	0.01337	0.90048	0.00297	0.00297	0.00149	0.00149
18	0.00783	0.05674	0.61271	0.00896	0.01310	0.07163	0.01060	0.07665	0.03598	0.01127	0.00665	0.00792	0.00501	0.02633	0.03312	0.00126	0.00499	0.00266	0.00172	0.00487
19	0.00574	0.00441	0.00516	0.00531	0.00621	0.00455	0.00389	0.02857	0.22349	0.02224	0.04463	0.44603	0.11514	0.00841	0.00405	0.00128	0.00224	0.04899	0.01603	0.00362
20	0.00705	0.01635	0.72807	0.01049	0.01529	0.00806	0.14528	0.01085	0.00736	0.01085	0.00626	0.00754	0.00447	0.00319	0.00338	0.00109	0.00517	0.00277	0.00149	0.00499
21	0.02428	0.00873	0.04103	0.07680	0.41394	0.03543	0.00879	0.18827	0.06948	0.01314	0.00708	0.00852	0.00562	0.00369	0.00405	0.00108	0.07970	0.00304	0.00216	0.00515
22	0.03870	0.00780	0.10022	0.00814	0.01084	0.00641	0.22498	0.05129	0.03330	0.09337	0.00884	0.06370	0.00722	0.00389	0.00348	0.00098	0.02479	0.01467	0.10937	0.18801
23	0.00418	0.00345	0.00366	0.00365	0.00471	0.00294	0.00272	0.00516	0.00806	0.00995	0.16818	0.06227	0.69232	0.00847	0.00405	0.00115	0.00172	0.00714	0.00327	0.00294
24	0.00594	0.00297	0.00446	0.00446	0.00446	0.00297	0.00297	0.00446	0.00446	0.00594	0.00594	0.01040	0.00594	0.01188	0.01337	0.90048	0.00297	0.00297	0.00149	0.00149
25	0.00926	0.85500	0.01767	0.00594	0.00884	0.03997	0.00588	0.01035	0.00704	0.00806	0.00477	0.00551	0.00439	0.00295	0.00222	0.00074	0.00374	0.00184	0.00147	0.00438
26	0.03796	0.02808	0.03593	0.02663	0.00762	0.08110	0.00506	0.05007	0.03537	0.00926	0.00849	0.01172	0.00760	0.01924	0.61510	0.00419	0.00779	0.00335	0.00194	0.00350
27	0.07356	0.00561	0.02730	0.00517	0.00677	0.00570	0.00418	0.08307	0.20981	0.08838	0.03245	0.03991	0.03855	0.00467	0.00305	0.00101	0.00238	0.02482	0.33936	0.00424
28	0.00478	0.00331	0.00396	0.00417	0.00438	0.00319	0.00259	0.00508	0.00568	0.00760	0.01380	0.30584	0.02758	0.52931	0.01210	0.00251	0.00282	0.02588	0.00248	0.03294
29	0.05366	0.19932	0.00813	0.00534	0.00663	0.07829	0.00427	0.00815	0.04450	0.00904	0.07607	0.03549	0.05786	0.16979	0.20434	0.00244	0.00466	0.02648	0.00217	0.00339

[dist]
# distance from previous block
# <min> <max>
4	33

[block]
# block no. 3 follows, 82 sequences, length 44
# corresponding to MSA columns:
# 152-195
name=unknown_D
#
# <colnr> <probs for GDERKNQSTAVLIFYWHMCP>
#	G	D	E	R	K	N	Q	S	T	A	V	L	I	F	Y	W	H	M	C	P
0	0.16371	0.34851	0.13142	0.01854	0.04532	0.08357	0.03110	0.06952	0.03909	0.01116	0.00643	0.00719	0.02481	0.00336	0.00270	0.00093	0.00391	0.00238	0.00187	0.00447
1	0.00861	0.00691	0.00928	0.02722	0.14633	0.01497	0.05071	0.15326	0.12403	0.06704	0.06321	0.03636	0.06573	0.02480	0.02984	0.00128	0.10001	0.00392	0.03749	0.02898
2	0.01769	0.10331	0.03455	0.01924	0.02436	0.18455	0.00710	0.08785	0.00770	0.05464	0.00560	0.00730	0.00480	0.00471	0.00693	0.00119	0.41966	0.00272	0.00188	0.00422
3	0.00418	0.00299	0.00398	0.00475	0.00496	0.00279	0.00318	0.00480	0.00661	0.00884	0.03632	0.85979	0.02283	0.01064	0.00436	0.00138	0.00198	0.00965	0.00319	0.00279
4	0.00486	0.00384	0.00442	0.00436	0.00533	0.00363	0.00323	0.00695	0.10336	0.01137	0.33017	0.15244	0.33758	0.00790	0.00402	0.00116	0.00184	0.00683	0.00343	0.00328
5	0.00631	0.00373	0.00496	0.00502	0.00581	0.00358	0.00366	0.00747	0.02887	0.14530	0.10100	0.43936	0.03938	0.03398	0.12397	0.00190	0.00315	0.01869	0.02046	0.00341
6	0.02674	0.00770	0.00817	0.00685	0.00897	0.00860	0.00549	0.36368	0.36239	0.01698	0.03336	0.01232	0.03883	0.00465	0.00342	0.00109	0.00303	0.02174	0.06078	0.00521
7	0.00691	0.01735	0.82824	0.00994	0.01493	0.00797	0.04612	0.01084	0.00726	0.01084	0.00617	0.00730	0.00437	0.00324	0.00328	0.00109	0.00508	0.00259	0.00146	0.00504
8	0.00951	0.00756	0.00888	0.00740	0.00960	0.00827	0.05594	0.23609	0.41747	0.04621	0.01162	0.02084	0.00906	0.00542	0.03818	0.00128	0.00344	0.04669	0.00322	0.05331
9	0.00674	0.00488	0.00555	0.00438	0.00647	0.00398	0.00342	0.00822	0.00725	0.02752	0.03713	0.02767	0.04173	0.01418	0.00283	0.00070	0.00218	0.00295	0.28511	0.50712
10	0.00495	0.00351	0.00452	0.00488	0.00532	0.00348	0.00362	0.00579	0.00663	0.00879	0.06581	0.16560	0.06083	0.29660	0.07554	0.00237	0.00332	0.27299	0.00274	0.00272
11	0.00892	0.00802	0.01104	0.00888	0.01121	0.00877	0.20397	0.12867	0.49618	0.01424	0.01134	0.01178	0.00863	0.00430	0.00384	0.00116	0.02727	0.02360	0.00300	0.00518
12	0.00424	0.00311	0.00397	0.00458	0.00494	0.00290	0.00313	0.00489	0.00664	0.00870	0.02033	0.66573	0.14066	0.05394	0.03742	0.00161	0.00231	0.02505	0.00307	0.00278
13	0.00766	0.00648	0.00775	0.05110	0.03355	0.00545	0.00477	0.08457	0.02631	0.01203	0.00645	0.00746	0.00524	0.00278	0.00270	0.00062	0.00280	0.00224	0.00215	0.72787
14	0.00761	0.01230	0.35124	0.01275	0.14049	0.03563	0.31401	0.01066	0.00784	0.01102	0.05784	0.00921	0.00650	0.00332	0.00360	0.00109	0.00499	0.00336	0.00174	0.00480
15	0.00440	0.00307	0.00392	0.00450	0.00473	0.00290	0.00296	0.00497	0.00647	0.00873	0.05128	0.65854	0.03826	0.15145	0.00640	0.00167	0.00217	0.00854	0.03235	0.00270
16	0.02714	0.00948	0.01154	0.00871	0.01154	0.01029	0.12179	0.71826	0.01481	0.02000	0.00798	0.00831	0.00570	0.00392	0.00348	0.00104	0.00402	0.00319	0.00317	0.00562
17	0.00950	0.00851	0.01063	0.05259	0.30643	0.13483	0.04344	0.10321	0.05816	0.08276	0.01040	0.01318	0.06029	0.00442	0.00356	0.00108	0.00403	0.08575	0.00244	0.00479
18	0.02873	0.01368	0.00989	0.00883	0.01046	0.63671	0.05768	0.01230	0.00895	0.00884	0.00659	0.00969	0.00597	0.00428	0.00399	0.00102	0.08112	0.08548	0.00188	0.00390
19	0.00840	0.00644	0.00716	0.00656	0.00831	0.00710	0.00525	0.08170	0.49599	0.06990	0.01560	0.02812	0.06700	0.00580	0.00374	0.00122	0.00281	0.16082	0.01327	0.00483
20	0.00915	0.88184	0.01793	0.00585	0.00878	0.01354	0.00585	0.01024	0.00695	0.00805	0.00476	0.00549	0.00439	0.00293	0.00219	0.00073	0.00366	0.00183	0.00146	0.00439
21	0.00782	0.00969	0.09168	0.01355	0.01694	0.00843	0.72433	0.01066	0.00788	0.01080	0.00720	0.03902	0.00570	0.00326	0.00416	0.00116	0.02729	0.00408	0.00175	0.00457
22	0.00474	0.00356	0.00413	0.00398	0.00502	0.00312	0.00302	0.00596	0.00867	0.03437	0.38958	0.02931	0.45276	0.00784	0.00404	0.00113	0.00175	0.03043	0.00346	0.00312
23	0.00454	0.00340	0.00417	0.00417	0.00494	0.00308	0.00305	0.00574	0.00851	0.01149	0.47187	0.17040	0.23923	0.03516	0.00452	0.00122	0.00178	0.01625	0.00346	0.00303
24	0.00497	0.00332	0.00373	0.00373	0.00373	0.00332	0.00207	0.00497	0.00497	0.00663	0.01078	0.02239	0.01244	0.87978	0.01741	0.00332	0.00332	0.00497	0.00207	0.00207
25	0.00686	0.01769	0.86206	0.00975	0.01481	0.00794	0.01264	0.01083	0.00722	0.01083	0.00614	0.00722	0.00433	0.00325	0.00325	0.00108	0.00506	0.00253	0.00144	0.00506
26	0.00686	0.01769	0.86206	0.00975	0.01481	0.00794	0.01264	0.01083	0.00722	0.01083	0.00614	0.00722	0.00433	0.00325	0.00325	0.00108	0.00506	0.00253	0.00144	0.00506
27	0.00489	0.00363	0.00534	0.00534	0.00590	0.00419	0.00408	0.00601	0.00545	0.00783	0.00931	0.01423	0.00889	0.10102	0.79133	0.00531	0.00865	0.00378	0.00185	0.00297
28	0.47619	0.04842	0.28144	0.00662	0.00972	0.07099	0.00693	0.01084	0.00676	0.04693	0.00559	0.00638	0.00418	0.00326	0.00261	0.00104	0.00373	0.00216	0.00193	0.00427
29	0.00488	0.00336	0.00387	0.00384	0.00404	0.00330	0.00233	0.00518	0.00577	0.00772	0.11310	0.02328	0.08051	0.67918	0.04357	0.00296	0.00319	0.00525	0.00235	0.00231
30	0.19902	0.18124	0.09569	0.00854	0.08318	0.14214	0.06626	0.06220	0.03106	0.07812	0.00641	0.00718	0.00496	0.00338	0.00300	0.00098	0.01750	0.00250	0.00208	0.00457
31	0.03481	0.01057	0.10405	0.00906	0.05295	0.06362	0.05796	0.53173	0.05580	0.01762	0.00777	0.00820	0.00566	0.00389	0.00353	0.00105	0.02044	0.00303	0.00285	0.00541
32	0.00462	0.00335	0.00467	0.00507	0.00552	0.00348	0.00373	0.00558	0.00635	0.00875	0.04087	0.40184	0.03768	0.02954	0.33965	0.00300	0.00486	0.06834	0.02016	0.00293
33	0.00537	0.00379	0.00524	0.00514	0.00565	0.00421	0.00382	0.00627	0.00580	0.03551	0.05367	0.02624	0.01121	0.25084	0.49128	0.00419	0.04143	0.03530	0.00212	0.00292
34	0.00740	0.00704	0.01197	0.47141	0.41633	0.00785	0.00997	0.00957	0.00729	0.00989	0.00625	0.00881	0.00496	0.00324	0.00340	0.00108	0.00433	0.00304	0.00160	0.00456
35	0.10432	0.00595	0.00627	0.00533	0.00709	0.02918	0.00426	0.16670	0.07579	0.17676	0.01033	0.01080	0.00763	0.00526	0.05262	0.00122	0.00301	0.00313	0.31993	0.00442
36	0.00823	0.00695	0.04164	0.00577	0.00847	0.00597	0.00482	0.16717	0.08350	0.04622	0.01132	0.01147	0.12079	0.00394	0.00305	0.00079	0.00279	0.00316	0.00264	0.46128
37	0.03231	0.00576	0.00665	0.00552	0.00744	0.02897	0.00438	0.10131	0.06202	0.19315	0.27005	0.03242	0.05195	0.00521	0.00350	0.00099	0.00255	0.02670	0.00336	0.15575
38	0.07382	0.00649	0.01762	0.00628	0.00900	0.00579	0.02914	0.09084	0.00963	0.57142	0.01109	0.01015	0.00728	0.00386	0.00323	0.00098	0.00302	0.00310	0.00360	0.13366
39	0.16312	0.00789	0.02581	0.00699	0.00931	0.04968	0.07522	0.29605	0.01071	0.16725	0.07479	0.01062	0.00830	0.05543	0.00408	0.00118	0.00349	0.00332	0.02199	0.00477
40	0.00458	0.00321	0.00411	0.00447	0.00468	0.00319	0.00293	0.00509	0.00595	0.00805	0.04615	0.41742	0.01737	0.32780	0.12669	0.00264	0.00343	0.00704	0.00261	0.00258
41	0.00612	0.00405	0.00496	0.00457	0.00575	0.00374	0.00355	0.03458	0.03158	0.09962	0.46340	0.02585	0.23713	0.00712	0.00398	0.00112	0.00196	0.05377	0.00361	0.00354
42	0.00783	0.00621	0.00747	0.00543	0.00834	0.00495	0.01343	0.02598	0.00742	0.07281	0.00662	0.00748	0.00531	0.00280	0.00292	0.00060	0.03115	0.00220	0.00219	0.77887
43	0.00550	0.00362	0.03219	0.00428	0.00444	0.00330	0.00285	0.00492	0.00480	0.00644	0.00830	0.01612	0.00904	0.43308	0.01500	0.43533	0.00321	0.00393	0.00177	0.00189

[dist]
# distance from previous block
# <min> <max>
3	52

[block]
# block no. 4 follows, 82 sequences, length 71
# corresponding to MSA columns:
# 256-326
name=unknown_E
#
# <colnr> <probs for GDERKNQSTAVLIFYWHMCP>
#	G	D	E	R	K	N	Q	S	T	A	V	L	I	F	Y	W	H	M	C	P
0	0.00913	0.70946	0.02395	0.00695	0.04260	0.05704	0.04152	0.01038	0.00718	0.00851	0.00503	0.00590	0.00450	0.00294	0.00239	0.00076	0.00384	0.00201	0.00153	0.05439
1	0.00554	0.00355	0.00410	0.00401	0.00428	0.00362	0.00248	0.00614	0.03499	0.03509	0.01088	0.02025	0.01165	0.68577	0.08016	0.00313	0.00359	0.00464	0.07366	0.00247
2	0.00888	0.00853	0.02757	0.01079	0.02490	0.05416	0.44562	0.09101	0.09017	0.05707	0.03887	0.01098	0.00750	0.00368	0.00369	0.00109	0.00453	0.02325	0.08307	0.00464
3	0.00421	0.00300	0.00399	0.00475	0.00497	0.00281	0.00318	0.00482	0.00658	0.00878	0.03069	0.83563	0.02250	0.02954	0.00465	0.00143	0.00202	0.02050	0.00316	0.00277
4	0.00465	0.00349	0.00431	0.00411	0.00500	0.00315	0.00308	0.00609	0.00924	0.01267	0.66393	0.02728	0.22564	0.00738	0.00404	0.00109	0.00164	0.00643	0.00363	0.00315
5	0.00430	0.00348	0.00382	0.00374	0.00478	0.00300	0.00280	0.00541	0.00840	0.01068	0.29932	0.03055	0.59149	0.00813	0.00404	0.00113	0.00169	0.00689	0.00337	0.00300
6	0.00915	0.88184	0.01793	0.00585	0.00878	0.01354	0.00585	0.01024	0.00695	0.00805	0.00476	0.00549	0.00439	0.00293	0.00219	0.00073	0.00366	0.00183	0.00146	0.00439
7	0.01194	0.00829	0.00899	0.00705	0.00944	0.00903	0.00577	0.65855	0.01423	0.06892	0.01669	0.04170	0.00719	0.00437	0.00334	0.00101	0.00337	0.00339	0.11137	0.00536
8	0.90395	0.00662	0.00503	0.00450	0.00662	0.00767	0.00370	0.01006	0.00582	0.01535	0.00476	0.00556	0.00370	0.00318	0.00212	0.00106	0.00265	0.00185	0.00212	0.00370
9	0.00504	0.00352	0.00427	0.00423	0.00434	0.00373	0.00265	0.00529	0.00508	0.00692	0.01028	0.02027	0.01147	0.69535	0.17205	0.00365	0.03289	0.00467	0.00201	0.00231
10	0.04098	0.14086	0.05626	0.00826	0.01059	0.48253	0.03018	0.15872	0.02174	0.01115	0.00591	0.00664	0.00473	0.00351	0.00302	0.00091	0.00515	0.00238	0.00203	0.00444
11	0.03168	0.00550	0.00629	0.00517	0.00703	0.01623	0.00416	0.15150	0.00965	0.33420	0.01133	0.01133	0.00799	0.00407	0.00296	0.00094	0.00254	0.00322	0.37959	0.00464
12	0.00862	0.00741	0.00780	0.00698	0.00894	0.00856	0.00544	0.03938	0.83087	0.01449	0.01378	0.01265	0.01032	0.00463	0.00348	0.00116	0.00273	0.00385	0.00348	0.00542
13	0.00677	0.00428	0.00555	0.00527	0.00553	0.04051	0.00377	0.00622	0.03676	0.03656	0.00649	0.01030	0.00615	0.02262	0.03609	0.66846	0.09177	0.00304	0.00169	0.00217
14	0.00459	0.00352	0.00405	0.00390	0.00491	0.00308	0.00293	0.00581	0.00870	0.02491	0.41598	0.02916	0.46056	0.00782	0.00403	0.00112	0.00170	0.00668	0.00347	0.00309
15	0.00484	0.00395	0.00503	0.00466	0.00577	0.00362	0.04459	0.00656	0.05095	0.01140	0.36315	0.06361	0.37890	0.00761	0.00405	0.00115	0.00199	0.03159	0.00336	0.00324
16	0.00740	0.00607	0.00712	0.00510	0.00813	0.00458	0.00409	0.00892	0.00719	0.04299	0.00636	0.00726	0.00519	0.00260	0.00257	0.00053	0.00255	0.00208	0.00211	0.86715
17	0.00479	0.00358	0.00451	0.00455	0.00542	0.00330	0.00358	0.00621	0.00882	0.01186	0.47284	0.03834	0.22316	0.00796	0.00419	0.00121	0.00198	0.18710	0.00349	0.00313
18	0.00418	0.00338	0.00376	0.00390	0.00480	0.00296	0.00285	0.00507	0.00762	0.00950	0.10691	0.20611	0.57177	0.00965	0.04052	0.00138	0.00209	0.00749	0.00317	0.00290
19	0.03685	0.00765	0.03918	0.02094	0.32762	0.11889	0.00717	0.00904	0.00696	0.00949	0.00737	0.01053	0.00665	0.06317	0.29683	0.00267	0.01991	0.00320	0.00177	0.00411
20	0.56952	0.00809	0.00960	0.00806	0.04756	0.07422	0.21660	0.01058	0.00678	0.01352	0.00542	0.00666	0.00421	0.00312	0.00273	0.00107	0.00377	0.00248	0.00197	0.00403
21	0.00669	0.00577	0.00795	0.08470	0.09196	0.03764	0.07931	0.04588	0.07943	0.02400	0.24088	0.06203	0.13076	0.00588	0.00380	0.00112	0.00298	0.05112	0.03421	0.00390
22	0.00593	0.00466	0.00560	0.00460	0.00641	0.00385	0.00356	0.00754	0.02118	0.02799	0.38967	0.01832	0.11002	0.00526	0.00340	0.00085	0.00204	0.00451	0.00299	0.37161
23	0.00543	0.00433	0.00622	0.00601	0.00645	0.00526	0.00472	0.00642	0.00558	0.00803	0.00921	0.02878	0.00916	0.09675	0.53908	0.02016	0.16730	0.06612	0.00191	0.00307
24	0.00558	0.00397	0.03283	0.00529	0.00575	0.00400	0.00407	0.00574	0.01847	0.00733	0.00822	0.04905	0.00810	0.01627	0.32979	0.42083	0.03576	0.03472	0.00178	0.00244
25	0.00859	0.04561	0.09370	0.05453	0.45891	0.02141	0.06024	0.01068	0.00772	0.07048	0.00676	0.00830	0.00536	0.00313	0.00336	0.00097	0.01555	0.00289	0.00187	0.11994
26	0.37190	0.00638	0.00692	0.00556	0.00800	0.00644	0.00459	0.06660	0.00860	0.46828	0.00966	0.00898	0.00639	0.00380	0.00291	0.00106	0.00286	0.00278	0.00333	0.00497
27	0.00473	0.00352	0.00436	0.00416	0.00501	0.00322	0.00309	0.00622	0.01788	0.01258	0.65644	0.03559	0.18267	0.04003	0.00454	0.00118	0.00171	0.00634	0.00358	0.00314
28	0.00763	0.00733	0.01264	0.37019	0.48247	0.00793	0.04286	0.00979	0.00741	0.01017	0.00631	0.00876	0.00506	0.00319	0.00343	0.00107	0.00433	0.00308	0.00162	0.00472
29	0.00825	0.00790	0.01349	0.11416	0.76700	0.00807	0.01039	0.01031	0.00769	0.01091	0.00640	0.00854	0.00532	0.00309	0.00339	0.00103	0.00412	0.00305	0.00167	0.00524
30	0.00453	0.00317	0.00411	0.00474	0.00509	0.00300	0.00334	0.00531	0.00680	0.00918	0.04554	0.60264	0.05637	0.06847	0.00516	0.00149	0.00218	0.11501	0.05104	0.00282
31	0.00890	0.34685	0.05920	0.00617	0.00911	0.11363	0.00562	0.02805	0.00762	0.03107	0.00571	0.00650	0.00478	0.00292	0.00255	0.00070	0.00359	0.00206	0.00183	0.35313
32	0.00432	0.00346	0.00376	0.00374	0.00471	0.00302	0.00276	0.00527	0.00789	0.00988	0.18847	0.04191	0.58963	0.08672	0.00527	0.00135	0.00190	0.02987	0.00319	0.00289
33	0.80055	0.00652	0.00537	0.00468	0.00686	0.00737	0.00386	0.01083	0.00628	0.11373	0.00578	0.00627	0.00426	0.00330	0.00227	0.00106	0.00268	0.00204	0.00236	0.00395
34	0.90395	0.00662	0.00503	0.00450	0.00662	0.00767	0.00370	0.01006	0.00582	0.01535	0.00476	0.00556	0.00370	0.00318	0.00212	0.00106	0.00265	0.00185	0.00212	0.00370
35	0.00808	0.00752	0.01132	0.46576	0.29677	0.06478	0.00935	0.02807	0.00765	0.04634	0.00649	0.00877	0.00503	0.00339	0.00350	0.00108	0.01688	0.00300	0.00175	0.00447
36	0.00531	0.00376	0.00460	0.00464	0.00488	0.00393	0.00306	0.01592	0.03329	0.02528	0.04933	0.28422	0.01565	0.45762	0.01149	0.00236	0.06316	0.00626	0.00255	0.00268
37	0.00427	0.00306	0.00401	0.00469	0.00496	0.00286	0.00317	0.00491	0.00666	0.00885	0.04650	0.74179	0.05686	0.05697	0.00505	0.00148	0.00207	0.03593	0.00313	0.00277
38	0.01085	0.04832	0.00937	0.03813	0.01034	0.43385	0.00623	0.06506	0.31962	0.01135	0.00864	0.00879	0.00671	0.00394	0.00323	0.00100	0.00459	0.00288	0.00247	0.00462
39	0.75631	0.00809	0.00581	0.00520	0.00727	0.13392	0.00418	0.02620	0.00658	0.01444	0.00490	0.00570	0.00385	0.00324	0.00228	0.00103	0.00318	0.00193	0.00209	0.00378
40	0.00451	0.00320	0.00434	0.00480	0.00512	0.00319	0.00334	0.00518	0.00634	0.00861	0.06485	0.51690	0.03373	0.07810	0.19122	0.04037	0.00366	0.01701	0.00277	0.00276
41	0.00426	0.00304	0.00406	0.00485	0.00508	0.00286	0.00331	0.00491	0.00661	0.00880	0.01870	0.81265	0.02230	0.02204	0.00456	0.00143	0.00208	0.06249	0.00316	0.00279
42	0.00749	0.00716	0.01224	0.43049	0.44299	0.00788	0.02335	0.00966	0.00734	0.01000	0.00627	0.00879	0.00500	0.00322	0.00341	0.00108	0.00433	0.00306	0.00161	0.00463
43	0.00690	0.03310	0.84701	0.00968	0.01470	0.00804	0.01252	0.01082	0.00722	0.01078	0.00611	0.00719	0.00433	0.00324	0.00323	0.00108	0.00503	0.00252	0.00144	0.00504
44	0.00657	0.00523	0.00616	0.00604	0.01840	0.00557	0.01165	0.01810	0.34469	0.02831	0.12461	0.14392	0.10807	0.00734	0.02061	0.00132	0.00261	0.13337	0.00333	0.00410
45	0.00420	0.00338	0.00374	0.00385	0.00477	0.00292	0.00281	0.00513	0.00786	0.00987	0.16531	0.19338	0.56321	0.00878	0.00410	0.00119	0.00176	0.00753	0.00327	0.00292
46	0.01300	0.00951	0.01014	0.00781	0.01052	0.02261	0.00644	0.79307	0.03078	0.04873	0.00845	0.00838	0.00597	0.00411	0.00342	0.00103	0.00375	0.00309	0.00343	0.00578
47	0.00493	0.00334	0.00393	0.00396	0.00404	0.00340	0.00236	0.00509	0.00510	0.00686	0.01095	0.05754	0.01245	0.75112	0.10825	0.00347	0.00389	0.00503	0.00209	0.00221
48	0.00671	0.00648	0.01024	0.83772	0.02305	0.04127	0.00939	0.00893	0.00695	0.00873	0.00605	0.00900	0.00455	0.00342	0.00341	0.00113	0.00462	0.00301	0.00153	0.00381
49	0.00733	0.00725	0.01017	0.00877	0.00881	0.01010	0.00729	0.00810	0.00525	0.00821	0.00477	0.00785	0.00474	0.00718	0.06321	0.00174	0.82096	0.00303	0.00152	0.00370
50	0.00485	0.00366	0.00542	0.00542	0.00605	0.00422	0.00421	0.00606	0.00559	0.00799	0.01016	0.01420	0.04183	0.02499	0.83241	0.00533	0.00887	0.00380	0.00189	0.00305
51	0.01126	0.37820	0.01314	0.00758	0.00982	0.50960	0.00629	0.01223	0.00855	0.00824	0.00507	0.00588	0.00440	0.00327	0.00271	0.00082	0.00512	0.00205	0.00164	0.00414
52	0.00478	0.00355	0.00451	0.00461	0.00544	0.00328	0.00360	0.00616	0.00868	0.01169	0.44507	0.09014	0.19564	0.00814	0.00421	0.00122	0.00200	0.19068	0.00347	0.00311
53	0.00883	0.00617	0.00734	0.00678	0.00844	0.00657	0.00567	0.22521	0.16539	0.08829	0.02694	0.02351	0.01364	0.00670	0.00404	0.00131	0.00318	0.38414	0.00338	0.00448
54	0.00896	0.66001	0.13202	0.00685	0.01005	0.01207	0.04808	0.01087	0.03882	0.03674	0.00568	0.00638	0.00478	0.00308	0.00252	0.00083	0.00389	0.00216	0.00164	0.00458
55	0.00713	0.12113	0.76102	0.00928	0.01408	0.00861	0.01183	0.01076	0.00719	0.01050	0.00597	0.00701	0.00434	0.00321	0.00312	0.00104	0.00489	0.00244	0.00145	0.00498
56	0.00828	0.00679	0.00750	0.00626	0.00857	0.00692	0.00494	0.04101	0.47562	0.04290	0.01121	0.02476	0.00878	0.00409	0.00319	0.00094	0.00269	0.02137	0.00300	0.31118
57	0.00494	0.00362	0.00417	0.00413	0.00507	0.00327	0.00305	0.02238	0.00791	0.04190	0.17029	0.14034	0.43949	0.07623	0.03296	0.00149	0.00223	0.03029	0.00319	0.00305
58	0.00417	0.00304	0.00393	0.00461	0.00493	0.00280	0.00312	0.00482	0.00675	0.00889	0.03875	0.76906	0.11171	0.01042	0.00432	0.00136	0.00195	0.00938	0.00319	0.00280
59	0.00473	0.00350	0.00425	0.00408	0.00501	0.00313	0.00305	0.00606	0.00895	0.02606	0.54314	0.06219	0.29806	0.00764	0.00404	0.00111	0.00169	0.00662	0.00356	0.00314
60	0.01269	0.01613	0.00965	0.00878	0.01054	0.84906	0.00659	0.01375	0.02638	0.00849	0.00546	0.00630	0.00453	0.00355	0.00309	0.00089	0.00610	0.00224	0.00180	0.00399
61	0.01031	0.02604	0.10718	0.04892	0.04432	0.37410	0.00719	0.03020	0.25904	0.03349	0.00828	0.00867	0.00637	0.00386	0.00337	0.00102	0.01782	0.00286	0.00231	0.00466
62	0.00413	0.00347	0.00359	0.00356	0.00468	0.00293	0.00267	0.00508	0.00801	0.00975	0.12757	0.03209	0.76383	0.00847	0.00404	0.00115	0.00172	0.00710	0.00324	0.00293
63	0.00847	0.00813	0.01388	0.02100	0.85844	0.00813	0.01050	0.01050	0.00779	0.01118	0.00643	0.00847	0.00542	0.00305	0.00339	0.00102	0.00406	0.00305	0.00169	0.00542
64	0.00700	0.04738	0.78595	0.00991	0.03821	0.00821	0.01220	0.01073	0.00718	0.01068	0.00605	0.00720	0.00437	0.00331	0.00343	0.00108	0.02810	0.00253	0.00145	0.00501
65	0.00949	0.00912	0.03871	0.06266	0.35560	0.04400	0.21176	0.17823	0.00958	0.03688	0.00703	0.00859	0.00541	0.00330	0.00354	0.00106	0.00453	0.00325	0.00211	0.00515
66	0.00824	0.00571	0.00614	0.00546	0.00702	0.00623	0.00426	0.09718	0.35750	0.05671	0.08840	0.01340	0.01127	0.00455	0.00315	0.00101	0.00234	0.00374	0.31319	0.00451
67	0.00619	0.00368	0.00408	0.00415	0.00493	0.00372	0.00308	0.05972	0.02812	0.01207	0.02234	0.22776	0.01950	0.02490	0.00344	0.00107	0.00197	0.04756	0.51846	0.00328
68	0.00495	0.00340	0.00416	0.00416	0.00431	0.00355	0.00261	0.00525	0.00510	0.00695	0.01038	0.02020	0.01149	0.67126	0.22464	0.00385	0.00474	0.00465	0.00201	0.00231
69	0.00481	0.00352	0.00457	0.00465	0.00543	0.00328	0.00360	0.00623	0.00879	0.01202	0.51584	0.12416	0.11384	0.00806	0.00421	0.00122	0.00196	0.16716	0.00352	0.00313
70	0.01312	0.03567	0.00911	0.00680	0.00945	0.00778	0.00561	0.34401	0.08471	0.37650	0.01071	0.00991	0.00725	0.00407	0.00334	0.00101	0.00323	0.00320	0.00362	0.06091

[dist]
# distance from previous block
# <min> <max>
0	1

[block]
# block no. 5 follows, 82 sequences, length 10
# corresponding to MSA columns:
# 328-337
name=unknown_F
#
# <colnr> <probs for GDERKNQSTAVLIFYWHMCP>
#	G	D	E	R	K	N	Q	S	T	A	V	L	I	F	Y	W	H	M	C	P
0	0.00855	0.07319	0.06651	0.00895	0.09421	0.05237	0.11258	0.09774	0.15537	0.05405	0.12857	0.03415	0.02982	0.00452	0.00351	0.00105	0.00357	0.02627	0.00269	0.04235
1	0.01145	0.39346	0.01336	0.00701	0.00966	0.15689	0.00612	0.27561	0.01051	0.07636	0.00659	0.00693	0.00515	0.00350	0.00283	0.00087	0.00406	0.00241	0.00234	0.00488
2	0.00492	0.00352	0.00477	0.00477	0.00512	0.00388	0.00336	0.00564	0.00528	0.00740	0.00983	0.01715	0.01016	0.37969	0.51440	0.00459	0.00674	0.00421	0.00193	0.00265
3	0.03433	0.06164	0.10759	0.00782	0.05181	0.23484	0.06231	0.00999	0.01836	0.04058	0.00813	0.01185	0.02398	0.20724	0.03989	0.00167	0.00460	0.01294	0.00196	0.05848
4	0.00885	0.16595	0.15237	0.01296	0.25806	0.04677	0.19697	0.02715	0.00795	0.06260	0.00687	0.02602	0.00551	0.00330	0.00331	0.00101	0.00451	0.00309	0.00184	0.00491
5	0.01090	0.14964	0.04180	0.00691	0.00939	0.02211	0.00599	0.36029	0.10306	0.12112	0.04271	0.01167	0.02327	0.00446	0.00332	0.00103	0.00341	0.05391	0.01989	0.00512
6	0.00454	0.00319	0.00400	0.00444	0.00468	0.00305	0.00294	0.00507	0.00636	0.00847	0.06788	0.47451	0.05018	0.28836	0.00853	0.00199	0.00244	0.05394	0.00286	0.00260
7	0.04074	0.04884	0.06061	0.06366	0.28542	0.06339	0.16714	0.08174	0.00846	0.07092	0.00716	0.03111	0.00575	0.00360	0.00380	0.00107	0.04645	0.00326	0.00204	0.00486
8	0.00920	0.05187	0.03122	0.06302	0.14336	0.20860	0.05799	0.07884	0.05107	0.03939	0.01832	0.04984	0.06036	0.00451	0.00393	0.00106	0.06352	0.02403	0.03552	0.00436
9	0.00766	0.00650	0.01012	0.12961	0.36308	0.02884	0.03873	0.00941	0.00775	0.07424	0.04459	0.04521	0.08793	0.00590	0.05618	0.00136	0.00397	0.04875	0.02572	0.00442

[dist]
# distance from previous block
# <min> <max>
0	25

[block]
# block no. 6 follows, 82 sequences, length 8
# corresponding to MSA columns:
# 363-370
name=unknown_G
#
# <colnr> <probs for GDERKNQSTAVLIFYWHMCP>
#	G	D	E	R	K	N	Q	S	T	A	V	L	I	F	Y	W	H	M	C	P
0	0.00737	0.04007	0.05526	0.00755	0.06155	0.05920	0.01851	0.03184	0.16360	0.04556	0.04448	0.16260	0.05696	0.00826	0.10155	0.00168	0.10431	0.02296	0.00260	0.00410
1	0.03340	0.00702	0.03921	0.04837	0.08936	0.00678	0.03867	0.19322	0.07205	0.14382	0.08887	0.01460	0.06916	0.00480	0.00353	0.00107	0.00322	0.06444	0.01726	0.06116
2	0.00567	0.00374	0.00453	0.02360	0.03691	0.00362	0.00339	0.00733	0.04201	0.03123	0.20712	0.17170	0.14078	0.00653	0.00348	0.00105	0.00192	0.00564	0.29642	0.00333
3	0.00821	0.14526	0.51004	0.00957	0.01368	0.09675	0.11322	0.04563	0.00791	0.01062	0.00603	0.00714	0.00452	0.00322	0.00318	0.00102	0.00499	0.00260	0.00160	0.00482
4	0.00491	0.00356	0.00498	0.00498	0.00542	0.00400	0.00364	0.00578	0.00535	0.00756	0.00963	0.01603	0.00968	0.27353	0.61989	0.00486	0.00747	0.00405	0.00190	0.00277
5	0.00531	0.00360	0.00458	0.00432	0.00525	0.00326	0.00324	0.00674	0.00923	0.06325	0.63877	0.07936	0.14556	0.00730	0.00402	0.00111	0.00173	0.00639	0.00367	0.00331
6	0.00417	0.00298	0.00397	0.00476	0.00496	0.00278	0.00318	0.00476	0.00655	0.00873	0.01885	0.87755	0.02262	0.01072	0.00437	0.00139	0.00198	0.00972	0.00318	0.00278
7	0.00709	0.00608	0.00709	0.00507	0.00811	0.00456	0.00405	0.00861	0.00709	0.01115	0.00608	0.00709	0.00507	0.00253	0.00253	0.00051	0.00253	0.00203	0.00203	0.90069

[dist]
# distance from previous block
# <min> <max>
0	4

[block]
# block no. 7 follows, 82 sequences, length 7
# corresponding to MSA columns:
# 375-381
name=unknown_H
#
# <colnr> <probs for GDERKNQSTAVLIFYWHMCP>
#	G	D	E	R	K	N	Q	S	T	A	V	L	I	F	Y	W	H	M	C	P
0	0.00865	0.61180	0.01473	0.09930	0.00992	0.08077	0.00585	0.00973	0.00692	0.00798	0.00566	0.00796	0.00537	0.10817	0.00422	0.00110	0.00392	0.00237	0.00157	0.00401
1	0.00659	0.00468	0.00520	0.00496	0.00553	0.06127	0.00345	0.00712	0.00621	0.09960	0.01215	0.12107	0.04821	0.41472	0.13866	0.00282	0.04744	0.00500	0.00240	0.00295
2	0.11579	0.00801	0.01170	0.05923	0.32402	0.04455	0.12706	0.05585	0.09909	0.01202	0.00847	0.02486	0.04255	0.00383	0.00377	0.00109	0.04789	0.00339	0.00211	0.00473
3	0.01014	0.08888	0.00911	0.00691	0.00909	0.03325	0.00557	0.18103	0.45839	0.10615	0.01185	0.04619	0.00907	0.00455	0.00337	0.00108	0.00310	0.00367	0.00330	0.00529
4	0.05809	0.09716	0.00992	0.00731	0.00942	0.01001	0.00603	0.33135	0.30099	0.01576	0.00919	0.00927	0.00699	0.00435	0.00418	0.00110	0.10762	0.00315	0.00294	0.00517
5	0.10459	0.00658	0.00641	0.00603	0.02902	0.08960	0.00437	0.11006	0.14637	0.03111	0.02399	0.03193	0.06529	0.24572	0.05205	0.00193	0.00363	0.03491	0.00263	0.00378
6	0.00610	0.00558	0.04363	0.02519	0.08313	0.00520	0.05112	0.00882	0.14820	0.03633	0.03820	0.18745	0.25452	0.00788	0.04696	0.00141	0.01792	0.02566	0.00286	0.00385

[dist]
# distance from previous block
# <min> <max>
11	50

[block]
# block no. 8 follows, 82 sequences, length 25
# corresponding to MSA columns:
# 440-464
name=unknown_I
#
# <colnr> <probs for GDERKNQSTAVLIFYWHMCP>
#	G	D	E	R	K	N	Q	S	T	A	V	L	I	F	Y	W	H	M	C	P
0	0.07155	0.44101	0.09698	0.00716	0.00982	0.17366	0.02472	0.03631	0.02318	0.02717	0.00548	0.00633	0.00460	0.00337	0.00313	0.00090	0.05632	0.00220	0.00172	0.00438
1	0.01035	0.06235	0.00890	0.05865	0.00962	0.00687	0.04907	0.17809	0.08533	0.25953	0.08183	0.10195	0.02103	0.00515	0.00357	0.00110	0.00313	0.03052	0.01816	0.00482
2	0.00819	0.00881	0.01896	0.01365	0.01693	0.00824	0.77423	0.01091	0.00808	0.04535	0.00772	0.04812	0.00610	0.00329	0.00403	0.00116	0.00548	0.00427	0.00190	0.00458
3	0.00736	0.00581	0.00631	0.00560	0.00717	0.00613	0.00434	0.19937	0.22781	0.01387	0.13399	0.09619	0.24674	0.01862	0.00397	0.00117	0.00247	0.00547	0.00338	0.00423
4	0.00418	0.00312	0.00388	0.00443	0.00489	0.00283	0.00304	0.00489	0.00702	0.00913	0.06950	0.62714	0.22348	0.01002	0.00427	0.00132	0.00190	0.00893	0.00321	0.00283
5	0.00844	0.00764	0.02790	0.06342	0.33166	0.04079	0.02466	0.05975	0.20879	0.04748	0.05686	0.06047	0.03820	0.00442	0.00353	0.00109	0.00351	0.00393	0.00256	0.00492
6	0.00417	0.00298	0.00397	0.00476	0.00496	0.00278	0.00318	0.00476	0.00655	0.00873	0.01885	0.87755	0.02262	0.01072	0.00437	0.00139	0.00198	0.00972	0.00318	0.00278
7	0.05638	0.00667	0.04449	0.06366	0.07172	0.00691	0.03487	0.10326	0.19735	0.03875	0.01014	0.02080	0.02337	0.05394	0.22805	0.00237	0.01426	0.01619	0.00249	0.00433
8	0.00963	0.76961	0.01689	0.00619	0.00901	0.08669	0.00595	0.04682	0.00758	0.00866	0.00495	0.00566	0.00445	0.00303	0.00232	0.00076	0.00388	0.00192	0.00157	0.00442
9	0.00686	0.01769	0.86206	0.00975	0.01481	0.00794	0.01264	0.01083	0.00722	0.01083	0.00614	0.00722	0.00433	0.00325	0.00325	0.00108	0.00506	0.00253	0.00144	0.00506
10	0.00569	0.00504	0.00812	0.57646	0.01722	0.00597	0.00734	0.00742	0.00682	0.00883	0.02428	0.27278	0.02886	0.00580	0.00373	0.00121	0.00367	0.00520	0.00209	0.00346
11	0.00491	0.00333	0.00371	0.00371	0.00379	0.00329	0.00211	0.00497	0.00516	0.00680	0.01231	0.02306	0.06670	0.82381	0.01655	0.00318	0.00321	0.00512	0.00214	0.00213
12	0.01123	0.00802	0.00928	0.00748	0.00986	0.00871	0.04223	0.39203	0.27822	0.12991	0.02395	0.02904	0.00862	0.00453	0.00352	0.00110	0.00332	0.01998	0.00347	0.00548
13	0.02416	0.00374	0.00446	0.00427	0.00525	0.00349	0.00325	0.00667	0.04669	0.01248	0.55630	0.02693	0.24708	0.00733	0.00399	0.00112	0.00177	0.03423	0.00354	0.00324
14	0.00713	0.00612	0.00711	0.00512	0.00813	0.00467	0.00409	0.00888	0.03109	0.01124	0.00630	0.00725	0.00522	0.00259	0.00256	0.00053	0.00254	0.00208	0.00207	0.87527
15	0.00686	0.01769	0.86206	0.00975	0.01481	0.00794	0.01264	0.01083	0.00722	0.01083	0.00614	0.00722	0.00433	0.00325	0.00325	0.00108	0.00506	0.00253	0.00144	0.00506
16	0.02335	0.00623	0.00694	0.00618	0.00785	0.00674	0.00479	0.15364	0.35038	0.08838	0.08484	0.17977	0.04208	0.00598	0.00367	0.00116	0.00262	0.00509	0.01562	0.00468
17	0.00453	0.00323	0.00399	0.00431	0.00459	0.00316	0.00282	0.00501	0.00599	0.00792	0.01657	0.36865	0.11159	0.33514	0.10454	0.00253	0.00325	0.00701	0.00262	0.00256
18	0.00488	0.00338	0.00398	0.00398	0.00417	0.00342	0.00245	0.00514	0.00529	0.00705	0.01257	0.02193	0.08387	0.67646	0.14451	0.00346	0.00406	0.00497	0.00213	0.00229
19	0.00790	0.05185	0.01064	0.06895	0.01013	0.07309	0.03197	0.03516	0.00619	0.00870	0.00525	0.00825	0.00498	0.04134	0.03370	0.00155	0.59190	0.00301	0.00162	0.00380
20	0.00739	0.00607	0.00712	0.00510	0.00813	0.00458	0.00409	0.00891	0.00719	0.04216	0.00635	0.00726	0.00519	0.00260	0.00257	0.00053	0.00255	0.00208	0.00211	0.86803
21	0.00756	0.04765	0.67728	0.00966	0.01413	0.00852	0.05502	0.08259	0.00793	0.01155	0.00624	0.00736	0.00451	0.00341	0.00361	0.00109	0.04259	0.00265	0.00163	0.00502
22	0.00491	0.06023	0.00516	0.00477	0.03987	0.03109	0.00344	0.00584	0.00768	0.00925	0.03958	0.12989	0.59879	0.00816	0.00393	0.00116	0.00217	0.03798	0.00297	0.00312
23	0.00931	0.00545	0.00640	0.00539	0.00724	0.00523	0.00432	0.17274	0.03112	0.25274	0.10269	0.04493	0.26828	0.00619	0.00372	0.00110	0.00254	0.03554	0.01841	0.01666
24	0.15328	0.03740	0.01932	0.05578	0.05443	0.09820	0.23463	0.05589	0.02030	0.01088	0.00769	0.04713	0.00708	0.17654	0.00610	0.00152	0.00427	0.00366	0.00202	0.00389

[dist]
# distance from previous block
# <min> <max>
2	17

[block]
# block no. 9 follows, 82 sequences, length 8
# corresponding to MSA columns:
# 486-493
name=unknown_J
#
# <colnr> <probs for GDERKNQSTAVLIFYWHMCP>
#	G	D	E	R	K	N	Q	S	T	A	V	L	I	F	Y	W	H	M	C	P
0	0.00846	0.00687	0.00998	0.03946	0.24836	0.00675	0.06695	0.06056	0.09946	0.09040	0.01110	0.01178	0.09835	0.00403	0.00358	0.00098	0.02999	0.00351	0.03043	0.16899
1	0.38251	0.00833	0.00742	0.00742	0.09983	0.15046	0.00524	0.09994	0.02710	0.07459	0.00946	0.00981	0.09691	0.00402	0.00289	0.00103	0.00343	0.00291	0.00245	0.00426
2	0.08757	0.00494	0.00457	0.00474	0.00562	0.09667	0.00342	0.00638	0.00744	0.00982	0.08138	0.37696	0.28149	0.00834	0.00390	0.00121	0.00239	0.00715	0.00297	0.00306
3	0.00578	0.00603	0.09762	0.00529	0.00702	0.00489	0.00456	0.00915	0.20327	0.01127	0.10848	0.11348	0.29987	0.00658	0.00369	0.00111	0.00238	0.00558	0.03608	0.06787
4	0.00785	0.22115	0.22301	0.00792	0.07368	0.00825	0.03036	0.02691	0.11077	0.03956	0.08596	0.03716	0.00897	0.00402	0.00308	0.00098	0.00349	0.00327	0.09906	0.00455
5	0.00730	0.10022	0.00800	0.00708	0.08512	0.00655	0.00501	0.01106	0.26321	0.06485	0.16538	0.19058	0.04146	0.00610	0.00379	0.00113	0.02055	0.00524	0.00308	0.00429
6	0.00500	0.00439	0.00586	0.00523	0.00655	0.00405	0.09412	0.00695	0.08529	0.01037	0.12763	0.13363	0.48252	0.00773	0.00403	0.00118	0.00227	0.00676	0.00312	0.00333
7	0.00644	0.00576	0.00711	0.00688	0.05425	0.09737	0.07944	0.00776	0.00835	0.04212	0.28131	0.20183	0.12310	0.00696	0.00419	0.00116	0.03001	0.02946	0.00298	0.00352

[dist]
# distance from previous block
# <min> <max>
0	1

[block]
# block no. 10 follows, 82 sequences, length 20
# corresponding to MSA columns:
# 495-514
name=unknown_K
#
# <colnr> <probs for GDERKNQSTAVLIFYWHMCP>
#	G	D	E	R	K	N	Q	S	T	A	V	L	I	F	Y	W	H	M	C	P
0	0.07974	0.14180	0.45179	0.00874	0.02366	0.00853	0.09315	0.04882	0.00742	0.02130	0.00648	0.00841	0.00518	0.07595	0.00427	0.00122	0.00448	0.00277	0.00171	0.00461
1	0.01184	0.00815	0.00891	0.00704	0.00938	0.00884	0.00573	0.63505	0.01398	0.08506	0.00978	0.08104	0.00769	0.00465	0.00341	0.00104	0.00335	0.00367	0.08607	0.00532
