[name]
unknown

[dist]
# distance from previous block
# <min> <max>
0	127

[block]
# block no. 0 follows, 78 sequences, length 8
# corresponding to MSA columns:
# 789-796
name=unknown_A
#
# <colnr> <probs for GDERKNQSTAVLIFYWHMCP>
#	G	D	E	R	K	N	Q	S	T	A	V	L	I	F	Y	W	H	M	C	P
0	0.00494	0.00355	0.00458	0.00506	0.00550	0.00340	0.00350	0.04976	0.00785	0.01060	0.14703	0.69624	0.02416	0.01019	0.00444	0.00138	0.00210	0.00919	0.00341	0.00313
1	0.00481	0.00346	0.00424	0.00454	0.00526	0.00311	0.00325	0.00573	0.00789	0.03630	0.15552	0.42293	0.28773	0.00962	0.00436	0.00131	0.00199	0.03141	0.00344	0.00311
2	0.00845	0.00718	0.00754	0.00676	0.00870	0.00811	0.00526	0.06782	0.66862	0.01457	0.01737	0.01615	0.13707	0.00543	0.00371	0.00120	0.00273	0.00450	0.00357	0.00527
3	0.00819	0.01661	0.61982	0.00959	0.01392	0.11802	0.01122	0.01280	0.13411	0.01149	0.00749	0.00824	0.00548	0.00364	0.00340	0.00111	0.00504	0.00280	0.00187	0.00517
4	0.01195	0.00970	0.18254	0.00820	0.01132	0.00763	0.06665	0.18954	0.01046	0.34001	0.01079	0.01061	0.03597	0.00430	0.00410	0.00112	0.05943	0.00342	0.00317	0.02909
5	0.00838	0.00572	0.00705	0.00559	0.00814	0.00459	0.00451	0.00985	0.00792	0.15482	0.01037	0.08502	0.00937	0.00458	0.00325	0.00085	0.00274	0.10938	0.00275	0.55512
6	0.00622	0.00463	0.00561	0.00536	0.00645	0.00442	0.00394	0.11345	0.00838	0.01149	0.08522	0.39260	0.03426	0.09430	0.02162	0.00152	0.00270	0.05693	0.00307	0.13784
7	0.08566	0.01222	0.00847	0.00781	0.00950	0.48589	0.00588	0.04672	0.14662	0.01095	0.00918	0.13796	0.00847	0.00498	0.00341	0.00107	0.00477	0.00376	0.00245	0.00424

[dist]
# distance from previous block
# <min> <max>
6	6

[block]
# block no. 1 follows, 78 sequences, length 21
# corresponding to MSA columns:
# 870-890
name=unknown_B
#
# <colnr> <probs for GDERKNQSTAVLIFYWHMCP>
#	G	D	E	R	K	N	Q	S	T	A	V	L	I	F	Y	W	H	M	C	P
0	0.00916	0.00983	0.05270	0.10496	0.36866	0.16014	0.08239	0.01134	0.02803	0.03514	0.03275	0.01047	0.02774	0.00385	0.00376	0.00109	0.02334	0.01971	0.01008	0.00487
1	0.00639	0.00482	0.00704	0.00890	0.15793	0.00481	0.00621	0.00816	0.02113	0.02027	0.01644	0.08639	0.03345	0.00817	0.00442	0.00144	0.00321	0.53052	0.06655	0.00374
2	0.00861	0.00435	0.00516	0.00484	0.00614	0.00424	0.00389	0.02883	0.04164	0.18952	0.01369	0.04183	0.01149	0.00544	0.00328	0.00107	0.00234	0.15096	0.46864	0.00403
3	0.00782	0.03231	0.37526	0.01031	0.01408	0.00789	0.27749	0.04994	0.00822	0.01213	0.00765	0.00923	0.00570	0.00343	0.00347	0.00109	0.00476	0.00327	0.16117	0.00479
4	0.00586	0.00495	0.00765	0.02132	0.00829	0.00462	0.15296	0.00774	0.03995	0.03527	0.21755	0.10742	0.28071	0.00743	0.00425	0.00124	0.00281	0.08315	0.00319	0.00363
5	0.00462	0.00337	0.00408	0.00450	0.00493	0.00314	0.00306	0.00525	0.00688	0.00892	0.04266	0.40783	0.20168	0.21880	0.00776	0.00188	0.00241	0.06241	0.00304	0.00278
6	0.00502	0.00343	0.00412	0.00427	0.00437	0.00346	0.00260	0.00526	0.00553	0.00743	0.01254	0.17397	0.01442	0.63278	0.10300	0.00333	0.00383	0.00592	0.00234	0.00239
7	0.00723	0.01597	0.69896	0.00930	0.01363	0.00765	0.01133	0.01049	0.00738	0.01091	0.00769	0.01093	0.00643	0.15928	0.00620	0.00162	0.00508	0.00323	0.00177	0.00493
8	0.00909	0.01017	0.16117	0.02588	0.09240	0.03762	0.05496	0.13808	0.35580	0.01425	0.01127	0.03225	0.03204	0.00444	0.00362	0.00115	0.00385	0.00376	0.00284	0.00536
9	0.00658	0.00589	0.00508	0.00492	0.00534	0.15653	0.00315	0.00685	0.00623	0.00743	0.01131	0.02030	0.05184	0.63077	0.06108	0.00301	0.00424	0.00470	0.00214	0.00261
10	0.17442	0.05049	0.00851	0.00720	0.00890	0.45160	0.00544	0.07189	0.00883	0.01071	0.00662	0.00944	0.00605	0.15917	0.00567	0.00141	0.00492	0.00279	0.00207	0.00389
11	0.00707	0.00644	0.00574	0.00537	0.00640	0.15698	0.00390	0.06561	0.02386	0.01134	0.25182	0.08139	0.14995	0.16888	0.00653	0.00154	0.00308	0.00551	0.03516	0.00341
12	0.02070	0.02659	0.00753	0.00546	0.00824	0.00531	0.02351	0.07419	0.00830	0.02697	0.01192	0.01235	0.15641	0.00396	0.00303	0.00073	0.00270	0.00323	0.00246	0.59642
13	0.01286	0.00597	0.00755	0.00586	0.00841	0.00527	0.00477	0.05050	0.03750	0.52904	0.01212	0.01131	0.00817	0.00406	0.00327	0.00097	0.00281	0.00328	0.12158	0.16470
14	0.00502	0.00339	0.00409	0.00441	0.00506	0.00313	0.00316	0.00609	0.00779	0.02076	0.15612	0.38903	0.17510	0.00876	0.00406	0.00124	0.00193	0.03517	0.16257	0.00312
15	0.00568	0.00485	0.00568	0.00555	0.00631	0.06672	0.00424	0.00677	0.00647	0.00860	0.01396	0.01740	0.15909	0.07477	0.53487	0.00412	0.04012	0.00441	0.02720	0.00318
16	0.00510	0.00384	0.00479	0.00470	0.00560	0.00375	0.00356	0.00686	0.04901	0.01172	0.37809	0.06721	0.20055	0.02335	0.15730	0.00202	0.00327	0.03580	0.03015	0.00332
17	0.04523	0.00821	0.02709	0.00696	0.00952	0.00840	0.00580	0.49670	0.01344	0.16725	0.01426	0.01365	0.15733	0.00509	0.00363	0.00110	0.00337	0.00398	0.00357	0.00541
18	0.00835	0.03252	0.00735	0.03211	0.00831	0.19337	0.00503	0.15696	0.01013	0.01211	0.09463	0.04017	0.30152	0.00654	0.00402	0.00114	0.02371	0.05515	0.00294	0.00394
19	0.00738	0.03383	0.05280	0.00855	0.01160	0.00648	0.28167	0.03286	0.00812	0.01138	0.01195	0.01291	0.15633	0.00399	0.00349	0.00092	0.00380	0.00382	0.00221	0.34592
20	0.03823	0.00688	0.01036	0.00779	0.01057	0.00628	0.15410	0.07273	0.00981	0.53214	0.01160	0.01151	0.00786	0.04618	0.00430	0.00120	0.00361	0.00361	0.00358	0.05768

[dist]
# distance from previous block
# <min> <max>
1	1

[block]
# block no. 2 follows, 78 sequences, length 6
# corresponding to MSA columns:
# 916-921
name=unknown_C
#
# <colnr> <probs for GDERKNQSTAVLIFYWHMCP>
#	G	D	E	R	K	N	Q	S	T	A	V	L	I	F	Y	W	H	M	C	P
0	0.00472	0.00339	0.00451	0.00496	0.00545	0.00318	0.00357	0.00581	0.00808	0.01103	0.30484	0.49616	0.02668	0.00969	0.00446	0.00135	0.00206	0.09345	0.00351	0.00309
1	0.01079	0.00695	0.00802	0.00677	0.00869	0.00726	0.00532	0.41434	0.01222	0.15897	0.01328	0.30573	0.01253	0.00666	0.00390	0.00120	0.00313	0.00564	0.00362	0.00497
2	0.00749	0.00546	0.00638	0.00607	0.00718	0.00569	0.00449	0.29186	0.01022	0.01367	0.01582	0.57598	0.01754	0.00879	0.00421	0.00132	0.00270	0.00775	0.00339	0.00398
3	0.00483	0.00357	0.00518	0.00546	0.00595	0.00392	0.00406	0.00588	0.00610	0.00855	0.01300	0.30869	0.01393	0.02137	0.56686	0.00425	0.00697	0.00598	0.00239	0.00308
4	0.14613	0.00597	0.00727	0.00614	0.00809	0.00621	0.00497	0.12952	0.00896	0.31871	0.01034	0.01129	0.00770	0.01187	0.29760	0.00268	0.00535	0.00336	0.00309	0.00474
5	0.05295	0.00716	0.00834	0.00678	0.00908	0.00735	0.00549	0.32086	0.05942	0.30540	0.05293	0.10106	0.01077	0.00534	0.00368	0.00115	0.00318	0.02991	0.00378	0.00539

[dist]
# distance from previous block
# <min> <max>
6	6

[block]
# block no. 3 follows, 78 sequences, length 24
# corresponding to MSA columns:
# 986-1009
name=unknown_D
#
# <colnr> <probs for GDERKNQSTAVLIFYWHMCP>
#	G	D	E	R	K	N	Q	S	T	A	V	L	I	F	Y	W	H	M	C	P
0	0.00655	0.00446	0.00559	0.00498	0.00614	0.00429	0.00383	0.09758	0.01081	0.06068	0.71432	0.02386	0.02927	0.00680	0.00410	0.00111	0.00200	0.00593	0.00391	0.00380
1	0.00472	0.00348	0.00441	0.00449	0.00520	0.00318	0.00325	0.00599	0.00887	0.01214	0.49809	0.26574	0.15002	0.00862	0.00430	0.00122	0.00181	0.00763	0.00366	0.00318
2	0.00880	0.55290	0.05730	0.00614	0.00890	0.01132	0.00591	0.08071	0.06724	0.01038	0.01119	0.01134	0.14648	0.00429	0.00286	0.00091	0.00349	0.00314	0.00214	0.00454
3	0.00968	0.15169	0.00878	0.00571	0.00770	0.00795	0.00478	0.30919	0.01105	0.03852	0.06976	0.01177	0.03090	0.00437	0.00304	0.00094	0.00288	0.00338	0.31334	0.00458
4	0.75203	0.00740	0.00614	0.00527	0.00758	0.00850	0.00434	0.14909	0.00784	0.01705	0.00556	0.00625	0.00422	0.00347	0.00243	0.00110	0.00295	0.00214	0.00243	0.00422
5	0.15762	0.49015	0.11939	0.00687	0.00957	0.01185	0.00686	0.01038	0.00680	0.01004	0.00509	0.00627	0.00446	0.00363	0.00387	0.00099	0.13793	0.00219	0.00164	0.00443
6	0.58462	0.15269	0.03563	0.07837	0.00932	0.00922	0.00524	0.06884	0.00714	0.01443	0.00537	0.00634	0.00423	0.00335	0.00247	0.00105	0.00326	0.00214	0.00211	0.00418
7	0.23079	0.00454	0.00502	0.00473	0.00587	0.00482	0.00363	0.00791	0.00756	0.03971	0.29676	0.01702	0.02634	0.07130	0.19275	0.00227	0.00384	0.00433	0.06738	0.00344
8	0.00861	0.00615	0.00662	0.00569	0.00736	0.00659	0.00449	0.25662	0.16161	0.01614	0.15339	0.01588	0.08399	0.00524	0.00344	0.00105	0.00255	0.00429	0.24577	0.00453
9	0.14793	0.00777	0.00906	0.00753	0.00907	0.00934	0.02000	0.26079	0.06623	0.02823	0.01761	0.00903	0.00629	0.00551	0.03339	0.00137	0.28036	0.00312	0.07273	0.00463
10	0.00821	0.00607	0.00725	0.00621	0.00762	0.00662	0.00496	0.16984	0.07521	0.08605	0.24506	0.01924	0.18505	0.00644	0.00523	0.00120	0.14703	0.00504	0.00335	0.00431
11	0.00613	0.00461	0.00540	0.00497	0.00621	0.00456	0.00380	0.02862	0.16762	0.04003	0.48323	0.02475	0.19219	0.00701	0.00406	0.00115	0.00201	0.00603	0.00375	0.00387
12	0.00755	0.00625	0.00723	0.00551	0.00817	0.00531	0.00437	0.06797	0.07959	0.01309	0.14816	0.01117	0.01053	0.00371	0.00305	0.00072	0.00258	0.00307	0.00264	0.60932
13	0.00545	0.00426	0.00505	0.00448	0.00586	0.00372	0.00342	0.03083	0.00928	0.01277	0.45893	0.02500	0.25534	0.00690	0.00392	0.00104	0.00194	0.00592	0.00344	0.15247
14	0.00497	0.00371	0.00501	0.00496	0.00567	0.00391	0.00374	0.00617	0.00693	0.00962	0.17739	0.02034	0.14471	0.08975	0.47718	0.00386	0.00617	0.00500	0.01780	0.00311
15	0.00801	0.35339	0.30972	0.00805	0.01146	0.03895	0.05438	0.01032	0.00724	0.00955	0.00636	0.00796	0.00532	0.00713	0.14613	0.00175	0.00548	0.00262	0.00161	0.00458
16	0.75096	0.00881	0.14734	0.00559	0.00831	0.00803	0.00541	0.01060	0.00630	0.01519	0.00520	0.00607	0.00397	0.00332	0.00240	0.00111	0.00317	0.00205	0.00209	0.00409
17	0.15480	0.00453	0.00564	0.00523	0.00599	0.00472	0.06193	0.00678	0.00592	0.00926	0.01072	0.05307	0.01159	0.48578	0.08764	0.00287	0.00399	0.07444	0.00226	0.00284
18	0.03674	0.00686	0.00852	0.00681	0.00894	0.00698	0.06361	0.23751	0.08934	0.23704	0.02884	0.01491	0.08042	0.15005	0.00608	0.00151	0.00339	0.00417	0.00338	0.00491
19	0.00596	0.00437	0.00527	0.00533	0.00616	0.00434	0.00386	0.14476	0.00901	0.01201	0.11926	0.53474	0.10174	0.00932	0.00431	0.00132	0.00232	0.01900	0.00342	0.00349
20	0.08318	0.00619	0.00691	0.00614	0.04097	0.03900	0.00448	0.02189	0.04337	0.05466	0.01024	0.22036	0.01006	0.00506	0.00323	0.00090	0.00277	0.00429	0.00259	0.43372
21	0.19515	0.00810	0.00825	0.00650	0.00918	0.04053	0.00528	0.27941	0.07284	0.10457	0.00814	0.00833	0.00599	0.00369	0.00304	0.00095	0.00327	0.00273	0.00294	0.23112
22	0.01265	0.00840	0.00942	0.00720	0.01001	0.00865	0.00591	0.50814	0.03233	0.17309	0.00941	0.00925	0.00663	0.00403	0.00338	0.00098	0.00345	0.00311	0.02931	0.15465
23	0.00716	0.00563	0.00618	0.02910	0.00755	0.00571	0.00450	0.21685	0.06931	0.01348	0.05253	0.02605	0.43243	0.00741	0.00407	0.00122	0.00265	0.10078	0.00336	0.00403

[dist]
# distance from previous block
# <min> <max>
1	2

[block]
# block no. 4 follows, 78 sequences, length 17
# corresponding to MSA columns:
# 1025-1041
name=unknown_E
#
# <colnr> <probs for GDERKNQSTAVLIFYWHMCP>
#	G	D	E	R	K	N	Q	S	T	A	V	L	I	F	Y	W	H	M	C	P
0	0.00637	0.00542	0.00651	0.15490	0.00995	0.05457	0.00560	0.06211	0.00864	0.01081	0.04676	0.07931	0.22551	0.00781	0.00427	0.00134	0.00326	0.30036	0.00295	0.00354
1	0.00935	0.50475	0.02816	0.05675	0.01017	0.16578	0.00651	0.01066	0.00792	0.00892	0.00756	0.01206	0.00734	0.00437	0.00300	0.00097	0.00427	0.14534	0.00189	0.00424
2	0.00565	0.15519	0.00680	0.00460	0.00596	0.00541	0.00366	0.00726	0.06304	0.01028	0.15549	0.10143	0.38293	0.04948	0.02631	0.00136	0.00250	0.00617	0.00302	0.00346
3	0.31060	0.00614	0.00658	0.00541	0.00772	0.00611	0.00442	0.06073	0.00882	0.37853	0.01449	0.01362	0.15297	0.00483	0.00323	0.00112	0.00278	0.00369	0.00343	0.00479
4	0.74682	0.00674	0.00576	0.00497	0.00727	0.00751	0.00409	0.01166	0.00678	0.16140	0.00653	0.00688	0.00471	0.00350	0.00244	0.00110	0.00280	0.00221	0.00259	0.00424
5	0.16944	0.00663	0.00936	0.54662	0.01835	0.00805	0.00806	0.06413	0.00757	0.03500	0.00693	0.00921	0.01823	0.00384	0.00377	0.00117	0.05431	0.00302	0.02220	0.00410
6	0.00978	0.59861	0.03522	0.15529	0.01194	0.01179	0.00681	0.01123	0.00759	0.11338	0.00635	0.00720	0.00512	0.00331	0.00269	0.00089	0.00391	0.00235	0.00189	0.00466
7	0.00540	0.15498	0.00660	0.00437	0.00576	0.00505	0.00355	0.00657	0.00850	0.01074	0.26086	0.04129	0.44130	0.00754	0.00389	0.00112	0.00215	0.02379	0.00317	0.00338
8	0.00830	0.00707	0.00742	0.00667	0.00858	0.00796	0.00519	0.06094	0.65616	0.01439	0.01791	0.01666	0.15624	0.00553	0.00372	0.00120	0.00270	0.00459	0.00356	0.00520
9	0.00833	0.05870	0.40371	0.09330	0.06864	0.06471	0.03060	0.02351	0.16591	0.02568	0.00795	0.00886	0.00593	0.00372	0.00352	0.00112	0.01567	0.00299	0.00203	0.00511
10	0.00778	0.01034	0.19422	0.01026	0.01298	0.05921	0.28407	0.03386	0.06283	0.01081	0.00853	0.06835	0.00748	0.06104	0.08048	0.00175	0.07549	0.00405	0.00202	0.00444
11	0.00638	0.00448	0.00554	0.00565	0.00647	0.00449	0.00416	0.15042	0.00894	0.03252	0.06964	0.58011	0.02053	0.00945	0.00436	0.00137	0.00249	0.07603	0.00341	0.00358
12	0.00900	0.00738	0.01360	0.01034	0.01286	0.00701	0.40959	0.09051	0.00914	0.14144	0.03353	0.21660	0.01107	0.00540	0.00413	0.00123	0.00429	0.00548	0.00279	0.00462
13	0.00797	0.06341	0.00731	0.02773	0.00747	0.06526	0.00449	0.19151	0.02142	0.02574	0.03716	0.19633	0.02450	0.25299	0.04046	0.00198	0.01248	0.00528	0.00275	0.00374
14	0.00752	0.03110	0.07023	0.00838	0.01011	0.14457	0.19843	0.02770	0.00771	0.00964	0.01101	0.23440	0.01159	0.15691	0.01850	0.00167	0.01900	0.02551	0.00230	0.00372
15	0.00591	0.00568	0.00508	0.00535	0.00614	0.15160	0.00383	0.00670	0.00784	0.00932	0.03961	0.45420	0.24569	0.00916	0.00422	0.00129	0.00277	0.02938	0.00306	0.00316
16	0.00617	0.00562	0.00901	0.55748	0.03110	0.00650	0.02967	0.00816	0.00745	0.00945	0.01335	0.04862	0.15385	0.00544	0.00387	0.00125	0.00400	0.09315	0.00214	0.00373

[dist]
# distance from previous block
# <min> <max>
4	10

[block]
# block no. 5 follows, 78 sequences, length 9
# corresponding to MSA columns:
# 1121-1129
name=unknown_F
#
# <colnr> <probs for GDERKNQSTAVLIFYWHMCP>
#	G	D	E	R	K	N	Q	S	T	A	V	L	I	F	Y	W	H	M	C	P
0	0.00870	0.00609	0.00703	0.00612	0.00773	0.01869	0.01862	0.25645	0.04155	0.08741	0.04143	0.19513	0.14239	0.03290	0.03698	0.02984	0.00318	0.01984	0.02298	0.01696
1	0.00613	0.00613	0.11550	0.00618	0.00745	0.00484	0.00525	0.11903	0.00831	0.01124	0.01594	0.51880	0.01791	0.04906	0.00493	0.00147	0.00292	0.09223	0.00305	0.00363
2	0.04211	0.00835	0.00974	0.02281	0.03580	0.17725	0.14842	0.07944	0.02659	0.01087	0.01033	0.07733	0.01019	0.13003	0.05146	0.00178	0.02132	0.12986	0.00239	0.00392
3	0.12633	0.00856	0.00939	0.12353	0.01193	0.00974	0.00656	0.43853	0.19809	0.01812	0.00910	0.00937	0.00666	0.00418	0.00340	0.00112	0.00364	0.00322	0.00313	0.00539
4	0.01263	0.01005	0.01187	0.00906	0.01193	0.04016	0.11455	0.66420	0.05634	0.02016	0.00856	0.00884	0.00616	0.00412	0.00364	0.00109	0.00422	0.00334	0.00328	0.00581
5	0.05931	0.01035	0.00995	0.00791	0.01054	0.14058	0.00642	0.54998	0.03555	0.12109	0.00872	0.00863	0.00617	0.00416	0.00344	0.00105	0.00411	0.00307	0.00333	0.00564
6	0.12380	0.09052	0.55898	0.00882	0.01317	0.00911	0.01047	0.12325	0.00855	0.01314	0.00637	0.00727	0.00464	0.00346	0.00316	0.00108	0.00463	0.00255	0.00187	0.00513
7	0.00629	0.00718	0.12314	0.14507	0.15453	0.00597	0.05189	0.00806	0.00726	0.00979	0.01360	0.15108	0.11927	0.11923	0.00591	0.00152	0.01870	0.04532	0.00226	0.00391
8	0.00711	0.07517	0.68416	0.00939	0.01389	0.00810	0.01167	0.01071	0.00759	0.01099	0.00798	0.01181	0.00667	0.00423	0.00352	0.00117	0.00489	0.11425	0.00174	0.00495

[dist]
# distance from previous block
# <min> <max>
1	1

[block]
# block no. 6 follows, 78 sequences, length 14
# corresponding to MSA columns:
# 1144-1157
name=unknown_G
#
# <colnr> <probs for GDERKNQSTAVLIFYWHMCP>
#	G	D	E	R	K	N	Q	S	T	A	V	L	I	F	Y	W	H	M	C	P
0	0.00553	0.00378	0.00475	0.00442	0.00545	0.00340	0.00334	0.00704	0.00970	0.06385	0.64260	0.02721	0.19063	0.00744	0.00416	0.00113	0.00178	0.00648	0.00383	0.00345
1	0.00663	0.00617	0.01049	0.63775	0.05480	0.00725	0.05966	0.00892	0.00773	0.01019	0.14552	0.01229	0.00958	0.00412	0.00370	0.00117	0.00430	0.00377	0.00199	0.00398
2	0.00820	0.00745	0.01839	0.14875	0.01136	0.08756	0.03674	0.12362	0.14296	0.02313	0.01337	0.16128	0.07933	0.00613	0.00434	0.00124	0.05656	0.05122	0.01408	0.00429
3	0.00450	0.00355	0.00411	0.00443	0.00530	0.00315	0.00334	0.00547	0.00787	0.00983	0.06251	0.25108	0.48033	0.00962	0.00440	0.00133	0.00209	0.13073	0.00333	0.00303
4	0.00805	0.00766	0.01266	0.01885	0.71298	0.00756	0.00957	0.00997	0.00811	0.01130	0.01154	0.01301	0.14495	0.00414	0.00364	0.00108	0.00383	0.00389	0.00202	0.00521
5	0.00742	0.01678	0.71771	0.01208	0.15335	0.00830	0.01279	0.01122	0.00761	0.01133	0.00644	0.00773	0.00470	0.00335	0.00341	0.00112	0.00509	0.00272	0.00155	0.00532
6	0.00830	0.00992	0.15206	0.20810	0.38611	0.03313	0.05500	0.03221	0.05939	0.01138	0.00708	0.00899	0.00554	0.00343	0.00354	0.00111	0.00458	0.00316	0.00184	0.00512
7	0.03425	0.00600	0.00866	0.05965	0.00971	0.03409	0.14216	0.03434	0.02817	0.14516	0.09317	0.10416	0.03527	0.02765	0.03314	0.00135	0.02629	0.02555	0.14708	0.00414
8	0.05375	0.00421	0.00402	0.00382	0.00486	0.02293	0.00292	0.05950	0.00802	0.01387	0.01095	0.01244	0.00856	0.00410	0.00256	0.00086	0.00196	0.00322	0.77392	0.00353
9	0.00557	0.00394	0.00528	0.03956	0.00620	0.00444	0.00388	0.00660	0.00604	0.00896	0.03444	0.01618	0.01033	0.24316	0.39501	0.00379	0.05043	0.00411	0.14908	0.00301
10	0.00505	0.00359	0.00443	0.00436	0.00508	0.00331	0.00312	0.00620	0.00854	0.02692	0.45353	0.12790	0.16016	0.15095	0.00654	0.00156	0.00209	0.02011	0.00346	0.00310
11	0.01194	0.02715	0.00854	0.00671	0.00903	0.07497	0.00543	0.34168	0.02216	0.23362	0.02499	0.03500	0.14678	0.00522	0.00362	0.00108	0.00338	0.00413	0.02939	0.00517
12	0.00962	0.01680	0.02329	0.02635	0.23658	0.01704	0.00692	0.18659	0.08709	0.09427	0.02451	0.10210	0.03920	0.00475	0.00357	0.00106	0.00342	0.00409	0.00285	0.10990
13	0.00991	0.50737	0.03809	0.00970	0.16815	0.09482	0.00733	0.06723	0.03202	0.01023	0.00588	0.00686	0.00505	0.00334	0.00295	0.00089	0.02115	0.00237	0.00180	0.00486

[dist]
# distance from previous block
# <min> <max>
8	39

[block]
# block no. 7 follows, 78 sequences, length 6
# corresponding to MSA columns:
# 1306-1311
name=unknown_H
#
# <colnr> <probs for GDERKNQSTAVLIFYWHMCP>
#	G	D	E	R	K	N	Q	S	T	A	V	L	I	F	Y	W	H	M	C	P
0	0.00904	0.03397	0.07905	0.05500	0.04794	0.03647	0.00593	0.18117	0.13559	0.07302	0.01098	0.03305	0.03213	0.21683	0.00707	0.00167	0.00366	0.00399	0.02893	0.00449
1	0.01059	0.04696	0.08575	0.03074	0.09837	0.03902	0.03705	0.27594	0.16260	0.02931	0.05003	0.02821	0.03467	0.00514	0.00406	0.00126	0.01778	0.03378	0.00315	0.00558
2	0.00718	0.00516	0.00612	0.00550	0.00641	0.00559	0.00400	0.20946	0.00838	0.01142	0.04809	0.01714	0.01102	0.37632	0.25920	0.00343	0.00526	0.00436	0.00251	0.00346
3	0.00739	0.00672	0.01091	0.07262	0.42921	0.00693	0.03068	0.00962	0.04744	0.01075	0.03094	0.04775	0.00812	0.00944	0.21271	0.00221	0.00531	0.00373	0.00202	0.04549
4	0.00543	0.00441	0.00665	0.00908	0.21193	0.00425	0.00516	0.00641	0.00713	0.00971	0.01647	0.66182	0.01918	0.00921	0.00430	0.00135	0.00259	0.00843	0.00293	0.00356
5	0.00664	0.00554	0.00659	0.00520	0.00764	0.00429	0.00400	0.00799	0.00724	0.01099	0.00957	0.21846	0.00973	0.00471	0.00310	0.00075	0.00250	0.00406	0.00240	0.67859

[dist]
# distance from previous block
# <min> <max>
1	1

[block]
# block no. 8 follows, 78 sequences, length 6
# corresponding to MSA columns:
# 1330-1335
name=unknown_I
#
# <colnr> <probs for GDERKNQSTAVLIFYWHMCP>
#	G	D	E	R	K	N	Q	S	T	A	V	L	I	F	Y	W	H	M	C	P
0	0.71498	0.18769	0.00802	0.00498	0.00735	0.00925	0.00432	0.01051	0.00630	0.01440	0.00496	0.00577	0.00400	0.00325	0.00222	0.00103	0.00297	0.00192	0.00206	0.00400
1	0.15078	0.00847	0.01238	0.06291	0.36452	0.04575	0.08611	0.03545	0.00757	0.01175	0.00605	0.00813	0.00506	0.00386	0.00498	0.00118	0.17539	0.00302	0.00184	0.00478
2	0.00719	0.03749	0.11683	0.00746	0.03526	0.04130	0.03444	0.04425	0.06300	0.01163	0.14425	0.03891	0.07823	0.03620	0.00550	0.00129	0.14109	0.07021	0.08144	0.00405
3	0.00480	0.00581	0.13977	0.00517	0.00666	0.00384	0.00463	0.00620	0.00780	0.01018	0.10790	0.30051	0.36630	0.00864	0.00418	0.00126	0.00243	0.00747	0.00308	0.00336
4	0.00768	0.04275	0.17691	0.05760	0.10935	0.05390	0.10052	0.03359	0.11890	0.01132	0.03214	0.01403	0.15568	0.00543	0.02944	0.00128	0.03850	0.00405	0.00231	0.00461
5	0.00508	0.00434	0.00676	0.00612	0.00718	0.00398	0.13638	0.00626	0.00774	0.01017	0.13040	0.38433	0.22180	0.04625	0.00495	0.00139	0.00264	0.00785	0.00310	0.00325

[dist]
# distance from previous block
# <min> <max>
1	2

[block]
# block no. 9 follows, 78 sequences, length 17
# corresponding to MSA columns:
# 1733-1749
name=unknown_J
#
# <colnr> <probs for GDERKNQSTAVLIFYWHMCP>
#	G	D	E	R	K	N	Q	S	T	A	V	L	I	F	Y	W	H	M	C	P
0	0.17860	0.04390	0.05476	0.00888	0.09833	0.11701	0.07802	0.07290	0.01709	0.12970	0.05533	0.00935	0.00723	0.00448	0.03146	0.00117	0.00411	0.00301	0.00251	0.08215
1	0.04438	0.11788	0.35441	0.00759	0.01095	0.00787	0.00825	0.06182	0.06106	0.10117	0.17773	0.01197	0.01129	0.00438	0.00341	0.00108	0.00379	0.00350	0.00258	0.00489
2	0.00663	0.00832	0.17003	0.34718	0.11936	0.00694	0.05507	0.00896	0.00736	0.01000	0.00960	0.18574	0.00925	0.00522	0.00381	0.00123	0.00425	0.03482	0.00201	0.00421
3	0.00642	0.00472	0.00619	0.16762	0.00889	0.00528	0.00450	0.07999	0.00671	0.00916	0.00939	0.01668	0.00951	0.42419	0.09304	0.05848	0.03271	0.00420	0.04929	0.00302
4	0.00714	0.00693	0.04883	0.45206	0.03207	0.00722	0.13938	0.00953	0.04206	0.03731	0.00799	0.01226	0.00679	0.16820	0.00641	0.00161	0.00458	0.00373	0.00190	0.00398
5	0.04433	0.00675	0.00871	0.16888	0.01197	0.00673	0.00609	0.15521	0.02471	0.34363	0.05424	0.01089	0.00823	0.00409	0.00342	0.00103	0.00337	0.00333	0.00328	0.13109
6	0.01023	0.00657	0.00772	0.00595	0.00867	0.00591	0.00478	0.08525	0.12718	0.22439	0.00995	0.00989	0.00727	0.00363	0.00308	0.00083	0.00281	0.00292	0.06096	0.41202
7	0.00719	0.01613	0.69597	0.00923	0.01409	0.00760	0.01147	0.01084	0.00749	0.01134	0.00638	0.00749	0.00465	0.00324	0.00324	0.00101	0.00477	0.00253	0.00162	0.17372
8	0.00512	0.00638	0.16504	0.00518	0.00700	0.00406	0.00488	0.00664	0.00796	0.03049	0.07697	0.16488	0.48607	0.00808	0.00409	0.00122	0.00252	0.00686	0.00303	0.00351
9	0.00445	0.00332	0.00423	0.00483	0.00532	0.00310	0.00342	0.00525	0.00713	0.00926	0.02250	0.57868	0.20181	0.01157	0.05786	0.00167	0.00256	0.06687	0.00322	0.00296
10	0.00501	0.00340	0.00403	0.00418	0.00426	0.00340	0.00250	0.00520	0.00552	0.00739	0.01272	0.18330	0.01473	0.66679	0.06012	0.00319	0.00351	0.00604	0.00236	0.00235
11	0.00965	0.03200	0.04550	0.03996	0.02226	0.29303	0.24685	0.06007	0.00868	0.01010	0.00730	0.01084	0.00650	0.16817	0.00649	0.00151	0.02148	0.00350	0.00195	0.00413
12	0.00850	0.00834	0.00789	0.00601	0.00892	0.16649	0.00472	0.00996	0.00789	0.01106	0.00617	0.00720	0.00514	0.00283	0.00275	0.00060	0.00335	0.00214	0.00206	0.72797
13	0.00834	0.05138	0.21903	0.03535	0.01393	0.02212	0.27189	0.06016	0.00849	0.03966	0.03812	0.02375	0.00658	0.00351	0.00361	0.00102	0.01422	0.00334	0.00206	0.17343
14	0.00687	0.00549	0.00867	0.00800	0.06118	0.00521	0.16215	0.07115	0.00851	0.06755	0.04752	0.36190	0.15560	0.00765	0.00421	0.00127	0.00309	0.00704	0.00304	0.00391
15	0.00497	0.00360	0.00412	0.00420	0.00503	0.00323	0.00299	0.00576	0.00753	0.04243	0.07950	0.18910	0.42868	0.15191	0.03032	0.00174	0.00241	0.02633	0.00316	0.00300
16	0.66406	0.00634	0.00524	0.00467	0.00673	0.00704	0.00380	0.03921	0.00699	0.04841	0.01133	0.01152	0.16427	0.00446	0.00269	0.00112	0.00263	0.00309	0.00255	0.00386

[dist]
# distance from previous block
# <min> <max>
1	1

[block]
# block no. 10 follows, 78 sequences, length 10
# corresponding to MSA columns:
# 1927-1936
name=unknown_K
#
# <colnr> <probs for GDERKNQSTAVLIFYWHMCP>
#	G	D	E	R	K	N	Q	S	T	A	V	L	I	F	Y	W	H	M	C	P
0	0.09231	0.10505	0.63079	0.00908	0.01365	0.00903	0.01110	0.06893	0.00799	0.01220	0.00626	0.00724	0.00456	0.00340	0.00317	0.00108	0.00478	0.00253	0.00172	0.00511
1	0.02922	0.04054	0.20981	0.00719	0.00960	0.08430	0.00683	0.15204	0.02803	0.05697	0.02500	0.01179	0.00782	0.13240	0.14898	0.00218	0.00511	0.00340	0.03442	0.00439
2	0.02707	0.13104	0.08802	0.00691	0.00954	0.07917	0.04527	0.14588	0.00934	0.01260	0.05775	0.06709	0.06351	0.00457	0.00329	0.00095	0.00358	0.02255	0.01841	0.20345
3	0.41129	0.00785	0.00729	0.00584	0.00845	0.04221	0.00475	0.20302	0.00907	0.01597	0.00619	0.00689	0.00479	0.00336	0.00268	0.00093	0.00314	0.00229	0.00248	0.25151
4	0.09662	0.00380	0.00425	0.00436	0.00527	0.00358	0.00318	0.00606	0.00806	0.01140	0.25261	0.27758	0.29343	0.00858	0.00410	0.00124	0.00194	0.00742	0.00336	0.00316
5	0.00874	0.05444	0.01174	0.00880	0.01079	0.05132	0.15984	0.13970	0.00860	0.01190	0.00766	0.09693	0.00707	0.00485	0.00564	0.00113	0.23005	0.00375	0.00221	0.17483
6	0.02339	0.18770	0.33541	0.02915	0.04803	0.02372	0.07110	0.04882	0.03218	0.06852	0.00681	0.00791	0.00519	0.00373	0.00409	0.00110	0.09344	0.00280	0.00192	0.00499
7	0.00609	0.00535	0.09268	0.00606	0.00733	0.00410	0.00533	0.00755	0.00783	0.07866	0.01938	0.30425	0.11277	0.00907	0.00445	0.00143	0.00290	0.31805	0.00320	0.00355
8	0.00583	0.00386	0.00454	0.00465	0.00552	0.00375	0.00344	0.00780	0.08252	0.04241	0.13765	0.28439	0.14286	0.00783	0.00388	0.00120	0.00204	0.04791	0.20444	0.00345
9	0.00818	0.00627	0.00766	0.00731	0.05026	0.03717	0.03254	0.12270	0.13957	0.06314	0.04974	0.06407	0.04708	0.09880	0.09917	0.04066	0.02141	0.09718	0.00292	0.00417

[dist]
# distance from previous block
# <min> <max>
1	1

[block]
# block no. 11 follows, 78 sequences, length 19
# corresponding to MSA columns:
# 1939-1957
name=unknown_L
#
# <colnr> <probs for GDERKNQSTAVLIFYWHMCP>
#	G	D	E	R	K	N	Q	S	T	A	V	L	I	F	Y	W	H	M	C	P
0	0.01238	0.00792	0.00896	0.00719	0.00955	0.00839	0.00580	0.50378	0.03702	0.19229	0.01156	0.13736	0.00942	0.00533	0.00369	0.00113	0.00338	0.00433	0.02500	0.00551
1	0.00584	0.00464	0.00492	0.00451	0.00591	0.00436	0.00347	0.14254	0.00971	0.01225	0.12666	0.06121	0.58467	0.00812	0.00411	0.00118	0.00215	0.00678	0.00342	0.00354
2	0.02306	0.01716	0.01796	0.03922	0.02563	0.06955	0.05513	0.22719	0.02025	0.10609	0.01413	0.07152	0.13355	0.00635	0.00472	0.06712	0.01819	0.07576	0.00299	0.00442
3	0.04496	0.00852	0.06866	0.12370	0.48767	0.00802	0.00959	0.05762	0.00865	0.13685	0.00775	0.00917	0.00587	0.00348	0.00348	0.00109	0.00411	0.00315	0.00223	0.00542
4	0.06739	0.00601	0.00743	0.00800	0.13223	0.01517	0.00531	0.02370	0.22090	0.08838	0.28943	0.04978	0.06024	0.00568	0.00376	0.00114	0.00264	0.00489	0.00337	0.00456
5	0.09777	0.63030	0.01544	0.00624	0.00900	0.04411	0.00583	0.01200	0.13135	0.01011	0.00638	0.00686	0.00543	0.00336	0.00251	0.00087	0.00365	0.00223	0.00191	0.00464
6	0.00575	0.13307	0.00679	0.00512	0.00623	0.00531	0.00397	0.02312	0.06841	0.01047	0.13090	0.33793	0.17403	0.00898	0.03579	0.00140	0.00263	0.03349	0.00310	0.00351
7	0.00831	0.58078	0.13669	0.00653	0.00936	0.02588	0.00662	0.00978	0.00725	0.00893	0.00781	0.16226	0.00798	0.00457	0.00287	0.00094	0.00375	0.00350	0.00185	0.00436
8	0.06496	0.13277	0.00644	0.00506	0.00596	0.00495	0.00376	0.00630	0.00690	0.00954	0.01669	0.62539	0.05153	0.00907	0.00398	0.00128	0.00238	0.00800	0.00293	0.03211
9	0.00627	0.00566	0.00926	0.68135	0.02028	0.00687	0.00840	0.00822	0.00694	0.00895	0.00862	0.13810	0.00807	0.06282	0.00468	0.00138	0.00426	0.00433	0.00188	0.00368
10	0.07308	0.00746	0.00882	0.15473	0.04337	0.03940	0.01598	0.12329	0.10170	0.04396	0.00796	0.02514	0.00627	0.00360	0.00314	0.00091	0.00345	0.00292	0.00247	0.33235
11	0.03427	0.00854	0.04693	0.07066	0.13426	0.02697	0.11596	0.20343	0.09182	0.03362	0.03148	0.02757	0.03308	0.00441	0.00390	0.00112	0.03118	0.03690	0.00262	0.06130
12	0.00511	0.00383	0.00476	0.00529	0.00578	0.00385	0.00367	0.00713	0.13096	0.00988	0.01833	0.66294	0.02092	0.06211	0.00524	0.00154	0.00231	0.03983	0.00328	0.00327
13	0.00551	0.00390	0.00516	0.00529	0.00579	0.00413	0.00380	0.06131	0.00674	0.00921	0.01315	0.29347	0.01438	0.16610	0.30592	0.05216	0.00513	0.03330	0.00254	0.00301
14	0.03482	0.01067	0.15162	0.02064	0.04380	0.07754	0.16666	0.27080	0.01056	0.03444	0.00777	0.00924	0.00595	0.00708	0.13040	0.00178	0.00554	0.00329	0.00239	0.00500
15	0.01190	0.04486	0.01215	0.03783	0.01238	0.31605	0.13007	0.29379	0.06206	0.01413	0.00731	0.00813	0.00559	0.00388	0.00367	0.00105	0.02466	0.00302	0.00250	0.00498
16	0.00566	0.00556	0.00473	0.00466	0.00585	0.12992	0.00349	0.00661	0.00844	0.00976	0.08023	0.08711	0.59571	0.00829	0.00410	0.00118	0.00254	0.02982	0.00313	0.00319
17	0.00473	0.00371	0.00430	0.00432	0.00526	0.00338	0.00317	0.00628	0.04811	0.01134	0.30734	0.18502	0.38287	0.00863	0.00424	0.00122	0.00186	0.00747	0.00353	0.00323
18	0.00435	0.00319	0.00404	0.00471	0.00506	0.00293	0.00317	0.00499	0.00694	0.00907	0.02169	0.71184	0.14554	0.04815	0.00508	0.00150	0.00209	0.00952	0.00326	0.00288

[dist]
# distance from previous block
# <min> <max>
1	1

[block]
# block no. 12 follows, 78 sequences, length 19
# corresponding to MSA columns:
# 2065-2083
name=unknown_M
#
# <colnr> <probs for GDERKNQSTAVLIFYWHMCP>
#	G	D	E	R	K	N	Q	S	T	A	V	L	I	F	Y	W	H	M	C	P
0	0.74155	0.00744	0.00621	0.00531	0.00763	0.00853	0.00438	0.15890	0.00797	0.01713	0.00560	0.00628	0.00425	0.00348	0.00245	0.00110	0.00296	0.00216	0.00245	0.00425
1	0.90002	0.00689	0.00523	0.00468	0.00689	0.00799	0.00386	0.01047	0.00606	0.01597	0.00496	0.00578	0.00386	0.00330	0.00220	0.00110	0.00275	0.00193	0.00220	0.00386
2	0.16974	0.00943	0.00829	0.00722	0.00937	0.15156	0.00568	0.16999	0.38590	0.01543	0.01012	0.00991	0.00763	0.00425	0.00327	0.00111	0.00359	0.00319	0.01922	0.00510
3	0.00992	0.00945	0.00857	0.00764	0.00967	0.16124	0.00592	0.06545	0.64895	0.01422	0.01254	0.01178	0.00947	0.00459	0.00355	0.00115	0.00353	0.00367	0.00330	0.00539
4	0.00620	0.00493	0.00634	0.00643	0.00749	0.00516	0.03423	0.00986	0.23790	0.01141	0.03752	0.29586	0.03452	0.00856	0.00439	0.00142	0.00280	0.27779	0.00334	0.00385
5	0.00479	0.00350	0.00426	0.00474	0.00515	0.00336	0.00320	0.00588	0.05198	0.00918	0.01967	0.53960	0.12017	0.16447	0.00685	0.00176	0.00234	0.02774	0.01844	0.00294
6	0.00759	0.00674	0.01070	0.18396	0.30250	0.00681	0.04776	0.02301	0.01732	0.03202	0.00917	0.16328	0.00872	0.00471	0.00377	0.00109	0.02010	0.00432	0.00217	0.14427
7	0.54507	0.00939	0.00795	0.00874	0.15899	0.19618	0.00579	0.01138	0.00731	0.01360	0.00539	0.00647	0.00434	0.00336	0.00266	0.00105	0.00383	0.00223	0.00204	0.00423
8	0.00661	0.00589	0.00510	0.00497	0.00537	0.15671	0.00320	0.00688	0.00623	0.00745	0.01089	0.03818	0.02505	0.63718	0.04432	0.00296	0.00414	0.02413	0.00216	0.00260
9	0.64924	0.04357	0.00571	0.00469	0.00653	0.00743	0.00372	0.03876	0.00636	0.01419	0.00636	0.00919	0.00571	0.15915	0.00511	0.00150	0.00294	0.00259	0.02361	0.00365
10	0.16904	0.42304	0.07196	0.00692	0.00978	0.07444	0.04191	0.10042	0.02196	0.01192	0.03552	0.00723	0.00576	0.00347	0.00272	0.00093	0.00393	0.00242	0.00202	0.00460
11	0.00722	0.16197	0.01210	0.71254	0.02177	0.00901	0.00921	0.00938	0.00714	0.00897	0.00608	0.00882	0.00471	0.00347	0.00333	0.00111	0.00458	0.00294	0.00157	0.00406
12	0.00520	0.00405	0.00572	0.15923	0.00912	0.00425	0.00493	0.00671	0.04311	0.00966	0.03282	0.50348	0.03880	0.02215	0.00458	0.00144	0.00277	0.13574	0.00300	0.00326
13	0.00477	0.00351	0.00455	0.00522	0.00573	0.00335	0.00384	0.00593	0.03070	0.00975	0.03685	0.55568	0.11403	0.01038	0.00456	0.00145	0.00232	0.19099	0.00332	0.00308
14	0.05093	0.00848	0.03987	0.01055	0.17625	0.08697	0.06332	0.14343	0.08133	0.02164	0.02187	0.16371	0.01735	0.00558	0.00457	0.02726	0.06520	0.00449	0.00256	0.00462
15	0.00770	0.11125	0.61359	0.01179	0.16439	0.00894	0.01198	0.01115	0.00759	0.01102	0.00629	0.00755	0.00472	0.00331	0.00329	0.00107	0.00492	0.00265	0.00155	0.00525
16	0.00514	0.00611	0.15670	0.00597	0.00725	0.00418	0.00525	0.00688	0.04304	0.00991	0.01757	0.58455	0.05576	0.00920	0.00426	0.00137	0.00271	0.05053	0.02014	0.00347
17	0.00754	0.05430	0.09486	0.11649	0.36922	0.00764	0.07155	0.00988	0.03721	0.01072	0.00936	0.17715	0.00902	0.00483	0.00370	0.00116	0.00403	0.00451	0.00207	0.00475
18	0.05456	0.05224	0.02752	0.02821	0.28466	0.07353	0.02320	0.08874	0.05292	0.10392	0.02497	0.07567	0.05610	0.02547	0.00395	0.00115	0.01176	0.00395	0.00257	0.00491

[dist]
# distance from previous block
# <min> <max>
5	27

[block]
# block no. 13 follows, 78 sequences, length 11
# corresponding to MSA columns:
# 2251-2261
name=unknown_N
#
# <colnr> <probs for GDERKNQSTAVLIFYWHMCP>
#	G	D	E	R	K	N	Q	S	T	A	V	L	I	F	Y	W	H	M	C	P
0	0.00817	0.05598	0.01261	0.03295	0.52291	0.02570	0.04310	0.01032	0.02974	0.01117	0.00958	0.02883	0.00910	0.00476	0.00379	0.00118	0.00406	0.17896	0.00214	0.00494
1	0.00544	0.00461	0.00630	0.00797	0.18554	0.00428	0.00481	0.00675	0.00833	0.01090	0.17750	0.12269	0.38107	0.00774	0.00414	0.00121	0.00241	0.05158	0.00309	0.00363
2	0.00792	0.00748	0.01131	0.06596	0.51748	0.05449	0.00867	0.00986	0.00859	0.01181	0.18712	0.01470	0.01252	0.00456	0.00375	0.00111	0.00377	0.06176	0.00232	0.00481
3	0.00520	0.00459	0.00597	0.00762	0.18530	0.00416	0.00451	0.00633	0.00799	0.01000	0.02823	0.10983	0.59129	0.00798	0.00409	0.00119	0.00235	0.00684	0.00298	0.00356
4	0.00564	0.00490	0.00557	0.08740	0.00751	0.06430	0.00422	0.00652	0.00684	0.00856	0.01781	0.06119	0.27652	0.13894	0.22314	0.04320	0.02704	0.00527	0.00239	0.00305
5	0.01335	0.00607	0.00803	0.00644	0.00875	0.00580	0.00526	0.11871	0.01006	0.57002	0.01239	0.01207	0.00848	0.00914	0.18602	0.00208	0.00453	0.00358	0.00377	0.00545
6	0.00980	0.00648	0.00773	0.00589	0.00863	0.00557	0.00471	0.12894	0.00926	0.19244	0.00956	0.09136	0.00789	0.00406	0.00315	0.00081	0.00285	0.00335	0.00292	0.49460
7	0.00859	0.00669	0.00826	0.00671	0.05570	0.00571	0.00505	0.04701	0.00797	0.09261	0.00707	0.00800	0.00563	0.00316	0.00345	0.00071	0.06358	0.00243	0.00234	0.65934
8	0.00732	0.06279	0.62991	0.00889	0.01358	0.00784	0.01087	0.01075	0.00747	0.01119	0.00630	0.00739	0.00468	0.00321	0.00316	0.00098	0.00462	0.00248	0.00163	0.19495
9	0.00681	0.00890	0.19069	0.68409	0.02258	0.00799	0.01058	0.00956	0.00720	0.00956	0.00634	0.00907	0.00470	0.00352	0.00352	0.00117	0.00486	0.00305	0.00157	0.00423
10	0.00843	0.00776	0.01259	0.35674	0.44242	0.00849	0.01011	0.08962	0.00854	0.01166	0.00673	0.00906	0.00532	0.00343	0.00354	0.00111	0.00441	0.00317	0.00186	0.00501

[dist]
# distance from previous block
# <min> <max>
1	1

[block]
# block no. 14 follows, 78 sequences, length 17
# corresponding to MSA columns:
# 2322-2338
name=unknown_O
#
# <colnr> <probs for GDERKNQSTAVLIFYWHMCP>
#	G	D	E	R	K	N	Q	S	T	A	V	L	I	F	Y	W	H	M	C	P
0	0.00924	0.00759	0.00796	0.00691	0.00869	0.06990	0.00546	0.30271	0.16446	0.01465	0.01246	0.05643	0.07690	0.01089	0.22649	0.00232	0.00509	0.00415	0.00298	0.00468
1	0.01075	0.00733	0.00805	0.00664	0.00886	0.00786	0.00532	0.26949	0.28911	0.12850	0.02688	0.01161	0.00896	0.00443	0.00338	0.00105	0.00297	0.00355	0.14479	0.05045
2	0.00672	0.00433	0.00541	0.00520	0.00572	0.00465	0.00361	0.00843	0.22350	0.00856	0.00912	0.01340	0.00845	0.14415	0.01189	0.52523	0.00308	0.00366	0.00218	0.00270
3	0.00488	0.00349	0.00409	0.00407	0.00489	0.00310	0.00296	0.00528	0.00751	0.00946	0.15277	0.02711	0.49012	0.00964	0.00674	0.23392	0.00215	0.02219	0.00294	0.00269
4	0.66715	0.00603	0.00481	0.00440	0.00635	0.00669	0.00356	0.00907	0.00659	0.01432	0.01304	0.01319	0.22414	0.00479	0.00272	0.00113	0.00251	0.00338	0.00249	0.00363
5	0.85333	0.00684	0.00539	0.00477	0.00700	0.00784	0.00393	0.01083	0.00628	0.06030	0.00544	0.00612	0.00412	0.00336	0.00228	0.00110	0.00277	0.00202	0.00232	0.00397
6	0.24399	0.00917	0.00927	0.00728	0.00996	0.01025	0.00601	0.62494	0.01396	0.02076	0.00761	0.00783	0.00548	0.00402	0.00321	0.00108	0.00362	0.00287	0.00321	0.00548
7	0.00676	0.00528	0.00563	0.00498	0.00657	0.00516	0.00393	0.22258	0.01054	0.01341	0.10148	0.02710	0.52873	0.00766	0.00406	0.00118	0.00239	0.03531	0.00343	0.00384
8	0.00430	0.00323	0.00399	0.00461	0.00507	0.00292	0.00315	0.00500	0.00715	0.00923	0.02390	0.65463	0.23871	0.01060	0.00446	0.00138	0.00200	0.00944	0.00331	0.00292
9	0.02585	0.00650	0.00772	0.00654	0.00855	0.00662	0.00515	0.22121	0.12306	0.29942	0.01402	0.23495	0.01214	0.00617	0.00381	0.00120	0.00297	0.00522	0.00377	0.00514
10	0.48149	0.00796	0.02270	0.00596	0.00842	0.06608	0.00496	0.11699	0.00878	0.23435	0.00784	0.00785	0.00548	0.00374	0.00282	0.00109	0.00327	0.00256	0.00291	0.00475
11	0.23718	0.00408	0.00442	0.00489	0.00561	0.00422	0.00345	0.00639	0.00662	0.01088	0.01581	0.64723	0.01843	0.00911	0.00394	0.00136	0.00224	0.00799	0.00302	0.00314
12	0.01063	0.00785	0.00868	0.00721	0.00925	0.00857	0.00573	0.55966	0.04300	0.01811	0.01168	0.23355	0.01089	0.00702	0.03959	0.00137	0.00363	0.00506	0.00343	0.00510
13	0.04709	0.00805	0.00848	0.00727	0.00946	0.00915	0.00576	0.23171	0.56008	0.01687	0.04802	0.01230	0.01029	0.00473	0.00357	0.00116	0.00305	0.00383	0.00356	0.00557
14	0.00618	0.00460	0.00513	0.00500	0.00559	0.00491	0.00338	0.00895	0.22409	0.00932	0.01275	0.02221	0.01308	0.57101	0.01317	0.00271	0.00327	0.07884	0.00264	0.00316
15	0.00792	0.00794	0.03403	0.12493	0.31844	0.06942	0.11250	0.02616	0.00756	0.01004	0.00783	0.01255	0.00729	0.22987	0.00738	0.00171	0.00450	0.00374	0.00188	0.00430
16	0.00855	0.00862	0.01286	0.15553	0.51010	0.09752	0.05325	0.01052	0.00801	0.01064	0.00730	0.05258	0.00640	0.00461	0.03724	0.00127	0.00474	0.00351	0.00183	0.00493

[dist]
# distance from previous block
# <min> <max>
1	1

[block]
# block no. 15 follows, 78 sequences, length 8
# corresponding to MSA columns:
# 2435-2442
name=unknown_P
#
# <colnr> <probs for GDERKNQSTAVLIFYWHMCP>
#	G	D	E	R	K	N	Q	S	T	A	V	L	I	F	Y	W	H	M	C	P
0	0.00624	0.00353	0.00492	0.00494	0.00526	0.00353	0.00354	0.03852	0.00612	0.00826	0.05939	0.05640	0.02948	0.01106	0.01088	0.61512	0.00294	0.09713	0.03056	0.00218
1	0.00557	0.00417	0.00522	0.00522	0.02997	0.00407	0.00373	0.00774	0.10494	0.01245	0.47551	0.04779	0.14039	0.03459	0.00545	0.08192	0.00213	0.02227	0.00344	0.00342
2	0.00991	0.03701	0.00931	0.02593	0.06879	0.03803	0.00621	0.21290	0.42213	0.03417	0.08709	0.01245	0.01081	0.00467	0.00359	0.00113	0.00328	0.00383	0.00335	0.00542
3	0.00898	0.00751	0.01123	0.18279	0.35977	0.00804	0.00858	0.12712	0.08473	0.05438	0.04835	0.03746	0.00814	0.00482	0.03154	0.00127	0.00409	0.00366	0.00243	0.00511
4	0.04027	0.05942	0.15384	0.04072	0.10010	0.03837	0.07612	0.30878	0.01131	0.12463	0.00809	0.00866	0.00580	0.00378	0.00345	0.00108	0.00430	0.00309	0.00271	0.00548
5	0.00859	0.12820	0.43991	0.00983	0.01390	0.03629	0.14623	0.03410	0.04155	0.06349	0.00764	0.00939	0.00585	0.00368	0.00345	0.00110	0.00488	0.03489	0.00195	0.00507
6	0.00576	0.00478	0.08175	0.00548	0.00620	0.00411	0.00443	0.00594	0.00536	0.00750	0.00793	0.01284	0.00767	0.09334	0.33636	0.39698	0.00578	0.00351	0.00173	0.00256
7	0.00763	0.04577	0.13461	0.07363	0.03269	0.05743	0.15608	0.00960	0.00751	0.05403	0.00988	0.12481	0.00942	0.02120	0.09058	0.00173	0.08055	0.07649	0.00219	0.00418

[dist]
# distance from previous block
# <min> <max>
1	15

# created by:
# /usr/local/bin/augustus/scripts/msa2prfl.pl /tmp/new_cug2/actin-related-protein-class-1.fasta
