[name]
unknown

[dist]
# distance from previous block
# <min> <max>
0	29

[block]
# block no. 0 follows, 84 sequences, length 15
# corresponding to MSA columns:
# 409-413,463-472
name=unknown_A
#
# <colnr> <probs for GDERKNQSTAVLIFYWHMCP>
#	G	D	E	R	K	N	Q	S	T	A	V	L	I	F	Y	W	H	M	C	P
0	0.00488	0.00325	0.00366	0.00366	0.00366	0.00325	0.00203	0.00488	0.00488	0.00651	0.01057	0.02195	0.01220	0.88209	0.01708	0.00325	0.00325	0.00488	0.00203	0.00203
1	0.00696	0.00596	0.00696	0.00497	0.00795	0.00447	0.00398	0.00845	0.00696	0.01093	0.00596	0.00696	0.00497	0.00248	0.00248	0.00050	0.00248	0.00199	0.00199	0.90260
2	0.01275	0.00940	0.01007	0.00772	0.01040	0.01040	0.00638	0.84998	0.01577	0.02114	0.00805	0.00805	0.00571	0.00403	0.00336	0.00101	0.00369	0.00302	0.00336	0.00571
3	0.00420	0.00343	0.00375	0.00393	0.00494	0.00299	0.00304	0.00514	0.00756	0.00918	0.03025	0.09853	0.66343	0.00877	0.00409	0.00122	0.00194	0.13763	0.00311	0.00286
4	0.00475	0.00343	0.00448	0.00422	0.00501	0.00317	0.00317	0.00633	0.00950	0.01345	0.85940	0.02506	0.03166	0.00686	0.00396	0.00106	0.00158	0.00607	0.00369	0.00317
5	0.90579	0.00649	0.00493	0.00441	0.00649	0.00753	0.00363	0.00986	0.00571	0.01505	0.00467	0.00545	0.00363	0.00311	0.00208	0.00104	0.00260	0.00182	0.00208	0.00363
6	0.00634	0.00596	0.01006	0.87403	0.02311	0.00745	0.00932	0.00857	0.00671	0.00857	0.00596	0.00894	0.00447	0.00335	0.00335	0.00112	0.00447	0.00298	0.00149	0.00373
7	0.00696	0.00596	0.00696	0.00497	0.00795	0.00447	0.00398	0.00845	0.00696	0.01093	0.00596	0.00696	0.00497	0.00248	0.00248	0.00050	0.00248	0.00199	0.00199	0.90260
8	0.00397	0.00340	0.00340	0.00340	0.00453	0.00283	0.00255	0.00481	0.00765	0.00906	0.03399	0.03229	0.85981	0.00850	0.00397	0.00113	0.00170	0.00708	0.00312	0.00283
9	0.00409	0.00292	0.00389	0.00467	0.00487	0.00273	0.00311	0.00467	0.00642	0.00856	0.01849	0.87991	0.02219	0.01051	0.00428	0.00136	0.00195	0.00954	0.00311	0.00273
10	0.00634	0.00596	0.01006	0.87403	0.02311	0.00745	0.00932	0.00857	0.00671	0.00857	0.00596	0.00894	0.00447	0.00335	0.00335	0.00112	0.00447	0.00298	0.00149	0.00373
11	0.01505	0.00571	0.00779	0.00597	0.00856	0.00493	0.00493	0.01635	0.00960	0.86349	0.01324	0.01142	0.00830	0.00415	0.00337	0.00104	0.00285	0.00337	0.00415	0.00571
12	0.03548	0.04466	0.81026	0.00928	0.01408	0.00796	0.01190	0.01058	0.00703	0.01068	0.00593	0.00698	0.00423	0.00317	0.00312	0.00105	0.00484	0.00244	0.00144	0.00490
13	0.00683	0.05452	0.82839	0.00940	0.01427	0.00803	0.01211	0.01060	0.00707	0.01051	0.00596	0.00701	0.00425	0.00317	0.00314	0.00105	0.00490	0.00245	0.00142	0.00493
14	0.00682	0.00646	0.01014	0.79281	0.04437	0.03481	0.00915	0.03918	0.00715	0.00908	0.00602	0.00880	0.00453	0.00337	0.00334	0.00110	0.00448	0.00296	0.00157	0.00385

[dist]
# distance from previous block
# <min> <max>
1	9

[block]
# block no. 1 follows, 84 sequences, length 6
# corresponding to MSA columns:
# 482-487
name=unknown_B
#
# <colnr> <probs for GDERKNQSTAVLIFYWHMCP>
#	G	D	E	R	K	N	Q	S	T	A	V	L	I	F	Y	W	H	M	C	P
0	0.16065	0.08609	0.02434	0.00522	0.00686	0.02299	0.00424	0.11325	0.05681	0.04064	0.12589	0.17960	0.13121	0.00598	0.00335	0.00107	0.00257	0.00492	0.00286	0.02146
1	0.00969	0.32198	0.05200	0.00943	0.17351	0.10407	0.00694	0.11784	0.09514	0.04660	0.02814	0.00790	0.00613	0.00344	0.00290	0.00090	0.00383	0.00263	0.00212	0.00479
2	0.00654	0.16119	0.00780	0.00571	0.03371	0.00660	0.00444	0.01012	0.25553	0.01110	0.17071	0.04073	0.17285	0.04594	0.00411	0.00117	0.00252	0.05239	0.00291	0.00393
3	0.00657	0.00982	0.33346	0.00695	0.03739	0.00553	0.00714	0.00888	0.00732	0.03817	0.03933	0.01229	0.15761	0.00404	0.00312	0.00088	0.00332	0.00329	0.00209	0.31281
4	0.00553	0.00548	0.00464	0.00474	0.00568	0.15666	0.00343	0.00629	0.00758	0.00875	0.02385	0.30200	0.43664	0.00825	0.00390	0.00116	0.00255	0.00700	0.00287	0.00299
5	0.00735	0.00687	0.01152	0.10638	0.62197	0.00699	0.00892	0.00912	0.00733	0.01029	0.00844	0.16327	0.00823	0.00436	0.00350	0.00107	0.00367	0.00415	0.00190	0.00469

[dist]
# distance from previous block
# <min> <max>
0	1

[block]
# block no. 2 follows, 84 sequences, length 49
# corresponding to MSA columns:
# 523-527,529-535,659-674,688-701,710-716
name=unknown_C
#
# <colnr> <probs for GDERKNQSTAVLIFYWHMCP>
#	G	D	E	R	K	N	Q	S	T	A	V	L	I	F	Y	W	H	M	C	P
0	0.00897	0.88411	0.01758	0.00574	0.00861	0.01327	0.00574	0.01005	0.00682	0.00789	0.00466	0.00538	0.00431	0.00287	0.00215	0.00072	0.00359	0.00179	0.00144	0.00431
1	0.00403	0.00340	0.00348	0.00346	0.00457	0.00286	0.00260	0.00493	0.00779	0.00941	0.09833	0.03172	0.79524	0.00837	0.00396	0.00113	0.00169	0.00700	0.00316	0.00286
2	0.00541	0.00386	0.00541	0.00618	0.00695	0.00386	0.00541	0.00695	0.00772	0.01004	0.01776	0.03784	0.01931	0.00927	0.00463	0.00154	0.00309	0.83859	0.00309	0.00309
3	0.00541	0.00330	0.00341	0.00336	0.00430	0.00305	0.00251	0.00665	0.00740	0.02802	0.06318	0.02120	0.34697	0.02820	0.00346	0.00100	0.00169	0.00489	0.45896	0.00304
4	0.90579	0.00649	0.00493	0.00441	0.00649	0.00753	0.00363	0.00986	0.00571	0.01505	0.00467	0.00545	0.00363	0.00311	0.00208	0.00104	0.00260	0.00182	0.00208	0.00363
5	0.02172	0.55661	0.07063	0.00670	0.02290	0.03353	0.00631	0.18505	0.01831	0.01105	0.00575	0.00647	0.00481	0.00395	0.03261	0.00098	0.00393	0.00221	0.00189	0.00460
6	0.00682	0.03917	0.82076	0.00959	0.01445	0.00795	0.03442	0.01061	0.00710	0.01056	0.00601	0.00709	0.00427	0.00317	0.00318	0.00106	0.00494	0.00250	0.00142	0.00493
7	0.01505	0.00571	0.00779	0.00597	0.00856	0.00493	0.00493	0.01635	0.00960	0.86349	0.01324	0.01142	0.00830	0.00415	0.00337	0.00104	0.00285	0.00337	0.00415	0.00571
8	0.01245	0.00946	0.01076	0.00822	0.01092	0.04795	0.07933	0.69500	0.01448	0.06534	0.00810	0.00823	0.00573	0.00390	0.00339	0.00101	0.00392	0.00308	0.00318	0.00552
9	0.01008	0.23279	0.26388	0.00830	0.04081	0.02397	0.08134	0.03968	0.00814	0.24816	0.00782	0.00809	0.00555	0.00337	0.00305	0.00097	0.00403	0.00271	0.00229	0.00498
10	0.00533	0.00357	0.00467	0.00437	0.00527	0.00328	0.00333	0.00687	0.00937	0.06140	0.74928	0.02505	0.05859	0.00686	0.00395	0.00108	0.00172	0.03903	0.00368	0.00330
11	0.00634	0.00596	0.01006	0.87403	0.02311	0.00745	0.00932	0.00857	0.00671	0.00857	0.00596	0.00894	0.00447	0.00335	0.00335	0.00112	0.00447	0.00298	0.00149	0.00373
12	0.01242	0.00954	0.00986	0.00770	0.01028	0.04972	0.00630	0.74977	0.07775	0.02002	0.00834	0.00829	0.00598	0.00404	0.00335	0.00101	0.00372	0.00304	0.00329	0.00559
13	0.00604	0.00394	0.00534	0.00535	0.00615	0.00409	0.00412	0.04948	0.00694	0.08781	0.01379	0.22159	0.04283	0.06034	0.34222	0.00300	0.00509	0.12595	0.00265	0.00328
14	0.00409	0.00292	0.00389	0.00467	0.00487	0.00273	0.00311	0.00467	0.00642	0.00856	0.01849	0.87991	0.02219	0.01051	0.00428	0.00136	0.00195	0.00954	0.00311	0.00273
15	0.00791	0.03564	0.04956	0.01373	0.01716	0.00860	0.79411	0.01072	0.00786	0.01066	0.00670	0.00887	0.00504	0.00284	0.00388	0.00112	0.00557	0.00384	0.00168	0.00453
16	0.00406	0.00340	0.00353	0.00350	0.00459	0.00287	0.00263	0.00500	0.00788	0.00961	0.13629	0.03139	0.75716	0.00829	0.00396	0.00112	0.00168	0.00695	0.00319	0.00287
17	0.03424	0.01004	0.00983	0.00773	0.01027	0.10872	0.00630	0.71614	0.03253	0.01936	0.00776	0.00786	0.00559	0.00395	0.00329	0.00099	0.00391	0.00291	0.00314	0.00544
18	0.00479	0.00359	0.00539	0.00539	0.00599	0.00419	0.00419	0.00599	0.00539	0.00779	0.00899	0.01318	0.00839	0.02516	0.86880	0.00539	0.00899	0.00359	0.00180	0.00300
19	0.00696	0.00596	0.00696	0.00497	0.00795	0.00447	0.00398	0.00845	0.00696	0.01093	0.00596	0.00696	0.00497	0.00248	0.00248	0.00050	0.00248	0.00199	0.00199	0.90260
20	0.00541	0.00386	0.00541	0.00618	0.00695	0.00386	0.00541	0.00695	0.00772	0.01004	0.01776	0.03784	0.01931	0.00927	0.00463	0.00154	0.00309	0.83859	0.00309	0.00309
21	0.00673	0.01735	0.86471	0.00956	0.01452	0.00779	0.01240	0.01062	0.00708	0.01062	0.00602	0.00708	0.00425	0.00319	0.00319	0.00106	0.00496	0.00248	0.00142	0.00496
22	0.01253	0.01599	0.00951	0.00864	0.01037	0.86863	0.00648	0.01340	0.00951	0.00821	0.00519	0.00605	0.00432	0.00346	0.00303	0.00086	0.00605	0.00216	0.00173	0.00389
23	0.90579	0.00649	0.00493	0.00441	0.00649	0.00753	0.00363	0.00986	0.00571	0.01505	0.00467	0.00545	0.00363	0.00311	0.00208	0.00104	0.00260	0.00182	0.00208	0.00363
24	0.00401	0.00340	0.00346	0.00345	0.00456	0.00285	0.00259	0.00490	0.00776	0.00932	0.08266	0.03186	0.81097	0.00840	0.00396	0.00113	0.00169	0.00702	0.00315	0.00285
25	0.00397	0.00340	0.00340	0.00340	0.00453	0.00283	0.00255	0.00481	0.00765	0.00906	0.03399	0.03229	0.85981	0.00850	0.00397	0.00113	0.00170	0.00708	0.00312	0.00283
26	0.00781	0.00747	0.01273	0.23334	0.65226	0.00784	0.01005	0.00987	0.00741	0.01037	0.00622	0.00846	0.00510	0.00308	0.00333	0.00103	0.00411	0.00299	0.00162	0.00492
27	0.01237	0.02915	0.00965	0.00860	0.01031	0.83770	0.00649	0.01323	0.00938	0.00820	0.00516	0.00607	0.00432	0.00350	0.00318	0.00087	0.02403	0.00217	0.00172	0.00389
28	0.00583	0.00291	0.00437	0.00437	0.00437	0.00291	0.00291	0.00437	0.00437	0.00583	0.00583	0.01020	0.00583	0.01166	0.01311	0.90239	0.00291	0.00291	0.00146	0.00146
29	0.00879	0.01260	0.47210	0.00833	0.01207	0.00760	0.02268	0.05670	0.20037	0.15156	0.00905	0.00911	0.00636	0.00369	0.00329	0.00107	0.00404	0.00298	0.00242	0.00519
30	0.00897	0.88411	0.01758	0.00574	0.00861	0.01327	0.00574	0.01005	0.00682	0.00789	0.00466	0.00538	0.00431	0.00287	0.00215	0.00072	0.00359	0.00179	0.00144	0.00431
31	0.00541	0.00386	0.00541	0.00618	0.00695	0.00386	0.00541	0.00695	0.00772	0.01004	0.01776	0.03784	0.01931	0.00927	0.00463	0.00154	0.00309	0.83859	0.00309	0.00309
32	0.08099	0.01617	0.76440	0.00930	0.01396	0.00779	0.04072	0.01057	0.00700	0.01099	0.00594	0.00702	0.00423	0.00317	0.00312	0.00106	0.00479	0.00248	0.00148	0.00483
33	0.00605	0.00560	0.00789	0.00725	0.00739	0.00723	0.02073	0.00676	0.00570	0.00832	0.01008	0.35620	0.01153	0.00767	0.00819	0.00142	0.51095	0.00559	0.00213	0.00331
34	0.00409	0.00292	0.00389	0.00467	0.00487	0.00273	0.00311	0.00467	0.00642	0.00856	0.01849	0.87991	0.02219	0.01051	0.00428	0.00136	0.00195	0.00954	0.00311	0.00273
35	0.00583	0.00291	0.00437	0.00437	0.00437	0.00291	0.00291	0.00437	0.00437	0.00583	0.00583	0.01020	0.00583	0.01166	0.01311	0.90239	0.00291	0.00291	0.00146	0.00146
36	0.00924	0.81741	0.01696	0.00596	0.00875	0.07900	0.00580	0.01030	0.00702	0.00792	0.00470	0.00543	0.00431	0.00292	0.00222	0.00073	0.00378	0.00182	0.00146	0.00427
37	0.00497	0.00385	0.00573	0.00563	0.00618	0.00461	0.00441	0.00613	0.00537	0.00781	0.00867	0.01278	0.00812	0.02384	0.81021	0.00512	0.06820	0.00355	0.00177	0.00304
38	0.01484	0.00605	0.00799	0.00613	0.00873	0.00543	0.00506	0.09259	0.01017	0.78645	0.01276	0.01111	0.00807	0.00414	0.00337	0.00104	0.00293	0.00334	0.00408	0.00571
39	0.00488	0.00325	0.00366	0.00366	0.00366	0.00325	0.00203	0.00488	0.00488	0.00651	0.01057	0.02195	0.01220	0.88209	0.01708	0.00325	0.00325	0.00488	0.00203	0.00203
40	0.00481	0.00351	0.00498	0.00498	0.00543	0.00397	0.00368	0.00573	0.00527	0.00748	0.00936	0.01527	0.00930	0.22959	0.66562	0.00488	0.00762	0.00390	0.00185	0.00277
41	0.00770	0.16677	0.63214	0.00881	0.01308	0.09571	0.01065	0.01080	0.00728	0.00991	0.00570	0.00669	0.00427	0.00316	0.00299	0.00098	0.00483	0.00233	0.00145	0.00474
42	0.00753	0.00777	0.01451	0.32392	0.24319	0.02170	0.31217	0.00989	0.00744	0.00998	0.00634	0.00877	0.00492	0.00307	0.00356	0.00109	0.00480	0.00332	0.00161	0.00444
43	0.00531	0.00379	0.00530	0.00607	0.00680	0.00378	0.00524	0.00678	0.00763	0.00993	0.01782	0.09943	0.01952	0.00936	0.00461	0.00153	0.00301	0.77795	0.00309	0.00306
44	0.00845	0.00848	0.01420	0.01923	0.71643	0.04804	0.11469	0.01050	0.00776	0.01081	0.00632	0.00829	0.00524	0.00299	0.00339	0.00101	0.00429	0.00307	0.00167	0.00515
45	0.00429	0.00396	0.04764	0.00452	0.00540	0.00314	0.01404	0.00522	0.00710	0.00911	0.06347	0.42504	0.35009	0.02305	0.00429	0.00127	0.00207	0.02035	0.00302	0.00292
46	0.00874	0.26708	0.02496	0.00627	0.00902	0.16931	0.02828	0.02841	0.00762	0.00974	0.00550	0.00641	0.00466	0.00284	0.00256	0.00067	0.00363	0.00205	0.00179	0.41046
47	0.00899	0.01933	0.00805	0.00651	0.00882	0.01821	0.00519	0.21446	0.41372	0.01472	0.01114	0.01077	0.03904	0.00408	0.00319	0.00096	0.00288	0.00328	0.00303	0.20364
48	0.00815	0.03134	0.05997	0.08289	0.01158	0.01851	0.12648	0.04831	0.48473	0.01264	0.02321	0.01084	0.00825	0.00411	0.00377	0.00112	0.04207	0.00354	0.00271	0.01576

[dist]
# distance from previous block
# <min> <max>
0	1

[block]
# block no. 3 follows, 84 sequences, length 37
# corresponding to MSA columns:
# 785-796,860-864,869-888
name=unknown_D
#
# <colnr> <probs for GDERKNQSTAVLIFYWHMCP>
#	G	D	E	R	K	N	Q	S	T	A	V	L	I	F	Y	W	H	M	C	P
0	0.70245	0.05386	0.00660	0.00533	0.00742	0.14164	0.02086	0.01044	0.00640	0.01353	0.00479	0.00561	0.00380	0.00315	0.00226	0.00100	0.00324	0.00191	0.00198	0.00373
1	0.36723	0.00796	0.06750	0.12736	0.15536	0.00789	0.17299	0.02653	0.00689	0.01238	0.00569	0.00730	0.00441	0.00313	0.00304	0.00107	0.01455	0.00268	0.00183	0.00423
2	0.00830	0.00797	0.01362	0.02059	0.86117	0.00797	0.01030	0.01030	0.00764	0.01096	0.00631	0.00830	0.00531	0.00299	0.00332	0.00100	0.00399	0.00299	0.00166	0.00531
3	0.00432	0.00341	0.00389	0.00377	0.00475	0.00298	0.00283	0.00551	0.00849	0.01107	0.41067	0.02899	0.48187	0.00775	0.00396	0.00110	0.00165	0.00662	0.00338	0.00298
4	0.00415	0.00296	0.00395	0.00470	0.00493	0.00277	0.00318	0.00479	0.00656	0.00876	0.04592	0.82873	0.02242	0.01036	0.00428	0.00136	0.00197	0.03234	0.00313	0.00275
5	0.00409	0.00292	0.00389	0.00467	0.00487	0.00273	0.00311	0.00467	0.00642	0.00856	0.01849	0.87991	0.02219	0.01051	0.00428	0.00136	0.00195	0.00954	0.00311	0.00273
6	0.00834	0.00721	0.00759	0.00683	0.00872	0.00834	0.00531	0.01783	0.85511	0.01403	0.01365	0.01252	0.01024	0.00455	0.00341	0.00114	0.00266	0.00379	0.00341	0.00531
7	0.00673	0.01735	0.86471	0.00956	0.01452	0.00779	0.01240	0.01062	0.00708	0.01062	0.00602	0.00708	0.00425	0.00319	0.00319	0.00106	0.00496	0.00248	0.00142	0.00496
8	0.00719	0.00596	0.00698	0.00500	0.00797	0.00449	0.00400	0.00867	0.00703	0.03542	0.00617	0.00709	0.00506	0.00253	0.00251	0.00051	0.00250	0.00203	0.00205	0.87684
9	0.00696	0.00596	0.00696	0.00497	0.00795	0.00447	0.00398	0.00845	0.00696	0.01093	0.00596	0.00696	0.00497	0.00248	0.00248	0.00050	0.00248	0.00199	0.00199	0.90260
10	0.00535	0.00382	0.00534	0.00611	0.00686	0.00381	0.00531	0.00685	0.00767	0.00998	0.01780	0.07464	0.01943	0.00932	0.00462	0.00154	0.00304	0.80236	0.00309	0.00307
11	0.01253	0.01599	0.00951	0.00864	0.01037	0.86863	0.00648	0.01340	0.00951	0.00821	0.00519	0.00605	0.00432	0.00346	0.00303	0.00086	0.00605	0.00216	0.00173	0.00389
12	0.00696	0.00596	0.00696	0.00497	0.00795	0.00447	0.00398	0.00845	0.00696	0.01093	0.00596	0.00696	0.00497	0.00248	0.00248	0.00050	0.00248	0.00199	0.00199	0.90260
13	0.00421	0.00306	0.00398	0.00459	0.00492	0.00286	0.00312	0.00503	0.01964	0.00913	0.09791	0.74010	0.06907	0.00997	0.00422	0.00132	0.00191	0.00899	0.00317	0.00281
14	0.00833	0.00783	0.01306	0.11035	0.72800	0.00804	0.00999	0.05391	0.00796	0.01124	0.00636	0.00836	0.00525	0.00308	0.00333	0.00101	0.00402	0.00299	0.00173	0.00517
15	0.01253	0.01599	0.00951	0.00864	0.01037	0.86863	0.00648	0.01340	0.00951	0.00821	0.00519	0.00605	0.00432	0.00346	0.00303	0.00086	0.00605	0.00216	0.00173	0.00389
16	0.00634	0.00596	0.01006	0.87403	0.02311	0.00745	0.00932	0.00857	0.00671	0.00857	0.00596	0.00894	0.00447	0.00335	0.00335	0.00112	0.00447	0.00298	0.00149	0.00373
17	0.00673	0.01735	0.86471	0.00956	0.01452	0.00779	0.01240	0.01062	0.00708	0.01062	0.00602	0.00708	0.00425	0.00319	0.00319	0.00106	0.00496	0.00248	0.00142	0.00496
18	0.00776	0.00746	0.01194	0.09080	0.30702	0.02061	0.16763	0.01174	0.22284	0.01134	0.02052	0.03583	0.01959	0.00404	0.00357	0.00111	0.00388	0.04532	0.00226	0.00475
19	0.00541	0.00386	0.00541	0.00618	0.00695	0.00386	0.00541	0.00695	0.00772	0.01004	0.01776	0.03784	0.01931	0.00927	0.00463	0.00154	0.00309	0.83859	0.00309	0.00309
20	0.00614	0.00315	0.00323	0.00321	0.00399	0.00313	0.00241	0.00770	0.00722	0.01258	0.07558	0.01346	0.01036	0.00413	0.00247	0.00080	0.00156	0.00335	0.83239	0.00313
21	0.00754	0.21486	0.55986	0.00912	0.01335	0.03519	0.09491	0.01059	0.00718	0.00994	0.00576	0.00686	0.00435	0.00309	0.00302	0.00098	0.00475	0.00246	0.00146	0.00473
22	0.00489	0.00361	0.00459	0.00433	0.00519	0.00340	0.00327	0.00680	0.04868	0.01321	0.76565	0.02504	0.07184	0.00687	0.00394	0.00107	0.00166	0.01907	0.00364	0.00325
23	0.00541	0.00386	0.00541	0.00618	0.00695	0.00386	0.00541	0.00695	0.00772	0.01004	0.01776	0.03784	0.01931	0.00927	0.00463	0.00154	0.00309	0.83859	0.00309	0.00309
24	0.00483	0.00325	0.00366	0.00368	0.00372	0.00323	0.00208	0.00487	0.00500	0.00664	0.01144	0.04775	0.03535	0.83261	0.01634	0.00314	0.00317	0.00508	0.00209	0.00207
25	0.00673	0.01735	0.86471	0.00956	0.01452	0.00779	0.01240	0.01062	0.00708	0.01062	0.00602	0.00708	0.00425	0.00319	0.00319	0.00106	0.00496	0.00248	0.00142	0.00496
26	0.00837	0.00820	0.01358	0.03255	0.77856	0.03362	0.03748	0.01033	0.00764	0.01078	0.00625	0.00825	0.00525	0.00306	0.00349	0.00101	0.02174	0.00300	0.00166	0.00519
27	0.00479	0.00359	0.00539	0.00539	0.00599	0.00419	0.00419	0.00599	0.00539	0.00779	0.00899	0.01318	0.00839	0.02516	0.86880	0.00539	0.00899	0.00359	0.00180	0.00300
28	0.17670	0.38539	0.02430	0.00756	0.02045	0.15540	0.12666	0.01059	0.00716	0.00977	0.00508	0.00618	0.00431	0.00316	0.00299	0.00090	0.04536	0.00225	0.00165	0.00413
29	0.00488	0.00325	0.00366	0.00366	0.00366	0.00325	0.00203	0.00488	0.00488	0.00651	0.01057	0.02195	0.01220	0.88209	0.01708	0.00325	0.00325	0.00488	0.00203	0.00203
30	0.72897	0.06310	0.00641	0.00502	0.00709	0.04877	0.00417	0.05528	0.00648	0.01437	0.00487	0.00568	0.00385	0.00325	0.00249	0.00102	0.03139	0.00193	0.00207	0.00380
31	0.87188	0.00652	0.00513	0.00458	0.00658	0.00763	0.00377	0.00979	0.00569	0.01479	0.00466	0.00552	0.00366	0.00322	0.00241	0.00105	0.03557	0.00186	0.00205	0.00363
32	0.00491	0.00356	0.00457	0.00430	0.00513	0.00336	0.00323	0.00679	0.04096	0.01346	0.81179	0.02436	0.03042	0.00672	0.00391	0.00105	0.00162	0.00593	0.02069	0.00324
33	0.00479	0.00359	0.00539	0.00539	0.00599	0.00419	0.00419	0.00599	0.00539	0.00779	0.00899	0.01318	0.00839	0.02516	0.86880	0.00539	0.00899	0.00359	0.00180	0.00300
34	0.00475	0.00343	0.00448	0.00422	0.00501	0.00317	0.00317	0.00633	0.00950	0.01345	0.85940	0.02506	0.03166	0.00686	0.00396	0.00106	0.00158	0.00607	0.00369	0.00317
35	0.03553	0.00573	0.00772	0.00593	0.00852	0.00499	0.00490	0.01620	0.00951	0.84399	0.01304	0.01128	0.00820	0.00413	0.00334	0.00104	0.00285	0.00334	0.00410	0.00566
36	0.00397	0.00340	0.00340	0.00340	0.00453	0.00283	0.00255	0.00481	0.00765	0.00906	0.03399	0.03229	0.85981	0.00850	0.00397	0.00113	0.00170	0.00708	0.00312	0.00283

[dist]
# distance from previous block
# <min> <max>
0	253

# created by:
# /usr/local/bin/augustus/scripts/msa2prfl.pl /tmp/new_cug2/actin-related-protein-class-2.fasta
