[name]
unknown

[dist]
# distance from previous block
# <min> <max>
1	8

[block]
# block no. 0 follows, 76 sequences, length 34
# corresponding to MSA columns:
# 8-41
name=unknown_A
#
# <colnr> <probs for GDERKNQSTAVLIFYWHMCP>
#	G	D	E	R	K	N	Q	S	T	A	V	L	I	F	Y	W	H	M	C	P
0	0.04365	0.08554	0.09400	0.01432	0.01842	0.02069	0.00593	0.13521	0.11256	0.12049	0.11443	0.05436	0.10041	0.02557	0.00406	0.00118	0.01259	0.00439	0.00314	0.02905
1	0.00482	0.00353	0.00444	0.00498	0.00545	0.00330	0.00340	0.03268	0.00739	0.00976	0.02089	0.70029	0.11289	0.04336	0.00505	0.00149	0.00221	0.00945	0.00331	0.02131
2	0.00528	0.00402	0.00569	0.00579	0.00637	0.00456	0.00437	0.00680	0.04481	0.00889	0.01206	0.19473	0.01235	0.04817	0.59084	0.00453	0.02984	0.00529	0.00233	0.00329
3	0.01343	0.01682	0.01025	0.00927	0.01118	0.80722	0.00698	0.03646	0.03800	0.00947	0.00600	0.00684	0.00493	0.00380	0.00330	0.00095	0.00637	0.00242	0.00198	0.00432
4	0.00854	0.00993	0.03603	0.01512	0.01876	0.00921	0.80634	0.01159	0.00851	0.01159	0.00729	0.00973	0.00548	0.00313	0.00442	0.00123	0.02213	0.00424	0.00183	0.00489
5	0.00754	0.00646	0.00754	0.00538	0.00861	0.00484	0.00431	0.00915	0.00754	0.01184	0.00646	0.00754	0.00538	0.00269	0.00269	0.00054	0.00269	0.00215	0.00215	0.89449
6	0.00476	0.00368	0.00434	0.00423	0.00521	0.00326	0.00315	0.00610	0.00930	0.01236	0.47383	0.06940	0.37058	0.00835	0.00431	0.00119	0.00179	0.00720	0.00371	0.00326
7	0.00511	0.00371	0.00481	0.00454	0.00541	0.00341	0.00340	0.00679	0.01021	0.01438	0.81468	0.02747	0.06741	0.00750	0.00429	0.00115	0.00172	0.00662	0.00398	0.00341
8	0.00443	0.00350	0.00392	0.00418	0.00498	0.00307	0.00295	0.00523	0.00773	0.00964	0.05912	0.30431	0.49777	0.06570	0.00533	0.00145	0.00203	0.00834	0.00332	0.00299
9	0.00972	0.87446	0.01905	0.00622	0.00933	0.01438	0.00622	0.01088	0.00738	0.00855	0.00505	0.00583	0.00466	0.00311	0.00233	0.00078	0.00389	0.00194	0.00155	0.00466
10	0.01358	0.01732	0.01030	0.00936	0.01124	0.85768	0.00702	0.01451	0.01030	0.00890	0.00562	0.00655	0.00468	0.00375	0.00328	0.00094	0.00655	0.00234	0.00187	0.00421
11	0.89794	0.00703	0.00534	0.00478	0.00703	0.00815	0.00394	0.01068	0.00619	0.01631	0.00506	0.00590	0.00394	0.00337	0.00225	0.00112	0.00281	0.00197	0.00225	0.00394
12	0.01330	0.00992	0.01062	0.00826	0.01107	0.01103	0.00678	0.74928	0.10613	0.02208	0.00938	0.00925	0.00671	0.00442	0.00364	0.00111	0.00388	0.00336	0.00364	0.00613
13	0.66463	0.00730	0.00608	0.00527	0.00752	0.03995	0.00430	0.06074	0.00753	0.10688	0.00670	0.00724	0.00496	0.00362	0.00254	0.00110	0.00299	0.00232	0.05402	0.00429
14	0.00791	0.00825	0.04591	0.00641	0.00809	0.17681	0.00516	0.05011	0.17286	0.01234	0.18069	0.04648	0.22044	0.00652	0.00394	0.00117	0.00330	0.03628	0.00318	0.00416
15	0.00437	0.00350	0.00391	0.00420	0.00505	0.00304	0.00300	0.00521	0.00786	0.00975	0.05291	0.33395	0.53064	0.00994	0.00442	0.00131	0.00193	0.00859	0.00339	0.00304
16	0.00876	0.00839	0.01432	0.11703	0.75675	0.00857	0.01103	0.01094	0.00816	0.01158	0.00679	0.00907	0.00565	0.00328	0.00360	0.00109	0.00438	0.00324	0.00178	0.00556
17	0.04816	0.00626	0.00800	0.00629	0.00883	0.00577	0.00515	0.09623	0.01062	0.63478	0.04075	0.03761	0.00982	0.00473	0.00358	0.00111	0.00301	0.00383	0.05974	0.00574
18	0.89794	0.00703	0.00534	0.00478	0.00703	0.00815	0.00394	0.01068	0.00619	0.01631	0.00506	0.00590	0.00394	0.00337	0.00225	0.00112	0.00281	0.00197	0.00225	0.00394
19	0.00528	0.00354	0.00406	0.00406	0.00409	0.00357	0.00232	0.00535	0.00531	0.00712	0.01137	0.02331	0.01301	0.83024	0.06025	0.00364	0.00383	0.00522	0.00219	0.00225
20	0.05817	0.00733	0.00878	0.00685	0.00953	0.00727	0.00563	0.25877	0.04364	0.49198	0.03186	0.01140	0.00860	0.00448	0.00357	0.00111	0.00327	0.00354	0.02830	0.00592
21	0.84357	0.00710	0.00568	0.03223	0.00773	0.00824	0.00422	0.03495	0.00654	0.01628	0.00521	0.00611	0.00403	0.00341	0.00233	0.00113	0.00291	0.00205	0.00227	0.00401
22	0.00864	0.22560	0.45941	0.00970	0.01404	0.01024	0.10921	0.08339	0.02604	0.01187	0.00663	0.00769	0.00500	0.00343	0.00330	0.00107	0.00493	0.00278	0.00180	0.00522
23	0.00838	0.34352	0.43172	0.00872	0.01283	0.02667	0.04350	0.01146	0.03929	0.01042	0.00664	0.02965	0.00542	0.00357	0.00310	0.00102	0.00468	0.00271	0.00169	0.00501
24	0.00844	0.00835	0.01356	0.17499	0.44691	0.04754	0.11223	0.01105	0.05344	0.01120	0.00796	0.05482	0.00683	0.00434	0.02164	0.00124	0.00466	0.00376	0.00196	0.00506
25	0.00754	0.00646	0.00754	0.00538	0.00861	0.00484	0.00431	0.00915	0.00754	0.01184	0.00646	0.00754	0.00538	0.00269	0.00269	0.00054	0.00269	0.00215	0.00215	0.89449
26	0.00928	0.04359	0.01365	0.17260	0.51955	0.03068	0.03682	0.04941	0.00862	0.05628	0.00738	0.02282	0.00599	0.00356	0.00359	0.00110	0.00440	0.00333	0.00201	0.00533
27	0.03665	0.00532	0.00602	0.00536	0.00679	0.00548	0.00413	0.09514	0.12065	0.11831	0.13896	0.07490	0.09555	0.06251	0.00477	0.00128	0.02277	0.00494	0.18623	0.00424
28	0.00624	0.00520	0.00566	0.00565	0.00624	0.07539	0.00403	0.03153	0.04203	0.00908	0.01300	0.21611	0.02661	0.25987	0.22733	0.00312	0.02914	0.02808	0.00252	0.00317
29	0.04927	0.01138	0.36358	0.00811	0.01145	0.00705	0.02807	0.04622	0.02121	0.21416	0.00940	0.01974	0.00719	0.08423	0.08015	0.00178	0.02607	0.00340	0.00253	0.00500
30	0.00869	0.00689	0.00860	0.00705	0.00899	0.00735	0.02507	0.26333	0.00973	0.01376	0.00821	0.01041	0.00691	0.01236	0.31112	0.00272	0.07901	0.00326	0.00248	0.20407
31	0.01357	0.01045	0.00962	0.00787	0.01032	0.21448	0.00628	0.34770	0.06917	0.21034	0.01004	0.02977	0.00732	0.00444	0.00355	0.00107	0.00422	0.00336	0.03092	0.00551
32	0.00471	0.00353	0.00421	0.00446	0.00521	0.00319	0.00323	0.00560	0.00792	0.01027	0.14771	0.28477	0.35342	0.02588	0.02254	0.03778	0.00222	0.04629	0.02403	0.00303
33	0.00514	0.00383	0.00457	0.00445	0.00544	0.00348	0.00331	0.00674	0.03577	0.03023	0.43898	0.11573	0.31236	0.00831	0.00429	0.00121	0.00186	0.00720	0.00372	0.00339

[dist]
# distance from previous block
# <min> <max>
13	45

[block]
# block no. 1 follows, 76 sequences, length 6
# corresponding to MSA columns:
# 89-94
name=unknown_B
#
# <colnr> <probs for GDERKNQSTAVLIFYWHMCP>
#	G	D	E	R	K	N	Q	S	T	A	V	L	I	F	Y	W	H	M	C	P
0	0.01054	0.01033	0.06528	0.05916	0.15661	0.18193	0.09443	0.12407	0.03205	0.10129	0.03903	0.05852	0.02667	0.00454	0.00373	0.00113	0.00457	0.01852	0.00260	0.00499
1	0.01511	0.00668	0.00853	0.00660	0.00932	0.00618	0.00543	0.15269	0.01137	0.65966	0.01488	0.01325	0.06342	0.00478	0.00369	0.00113	0.00316	0.00385	0.00428	0.00598
2	0.00977	0.00924	0.06357	0.04718	0.01671	0.00819	0.56662	0.01248	0.00871	0.17098	0.00869	0.01035	0.00624	0.00436	0.03851	0.00139	0.00560	0.00402	0.00232	0.00507
3	0.00872	0.05084	0.26230	0.04727	0.12434	0.03724	0.25082	0.03406	0.02543	0.05766	0.00856	0.04355	0.02461	0.00386	0.00375	0.00115	0.00499	0.00371	0.00205	0.00509
4	0.00844	0.01051	0.15840	0.07632	0.03262	0.17599	0.02411	0.08082	0.00884	0.01124	0.07362	0.12296	0.04270	0.00655	0.03886	0.00140	0.09924	0.02074	0.00236	0.00428
5	0.00798	0.00826	0.01080	0.72204	0.02275	0.14881	0.00958	0.01015	0.00777	0.00922	0.00632	0.00917	0.00482	0.00365	0.00357	0.00117	0.00513	0.00308	0.00166	0.00407

[dist]
# distance from previous block
# <min> <max>
1	1

[block]
# block no. 2 follows, 76 sequences, length 15
# corresponding to MSA columns:
# 97-111
name=unknown_C
#
# <colnr> <probs for GDERKNQSTAVLIFYWHMCP>
#	G	D	E	R	K	N	Q	S	T	A	V	L	I	F	Y	W	H	M	C	P
0	0.13897	0.00434	0.00477	0.00505	0.00592	0.00443	0.00361	0.00753	0.09723	0.01119	0.04953	0.48949	0.12781	0.02758	0.00442	0.00140	0.00228	0.00781	0.00324	0.00342
1	0.00443	0.00316	0.00422	0.00506	0.00527	0.00295	0.00337	0.00506	0.00696	0.00928	0.02003	0.86990	0.02404	0.01139	0.00464	0.00148	0.00211	0.01033	0.00337	0.00295
2	0.00831	0.00785	0.01184	0.18577	0.33467	0.05872	0.05140	0.02592	0.00795	0.03344	0.00871	0.13813	0.00823	0.00495	0.00468	0.00122	0.09713	0.00431	0.00209	0.00468
3	0.00511	0.00400	0.00578	0.00760	0.13189	0.00381	0.00452	0.00598	0.00720	0.00969	0.01865	0.71099	0.05070	0.01009	0.00447	0.00141	0.00243	0.00917	0.00314	0.00338
4	0.00863	0.00946	0.10114	0.27685	0.07215	0.09802	0.04191	0.13541	0.05154	0.01219	0.01173	0.01292	0.13189	0.00462	0.00381	0.00116	0.01581	0.00384	0.00233	0.00462
5	0.00791	0.00624	0.00817	0.04183	0.00895	0.00744	0.00590	0.22117	0.00876	0.01225	0.00858	0.01169	0.00750	0.01718	0.47253	0.00377	0.14008	0.00360	0.00231	0.00415
6	0.00718	0.00608	0.00728	0.00545	0.00829	0.00480	0.00434	0.00875	0.00728	0.01133	0.00695	0.00855	0.00594	0.00638	0.13095	0.00133	0.00375	0.00241	0.00212	0.76081
7	0.00536	0.00417	0.00514	0.00508	0.00624	0.00378	0.00396	0.00656	0.00773	0.01029	0.07464	0.12191	0.25022	0.06212	0.09712	0.00188	0.00328	0.19069	0.00300	0.13681
8	0.00878	0.04109	0.33287	0.02282	0.07353	0.03381	0.06540	0.17495	0.01927	0.03172	0.01199	0.02654	0.13208	0.00462	0.00367	0.00114	0.00439	0.00384	0.00240	0.00509
9	0.00856	0.01058	0.13703	0.08285	0.01200	0.11332	0.00861	0.01105	0.09689	0.00992	0.00636	0.00849	0.00542	0.00522	0.00800	0.00137	0.46496	0.00311	0.00185	0.00441
10	0.61598	0.06017	0.00756	0.00607	0.00800	0.10056	0.00501	0.01082	0.00661	0.01391	0.00508	0.00628	0.00419	0.00385	0.00382	0.00115	0.13269	0.00219	0.00207	0.00402
11	0.14044	0.00555	0.04145	0.05646	0.00784	0.00517	0.00460	0.00896	0.03608	0.10313	0.25282	0.02181	0.25081	0.00653	0.00408	0.00119	0.03027	0.01563	0.00327	0.00391
12	0.00476	0.00370	0.00432	0.00417	0.00519	0.00326	0.00312	0.00611	0.00937	0.01241	0.47782	0.03072	0.40551	0.00824	0.00429	0.00118	0.00177	0.00707	0.00372	0.00326
13	0.00818	0.05590	0.18395	0.00889	0.05497	0.07518	0.06630	0.04768	0.17583	0.01291	0.16651	0.01616	0.01340	0.00521	0.00383	0.00118	0.00393	0.09246	0.00278	0.00476
14	0.01189	0.26160	0.01304	0.00864	0.02800	0.43035	0.00695	0.10160	0.00973	0.01036	0.00574	0.00676	0.00487	0.00385	0.00383	0.00097	0.08289	0.00242	0.00194	0.00457

[dist]
# distance from previous block
# <min> <max>
1	1

[block]
# block no. 3 follows, 76 sequences, length 13
# corresponding to MSA columns:
# 114-126
name=unknown_D
#
# <colnr> <probs for GDERKNQSTAVLIFYWHMCP>
#	G	D	E	R	K	N	Q	S	T	A	V	L	I	F	Y	W	H	M	C	P
0	0.01018	0.33739	0.09768	0.02521	0.01017	0.14420	0.00673	0.12358	0.02046	0.03044	0.00639	0.00768	0.00532	0.00489	0.00463	0.13407	0.00433	0.00254	0.00200	0.02212
1	0.07453	0.41975	0.09131	0.02462	0.01050	0.01175	0.00692	0.19256	0.04287	0.06322	0.00696	0.00747	0.00546	0.00368	0.00310	0.00097	0.02436	0.00255	0.00232	0.00511
2	0.00640	0.13374	0.00748	0.00614	0.00729	0.00545	0.00527	0.00776	0.00804	0.03558	0.01828	0.17617	0.07342	0.00901	0.00447	0.00146	0.00311	0.48428	0.00312	0.00354
3	0.00715	0.01614	0.68228	0.01008	0.01468	0.00785	0.05665	0.01092	0.00783	0.01142	0.00846	0.01275	0.00708	0.00441	0.00373	0.00123	0.00511	0.12535	0.00182	0.00504
4	0.00751	0.07358	0.14820	0.10298	0.14052	0.00750	0.10971	0.02971	0.04187	0.03086	0.01109	0.22869	0.02166	0.00568	0.00396	0.00122	0.01406	0.01429	0.00234	0.00454
5	0.00515	0.00427	0.00566	0.00700	0.13098	0.00391	0.00429	0.00628	0.00816	0.01062	0.14007	0.28178	0.36088	0.00873	0.00429	0.00127	0.00227	0.00766	0.00323	0.00348
6	0.00603	0.00316	0.00466	0.00478	0.00481	0.00313	0.00319	0.00478	0.00507	0.00676	0.00836	0.13905	0.00895	0.01244	0.01278	0.76119	0.00300	0.00423	0.00185	0.00178
7	0.05605	0.08583	0.01041	0.00806	0.02956	0.11415	0.06693	0.20583	0.06560	0.03727	0.00778	0.00946	0.00634	0.00775	0.09158	0.14263	0.04477	0.00315	0.00242	0.00443
8	0.00762	0.04738	0.03069	0.00827	0.00939	0.04578	0.07457	0.06718	0.00708	0.00991	0.00738	0.01070	0.00672	0.02774	0.33698	0.00312	0.29014	0.00348	0.00191	0.00397
9	0.00623	0.00499	0.00621	0.00578	0.00674	0.00541	0.00452	0.00890	0.13132	0.02871	0.38256	0.06318	0.14094	0.00743	0.00539	0.00128	0.13080	0.05233	0.00345	0.00383
10	0.00556	0.00416	0.00510	0.00518	0.00577	0.00439	0.00362	0.00765	0.13105	0.00960	0.05348	0.24118	0.04836	0.26278	0.19259	0.00295	0.00425	0.00628	0.00280	0.00324
11	0.00877	0.04509	0.04292	0.02086	0.03917	0.14859	0.08926	0.07622	0.17630	0.01166	0.01965	0.07369	0.00912	0.04255	0.16767	0.00213	0.01529	0.00405	0.00250	0.00449
12	0.00932	0.09485	0.11102	0.06002	0.11514	0.10361	0.16455	0.05585	0.13292	0.01172	0.00763	0.00901	0.00601	0.00395	0.00448	0.00116	0.09838	0.00327	0.00211	0.00500

[dist]
# distance from previous block
# <min> <max>
7	19

[block]
# block no. 4 follows, 76 sequences, length 11
# corresponding to MSA columns:
# 151-161
name=unknown_E
#
# <colnr> <probs for GDERKNQSTAVLIFYWHMCP>
#	G	D	E	R	K	N	Q	S	T	A	V	L	I	F	Y	W	H	M	C	P
0	0.00782	0.01004	0.17361	0.00970	0.01074	0.01061	0.00901	0.00928	0.00597	0.00928	0.00511	0.00790	0.00474	0.00580	0.01029	0.00151	0.69968	0.00309	0.00158	0.00425
1	0.00796	0.00698	0.00841	0.00642	0.00895	0.00656	0.00520	0.04364	0.05588	0.01189	0.00671	0.00801	0.00563	0.00360	0.00457	0.00080	0.16921	0.00251	0.00219	0.63486
2	0.00532	0.00409	0.00507	0.00491	0.00605	0.00356	0.00365	0.00652	0.00817	0.01127	0.22887	0.29669	0.13521	0.02503	0.00443	0.00123	0.00221	0.06937	0.00327	0.17508
3	0.00489	0.00351	0.00456	0.00514	0.00553	0.00334	0.00352	0.03861	0.00775	0.01043	0.11484	0.73841	0.02450	0.01065	0.00456	0.00142	0.00214	0.00962	0.00346	0.00314
4	0.00478	0.00352	0.00425	0.00456	0.00530	0.00314	0.00326	0.00571	0.00802	0.02890	0.14336	0.41252	0.32171	0.00986	0.00445	0.00134	0.00201	0.02671	0.00349	0.00314
5	0.00835	0.00712	0.00747	0.00673	0.00866	0.00799	0.00523	0.05563	0.64261	0.01453	0.01875	0.01746	0.17232	0.00573	0.00381	0.00122	0.00273	0.00476	0.00363	0.00526
6	0.00823	0.01654	0.60999	0.00969	0.01409	0.08954	0.01134	0.01330	0.16906	0.01197	0.00803	0.00870	0.00586	0.00377	0.00348	0.00115	0.00500	0.00293	0.00198	0.00533
7	0.01202	0.01006	0.20650	0.00837	0.01152	0.00772	0.05394	0.14511	0.01013	0.35261	0.01084	0.01073	0.03282	0.00445	0.00446	0.00117	0.08917	0.00345	0.00316	0.02178
8	0.00901	0.00597	0.00735	0.00571	0.00844	0.00476	0.00461	0.01052	0.00818	0.18721	0.01019	0.06689	0.00881	0.00433	0.00324	0.00083	0.00280	0.08147	0.00284	0.56682
9	0.00616	0.00462	0.00560	0.00533	0.00645	0.00430	0.00387	0.08552	0.00810	0.01119	0.06823	0.39099	0.03098	0.12070	0.01918	0.00158	0.00273	0.04625	0.00303	0.17519
10	0.06772	0.01213	0.00854	0.00790	0.00956	0.46556	0.00593	0.06076	0.13142	0.01117	0.00988	0.17419	0.00939	0.00540	0.00356	0.00110	0.00477	0.00417	0.00255	0.00429

[dist]
# distance from previous block
# <min> <max>
6	6

[block]
# block no. 5 follows, 76 sequences, length 21
# corresponding to MSA columns:
# 170-190
name=unknown_F
#
# <colnr> <probs for GDERKNQSTAVLIFYWHMCP>
#	G	D	E	R	K	N	Q	S	T	A	V	L	I	F	Y	W	H	M	C	P
0	0.00931	0.01004	0.05314	0.10572	0.36715	0.15976	0.08320	0.01154	0.02819	0.03219	0.03372	0.01070	0.02798	0.00393	0.00384	0.00112	0.02346	0.01987	0.01017	0.00497
1	0.00652	0.00492	0.00718	0.00908	0.15749	0.00491	0.00633	0.00833	0.02131	0.02054	0.01677	0.08718	0.03387	0.00833	0.00451	0.00147	0.00328	0.52608	0.06809	0.00382
2	0.00879	0.00442	0.00526	0.00493	0.00626	0.00430	0.00396	0.02590	0.04194	0.19145	0.01399	0.04221	0.01175	0.00556	0.00335	0.00109	0.00239	0.15039	0.46795	0.00411
3	0.00798	0.03258	0.37389	0.01052	0.01437	0.00805	0.27638	0.05035	0.00840	0.01239	0.00781	0.00942	0.00582	0.00350	0.00354	0.00111	0.00486	0.00334	0.16081	0.00489
4	0.00598	0.00505	0.00781	0.02148	0.00846	0.00471	0.15242	0.00790	0.04020	0.03547	0.21586	0.10843	0.28306	0.00759	0.00434	0.00127	0.00286	0.08015	0.00326	0.00370
5	0.00472	0.00345	0.00417	0.00459	0.00503	0.00321	0.00312	0.00536	0.00702	0.00910	0.04312	0.40350	0.20158	0.22051	0.00796	0.00193	0.00247	0.06323	0.00310	0.00283
6	0.00512	0.00350	0.00420	0.00436	0.00446	0.00353	0.00266	0.00537	0.00564	0.00759	0.01280	0.17387	0.01472	0.63044	0.10355	0.00340	0.00392	0.00604	0.00238	0.00244
7	0.00693	0.01607	0.70176	0.00922	0.01363	0.00756	0.01142	0.01040	0.00725	0.01071	0.00740	0.01055	0.00614	0.15858	0.00614	0.00157	0.00504	0.00315	0.00165	0.00481
8	0.00929	0.01040	0.16083	0.02609	0.09255	0.03805	0.05582	0.14021	0.35040	0.01456	0.01148	0.03265	0.03216	0.00453	0.00369	0.00118	0.00393	0.00383	0.00289	0.00547
9	0.00671	0.00602	0.00519	0.00502	0.00545	0.15607	0.00322	0.00700	0.00636	0.00759	0.01155	0.02073	0.05197	0.62868	0.06143	0.00308	0.00433	0.00480	0.00219	0.00266
10	0.17518	0.05107	0.00869	0.00734	0.00908	0.44834	0.00555	0.07228	0.00901	0.01094	0.00676	0.00964	0.00618	0.15877	0.00579	0.00144	0.00501	0.00285	0.00212	0.00397
11	0.00723	0.00658	0.00586	0.00547	0.00653	0.15653	0.00398	0.06582	0.02412	0.01159	0.25193	0.07736	0.15174	0.16943	0.00668	0.00158	0.00314	0.00561	0.03532	0.00348
12	0.02101	0.02674	0.00769	0.00558	0.00841	0.00543	0.02359	0.07511	0.00849	0.02726	0.01217	0.01261	0.15595	0.00405	0.00309	0.00075	0.00276	0.00330	0.00251	0.59351
13	0.01309	0.00608	0.00769	0.00597	0.00857	0.00537	0.00486	0.05082	0.03779	0.52395	0.01237	0.01155	0.00834	0.00415	0.00333	0.00098	0.00286	0.00335	0.12447	0.16440
14	0.00513	0.00346	0.00418	0.00450	0.00517	0.00320	0.00323	0.00622	0.00795	0.02101	0.15433	0.38842	0.17601	0.00894	0.00415	0.00127	0.00198	0.03546	0.16223	0.00318
15	0.00580	0.00496	0.00580	0.00567	0.00645	0.06711	0.00433	0.00692	0.00661	0.00878	0.01425	0.01775	0.15868	0.07510	0.53228	0.00420	0.04030	0.00450	0.02726	0.00325
16	0.00520	0.00392	0.00489	0.00480	0.00571	0.00383	0.00364	0.00700	0.04907	0.01194	0.37232	0.06797	0.20430	0.02361	0.15686	0.00207	0.00333	0.03597	0.03022	0.00338
17	0.04552	0.00837	0.02728	0.00710	0.00971	0.00856	0.00592	0.49254	0.01370	0.16921	0.01457	0.01394	0.15690	0.00520	0.00370	0.00112	0.00344	0.00406	0.00365	0.00552
18	0.00849	0.03289	0.00748	0.03220	0.00847	0.18939	0.00513	0.15648	0.01033	0.01237	0.09632	0.04091	0.30149	0.00669	0.00411	0.00116	0.02377	0.05529	0.00301	0.00401
19	0.00754	0.03398	0.05297	0.00875	0.01186	0.00662	0.28254	0.03303	0.00829	0.01161	0.01220	0.01318	0.15586	0.00408	0.00356	0.00094	0.00389	0.00390	0.00226	0.34290
20	0.03852	0.00702	0.01058	0.00795	0.01079	0.00641	0.15359	0.07315	0.01001	0.52975	0.01183	0.01174	0.00803	0.04619	0.00439	0.00122	0.00369	0.00368	0.00365	0.05780

[dist]
# distance from previous block
# <min> <max>
1	1

[block]
# block no. 6 follows, 76 sequences, length 6
# corresponding to MSA columns:
# 193-198
name=unknown_G
#
# <colnr> <probs for GDERKNQSTAVLIFYWHMCP>
#	G	D	E	R	K	N	Q	S	T	A	V	L	I	F	Y	W	H	M	C	P
0	0.00482	0.00346	0.00461	0.00506	0.00556	0.00324	0.00365	0.00593	0.00825	0.01126	0.30404	0.49489	0.02724	0.00989	0.00456	0.00138	0.00210	0.09332	0.00359	0.00316
1	0.01102	0.00709	0.00819	0.00690	0.00887	0.00740	0.00543	0.41110	0.01246	0.16049	0.01357	0.30495	0.01279	0.00680	0.00398	0.00123	0.00319	0.00576	0.00369	0.00507
2	0.00765	0.00557	0.00651	0.00619	0.00733	0.00581	0.00459	0.29079	0.01044	0.01396	0.01615	0.57430	0.01791	0.00898	0.00429	0.00134	0.00276	0.00791	0.00346	0.00406
3	0.00493	0.00364	0.00528	0.00557	0.00607	0.00400	0.00414	0.00600	0.00622	0.00873	0.01327	0.30797	0.01422	0.02181	0.56499	0.00434	0.00712	0.00610	0.00244	0.00314
4	0.14619	0.00610	0.00743	0.00627	0.00826	0.00635	0.00508	0.13035	0.00915	0.31652	0.01054	0.01152	0.00785	0.01212	0.29665	0.00274	0.00546	0.00343	0.00316	0.00483
5	0.05334	0.00730	0.00851	0.00691	0.00927	0.00750	0.00560	0.31884	0.05995	0.30460	0.05312	0.10110	0.01100	0.00545	0.00376	0.00117	0.00324	0.02998	0.00385	0.00550

[dist]
# distance from previous block
# <min> <max>
6	6

[block]
# block no. 7 follows, 76 sequences, length 24
# corresponding to MSA columns:
# 207-230
name=unknown_H
#
# <colnr> <probs for GDERKNQSTAVLIFYWHMCP>
#	G	D	E	R	K	N	Q	S	T	A	V	L	I	F	Y	W	H	M	C	P
0	0.00669	0.00455	0.00571	0.00509	0.00627	0.00438	0.00391	0.09752	0.01103	0.06118	0.71123	0.02434	0.02986	0.00694	0.00418	0.00114	0.00204	0.00606	0.00399	0.00388
1	0.00482	0.00356	0.00451	0.00458	0.00531	0.00324	0.00332	0.00612	0.00907	0.01242	0.50130	0.26347	0.14724	0.00879	0.00439	0.00125	0.00184	0.00778	0.00374	0.00324
2	0.00899	0.55051	0.05813	0.00627	0.00909	0.01155	0.00604	0.08067	0.06724	0.01060	0.01143	0.01158	0.14607	0.00438	0.00292	0.00093	0.00356	0.00320	0.00219	0.00464
3	0.00992	0.15142	0.00900	0.00585	0.00790	0.00815	0.00490	0.31172	0.01132	0.03904	0.07015	0.01200	0.03124	0.00446	0.00311	0.00096	0.00295	0.00345	0.30778	0.00469
4	0.75032	0.00755	0.00627	0.00538	0.00774	0.00867	0.00443	0.14873	0.00801	0.01741	0.00567	0.00638	0.00431	0.00354	0.00248	0.00112	0.00301	0.00219	0.00248	0.00431
5	0.15745	0.49065	0.11737	0.00700	0.00976	0.01211	0.00699	0.01059	0.00694	0.01024	0.00519	0.00640	0.00455	0.00370	0.00394	0.00101	0.13768	0.00223	0.00167	0.00452
6	0.58293	0.15242	0.03596	0.07829	0.00952	0.00942	0.00536	0.06887	0.00729	0.01473	0.00548	0.00647	0.00431	0.00342	0.00252	0.00107	0.00333	0.00219	0.00215	0.00427
7	0.23042	0.00463	0.00513	0.00483	0.00600	0.00492	0.00371	0.00807	0.00773	0.04014	0.29920	0.01743	0.02697	0.07138	0.19136	0.00231	0.00392	0.00444	0.06389	0.00351
8	0.00882	0.00631	0.00679	0.00583	0.00755	0.00676	0.00460	0.25888	0.16283	0.01652	0.15312	0.01619	0.08401	0.00535	0.00352	0.00107	0.00262	0.00438	0.24019	0.00464
9	0.14789	0.00792	0.00924	0.00768	0.00925	0.00952	0.02048	0.25837	0.06652	0.02863	0.01780	0.00923	0.00643	0.00563	0.03367	0.00140	0.27886	0.00319	0.07354	0.00473
10	0.00836	0.00617	0.00738	0.00632	0.00776	0.00672	0.00505	0.16683	0.07248	0.08775	0.24674	0.01972	0.18597	0.00659	0.00534	0.00123	0.14663	0.00516	0.00342	0.00439
11	0.00627	0.00472	0.00551	0.00508	0.00635	0.00467	0.00388	0.02886	0.16788	0.04053	0.48046	0.02524	0.19210	0.00715	0.00414	0.00118	0.00206	0.00616	0.00382	0.00395
12	0.00771	0.00638	0.00738	0.00563	0.00834	0.00542	0.00447	0.06798	0.07953	0.01336	0.14778	0.01141	0.01075	0.00379	0.00311	0.00074	0.00264	0.00314	0.00270	0.60775
13	0.00556	0.00435	0.00516	0.00457	0.00599	0.00379	0.00349	0.03094	0.00947	0.01304	0.45835	0.02551	0.25394	0.00704	0.00400	0.00106	0.00198	0.00604	0.00351	0.15219
14	0.00508	0.00379	0.00512	0.00507	0.00580	0.00400	0.00383	0.00630	0.00707	0.00982	0.17711	0.02073	0.14459	0.08659	0.47855	0.00394	0.00632	0.00510	0.01799	0.00317
15	0.00817	0.34778	0.31306	0.00824	0.01173	0.03914	0.05472	0.01054	0.00740	0.00977	0.00650	0.00814	0.00543	0.00728	0.14572	0.00179	0.00561	0.00268	0.00164	0.00468
16	0.74923	0.00899	0.14695	0.00571	0.00848	0.00820	0.00552	0.01082	0.00643	0.01551	0.00530	0.00620	0.00405	0.00339	0.00245	0.00113	0.00324	0.00209	0.00213	0.00418
17	0.15457	0.00463	0.00577	0.00534	0.00612	0.00482	0.06183	0.00693	0.00604	0.00945	0.01094	0.05350	0.01183	0.48265	0.08910	0.00293	0.00408	0.07427	0.00230	0.00290
18	0.03696	0.00700	0.00869	0.00695	0.00912	0.00712	0.06353	0.23530	0.09076	0.23573	0.02957	0.01524	0.08041	0.14972	0.00620	0.00154	0.00346	0.00426	0.00345	0.00500
19	0.00609	0.00447	0.00538	0.00544	0.00629	0.00443	0.00394	0.14431	0.00920	0.01227	0.11978	0.53172	0.10283	0.00950	0.00440	0.00135	0.00237	0.01919	0.00349	0.00357
20	0.08321	0.00632	0.00706	0.00627	0.04117	0.03931	0.00458	0.02216	0.04412	0.05502	0.01046	0.22005	0.01028	0.00517	0.00330	0.00092	0.00283	0.00438	0.00265	0.43074
21	0.19578	0.00827	0.00841	0.00663	0.00937	0.04100	0.00538	0.27718	0.07358	0.10250	0.00830	0.00849	0.00611	0.00376	0.00310	0.00097	0.00334	0.00278	0.00299	0.23205
22	0.01292	0.00856	0.00960	0.00734	0.01021	0.00881	0.00603	0.50370	0.03266	0.17522	0.00962	0.00946	0.00678	0.00412	0.00345	0.00100	0.00352	0.00318	0.02940	0.15441
23	0.00730	0.00574	0.00630	0.02918	0.00770	0.00583	0.00459	0.21619	0.06936	0.01376	0.05308	0.02657	0.43335	0.00756	0.00415	0.00124	0.00270	0.09785	0.00343	0.00411

[dist]
# distance from previous block
# <min> <max>
1	2

[block]
# block no. 8 follows, 76 sequences, length 17
# corresponding to MSA columns:
# 234-250
name=unknown_I
#
# <colnr> <probs for GDERKNQSTAVLIFYWHMCP>
#	G	D	E	R	K	N	Q	S	T	A	V	L	I	F	Y	W	H	M	C	P
0	0.00650	0.00553	0.00664	0.15452	0.01016	0.05458	0.00572	0.06211	0.00882	0.01104	0.04733	0.07988	0.22457	0.00798	0.00436	0.00137	0.00333	0.29894	0.00301	0.00361
1	0.00955	0.50258	0.02849	0.05680	0.01038	0.16605	0.00665	0.01088	0.00808	0.00911	0.00772	0.01231	0.00749	0.00446	0.00306	0.00099	0.00436	0.14476	0.00193	0.00433
2	0.00576	0.15481	0.00695	0.00470	0.00608	0.00553	0.00374	0.00741	0.06306	0.01048	0.15364	0.10232	0.38252	0.04964	0.02651	0.00139	0.00255	0.00630	0.00309	0.00353
3	0.30945	0.00627	0.00672	0.00553	0.00788	0.00623	0.00451	0.06086	0.00901	0.37791	0.01480	0.01391	0.15255	0.00493	0.00329	0.00114	0.00283	0.00376	0.00350	0.00489
4	0.74516	0.00688	0.00588	0.00507	0.00742	0.00767	0.00418	0.01190	0.00692	0.16115	0.00667	0.00702	0.00481	0.00357	0.00249	0.00112	0.00286	0.00226	0.00264	0.00433
5	0.16929	0.00677	0.00955	0.54391	0.01871	0.00821	0.00822	0.06417	0.00773	0.03564	0.00709	0.00941	0.01847	0.00392	0.00385	0.00120	0.05430	0.00309	0.02227	0.00419
6	0.00998	0.59648	0.03575	0.15492	0.01219	0.01203	0.00695	0.01147	0.00775	0.11332	0.00648	0.00735	0.00523	0.00338	0.00275	0.00090	0.00399	0.00240	0.00193	0.00476
7	0.00551	0.15459	0.00673	0.00446	0.00588	0.00515	0.00363	0.00671	0.00867	0.01095	0.25881	0.04192	0.44139	0.00770	0.00397	0.00114	0.00220	0.02390	0.00324	0.00345
8	0.00848	0.00722	0.00758	0.00681	0.00876	0.00813	0.00530	0.06149	0.65332	0.01469	0.01828	0.01701	0.15588	0.00564	0.00380	0.00122	0.00276	0.00468	0.00364	0.00531
9	0.00850	0.05918	0.40346	0.09351	0.06647	0.06477	0.03091	0.02382	0.16557	0.02592	0.00812	0.00904	0.00605	0.00379	0.00359	0.00114	0.01580	0.00305	0.00208	0.00522
10	0.00796	0.01058	0.19409	0.01049	0.01327	0.05969	0.28316	0.03428	0.06286	0.01105	0.00870	0.06859	0.00762	0.05827	0.08068	0.00178	0.07623	0.00413	0.00206	0.00454
11	0.00651	0.00457	0.00566	0.00577	0.00661	0.00458	0.00424	0.14994	0.00913	0.03278	0.07022	0.57784	0.02097	0.00964	0.00445	0.00140	0.00254	0.07602	0.00348	0.00365
12	0.00920	0.00753	0.01385	0.01054	0.01310	0.00715	0.40602	0.09131	0.00935	0.14207	0.03383	0.21621	0.01131	0.00552	0.00421	0.00125	0.00437	0.00560	0.00285	0.00472
13	0.00815	0.06345	0.00747	0.02796	0.00764	0.06540	0.00459	0.19103	0.02168	0.02601	0.03754	0.19455	0.02476	0.25234	0.04076	0.00202	0.01265	0.00537	0.00280	0.00382
14	0.00769	0.03128	0.07047	0.00855	0.01032	0.14574	0.19656	0.02789	0.00788	0.00984	0.01123	0.23292	0.01181	0.15657	0.01867	0.00170	0.01913	0.02561	0.00235	0.00380
15	0.00603	0.00580	0.00518	0.00546	0.00627	0.15115	0.00390	0.00685	0.00801	0.00952	0.04018	0.45081	0.24718	0.00934	0.00431	0.00131	0.00283	0.02952	0.00313	0.00322
16	0.00630	0.00573	0.00920	0.55507	0.03151	0.00664	0.02982	0.00833	0.00760	0.00965	0.01363	0.04905	0.15346	0.00556	0.00395	0.00127	0.00409	0.09317	0.00218	0.00380

[dist]
# distance from previous block
# <min> <max>
4	10

[block]
# block no. 9 follows, 76 sequences, length 9
# corresponding to MSA columns:
# 261-269
name=unknown_J
#
# <colnr> <probs for GDERKNQSTAVLIFYWHMCP>
#	G	D	E	R	K	N	Q	S	T	A	V	L	I	F	Y	W	H	M	C	P
0	0.00886	0.00620	0.00716	0.00624	0.00788	0.01887	0.01889	0.25287	0.04196	0.08815	0.04186	0.19509	0.14224	0.03318	0.03701	0.03006	0.00325	0.01995	0.02312	0.01714
1	0.00626	0.00626	0.11523	0.00631	0.00761	0.00494	0.00536	0.11871	0.00849	0.01147	0.01627	0.51690	0.01828	0.04922	0.00503	0.00150	0.00298	0.09236	0.00311	0.00371
2	0.04226	0.00855	0.00998	0.02309	0.03608	0.17696	0.14932	0.07979	0.02675	0.01111	0.01052	0.07578	0.01036	0.12860	0.05170	0.00181	0.02145	0.12944	0.00244	0.00401
3	0.12628	0.00874	0.00959	0.12331	0.01218	0.00994	0.00670	0.43630	0.19824	0.01850	0.00930	0.00957	0.00680	0.00426	0.00347	0.00114	0.00371	0.00328	0.00320	0.00551
4	0.01289	0.01026	0.01212	0.00925	0.01218	0.04037	0.11425	0.66152	0.05651	0.02058	0.00874	0.00903	0.00628	0.00420	0.00371	0.00111	0.00431	0.00341	0.00334	0.00593
5	0.05984	0.01057	0.01015	0.00807	0.01076	0.14047	0.00655	0.54684	0.03587	0.12155	0.00890	0.00882	0.00630	0.00425	0.00351	0.00108	0.00419	0.00313	0.00340	0.00575
6	0.12369	0.09067	0.55701	0.00901	0.01344	0.00930	0.01069	0.12302	0.00873	0.01341	0.00650	0.00743	0.00474	0.00354	0.00322	0.00111	0.00473	0.00261	0.00191	0.00523
7	0.00642	0.00733	0.12290	0.14145	0.15482	0.00609	0.05211	0.00822	0.00741	0.01000	0.01392	0.15226	0.11911	0.11971	0.00605	0.00156	0.01880	0.04555	0.00232	0.00399
8	0.00726	0.07551	0.68161	0.00958	0.01418	0.00827	0.01191	0.01093	0.00775	0.01122	0.00814	0.01205	0.00681	0.00432	0.00359	0.00120	0.00500	0.11383	0.00178	0.00505

[dist]
# distance from previous block
# <min> <max>
1	1

[block]
# block no. 10 follows, 76 sequences, length 14
# corresponding to MSA columns:
# 272-285
name=unknown_K
#
# <colnr> <probs for GDERKNQSTAVLIFYWHMCP>
#	G	D	E	R	K	N	Q	S	T	A	V	L	I	F	Y	W	H	M	C	P
0	0.00566	0.00386	0.00485	0.00451	0.00556	0.00348	0.00342	0.00720	0.00991	0.06438	0.63990	0.02777	0.19065	0.00760	0.00425	0.00116	0.00182	0.00661	0.00391	0.00353
1	0.00677	0.00630	0.01071	0.63552	0.05523	0.00740	0.05970	0.00911	0.00789	0.01041	0.14513	0.01255	0.00978	0.00421	0.00378	0.00120	0.00439	0.00385	0.00203	0.00406
2	0.00837	0.00761	0.01862	0.14843	0.01161	0.08779	0.03702	0.12368	0.14111	0.02346	0.01360	0.16233	0.07756	0.00626	0.00443	0.00126	0.05655	0.05174	0.01419	0.00438
3	0.00460	0.00362	0.00420	0.00453	0.00542	0.00322	0.00341	0.00559	0.00804	0.01003	0.06307	0.25115	0.47726	0.00982	0.00449	0.00136	0.00213	0.13156	0.00340	0.00310
4	0.00822	0.00782	0.01293	0.01924	0.71043	0.00772	0.00977	0.01018	0.00828	0.01154	0.01178	0.01328	0.14455	0.00422	0.00371	0.00110	0.00391	0.00397	0.00206	0.00531
5	0.00757	0.01713	0.71526	0.01233	0.15312	0.00847	0.01305	0.01145	0.00777	0.01157	0.00657	0.00789	0.00479	0.00342	0.00348	0.00114	0.00520	0.00278	0.00158	0.00543
6	0.00847	0.01012	0.15180	0.20842	0.38354	0.03328	0.05548	0.03251	0.05943	0.01162	0.00723	0.00918	0.00565	0.00350	0.00362	0.00113	0.00468	0.00323	0.00188	0.00522
7	0.03440	0.00613	0.00884	0.05970	0.00991	0.03442	0.14169	0.03472	0.02855	0.14277	0.09113	0.10444	0.03542	0.02793	0.03334	0.00138	0.02649	0.02569	0.14883	0.00422
8	0.05388	0.00430	0.00410	0.00390	0.00497	0.02307	0.00298	0.05955	0.00819	0.01416	0.01117	0.01270	0.00874	0.00419	0.00261	0.00088	0.00200	0.00328	0.77172	0.00361
9	0.00569	0.00402	0.00539	0.03972	0.00632	0.00453	0.00396	0.00674	0.00616	0.00914	0.03466	0.01654	0.01056	0.24447	0.39173	0.00386	0.05048	0.00419	0.14876	0.00307
10	0.00516	0.00367	0.00452	0.00445	0.00519	0.00338	0.00319	0.00633	0.00872	0.02716	0.45156	0.12599	0.16256	0.15066	0.00667	0.00160	0.00213	0.02037	0.00353	0.00316
11	0.01217	0.02733	0.00873	0.00686	0.00923	0.07504	0.00555	0.34414	0.02250	0.22885	0.02539	0.03526	0.14640	0.00533	0.00369	0.00111	0.00346	0.00422	0.02946	0.00528
12	0.00982	0.01706	0.02365	0.02337	0.23894	0.01723	0.00707	0.18616	0.08433	0.09447	0.02492	0.10308	0.03955	0.00486	0.00364	0.00108	0.00349	0.00418	0.00291	0.11019
13	0.01012	0.50403	0.03855	0.00991	0.16780	0.09617	0.00749	0.06738	0.03215	0.01045	0.00600	0.00700	0.00516	0.00341	0.00301	0.00091	0.02124	0.00242	0.00183	0.00496

[dist]
# distance from previous block
# <min> <max>
8	39

[block]
# block no. 11 follows, 76 sequences, length 6
# corresponding to MSA columns:
# 325-330
name=unknown_L
#
# <colnr> <probs for GDERKNQSTAVLIFYWHMCP>
#	G	D	E	R	K	N	Q	S	T	A	V	L	I	F	Y	W	H	M	C	P
0	0.00922	0.03446	0.08031	0.05518	0.04817	0.03660	0.00606	0.18019	0.13247	0.07342	0.01120	0.03343	0.03250	0.21626	0.00721	0.00171	0.00374	0.00407	0.02919	0.00458
1	0.01083	0.04717	0.08610	0.03130	0.09931	0.03939	0.03744	0.27607	0.16384	0.02971	0.04735	0.02835	0.03149	0.00522	0.00414	0.00128	0.01795	0.03418	0.00320	0.00571
2	0.00733	0.00527	0.00625	0.00562	0.00656	0.00571	0.00410	0.20874	0.00856	0.01167	0.04821	0.01746	0.01124	0.37228	0.26158	0.00351	0.00539	0.00444	0.00256	0.00354
3	0.00755	0.00685	0.01113	0.07309	0.42672	0.00708	0.03084	0.00982	0.04772	0.01097	0.03108	0.04795	0.00829	0.00964	0.21206	0.00226	0.00542	0.00381	0.00206	0.04567
4	0.00554	0.00450	0.00679	0.00927	0.21126	0.00434	0.00527	0.00655	0.00728	0.00991	0.01681	0.65986	0.01958	0.00940	0.00439	0.00138	0.00265	0.00860	0.00299	0.00364
5	0.00678	0.00566	0.00673	0.00530	0.00780	0.00438	0.00408	0.00815	0.00740	0.01122	0.00977	0.21793	0.00993	0.00481	0.00317	0.00077	0.00255	0.00415	0.00245	0.67698

[dist]
# distance from previous block
# <min> <max>
1	1

[block]
# block no. 12 follows, 76 sequences, length 6
# corresponding to MSA columns:
# 333-338
name=unknown_M
#
# <colnr> <probs for GDERKNQSTAVLIFYWHMCP>
#	G	D	E	R	K	N	Q	S	T	A	V	L	I	F	Y	W	H	M	C	P
0	0.71312	0.18752	0.00819	0.00508	0.00751	0.00945	0.00441	0.01073	0.00643	0.01469	0.00506	0.00589	0.00409	0.00332	0.00227	0.00105	0.00304	0.00196	0.00210	0.00409
1	0.15060	0.00865	0.01263	0.06382	0.35945	0.04629	0.08665	0.03572	0.00773	0.01199	0.00617	0.00830	0.00516	0.00395	0.00510	0.00120	0.17674	0.00308	0.00188	0.00488
2	0.00736	0.03788	0.11750	0.00764	0.03545	0.04166	0.03495	0.04478	0.06487	0.01185	0.13947	0.03936	0.07899	0.03761	0.00564	0.00132	0.14073	0.07067	0.07815	0.00415
3	0.00490	0.00593	0.13936	0.00528	0.00680	0.00392	0.00473	0.00634	0.00796	0.01040	0.10861	0.29800	0.36674	0.00881	0.00427	0.00129	0.00248	0.00762	0.00314	0.00343
4	0.00784	0.03882	0.17503	0.05795	0.11011	0.05463	0.10123	0.03403	0.11982	0.01158	0.03254	0.01435	0.15540	0.00556	0.02970	0.00131	0.03888	0.00415	0.00237	0.00470
5	0.00519	0.00444	0.00691	0.00625	0.00733	0.00406	0.13590	0.00640	0.00791	0.01039	0.13170	0.38251	0.22096	0.04639	0.00506	0.00142	0.00269	0.00801	0.00316	0.00332

[dist]
# distance from previous block
# <min> <max>
1	2

[block]
# block no. 13 follows, 76 sequences, length 17
# corresponding to MSA columns:
# 341-357
name=unknown_N
#
# <colnr> <probs for GDERKNQSTAVLIFYWHMCP>
#	G	D	E	R	K	N	Q	S	T	A	V	L	I	F	Y	W	H	M	C	P
0	0.17836	0.04404	0.05483	0.00907	0.09940	0.11128	0.07827	0.07315	0.01731	0.13116	0.05622	0.00958	0.00742	0.00458	0.03149	0.00120	0.00418	0.00309	0.00257	0.08280
1	0.04479	0.11629	0.35393	0.00775	0.01118	0.00802	0.00843	0.06203	0.06112	0.10124	0.17731	0.01223	0.01153	0.00447	0.00348	0.00110	0.00387	0.00358	0.00264	0.00499
2	0.00676	0.00848	0.16963	0.34771	0.11714	0.00709	0.05539	0.00914	0.00752	0.01020	0.00980	0.18563	0.00945	0.00534	0.00389	0.00126	0.00434	0.03489	0.00206	0.00430
3	0.00656	0.00482	0.00632	0.16718	0.00907	0.00539	0.00460	0.07996	0.00685	0.00936	0.00959	0.01704	0.00971	0.42418	0.09155	0.05849	0.03275	0.00429	0.04924	0.00308
4	0.00730	0.00708	0.04941	0.44942	0.03244	0.00737	0.13928	0.00974	0.04244	0.03747	0.00817	0.01252	0.00694	0.16777	0.00654	0.00164	0.00467	0.00381	0.00194	0.00406
5	0.04459	0.00690	0.00890	0.16847	0.01222	0.00688	0.00622	0.15638	0.02501	0.34015	0.05479	0.01112	0.00841	0.00418	0.00349	0.00106	0.00344	0.00340	0.00335	0.13106
6	0.01046	0.00671	0.00789	0.00607	0.00885	0.00604	0.00489	0.08610	0.12778	0.22400	0.01017	0.01010	0.00743	0.00371	0.00315	0.00085	0.00287	0.00299	0.06097	0.40899
7	0.00734	0.01647	0.69358	0.00942	0.01439	0.00776	0.01170	0.01106	0.00765	0.01157	0.00651	0.00765	0.00475	0.00331	0.00331	0.00104	0.00486	0.00259	0.00165	0.17340
8	0.00522	0.00652	0.16454	0.00529	0.00715	0.00414	0.00498	0.00678	0.00812	0.03068	0.07461	0.16525	0.48680	0.00826	0.00418	0.00125	0.00257	0.00700	0.00309	0.00358
9	0.00455	0.00339	0.00432	0.00493	0.00543	0.00316	0.00349	0.00536	0.00728	0.00946	0.02297	0.57682	0.20155	0.01181	0.05786	0.00171	0.00261	0.06701	0.00328	0.00302
10	0.00512	0.00348	0.00411	0.00427	0.00434	0.00347	0.00255	0.00531	0.00563	0.00754	0.01298	0.18318	0.01504	0.66486	0.06030	0.00326	0.00358	0.00617	0.00241	0.00240
11	0.00985	0.03226	0.04564	0.04031	0.02253	0.29524	0.24389	0.05833	0.00885	0.01027	0.00744	0.01106	0.00663	0.16774	0.00663	0.00155	0.02202	0.00357	0.00199	0.00421
12	0.00868	0.00851	0.00806	0.00614	0.00911	0.16602	0.00482	0.01016	0.00806	0.01129	0.00630	0.00735	0.00525	0.00289	0.00280	0.00061	0.00342	0.00219	0.00210	0.72624
13	0.00852	0.05177	0.21977	0.03596	0.01420	0.02236	0.26793	0.06033	0.00866	0.03985	0.03825	0.02401	0.00672	0.00359	0.00369	0.00105	0.01473	0.00341	0.00210	0.17311
14	0.00701	0.00560	0.00886	0.00817	0.06124	0.00532	0.16159	0.07113	0.00869	0.06765	0.04785	0.36108	0.15496	0.00780	0.00430	0.00130	0.00316	0.00718	0.00310	0.00399
15	0.00507	0.00368	0.00420	0.00429	0.00513	0.00330	0.00305	0.00589	0.00769	0.04254	0.08038	0.18909	0.42600	0.15188	0.03044	0.00178	0.00246	0.02684	0.00323	0.00306
16	0.66211	0.00647	0.00535	0.00477	0.00687	0.00719	0.00388	0.03938	0.00714	0.04893	0.01157	0.01176	0.16376	0.00456	0.00274	0.00114	0.00268	0.00316	0.00260	0.00394

[dist]
# distance from previous block
# <min> <max>
1	1

[block]
# block no. 14 follows, 76 sequences, length 10
# corresponding to MSA columns:
# 360-369
name=unknown_O
#
# <colnr> <probs for GDERKNQSTAVLIFYWHMCP>
#	G	D	E	R	K	N	Q	S	T	A	V	L	I	F	Y	W	H	M	C	P
0	0.09051	0.10512	0.63017	0.00928	0.01395	0.00922	0.01135	0.06908	0.00816	0.01245	0.00639	0.00739	0.00466	0.00347	0.00324	0.00111	0.00489	0.00258	0.00175	0.00522
1	0.02939	0.04091	0.20973	0.00736	0.00983	0.08455	0.00699	0.15305	0.02820	0.05711	0.02523	0.01199	0.00796	0.12968	0.14795	0.00221	0.00521	0.00346	0.03469	0.00449
2	0.02724	0.12973	0.08497	0.00705	0.00972	0.07950	0.04564	0.14603	0.00955	0.01288	0.05792	0.06729	0.06356	0.00467	0.00335	0.00097	0.00365	0.02257	0.01865	0.20506
3	0.41129	0.00802	0.00744	0.00596	0.00862	0.04256	0.00485	0.20110	0.00924	0.01629	0.00632	0.00703	0.00489	0.00343	0.00273	0.00095	0.00320	0.00234	0.00253	0.25122
4	0.09649	0.00388	0.00434	0.00445	0.00538	0.00366	0.00325	0.00619	0.00823	0.01164	0.25334	0.27880	0.28993	0.00876	0.00419	0.00127	0.00199	0.00757	0.00343	0.00322
5	0.00892	0.05450	0.01200	0.00900	0.01103	0.05139	0.16036	0.13869	0.00877	0.01213	0.00781	0.09681	0.00722	0.00496	0.00578	0.00116	0.23076	0.00383	0.00226	0.17263
6	0.02369	0.18747	0.33290	0.02932	0.04821	0.02433	0.07131	0.04895	0.03226	0.06896	0.00695	0.00808	0.00531	0.00381	0.00418	0.00112	0.09324	0.00286	0.00196	0.00510
7	0.00621	0.00546	0.09246	0.00617	0.00748	0.00419	0.00543	0.00770	0.00799	0.07873	0.01981	0.30507	0.11431	0.00926	0.00454	0.00146	0.00296	0.31389	0.00327	0.00363
8	0.00595	0.00395	0.00464	0.00476	0.00565	0.00383	0.00352	0.00796	0.08297	0.04273	0.13839	0.28565	0.14356	0.00802	0.00397	0.00123	0.00209	0.04792	0.19969	0.00352
9	0.00835	0.00639	0.00780	0.00745	0.05028	0.03732	0.03282	0.12343	0.13927	0.06361	0.04989	0.06482	0.04727	0.10022	0.10076	0.04105	0.01629	0.09575	0.00298	0.00426

[dist]
# distance from previous block
# <min> <max>
1	1

[block]
# block no. 15 follows, 76 sequences, length 19
# corresponding to MSA columns:
# 372-390
name=unknown_P
#
# <colnr> <probs for GDERKNQSTAVLIFYWHMCP>
#	G	D	E	R	K	N	Q	S	T	A	V	L	I	F	Y	W	H	M	C	P
0	0.01264	0.00808	0.00914	0.00733	0.00975	0.00855	0.00592	0.50001	0.03726	0.19373	0.01182	0.13719	0.00963	0.00544	0.00376	0.00115	0.00344	0.00442	0.02510	0.00562
1	0.00597	0.00473	0.00503	0.00461	0.00603	0.00446	0.00355	0.14225	0.00992	0.01251	0.12721	0.06185	0.58199	0.00828	0.00420	0.00120	0.00219	0.00692	0.00349	0.00362
2	0.02339	0.01734	0.01819	0.03940	0.02587	0.07017	0.05597	0.22461	0.02048	0.10675	0.01443	0.07201	0.13331	0.00647	0.00479	0.06518	0.01829	0.07579	0.00305	0.00452
3	0.04513	0.00870	0.06883	0.12399	0.48534	0.00819	0.00979	0.05783	0.00883	0.13667	0.00791	0.00936	0.00600	0.00356	0.00355	0.00111	0.00420	0.00321	0.00228	0.00553
4	0.06755	0.00615	0.00759	0.00818	0.13196	0.01533	0.00542	0.02400	0.22219	0.08859	0.28577	0.05005	0.06063	0.00580	0.00384	0.00117	0.00270	0.00499	0.00344	0.00466
5	0.09799	0.62811	0.01576	0.00637	0.00919	0.04437	0.00595	0.01225	0.13105	0.01032	0.00652	0.00701	0.00554	0.00343	0.00256	0.00089	0.00373	0.00228	0.00195	0.00474
6	0.00587	0.13282	0.00693	0.00522	0.00636	0.00543	0.00405	0.02330	0.06864	0.01070	0.13115	0.33532	0.17442	0.00917	0.03588	0.00143	0.00269	0.03388	0.00316	0.00358
7	0.00848	0.57829	0.13708	0.00666	0.00956	0.02621	0.00676	0.00999	0.00740	0.00912	0.00798	0.16204	0.00815	0.00466	0.00293	0.00096	0.00383	0.00357	0.00189	0.00445
8	0.06506	0.13250	0.00657	0.00517	0.00608	0.00506	0.00384	0.00644	0.00704	0.00975	0.01704	0.62321	0.05182	0.00926	0.00406	0.00131	0.00243	0.00816	0.00299	0.03222
9	0.00640	0.00578	0.00945	0.67900	0.02070	0.00701	0.00857	0.00839	0.00709	0.00914	0.00880	0.13794	0.00825	0.06287	0.00478	0.00141	0.00435	0.00442	0.00191	0.00375
10	0.07330	0.00762	0.00901	0.15452	0.04479	0.03984	0.01615	0.12414	0.09904	0.04450	0.00811	0.02534	0.00639	0.00367	0.00321	0.00093	0.00353	0.00298	0.00252	0.33042
