[name]
unknown

[dist]
# distance from previous block
# <min> <max>
0	43

[block]
# block no. 0 follows, 79 sequences, length 7
# corresponding to MSA columns:
# 44-50
name=unknown_A
#
# <colnr> <probs for GDERKNQSTAVLIFYWHMCP>
#	G	D	E	R	K	N	Q	S	T	A	V	L	I	F	Y	W	H	M	C	P
0	0.03614	0.00366	0.00428	0.00443	0.00515	0.00354	0.00318	0.03608	0.00800	0.01166	0.20445	0.35220	0.10104	0.03007	0.00422	0.00124	0.00198	0.00699	0.17851	0.00319
1	0.00620	0.03130	0.02408	0.00504	0.00638	0.00486	0.00403	0.10154	0.06006	0.01354	0.41156	0.05532	0.20091	0.00701	0.00397	0.00113	0.00220	0.02929	0.02782	0.00374
2	0.00467	0.00341	0.00389	0.00411	0.00472	0.00313	0.00284	0.00540	0.00711	0.00929	0.06839	0.24057	0.32290	0.20836	0.00733	0.00175	0.00226	0.03830	0.05877	0.00280
3	0.00937	0.03326	0.00847	0.00622	0.00909	0.08562	0.00500	0.13852	0.06091	0.05625	0.00738	0.00795	0.00578	0.00319	0.00290	0.00072	0.00322	0.00246	0.00248	0.55123
4	0.01168	0.00910	0.00945	0.00753	0.01013	0.05213	0.00609	0.47375	0.21602	0.05271	0.00971	0.00950	0.00710	0.00416	0.00342	0.00102	0.00356	0.00322	0.00333	0.10641
5	0.04060	0.05237	0.01034	0.00809	0.02477	0.15238	0.12707	0.19382	0.02291	0.06633	0.13181	0.03588	0.07922	0.00487	0.00373	0.00107	0.01761	0.00408	0.01853	0.00453
6	0.00504	0.00375	0.00552	0.00552	0.00610	0.00433	0.00423	0.00620	0.00562	0.00808	0.00957	0.01457	0.00913	0.09316	0.79588	0.00549	0.00897	0.00388	0.00191	0.00307

[dist]
# distance from previous block
# <min> <max>
9	30

[block]
# block no. 1 follows, 79 sequences, length 6
# corresponding to MSA columns:
# 89-94
name=unknown_B
#
# <colnr> <probs for GDERKNQSTAVLIFYWHMCP>
#	G	D	E	R	K	N	Q	S	T	A	V	L	I	F	Y	W	H	M	C	P
0	0.00732	0.17997	0.16487	0.05489	0.03120	0.05081	0.00668	0.02819	0.05601	0.00966	0.02927	0.03657	0.06192	0.08819	0.12268	0.03257	0.02956	0.00361	0.00203	0.00401
1	0.03792	0.07666	0.24692	0.00781	0.02455	0.07323	0.05203	0.05780	0.02599	0.06791	0.01375	0.06943	0.16857	0.00532	0.00381	0.00113	0.02899	0.03134	0.00243	0.00443
2	0.00619	0.09003	0.00780	0.00649	0.02696	0.02833	0.05732	0.00755	0.00788	0.01018	0.07660	0.08532	0.17598	0.03541	0.00475	0.00133	0.02770	0.28061	0.00280	0.06078
3	0.00768	0.08350	0.09336	0.03547	0.00960	0.05407	0.07571	0.04127	0.02625	0.06403	0.03984	0.16919	0.08636	0.01747	0.00427	0.00116	0.05246	0.03143	0.02699	0.07988
4	0.00955	0.21411	0.12045	0.03182	0.04233	0.09380	0.04997	0.08893	0.06089	0.08661	0.03309	0.00987	0.03499	0.00555	0.06260	0.00134	0.04398	0.00311	0.00229	0.00472
5	0.04724	0.05275	0.12208	0.05255	0.01090	0.15287	0.02962	0.08738	0.02164	0.08049	0.00794	0.00940	0.02253	0.00531	0.05928	0.00128	0.04916	0.01973	0.00225	0.16562

[dist]
# distance from previous block
# <min> <max>
13	31

[block]
# block no. 2 follows, 79 sequences, length 13
# corresponding to MSA columns:
# 128-140
name=unknown_C
#
# <colnr> <probs for GDERKNQSTAVLIFYWHMCP>
#	G	D	E	R	K	N	Q	S	T	A	V	L	I	F	Y	W	H	M	C	P
0	0.00649	0.00391	0.00535	0.00552	0.04081	0.00404	0.00357	0.03580	0.06286	0.00767	0.00765	0.01275	0.00753	0.14828	0.03261	0.60424	0.00332	0.00348	0.00186	0.00227
1	0.00907	0.52009	0.16706	0.00804	0.06186	0.07760	0.02496	0.01078	0.00750	0.02493	0.00615	0.03634	0.00550	0.02303	0.00309	0.00095	0.00422	0.00255	0.00168	0.00460
2	0.05285	0.00783	0.00848	0.06100	0.02712	0.14986	0.00585	0.02459	0.00940	0.48158	0.04123	0.02543	0.00885	0.00461	0.00386	0.00111	0.04105	0.03684	0.00340	0.00509
3	0.00580	0.00396	0.00495	0.00519	0.00607	0.00379	0.00396	0.00745	0.07302	0.06798	0.07168	0.31366	0.19672	0.00918	0.00466	0.03184	0.00238	0.18098	0.00334	0.00337
4	0.02175	0.05864	0.33758	0.07845	0.02319	0.00723	0.00843	0.07263	0.01866	0.14711	0.07908	0.04584	0.05039	0.00446	0.00347	0.00109	0.00389	0.00364	0.00252	0.03195
5	0.03013	0.06296	0.10006	0.09878	0.11124	0.00794	0.10054	0.02117	0.00746	0.08586	0.00817	0.06702	0.00717	0.00504	0.02254	0.00126	0.14934	0.03727	0.00211	0.07393
6	0.00812	0.00865	0.01050	0.00869	0.01031	0.21886	0.23586	0.02583	0.00798	0.00967	0.01082	0.17398	0.04304	0.11451	0.03190	0.00157	0.03478	0.00494	0.03627	0.00372
7	0.00574	0.00314	0.00441	0.00448	0.00463	0.00309	0.00301	0.00482	0.00518	0.00692	0.01010	0.09147	0.07266	0.06562	0.02995	0.64914	0.00299	0.00417	0.02659	0.00188
8	0.05048	0.03689	0.16651	0.22516	0.13224	0.11545	0.11956	0.02952	0.00818	0.07314	0.00685	0.00847	0.00512	0.00343	0.00343	0.00109	0.00483	0.00300	0.00191	0.00473
9	0.00589	0.00487	0.00742	0.00676	0.00733	0.00588	0.05013	0.00684	0.00563	0.00818	0.00808	0.01248	0.00769	0.06179	0.51908	0.07774	0.19557	0.00365	0.00179	0.00320
10	0.00530	0.00389	0.00455	0.00447	0.00553	0.00353	0.00340	0.03904	0.00884	0.04112	0.26126	0.13355	0.39504	0.00841	0.00421	0.00122	0.00202	0.06784	0.00349	0.00331
11	0.00504	0.00366	0.00502	0.00502	0.00555	0.00404	0.00370	0.00600	0.00577	0.00813	0.01184	0.01742	0.07262	0.21799	0.57831	0.00466	0.00725	0.00434	0.03074	0.00291
12	0.00919	0.17239	0.23777	0.05547	0.13103	0.04439	0.07955	0.06673	0.09743	0.06188	0.00757	0.00847	0.00574	0.00352	0.00329	0.00104	0.00441	0.00293	0.00210	0.00512

[dist]
# distance from previous block
# <min> <max>
7	11

[block]
# block no. 3 follows, 79 sequences, length 12
# corresponding to MSA columns:
# 155-166
name=unknown_D
#
# <colnr> <probs for GDERKNQSTAVLIFYWHMCP>
#	G	D	E	R	K	N	Q	S	T	A	V	L	I	F	Y	W	H	M	C	P
0	0.00756	0.17989	0.66593	0.00948	0.01421	0.00930	0.04517	0.01105	0.00742	0.01063	0.00609	0.00719	0.00451	0.00327	0.00318	0.00105	0.00497	0.00253	0.00150	0.00506
1	0.00534	0.00409	0.00532	0.00543	0.00590	0.00446	0.00395	0.02012	0.05740	0.00916	0.03420	0.32722	0.04124	0.15400	0.21223	0.00274	0.06961	0.03181	0.00266	0.00313
2	0.00807	0.00624	0.00739	0.00531	0.00841	0.00474	0.00427	0.00961	0.00756	0.08687	0.00695	0.00773	0.00553	0.00277	0.00269	0.00057	0.00264	0.00222	0.00229	0.81815
3	0.00441	0.00316	0.00419	0.00483	0.00514	0.00294	0.00328	0.00520	0.00729	0.00986	0.15965	0.73115	0.02498	0.01040	0.00444	0.00138	0.00198	0.00941	0.00337	0.00294
4	0.00610	0.00394	0.00492	0.00477	0.00578	0.00374	0.00369	0.00799	0.04946	0.07319	0.41412	0.08545	0.10023	0.00726	0.00400	0.00117	0.00205	0.10881	0.10979	0.00355
5	0.00618	0.00390	0.00468	0.00453	0.00571	0.00342	0.00346	0.00729	0.00850	0.13721	0.17402	0.15514	0.40036	0.00831	0.00417	0.00123	0.00208	0.06280	0.00354	0.00349
6	0.00907	0.00742	0.00775	0.00691	0.00881	0.03967	0.00537	0.06077	0.61641	0.06327	0.09033	0.04559	0.01267	0.00514	0.00365	0.00117	0.00286	0.00429	0.00358	0.00526
7	0.00592	0.00947	0.32400	0.00752	0.01014	0.00554	0.06917	0.00836	0.00806	0.01124	0.18314	0.13641	0.09638	0.00644	0.00399	0.00123	0.00355	0.10279	0.00262	0.00403
8	0.00915	0.00903	0.04828	0.00765	0.01059	0.14759	0.12364	0.01088	0.00808	0.08348	0.00686	0.00788	0.00537	0.00312	0.00331	0.00079	0.02998	0.00259	0.00215	0.47957
9	0.01038	0.03316	0.00822	0.00638	0.00858	0.03136	0.00516	0.21309	0.06585	0.19647	0.14629	0.03561	0.03090	0.00524	0.01735	0.00110	0.02976	0.01332	0.00334	0.13845
10	0.00735	0.12054	0.06742	0.00573	0.00708	0.02764	0.00481	0.05653	0.07912	0.02148	0.04145	0.01405	0.07361	0.02875	0.00815	0.37908	0.00328	0.04853	0.00219	0.00321
11	0.04268	0.01008	0.00780	0.00743	0.02931	0.36339	0.00542	0.06170	0.07537	0.04099	0.04238	0.19436	0.04020	0.04398	0.00435	0.00121	0.01811	0.00463	0.00261	0.00400

[dist]
# distance from previous block
# <min> <max>
5	49

[block]
# block no. 4 follows, 79 sequences, length 9
# corresponding to MSA columns:
# 220-228
name=unknown_E
#
# <colnr> <probs for GDERKNQSTAVLIFYWHMCP>
#	G	D	E	R	K	N	Q	S	T	A	V	L	I	F	Y	W	H	M	C	P
0	0.00918	0.00950	0.17986	0.02101	0.13373	0.07235	0.04131	0.05564	0.01954	0.15537	0.10257	0.07329	0.02339	0.00502	0.00409	0.00115	0.04633	0.03921	0.00268	0.00477
1	0.00921	0.00905	0.05196	0.13032	0.41561	0.06980	0.08064	0.03081	0.07234	0.06687	0.00759	0.00918	0.00591	0.00351	0.00370	0.00109	0.02194	0.00323	0.00207	0.00516
2	0.00629	0.00445	0.00562	0.00547	0.00635	0.00474	0.00408	0.04318	0.11443	0.05379	0.05400	0.16370	0.04922	0.14387	0.28914	0.00304	0.00493	0.03736	0.00278	0.00353
3	0.00827	0.00609	0.04089	0.00649	0.03997	0.03520	0.00504	0.07638	0.07401	0.11831	0.07238	0.05591	0.01178	0.08053	0.08945	0.00176	0.04382	0.06665	0.16295	0.00411
4	0.00810	0.11499	0.47311	0.01118	0.05669	0.04206	0.20251	0.03100	0.00796	0.01104	0.00638	0.00776	0.00477	0.00324	0.00341	0.00108	0.00517	0.00291	0.00163	0.00502
5	0.00528	0.00410	0.00537	0.00538	0.00617	0.00407	0.02768	0.00659	0.03723	0.03193	0.10378	0.35387	0.23492	0.00902	0.00486	0.00134	0.06500	0.08694	0.00320	0.00328
6	0.01080	0.00478	0.00638	0.00546	0.00721	0.00423	0.00427	0.01205	0.00917	0.47398	0.15055	0.20042	0.04504	0.00640	0.00382	0.00116	0.00248	0.00552	0.04162	0.00467
7	0.00485	0.00335	0.00397	0.00419	0.00433	0.00329	0.00256	0.00511	0.00572	0.00760	0.01445	0.24990	0.05622	0.56879	0.04820	0.00287	0.00322	0.00649	0.00248	0.00241
8	0.15442	0.17571	0.39530	0.00814	0.04511	0.03460	0.00871	0.01045	0.00725	0.01136	0.02803	0.02954	0.00595	0.00420	0.02524	0.00115	0.00430	0.00271	0.04324	0.00458

[dist]
# distance from previous block
# <min> <max>
0	1

[block]
# block no. 5 follows, 79 sequences, length 24
# corresponding to MSA columns:
# 230-253
name=unknown_F
#
# <colnr> <probs for GDERKNQSTAVLIFYWHMCP>
#	G	D	E	R	K	N	Q	S	T	A	V	L	I	F	Y	W	H	M	C	P
0	0.00468	0.00328	0.00421	0.00469	0.00489	0.00322	0.00309	0.00519	0.00618	0.00828	0.01581	0.49049	0.01850	0.29322	0.08506	0.00246	0.00319	0.03813	0.00278	0.00267
1	0.15985	0.01222	0.28062	0.08823	0.16373	0.11212	0.11269	0.01114	0.00768	0.01153	0.00613	0.00768	0.00469	0.00330	0.00327	0.00109	0.00479	0.00278	0.00173	0.00473
2	0.00536	0.00386	0.00472	0.00440	0.00535	0.00358	0.00328	0.03713	0.00954	0.02877	0.59888	0.02658	0.18109	0.06593	0.00505	0.00128	0.00191	0.00632	0.00365	0.00333
3	0.00731	0.00626	0.00731	0.00522	0.00835	0.00470	0.00418	0.00887	0.00731	0.01148	0.00626	0.00731	0.00522	0.00261	0.00261	0.00052	0.00261	0.00209	0.00209	0.89768
4	0.00601	0.00410	0.00502	0.00485	0.00595	0.00384	0.00374	0.03334	0.03616	0.07880	0.31949	0.11867	0.24514	0.00836	0.02262	0.00132	0.00228	0.09322	0.00356	0.00354
5	0.00491	0.00341	0.00402	0.00416	0.00439	0.00331	0.00261	0.00530	0.00618	0.00823	0.09789	0.17120	0.07856	0.54336	0.02669	0.00268	0.00298	0.02503	0.00261	0.00248
6	0.01094	0.00954	0.01422	0.03736	0.01400	0.04105	0.32821	0.39546	0.03922	0.04011	0.00814	0.00920	0.00595	0.00426	0.02466	0.00122	0.00487	0.00357	0.00272	0.00530
7	0.00458	0.00352	0.00418	0.00456	0.00525	0.00324	0.00328	0.00570	0.03558	0.00961	0.05919	0.40209	0.31938	0.05049	0.00500	0.00143	0.00212	0.07455	0.00325	0.00301
8	0.00479	0.00355	0.00457	0.00463	0.00528	0.00336	0.00337	0.00602	0.00862	0.01186	0.48059	0.27007	0.11083	0.02517	0.00472	0.00127	0.02391	0.02071	0.00354	0.00315
9	0.00871	0.00930	0.04877	0.02601	0.37029	0.17343	0.00788	0.05428	0.00903	0.01156	0.11622	0.02496	0.09389	0.00450	0.00357	0.00104	0.00402	0.00386	0.00229	0.02640
10	0.00911	0.01375	0.39441	0.09974	0.05585	0.11392	0.00996	0.13158	0.09894	0.02820	0.00753	0.00842	0.00552	0.00369	0.00341	0.00109	0.00476	0.00289	0.00212	0.00512
11	0.00803	0.00695	0.00959	0.00689	0.01006	0.00569	0.13371	0.05334	0.00803	0.03628	0.00673	0.00784	0.00538	0.00280	0.00292	0.00067	0.00320	0.00251	0.00218	0.68718
12	0.00467	0.00339	0.00434	0.00488	0.00531	0.00320	0.00336	0.03418	0.00750	0.01000	0.10349	0.70393	0.07801	0.01028	0.00441	0.00137	0.00205	0.00925	0.00334	0.00303
13	0.06191	0.00536	0.00631	0.00519	0.00712	0.00517	0.00418	0.10061	0.00951	0.37767	0.03301	0.01206	0.00889	0.00426	0.00307	0.00098	0.00253	0.00338	0.34400	0.00477
14	0.00775	0.00744	0.00946	0.00778	0.00977	0.09872	0.18635	0.01162	0.23399	0.04007	0.10167	0.02856	0.23033	0.00565	0.00388	0.00115	0.00348	0.00503	0.00297	0.00432
15	0.01084	0.00609	0.00740	0.00638	0.00828	0.00612	0.00503	0.15587	0.14789	0.31928	0.03530	0.21692	0.01311	0.00628	0.00384	0.00120	0.00287	0.03853	0.00378	0.00501
16	0.00471	0.00342	0.00478	0.00515	0.00553	0.00362	0.00368	0.00556	0.00611	0.00843	0.01412	0.40449	0.01575	0.09749	0.39590	0.00354	0.00554	0.00673	0.00254	0.00293
17	0.16545	0.00859	0.00960	0.09799	0.01148	0.03520	0.02606	0.42147	0.01194	0.11593	0.00791	0.00842	0.00566	0.00407	0.00377	0.00111	0.05419	0.00298	0.00298	0.00519
18	0.00663	0.00478	0.00671	0.00638	0.00745	0.00485	0.06358	0.03628	0.06190	0.06278	0.08838	0.25608	0.03947	0.00795	0.00458	0.00134	0.04492	0.22274	0.06953	0.00369
19	0.70107	0.00727	0.00609	0.00524	0.00747	0.02308	0.00429	0.12467	0.00780	0.04469	0.03681	0.00708	0.00537	0.00359	0.00250	0.00108	0.00292	0.00231	0.00249	0.00418
20	0.00788	0.00749	0.01259	0.36519	0.49106	0.00816	0.01024	0.01032	0.03313	0.01059	0.00672	0.00913	0.00538	0.00335	0.00351	0.00110	0.00435	0.00316	0.00173	0.00490
21	0.01143	0.00861	0.00970	0.00824	0.07487	0.03259	0.00620	0.47277	0.01286	0.07225	0.03918	0.00904	0.00692	0.00386	0.00332	0.00093	0.00353	0.00303	0.00307	0.21760
22	0.01139	0.00988	0.00933	0.00780	0.01009	0.13754	0.00618	0.38151	0.33644	0.01695	0.01034	0.01028	0.00777	0.02361	0.00382	0.00114	0.00382	0.00339	0.00326	0.00546
23	0.32276	0.00807	0.00802	0.00644	0.00897	0.04681	0.00529	0.29087	0.01083	0.24655	0.00857	0.00838	0.00591	0.00391	0.00305	0.00107	0.00335	0.00279	0.00321	0.00515

[dist]
# distance from previous block
# <min> <max>
0	1

[block]
# block no. 6 follows, 79 sequences, length 26
# corresponding to MSA columns:
# 255-280
name=unknown_G
#
# <colnr> <probs for GDERKNQSTAVLIFYWHMCP>
#	G	D	E	R	K	N	Q	S	T	A	V	L	I	F	Y	W	H	M	C	P
0	0.00434	0.00323	0.00396	0.00450	0.00494	0.00294	0.00305	0.00500	0.00703	0.00911	0.04465	0.59190	0.22083	0.07058	0.00534	0.00150	0.00207	0.00897	0.00321	0.00285
1	0.00481	0.00360	0.00447	0.00425	0.00516	0.00325	0.00319	0.00631	0.00956	0.01314	0.67623	0.02796	0.20994	0.00758	0.00416	0.00113	0.00169	0.00660	0.00375	0.00325
2	0.00459	0.00357	0.00418	0.00406	0.00503	0.00315	0.00303	0.00587	0.00899	0.01188	0.45620	0.05737	0.40319	0.00811	0.00417	0.00116	0.00173	0.00697	0.00359	0.00315
3	0.00947	0.79773	0.05952	0.00636	0.00943	0.05116	0.00641	0.01074	0.00730	0.00845	0.00499	0.00577	0.00452	0.00306	0.00236	0.00078	0.00395	0.00194	0.00152	0.00454
4	0.00463	0.00354	0.00407	0.00424	0.00511	0.00317	0.00317	0.00566	0.00798	0.01028	0.15600	0.15564	0.43173	0.05430	0.00495	0.00137	0.00205	0.10166	0.03744	0.00301
5	0.71622	0.08604	0.05137	0.00531	0.00773	0.04139	0.00469	0.03294	0.00662	0.01479	0.00510	0.00591	0.00400	0.00329	0.00232	0.00105	0.00312	0.00199	0.00211	0.00402
6	0.09818	0.11963	0.01016	0.00703	0.00936	0.05363	0.00589	0.23154	0.02645	0.28008	0.00894	0.00905	0.00641	0.01655	0.00433	0.00111	0.10039	0.00299	0.00307	0.00520
7	0.03346	0.13244	0.01105	0.05505	0.02509	0.07053	0.02472	0.36245	0.04091	0.16701	0.00875	0.00888	0.00629	0.00395	0.00327	0.00102	0.00384	0.00301	0.03293	0.00534
8	0.29537	0.00603	0.01869	0.04707	0.07074	0.01384	0.00476	0.04187	0.07841	0.02602	0.16846	0.04507	0.05664	0.08271	0.02913	0.00146	0.00303	0.00408	0.00271	0.00390
9	0.00800	0.00482	0.00550	0.00498	0.00639	0.00487	0.00384	0.03158	0.18460	0.14103	0.16198	0.06202	0.08640	0.00561	0.00344	0.00106	0.00218	0.00472	0.27280	0.00420
10	0.01165	0.01031	0.01073	0.06673	0.08319	0.15307	0.03385	0.42575	0.13996	0.01666	0.00850	0.00894	0.00633	0.00403	0.00349	0.00106	0.00428	0.00317	0.00291	0.00540
11	0.00490	0.00360	0.00459	0.00434	0.00521	0.00329	0.00325	0.00648	0.00976	0.01363	0.76302	0.02716	0.12284	0.00739	0.00416	0.00112	0.00168	0.00649	0.00381	0.00329
12	0.00930	0.09227	0.00923	0.00720	0.00934	0.04318	0.00574	0.07089	0.67973	0.01436	0.01270	0.01185	0.00960	0.00453	0.00344	0.00113	0.00310	0.00366	0.00331	0.00544
13	0.04182	0.00616	0.00712	0.00530	0.00815	0.00497	0.00423	0.00971	0.05263	0.05302	0.06640	0.00912	0.00760	0.00316	0.00280	0.00065	0.00258	0.00255	0.00241	0.70962
14	0.00438	0.00358	0.00387	0.00380	0.00489	0.00307	0.00285	0.00548	0.00854	0.01073	0.24991	0.03193	0.63776	0.00847	0.00416	0.00117	0.00175	0.00716	0.00343	0.00307
15	0.00575	0.00468	0.00507	0.00492	0.00593	0.03470	0.00365	0.09479	0.00882	0.01133	0.15377	0.25163	0.33419	0.02230	0.02095	0.00135	0.02243	0.00711	0.00326	0.00337
16	0.01019	0.67038	0.03522	0.00679	0.00959	0.19969	0.00636	0.01134	0.00779	0.00843	0.00505	0.00585	0.00453	0.00316	0.00249	0.00080	0.00437	0.00198	0.00157	0.00444
17	0.90103	0.00682	0.00518	0.00463	0.00682	0.00791	0.00382	0.01036	0.00600	0.01581	0.00491	0.00573	0.00382	0.00327	0.00218	0.00109	0.00273	0.00191	0.00218	0.00382
18	0.00790	0.00672	0.00780	0.03049	0.10216	0.04249	0.00556	0.10905	0.22992	0.02585	0.20806	0.01780	0.14676	0.00571	0.00408	0.00114	0.03602	0.00475	0.00320	0.00453
19	0.00464	0.00352	0.00414	0.00410	0.00501	0.00313	0.00303	0.00588	0.00876	0.01170	0.40635	0.12278	0.35609	0.00820	0.00414	0.00117	0.00175	0.00709	0.03538	0.00313
20	0.00567	0.00459	0.00727	0.00634	0.00758	0.00422	0.15033	0.00704	0.00815	0.04229	0.22152	0.24650	0.18312	0.05112	0.00494	0.00136	0.00274	0.03867	0.00314	0.00342
21	0.00922	0.01672	0.01142	0.11863	0.29829	0.04479	0.04157	0.15528	0.10684	0.02522	0.00802	0.00963	0.00638	0.02007	0.04580	0.00132	0.01864	0.00324	0.00232	0.05662
22	0.02566	0.02454	0.01342	0.01592	0.45319	0.14614	0.10205	0.07472	0.05023	0.02516	0.00703	0.00854	0.00565	0.00343	0.00360	0.00105	0.01918	0.00311	0.00203	0.01537
23	0.41024	0.00623	0.00615	0.00524	0.00721	0.00675	0.00421	0.11435	0.00813	0.16935	0.00843	0.00972	0.00649	0.06258	0.06477	0.00154	0.00333	0.00286	0.09816	0.00427
24	0.00823	0.00594	0.00679	0.04866	0.00805	0.02928	0.00471	0.18721	0.03702	0.09251	0.21559	0.04451	0.18159	0.03724	0.00468	0.00121	0.04332	0.00509	0.03419	0.00417
25	0.02660	0.00468	0.00645	0.02885	0.07920	0.00473	0.02777	0.03911	0.00796	0.02865	0.18405	0.11524	0.06812	0.14803	0.04127	0.00178	0.02314	0.13245	0.02845	0.00347

[dist]
# distance from previous block
# <min> <max>
0	2

[block]
# block no. 7 follows, 79 sequences, length 17
# corresponding to MSA columns:
# 283-299
name=unknown_H
#
# <colnr> <probs for GDERKNQSTAVLIFYWHMCP>
#	G	D	E	R	K	N	Q	S	T	A	V	L	I	F	Y	W	H	M	C	P
0	0.00868	0.00828	0.01315	0.14029	0.63593	0.03210	0.01008	0.03985	0.03299	0.01154	0.00683	0.00884	0.00559	0.00328	0.00347	0.00105	0.00423	0.00311	0.00185	0.02887
1	0.00500	0.00358	0.00458	0.00458	0.00495	0.00379	0.00313	0.00561	0.00563	0.00765	0.01277	0.02027	0.09173	0.43918	0.36809	0.00414	0.00577	0.00479	0.00214	0.00264
2	0.41150	0.00636	0.00684	0.00554	0.00802	0.00640	0.00457	0.01413	0.00826	0.48078	0.00988	0.00919	0.00653	0.00387	0.00293	0.00109	0.00288	0.00281	0.00339	0.00502
3	0.90103	0.00682	0.00518	0.00463	0.00682	0.00791	0.00382	0.01036	0.00600	0.01581	0.00491	0.00573	0.00382	0.00327	0.00218	0.00109	0.00273	0.00191	0.00218	0.00382
4	0.01057	0.60069	0.04349	0.00648	0.00932	0.09876	0.00613	0.01179	0.00790	0.13984	0.00683	0.03237	0.00573	0.00353	0.00266	0.00085	0.00391	0.00244	0.00203	0.00468
5	0.00517	0.00344	0.00409	0.00409	0.00417	0.00351	0.00245	0.00523	0.00516	0.00695	0.01065	0.02135	0.01200	0.73238	0.11516	0.05096	0.00409	0.00486	0.00207	0.00222
6	0.00499	0.00339	0.00439	0.00489	0.00537	0.00315	0.00337	0.02048	0.00741	0.04575	0.08374	0.69492	0.08453	0.01019	0.00439	0.00137	0.00207	0.00915	0.00337	0.00310
7	0.01124	0.41817	0.01399	0.03263	0.01042	0.39841	0.00653	0.05405	0.00891	0.00917	0.00537	0.00622	0.00461	0.00337	0.00278	0.00085	0.00498	0.00216	0.00175	0.00438
8	0.00551	0.00356	0.00475	0.00490	0.00539	0.00349	0.00341	0.00606	0.00637	0.05393	0.04124	0.36055	0.01601	0.18107	0.16506	0.08035	0.00383	0.01882	0.00268	0.03300
9	0.00764	0.00828	0.04571	0.01107	0.06908	0.03823	0.28716	0.00926	0.00683	0.00954	0.00728	0.05251	0.00692	0.12085	0.00843	0.00160	0.29973	0.00401	0.00181	0.00406
10	0.00680	0.00433	0.00509	0.00463	0.00598	0.00398	0.00356	0.03031	0.05773	0.14162	0.29242	0.05261	0.33785	0.00724	0.00398	0.00114	0.00205	0.00615	0.02877	0.00379
11	0.01762	0.00543	0.00648	0.03525	0.04455	0.05378	0.00499	0.05116	0.02939	0.06487	0.02484	0.33047	0.03702	0.00788	0.01317	0.00134	0.07231	0.11525	0.08050	0.00371
12	0.00950	0.10286	0.28216	0.06850	0.15106	0.22661	0.02613	0.03102	0.03460	0.02636	0.00646	0.00765	0.00502	0.00344	0.00326	0.00102	0.00502	0.00267	0.00179	0.00486
13	0.00688	0.00585	0.02328	0.04311	0.13282	0.01702	0.06231	0.05072	0.01887	0.03693	0.01017	0.06561	0.03230	0.12761	0.31453	0.00308	0.03866	0.00424	0.00217	0.00384
14	0.00444	0.00324	0.00418	0.00477	0.00513	0.00306	0.00327	0.00513	0.00680	0.00898	0.03246	0.61841	0.11945	0.07226	0.06351	0.00183	0.00264	0.03446	0.00311	0.00286
15	0.04013	0.02754	0.16650	0.03827	0.16426	0.06013	0.16996	0.07300	0.06857	0.06724	0.00877	0.08399	0.00730	0.00415	0.00361	0.00113	0.00442	0.00381	0.00228	0.00495
16	0.04641	0.03550	0.15832	0.04666	0.16958	0.03069	0.00826	0.20882	0.07495	0.04754	0.00774	0.01887	0.00597	0.00388	0.00383	0.00107	0.05691	0.00303	0.00241	0.06957

[dist]
# distance from previous block
# <min> <max>
9	48

[block]
# block no. 8 follows, 79 sequences, length 6
# corresponding to MSA columns:
# 375-380
name=unknown_I
#
# <colnr> <probs for GDERKNQSTAVLIFYWHMCP>
#	G	D	E	R	K	N	Q	S	T	A	V	L	I	F	Y	W	H	M	C	P
0	0.00579	0.00380	0.00531	0.00529	0.00565	0.00417	0.00388	0.00625	0.04552	0.00775	0.00927	0.01588	0.00926	0.13098	0.28367	0.34172	0.03612	0.07516	0.00197	0.00255
1	0.00672	0.00661	0.05894	0.07229	0.06884	0.00635	0.18957	0.00854	0.00701	0.04080	0.03100	0.09889	0.02547	0.02899	0.27475	0.00267	0.06207	0.00444	0.00210	0.00394
2	0.00763	0.09299	0.11174	0.00718	0.04705	0.09103	0.03160	0.05541	0.08973	0.03150	0.09941	0.01893	0.25326	0.00581	0.00368	0.00111	0.00338	0.04162	0.00275	0.00421
3	0.05071	0.00939	0.04450	0.00734	0.00989	0.09871	0.00613	0.38688	0.10189	0.15649	0.01179	0.01137	0.07987	0.00458	0.00349	0.00108	0.00370	0.00352	0.00332	0.00536
4	0.00944	0.00974	0.03235	0.12717	0.08244	0.18382	0.11777	0.09843	0.07212	0.02611	0.02814	0.00931	0.00638	0.00515	0.03688	0.02614	0.11873	0.00325	0.00213	0.00449
5	0.00835	0.05039	0.09324	0.02483	0.02499	0.09073	0.04075	0.06557	0.27035	0.01221	0.07630	0.05483	0.03804	0.03288	0.01896	0.00131	0.08495	0.00405	0.00269	0.00460

[dist]
# distance from previous block
# <min> <max>
0	1

[block]
# block no. 9 follows, 79 sequences, length 6
# corresponding to MSA columns:
# 382-387
name=unknown_J
#
# <colnr> <probs for GDERKNQSTAVLIFYWHMCP>
#	G	D	E	R	K	N	Q	S	T	A	V	L	I	F	Y	W	H	M	C	P
0	0.00437	0.00327	0.00408	0.00464	0.00515	0.00298	0.00326	0.00516	0.00730	0.00946	0.06317	0.57909	0.22904	0.01026	0.00442	0.00137	0.00203	0.05472	0.00330	0.00293
1	0.04282	0.04360	0.04491	0.04633	0.15346	0.03754	0.23790	0.01128	0.07810	0.05716	0.00780	0.02610	0.00636	0.02418	0.02382	0.00127	0.09067	0.00349	0.00209	0.06113
2	0.03481	0.24157	0.25766	0.00937	0.01283	0.06023	0.18823	0.03428	0.02731	0.01080	0.03116	0.00802	0.00572	0.00345	0.00352	0.00102	0.03787	0.00287	0.00179	0.02746
3	0.00515	0.00349	0.00414	0.00419	0.00430	0.00355	0.00258	0.00538	0.00537	0.00720	0.01144	0.02327	0.01292	0.73929	0.09716	0.00351	0.00398	0.05858	0.00218	0.00230
4	0.00852	0.00817	0.01394	0.10498	0.77240	0.00832	0.01071	0.01064	0.00793	0.01127	0.00659	0.00879	0.00550	0.00318	0.00349	0.00106	0.00424	0.00314	0.00173	0.00542
5	0.01075	0.02584	0.04746	0.11783	0.05945	0.21547	0.04914	0.13791	0.03833	0.12608	0.00838	0.05259	0.00671	0.00484	0.02408	0.00121	0.06332	0.00338	0.00248	0.00474

[dist]
# distance from previous block
# <min> <max>
83	204

[block]
# block no. 10 follows, 79 sequences, length 32
# corresponding to MSA columns:
# 742-773
name=unknown_K
#
# <colnr> <probs for GDERKNQSTAVLIFYWHMCP>
#	G	D	E	R	K	N	Q	S	T	A	V	L	I	F	Y	W	H	M	C	P
0	0.02562	0.07942	0.16166	0.00889	0.02535	0.07286	0.15470	0.11012	0.04398	0.11720	0.01033	0.13118	0.02439	0.00482	0.00362	0.00113	0.00418	0.01320	0.00257	0.00478
1	0.00429	0.00308	0.00408	0.00487	0.00510	0.00287	0.00326	0.00491	0.00678	0.00901	0.01985	0.85196	0.04491	0.01099	0.00449	0.00143	0.00204	0.00995	0.00327	0.00287
2	0.00447	0.00347	0.02492	0.00493	0.00527	0.00304	0.00343	0.00517	0.00674	0.00910	0.03495	0.76674	0.02212	0.06333	0.00524	0.00153	0.00219	0.00933	0.02113	0.00289
3	0.08534	0.02467	0.01008	0.00927	0.09513	0.18972	0.02519	0.27590	0.22137	0.01539	0.00873	0.00897	0.00662	0.00400	0.00335	0.00106	0.00411	0.00308	0.00282	0.00521
4	0.04180	0.01573	0.00978	0.00878	0.01068	0.76344	0.00664	0.04688	0.01012	0.04645	0.00592	0.00667	0.00476	0.00368	0.00318	0.00093	0.00599	0.00235	0.00201	0.00424
5	0.00478	0.00381	0.00432	0.00419	0.00525	0.00347	0.00314	0.00653	0.05992	0.01169	0.36503	0.05996	0.43905	0.00805	0.00414	0.00117	0.00181	0.00689	0.00354	0.00327
6	0.00453	0.00340	0.00417	0.00435	0.00504	0.00307	0.00310	0.00558	0.00821	0.01093	0.32376	0.32108	0.24776	0.03279	0.00465	0.00131	0.00188	0.00788	0.00346	0.00304
7	0.00434	0.00354	0.00378	0.00378	0.00480	0.00304	0.00277	0.00529	0.00810	0.01003	0.15374	0.07317	0.64767	0.05430	0.00490	0.00131	0.00187	0.00729	0.00330	0.00298
8	0.00860	0.00752	0.00877	0.00792	0.03677	0.00846	0.05510	0.03790	0.69662	0.01449	0.04977	0.01367	0.02886	0.00480	0.00365	0.00118	0.00298	0.00412	0.00342	0.00539
9	0.90103	0.00682	0.00518	0.00463	0.00682	0.00791	0.00382	0.01036	0.00600	0.01581	0.00491	0.00573	0.00382	0.00327	0.00218	0.00109	0.00273	0.00191	0.00218	0.00382
10	0.50565	0.04028	0.07328	0.01890	0.00897	0.04046	0.00552	0.21745	0.00902	0.02809	0.00617	0.00682	0.00463	0.00355	0.00269	0.00106	0.00339	0.00235	0.01718	0.00452
11	0.07277	0.00773	0.00778	0.00691	0.00884	0.05520	0.00542	0.13398	0.48115	0.03713	0.04934	0.05826	0.01116	0.00513	0.00356	0.00117	0.00306	0.03393	0.01239	0.00509
12	0.01318	0.00929	0.01010	0.00785	0.01058	0.01019	0.00645	0.68638	0.09602	0.09904	0.00953	0.00924	0.00671	0.00430	0.00353	0.00107	0.00369	0.00329	0.00361	0.00595
13	0.05642	0.00473	0.00540	0.04303	0.00681	0.04941	0.00404	0.04024	0.00724	0.05541	0.01508	0.52796	0.01698	0.08991	0.04228	0.00171	0.01976	0.00738	0.00293	0.00329
14	0.02168	0.00433	0.00506	0.00476	0.00610	0.00398	0.00360	0.00874	0.07923	0.17458	0.08677	0.20255	0.36920	0.00791	0.00403	0.00121	0.00217	0.00676	0.00354	0.00380
15	0.00926	0.04271	0.09713	0.00819	0.01118	0.13168	0.12177	0.11114	0.05995	0.02407	0.02111	0.00831	0.00597	0.00341	0.00338	0.00089	0.02339	0.00280	0.00224	0.31143
16	0.75096	0.02932	0.04796	0.00550	0.00786	0.06797	0.02555	0.01069	0.00643	0.01478	0.00507	0.00595	0.00395	0.00329	0.00236	0.00107	0.00321	0.00202	0.00210	0.00394
17	0.00467	0.00333	0.00433	0.00492	0.00528	0.00316	0.00348	0.00544	0.00703	0.00933	0.07642	0.53191	0.06047	0.12507	0.00630	0.00169	0.00238	0.13876	0.00316	0.00286
18	0.00864	0.01363	0.49706	0.00870	0.01283	0.00781	0.02363	0.10166	0.08179	0.08467	0.00844	0.00894	0.02101	0.00367	0.00335	0.00105	0.00433	0.00292	0.00224	0.10364
19	0.00930	0.21931	0.09288	0.01016	0.01315	0.05705	0.29854	0.07973	0.05374	0.03246	0.00686	0.00820	0.00539	0.00357	0.00412	0.00107	0.08219	0.00314	0.00198	0.01718
20	0.00734	0.00655	0.01056	0.66810	0.02091	0.00811	0.02419	0.03860	0.00739	0.04023	0.02592	0.00965	0.00555	0.00397	0.00451	0.00121	0.10812	0.00324	0.00179	0.00406
21	0.00446	0.00348	0.00405	0.00412	0.00499	0.00307	0.00301	0.00555	0.00842	0.01093	0.29981	0.19677	0.42119	0.00878	0.00423	0.00121	0.00180	0.00760	0.00347	0.00307
22	0.00500	0.00374	0.00432	0.00446	0.02007	0.00339	0.00321	0.00603	0.00803	0.03838	0.13988	0.17997	0.47786	0.00845	0.00427	0.00120	0.02367	0.00719	0.05768	0.00319
23	0.09768	0.01250	0.02817	0.06123	0.07804	0.44018	0.07180	0.06164	0.00913	0.03015	0.00616	0.00750	0.00495	0.00444	0.03294	0.00118	0.04329	0.00268	0.00197	0.00436
24	0.00903	0.59213	0.24442	0.00726	0.01084	0.02817	0.00796	0.04713	0.00770	0.00968	0.00545	0.00627	0.00457	0.00317	0.00263	0.00087	0.00421	0.00214	0.00160	0.00476
25	0.00438	0.00323	0.00409	0.00471	0.00513	0.00297	0.00326	0.00510	0.00709	0.00924	0.04319	0.64174	0.16992	0.03153	0.00478	0.00144	0.00208	0.04998	0.00326	0.00290
26	0.01053	0.00759	0.01000	0.18063	0.09357	0.01779	0.02734	0.32322	0.01127	0.13442	0.05123	0.01101	0.02425	0.00602	0.07386	0.00147	0.00433	0.00352	0.00290	0.00506
27	0.00760	0.00583	0.00819	0.21820	0.07038	0.03893	0.04344	0.00956	0.04481	0.12551	0.08056	0.11741	0.13701	0.00645	0.02204	0.00129	0.00351	0.05242	0.00280	0.00407
28	0.00758	0.00579	0.00792	0.13516	0.03275	0.01842	0.05461	0.10445	0.08055	0.07277	0.01299	0.21512	0.03895	0.08771	0.07757	0.00181	0.00392	0.03513	0.00278	0.00402
29	0.00671	0.00433	0.00512	0.00496	0.00584	0.00426	0.00353	0.02558	0.10472	0.10984	0.03839	0.20067	0.12941	0.28368	0.00850	0.00196	0.00274	0.05326	0.00310	0.00343
30	0.02650	0.00809	0.01061	0.00841	0.04118	0.06846	0.15584	0.07935	0.05545	0.01215	0.00697	0.00826	0.00561	0.00383	0.02459	0.00097	0.05412	0.00280	0.00217	0.42466
31	0.00933	0.17116	0.01629	0.01262	0.15546	0.09393	0.32995	0.05971	0.06689	0.01133	0.00725	0.00914	0.00587	0.00345	0.00363	0.00106	0.01567	0.02041	0.00198	0.00487

[dist]
# distance from previous block
# <min> <max>
5	23

[block]
# block no. 11 follows, 79 sequences, length 10
# corresponding to MSA columns:
# 803-812
name=unknown_L
#
# <colnr> <probs for GDERKNQSTAVLIFYWHMCP>
#	G	D	E	R	K	N	Q	S	T	A	V	L	I	F	Y	W	H	M	C	P
0	0.11227	0.00618	0.00631	0.00587	0.00695	0.07188	0.00438	0.07447	0.13067	0.01094	0.01021	0.07832	0.00983	0.21164	0.21120	0.00276	0.03586	0.00418	0.00244	0.00365
1	0.01118	0.13664	0.06154	0.00649	0.00890	0.00770	0.00564	0.21518	0.02897	0.27231	0.01181	0.08871	0.03906	0.07034	0.00451	0.00124	0.00334	0.00399	0.01745	0.00500
2	0.04135	0.01129	0.00887	0.00853	0.07287	0.39572	0.00609	0.08605	0.10393	0.02987	0.01031	0.05844	0.07650	0.00456	0.00336	0.00100	0.00448	0.00347	0.00245	0.07087
3	0.00934	0.00804	0.01129	0.00860	0.01120	0.10201	0.23917	0.03634	0.00867	0.13982	0.06766	0.01118	0.03708	0.00507	0.05110	0.00122	0.02285	0.00354	0.00250	0.22332
4	0.00902	0.25778	0.09787	0.00680	0.00940	0.10474	0.02262	0.03036	0.10894	0.07116	0.06961	0.02582	0.06716	0.00441	0.00319	0.00097	0.00366	0.02299	0.00245	0.08105
5	0.00739	0.00568	0.00731	0.02676	0.05204	0.02619	0.04237	0.05638	0.09134	0.08411	0.12724	0.14090	0.14137	0.00719	0.02720	0.00131	0.02708	0.06765	0.00311	0.05739
6	0.00608	0.02696	0.05285	0.00554	0.00673	0.03106	0.02065	0.02571	0.02577	0.00968	0.07484	0.17865	0.11641	0.05597	0.00668	0.17908	0.00292	0.09215	0.00260	0.07965
7	0.00921	0.50544	0.21202	0.05507	0.01187	0.01123	0.05630	0.01122	0.00754	0.08182	0.00621	0.00704	0.00493	0.00323	0.00280	0.00092	0.00421	0.00239	0.00177	0.00479
8	0.08378	0.00686	0.01107	0.57546	0.23691	0.00798	0.00954	0.00959	0.00721	0.01024	0.00624	0.00891	0.00485	0.00340	0.00340	0.00113	0.00440	0.00303	0.00166	0.00434
9	0.03119	0.00908	0.02888	0.03332	0.23651	0.07470	0.16795	0.12185	0.11457	0.04117	0.00880	0.02694	0.01983	0.00406	0.00408	0.00114	0.05276	0.01573	0.00238	0.00506

[dist]
# distance from previous block
# <min> <max>
0	3

[block]
# block no. 12 follows, 79 sequences, length 12
# corresponding to MSA columns:
# 816-827
name=unknown_M
#
# <colnr> <probs for GDERKNQSTAVLIFYWHMCP>
#	G	D	E	R	K	N	Q	S	T	A	V	L	I	F	Y	W	H	M	C	P
0	0.13459	0.13060	0.05979	0.00992	0.01300	0.00921	0.34637	0.13149	0.00905	0.07730	0.00765	0.04177	0.00602	0.00364	0.00345	0.00109	0.00448	0.00348	0.00229	0.00482
1	0.12087	0.00843	0.00879	0.00702	0.00953	0.05952	0.00572	0.37299	0.07206	0.24521	0.04739	0.01009	0.00794	0.00429	0.00338	0.00107	0.00347	0.00327	0.00351	0.00547
2	0.00614	0.00333	0.00484	0.00470	0.00495	0.00326	0.00322	0.00499	0.00484	0.00662	0.00633	0.01066	0.00622	0.01242	0.06384	0.78164	0.00341	0.00304	0.00159	0.06394
3	0.00697	0.00592	0.00784	0.00701	0.01991	0.05323	0.10483	0.00901	0.08915	0.06919	0.08113	0.22584	0.17088	0.02952	0.00515	0.00132	0.08515	0.02117	0.00295	0.00382
4	0.58907	0.00704	0.00655	0.00545	0.00784	0.00770	0.00450	0.12082	0.00829	0.20256	0.00736	0.00747	0.00519	0.00364	0.00266	0.00109	0.00294	0.00244	0.00284	0.00458
5	0.16234	0.00598	0.00733	0.00593	0.00834	0.00565	0.00490	0.03043	0.02492	0.59098	0.01251	0.01277	0.00866	0.00452	0.00335	0.00111	0.00292	0.05721	0.04483	0.00532
6	0.05536	0.00702	0.00703	0.00610	0.00776	0.08284	0.00478	0.22937	0.09484	0.04016	0.27462	0.05554	0.01615	0.00551	0.00360	0.00108	0.00291	0.01633	0.08460	0.00440
7	0.00935	0.00788	0.00730	0.00641	0.00816	0.15493	0.00497	0.13933	0.18985	0.08700	0.15141	0.04519	0.13819	0.00566	0.00368	0.00110	0.00321	0.00461	0.02727	0.00451
8	0.00474	0.00347	0.00450	0.00517	0.00570	0.00328	0.00390	0.00569	0.00731	0.00948	0.02129	0.45349	0.14547	0.04375	0.00508	0.00153	0.00244	0.26753	0.00322	0.00297
9	0.06310	0.00676	0.00792	0.00635	0.00869	0.00681	0.00515	0.23612	0.07002	0.39628	0.01196	0.05048	0.00856	0.00457	0.00339	0.00108	0.00301	0.00365	0.10068	0.00541
10	0.01168	0.07171	0.01153	0.04675	0.10189	0.27094	0.04214	0.28809	0.04062	0.03676	0.00736	0.02036	0.00577	0.00393	0.00356	0.00102	0.02541	0.00298	0.00249	0.00501
11	0.00528	0.00382	0.00502	0.03537	0.00652	0.00379	0.00417	0.04732	0.00778	0.01039	0.07610	0.46818	0.04332	0.04406	0.00496	0.00149	0.00253	0.20502	0.02172	0.00316

[dist]
# distance from previous block
# <min> <max>
9	53

# created by:
# /usr/local/bin/augustus/scripts/msa2prfl.pl /tmp/new_cug2/actin-related-protein-class-7.fasta
