[name]
unknown

[dist]
# distance from previous block
# <min> <max>
0	43

[block]
# block no. 0 follows, 80 sequences, length 7
# corresponding to MSA columns:
# 407-413
name=unknown_A
#
# <colnr> <probs for GDERKNQSTAVLIFYWHMCP>
#	G	D	E	R	K	N	Q	S	T	A	V	L	I	F	Y	W	H	M	C	P
0	0.03608	0.00362	0.00425	0.00439	0.00510	0.00350	0.00315	0.03602	0.00793	0.01156	0.20825	0.35174	0.09933	0.03000	0.00418	0.00123	0.00196	0.00691	0.17764	0.00316
1	0.00613	0.02932	0.02401	0.00499	0.00631	0.00479	0.00399	0.10144	0.05999	0.01342	0.41564	0.05497	0.20019	0.00695	0.00393	0.00112	0.00218	0.02923	0.02771	0.00370
2	0.00463	0.00338	0.00385	0.00406	0.00467	0.00310	0.00281	0.00536	0.00704	0.00921	0.06797	0.24033	0.32191	0.20740	0.00723	0.00173	0.00224	0.03786	0.06246	0.00278
3	0.00925	0.03297	0.00836	0.00614	0.00898	0.08522	0.00494	0.13476	0.06087	0.05595	0.00729	0.00786	0.00571	0.00315	0.00287	0.00071	0.00318	0.00243	0.00244	0.55693
4	0.01157	0.00901	0.00936	0.00746	0.01003	0.05209	0.00603	0.47592	0.21515	0.05259	0.00960	0.00940	0.00702	0.00411	0.00339	0.00101	0.00353	0.00318	0.00329	0.10625
5	0.04051	0.05233	0.01024	0.00801	0.02449	0.15164	0.12716	0.19655	0.02282	0.06605	0.13115	0.03571	0.07918	0.00482	0.00369	0.00106	0.01756	0.00404	0.01850	0.00449
6	0.00499	0.00371	0.00547	0.00547	0.00604	0.00428	0.00418	0.00614	0.00557	0.00799	0.00948	0.01442	0.00903	0.09299	0.79716	0.00543	0.00888	0.00384	0.00189	0.00304

[dist]
# distance from previous block
# <min> <max>
9	30

[block]
# block no. 1 follows, 80 sequences, length 6
# corresponding to MSA columns:
# 530-535
name=unknown_B
#
# <colnr> <probs for GDERKNQSTAVLIFYWHMCP>
#	G	D	E	R	K	N	Q	S	T	A	V	L	I	F	Y	W	H	M	C	P
0	0.00724	0.17973	0.16423	0.05446	0.03112	0.05079	0.00660	0.02813	0.05604	0.00957	0.02919	0.03963	0.06200	0.08787	0.12186	0.03244	0.02954	0.00360	0.00201	0.00397
1	0.03784	0.07655	0.24887	0.00773	0.02446	0.07324	0.05156	0.05764	0.02590	0.06734	0.01360	0.06937	0.16863	0.00526	0.00377	0.00112	0.02899	0.03135	0.00240	0.00439
2	0.00613	0.09006	0.00772	0.00643	0.02688	0.02832	0.05738	0.00748	0.00780	0.01007	0.07486	0.08430	0.17513	0.03531	0.00470	0.00132	0.02771	0.28479	0.00278	0.06081
3	0.00757	0.08338	0.09260	0.03544	0.00948	0.05407	0.07578	0.04119	0.02579	0.06231	0.03973	0.17312	0.08633	0.01744	0.00423	0.00114	0.05250	0.03105	0.02699	0.07988
4	0.00944	0.21375	0.12038	0.03180	0.04215	0.09362	0.05314	0.08721	0.06080	0.08649	0.03305	0.00977	0.03494	0.00549	0.06262	0.00133	0.04399	0.00309	0.00226	0.00468
5	0.04715	0.05273	0.12013	0.05251	0.01079	0.15646	0.02957	0.08742	0.02158	0.07956	0.00784	0.00929	0.02243	0.00525	0.05923	0.00127	0.04915	0.01971	0.00222	0.16571

[dist]
# distance from previous block
# <min> <max>
13	31

[block]
# block no. 2 follows, 80 sequences, length 13
# corresponding to MSA columns:
# 688-700
name=unknown_C
#
# <colnr> <probs for GDERKNQSTAVLIFYWHMCP>
#	G	D	E	R	K	N	Q	S	T	A	V	L	I	F	Y	W	H	M	C	P
0	0.00642	0.00387	0.00530	0.00546	0.04080	0.00400	0.00354	0.03577	0.06291	0.00759	0.00758	0.01261	0.00746	0.14809	0.03251	0.60528	0.00329	0.00344	0.00184	0.00225
1	0.00898	0.51801	0.17017	0.00797	0.06172	0.07755	0.02491	0.01067	0.00743	0.02484	0.00609	0.03629	0.00544	0.02300	0.00307	0.00094	0.00418	0.00252	0.00166	0.00456
2	0.05273	0.00775	0.00840	0.06099	0.02703	0.14978	0.00579	0.02447	0.00931	0.48383	0.04115	0.02482	0.00874	0.00456	0.00381	0.00110	0.04097	0.03638	0.00337	0.00505
3	0.00574	0.00392	0.00490	0.00514	0.00601	0.00375	0.00392	0.00737	0.07303	0.06798	0.07152	0.31468	0.19656	0.00909	0.00462	0.03183	0.00235	0.18094	0.00331	0.00334
4	0.02163	0.05855	0.33897	0.07848	0.02306	0.00716	0.00836	0.07251	0.01856	0.14693	0.07895	0.04574	0.05032	0.00442	0.00343	0.00108	0.00386	0.00360	0.00249	0.03191
5	0.03005	0.06295	0.09987	0.09821	0.11007	0.00787	0.10458	0.02096	0.00739	0.08517	0.00807	0.06658	0.00709	0.00498	0.02250	0.00124	0.14929	0.03712	0.00209	0.07393
6	0.00804	0.00857	0.01043	0.00862	0.01024	0.21856	0.23833	0.02571	0.00790	0.00958	0.01070	0.17389	0.04298	0.11352	0.03185	0.00155	0.03466	0.00489	0.03629	0.00369
7	0.00568	0.00311	0.00436	0.00444	0.00458	0.00306	0.00298	0.00477	0.00513	0.00685	0.01000	0.09139	0.07264	0.06549	0.02982	0.65067	0.00296	0.00413	0.02608	0.00186
8	0.05033	0.03681	0.16631	0.22698	0.13197	0.11540	0.11949	0.02943	0.00809	0.07277	0.00677	0.00838	0.00507	0.00340	0.00339	0.00108	0.00478	0.00297	0.00189	0.00468
9	0.00583	0.00481	0.00734	0.00669	0.00725	0.00581	0.04987	0.00677	0.00557	0.00809	0.00799	0.01234	0.00761	0.06149	0.51774	0.08063	0.19561	0.00362	0.00177	0.00317
10	0.00524	0.00385	0.00450	0.00442	0.00547	0.00349	0.00337	0.03903	0.00875	0.04105	0.26116	0.13276	0.39683	0.00833	0.00417	0.00121	0.00199	0.06765	0.00346	0.00327
11	0.00499	0.00363	0.00497	0.00497	0.00550	0.00400	0.00366	0.00594	0.00571	0.00805	0.01172	0.01724	0.07262	0.21754	0.58077	0.00462	0.00719	0.00430	0.02972	0.00288
12	0.00908	0.17197	0.24002	0.05532	0.13097	0.04418	0.07948	0.06651	0.09746	0.06128	0.00749	0.00838	0.00568	0.00348	0.00325	0.00103	0.00436	0.00290	0.00207	0.00507

[dist]
# distance from previous block
# <min> <max>
7	11

[block]
# block no. 3 follows, 80 sequences, length 12
# corresponding to MSA columns:
# 785-796
name=unknown_D
#
# <colnr> <probs for GDERKNQSTAVLIFYWHMCP>
#	G	D	E	R	K	N	Q	S	T	A	V	L	I	F	Y	W	H	M	C	P
0	0.00748	0.17913	0.66801	0.00939	0.01408	0.00920	0.04494	0.01094	0.00735	0.01052	0.00603	0.00712	0.00447	0.00324	0.00315	0.00104	0.00492	0.00251	0.00149	0.00501
1	0.00528	0.00404	0.00526	0.00537	0.00584	0.00441	0.00390	0.02004	0.05680	0.00907	0.03408	0.33007	0.04110	0.15321	0.21172	0.00271	0.06957	0.03178	0.00264	0.00310
2	0.00798	0.00618	0.00731	0.00526	0.00833	0.00469	0.00422	0.00952	0.00748	0.08654	0.00687	0.00765	0.00548	0.00274	0.00267	0.00057	0.00262	0.00220	0.00227	0.81944
3	0.00437	0.00312	0.00415	0.00478	0.00509	0.00291	0.00325	0.00515	0.00721	0.00975	0.15838	0.73354	0.02472	0.01030	0.00440	0.00136	0.00196	0.00932	0.00334	0.00291
4	0.00603	0.00390	0.00487	0.00472	0.00572	0.00370	0.00366	0.00790	0.04940	0.07292	0.41666	0.08523	0.09996	0.00719	0.00396	0.00116	0.00202	0.10873	0.10874	0.00351
5	0.00611	0.00386	0.00463	0.00448	0.00565	0.00339	0.00342	0.00720	0.00841	0.13663	0.17313	0.15469	0.40315	0.00823	0.00413	0.00121	0.00206	0.06267	0.00350	0.00345
6	0.00898	0.00734	0.00768	0.00684	0.00872	0.03960	0.00532	0.06018	0.61862	0.06312	0.08988	0.04547	0.01254	0.00509	0.00361	0.00116	0.00283	0.00425	0.00354	0.00521
7	0.00586	0.00936	0.32327	0.00744	0.01002	0.00548	0.06911	0.00827	0.00799	0.01114	0.18619	0.13563	0.09625	0.00638	0.00395	0.00122	0.00351	0.10237	0.00259	0.00398
8	0.00905	0.00893	0.04806	0.00756	0.01047	0.14743	0.12310	0.01076	0.00800	0.08285	0.00679	0.00780	0.00532	0.00309	0.00327	0.00078	0.02995	0.00256	0.00213	0.48209
9	0.01026	0.03309	0.00814	0.00632	0.00850	0.03123	0.00511	0.21238	0.06561	0.19542	0.14617	0.03539	0.03063	0.00517	0.01717	0.00108	0.02973	0.01326	0.00330	0.14204
10	0.00728	0.12416	0.06724	0.00567	0.00702	0.02764	0.00476	0.05612	0.07848	0.02135	0.04134	0.01387	0.07341	0.02865	0.00805	0.37813	0.00325	0.04823	0.00217	0.00318
11	0.04257	0.00994	0.00770	0.00735	0.02908	0.36218	0.00535	0.06124	0.07514	0.04071	0.04233	0.19798	0.03991	0.04393	0.00431	0.00119	0.01794	0.00461	0.00259	0.00395

[dist]
# distance from previous block
# <min> <max>
5	49

[block]
# block no. 4 follows, 80 sequences, length 9
# corresponding to MSA columns:
# 869-877
name=unknown_E
#
# <colnr> <probs for GDERKNQSTAVLIFYWHMCP>
#	G	D	E	R	K	N	Q	S	T	A	V	L	I	F	Y	W	H	M	C	P
0	0.00910	0.00940	0.17918	0.02089	0.13318	0.07196	0.04110	0.05959	0.01947	0.15431	0.10240	0.07311	0.02328	0.00497	0.00404	0.00114	0.04629	0.03920	0.00266	0.00472
1	0.00912	0.00896	0.05184	0.12928	0.41929	0.06941	0.07937	0.03071	0.07234	0.06680	0.00751	0.00908	0.00585	0.00348	0.00366	0.00108	0.02185	0.00320	0.00205	0.00512
2	0.00622	0.00440	0.00557	0.00542	0.00629	0.00469	0.00405	0.04307	0.11434	0.05291	0.05335	0.16335	0.04910	0.14263	0.29308	0.00303	0.00491	0.03735	0.00275	0.00349
3	0.00818	0.00601	0.04067	0.00642	0.03975	0.03514	0.00497	0.07630	0.07382	0.11824	0.07221	0.05975	0.01172	0.08012	0.08873	0.00174	0.04307	0.06643	0.16268	0.00407
4	0.00801	0.11437	0.47509	0.01107	0.05656	0.04182	0.20242	0.03090	0.00787	0.01093	0.00631	0.00768	0.00472	0.00321	0.00338	0.00107	0.00512	0.00288	0.00162	0.00497
5	0.00522	0.00405	0.00531	0.00532	0.00610	0.00402	0.02750	0.00652	0.03702	0.03184	0.10234	0.35771	0.23480	0.00894	0.00481	0.00133	0.06485	0.08591	0.00317	0.00324
6	0.01072	0.00474	0.00632	0.00541	0.00714	0.00419	0.00423	0.01195	0.00908	0.47648	0.14993	0.19955	0.04486	0.00633	0.00378	0.00115	0.00246	0.00545	0.04160	0.00463
7	0.00480	0.00331	0.00393	0.00415	0.00429	0.00325	0.00254	0.00506	0.00567	0.00753	0.01433	0.25278	0.05616	0.56682	0.04808	0.00284	0.00318	0.00644	0.00246	0.00239
8	0.15270	0.17524	0.39957	0.00808	0.04490	0.03433	0.00866	0.01035	0.00718	0.01124	0.02789	0.02948	0.00588	0.00416	0.02523	0.00114	0.00426	0.00268	0.04248	0.00454

[dist]
# distance from previous block
# <min> <max>
0	1

[block]
# block no. 5 follows, 80 sequences, length 24
# corresponding to MSA columns:
# 879-890,915-921,943-947
name=unknown_F
#
# <colnr> <probs for GDERKNQSTAVLIFYWHMCP>
#	G	D	E	R	K	N	Q	S	T	A	V	L	I	F	Y	W	H	M	C	P
0	0.00463	0.00325	0.00417	0.00464	0.00484	0.00319	0.00306	0.00514	0.00612	0.00820	0.01567	0.49300	0.01834	0.29190	0.08490	0.00243	0.00316	0.03799	0.00275	0.00264
1	0.15912	0.01207	0.27933	0.08806	0.16779	0.11148	0.11229	0.01103	0.00761	0.01141	0.00607	0.00761	0.00465	0.00327	0.00324	0.00108	0.00474	0.00276	0.00172	0.00469
2	0.00530	0.00382	0.00468	0.00436	0.00530	0.00355	0.00325	0.03708	0.00945	0.02860	0.60191	0.02630	0.17931	0.06577	0.00500	0.00126	0.00189	0.00625	0.00361	0.00330
3	0.00724	0.00620	0.00724	0.00517	0.00827	0.00465	0.00413	0.00879	0.00724	0.01137	0.00620	0.00724	0.00517	0.00258	0.00258	0.00052	0.00258	0.00207	0.00207	0.89871
4	0.00595	0.00406	0.00497	0.00480	0.00589	0.00380	0.00370	0.03318	0.03588	0.07868	0.32200	0.11828	0.24444	0.00827	0.02245	0.00130	0.00226	0.09308	0.00353	0.00350
5	0.00486	0.00337	0.00398	0.00411	0.00434	0.00328	0.00258	0.00525	0.00611	0.00815	0.09767	0.17012	0.07830	0.54587	0.02653	0.00265	0.00295	0.02483	0.00258	0.00246
6	0.01081	0.00945	0.01411	0.03718	0.01389	0.04086	0.33156	0.39401	0.03889	0.03986	0.00805	0.00911	0.00589	0.00422	0.02462	0.00121	0.00482	0.00354	0.00268	0.00524
7	0.00454	0.00349	0.00415	0.00453	0.00521	0.00322	0.00326	0.00566	0.03554	0.00952	0.05878	0.40004	0.31720	0.05036	0.00495	0.00142	0.00211	0.07984	0.00322	0.00298
8	0.00474	0.00352	0.00453	0.00458	0.00522	0.00333	0.00334	0.00596	0.00854	0.01175	0.48374	0.26848	0.11034	0.02506	0.00467	0.00126	0.02390	0.02039	0.00351	0.00312
9	0.00860	0.00917	0.04848	0.02573	0.36933	0.17241	0.00777	0.05386	0.00894	0.01146	0.12074	0.02484	0.09321	0.00447	0.00354	0.00103	0.00397	0.00383	0.00228	0.02634
10	0.00901	0.01363	0.39753	0.09935	0.05575	0.11376	0.00988	0.13053	0.09856	0.02793	0.00745	0.00833	0.00546	0.00365	0.00337	0.00108	0.00471	0.00286	0.00209	0.00507
11	0.00794	0.00687	0.00947	0.00681	0.00995	0.00563	0.13273	0.05304	0.00795	0.03616	0.00666	0.00776	0.00533	0.00277	0.00289	0.00066	0.00317	0.00248	0.00216	0.68958
12	0.00462	0.00335	0.00429	0.00483	0.00525	0.00316	0.00332	0.03356	0.00741	0.00989	0.10326	0.70610	0.07754	0.01019	0.00437	0.00136	0.00203	0.00916	0.00331	0.00299
13	0.06134	0.00531	0.00626	0.00514	0.00706	0.00512	0.00414	0.10022	0.00942	0.38089	0.03289	0.01194	0.00881	0.00422	0.00304	0.00098	0.00250	0.00335	0.34263	0.00473
14	0.00765	0.00735	0.00934	0.00768	0.00965	0.09858	0.18594	0.01146	0.23250	0.03996	0.09992	0.02843	0.23529	0.00561	0.00385	0.00114	0.00344	0.00500	0.00294	0.00426
15	0.01074	0.00606	0.00735	0.00632	0.00821	0.00609	0.00499	0.16097	0.14721	0.31683	0.03511	0.21631	0.01294	0.00620	0.00380	0.00119	0.00284	0.03813	0.00374	0.00496
16	0.00466	0.00339	0.00473	0.00510	0.00547	0.00357	0.00364	0.00550	0.00605	0.00835	0.01401	0.40754	0.01563	0.09713	0.39418	0.00349	0.00546	0.00668	0.00252	0.00290
17	0.16423	0.00851	0.00951	0.09766	0.01136	0.03515	0.02597	0.42458	0.01185	0.11549	0.00783	0.00834	0.00561	0.00403	0.00373	0.00109	0.05400	0.00296	0.00295	0.00514
18	0.00655	0.00472	0.00663	0.00631	0.00736	0.00479	0.06351	0.03620	0.06096	0.06260	0.08793	0.26020	0.03913	0.00789	0.00453	0.00133	0.04490	0.22152	0.06929	0.00365
19	0.70264	0.00719	0.00602	0.00518	0.00739	0.02298	0.00425	0.12412	0.00771	0.04456	0.03676	0.00700	0.00532	0.00355	0.00248	0.00107	0.00289	0.00228	0.00247	0.00413
20	0.00780	0.00741	0.01246	0.36865	0.48881	0.00808	0.01013	0.01021	0.03309	0.01048	0.00665	0.00904	0.00532	0.00331	0.00347	0.00109	0.00431	0.00313	0.00171	0.00485
21	0.01132	0.00858	0.00960	0.00816	0.07457	0.03786	0.00614	0.47030	0.01271	0.07139	0.03900	0.00893	0.00684	0.00382	0.00329	0.00092	0.00351	0.00299	0.00303	0.21705
22	0.01126	0.00977	0.00923	0.00772	0.00998	0.13711	0.00612	0.37984	0.33982	0.01676	0.01026	0.01019	0.00771	0.02356	0.00378	0.00113	0.00378	0.00336	0.00323	0.00541
23	0.32193	0.00800	0.00795	0.00639	0.00889	0.04659	0.00524	0.29534	0.01076	0.24398	0.00847	0.00829	0.00585	0.00387	0.00302	0.00106	0.00332	0.00277	0.00318	0.00510

[dist]
# distance from previous block
# <min> <max>
0	1

[block]
# block no. 6 follows, 80 sequences, length 26
# corresponding to MSA columns:
# 985-1010
name=unknown_G
#
# <colnr> <probs for GDERKNQSTAVLIFYWHMCP>
#	G	D	E	R	K	N	Q	S	T	A	V	L	I	F	Y	W	H	M	C	P
0	0.00430	0.00319	0.00393	0.00446	0.00490	0.00291	0.00302	0.00495	0.00696	0.00902	0.04443	0.59428	0.22023	0.06974	0.00528	0.00149	0.00205	0.00888	0.00318	0.00282
1	0.00476	0.00356	0.00442	0.00421	0.00511	0.00322	0.00315	0.00625	0.00946	0.01301	0.67856	0.02767	0.20874	0.00750	0.00412	0.00111	0.00167	0.00654	0.00371	0.00322
2	0.00455	0.00354	0.00414	0.00402	0.00498	0.00312	0.00300	0.00582	0.00891	0.01178	0.45982	0.05698	0.40076	0.00802	0.00413	0.00114	0.00171	0.00690	0.00355	0.00312
3	0.00938	0.79905	0.05932	0.00630	0.00934	0.05095	0.00634	0.01063	0.00723	0.00836	0.00494	0.00571	0.00448	0.00303	0.00233	0.00077	0.00391	0.00192	0.00151	0.00449
4	0.00458	0.00350	0.00402	0.00419	0.00505	0.00314	0.00314	0.00560	0.00790	0.01017	0.15508	0.15449	0.43532	0.05417	0.00490	0.00135	0.00203	0.10099	0.03739	0.00298
5	0.71836	0.08556	0.05125	0.00525	0.00764	0.04074	0.00464	0.03279	0.00654	0.01465	0.00505	0.00585	0.00396	0.00326	0.00230	0.00104	0.00309	0.00197	0.00209	0.00398
6	0.09797	0.11857	0.01004	0.00696	0.00926	0.05348	0.00583	0.23073	0.02630	0.28334	0.00888	0.00898	0.00636	0.01648	0.00428	0.00110	0.10028	0.00296	0.00305	0.00515
7	0.03325	0.13192	0.01094	0.05479	0.02494	0.07039	0.02457	0.36570	0.04077	0.16600	0.00866	0.00879	0.00623	0.00391	0.00324	0.00101	0.00380	0.00298	0.03282	0.00529
8	0.29373	0.00599	0.01864	0.04706	0.07532	0.01375	0.00475	0.04170	0.07820	0.02585	0.16790	0.04468	0.05632	0.08202	0.02907	0.00144	0.00301	0.00403	0.00268	0.00387
9	0.00789	0.00477	0.00544	0.00492	0.00631	0.00481	0.00380	0.03129	0.18402	0.14041	0.16137	0.06191	0.09091	0.00557	0.00341	0.00105	0.00216	0.00469	0.27112	0.00415
10	0.01151	0.01019	0.01060	0.06646	0.08301	0.15211	0.03370	0.42405	0.14416	0.01648	0.00845	0.00887	0.00629	0.00400	0.00346	0.00105	0.00422	0.00314	0.00289	0.00534
11	0.00485	0.00356	0.00454	0.00430	0.00516	0.00325	0.00322	0.00641	0.00967	0.01350	0.76489	0.02688	0.12211	0.00732	0.00412	0.00111	0.00166	0.00642	0.00378	0.00325
12	0.00921	0.09214	0.00914	0.00713	0.00924	0.04299	0.00569	0.07072	0.68135	0.01422	0.01258	0.01174	0.00951	0.00449	0.00340	0.00112	0.00306	0.00363	0.00328	0.00539
13	0.04173	0.00609	0.00705	0.00524	0.00807	0.00492	0.00418	0.00961	0.05252	0.05281	0.06631	0.00903	0.00752	0.00313	0.00277	0.00064	0.00255	0.00253	0.00238	0.71092
14	0.00434	0.00354	0.00383	0.00376	0.00484	0.00304	0.00282	0.00542	0.00846	0.01062	0.24924	0.03161	0.63956	0.00839	0.00412	0.00116	0.00174	0.00709	0.00340	0.00304
15	0.00568	0.00463	0.00501	0.00486	0.00586	0.03444	0.00361	0.09456	0.00873	0.01121	0.15238	0.25079	0.33784	0.02220	0.02086	0.00133	0.02240	0.00705	0.00323	0.00334
16	0.01008	0.67261	0.03506	0.00672	0.00949	0.19861	0.00629	0.01122	0.00770	0.00834	0.00500	0.00579	0.00448	0.00313	0.00246	0.00079	0.00432	0.00196	0.00156	0.00440
17	0.90202	0.00675	0.00513	0.00459	0.00675	0.00783	0.00378	0.01026	0.00594	0.01565	0.00486	0.00567	0.00378	0.00324	0.00216	0.00108	0.00270	0.00189	0.00216	0.00378
18	0.00785	0.00667	0.00774	0.03041	0.10186	0.04243	0.00551	0.11313	0.22878	0.02575	0.20755	0.01756	0.14559	0.00564	0.00403	0.00113	0.03599	0.00470	0.00317	0.00450
19	0.00460	0.00348	0.00410	0.00406	0.00496	0.00310	0.00300	0.00583	0.00868	0.01160	0.40969	0.12242	0.35415	0.00811	0.00410	0.00115	0.00173	0.00702	0.03511	0.00310
20	0.00561	0.00454	0.00718	0.00626	0.00749	0.00417	0.14980	0.00697	0.00808	0.04212	0.22511	0.24550	0.18265	0.05102	0.00489	0.00134	0.00270	0.03807	0.00311	0.00339
21	0.00913	0.01662	0.01133	0.11817	0.30201	0.04464	0.04122	0.15493	0.10596	0.02507	0.00793	0.00952	0.00631	0.02001	0.04559	0.00131	0.01854	0.00321	0.00229	0.05622
22	0.02550	0.02437	0.01325	0.01570	0.45135	0.14485	0.10190	0.07446	0.04954	0.02492	0.00695	0.00845	0.00559	0.00339	0.00356	0.00103	0.01906	0.00307	0.00201	0.02105
23	0.40801	0.00616	0.00610	0.00520	0.00714	0.00667	0.00418	0.11380	0.00806	0.17343	0.00838	0.00964	0.00644	0.06249	0.06471	0.00152	0.00329	0.00283	0.09770	0.00424
24	0.00813	0.00587	0.00672	0.04858	0.00795	0.02918	0.00466	0.18666	0.03689	0.09166	0.21955	0.04431	0.18059	0.03695	0.00463	0.00120	0.04326	0.00504	0.03404	0.00412
25	0.02633	0.00462	0.00637	0.02877	0.07910	0.00468	0.02758	0.03904	0.00787	0.02836	0.18292	0.11973	0.06742	0.14753	0.04103	0.00176	0.02310	0.13195	0.02841	0.00343

[dist]
# distance from previous block
# <min> <max>
0	2

[block]
# block no. 7 follows, 80 sequences, length 17
# corresponding to MSA columns:
# 1026-1042
name=unknown_H
#
# <colnr> <probs for GDERKNQSTAVLIFYWHMCP>
#	G	D	E	R	K	N	Q	S	T	A	V	L	I	F	Y	W	H	M	C	P
0	0.00859	0.00820	0.01302	0.13958	0.63786	0.03203	0.00999	0.03977	0.03287	0.01143	0.00676	0.00875	0.00553	0.00325	0.00343	0.00104	0.00418	0.00308	0.00183	0.02881
1	0.00495	0.00354	0.00453	0.00453	0.00490	0.00375	0.00310	0.00555	0.00557	0.00757	0.01264	0.02008	0.09162	0.44148	0.36695	0.00409	0.00570	0.00474	0.00212	0.00261
2	0.40945	0.00630	0.00678	0.00549	0.00795	0.00633	0.00453	0.01401	0.00819	0.48378	0.00981	0.00912	0.00648	0.00384	0.00291	0.00108	0.00285	0.00279	0.00336	0.00498
3	0.90202	0.00675	0.00513	0.00459	0.00675	0.00783	0.00378	0.01026	0.00594	0.01565	0.00486	0.00567	0.00378	0.00324	0.00216	0.00108	0.00270	0.00189	0.00216	0.00378
4	0.01046	0.60234	0.04336	0.00641	0.00922	0.09860	0.00607	0.01167	0.00782	0.13948	0.00675	0.03226	0.00567	0.00350	0.00263	0.00084	0.00387	0.00242	0.00201	0.00463
5	0.00512	0.00340	0.00405	0.00405	0.00412	0.00348	0.00242	0.00518	0.00511	0.00688	0.01054	0.02114	0.01188	0.73389	0.11472	0.05090	0.00405	0.00481	0.00205	0.00220
6	0.00494	0.00336	0.00434	0.00484	0.00531	0.00312	0.00334	0.02042	0.00733	0.04557	0.08340	0.69646	0.08428	0.01009	0.00435	0.00135	0.00205	0.00906	0.00333	0.00306
7	0.01112	0.42112	0.01388	0.03254	0.01031	0.39669	0.00646	0.05391	0.00882	0.00907	0.00531	0.00616	0.00456	0.00334	0.00275	0.00084	0.00492	0.00214	0.00173	0.00434
8	0.00546	0.00353	0.00470	0.00486	0.00534	0.00346	0.00338	0.00600	0.00630	0.05385	0.04018	0.35957	0.01579	0.18005	0.16909	0.08033	0.00382	0.01870	0.00265	0.03294
9	0.00757	0.00821	0.04537	0.01098	0.06893	0.03816	0.29064	0.00918	0.00677	0.00946	0.00721	0.05231	0.00685	0.12049	0.00832	0.00158	0.29821	0.00397	0.00179	0.00402
10	0.00672	0.00428	0.00504	0.00458	0.00592	0.00393	0.00352	0.03017	0.05667	0.14140	0.29569	0.05233	0.33698	0.00717	0.00394	0.00113	0.00203	0.00609	0.02870	0.00375
11	0.01755	0.00538	0.00643	0.03519	0.04446	0.05366	0.00494	0.05099	0.02910	0.06925	0.02467	0.32880	0.03672	0.00778	0.01301	0.00132	0.07160	0.11500	0.08046	0.00368
12	0.00939	0.10275	0.28595	0.06829	0.14953	0.22605	0.02586	0.03068	0.03449	0.02624	0.00639	0.00757	0.00496	0.00341	0.00323	0.00101	0.00497	0.00264	0.00177	0.00481
13	0.00685	0.00586	0.02314	0.04274	0.13202	0.02220	0.06229	0.05062	0.01876	0.03679	0.01003	0.06483	0.03214	0.12630	0.31366	0.00304	0.03860	0.00418	0.00214	0.00380
14	0.00440	0.00320	0.00413	0.00472	0.00508	0.00303	0.00324	0.00508	0.00673	0.00889	0.03225	0.62004	0.11902	0.07200	0.06346	0.00181	0.00262	0.03437	0.00308	0.00283
15	0.04003	0.02740	0.16497	0.03816	0.16827	0.05994	0.16969	0.07277	0.06830	0.06656	0.00867	0.08392	0.00723	0.00411	0.00357	0.00111	0.00437	0.00377	0.00226	0.00490
16	0.04622	0.03533	0.15751	0.04642	0.16899	0.03510	0.00817	0.20819	0.07471	0.04733	0.00765	0.01870	0.00591	0.00384	0.00379	0.00106	0.05689	0.00300	0.00238	0.06884

[dist]
# distance from previous block
# <min> <max>
9	48

[block]
# block no. 8 follows, 80 sequences, length 6
# corresponding to MSA columns:
# 1144-1149
name=unknown_I
#
# <colnr> <probs for GDERKNQSTAVLIFYWHMCP>
#	G	D	E	R	K	N	Q	S	T	A	V	L	I	F	Y	W	H	M	C	P
0	0.00573	0.00376	0.00526	0.00524	0.00560	0.00413	0.00384	0.00619	0.04554	0.00767	0.00916	0.01568	0.00915	0.12870	0.28330	0.34521	0.03610	0.07527	0.00195	0.00252
1	0.00666	0.00661	0.06315	0.07189	0.06880	0.00630	0.18959	0.00848	0.00694	0.04074	0.02984	0.09863	0.02533	0.02882	0.27321	0.00263	0.06200	0.00439	0.00207	0.00391
2	0.00759	0.09285	0.11156	0.00712	0.04705	0.09069	0.03132	0.05956	0.08980	0.03146	0.09913	0.01865	0.25092	0.00573	0.00364	0.00110	0.00335	0.04156	0.00273	0.00419
3	0.05065	0.00927	0.04226	0.00727	0.00978	0.09863	0.00605	0.39030	0.10196	0.15617	0.01167	0.01125	0.07994	0.00453	0.00345	0.00107	0.00366	0.00348	0.00330	0.00531
4	0.00933	0.00961	0.03113	0.13057	0.08246	0.18257	0.11780	0.09831	0.07203	0.02599	0.02809	0.00923	0.00631	0.00510	0.03685	0.02613	0.11872	0.00322	0.00211	0.00445
5	0.00827	0.05036	0.09324	0.02478	0.02491	0.09036	0.04075	0.06450	0.27486	0.01208	0.07411	0.05472	0.03794	0.03270	0.01892	0.00129	0.08497	0.00400	0.00266	0.00456

[dist]
# distance from previous block
# <min> <max>
0	1

[block]
# block no. 9 follows, 80 sequences, length 6
# corresponding to MSA columns:
# 1151-1156
name=unknown_J
#
# <colnr> <probs for GDERKNQSTAVLIFYWHMCP>
#	G	D	E	R	K	N	Q	S	T	A	V	L	I	F	Y	W	H	M	C	P
0	0.00433	0.00324	0.00404	0.00459	0.00510	0.00295	0.00323	0.00511	0.00722	0.00936	0.06266	0.57790	0.23172	0.01016	0.00437	0.00135	0.00201	0.05450	0.00327	0.00290
1	0.04275	0.04341	0.04472	0.04614	0.15318	0.03733	0.23572	0.01115	0.07765	0.05701	0.00770	0.02594	0.00629	0.02412	0.02382	0.00126	0.09525	0.00345	0.00206	0.06105
2	0.03474	0.24575	0.25614	0.00925	0.01267	0.06009	0.18693	0.03405	0.02724	0.01068	0.03109	0.00793	0.00566	0.00342	0.00348	0.00101	0.03785	0.00284	0.00177	0.02742
3	0.00510	0.00346	0.00409	0.00414	0.00426	0.00352	0.00255	0.00532	0.00532	0.00713	0.01132	0.02303	0.01279	0.74089	0.09697	0.00348	0.00394	0.05825	0.00216	0.00228
4	0.00843	0.00808	0.01380	0.10490	0.77371	0.00824	0.01061	0.01053	0.00785	0.01115	0.00653	0.00870	0.00544	0.00315	0.00346	0.00105	0.00419	0.00311	0.00171	0.00536
5	0.01066	0.02569	0.04725	0.11772	0.05920	0.21505	0.04896	0.13643	0.03764	0.13012	0.00832	0.05247	0.00665	0.00479	0.02403	0.00120	0.06332	0.00335	0.00246	0.00469

[dist]
# distance from previous block
# <min> <max>
83	204

[block]
# block no. 10 follows, 80 sequences, length 32
# corresponding to MSA columns:
# 1950-1957,2064-2087
name=unknown_K
#
# <colnr> <probs for GDERKNQSTAVLIFYWHMCP>
#	G	D	E	R	K	N	Q	S	T	A	V	L	I	F	Y	W	H	M	C	P
0	0.02556	0.07932	0.16127	0.00879	0.02515	0.07258	0.15430	0.10950	0.04337	0.12147	0.01023	0.13022	0.02420	0.00476	0.00358	0.00112	0.00414	0.01313	0.00256	0.00474
1	0.00425	0.00305	0.00404	0.00482	0.00505	0.00284	0.00322	0.00486	0.00671	0.00892	0.01965	0.85320	0.04471	0.01088	0.00444	0.00141	0.00202	0.00985	0.00324	0.00284
2	0.00443	0.00344	0.02487	0.00488	0.00521	0.00301	0.00339	0.00512	0.00668	0.00901	0.03475	0.76816	0.02190	0.06309	0.00519	0.00151	0.00217	0.00924	0.02108	0.00286
3	0.08467	0.02408	0.00997	0.00917	0.09474	0.18932	0.02514	0.27556	0.22457	0.01524	0.00867	0.00890	0.00657	0.00397	0.00331	0.00105	0.00406	0.00305	0.00279	0.00516
4	0.04156	0.01558	0.00968	0.00869	0.01058	0.76564	0.00657	0.04647	0.01002	0.04590	0.00585	0.00659	0.00471	0.00364	0.00314	0.00092	0.00594	0.00233	0.00198	0.00419
5	0.00473	0.00377	0.00427	0.00414	0.00519	0.00343	0.00310	0.00646	0.05971	0.01156	0.36249	0.05973	0.44284	0.00798	0.00410	0.00115	0.00179	0.00683	0.00350	0.00324
6	0.00449	0.00337	0.00413	0.00431	0.00499	0.00305	0.00307	0.00553	0.00814	0.01084	0.32733	0.32015	0.24593	0.03269	0.00461	0.00129	0.00186	0.00780	0.00343	0.00301
7	0.00430	0.00351	0.00374	0.00374	0.00476	0.00301	0.00275	0.00523	0.00802	0.00993	0.15333	0.07263	0.64952	0.05411	0.00485	0.00129	0.00185	0.00721	0.00327	0.00295
8	0.00851	0.00744	0.00868	0.00784	0.03649	0.00838	0.05509	0.03773	0.69857	0.01434	0.04961	0.01353	0.02848	0.00475	0.00362	0.00117	0.00295	0.00408	0.00339	0.00534
9	0.90202	0.00675	0.00513	0.00459	0.00675	0.00783	0.00378	0.01026	0.00594	0.01565	0.00486	0.00567	0.00378	0.00324	0.00216	0.00108	0.00270	0.00189	0.00216	0.00378
10	0.50356	0.04022	0.07316	0.01884	0.00889	0.04036	0.00548	0.22102	0.00897	0.02794	0.00612	0.00676	0.00459	0.00352	0.00267	0.00105	0.00336	0.00233	0.01667	0.00449
11	0.07264	0.00765	0.00771	0.00684	0.00875	0.05504	0.00537	0.13280	0.48432	0.03696	0.04879	0.05804	0.01104	0.00508	0.00353	0.00116	0.00303	0.03393	0.01231	0.00504
12	0.01304	0.00920	0.01001	0.00777	0.01048	0.01009	0.00639	0.68869	0.09566	0.09827	0.00943	0.00914	0.00663	0.00425	0.00350	0.00106	0.00366	0.00325	0.00357	0.00589
13	0.05628	0.00467	0.00534	0.04252	0.00672	0.04931	0.00400	0.04015	0.00717	0.05526	0.01494	0.53016	0.01683	0.08973	0.04206	0.00169	0.01969	0.00731	0.00290	0.00325
14	0.02160	0.00428	0.00501	0.00471	0.00604	0.00393	0.00356	0.00864	0.07871	0.17442	0.09131	0.20116	0.36751	0.00782	0.00399	0.00120	0.00214	0.00669	0.00350	0.00376
15	0.00916	0.04247	0.09622	0.00809	0.01104	0.13153	0.12071	0.11064	0.05982	0.02373	0.02098	0.00822	0.00590	0.00337	0.00334	0.00087	0.02334	0.00277	0.00221	0.31558
16	0.75215	0.02921	0.04792	0.00544	0.00778	0.06779	0.02549	0.01058	0.00637	0.01464	0.00502	0.00589	0.00391	0.00325	0.00234	0.00106	0.00317	0.00200	0.00207	0.00390
17	0.00462	0.00330	0.00429	0.00487	0.00523	0.00313	0.00344	0.00539	0.00698	0.00927	0.08083	0.52999	0.06012	0.12457	0.00622	0.00167	0.00235	0.13777	0.00313	0.00284
18	0.00854	0.01351	0.49920	0.00861	0.01271	0.00773	0.02350	0.10155	0.08170	0.08393	0.00834	0.00884	0.02096	0.00363	0.00332	0.00104	0.00429	0.00289	0.00221	0.10348
19	0.00920	0.21900	0.09275	0.01008	0.01304	0.05683	0.30126	0.07916	0.05344	0.03234	0.00679	0.00812	0.00533	0.00353	0.00408	0.00106	0.08201	0.00311	0.00196	0.01690
20	0.00727	0.00649	0.01046	0.66944	0.02071	0.00803	0.02411	0.03852	0.00731	0.04017	0.02587	0.00955	0.00549	0.00393	0.00447	0.00120	0.10801	0.00320	0.00177	0.00402
21	0.00441	0.00345	0.00400	0.00407	0.00494	0.00304	0.00298	0.00549	0.00833	0.01081	0.29903	0.19573	0.42386	0.00869	0.00419	0.00120	0.00178	0.00752	0.00344	0.00304
22	0.00495	0.00370	0.00428	0.00442	0.02000	0.00335	0.00318	0.00597	0.00796	0.03825	0.14323	0.17944	0.47608	0.00836	0.00423	0.00119	0.02364	0.00711	0.05748	0.00316
23	0.09744	0.01240	0.02806	0.06095	0.07733	0.44339	0.07165	0.06119	0.00905	0.03004	0.00610	0.00742	0.00490	0.00439	0.03284	0.00117	0.04277	0.00265	0.00195	0.00431
24	0.00893	0.59023	0.24781	0.00720	0.01075	0.02804	0.00791	0.04660	0.00762	0.00959	0.00540	0.00621	0.00452	0.00314	0.00260	0.00086	0.00417	0.00212	0.00158	0.00472
25	0.00433	0.00319	0.00405	0.00467	0.00508	0.00294	0.00323	0.00505	0.00701	0.00915	0.04293	0.64376	0.16901	0.03140	0.00473	0.00142	0.00206	0.04989	0.00323	0.00287
26	0.01043	0.00753	0.00991	0.18047	0.09347	0.01771	0.02726	0.32584	0.01117	0.13351	0.05090	0.01088	0.02413	0.00596	0.07373	0.00145	0.00429	0.00348	0.00287	0.00501
27	0.00752	0.00576	0.00810	0.21756	0.07008	0.03884	0.04335	0.00945	0.04428	0.12535	0.07998	0.11694	0.13558	0.00650	0.02692	0.00131	0.00351	0.05218	0.00277	0.00402
28	0.00750	0.00575	0.00791	0.13379	0.03262	0.01836	0.05904	0.10432	0.08031	0.07174	0.01284	0.21481	0.03873	0.08729	0.07753	0.00179	0.00389	0.03505	0.00275	0.00398
29	0.00664	0.00428	0.00506	0.00490	0.00578	0.00422	0.00349	0.02548	0.10461	0.10954	0.03819	0.19993	0.12922	0.28590	0.00844	0.00194	0.00272	0.05322	0.00306	0.00339
30	0.02640	0.00800	0.01050	0.00832	0.04110	0.06831	0.15576	0.07911	0.05529	0.01202	0.00689	0.00818	0.00555	0.00378	0.02455	0.00096	0.05399	0.00277	0.00215	0.42637
31	0.00923	0.17088	0.01614	0.01251	0.15531	0.09354	0.33216	0.05955	0.06671	0.01121	0.00718	0.00906	0.00581	0.00341	0.00359	0.00105	0.01548	0.02038	0.00196	0.00482

[dist]
# distance from previous block
# <min> <max>
5	23

[block]
# block no. 11 follows, 80 sequences, length 10
# corresponding to MSA columns:
# 2252-2261
name=unknown_L
#
# <colnr> <probs for GDERKNQSTAVLIFYWHMCP>
#	G	D	E	R	K	N	Q	S	T	A	V	L	I	F	Y	W	H	M	C	P
0	0.11221	0.00611	0.00624	0.00580	0.00687	0.07171	0.00433	0.07437	0.13070	0.01082	0.01011	0.07817	0.00974	0.21450	0.20959	0.00273	0.03583	0.00414	0.00242	0.00361
1	0.01108	0.13638	0.06141	0.00642	0.00881	0.00762	0.00558	0.21488	0.02882	0.27420	0.01170	0.08859	0.03902	0.07023	0.00446	0.00123	0.00331	0.00395	0.01737	0.00495
2	0.04127	0.01119	0.00879	0.00845	0.07274	0.39710	0.00603	0.08599	0.10391	0.02976	0.01019	0.05827	0.07630	0.00451	0.00333	0.00099	0.00444	0.00343	0.00243	0.07090
3	0.00923	0.00793	0.01116	0.00849	0.01107	0.10062	0.23843	0.03623	0.00858	0.13982	0.06759	0.01106	0.03704	0.00502	0.05113	0.00121	0.02276	0.00350	0.00248	0.22666
4	0.00892	0.25738	0.09760	0.00673	0.00930	0.10436	0.02253	0.03022	0.10880	0.07111	0.06903	0.02551	0.06691	0.00438	0.00316	0.00096	0.00362	0.02593	0.00243	0.08109
5	0.00731	0.00562	0.00723	0.02668	0.05192	0.02613	0.04220	0.05635	0.09128	0.08413	0.13067	0.13919	0.14134	0.00711	0.02708	0.00129	0.02698	0.06717	0.00308	0.05724
6	0.00600	0.02690	0.05286	0.00548	0.00666	0.02980	0.02057	0.02558	0.02571	0.00958	0.07472	0.18197	0.11633	0.05581	0.00660	0.17877	0.00289	0.09149	0.00258	0.07970
7	0.00912	0.50688	0.21175	0.05507	0.01174	0.01112	0.05601	0.01111	0.00746	0.08185	0.00614	0.00697	0.00488	0.00320	0.00277	0.00091	0.00417	0.00237	0.00175	0.00474
8	0.08379	0.00679	0.01096	0.57671	0.23669	0.00790	0.00945	0.00949	0.00714	0.01013	0.00618	0.00882	0.00480	0.00337	0.00337	0.00112	0.00435	0.00300	0.00165	0.00429
9	0.03109	0.00899	0.02879	0.03201	0.23957	0.07444	0.16778	0.12153	0.11456	0.04101	0.00870	0.02680	0.01975	0.00402	0.00404	0.00112	0.05278	0.01565	0.00235	0.00501

[dist]
# distance from previous block
# <min> <max>
0	3

[block]
# block no. 12 follows, 80 sequences, length 12
# corresponding to MSA columns:
# 2322-2333
name=unknown_M
#
# <colnr> <probs for GDERKNQSTAVLIFYWHMCP>
#	G	D	E	R	K	N	Q	S	T	A	V	L	I	F	Y	W	H	M	C	P
0	0.13428	0.13060	0.05960	0.00983	0.01288	0.00912	0.34811	0.13123	0.00896	0.07712	0.00757	0.04173	0.00595	0.00360	0.00342	0.00108	0.00443	0.00345	0.00227	0.00477
1	0.11974	0.00835	0.00871	0.00695	0.00944	0.05931	0.00566	0.37563	0.07187	0.24496	0.04730	0.00999	0.00786	0.00424	0.00335	0.00106	0.00344	0.00324	0.00347	0.00542
2	0.00608	0.00329	0.00480	0.00465	0.00490	0.00322	0.00319	0.00494	0.00480	0.00655	0.00627	0.01056	0.00616	0.01230	0.06358	0.78278	0.00338	0.00301	0.00157	0.06398
3	0.00690	0.00588	0.00782	0.00698	0.01989	0.05263	0.10843	0.00893	0.08889	0.06919	0.08094	0.22449	0.17047	0.02943	0.00509	0.00130	0.08500	0.02104	0.00292	0.00378
4	0.59106	0.00696	0.00648	0.00539	0.00775	0.00762	0.00445	0.12023	0.00819	0.20209	0.00728	0.00739	0.00513	0.00360	0.00263	0.00108	0.00291	0.00241	0.00281	0.00453
5	0.16574	0.00593	0.00725	0.00586	0.00825	0.00560	0.00484	0.03018	0.02471	0.58926	0.01235	0.01261	0.00855	0.00447	0.00331	0.00110	0.00289	0.05703	0.04480	0.00526
6	0.05525	0.00694	0.00696	0.00603	0.00767	0.08275	0.00473	0.22898	0.09424	0.03992	0.27740	0.05511	0.01606	0.00545	0.00356	0.00107	0.00288	0.01621	0.08444	0.00435
7	0.00924	0.00779	0.00722	0.00634	0.00808	0.15401	0.00492	0.13889	0.19278	0.08674	0.15141	0.04484	0.13798	0.00561	0.00365	0.00109	0.00317	0.00456	0.02721	0.00447
8	0.00470	0.00343	0.00446	0.00512	0.00565	0.00325	0.00386	0.00564	0.00724	0.00939	0.02107	0.45232	0.14523	0.04368	0.00503	0.00152	0.00242	0.26987	0.00319	0.00294
9	0.06281	0.00672	0.00786	0.00630	0.00862	0.00677	0.00511	0.24019	0.06999	0.39470	0.01183	0.05039	0.00847	0.00453	0.00336	0.00107	0.00299	0.00362	0.09935	0.00536
10	0.01158	0.07170	0.01141	0.04635	0.10162	0.27351	0.04188	0.28796	0.04054	0.03661	0.00728	0.02023	0.00571	0.00389	0.00352	0.00101	0.02484	0.00294	0.00246	0.00496
11	0.00523	0.00378	0.00497	0.03534	0.00645	0.00375	0.00413	0.04729	0.00770	0.01029	0.07602	0.46955	0.04310	0.04392	0.00491	0.00147	0.00250	0.20477	0.02169	0.00313

[dist]
# distance from previous block
# <min> <max>
9	53

# created by:
# /usr/local/bin/augustus/scripts/msa2prfl.pl /tmp/new_cug2/actin-related-protein-class-7.fasta
