[name]
unknown

[dist]
# distance from previous block
# <min> <max>
0	10

[block]
# block no. 0 follows, 83 sequences, length 14
# corresponding to MSA columns:
# 350-357,360-365
name=unknown_A
#
# <colnr> <probs for GDERKNQSTAVLIFYWHMCP>
#	G	D	E	R	K	N	Q	S	T	A	V	L	I	F	Y	W	H	M	C	P
0	0.00430	0.00322	0.00393	0.00430	0.00485	0.00293	0.00302	0.00511	0.00721	0.00941	0.14328	0.43147	0.24742	0.07148	0.00513	0.00141	0.00199	0.04358	0.00315	0.00281
1	0.00469	0.00347	0.00414	0.00402	0.00495	0.00307	0.00299	0.00591	0.00862	0.03206	0.45236	0.09453	0.35127	0.00779	0.00401	0.00112	0.00170	0.00673	0.00347	0.00309
2	0.00422	0.00335	0.00378	0.00398	0.00483	0.00294	0.00293	0.00511	0.00756	0.00945	0.10698	0.21861	0.52068	0.03152	0.00446	0.00127	0.00189	0.06040	0.00317	0.00286
3	0.00891	0.82786	0.07161	0.00604	0.00907	0.01305	0.00622	0.01018	0.00690	0.00815	0.00480	0.00554	0.00434	0.00292	0.00224	0.00075	0.00371	0.00186	0.00145	0.00439
4	0.01265	0.01614	0.00960	0.00873	0.01047	0.86735	0.00655	0.01353	0.00960	0.00829	0.00524	0.00611	0.00436	0.00349	0.00305	0.00087	0.00611	0.00218	0.00175	0.00393
5	0.90488	0.00655	0.00498	0.00445	0.00655	0.00760	0.00367	0.00996	0.00576	0.01520	0.00472	0.00550	0.00367	0.00314	0.00210	0.00105	0.00262	0.00183	0.00210	0.00367
6	0.01271	0.00888	0.01027	0.00787	0.01057	0.00959	0.05086	0.65717	0.05437	0.12913	0.00901	0.00884	0.00628	0.00404	0.00343	0.00103	0.00367	0.00318	0.00341	0.00568
7	0.00521	0.00418	0.00552	0.00548	0.00610	0.04398	0.00420	0.00632	0.00560	0.00780	0.00900	0.01355	0.00853	0.07959	0.77280	0.00509	0.00856	0.00365	0.00183	0.00300
8	0.00922	0.03063	0.41115	0.02396	0.05529	0.15590	0.03014	0.07712	0.08659	0.07707	0.00737	0.00800	0.00537	0.00351	0.00325	0.00103	0.00465	0.00274	0.00206	0.00494
9	0.00414	0.00341	0.00364	0.00364	0.00468	0.00291	0.00271	0.00511	0.00797	0.00988	0.17373	0.07628	0.67334	0.00841	0.00402	0.00114	0.00171	0.00711	0.00324	0.00291
10	0.00838	0.00805	0.01375	0.02079	0.85982	0.00805	0.01040	0.01040	0.00771	0.01107	0.00637	0.00838	0.00537	0.00302	0.00335	0.00101	0.00402	0.00302	0.00168	0.00537
11	0.00778	0.00431	0.00529	0.00477	0.00572	0.00417	0.00341	0.06206	0.00734	0.20803	0.05618	0.05786	0.04549	0.42268	0.04278	0.00232	0.00322	0.05034	0.00286	0.00337
12	0.78498	0.05973	0.00606	0.00473	0.00691	0.00799	0.00396	0.04535	0.00638	0.04189	0.00513	0.00580	0.00395	0.00320	0.00220	0.00103	0.00274	0.00193	0.00218	0.00386
13	0.00655	0.01536	0.02707	0.04263	0.00748	0.04527	0.00443	0.04842	0.05323	0.00953	0.01816	0.03755	0.00863	0.22276	0.19077	0.00244	0.04395	0.00361	0.02054	0.19161

[dist]
# distance from previous block
# <min> <max>
16	26

[block]
# block no. 1 follows, 83 sequences, length 9
# corresponding to MSA columns:
# 523-531
name=unknown_B
#
# <colnr> <probs for GDERKNQSTAVLIFYWHMCP>
#	G	D	E	R	K	N	Q	S	T	A	V	L	I	F	Y	W	H	M	C	P
0	0.00797	0.00771	0.09148	0.22296	0.11817	0.04251	0.00739	0.07926	0.09722	0.07495	0.06942	0.06665	0.06313	0.00469	0.00374	0.00111	0.03084	0.00394	0.00245	0.00441
1	0.00562	0.00422	0.00510	0.00484	0.00585	0.00423	0.00365	0.06727	0.05227	0.02955	0.16123	0.15434	0.24165	0.03404	0.15457	0.01691	0.01976	0.00586	0.00295	0.02608
2	0.00612	0.00508	0.00717	0.00664	0.00701	0.00644	0.00529	0.00706	0.00569	0.03454	0.00895	0.14770	0.00907	0.01390	0.33273	0.00292	0.35289	0.00429	0.03316	0.00334
3	0.00430	0.00341	0.00434	0.00446	0.00520	0.00306	0.03190	0.00516	0.00729	0.00936	0.10910	0.40308	0.35137	0.03616	0.00455	0.00130	0.00200	0.00796	0.00312	0.00288
4	0.50219	0.05666	0.00764	0.00577	0.00815	0.00882	0.00482	0.30339	0.00956	0.05568	0.00631	0.00669	0.00465	0.00350	0.00261	0.00102	0.00308	0.00233	0.00261	0.00453
5	0.06189	0.08271	0.06251	0.00843	0.01059	0.61948	0.03236	0.06572	0.00938	0.00971	0.00545	0.00631	0.00443	0.00343	0.00299	0.00090	0.00549	0.00226	0.00183	0.00415
6	0.00840	0.10086	0.11463	0.01098	0.01402	0.05056	0.43136	0.07889	0.04037	0.01114	0.00779	0.00927	0.03984	0.00354	0.00408	0.00109	0.06322	0.00348	0.00190	0.00457
7	0.00479	0.00358	0.00449	0.00464	0.00531	0.00353	0.00342	0.00592	0.02838	0.02362	0.11094	0.25676	0.23618	0.07747	0.14270	0.00208	0.02293	0.05739	0.00290	0.00298
8	0.00850	0.07406	0.03997	0.07479	0.17390	0.12738	0.04942	0.09186	0.05491	0.03396	0.02724	0.13010	0.04222	0.00515	0.01769	0.00114	0.03702	0.00405	0.00228	0.00436

[dist]
# distance from previous block
# <min> <max>
3	14

[block]
# block no. 2 follows, 83 sequences, length 30
# corresponding to MSA columns:
# 658-674,688-700
name=unknown_C
#
# <colnr> <probs for GDERKNQSTAVLIFYWHMCP>
#	G	D	E	R	K	N	Q	S	T	A	V	L	I	F	Y	W	H	M	C	P
0	0.00509	0.00440	0.02081	0.00505	0.00610	0.00426	0.03153	0.00689	0.08223	0.00948	0.07949	0.09959	0.30227	0.08342	0.19191	0.00226	0.03102	0.00561	0.00268	0.02591
1	0.01272	0.00897	0.00968	0.00750	0.01011	0.02145	0.00617	0.69926	0.04890	0.10404	0.03082	0.00907	0.00686	0.00417	0.00340	0.00102	0.00358	0.00318	0.00346	0.00565
2	0.45128	0.00897	0.03012	0.00671	0.00906	0.10938	0.05492	0.25037	0.00928	0.01564	0.00591	0.00662	0.00447	0.00349	0.00290	0.00103	0.02070	0.00239	0.00237	0.00439
3	0.00525	0.00352	0.00423	0.00422	0.00515	0.00313	0.00313	0.00631	0.00803	0.07882	0.23014	0.22397	0.33911	0.00816	0.00399	0.00117	0.00188	0.03260	0.03402	0.00317
4	0.00689	0.00584	0.00792	0.00674	0.00818	0.03143	0.11694	0.05093	0.15095	0.04455	0.19590	0.09436	0.11359	0.02318	0.06220	0.00148	0.05681	0.01526	0.00293	0.00391
5	0.00472	0.00350	0.00420	0.00404	0.00454	0.00334	0.02427	0.00523	0.00618	0.00801	0.07950	0.03615	0.25066	0.49283	0.05662	0.00255	0.00307	0.00561	0.00248	0.00249
6	0.00749	0.00734	0.01236	0.43487	0.36916	0.02936	0.07154	0.00966	0.00732	0.00981	0.00621	0.00870	0.00491	0.00320	0.00341	0.00107	0.00444	0.00307	0.00160	0.00449
7	0.00640	0.00602	0.01016	0.87281	0.02333	0.00753	0.00941	0.00866	0.00677	0.00866	0.00602	0.00903	0.00452	0.00339	0.00339	0.00113	0.00452	0.00301	0.00151	0.00376
8	0.00722	0.00601	0.00704	0.00504	0.00804	0.00453	0.00404	0.00872	0.00709	0.03131	0.00620	0.00713	0.00510	0.00255	0.00253	0.00051	0.00252	0.00204	0.00206	0.88032
9	0.00596	0.00519	0.00670	0.00627	0.02693	0.00620	0.00474	0.04124	0.00635	0.00871	0.01431	0.04673	0.22228	0.17503	0.09729	0.00211	0.31390	0.00469	0.00218	0.00320
10	0.00712	0.12606	0.65593	0.07298	0.02699	0.00857	0.02219	0.01061	0.02065	0.01029	0.00604	0.00720	0.00444	0.00320	0.00311	0.00103	0.00475	0.00250	0.00148	0.00484
11	0.00699	0.00670	0.01124	0.06717	0.17460	0.02842	0.21853	0.04503	0.00742	0.01007	0.01003	0.25755	0.01029	0.03289	0.01434	0.01090	0.07648	0.00519	0.00217	0.00399
12	0.84011	0.00707	0.00533	0.00474	0.00684	0.04672	0.00387	0.03292	0.00622	0.01505	0.00483	0.00560	0.00376	0.00319	0.00218	0.00104	0.00281	0.00188	0.00212	0.00374
13	0.00839	0.00953	0.01603	0.01208	0.01443	0.12347	0.52502	0.01045	0.00754	0.00985	0.00639	0.03029	0.00532	0.00383	0.00548	0.00119	0.20110	0.00367	0.00170	0.00424
14	0.00429	0.00296	0.00387	0.00460	0.00484	0.00278	0.00309	0.00495	0.00653	0.00894	0.01811	0.81488	0.02139	0.01012	0.00418	0.00133	0.00194	0.00915	0.06925	0.00278
15	0.00718	0.00602	0.00658	0.00603	0.00755	0.00675	0.00463	0.01398	0.57351	0.01303	0.14975	0.01637	0.06842	0.04056	0.06293	0.00151	0.00290	0.00444	0.00331	0.00457
16	0.01156	0.00926	0.01127	0.00865	0.01127	0.04858	0.14016	0.60279	0.02469	0.03276	0.00858	0.05900	0.00667	0.00424	0.00353	0.00105	0.00402	0.00356	0.00305	0.00531
17	0.00588	0.00294	0.00441	0.00441	0.00441	0.00294	0.00294	0.00441	0.00441	0.00588	0.00588	0.01030	0.00588	0.01177	0.01324	0.90144	0.00294	0.00294	0.00147	0.00147
18	0.00775	0.05632	0.61466	0.00887	0.01298	0.07148	0.01050	0.07658	0.03588	0.01116	0.00659	0.00784	0.00496	0.02628	0.03280	0.00124	0.00494	0.00263	0.00170	0.00482
19	0.00568	0.00436	0.00510	0.00525	0.00614	0.00450	0.00385	0.02846	0.22231	0.02211	0.04441	0.44892	0.11471	0.00834	0.00401	0.00127	0.00221	0.04881	0.01598	0.00358
20	0.00699	0.01615	0.72531	0.01041	0.01516	0.00798	0.14923	0.01075	0.00729	0.01075	0.00621	0.00748	0.00443	0.00316	0.00335	0.00108	0.00512	0.00275	0.00148	0.00493
21	0.02411	0.00865	0.04076	0.07639	0.41229	0.03535	0.00869	0.19193	0.06920	0.01305	0.00701	0.00843	0.00557	0.00366	0.00401	0.00107	0.07954	0.00301	0.00214	0.00511
22	0.03862	0.00770	0.09964	0.00804	0.01070	0.00633	0.22459	0.05094	0.03307	0.09298	0.00876	0.06303	0.00715	0.00385	0.00344	0.00097	0.02456	0.01462	0.11391	0.18709
23	0.00414	0.00342	0.00363	0.00361	0.00467	0.00291	0.00270	0.00510	0.00798	0.00985	0.16719	0.06170	0.69465	0.00838	0.00401	0.00114	0.00171	0.00707	0.00324	0.00291
24	0.00588	0.00294	0.00441	0.00441	0.00441	0.00294	0.00294	0.00441	0.00441	0.00588	0.00588	0.01030	0.00588	0.01177	0.01324	0.90144	0.00294	0.00294	0.00147	0.00147
25	0.00917	0.85616	0.01750	0.00589	0.00875	0.03983	0.00582	0.01025	0.00697	0.00798	0.00473	0.00545	0.00435	0.00292	0.00220	0.00073	0.00370	0.00182	0.00146	0.00433
26	0.03778	0.02801	0.03558	0.02655	0.00754	0.08094	0.00501	0.04996	0.03532	0.00917	0.00841	0.01161	0.00753	0.01908	0.61694	0.00415	0.00772	0.00332	0.00192	0.00346
27	0.07317	0.00554	0.02724	0.00511	0.00669	0.00563	0.00413	0.08273	0.20903	0.08792	0.03232	0.03960	0.03847	0.00462	0.00302	0.00100	0.00236	0.02466	0.34257	0.00419
28	0.00473	0.00328	0.00392	0.00414	0.00434	0.00316	0.00257	0.00503	0.00563	0.00754	0.01369	0.30914	0.02745	0.52700	0.01194	0.00248	0.00279	0.02580	0.00246	0.03292
29	0.05344	0.19844	0.00804	0.00529	0.00656	0.07776	0.00423	0.00806	0.04437	0.00895	0.07581	0.03532	0.05777	0.16838	0.20855	0.00243	0.00464	0.02646	0.00215	0.00335

[dist]
# distance from previous block
# <min> <max>
4	33

[block]
# block no. 3 follows, 83 sequences, length 44
# corresponding to MSA columns:
# 785-797,860-864,870-889,916-921
name=unknown_D
#
# <colnr> <probs for GDERKNQSTAVLIFYWHMCP>
#	G	D	E	R	K	N	Q	S	T	A	V	L	I	F	Y	W	H	M	C	P
0	0.16765	0.34681	0.13096	0.01842	0.04504	0.08325	0.03101	0.06923	0.03895	0.01107	0.00637	0.00711	0.02471	0.00332	0.00267	0.00092	0.00387	0.00236	0.00185	0.00443
1	0.00853	0.00685	0.00921	0.02716	0.15023	0.01486	0.05038	0.15324	0.12361	0.06682	0.06284	0.03602	0.06549	0.02469	0.02956	0.00127	0.09903	0.00388	0.03739	0.02892
2	0.01755	0.10286	0.03432	0.01914	0.02423	0.18396	0.00703	0.08729	0.00761	0.05456	0.00554	0.00723	0.00475	0.00467	0.00689	0.00118	0.42245	0.00269	0.00186	0.00418
3	0.00414	0.00296	0.00394	0.00471	0.00492	0.00276	0.00315	0.00475	0.00655	0.00875	0.03612	0.86100	0.02260	0.01054	0.00432	0.00137	0.00196	0.00956	0.00316	0.00276
4	0.00481	0.00380	0.00438	0.00431	0.00528	0.00359	0.00320	0.00688	0.10304	0.01127	0.33279	0.15208	0.33639	0.00782	0.00399	0.00115	0.00182	0.00677	0.00339	0.00325
5	0.00623	0.00369	0.00490	0.00497	0.00574	0.00354	0.00362	0.00737	0.02868	0.14414	0.10021	0.44298	0.03914	0.03390	0.12370	0.00189	0.00311	0.01863	0.02020	0.00337
6	0.02659	0.00763	0.00810	0.00679	0.00889	0.00852	0.00544	0.36626	0.36122	0.01684	0.03324	0.01218	0.03872	0.00461	0.00339	0.00107	0.00300	0.02171	0.06062	0.00517
7	0.00684	0.01719	0.82954	0.00984	0.01478	0.00790	0.04604	0.01073	0.00719	0.01073	0.00611	0.00723	0.00433	0.00320	0.00325	0.00108	0.00503	0.00256	0.00144	0.00499
8	0.00939	0.00747	0.00878	0.00732	0.00949	0.00817	0.05578	0.23510	0.41536	0.04603	0.01154	0.02084	0.00903	0.00539	0.03818	0.00127	0.00341	0.05109	0.00319	0.05317
9	0.00668	0.00483	0.00548	0.00433	0.00639	0.00393	0.00338	0.00814	0.00718	0.02740	0.03707	0.02741	0.04163	0.01406	0.00280	0.00070	0.00216	0.00292	0.28806	0.50544
10	0.00491	0.00347	0.00448	0.00484	0.00528	0.00344	0.00360	0.00574	0.00657	0.00871	0.06557	0.16485	0.06069	0.29568	0.07536	0.00234	0.00329	0.27578	0.00271	0.00270
11	0.00885	0.00795	0.01093	0.00879	0.01110	0.00870	0.20353	0.13244	0.49415	0.01414	0.01121	0.01165	0.00853	0.00426	0.00381	0.00115	0.02722	0.02349	0.00297	0.00513
12	0.00421	0.00308	0.00394	0.00455	0.00490	0.00288	0.00311	0.00486	0.00658	0.00862	0.02012	0.66293	0.13978	0.05370	0.03726	0.00159	0.00229	0.02981	0.00304	0.00275
13	0.00759	0.00642	0.00768	0.05056	0.03347	0.00540	0.00472	0.08442	0.02624	0.01191	0.00639	0.00739	0.00518	0.00275	0.00268	0.00061	0.00277	0.00222	0.00213	0.72947
14	0.00753	0.01220	0.35375	0.01262	0.14027	0.03508	0.31341	0.01055	0.00776	0.01092	0.05768	0.00911	0.00643	0.00329	0.00356	0.00108	0.00495	0.00333	0.00172	0.00476
15	0.00435	0.00304	0.00388	0.00446	0.00468	0.00287	0.00293	0.00492	0.00640	0.00865	0.05114	0.66000	0.03791	0.15115	0.00633	0.00165	0.00215	0.00846	0.03233	0.00267
16	0.02695	0.00939	0.01143	0.00863	0.01143	0.01019	0.12168	0.71984	0.01467	0.01981	0.00790	0.00823	0.00564	0.00389	0.00345	0.00103	0.00398	0.00316	0.00314	0.00556
17	0.00941	0.00843	0.01054	0.05234	0.30914	0.13466	0.04338	0.10290	0.05795	0.08216	0.01028	0.01303	0.06010	0.00437	0.00352	0.00107	0.00399	0.08557	0.00241	0.00474
18	0.03384	0.01351	0.00976	0.00872	0.01033	0.63431	0.05717	0.01217	0.00885	0.00879	0.00652	0.00959	0.00591	0.00424	0.00394	0.00101	0.08010	0.08552	0.00187	0.00386
19	0.00831	0.00638	0.00710	0.00650	0.00823	0.00704	0.00520	0.08140	0.49941	0.06912	0.01544	0.02788	0.06681	0.00574	0.00370	0.00121	0.00278	0.15981	0.01316	0.00479
20	0.00906	0.88299	0.01775	0.00580	0.00869	0.01340	0.00580	0.01014	0.00688	0.00797	0.00471	0.00543	0.00435	0.00290	0.00217	0.00072	0.00362	0.00181	0.00145	0.00435
21	0.00775	0.00960	0.09106	0.01342	0.01679	0.00835	0.72638	0.01056	0.00780	0.01070	0.00713	0.03888	0.00565	0.00323	0.00412	0.00115	0.02714	0.00404	0.00173	0.00452
22	0.00469	0.00352	0.00409	0.00394	0.00497	0.00309	0.00299	0.00591	0.00859	0.03427	0.39206	0.02901	0.45133	0.00776	0.00400	0.00112	0.00174	0.03039	0.00343	0.00309
23	0.00450	0.00337	0.00414	0.00413	0.00489	0.00305	0.00302	0.00569	0.00844	0.01139	0.47501	0.16988	0.23761	0.03492	0.00447	0.00121	0.00176	0.01612	0.00343	0.00300
24	0.00493	0.00328	0.00369	0.00369	0.00369	0.00328	0.00205	0.00493	0.00493	0.00657	0.01067	0.02217	0.01232	0.88095	0.01724	0.00328	0.00328	0.00493	0.00205	0.00205
25	0.00679	0.01752	0.86340	0.00966	0.01466	0.00787	0.01252	0.01073	0.00715	0.01073	0.00608	0.00715	0.00429	0.00322	0.00322	0.00107	0.00501	0.00250	0.00143	0.00501
26	0.00679	0.01752	0.86340	0.00966	0.01466	0.00787	0.01252	0.01073	0.00715	0.01073	0.00608	0.00715	0.00429	0.00322	0.00322	0.00107	0.00501	0.00250	0.00143	0.00501
27	0.00485	0.00360	0.00529	0.00529	0.00584	0.00415	0.00404	0.00595	0.00540	0.00775	0.00921	0.01409	0.00881	0.10078	0.79261	0.00525	0.00856	0.00374	0.00184	0.00294
28	0.47514	0.04804	0.28396	0.00657	0.00964	0.07074	0.00689	0.01074	0.00670	0.04676	0.00554	0.00632	0.00414	0.00323	0.00259	0.00103	0.00370	0.00214	0.00191	0.00423
29	0.00484	0.00333	0.00383	0.00380	0.00400	0.00327	0.00230	0.00513	0.00571	0.00764	0.11281	0.02305	0.08041	0.68068	0.04329	0.00293	0.00316	0.00520	0.00233	0.00228
30	0.20348	0.17989	0.09544	0.00844	0.08264	0.14118	0.06605	0.06206	0.03096	0.07775	0.00634	0.00710	0.00490	0.00335	0.00297	0.00097	0.01744	0.00247	0.00206	0.00452
31	0.03470	0.01046	0.10368	0.00897	0.05272	0.06354	0.05789	0.53359	0.05561	0.01746	0.00769	0.00812	0.00561	0.00385	0.00350	0.00104	0.02039	0.00300	0.00282	0.00536
32	0.00459	0.00332	0.00461	0.00501	0.00546	0.00345	0.00369	0.00554	0.00630	0.00868	0.04045	0.39956	0.03737	0.02932	0.33889	0.00296	0.00480	0.06773	0.02537	0.00290
33	0.00531	0.00375	0.00518	0.00509	0.00558	0.00417	0.00378	0.00620	0.00574	0.03497	0.05359	0.02604	0.01111	0.25388	0.49004	0.00415	0.04138	0.03507	0.00210	0.00289
34	0.00734	0.00698	0.01186	0.47050	0.41831	0.00777	0.00987	0.00948	0.00722	0.00979	0.00619	0.00873	0.00492	0.00321	0.00337	0.00107	0.00428	0.00301	0.00159	0.00452
35	0.10879	0.00589	0.00620	0.00527	0.00702	0.02904	0.00421	0.16549	0.07553	0.17604	0.01020	0.01067	0.00754	0.00519	0.05212	0.00120	0.00297	0.00309	0.31915	0.00438
36	0.00815	0.00689	0.04160	0.00572	0.00839	0.00591	0.00477	0.16685	0.08327	0.04603	0.01119	0.01134	0.12046	0.00389	0.00302	0.00079	0.00276	0.00313	0.00261	0.46324
37	0.03221	0.00570	0.00657	0.00546	0.00735	0.02878	0.00433	0.10075	0.06188	0.19279	0.27301	0.03229	0.05168	0.00516	0.00347	0.00098	0.00252	0.02659	0.00333	0.15513
38	0.07365	0.00642	0.01753	0.00621	0.00891	0.00573	0.02912	0.09061	0.00954	0.57312	0.01099	0.01005	0.00721	0.00382	0.00320	0.00097	0.00299	0.00308	0.00356	0.13328
39	0.16725	0.00781	0.02571	0.00691	0.00921	0.04960	0.07467	0.29532	0.01059	0.16691	0.07398	0.01048	0.00818	0.05492	0.00403	0.00116	0.00345	0.00327	0.02184	0.00473
40	0.00454	0.00318	0.00407	0.00442	0.00463	0.00316	0.00289	0.00504	0.00589	0.00797	0.04589	0.41668	0.01719	0.33063	0.12570	0.00261	0.00339	0.00697	0.00259	0.00255
41	0.00605	0.00401	0.00491	0.00453	0.00569	0.00370	0.00351	0.03405	0.03151	0.09943	0.46640	0.02559	0.23601	0.00705	0.00394	0.00111	0.00194	0.05348	0.00358	0.00351
42	0.00775	0.00615	0.00740	0.00537	0.00825	0.00490	0.01332	0.02588	0.00734	0.07227	0.00655	0.00741	0.00526	0.00278	0.00289	0.00059	0.03114	0.00218	0.00217	0.78039
43	0.00545	0.00359	0.03217	0.00423	0.00440	0.00327	0.00282	0.00487	0.00475	0.00638	0.00823	0.01598	0.00897	0.43534	0.01486	0.43400	0.00318	0.00390	0.00175	0.00187

[dist]
# distance from previous block
# <min> <max>
3	52

[block]
# block no. 4 follows, 83 sequences, length 71
# corresponding to MSA columns:
# 982-1010,1024-1044,1120-1127,1143-1155
name=unknown_E
#
# <colnr> <probs for GDERKNQSTAVLIFYWHMCP>
#	G	D	E	R	K	N	Q	S	T	A	V	L	I	F	Y	W	H	M	C	P
0	0.00904	0.71127	0.02374	0.00688	0.04251	0.05678	0.04149	0.01027	0.00711	0.00842	0.00498	0.00584	0.00446	0.00291	0.00237	0.00075	0.00381	0.00199	0.00152	0.05385
1	0.00548	0.00352	0.00406	0.00397	0.00423	0.00358	0.00245	0.00608	0.03483	0.03501	0.01078	0.02006	0.01154	0.68735	0.07972	0.00310	0.00355	0.00460	0.07364	0.00245
2	0.00879	0.00845	0.02727	0.01070	0.02471	0.05394	0.44818	0.09052	0.08990	0.05695	0.03869	0.01087	0.00742	0.00364	0.00365	0.00108	0.00450	0.02319	0.08296	0.00459
3	0.00417	0.00298	0.00395	0.00471	0.00492	0.00278	0.00315	0.00478	0.00651	0.00869	0.03049	0.83692	0.02228	0.02942	0.00460	0.00142	0.00200	0.02035	0.00313	0.00275
4	0.00461	0.00346	0.00427	0.00407	0.00495	0.00312	0.00305	0.00603	0.00915	0.01255	0.66553	0.02701	0.22511	0.00731	0.00400	0.00108	0.00163	0.00637	0.00359	0.00312
5	0.00426	0.00344	0.00378	0.00370	0.00473	0.00297	0.00277	0.00535	0.00832	0.01057	0.29847	0.03026	0.59341	0.00805	0.00400	0.00112	0.00168	0.00682	0.00333	0.00297
6	0.00906	0.88299	0.01775	0.00580	0.00869	0.01340	0.00580	0.01014	0.00688	0.00797	0.00471	0.00543	0.00435	0.00290	0.00217	0.00072	0.00362	0.00181	0.00145	0.00435
7	0.01183	0.00821	0.00891	0.00699	0.00935	0.00895	0.00571	0.66011	0.01409	0.06871	0.01653	0.04162	0.00711	0.00433	0.00331	0.00100	0.00334	0.00336	0.11124	0.00531
8	0.90488	0.00655	0.00498	0.00445	0.00655	0.00760	0.00367	0.00996	0.00576	0.01520	0.00472	0.00550	0.00367	0.00314	0.00210	0.00105	0.00262	0.00183	0.00210	0.00367
9	0.00499	0.00348	0.00423	0.00418	0.00429	0.00369	0.00262	0.00524	0.00503	0.00686	0.01018	0.02007	0.01136	0.69681	0.17159	0.00362	0.03285	0.00463	0.00199	0.00228
10	0.04087	0.14031	0.05591	0.00818	0.01049	0.48470	0.03008	0.15845	0.02164	0.01103	0.00586	0.00657	0.00468	0.00348	0.00299	0.00090	0.00510	0.00236	0.00201	0.00439
11	0.03146	0.00543	0.00622	0.00511	0.00695	0.01615	0.00411	0.15109	0.00955	0.33355	0.01122	0.01122	0.00791	0.00403	0.00293	0.00093	0.00251	0.00319	0.38184	0.00459
12	0.00854	0.00733	0.00772	0.00692	0.00885	0.00848	0.00539	0.03907	0.83244	0.01435	0.01364	0.01252	0.01022	0.00458	0.00345	0.00115	0.00271	0.00381	0.00345	0.00537
13	0.00670	0.00424	0.00550	0.00522	0.00547	0.04049	0.00373	0.00616	0.03673	0.03639	0.00642	0.01020	0.00609	0.02243	0.03592	0.66979	0.09169	0.00301	0.00167	0.00215
14	0.00455	0.00348	0.00401	0.00386	0.00487	0.00305	0.00290	0.00576	0.00863	0.02476	0.41907	0.02886	0.45857	0.00774	0.00399	0.00111	0.00168	0.00661	0.00344	0.00306
15	0.00479	0.00391	0.00499	0.00461	0.00572	0.00358	0.04457	0.00650	0.05086	0.01130	0.36632	0.06335	0.37686	0.00753	0.00401	0.00113	0.00197	0.03147	0.00333	0.00321
16	0.00733	0.00601	0.00706	0.00506	0.00805	0.00453	0.00405	0.00883	0.00712	0.04291	0.00630	0.00719	0.00514	0.00257	0.00254	0.00052	0.00252	0.00206	0.00209	0.86811
17	0.00474	0.00354	0.00446	0.00450	0.00537	0.00326	0.00354	0.00615	0.00872	0.01173	0.47089	0.03802	0.22687	0.00788	0.00415	0.00119	0.00196	0.18648	0.00345	0.00309
18	0.00414	0.00334	0.00373	0.00386	0.00475	0.00293	0.00282	0.00503	0.00755	0.00943	0.11088	0.20504	0.56958	0.00954	0.04050	0.00137	0.00207	0.00741	0.00315	0.00288
19	0.03678	0.00758	0.03900	0.02082	0.33005	0.11874	0.00711	0.00896	0.00689	0.00941	0.00729	0.01042	0.00658	0.06291	0.29606	0.00264	0.01975	0.00317	0.00175	0.00408
20	0.57119	0.00801	0.00949	0.00797	0.04739	0.07406	0.21620	0.01048	0.00671	0.01339	0.00537	0.00659	0.00417	0.00309	0.00270	0.00106	0.00373	0.00246	0.00195	0.00399
21	0.00661	0.00571	0.00785	0.08457	0.09181	0.03748	0.07912	0.04570	0.07923	0.02382	0.23915	0.06183	0.13450	0.00583	0.00376	0.00111	0.00294	0.05108	0.03402	0.00386
22	0.00588	0.00461	0.00555	0.00456	0.00636	0.00382	0.00353	0.00747	0.02108	0.02785	0.38898	0.01811	0.10959	0.00520	0.00336	0.00084	0.00203	0.00445	0.00296	0.37378
23	0.00537	0.00429	0.00615	0.00595	0.00639	0.00521	0.00468	0.00636	0.00553	0.00795	0.00913	0.02854	0.00907	0.09628	0.54098	0.02011	0.16695	0.06614	0.00189	0.00304
24	0.00552	0.00393	0.03278	0.00524	0.00570	0.00396	0.00403	0.00568	0.01833	0.00727	0.00815	0.04895	0.00803	0.01615	0.33221	0.41956	0.03561	0.03471	0.00176	0.00242
25	0.00851	0.04554	0.09351	0.05425	0.46086	0.02125	0.06007	0.01058	0.00765	0.07041	0.00669	0.00822	0.00531	0.00310	0.00333	0.00096	0.01548	0.00286	0.00186	0.11958
26	0.37081	0.00631	0.00685	0.00551	0.00793	0.00638	0.00455	0.06637	0.00852	0.47045	0.00958	0.00891	0.00633	0.00377	0.00288	0.00105	0.00283	0.00276	0.00330	0.00493
27	0.00468	0.00348	0.00432	0.00412	0.00496	0.00319	0.00306	0.00615	0.01773	0.01244	0.65388	0.03532	0.18640	0.03998	0.00449	0.00117	0.00170	0.00629	0.00355	0.00311
28	0.00756	0.00726	0.01252	0.36941	0.48433	0.00786	0.04278	0.00970	0.00734	0.01007	0.00625	0.00868	0.00501	0.00316	0.00339	0.00106	0.00429	0.00305	0.00161	0.00468
29	0.00817	0.00783	0.01336	0.11388	0.76843	0.00799	0.01029	0.01021	0.00761	0.01080	0.00633	0.00845	0.00527	0.00306	0.00336	0.00102	0.00408	0.00302	0.00166	0.00519
30	0.00448	0.00314	0.00407	0.00469	0.00504	0.00297	0.00330	0.00525	0.00673	0.00909	0.04537	0.60447	0.05621	0.06817	0.00511	0.00148	0.00216	0.11454	0.05094	0.00279
31	0.00882	0.34934	0.05890	0.00611	0.00902	0.11336	0.00556	0.02790	0.00755	0.03093	0.00565	0.00644	0.00474	0.00289	0.00252	0.00069	0.00355	0.00204	0.00181	0.35218
32	0.00428	0.00343	0.00373	0.00371	0.00466	0.00299	0.00273	0.00521	0.00781	0.00978	0.18752	0.04155	0.59181	0.08662	0.00521	0.00134	0.00188	0.02973	0.00316	0.00286
33	0.80172	0.00646	0.00531	0.00464	0.00679	0.00730	0.00382	0.01072	0.00622	0.11340	0.00572	0.00620	0.00422	0.00327	0.00225	0.00105	0.00265	0.00202	0.00234	0.00391
34	0.90488	0.00655	0.00498	0.00445	0.00655	0.00760	0.00367	0.00996	0.00576	0.01520	0.00472	0.00550	0.00367	0.00314	0.00210	0.00105	0.00262	0.00183	0.00210	0.00367
35	0.00799	0.00744	0.01121	0.46768	0.29628	0.06456	0.00926	0.02793	0.00757	0.04616	0.00642	0.00869	0.00498	0.00336	0.00347	0.00107	0.01681	0.00298	0.00173	0.00443
36	0.00526	0.00373	0.00455	0.00459	0.00483	0.00389	0.00302	0.01582	0.03322	0.02512	0.04916	0.28351	0.01549	0.45958	0.01140	0.00234	0.06309	0.00620	0.00252	0.00266
37	0.00423	0.00303	0.00397	0.00464	0.00491	0.00284	0.00314	0.00486	0.00660	0.00877	0.04633	0.74312	0.05654	0.05682	0.00500	0.00146	0.00205	0.03585	0.00310	0.00275
38	0.01075	0.04813	0.00928	0.03795	0.01024	0.43683	0.00617	0.06470	0.31835	0.01122	0.00854	0.00869	0.00664	0.00390	0.00319	0.00099	0.00455	0.00285	0.00244	0.00457
39	0.75740	0.00801	0.00575	0.00514	0.00720	0.13377	0.00414	0.02608	0.00652	0.01430	0.00486	0.00564	0.00381	0.00321	0.00226	0.00102	0.00315	0.00191	0.00207	0.00375
40	0.00447	0.00317	0.00430	0.00475	0.00507	0.00316	0.00330	0.00513	0.00627	0.00851	0.06443	0.51415	0.03343	0.08261	0.19090	0.04036	0.00362	0.01690	0.00274	0.00273
41	0.00422	0.00301	0.00403	0.00480	0.00503	0.00283	0.00328	0.00487	0.00655	0.00872	0.01852	0.81388	0.02209	0.02188	0.00451	0.00141	0.00206	0.06242	0.00313	0.00277
42	0.00743	0.00709	0.01213	0.42910	0.44549	0.00781	0.02321	0.00957	0.00727	0.00991	0.00621	0.00871	0.00495	0.00319	0.00338	0.00107	0.00429	0.00303	0.00160	0.00458
43	0.00683	0.03292	0.84835	0.00959	0.01456	0.00797	0.01240	0.01072	0.00715	0.01068	0.00605	0.00712	0.00429	0.00321	0.00320	0.00107	0.00498	0.00249	0.00143	0.00499
44	0.00651	0.00519	0.00610	0.00598	0.01831	0.00553	0.01155	0.01795	0.34758	0.02796	0.12409	0.14344	0.10771	0.00726	0.02049	0.00131	0.00258	0.13308	0.00330	0.00406
45	0.00416	0.00334	0.00371	0.00382	0.00472	0.00289	0.00279	0.00508	0.00778	0.00977	0.16474	0.19628	0.56163	0.00871	0.00406	0.00118	0.00175	0.00747	0.00324	0.00289
46	0.01287	0.00942	0.01004	0.00773	0.01041	0.02246	0.00637	0.79459	0.03061	0.04855	0.00836	0.00830	0.00591	0.00407	0.00339	0.00102	0.00372	0.00306	0.00339	0.00573
47	0.00488	0.00331	0.00389	0.00393	0.00400	0.00336	0.00233	0.00504	0.00505	0.00680	0.01084	0.05736	0.01233	0.75239	0.10797	0.00344	0.00385	0.00499	0.00207	0.00219
48	0.00664	0.00642	0.01014	0.83897	0.02283	0.04120	0.00930	0.00885	0.00688	0.00864	0.00599	0.00892	0.00451	0.00339	0.00337	0.00112	0.00458	0.00298	0.00151	0.00377
49	0.00726	0.00718	0.01008	0.00869	0.00872	0.01000	0.00722	0.00803	0.00520	0.00813	0.00473	0.00777	0.00469	0.00711	0.06284	0.00172	0.82246	0.00300	0.00150	0.00366
50	0.00481	0.00362	0.00537	0.00537	0.00599	0.00418	0.00417	0.00600	0.00553	0.00791	0.01006	0.01406	0.04176	0.02475	0.83371	0.00528	0.00879	0.00377	0.00187	0.00302
51	0.01116	0.37716	0.01299	0.00751	0.00973	0.51171	0.00623	0.01212	0.00847	0.00816	0.00502	0.00583	0.00436	0.00324	0.00269	0.00081	0.00507	0.00203	0.00162	0.00410
52	0.00473	0.00352	0.00447	0.00456	0.00538	0.00325	0.00357	0.00610	0.00860	0.01158	0.44777	0.08969	0.19504	0.00805	0.00417	0.00121	0.00198	0.18978	0.00344	0.00308
53	0.00873	0.00610	0.00726	0.00671	0.00835	0.00650	0.00562	0.22469	0.16481	0.08799	0.02679	0.02334	0.01353	0.00665	0.00400	0.00129	0.00315	0.38671	0.00335	0.00444
54	0.00888	0.66161	0.13145	0.00678	0.00995	0.01196	0.04800	0.01076	0.03877	0.03667	0.00562	0.00632	0.00474	0.00305	0.00249	0.00082	0.00385	0.00214	0.00162	0.00453
55	0.00706	0.12069	0.76259	0.00920	0.01395	0.00853	0.01171	0.01066	0.00712	0.01040	0.00592	0.00695	0.00430	0.00318	0.00309	0.00103	0.00484	0.00242	0.00143	0.00493
56	0.00820	0.00673	0.00742	0.00621	0.00849	0.00685	0.00489	0.04075	0.47792	0.04267	0.01111	0.02456	0.00870	0.00405	0.00316	0.00093	0.00266	0.02133	0.00297	0.31038
57	0.00489	0.00359	0.00413	0.00409	0.00502	0.00324	0.00302	0.02232	0.00783	0.04182	0.16979	0.13981	0.44153	0.07604	0.03290	0.00147	0.00221	0.03013	0.00316	0.00302
58	0.00413	0.00301	0.00389	0.00457	0.00488	0.00277	0.00309	0.00477	0.00668	0.00881	0.03854	0.77035	0.11142	0.01032	0.00428	0.00134	0.00193	0.00929	0.00316	0.00277
59	0.00468	0.00347	0.00421	0.00404	0.00496	0.00310	0.00302	0.00600	0.00886	0.02584	0.54510	0.06185	0.29734	0.00756	0.00400	0.00110	0.00167	0.00655	0.00353	0.00311
60	0.01257	0.01597	0.00956	0.00869	0.01044	0.85037	0.00652	0.01362	0.02628	0.00841	0.00541	0.00624	0.00448	0.00351	0.00306	0.00088	0.00604	0.00221	0.00178	0.00396
61	0.01021	0.02584	0.10703	0.04878	0.04422	0.37642	0.00712	0.02983	0.25853	0.03330	0.00819	0.00857	0.00630	0.00382	0.00334	0.00101	0.01776	0.00283	0.00229	0.00461
62	0.00409	0.00344	0.00356	0.00353	0.00463	0.00290	0.00264	0.00503	0.00793	0.00965	0.12719	0.03178	0.76525	0.00839	0.00400	0.00114	0.00170	0.00703	0.00321	0.00290
63	0.00838	0.00805	0.01375	0.02079	0.85982	0.00805	0.01040	0.01040	0.00771	0.01107	0.00637	0.00838	0.00537	0.00302	0.00335	0.00101	0.00402	0.00302	0.00168	0.00537
64	0.00693	0.04711	0.78750	0.00981	0.03803	0.00813	0.01209	0.01063	0.00711	0.01057	0.00600	0.00713	0.00433	0.00327	0.00340	0.00107	0.02798	0.00251	0.00144	0.00496
65	0.00940	0.00903	0.03854	0.06254	0.35858	0.04366	0.21077	0.17778	0.00948	0.03670	0.00696	0.00851	0.00536	0.00327	0.00350	0.00105	0.00448	0.00322	0.00208	0.00511
66	0.00815	0.00565	0.00607	0.00540	0.00694	0.00616	0.00421	0.09670	0.35677	0.05650	0.08822	0.01327	0.01115	0.00451	0.00311	0.00100	0.00231	0.00370	0.31572	0.00446
67	0.00612	0.00364	0.00404	0.00411	0.00488	0.00368	0.00305	0.05954	0.02791	0.01194	0.02219	0.23069	0.01937	0.02481	0.00341	0.00106	0.00195	0.04748	0.51687	0.00324
68	0.00491	0.00337	0.00412	0.00412	0.00427	0.00352	0.00258	0.00520	0.00505	0.00688	0.01028	0.02001	0.01138	0.67290	0.22402	0.00381	0.00469	0.00461	0.00199	0.00229
69	0.00477	0.00349	0.00453	0.00462	0.00538	0.00325	0.00357	0.00617	0.00870	0.01190	0.51353	0.12371	0.11326	0.00799	0.00417	0.00121	0.00195	0.17122	0.00348	0.00310
70	0.01300	0.03531	0.00902	0.00673	0.00936	0.00771	0.00556	0.34678	0.08439	0.37577	0.01060	0.00980	0.00718	0.00403	0.00331	0.00100	0.00320	0.00316	0.00359	0.06048

[dist]
# distance from previous block
# <min> <max>
0	1

[block]
# block no. 5 follows, 83 sequences, length 10
# corresponding to MSA columns:
# 1159-1168
name=unknown_F
#
# <colnr> <probs for GDERKNQSTAVLIFYWHMCP>
#	G	D	E	R	K	N	Q	S	T	A	V	L	I	F	Y	W	H	M	C	P
0	0.00845	0.07309	0.06631	0.00883	0.09319	0.05214	0.11253	0.09753	0.15512	0.05395	0.13227	0.03409	0.02972	0.00449	0.00348	0.00104	0.00352	0.02623	0.00267	0.04136
1	0.01134	0.39241	0.01322	0.00694	0.00957	0.15573	0.00607	0.27876	0.01044	0.07631	0.00654	0.00687	0.00510	0.00347	0.00280	0.00087	0.00402	0.00239	0.00232	0.00483
2	0.00488	0.00349	0.00472	0.00472	0.00508	0.00384	0.00333	0.00559	0.00523	0.00733	0.00973	0.01697	0.01006	0.37885	0.51626	0.00455	0.00668	0.00417	0.00191	0.00262
3	0.03423	0.06144	0.10671	0.00772	0.05169	0.23388	0.06204	0.00987	0.01821	0.04048	0.00806	0.01178	0.02388	0.21062	0.03990	0.00166	0.00455	0.01289	0.00194	0.05845
4	0.00878	0.16443	0.15178	0.01283	0.25801	0.05001	0.19687	0.02704	0.00788	0.06243	0.00680	0.02592	0.00546	0.00326	0.00328	0.00100	0.00447	0.00306	0.00183	0.00486
5	0.01080	0.14949	0.04174	0.00685	0.00931	0.02201	0.00594	0.36255	0.10300	0.12088	0.04177	0.01153	0.02314	0.00442	0.00328	0.00102	0.00338	0.05394	0.01988	0.00508
6	0.00450	0.00316	0.00396	0.00440	0.00463	0.00302	0.00290	0.00502	0.00629	0.00838	0.06775	0.47233	0.05000	0.29145	0.00849	0.00198	0.00242	0.05394	0.00283	0.00258
7	0.03969	0.04880	0.06062	0.06268	0.28415	0.06314	0.17150	0.08171	0.00838	0.07078	0.00709	0.03105	0.00569	0.00356	0.00376	0.00106	0.04628	0.00323	0.00202	0.00482
8	0.00910	0.05177	0.03109	0.06267	0.14695	0.20743	0.05800	0.07848	0.05073	0.03916	0.01817	0.04973	0.06032	0.00446	0.00389	0.00105	0.06317	0.02400	0.03551	0.00432
9	0.00760	0.00644	0.01004	0.12933	0.36536	0.02881	0.03870	0.00933	0.00767	0.07425	0.04352	0.04500	0.08778	0.00584	0.05619	0.00135	0.00393	0.04877	0.02571	0.00438

[dist]
# distance from previous block
# <min> <max>
0	25

[block]
# block no. 6 follows, 83 sequences, length 8
# corresponding to MSA columns:
# 1304-1311
name=unknown_G
#
# <colnr> <probs for GDERKNQSTAVLIFYWHMCP>
#	G	D	E	R	K	N	Q	S	T	A	V	L	I	F	Y	W	H	M	C	P
0	0.00730	0.03904	0.05482	0.00748	0.06152	0.05905	0.01842	0.03174	0.16805	0.04536	0.04428	0.16202	0.05678	0.00816	0.10125	0.00166	0.10352	0.02290	0.00258	0.00407
1	0.03329	0.00696	0.03904	0.04811	0.08883	0.00672	0.03857	0.19279	0.07635	0.14264	0.08852	0.01444	0.06877	0.00475	0.00350	0.00106	0.00319	0.06418	0.01716	0.06113
2	0.00568	0.00371	0.00450	0.02351	0.03672	0.00359	0.00337	0.00733	0.04190	0.03678	0.20581	0.17071	0.13896	0.00645	0.00345	0.00104	0.00191	0.00557	0.29570	0.00331
3	0.00812	0.14353	0.51301	0.00948	0.01356	0.09650	0.11320	0.04549	0.00783	0.01053	0.00597	0.00708	0.00447	0.00319	0.00315	0.00101	0.00495	0.00257	0.00158	0.00478
4	0.00486	0.00353	0.00494	0.00494	0.00537	0.00396	0.00360	0.00572	0.00529	0.00749	0.00954	0.01587	0.00958	0.27268	0.62177	0.00482	0.00740	0.00400	0.00188	0.00274
5	0.00526	0.00356	0.00454	0.00428	0.00520	0.00323	0.00321	0.00668	0.00914	0.06312	0.64032	0.07915	0.14506	0.00722	0.00398	0.00109	0.00171	0.00633	0.00364	0.00327
6	0.00413	0.00295	0.00393	0.00472	0.00491	0.00275	0.00314	0.00472	0.00649	0.00865	0.01867	0.87874	0.02240	0.01061	0.00432	0.00138	0.00197	0.00963	0.00314	0.00275
7	0.00702	0.00602	0.00702	0.00502	0.00803	0.00452	0.00401	0.00853	0.00702	0.01104	0.00602	0.00702	0.00502	0.00251	0.00251	0.00050	0.00251	0.00201	0.00201	0.90166

[dist]
# distance from previous block
# <min> <max>
0	4

[block]
# block no. 7 follows, 83 sequences, length 7
# corresponding to MSA columns:
# 1329-1335
name=unknown_H
#
# <colnr> <probs for GDERKNQSTAVLIFYWHMCP>
#	G	D	E	R	K	N	Q	S	T	A	V	L	I	F	Y	W	H	M	C	P
0	0.00857	0.61264	0.01459	0.09936	0.00982	0.08072	0.00580	0.00963	0.00686	0.00790	0.00561	0.00788	0.00532	0.10828	0.00418	0.00109	0.00388	0.00234	0.00155	0.00397
1	0.00652	0.00463	0.00515	0.00491	0.00547	0.06129	0.00341	0.00705	0.00615	0.09967	0.01203	0.12106	0.04814	0.41534	0.13870	0.00279	0.04744	0.00495	0.00238	0.00292
2	0.11583	0.00793	0.01159	0.05916	0.32401	0.04407	0.12836	0.05568	0.09915	0.01190	0.00839	0.02475	0.04254	0.00379	0.00373	0.00108	0.04788	0.00336	0.00209	0.00468
3	0.01004	0.08888	0.00902	0.00684	0.00901	0.03320	0.00552	0.18117	0.45922	0.10616	0.01173	0.04611	0.00899	0.00450	0.00334	0.00107	0.00307	0.00363	0.00327	0.00524
4	0.05804	0.09717	0.00983	0.00724	0.00933	0.00992	0.00597	0.33262	0.30065	0.01561	0.00910	0.00918	0.00692	0.00430	0.00414	0.00109	0.10774	0.00312	0.00291	0.00512
5	0.10460	0.00651	0.00634	0.00597	0.02897	0.08961	0.00432	0.11015	0.14596	0.03099	0.02389	0.03172	0.06525	0.24696	0.05201	0.00192	0.00359	0.03490	0.00260	0.00374
6	0.00604	0.00553	0.04365	0.02513	0.08319	0.00516	0.05298	0.00874	0.14808	0.03626	0.03798	0.18662	0.25438	0.00779	0.04697	0.00140	0.01791	0.02556	0.00283	0.00381

[dist]
# distance from previous block
# <min> <max>
11	50

[block]
# block no. 8 follows, 83 sequences, length 25
# corresponding to MSA columns:
# 1725-1749
name=unknown_I
#
# <colnr> <probs for GDERKNQSTAVLIFYWHMCP>
#	G	D	E	R	K	N	Q	S	T	A	V	L	I	F	Y	W	H	M	C	P
0	0.07113	0.44355	0.09650	0.00708	0.00972	0.17316	0.02463	0.03614	0.02301	0.02705	0.00542	0.00627	0.00456	0.00333	0.00310	0.00089	0.05625	0.00217	0.00171	0.00434
1	0.01026	0.06232	0.00883	0.05858	0.00954	0.00682	0.04884	0.18164	0.08487	0.25820	0.08146	0.10177	0.02087	0.00510	0.00353	0.00109	0.00310	0.03034	0.01809	0.00477
2	0.00811	0.00872	0.01878	0.01352	0.01677	0.00816	0.77569	0.01081	0.00800	0.04526	0.00764	0.04804	0.00604	0.00326	0.00399	0.00115	0.00543	0.00423	0.00188	0.00454
3	0.00729	0.00576	0.00626	0.00555	0.00711	0.00608	0.00430	0.19881	0.23125	0.01374	0.13338	0.09576	0.24572	0.01849	0.00393	0.00116	0.00245	0.00541	0.00334	0.00419
4	0.00413	0.00309	0.00384	0.00438	0.00484	0.00280	0.00301	0.00484	0.00696	0.00904	0.06899	0.62536	0.22657	0.00991	0.00423	0.00130	0.00188	0.00883	0.00318	0.00280
5	0.00836	0.00757	0.02771	0.06316	0.33577	0.04057	0.02452	0.05961	0.20750	0.04713	0.05641	0.06025	0.03774	0.00437	0.00349	0.00108	0.00348	0.00388	0.00253	0.00488
6	0.00413	0.00295	0.00393	0.00472	0.00491	0.00275	0.00314	0.00472	0.00649	0.00865	0.01867	0.87874	0.02240	0.01061	0.00432	0.00138	0.00197	0.00963	0.00314	0.00275
7	0.05626	0.00658	0.04417	0.06330	0.07136	0.00683	0.03426	0.10309	0.19605	0.03847	0.01003	0.02067	0.02324	0.05393	0.23230	0.00236	0.01422	0.01615	0.00246	0.00428
8	0.00953	0.77089	0.01672	0.00613	0.00893	0.08642	0.00589	0.04676	0.00751	0.00858	0.00490	0.00561	0.00441	0.00300	0.00230	0.00075	0.00384	0.00190	0.00156	0.00437
9	0.00679	0.01752	0.86340	0.00966	0.01466	0.00787	0.01252	0.01073	0.00715	0.01073	0.00608	0.00715	0.00429	0.00322	0.00322	0.00107	0.00501	0.00250	0.00143	0.00501
10	0.00563	0.00499	0.00802	0.57486	0.01701	0.00590	0.00725	0.00733	0.00675	0.00874	0.02418	0.27561	0.02878	0.00576	0.00370	0.00120	0.00363	0.00517	0.00208	0.00343
11	0.00487	0.00329	0.00368	0.00368	0.00375	0.00326	0.00209	0.00492	0.00511	0.00673	0.01219	0.02284	0.06660	0.82498	0.01639	0.00315	0.00318	0.00507	0.00212	0.00210
12	0.01113	0.00795	0.00920	0.00741	0.00977	0.00864	0.04222	0.39558	0.27676	0.12895	0.02381	0.02890	0.00853	0.00448	0.00349	0.00109	0.00329	0.01994	0.00344	0.00543
13	0.02406	0.00371	0.00442	0.00423	0.00520	0.00346	0.00321	0.00660	0.04662	0.01235	0.55413	0.02669	0.25036	0.00726	0.00396	0.00111	0.00175	0.03418	0.00351	0.00321
14	0.00706	0.00606	0.00704	0.00507	0.00805	0.00463	0.00405	0.00880	0.03100	0.01113	0.00624	0.00718	0.00517	0.00257	0.00254	0.00052	0.00251	0.00206	0.00205	0.87628
15	0.00679	0.01752	0.86340	0.00966	0.01466	0.00787	0.01252	0.01073	0.00715	0.01073	0.00608	0.00715	0.00429	0.00322	0.00322	0.00107	0.00501	0.00250	0.00143	0.00501
16	0.02320	0.00617	0.00688	0.00613	0.00778	0.00668	0.00474	0.15316	0.35270	0.08816	0.08448	0.17946	0.04194	0.00592	0.00363	0.00115	0.00260	0.00503	0.01556	0.00464
17	0.00449	0.00320	0.00395	0.00427	0.00454	0.00313	0.00279	0.00496	0.00593	0.00784	0.01638	0.36808	0.11111	0.33746	0.10408	0.00251	0.00321	0.00693	0.00259	0.00253
18	0.00483	0.00335	0.00394	0.00394	0.00412	0.00339	0.00243	0.00509	0.00524	0.00698	0.01245	0.02172	0.08379	0.67789	0.14410	0.00343	0.00402	0.00492	0.00211	0.00227
19	0.00782	0.05174	0.01054	0.06878	0.01003	0.07298	0.03181	0.03494	0.00612	0.00861	0.00520	0.00817	0.00493	0.04128	0.03352	0.00153	0.59363	0.00298	0.00160	0.00376
20	0.00732	0.00601	0.00705	0.00505	0.00805	0.00453	0.00405	0.00882	0.00712	0.04207	0.00629	0.00719	0.00514	0.00257	0.00254	0.00052	0.00252	0.00206	0.00209	0.86900
21	0.00749	0.04751	0.67876	0.00956	0.01400	0.00844	0.05486	0.08236	0.00785	0.01143	0.00617	0.00729	0.00447	0.00338	0.00358	0.00108	0.04257	0.00262	0.00162	0.00497
22	0.00486	0.06021	0.00511	0.00472	0.03982	0.03090	0.00341	0.00578	0.00761	0.00916	0.03931	0.12937	0.60069	0.00808	0.00389	0.00114	0.00215	0.03775	0.00294	0.00309
23	0.00924	0.00540	0.00634	0.00534	0.00717	0.00517	0.00428	0.17165	0.03091	0.25623	0.10228	0.04464	0.26770	0.00612	0.00369	0.00109	0.00252	0.03533	0.01834	0.01656
24	0.15301	0.03733	0.01917	0.05548	0.05426	0.09772	0.23308	0.06021	0.02026	0.01083	0.00761	0.04688	0.00701	0.17590	0.00603	0.00150	0.00423	0.00362	0.00201	0.00386

[dist]
# distance from previous block
# <min> <max>
2	17

[block]
# block no. 9 follows, 83 sequences, length 8
# corresponding to MSA columns:
# 1929-1936
name=unknown_J
#
# <colnr> <probs for GDERKNQSTAVLIFYWHMCP>
#	G	D	E	R	K	N	Q	S	T	A	V	L	I	F	Y	W	H	M	C	P
0	0.00837	0.00681	0.00988	0.03940	0.24853	0.00668	0.06700	0.06039	0.09953	0.09027	0.01099	0.01167	0.09845	0.00399	0.00354	0.00097	0.02997	0.00348	0.03042	0.16968
1	0.38300	0.00825	0.00735	0.00735	0.09991	0.15049	0.00518	0.10000	0.02704	0.07456	0.00937	0.00972	0.09700	0.00398	0.00286	0.00102	0.00339	0.00288	0.00242	0.00422
2	0.08761	0.00489	0.00453	0.00469	0.00557	0.09678	0.00338	0.00632	0.00737	0.00972	0.08130	0.37651	0.28261	0.00825	0.00386	0.00120	0.00237	0.00708	0.00294	0.00303
3	0.00573	0.00597	0.09771	0.00524	0.00696	0.00484	0.00452	0.00906	0.20342	0.01116	0.10965	0.11342	0.29924	0.00652	0.00366	0.00110	0.00236	0.00552	0.03606	0.06787
4	0.00777	0.22122	0.22369	0.00784	0.07352	0.00817	0.03030	0.02682	0.11086	0.03950	0.08602	0.03706	0.00888	0.00398	0.00305	0.00097	0.00346	0.00324	0.09913	0.00451
5	0.00722	0.10029	0.00793	0.00701	0.08518	0.00649	0.00496	0.01096	0.26456	0.06406	0.16550	0.19058	0.04133	0.00604	0.00375	0.00112	0.02051	0.00519	0.00305	0.00425
6	0.00495	0.00434	0.00580	0.00518	0.00648	0.00401	0.09424	0.00688	0.08535	0.01027	0.12746	0.13354	0.48334	0.00765	0.00399	0.00116	0.00225	0.00669	0.00309	0.00330
7	0.00637	0.00570	0.00703	0.00681	0.05419	0.09746	0.07951	0.00768	0.00827	0.04205	0.28144	0.20249	0.12302	0.00690	0.00415	0.00115	0.03000	0.02933	0.00296	0.00349

[dist]
# distance from previous block
# <min> <max>
0	1

[block]
# block no. 10 follows, 83 sequences, length 20
# corresponding to MSA columns:
# 1938-1957
name=unknown_K
#
# <colnr> <probs for GDERKNQSTAVLIFYWHMCP>
#	G	D	E	R	K	N	Q	S	T	A	V	L	I	F	Y	W	H	M	C	P
0	0.07848	0.14109	0.45465	0.00866	0.02352	0.00844	0.09320	0.04871	0.00734	0.02118	0.00642	0.00833	0.00513	0.07596	0.00423	0.00121	0.00444	0.00274	0.00169	0.00456
