[name]
unknown

[dist]
# distance from previous block
# <min> <max>
0	26

[block]
# block no. 0 follows, 82 sequences, length 7
# corresponding to MSA columns:
# 32-38
name=unknown_A
#
# <colnr> <probs for GDERKNQSTAVLIFYWHMCP>
#	G	D	E	R	K	N	Q	S	T	A	V	L	I	F	Y	W	H	M	C	P
0	0.00630	0.01872	0.00677	0.02905	0.02339	0.01874	0.00487	0.05567	0.04487	0.02081	0.05672	0.13217	0.08389	0.03038	0.24058	0.00242	0.12682	0.03749	0.00243	0.05792
1	0.00582	0.02718	0.02289	0.03195	0.06726	0.00487	0.02094	0.03822	0.02629	0.01025	0.11539	0.23663	0.12554	0.08355	0.03973	0.00149	0.03725	0.00576	0.00267	0.09631
2	0.00608	0.09235	0.05833	0.10917	0.12518	0.00594	0.00589	0.00806	0.06540	0.00983	0.04004	0.26703	0.13818	0.00653	0.00369	0.00115	0.00296	0.02581	0.00252	0.02586
3	0.00853	0.33774	0.13447	0.08790	0.08740	0.04076	0.02238	0.04296	0.00761	0.05632	0.00720	0.07281	0.00642	0.02968	0.00338	0.00100	0.00389	0.00304	0.00190	0.04462
4	0.00831	0.29112	0.18291	0.00722	0.03955	0.05110	0.00686	0.03932	0.05705	0.05821	0.06850	0.01135	0.03230	0.02920	0.04638	0.00125	0.00400	0.03842	0.00216	0.02479
5	0.00706	0.07141	0.02373	0.01996	0.02674	0.00579	0.03839	0.03094	0.04079	0.04257	0.10301	0.02695	0.03279	0.08088	0.08828	0.00150	0.03734	0.00348	0.00233	0.31605
6	0.05020	0.04274	0.03669	0.00593	0.02623	0.00545	0.02980	0.04907	0.02964	0.17418	0.07518	0.05316	0.10427	0.03736	0.00375	0.00100	0.00278	0.00383	0.00281	0.26591

[dist]
# distance from previous block
# <min> <max>
13	17

[block]
# block no. 1 follows, 82 sequences, length 17
# corresponding to MSA columns:
# 56-72
name=unknown_B
#
# <colnr> <probs for GDERKNQSTAVLIFYWHMCP>
#	G	D	E	R	K	N	Q	S	T	A	V	L	I	F	Y	W	H	M	C	P
0	0.01916	0.00483	0.00560	0.00507	0.00631	0.01820	0.00388	0.08018	0.10799	0.06870	0.48517	0.07470	0.09347	0.00656	0.00386	0.00110	0.00213	0.00566	0.00359	0.00383
1	0.00732	0.00611	0.00721	0.02634	0.00852	0.00476	0.00425	0.00909	0.03160	0.03156	0.00648	0.00742	0.00529	0.00266	0.00260	0.00055	0.00260	0.00214	0.00211	0.83138
2	0.00404	0.00347	0.00347	0.00347	0.00462	0.00289	0.00260	0.00491	0.00780	0.00924	0.03465	0.03292	0.85706	0.00866	0.00404	0.00116	0.00173	0.00722	0.00318	0.00289
3	0.06223	0.00560	0.00736	0.00577	0.00818	0.00497	0.00473	0.01523	0.00949	0.72116	0.08015	0.01246	0.01012	0.00439	0.00338	0.00105	0.00275	0.00357	0.03200	0.00542
4	0.00415	0.00341	0.00367	0.00380	0.00478	0.00292	0.00282	0.00504	0.00771	0.00942	0.07310	0.15852	0.66257	0.00891	0.00411	0.00120	0.00181	0.03594	0.00321	0.00290
5	0.00915	0.88184	0.01793	0.00585	0.00878	0.01354	0.00585	0.01024	0.00695	0.00805	0.00476	0.00549	0.00439	0.00293	0.00219	0.00073	0.00366	0.00183	0.00146	0.00439
6	0.00466	0.00325	0.00376	0.00396	0.00414	0.00313	0.00241	0.00491	0.00570	0.00746	0.01561	0.23716	0.11442	0.56022	0.01258	0.00258	0.00280	0.00642	0.00248	0.00234
7	0.90395	0.00662	0.00503	0.00450	0.00662	0.00767	0.00370	0.01006	0.00582	0.01535	0.00476	0.00556	0.00370	0.00318	0.00212	0.00106	0.00265	0.00185	0.00212	0.00370
8	0.03046	0.00815	0.00937	0.09428	0.05564	0.00910	0.00649	0.41267	0.24604	0.05806	0.00973	0.00978	0.00710	0.00411	0.00339	0.00107	0.00345	0.00329	0.02244	0.00538
9	0.02701	0.02365	0.00891	0.00724	0.00913	0.06408	0.00587	0.43185	0.06987	0.02628	0.00837	0.00980	0.00666	0.00836	0.15954	0.02252	0.07455	0.01576	0.01578	0.00476
10	0.03377	0.02265	0.14780	0.03736	0.08707	0.09873	0.10306	0.21230	0.13508	0.01361	0.00848	0.03202	0.00677	0.00435	0.01679	0.00115	0.00434	0.02733	0.00243	0.00493
11	0.00527	0.00392	0.00475	0.00478	0.00553	0.00390	0.00349	0.00740	0.12987	0.01084	0.27214	0.20180	0.11895	0.09214	0.00594	0.05680	0.00222	0.06389	0.00319	0.00319
12	0.00686	0.00649	0.01099	0.70039	0.19157	0.00771	0.00970	0.00909	0.00703	0.00923	0.00615	0.00899	0.00473	0.00335	0.00341	0.00112	0.00446	0.00304	0.00155	0.00413
13	0.01040	0.00476	0.00616	0.00509	0.00698	0.00414	0.00407	0.01169	0.00932	0.47558	0.21230	0.01960	0.20353	0.00586	0.00371	0.00108	0.00235	0.00492	0.00389	0.00457
14	0.90395	0.00662	0.00503	0.00450	0.00662	0.00767	0.00370	0.01006	0.00582	0.01535	0.00476	0.00556	0.00370	0.00318	0.00212	0.00106	0.00265	0.00185	0.00212	0.00370
15	0.00457	0.00332	0.00447	0.00484	0.00524	0.00338	0.00345	0.00537	0.00627	0.00849	0.04399	0.39360	0.06212	0.12541	0.26669	0.00286	0.00435	0.04613	0.00265	0.00281
16	0.04742	0.00643	0.02555	0.00613	0.00803	0.00666	0.00493	0.04838	0.41657	0.15424	0.20147	0.01528	0.03394	0.00508	0.00354	0.00111	0.00257	0.00424	0.00356	0.00487

[dist]
# distance from previous block
# <min> <max>
1	2

[block]
# block no. 2 follows, 82 sequences, length 22
# corresponding to MSA columns:
# 75-96
name=unknown_C
#
# <colnr> <probs for GDERKNQSTAVLIFYWHMCP>
#	G	D	E	R	K	N	Q	S	T	A	V	L	I	F	Y	W	H	M	C	P
0	0.02499	0.14520	0.06874	0.02218	0.09829	0.09415	0.03851	0.17010	0.07261	0.12895	0.00869	0.01766	0.02729	0.00376	0.00316	0.00096	0.00383	0.00298	0.00254	0.06542
1	0.03568	0.18721	0.18668	0.03185	0.08162	0.02943	0.03107	0.10694	0.11021	0.03849	0.03835	0.06141	0.01549	0.00426	0.00323	0.00104	0.00377	0.02624	0.00231	0.00472
2	0.00728	0.00606	0.00723	0.00551	0.03056	0.00463	0.00423	0.00879	0.00717	0.03256	0.00655	0.02567	0.00553	0.00276	0.00262	0.00055	0.00257	0.00225	0.00210	0.83538
3	0.01112	0.00955	0.00871	0.03431	0.01831	0.22429	0.00585	0.29263	0.10065	0.09464	0.00914	0.04559	0.00737	0.05389	0.02958	0.00129	0.01691	0.00338	0.02807	0.00472
4	0.00871	0.00915	0.00853	0.00775	0.00860	0.26826	0.00607	0.07652	0.00786	0.00952	0.00871	0.17922	0.00908	0.01961	0.01721	0.00133	0.30031	0.04767	0.00216	0.00372
5	0.00616	0.00520	0.00598	0.01907	0.04179	0.06642	0.02869	0.02254	0.05451	0.03853	0.43878	0.02305	0.22288	0.00654	0.00387	0.00108	0.00238	0.00564	0.00329	0.00358
6	0.00497	0.00334	0.00383	0.00383	0.00387	0.00337	0.00220	0.00504	0.00501	0.00671	0.01068	0.02186	0.01221	0.82948	0.06740	0.00344	0.00366	0.00490	0.00206	0.00213
7	0.00744	0.00614	0.00715	0.00521	0.00816	0.00481	0.00416	0.02350	0.04025	0.03501	0.00680	0.01912	0.00562	0.00280	0.00264	0.00057	0.00256	0.00226	0.00218	0.81362
8	0.05203	0.01050	0.00877	0.00758	0.00968	0.27348	0.00593	0.19660	0.33586	0.05006	0.00958	0.00936	0.00718	0.00410	0.00328	0.00104	0.00401	0.00307	0.00291	0.00499
9	0.00563	0.00459	0.00676	0.16893	0.07931	0.00465	0.03129	0.00727	0.02502	0.03185	0.21525	0.18176	0.17628	0.00687	0.00393	0.00118	0.00271	0.04035	0.00287	0.00352
10	0.00539	0.00407	0.00486	0.00485	0.00577	0.00402	0.00361	0.04370	0.09604	0.02344	0.19194	0.26507	0.21617	0.02041	0.06057	0.00153	0.00255	0.03940	0.00325	0.00337
11	0.03953	0.00771	0.00872	0.00692	0.00938	0.00817	0.00564	0.39910	0.15196	0.26513	0.05367	0.01077	0.00864	0.00435	0.00343	0.00106	0.00320	0.00344	0.00365	0.00556
12	0.00726	0.00691	0.01161	0.51112	0.33118	0.00795	0.00976	0.00936	0.00710	0.00961	0.00613	0.00879	0.00487	0.00342	0.00383	0.00111	0.05097	0.00304	0.00158	0.00439
13	0.00539	0.00407	0.00568	0.00548	0.00597	0.00473	0.00415	0.02857	0.00581	0.00828	0.04406	0.02651	0.00982	0.16410	0.53934	0.04247	0.08666	0.00396	0.00197	0.00296
14	0.00678	0.00640	0.01083	0.73693	0.15570	0.00768	0.00966	0.00902	0.00699	0.00913	0.00614	0.00902	0.00470	0.00336	0.00341	0.00112	0.00448	0.00304	0.00155	0.00406
15	0.00880	0.77251	0.10018	0.00622	0.00929	0.01273	0.00647	0.01018	0.00694	0.00832	0.00502	0.00588	0.00450	0.00360	0.02667	0.00090	0.00395	0.00195	0.00147	0.00442
16	0.00657	0.00619	0.01045	0.82595	0.06833	0.00763	0.00955	0.00883	0.00689	0.00887	0.00610	0.00908	0.00461	0.00340	0.00342	0.00113	0.00453	0.00304	0.00153	0.00389
17	0.00812	0.00771	0.01296	0.10387	0.71575	0.00788	0.00995	0.01038	0.03257	0.01113	0.04182	0.00936	0.00659	0.00329	0.00342	0.00103	0.00397	0.00320	0.00181	0.00517
18	0.02047	0.00549	0.00623	0.02935	0.04258	0.06309	0.00453	0.06639	0.06112	0.13675	0.07668	0.33619	0.10373	0.00730	0.00387	0.00120	0.00271	0.02525	0.00319	0.00389
19	0.04140	0.01092	0.01019	0.00918	0.06614	0.35817	0.09924	0.13093	0.02278	0.07574	0.00831	0.08237	0.00722	0.00435	0.00341	0.00102	0.00466	0.03185	0.00239	0.02971
20	0.03505	0.00724	0.01173	0.21041	0.44716	0.02016	0.05035	0.01024	0.04031	0.03704	0.07820	0.01029	0.00773	0.00387	0.01499	0.00112	0.00402	0.00336	0.00199	0.00473
21	0.00942	0.00778	0.00785	0.00689	0.00887	0.09266	0.00545	0.08669	0.45967	0.08739	0.01204	0.01312	0.00946	0.00567	0.04545	0.00131	0.00349	0.06376	0.00316	0.06987

[dist]
# distance from previous block
# <min> <max>
0	4

[block]
# block no. 3 follows, 82 sequences, length 13
# corresponding to MSA columns:
# 101-113
name=unknown_D
#
# <colnr> <probs for GDERKNQSTAVLIFYWHMCP>
#	G	D	E	R	K	N	Q	S	T	A	V	L	I	F	Y	W	H	M	C	P
0	0.00564	0.00398	0.00519	0.00529	0.00585	0.00416	0.00388	0.05449	0.00697	0.04462	0.02849	0.39731	0.04260	0.11623	0.15197	0.00229	0.05279	0.06233	0.00279	0.00313
1	0.00846	0.00720	0.00751	0.00671	0.00854	0.03459	0.00521	0.06282	0.62250	0.03047	0.03182	0.06289	0.04492	0.00509	0.00365	0.00114	0.01692	0.00421	0.00334	0.03201
2	0.00483	0.00341	0.00402	0.00428	0.00467	0.00334	0.00285	0.00573	0.04126	0.00851	0.01680	0.31215	0.12049	0.33375	0.03633	0.00217	0.00272	0.03260	0.05740	0.00268
3	0.00533	0.00367	0.00438	0.00413	0.00517	0.00331	0.00312	0.00683	0.02531	0.06107	0.45990	0.04167	0.29797	0.00723	0.00390	0.00109	0.00175	0.00621	0.05464	0.00330
4	0.90395	0.00662	0.00503	0.00450	0.00662	0.00767	0.00370	0.01006	0.00582	0.01535	0.00476	0.00556	0.00370	0.00318	0.00212	0.00106	0.00265	0.00185	0.00212	0.00370
5	0.01102	0.01319	0.00945	0.03350	0.07350	0.61006	0.00666	0.03423	0.00893	0.00888	0.00602	0.00756	0.00513	0.00677	0.12839	0.00159	0.02682	0.00254	0.00180	0.00398
6	0.00924	0.78232	0.06564	0.00619	0.00923	0.01305	0.00628	0.05845	0.00749	0.00898	0.00503	0.00574	0.00447	0.00301	0.00233	0.00077	0.00374	0.00194	0.00157	0.00451
7	0.00648	0.00490	0.00542	0.00507	0.00625	0.04015	0.00387	0.00952	0.17771	0.06147	0.40169	0.07008	0.11099	0.00654	0.00381	0.00111	0.00218	0.03159	0.04739	0.00378
8	0.03160	0.01827	0.00571	0.00539	0.00611	0.09035	0.00391	0.06947	0.00676	0.00895	0.01048	0.17466	0.01105	0.20607	0.27812	0.05789	0.00519	0.00477	0.00223	0.00303
9	0.02127	0.00412	0.00557	0.16748	0.00883	0.00432	0.00457	0.04490	0.02374	0.00995	0.07832	0.48047	0.07901	0.02569	0.00431	0.00132	0.00259	0.02744	0.00288	0.00321
10	0.00895	0.68025	0.16663	0.00671	0.00995	0.06070	0.00709	0.01054	0.00715	0.00856	0.00503	0.00583	0.00438	0.00302	0.00243	0.00080	0.00405	0.00197	0.00148	0.00448
11	0.03315	0.00842	0.01124	0.00848	0.01125	0.06223	0.19669	0.27369	0.01071	0.16248	0.00844	0.02534	0.00624	0.00398	0.01626	0.00104	0.00404	0.00324	0.00279	0.15029
12	0.09004	0.00743	0.00862	0.00693	0.00922	0.03034	0.05362	0.27115	0.13435	0.20843	0.06625	0.04703	0.03038	0.00460	0.00343	0.00107	0.00322	0.00377	0.00335	0.01679

[dist]
# distance from previous block
# <min> <max>
0	4

[block]
# block no. 4 follows, 82 sequences, length 33
# corresponding to MSA columns:
# 118-150
name=unknown_E
#
# <colnr> <probs for GDERKNQSTAVLIFYWHMCP>
#	G	D	E	R	K	N	Q	S	T	A	V	L	I	F	Y	W	H	M	C	P
0	0.00642	0.00456	0.00518	0.00490	0.00595	0.02616	0.00363	0.05862	0.07356	0.08173	0.23796	0.20414	0.17345	0.08317	0.00512	0.00135	0.00232	0.01493	0.00332	0.00353
1	0.00702	0.00659	0.01113	0.51879	0.30505	0.00753	0.00945	0.00914	0.00706	0.00951	0.00643	0.00922	0.00515	0.00495	0.06783	0.00142	0.00474	0.00309	0.00160	0.00429
2	0.03746	0.00836	0.01018	0.00875	0.07356	0.01747	0.07317	0.45453	0.11412	0.08068	0.03397	0.03647	0.02664	0.00435	0.00349	0.00107	0.00359	0.00361	0.00317	0.00533
3	0.05576	0.07504	0.01387	0.01002	0.01271	0.14141	0.32226	0.16186	0.09933	0.04444	0.00757	0.00854	0.00571	0.00352	0.00361	0.00106	0.02296	0.00324	0.00231	0.00478
4	0.01081	0.00617	0.00733	0.00607	0.00813	0.00611	0.00494	0.25078	0.03750	0.30728	0.04406	0.05499	0.15753	0.00580	0.00371	0.00113	0.00288	0.07628	0.00364	0.00485
5	0.00767	0.00732	0.01245	0.35832	0.52734	0.00792	0.01010	0.00980	0.00741	0.01021	0.00629	0.00873	0.00508	0.00320	0.00340	0.00107	0.00426	0.00304	0.00162	0.00478
6	0.02294	0.00925	0.00950	0.02684	0.01038	0.06097	0.00622	0.55475	0.20099	0.02803	0.00923	0.00910	0.00672	0.00413	0.00338	0.00104	0.00364	0.00317	0.00325	0.02647
7	0.00761	0.00609	0.00714	0.00515	0.00812	0.00469	0.00413	0.02857	0.00746	0.05731	0.00715	0.00792	0.02358	0.00279	0.00264	0.00056	0.00257	0.00224	0.00220	0.81206
8	0.00494	0.00343	0.00433	0.00433	0.00453	0.00364	0.00282	0.00536	0.00515	0.00707	0.01023	0.01937	0.01113	0.59190	0.30350	0.00405	0.00529	0.00453	0.00199	0.00240
9	0.00903	0.78927	0.04381	0.00606	0.00898	0.01298	0.00603	0.01085	0.07007	0.00860	0.00548	0.00609	0.00484	0.00306	0.00232	0.00077	0.00363	0.00200	0.00161	0.00449
10	0.81410	0.07221	0.00611	0.00471	0.00688	0.03030	0.00394	0.01016	0.00601	0.01462	0.00478	0.00557	0.00377	0.00317	0.00215	0.00103	0.00281	0.00186	0.00206	0.00376
11	0.00981	0.00764	0.00929	0.00704	0.00980	0.03255	0.08033	0.25641	0.05525	0.08929	0.00827	0.02809	0.00645	0.00359	0.00315	0.00085	0.00333	0.01376	0.00272	0.37239
12	0.00476	0.00338	0.00436	0.00484	0.00524	0.00328	0.00352	0.00555	0.00674	0.00891	0.06188	0.33926	0.06809	0.21695	0.02726	0.00196	0.00274	0.22563	0.00291	0.00275
13	0.00430	0.00344	0.00384	0.00382	0.00480	0.00298	0.00284	0.00537	0.00827	0.01057	0.28392	0.09692	0.54025	0.00832	0.00407	0.00115	0.00172	0.00710	0.00336	0.00298
14	0.00996	0.00828	0.00810	0.00707	0.00909	0.10579	0.00553	0.09570	0.56165	0.09813	0.04430	0.01195	0.00995	0.00451	0.00345	0.00110	0.00318	0.00365	0.00336	0.00525
15	0.01278	0.01630	0.00969	0.00881	0.01058	0.86605	0.00661	0.01366	0.00969	0.00837	0.00529	0.00617	0.00441	0.00353	0.00308	0.00088	0.00617	0.00220	0.00176	0.00397
16	0.00594	0.00297	0.00446	0.00446	0.00446	0.00297	0.00297	0.00446	0.00446	0.00594	0.00594	0.01040	0.00594	0.01188	0.01337	0.90048	0.00297	0.00297	0.00149	0.00149
17	0.00888	0.56099	0.22853	0.00713	0.01045	0.08843	0.00761	0.01094	0.03294	0.00897	0.00543	0.00620	0.00456	0.00311	0.00258	0.00085	0.00420	0.00210	0.00155	0.00455
18	0.00680	0.00501	0.00636	0.00592	0.00692	0.04326	0.01508	0.07660	0.01653	0.07236	0.06900	0.05900	0.01098	0.05221	0.48352	0.00365	0.02523	0.03559	0.00241	0.00355
19	0.00623	0.00445	0.00529	0.00492	0.00613	0.00439	0.00378	0.00932	0.18180	0.07500	0.42945	0.04762	0.16651	0.00678	0.00391	0.00113	0.00202	0.03387	0.00360	0.00379
20	0.00699	0.06609	0.81478	0.00953	0.01447	0.00826	0.01226	0.01080	0.00721	0.01068	0.00606	0.00712	0.00434	0.00323	0.00319	0.00106	0.00498	0.00249	0.00145	0.00502
21	0.00804	0.19052	0.16122	0.00796	0.07820	0.03396	0.02598	0.08854	0.07575	0.03476	0.02038	0.01136	0.07018	0.04796	0.11113	0.01254	0.00445	0.00330	0.00939	0.00439
22	0.00445	0.00356	0.00403	0.00421	0.00518	0.00317	0.00325	0.00561	0.02046	0.00985	0.10631	0.11961	0.54014	0.00879	0.00418	0.00124	0.00200	0.14774	0.00323	0.00299
23	0.00445	0.00316	0.00418	0.00488	0.00516	0.00300	0.00342	0.00515	0.00667	0.00887	0.03576	0.66422	0.02152	0.08643	0.00555	0.00158	0.00226	0.12789	0.00309	0.00278
24	0.02803	0.65528	0.10331	0.00700	0.01016	0.01210	0.07768	0.02814	0.00733	0.03609	0.00543	0.00623	0.00460	0.00303	0.00252	0.00083	0.00394	0.00217	0.00163	0.00454
25	0.00489	0.00365	0.00545	0.00545	0.00604	0.00425	0.00421	0.00607	0.00548	0.00790	0.00921	0.01370	0.00867	0.05099	0.84105	0.00543	0.00899	0.00370	0.00184	0.00303
26	0.06798	0.00776	0.00815	0.00682	0.00902	0.00866	0.00546	0.32578	0.38962	0.04050	0.01296	0.01229	0.08046	0.00468	0.00342	0.00110	0.00302	0.00372	0.00337	0.00525
27	0.00484	0.00326	0.00377	0.00391	0.00394	0.00322	0.00226	0.00494	0.00524	0.00699	0.01215	0.16800	0.01417	0.73180	0.01519	0.00299	0.00309	0.00578	0.00226	0.00219
28	0.00889	0.01886	0.21173	0.01712	0.02728	0.09839	0.00783	0.15378	0.00862	0.05735	0.03158	0.09426	0.00748	0.00504	0.00552	0.00119	0.23479	0.00359	0.00222	0.00448
29	0.00799	0.00821	0.01079	0.01029	0.10267	0.07410	0.00775	0.00889	0.00585	0.00857	0.00476	0.00749	0.00459	0.00548	0.00975	0.00140	0.71299	0.00294	0.00154	0.00394
30	0.00425	0.00304	0.00390	0.00456	0.00489	0.00281	0.00309	0.00493	0.00675	0.00903	0.03508	0.74396	0.10574	0.01018	0.00425	0.00134	0.00194	0.00915	0.03827	0.00281
31	0.65389	0.03566	0.00653	0.03157	0.00794	0.03534	0.00448	0.10357	0.07035	0.01530	0.00589	0.00651	0.00451	0.00340	0.00244	0.00105	0.00298	0.00219	0.00231	0.00410
32	0.00570	0.00397	0.00501	0.00461	0.00562	0.00379	0.00350	0.01802	0.07263	0.05495	0.72113	0.02390	0.05049	0.00669	0.00396	0.00108	0.00179	0.00587	0.00375	0.00354

[dist]
# distance from previous block
# <min> <max>
5	11

[block]
# block no. 5 follows, 82 sequences, length 26
# corresponding to MSA columns:
# 163-188
name=unknown_F
#
# <colnr> <probs for GDERKNQSTAVLIFYWHMCP>
#	G	D	E	R	K	N	Q	S	T	A	V	L	I	F	Y	W	H	M	C	P
0	0.00732	0.00618	0.00726	0.00531	0.00818	0.00495	0.00425	0.00917	0.04427	0.02680	0.00651	0.00744	0.00535	0.00278	0.00290	0.00058	0.03339	0.00217	0.00211	0.81310
1	0.00423	0.00339	0.00378	0.00389	0.00481	0.00294	0.00286	0.00519	0.00790	0.00995	0.17566	0.18383	0.54893	0.00875	0.00411	0.00119	0.00178	0.02059	0.00328	0.00293
2	0.00430	0.00337	0.00389	0.00399	0.00484	0.00296	0.00290	0.00533	0.00808	0.01043	0.26936	0.21121	0.43992	0.00862	0.00411	0.00118	0.00175	0.00746	0.00335	0.00296
3	0.00486	0.00355	0.00468	0.00530	0.00595	0.00340	0.00423	0.00600	0.00745	0.00965	0.04495	0.29392	0.14184	0.02881	0.00478	0.00148	0.00255	0.42048	0.00316	0.00298
4	0.01021	0.01019	0.00856	0.00759	0.00956	0.25957	0.00587	0.09965	0.52227	0.01330	0.01083	0.01038	0.00821	0.00426	0.00336	0.00107	0.00383	0.00330	0.00297	0.00503
5	0.00686	0.01769	0.86206	0.00975	0.01481	0.00794	0.01264	0.01083	0.00722	0.01083	0.00614	0.00722	0.00433	0.00325	0.00325	0.00108	0.00506	0.00253	0.00144	0.00506
6	0.00755	0.00633	0.00937	0.18120	0.22234	0.00615	0.02555	0.03209	0.02261	0.05781	0.05017	0.06368	0.04578	0.00401	0.00330	0.00094	0.00333	0.00357	0.00223	0.25198
7	0.00507	0.00352	0.00460	0.00494	0.00563	0.00321	0.00362	0.00603	0.00731	0.04421	0.10347	0.52220	0.07275	0.00922	0.00421	0.00130	0.00218	0.13072	0.00320	0.06262
8	0.17260	0.00621	0.00740	0.00592	0.00836	0.00603	0.00485	0.04483	0.10078	0.56945	0.03082	0.01087	0.00828	0.00415	0.00322	0.00107	0.00284	0.00325	0.00374	0.00534
9	0.01020	0.00608	0.00675	0.00573	0.00759	0.02231	0.00455	0.10710	0.25706	0.24017	0.03984	0.01225	0.00954	0.00435	0.00317	0.00101	0.00260	0.00352	0.25133	0.00485
10	0.00620	0.00511	0.00592	0.00494	0.00689	0.00439	0.00379	0.02628	0.08883	0.01135	0.11796	0.14807	0.13166	0.00545	0.00332	0.00088	0.00227	0.00466	0.00275	0.41927
11	0.00729	0.00671	0.01146	0.00909	0.01083	0.03510	0.32668	0.04915	0.00759	0.04796	0.02374	0.20192	0.01070	0.09338	0.06053	0.00171	0.07143	0.01856	0.00232	0.00384
12	0.03113	0.00845	0.00994	0.00790	0.01023	0.07241	0.09868	0.40904	0.04047	0.11709	0.02800	0.06774	0.00822	0.00569	0.04860	0.00131	0.00411	0.02288	0.00308	0.00502
13	0.00786	0.00882	0.01892	0.01365	0.01681	0.00842	0.76641	0.01054	0.00781	0.01065	0.00702	0.00963	0.00546	0.02295	0.03953	0.00139	0.03395	0.00401	0.00173	0.00447
14	0.00649	0.00612	0.01027	0.84475	0.02311	0.00769	0.00944	0.00872	0.00679	0.00872	0.00603	0.00907	0.00456	0.00350	0.00366	0.00115	0.03157	0.00304	0.00152	0.00380
15	0.01033	0.01789	0.02979	0.09267	0.30562	0.04533	0.02267	0.17380	0.09711	0.14525	0.02025	0.00951	0.00670	0.00371	0.00341	0.00105	0.00384	0.00320	0.00262	0.00528
16	0.17295	0.01211	0.00944	0.00812	0.01011	0.45205	0.06787	0.10417	0.06176	0.01162	0.00628	0.00719	0.00501	0.00434	0.03205	0.00113	0.02492	0.00254	0.00211	0.00422
17	0.00552	0.00342	0.00484	0.00528	0.00565	0.00340	0.00409	0.00569	0.00623	0.00818	0.01295	0.11422	0.01412	0.04953	0.00874	0.36441	0.00296	0.37593	0.00243	0.00239
18	0.00563	0.00457	0.00733	0.00663	0.00767	0.00502	0.10134	0.03332	0.02538	0.00905	0.00960	0.02811	0.00890	0.02055	0.65240	0.00444	0.00794	0.04419	0.01456	0.00338
19	0.00746	0.01324	0.42631	0.01192	0.01600	0.00839	0.40667	0.01078	0.00754	0.01078	0.00644	0.00818	0.00475	0.00320	0.00397	0.00113	0.04361	0.00326	0.00158	0.00479
20	0.00438	0.00329	0.00409	0.00460	0.00509	0.00308	0.00318	0.00550	0.04385	0.00942	0.08219	0.63293	0.16611	0.00983	0.00425	0.00132	0.00195	0.00878	0.00323	0.00294
21	0.00422	0.00304	0.00402	0.00476	0.00503	0.00283	0.00324	0.00488	0.00670	0.00891	0.03682	0.80206	0.05059	0.01053	0.00436	0.00138	0.00201	0.03862	0.00319	0.00280
22	0.00496	0.00335	0.00393	0.00393	0.00399	0.00342	0.00231	0.00510	0.00503	0.00678	0.01060	0.02140	0.01201	0.78592	0.11069	0.00356	0.00396	0.00483	0.00205	0.00218
23	0.00700	0.07129	0.80970	0.00951	0.01443	0.00829	0.01222	0.01080	0.00721	0.01066	0.00605	0.00711	0.00434	0.00323	0.00318	0.00106	0.00497	0.00248	0.00145	0.00501
24	0.05476	0.00641	0.00742	0.00615	0.00822	0.03321	0.03277	0.08013	0.20864	0.31357	0.02609	0.01242	0.04601	0.00463	0.01239	0.00109	0.00292	0.00359	0.13464	0.00494
25	0.00490	0.00360	0.00518	0.00518	0.00568	0.00410	0.00388	0.00590	0.00540	0.00770	0.00945	0.01505	0.00925	0.17992	0.71292	0.00510	0.00811	0.00390	0.00188	0.00288

[dist]
# distance from previous block
# <min> <max>
0	1

[block]
# block no. 6 follows, 82 sequences, length 10
# corresponding to MSA columns:
# 190-199
name=unknown_G
#
# <colnr> <probs for GDERKNQSTAVLIFYWHMCP>
#	G	D	E	R	K	N	Q	S	T	A	V	L	I	F	Y	W	H	M	C	P
0	0.00721	0.00594	0.09226	0.00550	0.00719	0.00481	0.00477	0.08788	0.04596	0.12034	0.45552	0.06407	0.07222	0.00619	0.00382	0.00109	0.00240	0.00532	0.00348	0.00403
1	0.00705	0.00602	0.00791	0.02945	0.03080	0.00507	0.06056	0.05307	0.00816	0.01213	0.17256	0.01099	0.01043	0.00355	0.00302	0.00072	0.00273	0.00308	0.00240	0.57031
2	0.05974	0.00920	0.03918	0.01391	0.40645	0.12416	0.05133	0.07097	0.02199	0.05060	0.00680	0.00816	0.00542	0.00373	0.02260	0.00106	0.00425	0.00284	0.00203	0.09557
3	0.00642	0.00552	0.08672	0.00671	0.09263	0.00437	0.00501	0.00828	0.02182	0.09267	0.47111	0.10614	0.03725	0.00625	0.00381	0.00109	0.00236	0.00551	0.03249	0.00385
4	0.01006	0.00637	0.00739	0.00615	0.00810	0.00663	0.00491	0.20658	0.21647	0.20847	0.23823	0.01488	0.01472	0.00504	0.00357	0.00107	0.00267	0.00419	0.02953	0.00495
5	0.00585	0.00437	0.00499	0.00490	0.00557	0.00458	0.00343	0.03712	0.17176	0.00961	0.04255	0.11307	0.05650	0.41158	0.03284	0.00233	0.00307	0.08002	0.00272	0.00313
6	0.68238	0.00593	0.00492	0.00443	0.00616	0.00669	0.00345	0.00940	0.00586	0.05722	0.00639	0.00916	0.00566	0.17462	0.00518	0.00150	0.00279	0.00254	0.00222	0.00349
7	0.18073	0.00415	0.00425	0.00406	0.00531	0.00399	0.00310	0.00685	0.00783	0.04842	0.21702	0.08353	0.38314	0.00704	0.00362	0.00112	0.00195	0.00584	0.02479	0.00325
8	0.00790	0.61448	0.10851	0.00582	0.00863	0.01083	0.00597	0.00927	0.00715	0.00859	0.01075	0.01104	0.17109	0.00408	0.00267	0.00085	0.00344	0.00296	0.00180	0.00417
9	0.13128	0.18680	0.01059	0.00670	0.00925	0.05558	0.00569	0.41154	0.01158	0.08984	0.00748	0.00769	0.00553	0.00372	0.00294	0.00096	0.00355	0.00265	0.04162	0.00503

[dist]
# distance from previous block
# <min> <max>
0	1

[block]
# block no. 7 follows, 82 sequences, length 6
# corresponding to MSA columns:
# 201-206
name=unknown_H
#
# <colnr> <probs for GDERKNQSTAVLIFYWHMCP>
#	G	D	E	R	K	N	Q	S	T	A	V	L	I	F	Y	W	H	M	C	P
0	0.00464	0.00354	0.00525	0.00553	0.00606	0.00333	0.05771	0.00558	0.00706	0.00946	0.08618	0.64988	0.02193	0.00975	0.00436	0.00137	0.00234	0.10990	0.00313	0.00298
1	0.00488	0.00334	0.00406	0.00413	0.00425	0.00343	0.00255	0.00515	0.00521	0.00706	0.01126	0.10152	0.01273	0.65125	0.16182	0.00351	0.00419	0.00520	0.00214	0.00231
2	0.14484	0.00769	0.00860	0.00669	0.00930	0.00802	0.00552	0.40301	0.01214	0.34510	0.00975	0.00915	0.00653	0.00402	0.00324	0.00104	0.00327	0.00304	0.00354	0.00551
3	0.00495	0.00342	0.00426	0.00426	0.00444	0.00360	0.00273	0.00531	0.00513	0.00702	0.01030	0.01971	0.01128	0.62476	0.27085	0.00397	0.00506	0.00458	0.00200	0.00237
4	0.00567	0.00428	0.00625	0.05225	0.00726	0.00510	0.00476	0.00679	0.00566	0.04017	0.00877	0.01324	0.00821	0.09570	0.61692	0.00445	0.10577	0.00366	0.00189	0.00319
5	0.14629	0.00825	0.04279	0.00779	0.03765	0.13679	0.09342	0.01275	0.00821	0.33233	0.00896	0.00943	0.00641	0.00618	0.09914	0.00155	0.03163	0.00304	0.00273	0.00468

[dist]
# distance from previous block
# <min> <max>
3	180

[block]
# block no. 8 follows, 82 sequences, length 21
# corresponding to MSA columns:
# 389-409
name=unknown_I
#
# <colnr> <probs for GDERKNQSTAVLIFYWHMCP>
#	G	D	E	R	K	N	Q	S	T	A	V	L	I	F	Y	W	H	M	C	P
0	0.01002	0.06884	0.35976	0.13025	0.01346	0.04103	0.00895	0.04063	0.00834	0.27350	0.00835	0.00874	0.00570	0.00360	0.00326	0.00105	0.00423	0.00284	0.00240	0.00505
1	0.60975	0.02746	0.07809	0.00517	0.00739	0.07532	0.00458	0.00968	0.00655	0.01338	0.00915	0.00962	0.12462	0.00398	0.00256	0.00105	0.00302	0.00270	0.00217	0.00374
2	0.00481	0.00325	0.00378	0.00394	0.00398	0.00321	0.00230	0.00493	0.00530	0.00706	0.01242	0.19646	0.01451	0.70288	0.01476	0.00292	0.00305	0.00594	0.00230	0.00222
3	0.00863	0.56178	0.19832	0.00803	0.06314	0.01159	0.03970	0.02804	0.03541	0.00944	0.00562	0.00649	0.00470	0.00308	0.00263	0.00086	0.00403	0.00223	0.00159	0.00467
4	0.06152	0.55870	0.01476	0.00645	0.00923	0.05312	0.00594	0.23274	0.00944	0.01207	0.00570	0.00625	0.00473	0.00328	0.00256	0.00084	0.00375	0.00218	0.00204	0.00471
5	0.00615	0.02787	0.57260	0.00812	0.01167	0.00649	0.00961	0.00911	0.00726	0.01048	0.05957	0.16758	0.02495	0.00553	0.01577	0.00122	0.00418	0.04546	0.00201	0.00436
6	0.14659	0.07019	0.08732	0.17099	0.04363	0.10530	0.08549	0.09370	0.00857	0.14620	0.00718	0.00811	0.00521	0.00348	0.00314	0.00104	0.00419	0.00279	0.00227	0.00461
7	0.03271	0.57074	0.12781	0.00605	0.00881	0.01072	0.00612	0.00992	0.00683	0.05485	0.00627	0.00845	0.00572	0.12717	0.00456	0.00117	0.00373	0.00246	0.00172	0.00421
8	0.00527	0.00393	0.00530	0.00655	0.12518	0.00388	0.00369	0.00578	0.00591	0.00798	0.01263	0.25222	0.01447	0.48748	0.01141	0.00240	0.00306	0.03772	0.00236	0.00278
9	0.00912	0.16996	0.08313	0.02429	0.27515	0.20129	0.01810	0.02673	0.02766	0.00984	0.00701	0.05518	0.01764	0.00388	0.00364	0.00100	0.05696	0.00304	0.00181	0.00457
10	0.00804	0.01981	0.01250	0.07111	0.56582	0.03408	0.06088	0.02696	0.01980	0.01149	0.12687	0.01091	0.00918	0.00368	0.00350	0.00103	0.00389	0.00352	0.00204	0.00490
11	0.00621	0.00547	0.00731	0.00815	0.12732	0.05879	0.00552	0.00796	0.05234	0.00879	0.00857	0.01196	0.00776	0.01898	0.60213	0.00415	0.04966	0.00347	0.00188	0.00361
12	0.00566	0.00431	0.00500	0.00491	0.00599	0.00418	0.00381	0.12461	0.00890	0.01151	0.11539	0.20054	0.33473	0.00861	0.01631	0.00130	0.00238	0.13524	0.00325	0.00336
13	0.03233	0.02338	0.02027	0.03138	0.09574	0.04261	0.00606	0.09735	0.10703	0.18226	0.03348	0.03143	0.00992	0.01943	0.08581	0.00161	0.05117	0.12124	0.00289	0.00457
14	0.12142	0.03688	0.01007	0.00829	0.01045	0.46928	0.05822	0.19775	0.03538	0.01247	0.00621	0.00691	0.00486	0.00359	0.00309	0.00096	0.00501	0.00251	0.00221	0.00444
15	0.00480	0.00373	0.00540	0.00704	0.12578	0.00355	0.00421	0.00565	0.00685	0.00928	0.05184	0.71920	0.02059	0.00948	0.00421	0.00132	0.00226	0.00863	0.00299	0.00317
16	0.00721	0.06427	0.63433	0.01116	0.13372	0.00818	0.04624	0.01063	0.00739	0.01081	0.03111	0.00792	0.00535	0.00330	0.00327	0.00106	0.00476	0.00273	0.00156	0.00500
17	0.00743	0.00730	0.01153	0.26056	0.41638	0.04480	0.05430	0.00937	0.00762	0.01007	0.01030	0.01206	0.12566	0.00396	0.00351	0.00107	0.00406	0.00365	0.00186	0.00449
18	0.01223	0.00785	0.00902	0.00706	0.00949	0.00830	0.01772	0.49028	0.06963	0.21323	0.08593	0.01126	0.00928	0.02785	0.00387	0.00111	0.00332	0.00356	0.00358	0.00544
19	0.00453	0.00521	0.12530	0.00508	0.00626	0.00355	0.00435	0.00571	0.00709	0.00932	0.04534	0.48832	0.25927	0.00897	0.00411	0.00127	0.00234	0.00789	0.00295	0.00314
20	0.00789	0.00759	0.03720	0.03802	0.67767	0.00730	0.00940	0.00977	0.00761	0.02640	0.00831	0.13152	0.00786	0.00417	0.00352	0.00107	0.00379	0.00398	0.00194	0.00500

[dist]
# distance from previous block
# <min> <max>
14	27

[block]
# block no. 9 follows, 82 sequences, length 102
# corresponding to MSA columns:
# 439-540
name=unknown_J
#
# <colnr> <probs for GDERKNQSTAVLIFYWHMCP>
#	G	D	E	R	K	N	Q	S	T	A	V	L	I	F	Y	W	H	M	C	P
0	0.01042	0.09656	0.04526	0.01211	0.31021	0.03123	0.03221	0.13075	0.08125	0.17401	0.01808	0.00986	0.00691	0.00375	0.00333	0.00103	0.00374	0.02139	0.00260	0.00530
1	0.00546	0.00354	0.00424	0.00418	0.00434	0.00364	0.00259	0.00584	0.06663	0.00706	0.00982	0.01860	0.01065	0.58755	0.03740	0.21650	0.00334	0.00438	0.00203	0.00220
2	0.00854	0.23468	0.10574	0.00628	0.00943	0.04128	0.00588	0.11259	0.00828	0.01148	0.00598	0.00679	0.00488	0.00295	0.00266	0.00071	0.00340	0.00217	0.00198	0.42431
3	0.00416	0.00299	0.00395	0.00472	0.00495	0.00278	0.00316	0.00477	0.00659	0.00875	0.01932	0.85262	0.04725	0.01066	0.00436	0.00138	0.00198	0.00965	0.00318	0.00278
4	0.00553	0.00354	0.00457	0.00454	0.00535	0.00321	0.00331	0.00668	0.00842	0.09206	0.40306	0.31608	0.11423	0.00818	0.00409	0.00119	0.00188	0.00724	0.00355	0.00328
5	0.00910	0.66795	0.16002	0.00668	0.00990	0.05870	0.00702	0.01068	0.00721	0.02869	0.00523	0.00596	0.00448	0.00304	0.00245	0.00081	0.00401	0.00201	0.00154	0.00451
6	0.00474	0.00394	0.00466	0.01830	0.05583	0.00359	0.00346	0.00625	0.04162	0.01077	0.25662	0.02829	0.53432	0.00763	0.00397	0.00113	0.00192	0.00649	0.00324	0.00324
7	0.00785	0.02461	0.00770	0.00539	0.00840	0.00488	0.02407	0.00937	0.00734	0.08187	0.00669	0.00749	0.00534	0.00269	0.00264	0.00057	0.00266	0.00219	0.00219	0.78604
8	0.00937	0.83034	0.01745	0.00600	0.00889	0.03861	0.00589	0.03525	0.00730	0.00846	0.00487	0.00559	0.00443	0.00298	0.00226	0.00074	0.00374	0.00188	0.00153	0.00442
9	0.00910	0.30518	0.40684	0.00789	0.01175	0.00980	0.00898	0.09748	0.00830	0.09515	0.00662	0.00718	0.00491	0.00333	0.00293	0.00096	0.00424	0.00244	0.00193	0.00499
10	0.00810	0.14570	0.26289	0.01166	0.03512	0.03679	0.42069	0.01943	0.00778	0.01051	0.00631	0.00795	0.00481	0.00303	0.00347	0.00106	0.00519	0.00317	0.00162	0.00472
11	0.00417	0.00298	0.00397	0.00476	0.00496	0.00278	0.00318	0.00476	0.00655	0.00873	0.01885	0.87755	0.02262	0.01072	0.00437	0.00139	0.00198	0.00972	0.00318	0.00278
12	0.01065	0.17088	0.01058	0.00752	0.00966	0.31336	0.00604	0.10970	0.30370	0.01189	0.00853	0.00858	0.00667	0.00387	0.00310	0.00097	0.00423	0.00281	0.00250	0.00476
13	0.00799	0.19635	0.44609	0.00809	0.01213	0.00849	0.04124	0.02967	0.00751	0.05313	0.00628	0.00716	0.00474	0.00312	0.00295	0.00091	0.00423	0.00241	0.00174	0.15575
14	0.00766	0.29623	0.54761	0.00832	0.01250	0.00967	0.01006	0.02886	0.00731	0.01011	0.00608	0.03009	0.00488	0.00337	0.00294	0.00098	0.00449	0.00251	0.00154	0.00480
15	0.00777	0.01018	0.13554	0.01316	0.01664	0.02218	0.67163	0.01065	0.00790	0.01078	0.00743	0.05579	0.00600	0.00337	0.00393	0.00115	0.00547	0.00411	0.00177	0.00457
16	0.00461	0.00399	0.00513	0.01773	0.06452	0.00357	0.03912	0.00564	0.00761	0.00943	0.03951	0.17649	0.57809	0.00830	0.00406	0.00119	0.00217	0.02270	0.00300	0.00314
17	0.00823	0.00790	0.01354	0.12042	0.74961	0.00807	0.02147	0.01030	0.00768	0.01089	0.00640	0.00855	0.00531	0.00309	0.00340	0.00103	0.00414	0.00306	0.00167	0.00522
18	0.00712	0.01690	0.79040	0.00997	0.01487	0.00793	0.06558	0.01096	0.00733	0.02877	0.00634	0.00744	0.00448	0.00325	0.00330	0.00109	0.00506	0.00264	0.00152	0.00504
19	0.00847	0.00813	0.01388	0.02100	0.85844	0.00813	0.01050	0.01050	0.00779	0.01118	0.00643	0.00847	0.00542	0.00305	0.00339	0.00102	0.00406	0.00305	0.00169	0.00542
20	0.00677	0.00639	0.01081	0.74133	0.15139	0.00768	0.00965	0.00901	0.00699	0.00911	0.00613	0.00902	0.00469	0.00336	0.00341	0.00112	0.00448	0.00304	0.00155	0.00405
21	0.00850	0.00745	0.01229	0.11279	0.59253	0.00778	0.00936	0.01049	0.01823	0.07280	0.04774	0.00958	0.00683	0.00359	0.00397	0.00107	0.06474	0.00323	0.00197	0.00504
22	0.00784	0.00886	0.01922	0.01385	0.01711	0.00830	0.79606	0.01059	0.00798	0.01083	0.00763	0.06070	0.00622	0.00335	0.00406	0.00117	0.00554	0.00437	0.00182	0.00450
23	0.00743	0.00707	0.01201	0.45976	0.42777	0.00786	0.00998	0.00959	0.00730	0.00992	0.00625	0.00880	0.00498	0.00324	0.00340	0.00108	0.00432	0.00304	0.00160	0.00458
24	0.00427	0.00303	0.00393	0.00461	0.00480	0.00285	0.00303	0.00479	0.00637	0.00847	0.01808	0.75641	0.03418	0.12059	0.00601	0.00163	0.00215	0.00909	0.00304	0.00269
25	0.00499	0.00401	0.00595	0.00604	0.00665	0.00405	0.06542	0.00599	0.00692	0.00921	0.01768	0.51596	0.06881	0.00939	0.00492	0.00141	0.06823	0.18837	0.00294	0.00307
26	0.00823	0.00786	0.01337	0.04319	0.80037	0.00789	0.01017	0.01021	0.00771	0.01101	0.00694	0.04475	0.00611	0.00338	0.00343	0.00103	0.00399	0.00333	0.00175	0.00526
27	0.06293	0.00651	0.00818	0.00630	0.00894	0.00612	0.00521	0.15790	0.01065	0.67206	0.01212	0.01073	0.00776	0.00415	0.00337	0.00105	0.00304	0.00329	0.00398	0.00571
28	0.10551	0.01398	0.00932	0.00821	0.01013	0.61489	0.00631	0.15165	0.01025	0.01129	0.00570	0.00647	0.00457	0.00364	0.00323	0.00094	0.02527	0.00233	0.00207	0.00424
29	0.00572	0.00437	0.00686	0.00618	0.00706	0.00455	0.10405	0.01536	0.00623	0.03134	0.01858	0.05835	0.04548	0.18576	0.35861	0.05039	0.01766	0.06822	0.00216	0.00307
30	0.00841	0.57640	0.28051	0.00770	0.04611	0.01157	0.00816	0.01044	0.00707	0.00905	0.00526	0.00615	0.00442	0.00303	0.00257	0.00085	0.00411	0.00210	0.00147	0.00464
31	0.01528	0.00593	0.00801	0.00614	0.00879	0.00519	0.00507	0.04138	0.00998	0.83584	0.01334	0.01154	0.00839	0.00423	0.00344	0.00106	0.00294	0.00343	0.00421	0.00582
32	0.00658	0.00620	0.01047	0.82115	0.07305	0.00763	0.00956	0.00884	0.00690	0.00888	0.00610	0.00908	0.00461	0.00340	0.00342	0.00113	0.00453	0.00304	0.00153	0.00390
33	0.00689	0.00865	0.16747	0.04541	0.08088	0.01974	0.26965	0.00919	0.00773	0.02952	0.03450	0.09546	0.10072	0.00523	0.00395	0.00119	0.01152	0.09590	0.00222	0.00418
34	0.00705	0.00665	0.01124	0.54280	0.30998	0.00758	0.00958	0.00918	0.00715	0.00958	0.00673	0.04514	0.00561	0.00360	0.00345	0.00111	0.00428	0.00332	0.00165	0.00431
35	0.01368	0.00736	0.00787	0.00642	0.00870	0.14525	0.00515	0.02539	0.02448	0.60874	0.01290	0.03343	0.03201	0.02303	0.00375	0.00110	0.00341	0.02845	0.00367	0.00520
36	0.00820	0.00797	0.01326	0.13115	0.68791	0.02611	0.02926	0.01023	0.00768	0.01073	0.00681	0.00891	0.01912	0.00323	0.00351	0.00104	0.01497	0.00312	0.00169	0.00510
37	0.00703	0.01420	0.59534	0.02152	0.09288	0.00744	0.08267	0.01033	0.00737	0.02938	0.01681	0.08537	0.00654	0.00393	0.00344	0.00111	0.00466	0.00341	0.00173	0.00483
38	0.00680	0.01497	0.69421	0.00873	0.01301	0.00704	0.01082	0.01016	0.00732	0.04650	0.00957	0.07861	0.06893	0.00429	0.00341	0.00111	0.00447	0.00349	0.00183	0.00475
39	0.00846	0.00815	0.01401	0.02086	0.84148	0.00814	0.02736	0.01051	0.00779	0.01117	0.00644	0.00848	0.00541	0.00304	0.00340	0.00102	0.00410	0.00307	0.00169	0.00540
40	0.00658	0.02154	0.37485	0.15549	0.12295	0.00682	0.02738	0.00919	0.00717	0.01989	0.00927	0.17279	0.01595	0.00490	0.00357	0.00115	0.00415	0.03007	0.00192	0.00437
41	0.00766	0.02063	0.17804	0.20528	0.17054	0.00758	0.20540	0.02058	0.00768	0.05399	0.01817	0.06267	0.01861	0.00380	0.00358	0.00111	0.00451	0.00369	0.00190	0.00458
42	0.00847	0.01041	0.35214	0.05773	0.03025	0.00629	0.07437	0.01099	0.00801	0.21019	0.06515	0.09180	0.03575	0.00466	0.00357	0.00112	0.00392	0.01794	0.00252	0.00471
43	0.00871	0.00957	0.22425	0.03607	0.24745	0.00689	0.11827	0.01106	0.00798	0.17130	0.01051	0.05197	0.07219	0.00411	0.00355	0.00109	0.00405	0.00376	0.00230	0.00493
44	0.00773	0.01079	0.30434	0.05798	0.27985	0.00738	0.11774	0.01037	0.00761	0.06005	0.01899	0.08678	0.00705	0.00393	0.00352	0.00110	0.00436	0.00366	0.00191	0.00486
45	0.00769	0.01107	0.39901	0.13194	0.04983	0.00675	0.00911	0.03314	0.03507	0.11709	0.01000	0.13307	0.03209	0.00468	0.00350	0.00113	0.00403	0.00396	0.00223	0.00463
46	0.00848	0.01852	0.22385	0.10323	0.14484	0.00645	0.05212	0.01067	0.00788	0.19278	0.04360	0.11410	0.03953	0.00469	0.00364	0.00112	0.01326	0.00411	0.00247	0.00467
47	0.00763	0.03269	0.53295	0.00901	0.03899	0.00702	0.05276	0.02198	0.00761	0.10545	0.00934	0.12376	0.02685	0.00445	0.00346	0.00112	0.00429	0.00378	0.00207	0.00477
48	0.00718	0.03635	0.52339	0.03181	0.07776	0.00777	0.15956	0.01039	0.00743	0.02566	0.00788	0.04985	0.03209	0.00371	0.00346	0.00110	0.00477	0.00333	0.00170	0.00479
49	0.00829	0.01866	0.14620	0.09342	0.10905	0.00591	0.05577	0.01017	0.00765	0.20116	0.05401	0.11100	0.01003	0.04838	0.09129	0.00167	0.00421	0.01620	0.00254	0.00439
50	0.00778	0.01011	0.27527	0.21259	0.18430	0.01514	0.05056	0.02177	0.00768	0.08617	0.00911	0.03636	0.06036	0.00391	0.00346	0.00110	0.00427	0.00343	0.00197	0.00467
51	0.00697	0.00699	0.07622	0.25270	0.26465	0.00653	0.05108	0.00892	0.00743	0.04547	0.03506	0.15601	0.05760	0.00493	0.00364	0.00114	0.00377	0.00452	0.00213	0.00426
52	0.00766	0.01093	0.28207	0.13390	0.43363	0.00802	0.05402	0.01039	0.00749	0.01072	0.00632	0.00820	0.00495	0.00315	0.00338	0.00106	0.00453	0.00293	0.00159	0.00504
53	0.00845	0.49831	0.22083	0.00844	0.01196	0.02335	0.16526	0.01057	0.00727	0.00927	0.00550	0.00662	0.00453	0.00300	0.00281	0.00090	0.00443	0.00242	0.00151	0.00459
54	0.00748	0.02255	0.36047	0.05681	0.10304	0.00749	0.18956	0.01066	0.04292	0.05121	0.01907	0.01127	0.08138	0.00388	0.00355	0.00111	0.00450	0.01637	0.00196	0.00473
55	0.00747	0.02461	0.56009	0.02278	0.12787	0.01746	0.16061	0.01087	0.00750	0.01983	0.00637	0.00778	0.00468	0.00317	0.00340	0.00108	0.00502	0.00287	0.00156	0.00500
56	0.00587	0.00318	0.00444	0.00446	0.00449	0.01432	0.00295	0.00464	0.00466	0.00616	0.00692	0.04886	0.00721	0.08815	0.01320	0.77083	0.00300	0.00343	0.00161	0.00163
57	0.00646	0.00608	0.01026	0.87156	0.02356	0.00760	0.00950	0.00874	0.00684	0.00874	0.00608	0.00912	0.00456	0.00342	0.00342	0.00114	0.00456	0.00304	0.00152	0.00380
58	0.00796	0.07812	0.43064	0.01176	0.21457	0.04113	0.03933	0.03064	0.00780	0.03897	0.00787	0.00937	0.04148	0.00360	0.00330	0.00105	0.00450	0.02119	0.00178	0.00494
59	0.00929	0.04051	0.06079	0.21931	0.03816	0.17981	0.05844	0.10102	0.19036	0.03323	0.00877	0.00964	0.02794	0.00386	0.00337	0.00106	0.00434	0.00316	0.00231	0.00461
60	0.00968	0.75522	0.01672	0.00629	0.00904	0.13825	0.00596	0.01074	0.00735	0.00810	0.00483	0.00559	0.00439	0.00301	0.00233	0.00075	0.00403	0.00188	0.00151	0.00433
61	0.00433	0.00310	0.00404	0.00474	0.00499	0.00292	0.00317	0.01780	0.00667	0.00886	0.01876	0.80947	0.04259	0.04487	0.00486	0.00145	0.00206	0.00937	0.00314	0.00280
62	0.02962	0.15725	0.21191	0.01051	0.14618	0.13181	0.07779	0.09279	0.04042	0.05098	0.00670	0.00762	0.00516	0.00334	0.00314	0.00098	0.00449	0.00270	0.00198	0.01464
63	0.50936	0.15576	0.05740	0.03270	0.00871	0.03468	0.00528	0.13950	0.00782	0.01440	0.00543	0.00618	0.00423	0.00330	0.00247	0.00100	0.00329	0.00212	0.00214	0.00423
64	0.00594	0.00297	0.00446	0.00446	0.00446	0.00297	0.00297	0.00446	0.00446	0.00594	0.00594	0.01040	0.00594	0.01188	0.01337	0.90048	0.00297	0.00297	0.00149	0.00149
65	0.00489	0.00351	0.00370	0.00372	0.00470	0.00319	0.00276	0.02285	0.01753	0.01056	0.06705	0.12188	0.49141	0.00755	0.00366	0.00109	0.00177	0.00636	0.21879	0.00305
66	0.02005	0.04852	0.05253	0.03237	0.38686	0.06147	0.02929	0.05876	0.10292	0.08388	0.03294	0.01974	0.00701	0.00377	0.00372	0.00105	0.04457	0.00322	0.00226	0.00507
67	0.00939	0.43862	0.07246	0.00673	0.00943	0.01034	0.04116	0.06472	0.12618	0.09994	0.04459	0.03568	0.00756	0.00386	0.00300	0.00093	0.01541	0.00295	0.00232	0.00472
68	0.00796	0.00759	0.01291	0.19990	0.66291	0.00790	0.01012	0.01003	0.00763	0.01072	0.02584	0.00900	0.00585	0.00322	0.00341	0.00104	0.00411	0.00312	0.00170	0.00503
69	0.00665	0.00630	0.01052	0.76515	0.07881	0.00780	0.00945	0.00883	0.00681	0.00887	0.00601	0.00898	0.00461	0.00354	0.00386	0.00115	0.05416	0.00304	0.00153	0.00391
70	0.08240	0.04867	0.13823	0.01747	0.11223	0.01804	0.06871	0.06390	0.02976	0.07761	0.05179	0.17710	0.03492	0.03756	0.00412	0.00121	0.01292	0.01658	0.00250	0.00428
71	0.01635	0.00883	0.12108	0.11423	0.44619	0.00775	0.11745	0.00998	0.00751	0.01932	0.00754	0.06031	0.01776	0.00372	0.00372	0.00109	0.02701	0.00355	0.00178	0.00484
72	0.00433	0.00314	0.00430	0.04711	0.00586	0.00303	0.00348	0.00498	0.00658	0.00877	0.03484	0.79805	0.02155	0.01031	0.00452	0.02197	0.00213	0.00917	0.00307	0.00281
73	0.04862	0.07534	0.03633	0.02072	0.07197	0.24870	0.02688	0.07561	0.05081	0.26769	0.01640	0.00875	0.00636	0.00381	0.00341	0.00100	0.02713	0.00287	0.00270	0.00490
74	0.04063	0.03799	0.21402	0.03142	0.17762	0.10668	0.09295	0.03706	0.05152	0.11842	0.04096	0.00943	0.01872	0.00364	0.00335	0.00104	0.00431	0.00312	0.00221	0.00489
