[name]
unknown

[dist]
# distance from previous block
# <min> <max>
0	175

[block]
# block no. 0 follows, 81 sequences, length 9
# corresponding to MSA columns:
# 178-186
name=unknown_A
#
# <colnr> <probs for GDERKNQSTAVLIFYWHMCP>
#	G	D	E	R	K	N	Q	S	T	A	V	L	I	F	Y	W	H	M	C	P
0	0.00798	0.00440	0.00566	0.00519	0.00653	0.00407	0.00407	0.02360	0.03957	0.24427	0.26299	0.13018	0.11680	0.02369	0.00426	0.00124	0.00235	0.10551	0.00367	0.00397
1	0.00643	0.00443	0.00544	0.00536	0.00645	0.00424	0.00389	0.00879	0.15219	0.09377	0.01610	0.53814	0.01719	0.00813	0.00394	0.00122	0.00229	0.00724	0.00323	0.11153
2	0.00846	0.01125	0.20521	0.03156	0.20642	0.15464	0.12054	0.01069	0.00794	0.02572	0.00732	0.07355	0.00632	0.00374	0.00340	0.00101	0.00457	0.00334	0.00187	0.11244
3	0.00845	0.00812	0.09513	0.22512	0.23929	0.00711	0.08877	0.01066	0.00772	0.11271	0.00722	0.00881	0.00544	0.00323	0.00334	0.00099	0.00409	0.00299	0.00201	0.15880
4	0.00808	0.15735	0.01249	0.45313	0.20016	0.00912	0.00888	0.09179	0.00805	0.01051	0.00620	0.00835	0.00489	0.00336	0.00323	0.00104	0.00426	0.00287	0.00175	0.00449
5	0.16123	0.00670	0.00997	0.44658	0.20759	0.00751	0.00829	0.00944	0.00697	0.01076	0.00599	0.00825	0.00470	0.00324	0.00313	0.00105	0.00396	0.00277	0.00173	0.09012
6	0.20050	0.00832	0.18912	0.00729	0.04400	0.00653	0.04461	0.01038	0.15210	0.02636	0.03260	0.20760	0.04576	0.00554	0.00343	0.00118	0.00319	0.00469	0.00256	0.00422
7	0.34845	0.04342	0.03643	0.00542	0.00808	0.05626	0.00458	0.01049	0.00709	0.09602	0.00627	0.00691	0.00484	0.00307	0.00253	0.00083	0.00299	0.00214	0.00224	0.35193
8	0.00668	0.00614	0.01017	0.53771	0.20081	0.00703	0.00872	0.00881	0.00761	0.01022	0.15225	0.01192	0.00961	0.00399	0.00355	0.00111	0.00399	0.00362	0.00196	0.00409

[dist]
# distance from previous block
# <min> <max>
9	29

[block]
# block no. 1 follows, 81 sequences, length 6
# corresponding to MSA columns:
# 216-221
name=unknown_B
#
# <colnr> <probs for GDERKNQSTAVLIFYWHMCP>
#	G	D	E	R	K	N	Q	S	T	A	V	L	I	F	Y	W	H	M	C	P
0	0.00563	0.00410	0.00465	0.00431	0.00507	0.00393	0.00291	0.07340	0.00721	0.00968	0.11506	0.08018	0.14377	0.44200	0.01067	0.00220	0.00278	0.00545	0.00265	0.07435
1	0.03540	0.00871	0.08058	0.11140	0.17155	0.00792	0.20540	0.14616	0.00905	0.01285	0.03993	0.00905	0.00625	0.00336	0.00343	0.00101	0.00423	0.00321	0.00211	0.13842
2	0.00780	0.00694	0.01004	0.00780	0.01024	0.02995	0.20394	0.08769	0.06997	0.03355	0.05449	0.05696	0.07777	0.00466	0.00356	0.00099	0.00348	0.06356	0.00259	0.26402
3	0.05281	0.00424	0.00504	0.00489	0.00595	0.00418	0.00374	0.00787	0.07534	0.07959	0.22805	0.19567	0.22138	0.00774	0.00423	0.00122	0.03075	0.06046	0.00335	0.00351
4	0.00930	0.00807	0.00887	0.00718	0.00948	0.10844	0.07163	0.22277	0.07054	0.03893	0.01047	0.09780	0.03956	0.00475	0.00343	0.00098	0.00354	0.04936	0.00274	0.23213
5	0.00635	0.00416	0.00518	0.00505	0.00607	0.00386	0.00369	0.07362	0.00826	0.09644	0.12496	0.48058	0.08733	0.00839	0.00404	0.00122	0.00221	0.00743	0.00333	0.06783

[dist]
# distance from previous block
# <min> <max>
0	1

[block]
# block no. 2 follows, 81 sequences, length 22
# corresponding to MSA columns:
# 223-244
name=unknown_C
#
# <colnr> <probs for GDERKNQSTAVLIFYWHMCP>
#	G	D	E	R	K	N	Q	S	T	A	V	L	I	F	Y	W	H	M	C	P
0	0.01292	0.01586	0.00984	0.00882	0.01068	0.78869	0.00667	0.08785	0.01036	0.00964	0.00560	0.00641	0.00458	0.00361	0.00315	0.00090	0.00601	0.00230	0.00193	0.00417
1	0.00767	0.00846	0.01805	0.01309	0.01611	0.00795	0.72580	0.01020	0.00780	0.01056	0.00796	0.05552	0.00681	0.08129	0.00530	0.00137	0.00541	0.00446	0.00185	0.00433
2	0.00855	0.00821	0.01402	0.02120	0.85704	0.00821	0.01060	0.01060	0.00787	0.01129	0.00650	0.00855	0.00547	0.00308	0.00342	0.00103	0.00410	0.00308	0.00171	0.00547
3	0.01220	0.01533	0.00941	0.00860	0.01028	0.78812	0.00646	0.01312	0.00941	0.00842	0.00569	0.00688	0.00482	0.00555	0.07985	0.00131	0.00650	0.00236	0.00179	0.00392
4	0.00501	0.00363	0.00517	0.00517	0.00576	0.00411	0.00394	0.00614	0.00570	0.00826	0.01046	0.01505	0.03977	0.09981	0.70316	0.00489	0.00797	0.00392	0.05908	0.00300
5	0.00944	0.00687	0.00770	0.00638	0.00800	0.00755	0.00494	0.46480	0.01125	0.01518	0.00917	0.01313	0.00819	0.24501	0.16433	0.00249	0.00467	0.00374	0.00279	0.00434
6	0.01118	0.00848	0.00910	0.00745	0.00984	0.00949	0.00600	0.43224	0.39426	0.05719	0.01115	0.01054	0.00812	0.00440	0.00348	0.00110	0.00328	0.00349	0.00352	0.00569
7	0.05897	0.47138	0.20813	0.00717	0.01034	0.15264	0.00741	0.01091	0.00750	0.00926	0.00592	0.00671	0.02428	0.00328	0.00265	0.00087	0.00433	0.00220	0.00160	0.00444
8	0.00494	0.00370	0.00555	0.00555	0.00617	0.00432	0.00432	0.00617	0.00555	0.00802	0.00925	0.01357	0.00864	0.02591	0.86490	0.00555	0.00925	0.00370	0.00185	0.00308
9	0.00420	0.00303	0.00398	0.00473	0.00499	0.00281	0.00317	0.00482	0.00669	0.00885	0.01996	0.82786	0.07073	0.01070	0.00439	0.00139	0.00199	0.00968	0.00321	0.00281
10	0.00827	0.00793	0.01352	0.13687	0.74354	0.00814	0.01046	0.01036	0.00774	0.01095	0.00645	0.00864	0.00535	0.00313	0.00342	0.00104	0.00417	0.00308	0.00169	0.00525
11	0.00910	0.00945	0.01240	0.13270	0.54044	0.16993	0.00946	0.01137	0.05216	0.01058	0.00663	0.00843	0.00543	0.00330	0.00337	0.00102	0.00450	0.00296	0.00179	0.00497
12	0.00943	0.83550	0.01767	0.00607	0.00896	0.05815	0.00595	0.01052	0.00716	0.00814	0.00483	0.00558	0.00443	0.00299	0.00226	0.00075	0.00383	0.00187	0.00149	0.00441
13	0.00862	0.49638	0.33703	0.00754	0.01129	0.01133	0.00855	0.06541	0.00773	0.01009	0.00556	0.00639	0.00451	0.00316	0.00270	0.00089	0.00424	0.00220	0.00160	0.00478
14	0.00859	0.00997	0.01942	0.01405	0.01738	0.08663	0.76825	0.01131	0.00830	0.01083	0.00684	0.00904	0.00517	0.00297	0.00399	0.00114	0.00586	0.00391	0.00175	0.00460
15	0.00609	0.00460	0.00509	0.00469	0.00593	0.05140	0.02691	0.00717	0.00829	0.09932	0.17344	0.08924	0.43772	0.03885	0.02451	0.00132	0.00247	0.00636	0.00323	0.00336
16	0.03421	0.00459	0.00545	0.03389	0.03722	0.00481	0.00371	0.09339	0.04931	0.00978	0.02500	0.11769	0.03234	0.46124	0.03139	0.00243	0.00333	0.04463	0.00250	0.00308
17	0.00949	0.00521	0.00641	0.00554	0.00707	0.00508	0.00431	0.14506	0.00934	0.27177	0.08543	0.07513	0.07015	0.15530	0.04067	0.00170	0.00314	0.07069	0.02429	0.00422
18	0.00495	0.00404	0.00575	0.00553	0.00650	0.00378	0.07836	0.00630	0.02616	0.00998	0.11281	0.26592	0.26067	0.03363	0.03316	0.00149	0.00270	0.13203	0.00307	0.00316
19	0.00664	0.00626	0.01057	0.82300	0.07020	0.00770	0.00965	0.00893	0.00696	0.00896	0.00616	0.00917	0.00465	0.00343	0.00345	0.00114	0.00458	0.00307	0.00154	0.00393
20	0.04181	0.13814	0.28024	0.02303	0.04204	0.23306	0.14121	0.01179	0.02335	0.02563	0.00614	0.00728	0.00475	0.00329	0.00319	0.00100	0.00510	0.00265	0.00171	0.00462
21	0.00656	0.04627	0.00883	0.35808	0.11975	0.01885	0.00694	0.00801	0.02357	0.00932	0.10317	0.04312	0.04374	0.00595	0.00535	0.16216	0.00363	0.02117	0.00201	0.00353

[dist]
# distance from previous block
# <min> <max>
18	104

[block]
# block no. 3 follows, 81 sequences, length 17
# corresponding to MSA columns:
# 349-365
name=unknown_D
#
# <colnr> <probs for GDERKNQSTAVLIFYWHMCP>
#	G	D	E	R	K	N	Q	S	T	A	V	L	I	F	Y	W	H	M	C	P
0	0.00809	0.00641	0.00696	0.00621	0.00796	0.00708	0.00483	0.05729	0.54506	0.05091	0.14513	0.01647	0.09150	0.00537	0.00362	0.00114	0.00251	0.00450	0.02406	0.00488
1	0.00417	0.00343	0.00362	0.00371	0.00470	0.00293	0.00270	0.00501	0.00769	0.00937	0.06758	0.13597	0.68613	0.04169	0.00463	0.00127	0.00184	0.00747	0.00319	0.00289
2	0.00526	0.00365	0.00453	0.00423	0.00524	0.00327	0.00320	0.00669	0.00932	0.05808	0.60884	0.02688	0.23326	0.00733	0.00404	0.00111	0.00173	0.00635	0.00368	0.00332
3	0.00419	0.00341	0.00368	0.00388	0.00479	0.00295	0.00282	0.00500	0.00751	0.00916	0.03024	0.20701	0.62404	0.04197	0.00468	0.00131	0.00191	0.03542	0.00316	0.00287
4	0.00781	0.06276	0.01347	0.01022	0.01127	0.01032	0.21376	0.00912	0.00610	0.00898	0.00516	0.00787	0.00470	0.00508	0.00898	0.00138	0.60421	0.00321	0.00157	0.00404
5	0.00723	0.00581	0.00682	0.00508	0.00782	0.00452	0.00402	0.00888	0.02430	0.03934	0.02780	0.05470	0.00710	0.00327	0.00274	0.00062	0.00249	0.00269	0.03726	0.74752
6	0.90299	0.00668	0.00508	0.00454	0.00668	0.00775	0.00374	0.01015	0.00588	0.01550	0.00481	0.00561	0.00374	0.00321	0.00214	0.00107	0.00267	0.00187	0.00214	0.00374
7	0.04220	0.00929	0.00993	0.00771	0.01039	0.01027	0.00634	0.72979	0.07707	0.04870	0.00878	0.00866	0.00624	0.00416	0.00342	0.00105	0.00366	0.00314	0.00344	0.00577
8	0.00985	0.08672	0.09054	0.18102	0.05609	0.08661	0.03259	0.17109	0.05521	0.08993	0.00735	0.00848	0.00554	0.00393	0.00419	0.00109	0.09976	0.00295	0.00228	0.00479
9	0.02332	0.00936	0.00790	0.00697	0.00845	0.27413	0.00529	0.20882	0.06563	0.01179	0.02237	0.01123	0.00756	0.13962	0.13370	0.03714	0.01705	0.00329	0.00238	0.00400
10	0.00427	0.00336	0.00383	0.00414	0.00491	0.00297	0.00299	0.00509	0.00743	0.00927	0.05305	0.30941	0.47931	0.03845	0.00468	0.00134	0.00197	0.05746	0.00319	0.00288
11	0.00755	0.00719	0.01222	0.43960	0.44645	0.00795	0.01011	0.00973	0.00739	0.01007	0.00632	0.00888	0.00504	0.00326	0.00344	0.00109	0.00435	0.00307	0.00162	0.00467
12	0.00420	0.00350	0.00366	0.00362	0.00474	0.00297	0.00272	0.00518	0.00815	0.00998	0.15177	0.03219	0.73847	0.00851	0.00408	0.00116	0.00173	0.00714	0.00329	0.00297
13	0.90299	0.00668	0.00508	0.00454	0.00668	0.00775	0.00374	0.01015	0.00588	0.01550	0.00481	0.00561	0.00374	0.00321	0.00214	0.00107	0.00267	0.00187	0.00214	0.00374
14	0.00577	0.00474	0.00704	0.22576	0.10878	0.00500	0.00554	0.00689	0.00641	0.00870	0.01078	0.23900	0.01155	0.20608	0.04897	0.02079	0.00363	0.00524	0.00217	0.06716
15	0.04546	0.00717	0.00817	0.00640	0.00893	0.06725	0.00521	0.14856	0.01054	0.52187	0.05639	0.01098	0.00868	0.00418	0.00336	0.00101	0.00320	0.00331	0.00369	0.07565
16	0.00870	0.00781	0.02686	0.00946	0.16209	0.05620	0.01951	0.15953	0.27729	0.01372	0.04724	0.05298	0.05954	0.00578	0.03898	0.00129	0.00359	0.02394	0.02060	0.00488

[dist]
# distance from previous block
# <min> <max>
0	9

[block]
# block no. 4 follows, 81 sequences, length 14
# corresponding to MSA columns:
# 375-388
name=unknown_E
#
# <colnr> <probs for GDERKNQSTAVLIFYWHMCP>
#	G	D	E	R	K	N	Q	S	T	A	V	L	I	F	Y	W	H	M	C	P
0	0.00971	0.61012	0.06440	0.00596	0.00876	0.02763	0.00586	0.01106	0.00749	0.12006	0.00670	0.00721	0.00542	0.00327	0.00248	0.00081	0.00352	0.00225	0.09276	0.00453
1	0.02237	0.03426	0.16912	0.00589	0.00808	0.00533	0.00560	0.05877	0.02157	0.12348	0.39770	0.01829	0.08030	0.00558	0.00367	0.00106	0.00272	0.00472	0.00320	0.02827
2	0.02381	0.10816	0.07740	0.00628	0.00816	0.02242	0.02316	0.02860	0.04422	0.21897	0.09426	0.05392	0.01082	0.09184	0.12931	0.00194	0.04579	0.00392	0.00275	0.00426
3	0.00655	0.00553	0.00646	0.00485	0.00743	0.00426	0.00384	0.00803	0.00758	0.01140	0.12005	0.01225	0.09498	0.00378	0.00291	0.00065	0.00235	0.00313	0.00239	0.69157
4	0.00655	0.00638	0.04633	0.02034	0.14750	0.00565	0.08156	0.00850	0.04195	0.01070	0.06962	0.14487	0.08829	0.01632	0.01434	0.00113	0.04422	0.03141	0.00240	0.21194
5	0.00711	0.01986	0.00844	0.00947	0.21340	0.00621	0.03488	0.08317	0.13690	0.01275	0.20207	0.08223	0.13419	0.00578	0.00376	0.00112	0.00283	0.01557	0.01592	0.00435
6	0.00591	0.00473	0.00593	0.00655	0.11679	0.00452	0.00423	0.09141	0.00905	0.01195	0.26540	0.02428	0.35559	0.05423	0.00486	0.01974	0.00234	0.00580	0.00311	0.00358
7	0.00755	0.00922	0.20600	0.00758	0.07316	0.00602	0.00673	0.05704	0.00776	0.01178	0.00630	0.00736	0.00501	0.00286	0.00284	0.00072	0.00334	0.00230	0.00197	0.57446
8	0.00985	0.00987	0.00760	0.00697	0.00835	0.36039	0.00522	0.11372	0.05579	0.04414	0.01011	0.12559	0.00987	0.14121	0.00571	0.00142	0.00433	0.05761	0.01839	0.00387
9	0.00615	0.00404	0.00479	0.00457	0.00541	0.00401	0.00336	0.09164	0.00865	0.02771	0.29256	0.15411	0.03355	0.12106	0.02207	0.00147	0.00234	0.02403	0.18517	0.00333
10	0.00523	0.00576	0.11645	0.00509	0.00666	0.00429	0.00452	0.00770	0.09397	0.01179	0.34738	0.07055	0.29331	0.00708	0.00394	0.00114	0.00226	0.00606	0.00324	0.00359
11	0.15363	0.12057	0.00901	0.00597	0.00860	0.00694	0.00506	0.06215	0.00925	0.56818	0.01079	0.00979	0.00711	0.00393	0.00310	0.00102	0.00305	0.00299	0.00353	0.00535
12	0.12275	0.00443	0.00526	0.04458	0.00655	0.00470	0.00387	0.01974	0.05550	0.01135	0.26838	0.04444	0.14247	0.03617	0.09787	0.09280	0.02823	0.00488	0.00279	0.00323
13	0.00750	0.00775	0.11998	0.09759	0.11912	0.00580	0.02063	0.00947	0.00743	0.05735	0.02401	0.05774	0.00675	0.00347	0.00307	0.00082	0.00333	0.00299	0.00209	0.44311

[dist]
# distance from previous block
# <min> <max>
13	69

[block]
# block no. 5 follows, 81 sequences, length 37
# corresponding to MSA columns:
# 458-494
name=unknown_F
#
# <colnr> <probs for GDERKNQSTAVLIFYWHMCP>
#	G	D	E	R	K	N	Q	S	T	A	V	L	I	F	Y	W	H	M	C	P
0	0.02148	0.14737	0.45673	0.00917	0.07461	0.01624	0.00962	0.06552	0.03478	0.02648	0.02774	0.00786	0.00559	0.00337	0.00309	0.00098	0.00429	0.00262	0.00185	0.08061
1	0.00787	0.12067	0.34341	0.04146	0.16022	0.02133	0.08927	0.02166	0.02583	0.03359	0.00825	0.00946	0.05435	0.01292	0.00344	0.00105	0.00439	0.00306	0.00182	0.03595
2	0.00494	0.00336	0.00384	0.00387	0.00397	0.00335	0.00226	0.00507	0.00526	0.00697	0.01240	0.04870	0.05962	0.76443	0.05559	0.00327	0.00349	0.00523	0.00218	0.00221
3	0.02070	0.11835	0.22912	0.02178	0.04209	0.09620	0.04158	0.00951	0.03739	0.01819	0.04282	0.07108	0.16857	0.00529	0.00372	0.00110	0.03011	0.03603	0.00222	0.00414
4	0.03816	0.08489	0.32506	0.02487	0.08554	0.07934	0.08807	0.06330	0.04748	0.10655	0.02013	0.00844	0.00582	0.00351	0.00329	0.00105	0.00449	0.00290	0.00213	0.00500
5	0.00849	0.00737	0.00808	0.01926	0.03524	0.17743	0.08186	0.00992	0.03021	0.13075	0.07526	0.16578	0.11094	0.03169	0.01595	0.00128	0.04215	0.03334	0.01109	0.00391
6	0.02194	0.07437	0.05848	0.11449	0.47413	0.00788	0.00883	0.00982	0.03586	0.01053	0.00932	0.04907	0.07181	0.01775	0.00378	0.00110	0.02055	0.00362	0.00191	0.00475
7	0.04181	0.03580	0.06187	0.02955	0.27094	0.18551	0.02302	0.15009	0.02225	0.08321	0.00757	0.03544	0.00608	0.01139	0.00343	0.00103	0.00431	0.00307	0.00230	0.02133
8	0.00740	0.07131	0.20469	0.00724	0.00983	0.02847	0.07527	0.05751	0.09877	0.05221	0.04455	0.11613	0.15211	0.00552	0.00361	0.00111	0.00347	0.02062	0.00260	0.03758
9	0.00492	0.00359	0.00450	0.00476	0.00559	0.00330	0.00371	0.00613	0.00817	0.02734	0.22970	0.18921	0.26060	0.00884	0.00431	0.00130	0.00217	0.22539	0.00337	0.00311
10	0.00813	0.00911	0.11382	0.05859	0.15535	0.03536	0.18865	0.06531	0.18429	0.01210	0.04135	0.03007	0.00794	0.01302	0.04669	0.00136	0.01803	0.00370	0.00229	0.00482
11	0.00866	0.00798	0.02610	0.04424	0.43462	0.00801	0.12964	0.08474	0.05643	0.04041	0.00834	0.01083	0.02124	0.04175	0.01594	0.00125	0.02843	0.02424	0.00213	0.00502
12	0.01138	0.37295	0.01339	0.00734	0.00991	0.23498	0.00631	0.26870	0.02374	0.01252	0.00616	0.00668	0.00498	0.00351	0.00285	0.00088	0.00437	0.00237	0.00220	0.00478
13	0.00492	0.00331	0.00384	0.00394	0.00398	0.00330	0.00228	0.00502	0.00524	0.00700	0.01191	0.13371	0.01382	0.74768	0.03354	0.00314	0.00330	0.00562	0.00223	0.00221
14	0.00758	0.00750	0.02592	0.30211	0.45584	0.00778	0.07353	0.00974	0.00756	0.01034	0.00797	0.01016	0.05174	0.00350	0.00352	0.00109	0.00429	0.00337	0.00173	0.00472
15	0.00854	0.05331	0.66265	0.00901	0.01355	0.00782	0.01103	0.02187	0.01768	0.15153	0.00749	0.00803	0.00516	0.00346	0.00327	0.00107	0.00464	0.00270	0.00197	0.00522
16	0.00652	0.00614	0.01036	0.87029	0.02379	0.00768	0.00959	0.00883	0.00691	0.00883	0.00614	0.00921	0.00461	0.00345	0.00345	0.00115	0.00461	0.00307	0.00154	0.00384
17	0.00557	0.00398	0.00557	0.00636	0.00716	0.00398	0.00557	0.00716	0.00795	0.01034	0.01829	0.03897	0.01988	0.00954	0.00477	0.00159	0.00318	0.83379	0.00318	0.00318
18	0.00695	0.00658	0.01113	0.69149	0.19926	0.00779	0.00981	0.00920	0.00711	0.00934	0.00622	0.00907	0.00479	0.00337	0.00345	0.00112	0.00450	0.00307	0.00157	0.00418
19	0.00503	0.00376	0.00541	0.00537	0.00587	0.00434	0.00406	0.00605	0.00546	0.00782	0.00938	0.01484	0.00915	0.16179	0.70460	0.00508	0.03329	0.00389	0.00188	0.00295
20	0.00494	0.00370	0.00555	0.00555	0.00617	0.00432	0.00432	0.00617	0.00555	0.00802	0.00925	0.01357	0.00864	0.02591	0.86490	0.00555	0.00925	0.00370	0.00185	0.00308
21	0.00855	0.00821	0.01402	0.02120	0.85704	0.00821	0.01060	0.01060	0.00787	0.01129	0.00650	0.00855	0.00547	0.00308	0.00342	0.00103	0.00410	0.00308	0.00171	0.00547
22	0.00668	0.00620	0.01039	0.77533	0.08672	0.00756	0.00942	0.00894	0.00699	0.00916	0.00635	0.00929	0.00482	0.00344	0.00342	0.00113	0.00446	0.00308	0.03270	0.00394
23	0.00739	0.00702	0.01192	0.50885	0.37849	0.00790	0.01002	0.00958	0.00732	0.00987	0.00629	0.00893	0.00497	0.00329	0.00344	0.00110	0.00439	0.00307	0.00161	0.00453
24	0.00453	0.00355	0.00406	0.00407	0.00501	0.00318	0.00308	0.00560	0.00809	0.01034	0.23754	0.03063	0.47974	0.07524	0.02673	0.00146	0.00217	0.08878	0.00324	0.00297
25	0.00696	0.00660	0.00942	0.00781	0.00954	0.08222	0.21865	0.05395	0.00819	0.02223	0.04208	0.30360	0.09173	0.00662	0.00396	0.00117	0.00353	0.03842	0.00265	0.08068
26	0.07497	0.00677	0.00716	0.00542	0.00819	0.04982	0.00430	0.03990	0.03981	0.01182	0.00681	0.03258	0.00581	0.01244	0.00284	0.00067	0.00280	0.00241	0.00218	0.68332
27	0.06123	0.01459	0.00908	0.00820	0.01000	0.70804	0.00620	0.05550	0.00976	0.00959	0.00773	0.00836	0.06947	0.00397	0.00315	0.00093	0.00557	0.00264	0.00199	0.00400
28	0.06046	0.00967	0.12092	0.00751	0.01046	0.00891	0.00681	0.51119	0.01304	0.17006	0.00890	0.00881	0.00615	0.00400	0.00333	0.00104	0.00368	0.00304	0.03647	0.00556
29	0.07651	0.00839	0.00950	0.18871	0.01210	0.15456	0.02045	0.01999	0.04553	0.00951	0.00603	0.00838	0.00517	0.00637	0.07839	0.00160	0.32975	0.00293	0.01225	0.00388
30	0.00743	0.16884	0.58304	0.07541	0.06058	0.00902	0.01104	0.01081	0.02436	0.01037	0.00612	0.00731	0.00459	0.00325	0.00312	0.00103	0.00471	0.00252	0.00152	0.00492
31	0.00878	0.00817	0.01282	0.03644	0.07723	0.05471	0.31635	0.06814	0.18465	0.06388	0.03210	0.04230	0.05346	0.00433	0.00379	0.00114	0.00422	0.02014	0.00258	0.00476
32	0.00725	0.00545	0.07134	0.00559	0.00722	0.00445	0.05037	0.00947	0.04922	0.14469	0.46543	0.01904	0.02113	0.00561	0.00368	0.00106	0.00238	0.00492	0.11772	0.00398
33	0.00772	0.00513	0.00621	0.03153	0.03032	0.02962	0.00437	0.04599	0.09422	0.15872	0.29029	0.09661	0.08945	0.04777	0.04504	0.00144	0.00284	0.00533	0.00338	0.00402
34	0.01127	0.01175	0.02377	0.00811	0.03098	0.39965	0.00620	0.22395	0.08776	0.03339	0.01015	0.05732	0.07148	0.00461	0.00340	0.00101	0.00457	0.00346	0.00260	0.00457
35	0.00571	0.00451	0.00523	0.00573	0.06975	0.05112	0.00342	0.00615	0.00560	0.00740	0.00993	0.01889	0.01081	0.59880	0.17967	0.00346	0.00471	0.00447	0.00200	0.00265
36	0.01186	0.01477	0.00914	0.00836	0.00996	0.75183	0.00624	0.01273	0.00921	0.00833	0.00594	0.00769	0.00521	0.05322	0.06970	0.00138	0.00630	0.00249	0.00180	0.00383

[dist]
# distance from previous block
# <min> <max>
6	7

[block]
# block no. 6 follows, 81 sequences, length 6
# corresponding to MSA columns:
# 502-507
name=unknown_G
#
# <colnr> <probs for GDERKNQSTAVLIFYWHMCP>
#	G	D	E	R	K	N	Q	S	T	A	V	L	I	F	Y	W	H	M	C	P
0	0.00660	0.07466	0.06098	0.03705	0.08307	0.00589	0.01973	0.03655	0.07765	0.02376	0.22075	0.04982	0.13055	0.00661	0.04361	0.00127	0.00311	0.03990	0.00279	0.07563
1	0.00556	0.00517	0.09357	0.00480	0.00632	0.00374	0.00419	0.00700	0.00836	0.07863	0.23778	0.09436	0.39191	0.00759	0.00400	0.00117	0.00224	0.03689	0.00326	0.00347
2	0.00824	0.00829	0.11677	0.00819	0.07646	0.00673	0.06018	0.12767	0.06832	0.04018	0.07564	0.03983	0.00846	0.00388	0.00346	0.00091	0.02671	0.00328	0.00247	0.31433
3	0.00779	0.34662	0.23432	0.00693	0.00982	0.00955	0.00724	0.05547	0.05309	0.01041	0.05517	0.05586	0.07952	0.00449	0.00349	0.00100	0.04938	0.00339	0.00206	0.00443
4	0.04844	0.07868	0.05630	0.01126	0.21128	0.08705	0.06350	0.05546	0.00761	0.01060	0.00727	0.04885	0.03214	0.00441	0.00523	0.00112	0.21607	0.00327	0.00189	0.04957
5	0.01090	0.09821	0.00929	0.00730	0.00917	0.47235	0.00570	0.05589	0.03389	0.07433	0.01111	0.01141	0.13754	0.00542	0.04173	0.00116	0.00494	0.00323	0.00230	0.00412

[dist]
# distance from previous block
# <min> <max>
13	30

[block]
# block no. 7 follows, 81 sequences, length 12
# corresponding to MSA columns:
# 539-550
name=unknown_H
#
# <colnr> <probs for GDERKNQSTAVLIFYWHMCP>
#	G	D	E	R	K	N	Q	S	T	A	V	L	I	F	Y	W	H	M	C	P
0	0.00603	0.00452	0.00624	0.09353	0.04088	0.00483	0.02020	0.03793	0.04159	0.02805	0.05142	0.07441	0.07504	0.13536	0.27250	0.00279	0.00491	0.00453	0.07832	0.01691
1	0.00483	0.00354	0.00484	0.00488	0.00541	0.00379	0.00357	0.00580	0.00621	0.00863	0.11367	0.08963	0.07138	0.17823	0.47526	0.00397	0.00614	0.00500	0.00234	0.00289
2	0.00552	0.00399	0.00505	0.00484	0.00576	0.00410	0.00368	0.00754	0.08355	0.03779	0.26735	0.02061	0.14813	0.05682	0.29004	0.00269	0.00440	0.00508	0.03971	0.00337
3	0.85819	0.00664	0.00523	0.00462	0.00679	0.00761	0.00381	0.01049	0.00608	0.05810	0.00526	0.00592	0.00398	0.00326	0.00221	0.00107	0.00269	0.00195	0.00225	0.00385
4	0.00929	0.29180	0.31541	0.00851	0.04635	0.04085	0.00870	0.11312	0.00846	0.06497	0.00636	0.00717	0.00490	0.00351	0.00346	0.00099	0.05682	0.00249	0.00191	0.00493
5	0.02203	0.44979	0.28984	0.02558	0.02991	0.02587	0.02429	0.02777	0.00738	0.00963	0.00676	0.00766	0.03953	0.00371	0.01633	0.00098	0.00426	0.00246	0.00162	0.00459
6	0.01383	0.00552	0.00745	0.00584	0.00823	0.00478	0.00477	0.01518	0.00980	0.72873	0.11133	0.01422	0.04458	0.00477	0.00357	0.00107	0.00274	0.00394	0.00418	0.00546
7	0.00528	0.00525	0.09422	0.00566	0.00667	0.00419	0.02014	0.02845	0.06728	0.00982	0.02858	0.53061	0.03494	0.09195	0.00543	0.00152	0.00265	0.03833	0.01571	0.00331
8	0.00788	0.00726	0.01068	0.46913	0.19437	0.07195	0.02823	0.03548	0.00775	0.04776	0.00767	0.08244	0.00655	0.00405	0.00352	0.00112	0.00433	0.00362	0.00192	0.00428
9	0.00524	0.00319	0.00368	0.00402	0.00461	0.00304	0.00287	0.00637	0.00716	0.01087	0.04839	0.36793	0.09255	0.00748	0.00350	0.00111	0.00183	0.02816	0.39498	0.00302
10	0.00843	0.17945	0.02630	0.00731	0.08851	0.05327	0.00547	0.08594	0.03071	0.06516	0.07164	0.13310	0.03794	0.00477	0.00321	0.00093	0.00314	0.00395	0.00252	0.18825
11	0.05248	0.22364	0.06023	0.02023	0.07232	0.04578	0.00583	0.09250	0.03372	0.04613	0.01029	0.08214	0.08678	0.00439	0.00305	0.00093	0.00332	0.00348	0.00231	0.15043

[dist]
# distance from previous block
# <min> <max>
2	15

[block]
# block no. 8 follows, 81 sequences, length 10
# corresponding to MSA columns:
# 567-576
name=unknown_I
#
# <colnr> <probs for GDERKNQSTAVLIFYWHMCP>
#	G	D	E	R	K	N	Q	S	T	A	V	L	I	F	Y	W	H	M	C	P
0	0.00534	0.00331	0.00442	0.00442	0.00456	0.00345	0.00291	0.00510	0.00496	0.00676	0.00883	0.01639	0.00941	0.38660	0.20812	0.31286	0.00457	0.00403	0.00183	0.00211
1	0.00703	0.04159	0.00875	0.09427	0.19802	0.00628	0.03106	0.05178	0.08704	0.02870	0.12766	0.03374	0.17534	0.00584	0.01765	0.00118	0.00316	0.04698	0.02972	0.00421
2	0.00470	0.00372	0.00461	0.00498	0.02179	0.00365	0.00350	0.00576	0.02655	0.00969	0.09825	0.42520	0.27345	0.00905	0.00465	0.00128	0.06042	0.00783	0.02784	0.00307
3	0.00652	0.00610	0.01025	0.78276	0.06754	0.00747	0.00934	0.00873	0.00694	0.00896	0.00679	0.05127	0.00554	0.00379	0.00350	0.00116	0.00445	0.00340	0.00163	0.00388
4	0.00748	0.00584	0.00858	0.06122	0.14516	0.00643	0.03691	0.13424	0.00769	0.02812	0.00794	0.01108	0.00693	0.03792	0.30994	0.10590	0.05223	0.00339	0.01911	0.00388
5	0.00716	0.00614	0.00716	0.00512	0.00819	0.00461	0.00409	0.00870	0.00716	0.01126	0.00614	0.00716	0.00512	0.00256	0.00256	0.00051	0.00256	0.00205	0.00205	0.89971
6	0.00478	0.00342	0.00396	0.00413	0.00453	0.00326	0.00276	0.00527	0.00628	0.00811	0.03879	0.12133	0.20128	0.46967	0.01135	0.00240	0.00279	0.10077	0.00263	0.00251
7	0.06780	0.01702	0.00763	0.03268	0.13585	0.01555	0.02912	0.10438	0.03764	0.07662	0.08158	0.09482	0.20006	0.00639	0.01885	0.02377	0.00299	0.01686	0.02629	0.00411
8	0.07781	0.01056	0.02997	0.02183	0.12340	0.32063	0.00659	0.06760	0.07210	0.03241	0.00721	0.00893	0.00601	0.04756	0.06220	0.00144	0.06694	0.00287	0.02966	0.00430
9	0.61882	0.00758	0.00633	0.00589	0.03869	0.07246	0.00451	0.11773	0.00766	0.01525	0.00618	0.04198	0.00510	0.00369	0.00253	0.00105	0.00307	0.00248	0.03495	0.00404

[dist]
# distance from previous block
# <min> <max>
6	24

[block]
# block no. 9 follows, 81 sequences, length 15
# corresponding to MSA columns:
# 601-615
name=unknown_J
#
# <colnr> <probs for GDERKNQSTAVLIFYWHMCP>
#	G	D	E	R	K	N	Q	S	T	A	V	L	I	F	Y	W	H	M	C	P
0	0.00638	0.00566	0.00690	0.00732	0.07744	0.08290	0.00519	0.00865	0.10471	0.00908	0.00923	0.01241	0.00822	0.01952	0.61513	0.00424	0.00779	0.00354	0.00203	0.00364
1	0.02913	0.01784	0.14690	0.17658	0.15954	0.08326	0.03786	0.16217	0.05767	0.05005	0.00777	0.00925	0.01296	0.01354	0.00354	0.00110	0.00433	0.01077	0.01086	0.00488
2	0.01182	0.00905	0.00956	0.00771	0.01015	0.03509	0.00633	0.63131	0.13015	0.01934	0.00990	0.01164	0.00774	0.00469	0.00357	0.00110	0.00367	0.07827	0.00339	0.00552
3	0.00777	0.00594	0.02319	0.14424	0.02042	0.02881	0.04176	0.08448	0.03302	0.10990	0.04833	0.19924	0.04745	0.07899	0.00481	0.00129	0.00321	0.00499	0.01898	0.09318
4	0.00936	0.01051	0.10736	0.01177	0.01500	0.10804	0.48913	0.03024	0.02581	0.09759	0.00780	0.00922	0.01489	0.00335	0.00390	0.00110	0.02244	0.00357	0.00207	0.02686
5	0.00846	0.13692	0.46579	0.00858	0.01233	0.08609	0.02332	0.10805	0.00853	0.02640	0.00738	0.07922	0.00619	0.00400	0.00325	0.00105	0.00457	0.00313	0.00192	0.00482
6	0.00542	0.00608	0.10505	0.00668	0.08339	0.04255	0.00500	0.00687	0.02541	0.00973	0.06295	0.33020	0.25416	0.03498	0.00441	0.00128	0.00271	0.00685	0.00281	0.00346
7	0.07934	0.00387	0.00505	0.00612	0.08212	0.00378	0.00390	0.00583	0.00662	0.00938	0.01717	0.49359	0.12123	0.00933	0.00516	0.10607	0.00237	0.03329	0.00278	0.00300
8	0.39339	0.10524	0.00862	0.00610	0.00825	0.02937	0.08029	0.11492	0.01859	0.02621	0.11265	0.00972	0.00843	0.02639	0.00320	0.00108	0.00315	0.00296	0.03734	0.00411
9	0.00861	0.58599	0.05531	0.00633	0.00880	0.08829	0.00605	0.00985	0.00736	0.00861	0.00767	0.08177	0.00776	0.00445	0.00283	0.00092	0.00379	0.09961	0.00185	0.00415
10	0.00551	0.00420	0.00500	0.00471	0.00584	0.00386	0.00351	0.07554	0.00865	0.01175	0.26632	0.25177	0.18874	0.02479	0.00422	0.00117	0.00210	0.02126	0.00325	0.10782
11	0.00759	0.00788	0.12959	0.00796	0.02559	0.00653	0.15449	0.11666	0.10167	0.04062	0.04946	0.11452	0.11320	0.00595	0.02944	0.00126	0.00364	0.00475	0.07482	0.00437
12	0.03923	0.00824	0.06160	0.10626	0.05945	0.14775	0.10846	0.04048	0.03457	0.01006	0.03429	0.10127	0.10085	0.00592	0.00492	0.10590	0.02056	0.00425	0.00218	0.00377
13	0.00539	0.00480	0.00461	0.00486	0.00548	0.10350	0.00339	0.00607	0.00720	0.00882	0.05295	0.38996	0.20923	0.14154	0.00619	0.00158	0.00267	0.03596	0.00289	0.00289
14	0.00517	0.10691	0.07666	0.00503	0.00629	0.00475	0.00420	0.00649	0.03412	0.00933	0.04499	0.39905	0.24587	0.02983	0.00426	0.00127	0.00243	0.00719	0.00286	0.00330

[dist]
# distance from previous block
# <min> <max>
10	27

[block]
# block no. 10 follows, 81 sequences, length 21
# corresponding to MSA columns:
# 649-669
name=unknown_K
#
# <colnr> <probs for GDERKNQSTAVLIFYWHMCP>
#	G	D	E	R	K	N	Q	S	T	A	V	L	I	F	Y	W	H	M	C	P
0	0.01999	0.06598	0.06084	0.06438	0.15416	0.17262	0.23305	0.11667	0.03298	0.01178	0.01931	0.00839	0.00560	0.00343	0.00356	0.00104	0.01631	0.00314	0.00200	0.00476
1	0.00513	0.00385	0.00553	0.00586	0.03668	0.00427	0.00420	0.01534	0.00596	0.00842	0.01138	0.15580	0.03150	0.08276	0.55250	0.01844	0.02550	0.00482	0.01898	0.00307
2	0.00976	0.00996	0.01258	0.06770	0.55272	0.18907	0.00935	0.08659	0.00897	0.01149	0.00639	0.00808	0.00524	0.00330	0.00336	0.00101	0.00455	0.00290	0.00187	0.00510
3	0.00682	0.00395	0.00481	0.00440	0.00560	0.00361	0.00337	0.00842	0.03175	0.15491	0.35886	0.06314	0.18837	0.00658	0.00372	0.00107	0.00192	0.00564	0.13938	0.00366
4	0.00472	0.00355	0.00442	0.00444	0.00530	0.00324	0.00341	0.00608	0.00880	0.01182	0.46451	0.09088	0.24446	0.00812	0.00420	0.00120	0.00190	0.12230	0.00352	0.00313
5	0.00426	0.00306	0.00401	0.00474	0.00500	0.00285	0.00319	0.00487	0.00666	0.00881	0.01960	0.78763	0.06626	0.03834	0.00482	0.00146	0.00206	0.02643	0.00317	0.00280
6	0.00452	0.00346	0.00415	0.00410	0.00497	0.00309	0.00303	0.00577	0.00874	0.01166	0.46628	0.12501	0.32652	0.00809	0.00412	0.00115	0.00172	0.00703	0.00352	0.00309
7	0.00424	0.00351	0.00372	0.00367	0.00476	0.00298	0.00275	0.00527	0.00825	0.01022	0.19674	0.03178	0.69334	0.00842	0.00408	0.00115	0.00173	0.00709	0.00333	0.00298
8	0.00764	0.00642	0.00742	0.00534	0.00839	0.00509	0.00429	0.07537	0.00789	0.01209	0.00631	0.00725	0.00518	0.00268	0.00263	0.00055	0.00266	0.00213	0.00216	0.82849
9	0.00977	0.72776	0.03456	0.00640	0.00928	0.09639	0.00617	0.05910	0.00783	0.00901	0.00509	0.00581	0.00452	0.00309	0.00240	0.00078	0.00398	0.00197	0.00162	0.00449
10	0.00473	0.00333	0.00425	0.00478	0.00518	0.00314	0.00325	0.03176	0.00707	0.02376	0.04147	0.71084	0.08070	0.05208	0.00497	0.00145	0.00211	0.00900	0.00320	0.00294
11	0.00532	0.00390	0.00520	0.00508	0.00551	0.00437	0.00366	0.03410	0.00573	0.00803	0.00990	0.03806	0.01020	0.33875	0.47070	0.00434	0.03801	0.00430	0.00202	0.00283
12	0.02843	0.45109	0.15609	0.02926	0.09069	0.03980	0.00760	0.03359	0.02892	0.05913	0.00608	0.00694	0.00495	0.00334	0.00310	0.00092	0.04122	0.00236	0.00179	0.00472
13	0.00844	0.00810	0.01383	0.06580	0.81328	0.00818	0.01055	0.01051	0.00782	0.01116	0.00648	0.00858	0.00543	0.00310	0.00342	0.00103	0.00413	0.00308	0.00170	0.00539
14	0.00977	0.00822	0.06694	0.00722	0.02738	0.03905	0.01696	0.31581	0.11058	0.07652	0.11846	0.01428	0.07165	0.00494	0.00357	0.00106	0.00330	0.04101	0.00319	0.06007
15	0.00595	0.00519	0.00769	0.00694	0.00757	0.00636	0.04898	0.00741	0.03647	0.00871	0.03829	0.03411	0.02121	0.03791	0.46120	0.00364	0.25315	0.00386	0.00194	0.00342
16	0.00509	0.00351	0.00449	0.00434	0.00515	0.00323	0.00322	0.00654	0.00918	0.03354	0.64772	0.12183	0.08491	0.00740	0.00403	0.00111	0.00171	0.00652	0.04323	0.00325
17	0.00767	0.01658	0.74843	0.00950	0.01427	0.00811	0.01186	0.06403	0.03700	0.04086	0.00686	0.00770	0.00483	0.00342	0.00331	0.00109	0.00487	0.00267	0.00175	0.00519
18	0.00955	0.00910	0.08591	0.05471	0.04245	0.08416	0.04300	0.11953	0.34464	0.08346	0.02859	0.03842	0.01809	0.00447	0.00364	0.00112	0.01747	0.00369	0.00294	0.00508
19	0.00528	0.00338	0.00448	0.00482	0.00507	0.00335	0.00344	0.00544	0.00595	0.00786	0.01300	0.16085	0.01458	0.28765	0.01097	0.22471	0.00300	0.23139	0.00242	0.00236
20	0.00491	0.00370	0.00408	0.00405	0.00503	0.00344	0.00303	0.00653	0.05839	0.01075	0.17389	0.06958	0.42368	0.04881	0.02071	0.00132	0.00205	0.03782	0.11509	0.00314

[dist]
# distance from previous block
# <min> <max>
6	7

[block]
# block no. 11 follows, 81 sequences, length 23
# corresponding to MSA columns:
# 678-700
name=unknown_L
#
# <colnr> <probs for GDERKNQSTAVLIFYWHMCP>
#	G	D	E	R	K	N	Q	S	T	A	V	L	I	F	Y	W	H	M	C	P
0	0.37736	0.06645	0.01023	0.09688	0.09127	0.10032	0.11649	0.06072	0.00762	0.01286	0.00569	0.00701	0.00448	0.00324	0.00285	0.00103	0.00394	0.00251	0.00198	0.02708
1	0.00498	0.00337	0.00385	0.00382	0.00394	0.00333	0.00223	0.00517	0.00560	0.00751	0.09807	0.02325	0.03978	0.76337	0.01580	0.00305	0.00313	0.00522	0.00230	0.00224
2	0.24462	0.00754	0.01103	0.03730	0.11271	0.03739	0.22138	0.04907	0.00767	0.07406	0.00765	0.01979	0.02120	0.00582	0.09162	0.00154	0.02055	0.00322	0.00216	0.02367
3	0.03288	0.00796	0.01125	0.15851	0.22160	0.08665	0.08992	0.05450	0.00878	0.25212	0.00854	0.00951	0.00616	0.00430	0.03105	0.00121	0.00434	0.00320	0.00252	0.00499
4	0.00501	0.00359	0.00439	0.00417	0.00514	0.00321	0.00314	0.00638	0.00914	0.04256	0.56133	0.04983	0.27423	0.00756	0.00406	0.00112	0.00172	0.00655	0.00363	0.00324
5	0.18957	0.00660	0.00750	0.00600	0.00846	0.03359	0.00491	0.05943	0.05284	0.55916	0.01131	0.01027	0.00744	0.00405	0.00318	0.00106	0.00300	0.00312	0.02320	0.00532
6	0.00428	0.00339	0.00388	0.00402	0.00488	0.00298	0.00292	0.00524	0.00788	0.01004	0.18609	0.23731	0.47834	0.00930	0.02230	0.00130	0.00195	0.00764	0.00329	0.00296
7	0.00447	0.00354	0.00405	0.00433	0.00521	0.00319	0.00328	0.00556	0.02300	0.00949	0.04163	0.21427	0.49090	0.03042	0.00458	0.00134	0.00209	0.14248	0.00319	0.00297
8	0.00821	0.00908	0.01886	0.01403	0.04809	0.00870	0.72780	0.01180	0.09444	0.01142	0.00770	0.00966	0.00579	0.00310	0.00400	0.00116	0.00544	0.00402	0.00193	0.00477
9	0.00710	0.01668	0.74363	0.01050	0.01538	0.00812	0.12863	0.01096	0.00741	0.01096	0.00631	0.00758	0.00450	0.00323	0.00339	0.00110	0.00521	0.00277	0.00150	0.00504
10	0.21154	0.00836	0.00879	0.00688	0.00949	0.00908	0.00568	0.51718	0.01284	0.16438	0.00844	0.00829	0.00586	0.00396	0.00317	0.00105	0.00340	0.00290	0.00330	0.00540
11	0.00491	0.00394	0.00594	0.00566	0.00652	0.00365	0.08950	0.00617	0.00797	0.01077	0.27805	0.37956	0.10430	0.00855	0.00427	0.00127	0.00234	0.07020	0.00324	0.00318
12	0.05314	0.00731	0.00875	0.00674	0.00942	0.00726	0.00557	0.32061	0.01205	0.51545	0.01129	0.01022	0.00736	0.00418	0.00341	0.00106	0.00324	0.00327	0.00388	0.00578
13	0.02624	0.00620	0.00735	0.00603	0.00825	0.00611	0.00485	0.10823	0.19260	0.40611	0.03257	0.01546	0.15421	0.00515	0.00357	0.00110	0.00276	0.00421	0.00379	0.00520
14	0.00805	0.00603	0.00641	0.00574	0.00733	0.00670	0.00447	0.09907	0.43410	0.01469	0.09880	0.01374	0.01183	0.00468	0.00325	0.00104	0.00240	0.00386	0.26316	0.00463
15	0.00498	0.00353	0.00470	0.00470	0.00503	0.00386	0.00326	0.00562	0.00530	0.00739	0.01003	0.01786	0.01050	0.43091	0.46245	0.00451	0.00645	0.00433	0.00197	0.00261
16	0.90299	0.00668	0.00508	0.00454	0.00668	0.00775	0.00374	0.01015	0.00588	0.01550	0.00481	0.00561	0.00374	0.00321	0.00214	0.00107	0.00267	0.00187	0.00214	0.00374
17	0.01353	0.00649	0.00810	0.00645	0.00889	0.00626	0.00524	0.15118	0.11028	0.56534	0.01318	0.06988	0.00932	0.00475	0.00354	0.00110	0.00299	0.00390	0.00398	0.00562
18	0.76352	0.00703	0.00577	0.00503	0.00722	0.00810	0.00412	0.09615	0.05261	0.01609	0.00567	0.00628	0.00433	0.00338	0.00235	0.00107	0.00279	0.00211	0.00235	0.00405
19	0.00640	0.00439	0.00515	0.00486	0.00612	0.01700	0.01749	0.03265	0.04167	0.11643	0.10864	0.15622	0.38178	0.00786	0.00403	0.00120	0.00226	0.06682	0.01548	0.00356
20	0.07384	0.00915	0.00964	0.00758	0.01019	0.01021	0.00621	0.66974	0.13477	0.02029	0.00888	0.00877	0.00640	0.00416	0.00337	0.00106	0.00357	0.00314	0.00337	0.00567
21	0.03918	0.02089	0.02119	0.00818	0.01052	0.07835	0.12259	0.23378	0.33422	0.01516	0.02314	0.02550	0.00818	0.00423	0.00346	0.00109	0.00370	0.00358	0.03796	0.00510
22	0.15575	0.00720	0.00808	0.00626	0.00892	0.00716	0.00514	0.25526	0.03271	0.31670	0.00942	0.00903	0.00648	0.00379	0.00310	0.00097	0.00308	0.00288	0.00330	0.15476

[dist]
# distance from previous block
# <min> <max>
0	1

[block]
# block no. 12 follows, 81 sequences, length 47
# corresponding to MSA columns:
# 702-748
name=unknown_M
#
# <colnr> <probs for GDERKNQSTAVLIFYWHMCP>
#	G	D	E	R	K	N	Q	S	T	A	V	L	I	F	Y	W	H	M	C	P
0	0.00659	0.00351	0.00354	0.00349	0.00437	0.00359	0.00263	0.00877	0.06613	0.01299	0.01146	0.01288	0.00897	0.00407	0.00249	0.00083	0.00169	0.00327	0.83535	0.00338
1	0.00479	0.00349	0.00429	0.00413	0.00499	0.00317	0.00308	0.00623	0.00914	0.01271	0.61320	0.05923	0.19269	0.00736	0.00399	0.00110	0.00167	0.00642	0.05512	0.00317
2	0.00472	0.00352	0.00438	0.00417	0.00506	0.00319	0.00312	0.00619	0.00937	0.01289	0.68111	0.02738	0.20731	0.00742	0.00408	0.00110	0.00166	0.00647	0.00368	0.00319
3	0.01022	0.64973	0.01588	0.00671	0.00935	0.24109	0.00612	0.01127	0.00776	0.00822	0.00495	0.00573	0.00444	0.00312	0.00246	0.00078	0.00437	0.00195	0.00156	0.00432
4	0.00437	0.00347	0.00392	0.00390	0.00486	0.00302	0.00289	0.00548	0.00842	0.01083	0.31366	0.10000	0.50625	0.00834	0.00411	0.00116	0.00173	0.00714	0.00341	0.00302
5	0.90299	0.00668	0.00508	0.00454	0.00668	0.00775	0.00374	0.01015	0.00588	0.01550	0.00481	0.00561	0.00374	0.00321	0.00214	0.00107	0.00267	0.00187	0.00214	0.00374
6	0.02618	0.00700	0.05728	0.00656	0.00929	0.00600	0.00567	0.12646	0.01036	0.65489	0.01220	0.01103	0.00789	0.00502	0.03657	0.00124	0.00342	0.00336	0.00388	0.00570
7	0.00941	0.00913	0.06479	0.01088	0.09675	0.02231	0.22614	0.15864	0.24850	0.04388	0.00917	0.00987	0.00688	0.00394	0.00415	0.00114	0.06307	0.00354	0.00260	0.00518
8	0.02216	0.00966	0.10828	0.00990	0.06130	0.04453	0.17983	0.13581	0.33290	0.01378	0.00970	0.01015	0.00730	0.00440	0.02259	0.00122	0.01517	0.00351	0.00265	0.00516
9	0.00802	0.00693	0.00727	0.00659	0.00844	0.00788	0.00511	0.01667	0.74454	0.01381	0.01670	0.01546	0.11708	0.00520	0.00359	0.00117	0.00261	0.00433	0.00348	0.00515
10	0.00877	0.00806	0.01193	0.13738	0.44563	0.02274	0.00902	0.10556	0.11302	0.01219	0.00739	0.00902	0.00592	0.00373	0.00417	0.00111	0.08400	0.00316	0.00209	0.00510
11	0.00431	0.00351	0.00381	0.00374	0.00480	0.00301	0.00280	0.00540	0.00841	0.01060	0.26500	0.03116	0.62485	0.00828	0.00408	0.00114	0.00172	0.00700	0.00337	0.00301
12	0.01254	0.00780	0.00839	0.00671	0.00905	0.05697	0.00544	0.35391	0.08288	0.27931	0.01068	0.01028	0.00743	0.00418	0.00330	0.00102	0.00328	0.00325	0.12821	0.00536
13	0.00656	0.00346	0.00348	0.00344	0.00431	0.00353	0.00259	0.00864	0.05580	0.01297	0.01143	0.01288	0.00895	0.00406	0.00248	0.00083	0.00167	0.00326	0.84630	0.00335
14	0.00472	0.00350	0.00440	0.00422	0.00507	0.00318	0.00315	0.00618	0.00932	0.01286	0.67800	0.06263	0.17497	0.00751	0.00409	0.00111	0.00167	0.00658	0.00367	0.00318
15	0.00848	0.67821	0.12929	0.00627	0.00923	0.01187	0.00649	0.00989	0.00692	0.00845	0.00593	0.04314	0.00566	0.05373	0.00334	0.00096	0.00379	0.00246	0.00158	0.00432
16	0.00752	0.24070	0.64308	0.00883	0.01338	0.00948	0.01099	0.01079	0.00722	0.01021	0.00584	0.00684	0.00439	0.00320	0.00301	0.00100	0.00474	0.00237	0.00146	0.00493
17	0.90299	0.00668	0.00508	0.00454	0.00668	0.00775	0.00374	0.01015	0.00588	0.01550	0.00481	0.00561	0.00374	0.00321	0.00214	0.00107	0.00267	0.00187	0.00214	0.00374
18	0.00659	0.00480	0.00611	0.00599	0.00716	0.00491	0.02343	0.05126	0.15086	0.05571	0.10775	0.16992	0.08695	0.00844	0.03192	0.00146	0.00290	0.26672	0.00331	0.00380
19	0.00475	0.00365	0.00433	0.00408	0.00514	0.00320	0.00307	0.00609	0.00884	0.01198	0.48218	0.04710	0.31955	0.00743	0.00397	0.00108	0.00173	0.00640	0.02071	0.05473
20	0.00475	0.00367	0.00420	0.00427	0.00510	0.01145	0.00310	0.01544	0.00798	0.02360	0.20886	0.25089	0.38530	0.03673	0.00468	0.00128	0.01495	0.00743	0.00328	0.00304
21	0.01744	0.04938	0.25678	0.01906	0.06793	0.14653	0.05668	0.02902	0.05253	0.03696	0.02309	0.00803	0.00571	0.00331	0.00312	0.00091	0.00429	0.00266	0.00197	0.21458
22	0.01084	0.42132	0.01374	0.00751	0.00973	0.41110	0.00637	0.01183	0.00820	0.00829	0.00504	0.00599	0.00445	0.00343	0.00322	0.00086	0.06018	0.00210	0.00162	0.00419
23	0.01289	0.00956	0.01023	0.00790	0.01062	0.01060	0.00651	0.80112	0.06104	0.02138	0.00860	0.00854	0.00613	0.00418	0.00346	0.00104	0.00374	0.00315	0.00346	0.00585
24	0.00889	0.00686	0.04499	0.35582	0.01530	0.00703	0.05439	0.14573	0.00915	0.15125	0.04266	0.05852	0.03591	0.00449	0.00357	0.00113	0.00383	0.01681	0.02919	0.00447
25	0.00491	0.00358	0.00415	0.00407	0.00509	0.00313	0.00305	0.00602	0.00844	0.05044	0.29073	0.11710	0.45741	0.00823	0.00410	0.00117	0.00182	0.01996	0.00344	0.00316
26	0.00880	0.02378	0.06133	0.09848	0.04003	0.17535	0.00634	0.11229	0.16796	0.03192	0.06094	0.08897	0.08828	0.00516	0.00364	0.00110	0.01433	0.00420	0.00269	0.00441
27	0.00422	0.00303	0.00400	0.00476	0.00500	0.00282	0.00319	0.00485	0.00672	0.00894	0.03621	0.83160	0.05051	0.01068	0.00439	0.00139	0.00199	0.00967	0.00322	0.00282
28	0.01100	0.36329	0.01359	0.00833	0.05722	0.35759	0.02320	0.09271	0.00911	0.00988	0.00552	0.00636	0.00467	0.00331	0.00281	0.00085	0.00478	0.00224	0.00182	0.02172
29	0.00494	0.00367	0.00538	0.00537	0.00594	0.00420	0.00410	0.00609	0.00565	0.00810	0.03729	0.01471	0.00975	0.09502	0.76722	0.00522	0.00852	0.00389	0.00193	0.00301
30	0.88402	0.00666	0.00514	0.00458	0.00673	0.00769	0.00377	0.01030	0.00596	0.03355	0.00500	0.00574	0.00384	0.00323	0.00217	0.00107	0.00268	0.00190	0.00218	0.00379
31	0.64649	0.00715	0.00627	0.00541	0.00760	0.00814	0.00449	0.19294	0.00829	0.01652	0.00650	0.00849	0.00532	0.00385	0.00261	0.00110	0.00295	0.05923	0.00250	0.00417
32	0.00978	0.56532	0.01539	0.00740	0.05182	0.08152	0.04110	0.08216	0.00823	0.04805	0.00654	0.05655	0.00589	0.00362	0.00272	0.00086	0.00389	0.00267	0.00192	0.00455
