[name]
unknown

[dist]
# distance from previous block
# <min> <max>
0	18

[block]
# block no. 0 follows, 83 sequences, length 13
# corresponding to MSA columns:
# 74-86
name=unknown_A
#
# <colnr> <probs for GDERKNQSTAVLIFYWHMCP>
#	G	D	E	R	K	N	Q	S	T	A	V	L	I	F	Y	W	H	M	C	P
0	0.00883	0.09910	0.01330	0.03613	0.46157	0.00813	0.10271	0.05827	0.00834	0.07550	0.05089	0.00992	0.01896	0.00349	0.00335	0.00100	0.00389	0.01273	0.00209	0.02180
1	0.00541	0.00436	0.00678	0.00713	0.09537	0.00447	0.07772	0.00638	0.00596	0.00825	0.02620	0.13737	0.01150	0.29694	0.28761	0.00325	0.00523	0.00491	0.00209	0.00305
2	0.00800	0.61816	0.10921	0.00616	0.00885	0.01103	0.00624	0.00942	0.00664	0.00826	0.00570	0.00714	0.00513	0.00725	0.16840	0.00167	0.00482	0.00224	0.00152	0.00417
3	0.01353	0.09813	0.00919	0.00634	0.00893	0.00698	0.00531	0.13112	0.09836	0.56803	0.01178	0.01054	0.00780	0.00408	0.00328	0.00102	0.00306	0.00323	0.00372	0.00557
4	0.05174	0.00672	0.00820	0.00634	0.00889	0.00654	0.00523	0.24503	0.01115	0.56281	0.01147	0.01038	0.00748	0.00410	0.00331	0.00103	0.00305	0.00323	0.03772	0.00558
5	0.00653	0.00354	0.00465	0.00485	0.00559	0.00326	0.00348	0.00739	0.00721	0.17296	0.01681	0.59419	0.01816	0.00863	0.00395	0.00126	0.00213	0.03260	0.09944	0.00338
6	0.00815	0.49615	0.11397	0.03689	0.00933	0.04625	0.00625	0.04102	0.00734	0.02366	0.00790	0.17364	0.00794	0.00453	0.00286	0.00093	0.00360	0.00353	0.00191	0.00416
7	0.00508	0.17192	0.00657	0.00484	0.00562	0.00481	0.00362	0.00581	0.00670	0.00866	0.03661	0.64552	0.06409	0.00894	0.00389	0.00123	0.00226	0.00791	0.00283	0.00307
8	0.00423	0.00303	0.00392	0.00459	0.00485	0.00284	0.00308	0.00481	0.00646	0.00854	0.01890	0.72733	0.07247	0.08715	0.00545	0.00154	0.00210	0.03296	0.00305	0.00271
9	0.02112	0.00568	0.00865	0.52755	0.04677	0.00667	0.00750	0.08837	0.00759	0.01013	0.00903	0.19057	0.00856	0.00543	0.02198	0.00125	0.00389	0.00439	0.02110	0.00377
10	0.00650	0.00612	0.01034	0.82928	0.06607	0.00755	0.00946	0.00874	0.00682	0.00878	0.00604	0.00900	0.00456	0.00337	0.00339	0.00112	0.00449	0.00301	0.00151	0.00384
11	0.00458	0.00355	0.00515	0.17134	0.00845	0.00368	0.00435	0.00553	0.00664	0.00881	0.04303	0.68456	0.01928	0.00911	0.00413	0.00132	0.00244	0.00825	0.00285	0.00296
12	0.00866	0.54536	0.01354	0.00616	0.00827	0.15313	0.00546	0.00961	0.00721	0.00816	0.00747	0.17324	0.00782	0.00456	0.00298	0.00090	0.02828	0.00341	0.00182	0.00395

[dist]
# distance from previous block
# <min> <max>
0	1

[block]
# block no. 1 follows, 83 sequences, length 16
# corresponding to MSA columns:
# 88-103
name=unknown_B
#
# <colnr> <probs for GDERKNQSTAVLIFYWHMCP>
#	G	D	E	R	K	N	Q	S	T	A	V	L	I	F	Y	W	H	M	C	P
0	0.00745	0.00601	0.00705	0.00512	0.00803	0.00462	0.00409	0.02677	0.00732	0.05049	0.00672	0.02930	0.00563	0.00282	0.00261	0.00056	0.00254	0.00229	0.00217	0.81841
1	0.00830	0.04873	0.05542	0.12681	0.25457	0.05415	0.08282	0.05893	0.17531	0.01156	0.02594	0.00989	0.02292	0.00375	0.00361	0.00106	0.03121	0.00328	0.01694	0.00478
2	0.01024	0.02634	0.02857	0.07571	0.19678	0.26408	0.05446	0.11680	0.07126	0.05577	0.00719	0.00845	0.00567	0.01861	0.01907	0.00112	0.03012	0.00292	0.00216	0.00467
3	0.00442	0.00350	0.00401	0.00410	0.00497	0.00317	0.00299	0.00580	0.04682	0.01031	0.22518	0.23450	0.42104	0.00849	0.00405	0.00118	0.00179	0.00735	0.00330	0.00303
4	0.04347	0.00989	0.12891	0.04984	0.10966	0.05096	0.11511	0.26168	0.11935	0.03008	0.03013	0.00907	0.00654	0.00370	0.00339	0.00105	0.00408	0.00317	0.00250	0.01741
5	0.00952	0.07941	0.18975	0.02773	0.13962	0.02047	0.05064	0.14500	0.12793	0.11922	0.02231	0.02623	0.00691	0.00384	0.00342	0.00105	0.01615	0.00320	0.00250	0.00512
6	0.01174	0.04164	0.01029	0.00884	0.01046	0.70635	0.03399	0.01267	0.00891	0.00835	0.00517	0.00635	0.00440	0.00376	0.00406	0.00095	0.11412	0.00233	0.00170	0.00393
7	0.00417	0.00302	0.00395	0.00460	0.00491	0.00279	0.00312	0.00486	0.00681	0.00908	0.08756	0.75997	0.07224	0.01019	0.00428	0.00134	0.00192	0.00920	0.00319	0.00279
8	0.04140	0.04521	0.06391	0.02387	0.06078	0.24846	0.17933	0.09230	0.06524	0.07677	0.00845	0.04118	0.03008	0.00387	0.00337	0.00102	0.00461	0.00331	0.00226	0.00455
9	0.01146	0.07518	0.02862	0.05501	0.07123	0.41655	0.02662	0.12011	0.05247	0.08431	0.00687	0.00755	0.00529	0.00363	0.00330	0.00095	0.02146	0.00262	0.00220	0.00455
10	0.00412	0.00326	0.00371	0.00397	0.00474	0.00285	0.00283	0.00494	0.00744	0.00935	0.10014	0.33773	0.48461	0.00917	0.00412	0.00122	0.00180	0.00796	0.00320	0.00285
11	0.00524	0.00341	0.00342	0.00340	0.00439	0.00316	0.00255	0.00668	0.03084	0.01096	0.02258	0.02246	0.42700	0.00624	0.00320	0.00097	0.00168	0.00514	0.43361	0.00307
12	0.04240	0.00957	0.15715	0.11142	0.12436	0.02605	0.05006	0.18711	0.14046	0.09264	0.00836	0.00902	0.00611	0.00372	0.00345	0.00107	0.01638	0.00308	0.00250	0.00508
13	0.00414	0.00302	0.00391	0.00457	0.00489	0.00278	0.00309	0.00481	0.00675	0.00892	0.05712	0.75561	0.10745	0.01024	0.00428	0.00134	0.00192	0.00923	0.00317	0.00278
14	0.00725	0.05022	0.31817	0.00774	0.01066	0.07233	0.09840	0.00955	0.00793	0.07236	0.11033	0.07049	0.14028	0.00499	0.00354	0.00108	0.00385	0.00427	0.00233	0.00421
15	0.02617	0.01917	0.00905	0.03670	0.00990	0.00569	0.11136	0.04185	0.03400	0.02864	0.00655	0.00762	0.00524	0.00276	0.00280	0.00067	0.00306	0.00241	0.00209	0.64427

[dist]
# distance from previous block
# <min> <max>
0	13

[block]
# block no. 2 follows, 83 sequences, length 18
# corresponding to MSA columns:
# 119-133,143-145
name=unknown_C
#
# <colnr> <probs for GDERKNQSTAVLIFYWHMCP>
#	G	D	E	R	K	N	Q	S	T	A	V	L	I	F	Y	W	H	M	C	P
0	0.04176	0.19446	0.37270	0.00828	0.01189	0.08451	0.04649	0.09765	0.03634	0.06596	0.00664	0.00730	0.00494	0.00335	0.00302	0.00098	0.00442	0.00253	0.00194	0.00484
1	0.00417	0.00302	0.00395	0.00466	0.00495	0.00280	0.00317	0.00483	0.00668	0.00883	0.03744	0.77574	0.08371	0.01035	0.00430	0.00136	0.00197	0.03215	0.00316	0.00278
2	0.01234	0.00578	0.00737	0.00589	0.00811	0.00541	0.00478	0.08940	0.08249	0.54691	0.15674	0.01423	0.03536	0.00480	0.00352	0.00106	0.00269	0.00397	0.00395	0.00522
3	0.06994	0.06802	0.44872	0.00931	0.01329	0.00809	0.15943	0.05511	0.00791	0.09905	0.00689	0.00778	0.00492	0.00326	0.00323	0.00104	0.00454	0.00279	0.00193	0.02474
4	0.05036	0.70376	0.13487	0.00628	0.00943	0.01219	0.00662	0.01035	0.00693	0.02617	0.00508	0.00580	0.00439	0.00298	0.00234	0.00079	0.00375	0.00194	0.00153	0.00444
5	0.00412	0.00297	0.00391	0.00465	0.00490	0.00276	0.00312	0.00472	0.00655	0.00867	0.01945	0.83661	0.06403	0.01051	0.00431	0.00136	0.00195	0.00951	0.00314	0.00276
6	0.00413	0.00295	0.00393	0.00472	0.00491	0.00275	0.00314	0.00472	0.00649	0.00865	0.01867	0.87874	0.02240	0.01061	0.00432	0.00138	0.00197	0.00963	0.00314	0.00275
7	0.01286	0.00935	0.00980	0.00763	0.01025	0.05098	0.00625	0.68955	0.05675	0.09876	0.00876	0.00858	0.00617	0.00408	0.00338	0.00102	0.00371	0.00308	0.00339	0.00565
8	0.01261	0.05097	0.01021	0.00751	0.01018	0.01010	0.00623	0.69624	0.06350	0.08497	0.00870	0.00853	0.00616	0.00405	0.00334	0.00101	0.00360	0.00306	0.00336	0.00567
9	0.00469	0.00355	0.00434	0.00412	0.00503	0.00324	0.00310	0.00630	0.02988	0.01251	0.63466	0.02679	0.23473	0.00727	0.00398	0.00109	0.00165	0.00632	0.00358	0.00317
10	0.00906	0.88299	0.01775	0.00580	0.00869	0.01340	0.00580	0.01014	0.00688	0.00797	0.00471	0.00543	0.00435	0.00290	0.00217	0.00072	0.00362	0.00181	0.00145	0.00435
11	0.00688	0.00575	0.00755	0.00673	0.02792	0.00603	0.08610	0.01188	0.36286	0.03243	0.31191	0.04107	0.06727	0.00560	0.00375	0.00112	0.00255	0.00498	0.00333	0.00431
12	0.00707	0.00606	0.00705	0.00508	0.00805	0.00465	0.00406	0.00884	0.03503	0.01114	0.00628	0.00721	0.00519	0.00258	0.00254	0.00052	0.00251	0.00207	0.00205	0.87201
13	0.00413	0.00295	0.00393	0.00472	0.00491	0.00275	0.00314	0.00472	0.00649	0.00865	0.01867	0.87874	0.02240	0.01061	0.00432	0.00138	0.00197	0.00963	0.00314	0.00275
14	0.03322	0.01857	0.09360	0.03947	0.27882	0.01883	0.09508	0.17307	0.15024	0.01353	0.03489	0.02068	0.00711	0.00373	0.00341	0.00106	0.00391	0.00334	0.00237	0.00510
15	0.00565	0.00426	0.00502	0.00467	0.00578	0.00418	0.00354	0.04332	0.12680	0.02902	0.48233	0.06572	0.19277	0.00694	0.00390	0.00111	0.00190	0.00600	0.00354	0.00357
16	0.00962	0.00786	0.02693	0.06609	0.29229	0.02243	0.17816	0.10648	0.02098	0.15869	0.01840	0.04282	0.02567	0.00382	0.00355	0.00107	0.00404	0.00365	0.00243	0.00501
17	0.00831	0.00788	0.01234	0.25300	0.33982	0.04162	0.10127	0.05947	0.08392	0.02487	0.00711	0.00895	0.00556	0.00342	0.00364	0.00108	0.02787	0.00317	0.00193	0.00476

[dist]
# distance from previous block
# <min> <max>
3	6

[block]
# block no. 3 follows, 83 sequences, length 25
# corresponding to MSA columns:
# 161-172,199-211
name=unknown_D
#
# <colnr> <probs for GDERKNQSTAVLIFYWHMCP>
#	G	D	E	R	K	N	Q	S	T	A	V	L	I	F	Y	W	H	M	C	P
0	0.00780	0.00743	0.01254	0.27267	0.59211	0.00790	0.00998	0.01006	0.02742	0.01043	0.00644	0.00868	0.00523	0.00316	0.00337	0.00105	0.00414	0.00304	0.00167	0.00489
1	0.00809	0.14250	0.35975	0.00862	0.03455	0.03227	0.07591	0.05882	0.05799	0.04812	0.01903	0.04456	0.00657	0.00378	0.00320	0.00101	0.00417	0.02391	0.00201	0.06514
2	0.00487	0.00349	0.00474	0.00474	0.00510	0.00385	0.00336	0.00560	0.00524	0.00734	0.00972	0.01686	0.01001	0.36888	0.52616	0.00458	0.00675	0.00415	0.00191	0.00263
3	0.00413	0.00295	0.00393	0.00472	0.00491	0.00275	0.00314	0.00472	0.00649	0.00865	0.01867	0.87874	0.02240	0.01061	0.00432	0.00138	0.00197	0.00963	0.00314	0.00275
4	0.00689	0.00378	0.00390	0.00372	0.00473	0.00386	0.00284	0.02287	0.09175	0.04429	0.01212	0.01317	0.03641	0.00417	0.00258	0.00085	0.00178	0.00336	0.73342	0.00351
5	0.00631	0.00316	0.00316	0.00316	0.00395	0.00316	0.00237	0.00789	0.00710	0.01263	0.01105	0.01263	0.00868	0.00395	0.00237	0.00079	0.00158	0.00316	0.89976	0.00316
6	0.00906	0.88299	0.01775	0.00580	0.00869	0.01340	0.00580	0.01014	0.00688	0.00797	0.00471	0.00543	0.00435	0.00290	0.00217	0.00072	0.00362	0.00181	0.00145	0.00435
7	0.00484	0.00363	0.00544	0.00544	0.00605	0.00423	0.00423	0.00605	0.00544	0.00786	0.00907	0.01331	0.00847	0.02541	0.86753	0.00544	0.00907	0.00363	0.00181	0.00302
8	0.01255	0.04057	0.00983	0.00864	0.01042	0.84329	0.00652	0.01343	0.00952	0.00828	0.00522	0.00609	0.00436	0.00347	0.00303	0.00087	0.00604	0.00217	0.00174	0.00394
9	0.00640	0.00602	0.01016	0.87281	0.02333	0.00753	0.00941	0.00866	0.00677	0.00866	0.00602	0.00903	0.00452	0.00339	0.00339	0.00113	0.00452	0.00301	0.00151	0.00376
10	0.00906	0.88299	0.01775	0.00580	0.00869	0.01340	0.00580	0.01014	0.00688	0.00797	0.00471	0.00543	0.00435	0.00290	0.00217	0.00072	0.00362	0.00181	0.00145	0.00435
11	0.48146	0.00519	0.00458	0.00423	0.00589	0.00550	0.00335	0.00828	0.00681	0.06140	0.05151	0.06637	0.27322	0.00550	0.00298	0.00110	0.00227	0.00422	0.00268	0.00346
12	0.00906	0.88299	0.01775	0.00580	0.00869	0.01340	0.00580	0.01014	0.00688	0.00797	0.00471	0.00543	0.00435	0.00290	0.00217	0.00072	0.00362	0.00181	0.00145	0.00435
13	0.01270	0.00952	0.00992	0.00771	0.01031	0.04884	0.00632	0.76712	0.01523	0.04232	0.00841	0.03088	0.00620	0.00421	0.00340	0.00102	0.00377	0.00319	0.00333	0.00560
14	0.00526	0.00414	0.00579	0.00556	0.00593	0.00496	0.00421	0.00611	0.00528	0.00760	0.00874	0.01451	0.00876	0.22708	0.53056	0.00431	0.14264	0.00384	0.00182	0.00290
15	0.00640	0.00602	0.01016	0.87281	0.02333	0.00753	0.00941	0.00866	0.00677	0.00866	0.00602	0.00903	0.00452	0.00339	0.00339	0.00113	0.00452	0.00301	0.00151	0.00376
16	0.01288	0.00949	0.01017	0.00779	0.01051	0.01051	0.00644	0.84852	0.01593	0.02135	0.00813	0.00813	0.00576	0.00407	0.00339	0.00102	0.00373	0.00305	0.00339	0.00576
17	0.00702	0.00602	0.00702	0.00502	0.00803	0.00452	0.00401	0.00853	0.00702	0.01104	0.00602	0.00702	0.00502	0.00251	0.00251	0.00050	0.00251	0.00201	0.00201	0.90166
18	0.00578	0.00297	0.00432	0.00433	0.00435	0.00297	0.00286	0.00453	0.00455	0.00612	0.00662	0.02758	0.00679	0.08471	0.01321	0.79220	0.00293	0.00324	0.01837	0.00158
19	0.01249	0.04881	0.01039	0.00766	0.01034	0.01053	0.00636	0.76975	0.05680	0.02039	0.00826	0.00823	0.00592	0.00404	0.00334	0.00101	0.00367	0.00303	0.00330	0.00568
20	0.05183	0.01572	0.00940	0.00854	0.01030	0.82960	0.00642	0.01337	0.00943	0.00859	0.00521	0.00608	0.00433	0.00348	0.00301	0.00088	0.00596	0.00217	0.00176	0.00392
21	0.00769	0.03818	0.20794	0.01180	0.25538	0.02879	0.08266	0.01147	0.16265	0.02250	0.11436	0.01131	0.02237	0.00393	0.00344	0.00106	0.00384	0.00353	0.00225	0.00484
22	0.00484	0.00362	0.00538	0.00538	0.00596	0.00420	0.00415	0.00601	0.00542	0.00782	0.00913	0.01364	0.00861	0.05743	0.83569	0.00536	0.00886	0.00368	0.00182	0.00299
23	0.00519	0.01559	0.04289	0.00513	0.00587	0.00419	0.01721	0.00620	0.00601	0.02116	0.08584	0.04639	0.04258	0.27014	0.38180	0.00363	0.01613	0.01895	0.00218	0.00292
24	0.05416	0.02557	0.00727	0.00517	0.00808	0.04382	0.00415	0.00886	0.00707	0.01106	0.00589	0.00687	0.00490	0.00259	0.00250	0.00055	0.00270	0.00200	0.00199	0.79477

[dist]
# distance from previous block
# <min> <max>
3	14

[block]
# block no. 4 follows, 83 sequences, length 16
# corresponding to MSA columns:
# 258-273
name=unknown_E
#
# <colnr> <probs for GDERKNQSTAVLIFYWHMCP>
#	G	D	E	R	K	N	Q	S	T	A	V	L	I	F	Y	W	H	M	C	P
0	0.09177	0.00739	0.00835	0.00656	0.00909	0.00753	0.00543	0.38456	0.01164	0.24165	0.00968	0.01089	0.00720	0.00421	0.00326	0.00100	0.00321	0.06483	0.00329	0.11846
1	0.00681	0.00580	0.00681	0.00506	0.00779	0.00458	0.00403	0.00857	0.03850	0.01085	0.00750	0.00857	0.03464	0.00449	0.06683	0.00091	0.00298	0.00237	0.00209	0.77079
2	0.00555	0.00413	0.00559	0.00593	0.06558	0.00450	0.00387	0.00641	0.02078	0.02272	0.06563	0.01772	0.01148	0.41197	0.25982	0.00338	0.06389	0.01606	0.00211	0.00289
3	0.00702	0.00602	0.00702	0.00502	0.00803	0.00452	0.00401	0.00853	0.00702	0.01104	0.00602	0.00702	0.00502	0.00251	0.00251	0.00050	0.00251	0.00201	0.00201	0.90166
4	0.03833	0.00982	0.00988	0.00773	0.01033	0.07397	0.00633	0.73228	0.04557	0.01994	0.00802	0.00807	0.00576	0.00402	0.00333	0.00101	0.00383	0.00298	0.00323	0.00555
5	0.02175	0.26511	0.17316	0.03819	0.08529	0.03964	0.00743	0.09854	0.02797	0.17792	0.01954	0.00811	0.00590	0.00348	0.00297	0.00094	0.00383	0.00265	0.00231	0.01527
6	0.02208	0.02178	0.12639	0.00717	0.05239	0.03629	0.01630	0.05669	0.06510	0.15084	0.03580	0.05153	0.09036	0.01994	0.03531	0.00120	0.05022	0.00369	0.00260	0.15433
7	0.00414	0.00301	0.00390	0.00457	0.00488	0.00278	0.00309	0.00478	0.00671	0.00885	0.04646	0.76711	0.10666	0.01029	0.00428	0.00134	0.00193	0.00927	0.00316	0.00278
8	0.00640	0.00602	0.01016	0.87281	0.02333	0.00753	0.00941	0.00866	0.00677	0.00866	0.00602	0.00903	0.00452	0.00339	0.00339	0.00113	0.00452	0.00301	0.00151	0.00376
9	0.00818	0.04178	0.22124	0.02222	0.17894	0.01996	0.24820	0.02072	0.03846	0.07446	0.00805	0.07317	0.00664	0.00380	0.00367	0.00109	0.01899	0.00367	0.00200	0.00479
10	0.00466	0.00321	0.00434	0.00494	0.00532	0.00308	0.00352	0.00546	0.00674	0.03052	0.05204	0.64039	0.02085	0.02989	0.06871	0.00172	0.00267	0.10598	0.00307	0.00289
11	0.00679	0.01752	0.86340	0.00966	0.01466	0.00787	0.01252	0.01073	0.00715	0.01073	0.00608	0.00715	0.00429	0.00322	0.00322	0.00107	0.00501	0.00250	0.00143	0.00501
12	0.00529	0.00529	0.07664	0.00595	0.06965	0.00413	0.02649	0.01857	0.02286	0.03077	0.16880	0.06519	0.46259	0.00715	0.00388	0.00113	0.00235	0.01680	0.00299	0.00348
13	0.00605	0.00460	0.00658	0.00828	0.19223	0.00456	0.00487	0.00741	0.04818	0.05528	0.02782	0.37732	0.06352	0.12448	0.03814	0.00166	0.01637	0.00641	0.00268	0.00356
14	0.01258	0.00516	0.00682	0.00552	0.00756	0.00460	0.00443	0.01391	0.02223	0.62891	0.01317	0.02830	0.00958	0.09633	0.00483	0.00129	0.00280	0.04055	0.08647	0.00496
15	0.01265	0.01614	0.00960	0.00873	0.01047	0.86735	0.00655	0.01353	0.00960	0.00829	0.00524	0.00611	0.00436	0.00349	0.00305	0.00087	0.00611	0.00218	0.00175	0.00393

[dist]
# distance from previous block
# <min> <max>
0	202

# created by:
# /usr/local/bin/augustus/scripts/msa2prfl.pl /tmp/new_cug2/capping-protein-class-2.fasta
