[name]
unknown

[dist]
# distance from previous block
# <min> <max>
0	18

[block]
# block no. 0 follows, 81 sequences, length 13
# corresponding to MSA columns:
# 18-30
name=unknown_A
#
# <colnr> <probs for GDERKNQSTAVLIFYWHMCP>
#	G	D	E	R	K	N	Q	S	T	A	V	L	I	F	Y	W	H	M	C	P
0	0.00902	0.09902	0.01350	0.03648	0.46263	0.00828	0.09749	0.05914	0.00851	0.07650	0.05117	0.01012	0.01914	0.00356	0.00341	0.00102	0.00395	0.01283	0.00214	0.02209
1	0.00552	0.00445	0.00693	0.00728	0.09523	0.00457	0.07757	0.00651	0.00608	0.00842	0.02641	0.13782	0.01173	0.29329	0.28928	0.00332	0.00535	0.00501	0.00213	0.00312
2	0.00815	0.61606	0.10964	0.00628	0.00903	0.01124	0.00637	0.00961	0.00677	0.00842	0.00581	0.00728	0.00523	0.00740	0.16800	0.00170	0.00492	0.00228	0.00155	0.00425
3	0.01379	0.09804	0.00938	0.00646	0.00910	0.00713	0.00541	0.13157	0.09834	0.56563	0.01201	0.01074	0.00796	0.00416	0.00334	0.00104	0.00312	0.00330	0.00379	0.00568
4	0.05196	0.00687	0.00836	0.00647	0.00907	0.00669	0.00533	0.24656	0.01138	0.55890	0.01168	0.01058	0.00762	0.00419	0.00337	0.00105	0.00312	0.00330	0.03781	0.00569
5	0.00666	0.00361	0.00474	0.00494	0.00570	0.00332	0.00355	0.00754	0.00735	0.17265	0.01714	0.59224	0.01851	0.00880	0.00403	0.00128	0.00218	0.03278	0.09954	0.00345
6	0.00831	0.49411	0.11419	0.03704	0.00952	0.04637	0.00638	0.04129	0.00749	0.02387	0.00806	0.17334	0.00810	0.00462	0.00291	0.00095	0.00367	0.00360	0.00195	0.00424
7	0.00518	0.17159	0.00670	0.00494	0.00574	0.00491	0.00370	0.00592	0.00684	0.00883	0.03694	0.64252	0.06547	0.00911	0.00396	0.00125	0.00231	0.00807	0.00289	0.00314
8	0.00431	0.00310	0.00400	0.00468	0.00494	0.00289	0.00314	0.00491	0.00659	0.00871	0.01928	0.72472	0.07309	0.08736	0.00556	0.00157	0.00214	0.03313	0.00311	0.00276
9	0.02136	0.00579	0.00882	0.52531	0.04710	0.00680	0.00764	0.08847	0.00774	0.01034	0.00921	0.19034	0.00873	0.00554	0.02205	0.00127	0.00397	0.00448	0.02117	0.00385
10	0.00663	0.00625	0.01055	0.82686	0.06641	0.00770	0.00965	0.00892	0.00696	0.00895	0.00616	0.00918	0.00465	0.00343	0.00345	0.00114	0.00458	0.00307	0.00154	0.00392
11	0.00468	0.00362	0.00525	0.17099	0.00862	0.00376	0.00444	0.00564	0.00677	0.00898	0.04338	0.68254	0.01966	0.00929	0.00422	0.00134	0.00249	0.00841	0.00290	0.00302
12	0.00882	0.54783	0.01384	0.00627	0.00842	0.14898	0.00556	0.00978	0.00734	0.00832	0.00762	0.17293	0.00798	0.00465	0.00304	0.00091	0.02834	0.00347	0.00186	0.00403

[dist]
# distance from previous block
# <min> <max>
0	1

[block]
# block no. 1 follows, 81 sequences, length 16
# corresponding to MSA columns:
# 32-47
name=unknown_B
#
# <colnr> <probs for GDERKNQSTAVLIFYWHMCP>
#	G	D	E	R	K	N	Q	S	T	A	V	L	I	F	Y	W	H	M	C	P
0	0.00760	0.00612	0.00719	0.00522	0.00819	0.00471	0.00417	0.02701	0.00747	0.05076	0.00686	0.02953	0.00574	0.00288	0.00267	0.00057	0.00259	0.00233	0.00221	0.81616
1	0.00847	0.04888	0.05578	0.12730	0.25509	0.05488	0.08297	0.05946	0.17107	0.01178	0.02606	0.01007	0.02306	0.00382	0.00368	0.00108	0.03129	0.00334	0.01704	0.00487
2	0.01045	0.02658	0.02889	0.07668	0.19794	0.26485	0.05456	0.11698	0.06622	0.05594	0.00729	0.00859	0.00575	0.01872	0.01912	0.00115	0.03038	0.00297	0.00219	0.00476
3	0.00451	0.00357	0.00409	0.00418	0.00507	0.00323	0.00305	0.00591	0.04692	0.01052	0.22590	0.23114	0.42215	0.00865	0.00413	0.00120	0.00183	0.00749	0.00336	0.00309
4	0.04370	0.01009	0.12956	0.04998	0.11016	0.05136	0.11075	0.26210	0.11975	0.03046	0.03034	0.00925	0.00668	0.00378	0.00345	0.00107	0.00415	0.00323	0.00256	0.01758
5	0.00972	0.07953	0.18609	0.02801	0.14012	0.02066	0.05087	0.14540	0.12826	0.11950	0.02251	0.02643	0.00706	0.00392	0.00349	0.00107	0.01631	0.00327	0.00256	0.00522
6	0.01196	0.04185	0.01049	0.00901	0.01066	0.70290	0.03408	0.01291	0.00908	0.00851	0.00528	0.00648	0.00449	0.00383	0.00415	0.00097	0.11521	0.00237	0.00174	0.00401
7	0.00426	0.00308	0.00403	0.00470	0.00500	0.00285	0.00318	0.00496	0.00694	0.00926	0.08779	0.75771	0.07269	0.01040	0.00436	0.00136	0.00196	0.00938	0.00326	0.00285
8	0.04152	0.04551	0.06452	0.02414	0.06208	0.24328	0.18023	0.09262	0.06535	0.07688	0.00863	0.04154	0.03024	0.00395	0.00344	0.00105	0.00469	0.00339	0.00231	0.00465
9	0.01168	0.07557	0.02880	0.05556	0.07156	0.41302	0.02689	0.12044	0.05258	0.08457	0.00701	0.00771	0.00540	0.00370	0.00337	0.00097	0.02160	0.00268	0.00225	0.00464
10	0.00420	0.00333	0.00378	0.00404	0.00483	0.00291	0.00289	0.00504	0.00759	0.00954	0.10073	0.33461	0.48563	0.00935	0.00420	0.00124	0.00183	0.00811	0.00326	0.00291
11	0.00534	0.00347	0.00348	0.00346	0.00448	0.00322	0.00260	0.00682	0.03093	0.01118	0.02298	0.02286	0.42394	0.00636	0.00326	0.00099	0.00171	0.00523	0.43453	0.00313
12	0.04296	0.00971	0.15279	0.11199	0.12474	0.02621	0.05071	0.18755	0.14063	0.09297	0.00854	0.00921	0.00624	0.00379	0.00352	0.00109	0.01648	0.00315	0.00255	0.00518
13	0.00423	0.00308	0.00398	0.00466	0.00498	0.00284	0.00315	0.00490	0.00688	0.00909	0.05757	0.75327	0.10776	0.01045	0.00436	0.00137	0.00196	0.00941	0.00323	0.00284
14	0.00739	0.05061	0.32002	0.00786	0.01084	0.07241	0.09382	0.00974	0.00809	0.07256	0.11060	0.07069	0.14062	0.00510	0.00361	0.00110	0.00392	0.00436	0.00238	0.00430
15	0.02641	0.01930	0.00924	0.03676	0.01010	0.00581	0.11156	0.04206	0.03412	0.02884	0.00668	0.00777	0.00535	0.00282	0.00285	0.00068	0.00313	0.00246	0.00213	0.64194

[dist]
# distance from previous block
# <min> <max>
0	13

[block]
# block no. 2 follows, 81 sequences, length 18
# corresponding to MSA columns:
# 61-78
name=unknown_C
#
# <colnr> <probs for GDERKNQSTAVLIFYWHMCP>
#	G	D	E	R	K	N	Q	S	T	A	V	L	I	F	Y	W	H	M	C	P
0	0.04203	0.19604	0.37572	0.00844	0.01214	0.07685	0.04683	0.09831	0.03669	0.06618	0.00678	0.00745	0.00504	0.00342	0.00308	0.00100	0.00449	0.00259	0.00198	0.00495
1	0.00425	0.00308	0.00403	0.00475	0.00505	0.00286	0.00323	0.00492	0.00681	0.00901	0.03789	0.77294	0.08438	0.01055	0.00439	0.00138	0.00201	0.03242	0.00322	0.00283
2	0.01256	0.00589	0.00751	0.00601	0.00826	0.00552	0.00487	0.08970	0.08342	0.54224	0.15813	0.01454	0.03565	0.00490	0.00360	0.00108	0.00274	0.00406	0.00403	0.00531
3	0.07045	0.06831	0.45153	0.00945	0.01351	0.00824	0.15294	0.05555	0.00807	0.10000	0.00703	0.00793	0.00501	0.00333	0.00328	0.00106	0.00462	0.00284	0.00197	0.02489
4	0.05072	0.70092	0.13544	0.00640	0.00962	0.01242	0.00675	0.01055	0.00706	0.02640	0.00518	0.00592	0.00448	0.00304	0.00239	0.00081	0.00383	0.00198	0.00156	0.00453
5	0.00420	0.00303	0.00398	0.00474	0.00499	0.00281	0.00318	0.00482	0.00668	0.00884	0.01984	0.83429	0.06438	0.01072	0.00439	0.00139	0.00199	0.00969	0.00321	0.00281
6	0.00421	0.00301	0.00401	0.00481	0.00501	0.00281	0.00321	0.00481	0.00661	0.00882	0.01904	0.87634	0.02285	0.01082	0.00441	0.00140	0.00200	0.00982	0.00321	0.00281
7	0.01312	0.00953	0.00999	0.00778	0.01045	0.05110	0.00638	0.68624	0.05696	0.09969	0.00894	0.00875	0.00629	0.00416	0.00344	0.00104	0.00378	0.00314	0.00346	0.00577
8	0.01286	0.05109	0.01041	0.00766	0.01038	0.01029	0.00635	0.69271	0.06408	0.08574	0.00888	0.00870	0.00629	0.00413	0.00340	0.00103	0.00367	0.00312	0.00343	0.00578
9	0.00478	0.00362	0.00442	0.00420	0.00513	0.00331	0.00316	0.00643	0.03011	0.01275	0.63117	0.02733	0.23600	0.00742	0.00406	0.00111	0.00169	0.00645	0.00365	0.00323
10	0.00924	0.88067	0.01810	0.00591	0.00887	0.01367	0.00591	0.01034	0.00702	0.00813	0.00480	0.00554	0.00443	0.00296	0.00222	0.00074	0.00369	0.00185	0.00148	0.00443
11	0.00704	0.00589	0.00772	0.00688	0.02827	0.00618	0.08631	0.01217	0.36537	0.03271	0.30608	0.04149	0.06777	0.00570	0.00382	0.00114	0.00261	0.00506	0.00339	0.00441
12	0.00721	0.00618	0.00719	0.00518	0.00821	0.00474	0.00414	0.00902	0.03519	0.01136	0.00640	0.00735	0.00530	0.00263	0.00259	0.00053	0.00256	0.00211	0.00210	0.87001
13	0.00421	0.00301	0.00401	0.00481	0.00501	0.00281	0.00321	0.00481	0.00661	0.00882	0.01904	0.87634	0.02285	0.01082	0.00441	0.00140	0.00200	0.00982	0.00321	0.00281
14	0.03349	0.01881	0.09394	0.04019	0.28058	0.01903	0.09575	0.16607	0.15172	0.01372	0.03515	0.02094	0.00726	0.00380	0.00348	0.00108	0.00399	0.00341	0.00241	0.00519
15	0.00573	0.00431	0.00509	0.00473	0.00586	0.00421	0.00359	0.04342	0.11927	0.02931	0.48493	0.06644	0.19559	0.00710	0.00398	0.00113	0.00193	0.00614	0.00361	0.00362
16	0.00983	0.00800	0.02754	0.06711	0.29362	0.02261	0.17055	0.10760	0.02121	0.16024	0.01869	0.04311	0.02584	0.00390	0.00362	0.00109	0.00411	0.00372	0.00249	0.00511
17	0.00847	0.00804	0.01258	0.25462	0.33396	0.04195	0.10250	0.05966	0.08469	0.02513	0.00726	0.00913	0.00567	0.00349	0.00372	0.00110	0.02798	0.00324	0.00197	0.00485

[dist]
# distance from previous block
# <min> <max>
3	6

[block]
# block no. 3 follows, 81 sequences, length 25
# corresponding to MSA columns:
# 86-110
name=unknown_D
#
# <colnr> <probs for GDERKNQSTAVLIFYWHMCP>
#	G	D	E	R	K	N	Q	S	T	A	V	L	I	F	Y	W	H	M	C	P
0	0.00797	0.00760	0.01282	0.26429	0.59798	0.00806	0.01019	0.01028	0.02765	0.01066	0.00658	0.00884	0.00534	0.00322	0.00343	0.00107	0.00422	0.00310	0.00170	0.00500
1	0.00827	0.14400	0.35235	0.00878	0.03498	0.03270	0.07696	0.05947	0.05838	0.04887	0.01929	0.04491	0.00672	0.00386	0.00326	0.00102	0.00424	0.02416	0.00205	0.06572
2	0.00497	0.00356	0.00483	0.00483	0.00519	0.00392	0.00341	0.00570	0.00534	0.00748	0.00992	0.01724	0.01023	0.37211	0.52088	0.00466	0.00686	0.00424	0.00195	0.00268
3	0.00421	0.00301	0.00401	0.00481	0.00501	0.00281	0.00321	0.00481	0.00661	0.00882	0.01904	0.87634	0.02285	0.01082	0.00441	0.00140	0.00200	0.00982	0.00321	0.00281
4	0.00703	0.00386	0.00399	0.00380	0.00484	0.00395	0.00290	0.02315	0.09286	0.04485	0.01237	0.01343	0.03678	0.00426	0.00264	0.00087	0.00181	0.00343	0.72960	0.00358
5	0.00644	0.00322	0.00322	0.00322	0.00402	0.00322	0.00241	0.00805	0.00724	0.01288	0.01127	0.01288	0.00885	0.00402	0.00241	0.00080	0.00161	0.00322	0.89777	0.00322
6	0.00924	0.88067	0.01810	0.00591	0.00887	0.01367	0.00591	0.01034	0.00702	0.00813	0.00480	0.00554	0.00443	0.00296	0.00222	0.00074	0.00369	0.00185	0.00148	0.00443
7	0.00494	0.00370	0.00555	0.00555	0.00617	0.00432	0.00432	0.00617	0.00555	0.00802	0.00925	0.01357	0.00864	0.02591	0.86490	0.00555	0.00925	0.00370	0.00185	0.00308
8	0.01280	0.04110	0.01003	0.00881	0.01063	0.84047	0.00665	0.01370	0.00971	0.00845	0.00532	0.00621	0.00445	0.00354	0.00309	0.00089	0.00616	0.00221	0.00177	0.00402
9	0.00652	0.00614	0.01036	0.87029	0.02379	0.00768	0.00959	0.00883	0.00691	0.00883	0.00614	0.00921	0.00461	0.00345	0.00345	0.00115	0.00461	0.00307	0.00154	0.00384
10	0.00924	0.88067	0.01810	0.00591	0.00887	0.01367	0.00591	0.01034	0.00702	0.00813	0.00480	0.00554	0.00443	0.00296	0.00222	0.00074	0.00369	0.00185	0.00148	0.00443
11	0.48687	0.00531	0.00469	0.00433	0.00603	0.00564	0.00343	0.00849	0.00693	0.06184	0.05209	0.06717	0.26461	0.00557	0.00302	0.00112	0.00232	0.00427	0.00272	0.00354
12	0.00924	0.88067	0.01810	0.00591	0.00887	0.01367	0.00591	0.01034	0.00702	0.00813	0.00480	0.00554	0.00443	0.00296	0.00222	0.00074	0.00369	0.00185	0.00148	0.00443
13	0.01295	0.00971	0.01011	0.00786	0.01051	0.04908	0.00644	0.76402	0.01553	0.04276	0.00858	0.03111	0.00633	0.00430	0.00347	0.00104	0.00384	0.00326	0.00339	0.00571
14	0.00537	0.00423	0.00594	0.00570	0.00608	0.00509	0.00432	0.00625	0.00539	0.00776	0.00888	0.01468	0.00888	0.21734	0.53598	0.00441	0.14496	0.00390	0.00185	0.00297
15	0.00652	0.00614	0.01036	0.87029	0.02379	0.00768	0.00959	0.00883	0.00691	0.00883	0.00614	0.00921	0.00461	0.00345	0.00345	0.00115	0.00461	0.00307	0.00154	0.00384
16	0.01313	0.00968	0.01037	0.00795	0.01071	0.01071	0.00657	0.84552	0.01624	0.02177	0.00829	0.00829	0.00587	0.00415	0.00346	0.00104	0.00380	0.00311	0.00346	0.00587
17	0.00716	0.00614	0.00716	0.00512	0.00819	0.00461	0.00409	0.00870	0.00716	0.01126	0.00614	0.00716	0.00512	0.00256	0.00256	0.00051	0.00256	0.00205	0.00205	0.89971
18	0.00589	0.00303	0.00440	0.00442	0.00444	0.00303	0.00292	0.00462	0.00464	0.00624	0.00676	0.02790	0.00693	0.08538	0.01347	0.78952	0.00298	0.00330	0.01850	0.00161
19	0.01273	0.04905	0.01059	0.00781	0.01054	0.01074	0.00648	0.76634	0.05752	0.02079	0.00842	0.00840	0.00604	0.00412	0.00340	0.00103	0.00374	0.00309	0.00337	0.00579
20	0.05239	0.01603	0.00958	0.00871	0.01050	0.82670	0.00654	0.01363	0.00962	0.00877	0.00532	0.00620	0.00442	0.00354	0.00307	0.00090	0.00607	0.00221	0.00180	0.00399
21	0.00783	0.03873	0.21059	0.01212	0.25867	0.02915	0.08377	0.01159	0.15167	0.02287	0.11554	0.01151	0.02264	0.00400	0.00351	0.00108	0.00394	0.00359	0.00228	0.00493
22	0.00494	0.00369	0.00548	0.00548	0.00608	0.00428	0.00423	0.00613	0.00553	0.00797	0.00931	0.01391	0.00878	0.05812	0.83290	0.00547	0.00903	0.00375	0.00186	0.00305
23	0.00530	0.01585	0.04325	0.00522	0.00598	0.00427	0.01736	0.00632	0.00614	0.02141	0.08666	0.04707	0.04303	0.27524	0.37262	0.00368	0.01630	0.01912	0.00223	0.00297
24	0.05447	0.02578	0.00741	0.00528	0.00824	0.04397	0.00423	0.00904	0.00721	0.01128	0.00600	0.00700	0.00500	0.00265	0.00255	0.00056	0.00276	0.00204	0.00203	0.79250

[dist]
# distance from previous block
# <min> <max>
3	14

[block]
# block no. 4 follows, 81 sequences, length 16
# corresponding to MSA columns:
# 128-143
name=unknown_E
#
# <colnr> <probs for GDERKNQSTAVLIFYWHMCP>
#	G	D	E	R	K	N	Q	S	T	A	V	L	I	F	Y	W	H	M	C	P
0	0.09227	0.00752	0.00850	0.00668	0.00926	0.00766	0.00552	0.37961	0.01184	0.24303	0.00988	0.01112	0.00734	0.00430	0.00333	0.00102	0.00326	0.06472	0.00336	0.11979
1	0.00695	0.00592	0.00694	0.00517	0.00795	0.00468	0.00411	0.00874	0.03865	0.01107	0.00766	0.00875	0.03478	0.00459	0.06676	0.00093	0.00303	0.00242	0.00213	0.76879
2	0.00567	0.00422	0.00571	0.00607	0.06593	0.00460	0.00396	0.00655	0.02102	0.02293	0.06583	0.01803	0.01169	0.40717	0.26162	0.00345	0.06421	0.01624	0.00215	0.00296
3	0.00716	0.00614	0.00716	0.00512	0.00819	0.00461	0.00409	0.00870	0.00716	0.01126	0.00614	0.00716	0.00512	0.00256	0.00256	0.00051	0.00256	0.00205	0.00205	0.89971
4	0.03861	0.01001	0.01008	0.00789	0.01053	0.07405	0.00645	0.72947	0.04586	0.02033	0.00818	0.00823	0.00588	0.00410	0.00339	0.00103	0.00391	0.00304	0.00330	0.00566
5	0.02204	0.26641	0.17463	0.03846	0.08605	0.04003	0.00761	0.09965	0.02837	0.17088	0.01973	0.00823	0.00599	0.00354	0.00303	0.00096	0.00391	0.00270	0.00234	0.01544
6	0.02247	0.02212	0.12700	0.00734	0.05288	0.03665	0.01651	0.05745	0.06543	0.15145	0.03630	0.05229	0.09136	0.02012	0.03541	0.00123	0.05061	0.00378	0.00266	0.14695
7	0.00422	0.00307	0.00398	0.00466	0.00498	0.00283	0.00315	0.00488	0.00684	0.00903	0.04687	0.76455	0.10723	0.01050	0.00437	0.00137	0.00197	0.00945	0.00323	0.00283
8	0.00652	0.00614	0.01036	0.87029	0.02379	0.00768	0.00959	0.00883	0.00691	0.00883	0.00614	0.00921	0.00461	0.00345	0.00345	0.00115	0.00461	0.00307	0.00154	0.00384
9	0.00834	0.04242	0.22348	0.02246	0.17142	0.02022	0.25045	0.02101	0.03861	0.07486	0.00822	0.07323	0.00677	0.00387	0.00374	0.00112	0.01914	0.00374	0.00204	0.00488
10	0.00476	0.00328	0.00443	0.00504	0.00543	0.00315	0.00359	0.00557	0.00687	0.03081	0.05262	0.63728	0.02126	0.03016	0.06868	0.00175	0.00272	0.10651	0.00313	0.00295
11	0.00693	0.01787	0.86069	0.00985	0.01495	0.00802	0.01276	0.01094	0.00729	0.01094	0.00620	0.00729	0.00438	0.00328	0.00328	0.00109	0.00511	0.00255	0.00146	0.00511
12	0.00541	0.00541	0.07686	0.00607	0.06965	0.00422	0.02671	0.01876	0.02305	0.03120	0.17060	0.06588	0.45784	0.00729	0.00396	0.00115	0.00240	0.01695	0.00305	0.00355
13	0.00619	0.00471	0.00674	0.00850	0.19413	0.00468	0.00499	0.00758	0.04842	0.05567	0.02813	0.37144	0.06403	0.12517	0.03856	0.00169	0.01649	0.00651	0.00273	0.00364
14	0.01281	0.00526	0.00694	0.00563	0.00771	0.00469	0.00451	0.01417	0.02256	0.62501	0.01343	0.02868	0.00978	0.09654	0.00493	0.00131	0.00285	0.04093	0.08722	0.00505
15	0.01290	0.01646	0.00979	0.00890	0.01068	0.86472	0.00667	0.01379	0.00979	0.00845	0.00534	0.00623	0.00445	0.00356	0.00311	0.00089	0.00623	0.00222	0.00178	0.00400

[dist]
# distance from previous block
# <min> <max>
0	202

# created by:
# /usr/local/bin/augustus/scripts/msa2prfl.pl /tmp/new_cug2/capping-protein-class-2.fasta
