[name]
unknown

[dist]
# distance from previous block
# <min> <max>
2	13

[block]
# block no. 0 follows, 81 sequences, length 6
# corresponding to MSA columns:
# 13-18
name=unknown_A
#
# <colnr> <probs for GDERKNQSTAVLIFYWHMCP>
#	G	D	E	R	K	N	Q	S	T	A	V	L	I	F	Y	W	H	M	C	P
0	0.06669	0.00496	0.00543	0.00583	0.05498	0.04353	0.00381	0.03911	0.07383	0.00995	0.05161	0.23460	0.06631	0.29002	0.00828	0.00191	0.00293	0.03032	0.00268	0.00321
1	0.04493	0.09671	0.22036	0.01020	0.07986	0.07212	0.17952	0.05090	0.06703	0.07880	0.02861	0.00993	0.00674	0.00372	0.00341	0.00107	0.00446	0.03460	0.00217	0.00485
2	0.02826	0.11645	0.18890	0.03190	0.10734	0.00855	0.03726	0.18157	0.07507	0.08844	0.00958	0.06801	0.03512	0.00427	0.00335	0.00106	0.00382	0.00353	0.00251	0.00501
3	0.00614	0.00472	0.00472	0.00452	0.00571	0.07152	0.00338	0.00715	0.00837	0.10072	0.15566	0.13905	0.45976	0.00787	0.00398	0.00115	0.00225	0.00665	0.00330	0.00336
4	0.00612	0.00447	0.00548	0.00570	0.06334	0.00420	0.00393	0.08590	0.00904	0.06097	0.22626	0.16579	0.33038	0.00760	0.00400	0.00116	0.00219	0.00655	0.00334	0.00361
5	0.17174	0.13517	0.03107	0.07144	0.09683	0.10680	0.03294	0.12387	0.06204	0.12562	0.00746	0.00803	0.00558	0.00357	0.00302	0.00101	0.00386	0.00271	0.00243	0.00480

[dist]
# distance from previous block
# <min> <max>
0	1

[block]
# block no. 1 follows, 81 sequences, length 10
# corresponding to MSA columns:
# 20-29
name=unknown_B
#
# <colnr> <probs for GDERKNQSTAVLIFYWHMCP>
#	G	D	E	R	K	N	Q	S	T	A	V	L	I	F	Y	W	H	M	C	P
0	0.00448	0.00334	0.00411	0.00448	0.00507	0.00307	0.00322	0.00535	0.00738	0.00962	0.13668	0.37917	0.23965	0.08300	0.00543	0.00148	0.00213	0.09626	0.00319	0.00288
1	0.00553	0.00371	0.00441	0.00417	0.00529	0.00325	0.00315	0.00672	0.00873	0.09467	0.34922	0.08191	0.40089	0.00779	0.00404	0.00114	0.00184	0.00667	0.00354	0.00333
2	0.00946	0.15761	0.13215	0.02620	0.13048	0.06669	0.09217	0.13156	0.00899	0.08327	0.02331	0.01056	0.00693	0.06897	0.00437	0.00120	0.00422	0.03488	0.00223	0.00474
3	0.04449	0.41318	0.01382	0.00707	0.00966	0.03480	0.05606	0.12984	0.10592	0.09500	0.00736	0.00775	0.00577	0.00365	0.00330	0.00095	0.05159	0.00263	0.00232	0.00484
4	0.01231	0.00677	0.00803	0.00630	0.00877	0.00663	0.00513	0.24079	0.08021	0.37985	0.02751	0.01151	0.03655	0.00429	0.00335	0.00100	0.00297	0.00343	0.06115	0.09344
5	0.00773	0.00619	0.00725	0.00530	0.00822	0.00489	0.00424	0.05504	0.00776	0.04822	0.00712	0.04351	0.00604	0.00306	0.00272	0.00060	0.00262	0.00249	0.00227	0.77472
6	0.00874	0.00652	0.00748	0.00565	0.00831	0.00579	0.00454	0.18150	0.02569	0.06890	0.05326	0.02571	0.00762	0.00352	0.00293	0.00073	0.00273	0.00283	0.05203	0.52554
7	0.59016	0.02635	0.11500	0.02660	0.00912	0.00785	0.05924	0.02456	0.03920	0.04756	0.02315	0.00712	0.00502	0.00339	0.00261	0.00108	0.00326	0.00238	0.00219	0.00417
8	0.00730	0.05747	0.66177	0.00905	0.01331	0.05710	0.01096	0.03534	0.00762	0.01078	0.00741	0.09266	0.00624	0.00405	0.00334	0.00109	0.00476	0.00323	0.00171	0.00481
9	0.04331	0.03550	0.00662	0.00566	0.00695	0.03781	0.08621	0.00743	0.02564	0.06388	0.09205	0.29434	0.26593	0.00769	0.00395	0.00120	0.00260	0.00677	0.00303	0.00345

[dist]
# distance from previous block
# <min> <max>
0	4

[block]
# block no. 2 follows, 81 sequences, length 7
# corresponding to MSA columns:
# 34-40
name=unknown_C
#
# <colnr> <probs for GDERKNQSTAVLIFYWHMCP>
#	G	D	E	R	K	N	Q	S	T	A	V	L	I	F	Y	W	H	M	C	P
0	0.06847	0.17836	0.15182	0.04102	0.14127	0.12012	0.09212	0.05401	0.02787	0.05709	0.00741	0.00837	0.03052	0.00348	0.00314	0.00100	0.00438	0.00283	0.00197	0.00473
1	0.00990	0.54075	0.01425	0.00642	0.00891	0.11775	0.00577	0.11012	0.00854	0.04591	0.00714	0.09691	0.00670	0.00405	0.00276	0.00088	0.00381	0.00294	0.00205	0.00444
2	0.00422	0.00316	0.00393	0.00447	0.00494	0.00286	0.00307	0.00496	0.00712	0.00927	0.07811	0.61914	0.22202	0.01008	0.00431	0.00133	0.00192	0.00898	0.00325	0.00286
3	0.02522	0.02491	0.01048	0.03745	0.29313	0.03548	0.06390	0.13529	0.02212	0.05643	0.04338	0.06020	0.13418	0.00525	0.02038	0.00118	0.01959	0.00423	0.00252	0.00466
4	0.00903	0.00624	0.00741	0.00734	0.08854	0.02583	0.00516	0.09428	0.21795	0.17938	0.07542	0.10810	0.14877	0.00585	0.00371	0.00114	0.00278	0.00497	0.00338	0.00470
5	0.00459	0.00366	0.00416	0.00431	0.00518	0.00337	0.00312	0.00619	0.07340	0.01024	0.14910	0.29264	0.40986	0.00883	0.00414	0.00123	0.00189	0.00766	0.00332	0.00313
6	0.07775	0.00555	0.00627	0.00567	0.00720	0.00581	0.00436	0.09137	0.22353	0.12320	0.16349	0.19278	0.06604	0.00639	0.00371	0.00117	0.00245	0.00545	0.00347	0.00434

[dist]
# distance from previous block
# <min> <max>
3	19

[block]
# block no. 3 follows, 81 sequences, length 10
# corresponding to MSA columns:
# 60-69
name=unknown_D
#
# <colnr> <probs for GDERKNQSTAVLIFYWHMCP>
#	G	D	E	R	K	N	Q	S	T	A	V	L	I	F	Y	W	H	M	C	P
0	0.00602	0.00431	0.00497	0.00464	0.00581	0.00411	0.00354	0.07308	0.00859	0.08036	0.11700	0.15637	0.45912	0.00802	0.00439	0.00119	0.04501	0.00671	0.00330	0.00346
1	0.04512	0.06638	0.08145	0.00858	0.09796	0.10301	0.07040	0.07749	0.04870	0.10276	0.02634	0.15320	0.09341	0.00532	0.00354	0.00110	0.00364	0.00454	0.00263	0.00442
2	0.03985	0.29720	0.12018	0.00787	0.05654	0.05102	0.04353	0.14397	0.03146	0.02812	0.07185	0.04737	0.02128	0.00404	0.00307	0.00096	0.00377	0.00319	0.00225	0.02246
3	0.03422	0.00756	0.07795	0.00648	0.00861	0.06022	0.00557	0.15021	0.00971	0.29380	0.03910	0.11406	0.09360	0.00548	0.00398	0.00112	0.05038	0.00439	0.02883	0.00472
4	0.00482	0.00394	0.00494	0.07070	0.04173	0.00378	0.00388	0.00621	0.04474	0.00974	0.08910	0.26943	0.36660	0.03923	0.00457	0.00131	0.00226	0.02680	0.00304	0.00318
5	0.02943	0.10885	0.43841	0.00966	0.06773	0.00825	0.08586	0.02895	0.03652	0.10309	0.02089	0.02114	0.00599	0.00355	0.00327	0.00106	0.00440	0.00296	0.01497	0.00500
6	0.00852	0.05729	0.18593	0.06063	0.10220	0.09148	0.10776	0.09449	0.06619	0.02011	0.05379	0.03237	0.00745	0.00493	0.03955	0.00128	0.05586	0.00338	0.00212	0.00466
7	0.00544	0.00439	0.00635	0.03055	0.00688	0.00513	0.03021	0.00645	0.00572	0.00814	0.01025	0.03389	0.05066	0.16837	0.46612	0.00393	0.12786	0.00413	0.02248	0.00307
8	0.03991	0.00974	0.00746	0.00685	0.00829	0.37420	0.01979	0.01078	0.07256	0.04734	0.06884	0.12498	0.14329	0.00610	0.01893	0.00115	0.02889	0.00452	0.00257	0.00380
9	0.00789	0.04072	0.07009	0.00817	0.08240	0.12439	0.07239	0.05092	0.05584	0.05660	0.16251	0.18078	0.06110	0.00587	0.00373	0.00111	0.00346	0.00513	0.00277	0.00413

[dist]
# distance from previous block
# <min> <max>
8	22

[block]
# block no. 4 follows, 81 sequences, length 9
# corresponding to MSA columns:
# 97-105
name=unknown_E
#
# <colnr> <probs for GDERKNQSTAVLIFYWHMCP>
#	G	D	E	R	K	N	Q	S	T	A	V	L	I	F	Y	W	H	M	C	P
0	0.03397	0.00564	0.02021	0.00560	0.00713	0.00570	0.00445	0.18895	0.07139	0.07872	0.15587	0.05451	0.15996	0.04773	0.14245	0.00192	0.00370	0.00487	0.00314	0.00407
1	0.00453	0.00380	0.00443	0.00502	0.06783	0.00334	0.00331	0.00550	0.00781	0.00971	0.09964	0.11459	0.60950	0.03993	0.00456	0.00125	0.00200	0.00706	0.00311	0.00309
2	0.00716	0.00439	0.00535	0.00487	0.00613	0.00418	0.00369	0.04986	0.05032	0.16651	0.19970	0.11490	0.22439	0.07304	0.06812	0.00163	0.00279	0.00584	0.00338	0.00375
3	0.03440	0.01020	0.00970	0.00775	0.01023	0.13610	0.00627	0.62214	0.05640	0.01879	0.00877	0.00886	0.02643	0.00417	0.00337	0.00102	0.00398	0.00309	0.02292	0.00540
4	0.00784	0.00963	0.17408	0.05520	0.47333	0.02376	0.04974	0.02513	0.02357	0.01104	0.00784	0.09439	0.00701	0.00394	0.00351	0.00108	0.00418	0.00368	0.00188	0.01917
5	0.00618	0.07014	0.00693	0.00586	0.00666	0.09050	0.00455	0.00720	0.00649	0.00853	0.07201	0.08450	0.03920	0.08108	0.41684	0.00341	0.08028	0.00427	0.00211	0.00324
6	0.01195	0.07791	0.01075	0.00970	0.09432	0.58859	0.00692	0.08667	0.06268	0.01026	0.00622	0.00701	0.00506	0.00359	0.00313	0.00092	0.00540	0.00247	0.00201	0.00444
7	0.00840	0.09464	0.01477	0.03706	0.42810	0.02245	0.19213	0.01038	0.00768	0.02741	0.02484	0.02245	0.00619	0.00392	0.02018	0.00116	0.06819	0.00335	0.00180	0.00488
8	0.00917	0.22434	0.11566	0.04781	0.04861	0.00941	0.05873	0.20696	0.02701	0.03181	0.00806	0.04338	0.03121	0.00391	0.00338	0.00097	0.03070	0.00310	0.00226	0.09354

[dist]
# distance from previous block
# <min> <max>
6	11

[block]
# block no. 5 follows, 81 sequences, length 16
# corresponding to MSA columns:
# 117-132
name=unknown_F
#
# <colnr> <probs for GDERKNQSTAVLIFYWHMCP>
#	G	D	E	R	K	N	Q	S	T	A	V	L	I	F	Y	W	H	M	C	P
0	0.08111	0.04032	0.03412	0.01903	0.15165	0.23690	0.03545	0.11078	0.05173	0.06327	0.00890	0.08092	0.03361	0.00442	0.00359	0.00105	0.03273	0.00349	0.00237	0.00457
1	0.24686	0.02101	0.04649	0.02103	0.21970	0.11300	0.03673	0.17159	0.00915	0.03233	0.00668	0.00816	0.00530	0.00360	0.00318	0.00105	0.01565	0.02114	0.01260	0.00474
2	0.00635	0.00637	0.06262	0.02186	0.23938	0.02096	0.05189	0.01715	0.02304	0.01147	0.23489	0.11345	0.14473	0.00593	0.00380	0.00111	0.00298	0.00533	0.02262	0.00404
3	0.00730	0.00624	0.01935	0.04111	0.24641	0.00619	0.03766	0.10551	0.06249	0.03006	0.05128	0.19680	0.13810	0.00618	0.00383	0.00117	0.00312	0.03011	0.00275	0.00433
4	0.00502	0.00337	0.00385	0.00384	0.00389	0.00338	0.00220	0.00511	0.00519	0.00697	0.03772	0.02243	0.01308	0.82475	0.04309	0.00334	0.00348	0.00502	0.00214	0.00216
5	0.02751	0.08298	0.04884	0.00828	0.04721	0.24136	0.01718	0.26018	0.05040	0.07908	0.00771	0.00894	0.00611	0.06733	0.00451	0.00117	0.03098	0.00293	0.00253	0.00478
6	0.00543	0.00398	0.00499	0.00465	0.00553	0.00394	0.00348	0.06705	0.00891	0.01235	0.49702	0.02300	0.10167	0.10187	0.13884	0.00202	0.00316	0.00559	0.00324	0.00327
7	0.00937	0.71335	0.01615	0.00612	0.00882	0.08186	0.00581	0.04250	0.00780	0.00909	0.06670	0.00717	0.00653	0.00335	0.00247	0.00079	0.00375	0.00225	0.00175	0.00437
8	0.00677	0.00625	0.00745	0.00668	0.00713	0.06895	0.01586	0.01903	0.01921	0.00875	0.05530	0.09249	0.07307	0.17505	0.00990	0.03939	0.35313	0.00447	0.01206	0.01909
9	0.01836	0.09533	0.00851	0.01660	0.06014	0.01591	0.05952	0.04910	0.04150	0.02403	0.08523	0.32740	0.08120	0.00711	0.00460	0.00122	0.09170	0.00608	0.00271	0.00375
10	0.04210	0.05536	0.04411	0.05867	0.13453	0.15711	0.01743	0.08638	0.17712	0.04369	0.00921	0.09576	0.00794	0.00458	0.00381	0.00110	0.05030	0.00367	0.00246	0.00467
11	0.02651	0.02370	0.08424	0.19414	0.05507	0.04939	0.16200	0.06438	0.00776	0.01046	0.00917	0.17241	0.00884	0.03898	0.01414	0.00131	0.04562	0.01699	0.01084	0.00404
12	0.00814	0.02555	0.06780	0.19038	0.39943	0.00789	0.03565	0.02049	0.10619	0.04382	0.03947	0.01028	0.02233	0.00366	0.00346	0.00108	0.00398	0.00335	0.00209	0.00496
13	0.20611	0.00597	0.00698	0.00644	0.06906	0.00586	0.00473	0.08400	0.00903	0.27966	0.13190	0.01403	0.10509	0.00475	0.00328	0.00105	0.00270	0.00381	0.00324	0.05231
14	0.07075	0.00462	0.00525	0.00492	0.00615	0.00454	0.02675	0.10045	0.03259	0.01148	0.07665	0.18613	0.36758	0.04147	0.01852	0.00135	0.00246	0.03183	0.00310	0.00341
15	0.00906	0.69574	0.03939	0.00613	0.00889	0.05054	0.00591	0.04222	0.00748	0.00889	0.00607	0.06897	0.00584	0.00360	0.00250	0.00081	0.00370	0.00252	0.00171	0.03004

[dist]
# distance from previous block
# <min> <max>
26	105

[block]
# block no. 6 follows, 81 sequences, length 23
# corresponding to MSA columns:
# 248-270
name=unknown_G
#
# <colnr> <probs for GDERKNQSTAVLIFYWHMCP>
#	G	D	E	R	K	N	Q	S	T	A	V	L	I	F	Y	W	H	M	C	P
0	0.00897	0.00648	0.04992	0.08777	0.05512	0.00626	0.03453	0.07203	0.06122	0.21204	0.17621	0.01468	0.05496	0.02245	0.04681	0.00139	0.06985	0.00413	0.01068	0.00451
1	0.00427	0.00345	0.00376	0.00379	0.00476	0.00298	0.00278	0.00522	0.00798	0.00998	0.17753	0.11845	0.59357	0.04031	0.00461	0.00126	0.00181	0.00728	0.00327	0.00294
2	0.00453	0.00350	0.00391	0.00389	0.00488	0.00306	0.00288	0.00556	0.00812	0.02449	0.21391	0.10819	0.53991	0.02222	0.01975	0.00128	0.00192	0.00706	0.01791	0.00303
3	0.00445	0.00353	0.00379	0.00383	0.00491	0.00302	0.00288	0.00539	0.00794	0.02804	0.08463	0.10108	0.68426	0.00875	0.00412	0.00120	0.00185	0.04007	0.00327	0.00300
4	0.00568	0.00440	0.00521	0.00524	0.04097	0.02271	0.00373	0.03316	0.04437	0.03432	0.44246	0.06166	0.23776	0.02534	0.00428	0.00117	0.00209	0.01855	0.00344	0.00348
5	0.39364	0.12054	0.00859	0.00591	0.00831	0.02562	0.00498	0.28266	0.00974	0.04797	0.00766	0.00800	0.04048	0.00377	0.00273	0.00101	0.00319	0.00259	0.01805	0.00457
6	0.02094	0.03398	0.18648	0.01821	0.04230	0.10008	0.17886	0.05913	0.20788	0.01193	0.02618	0.04095	0.00743	0.00421	0.00394	0.02076	0.02617	0.00354	0.00228	0.00476
7	0.00822	0.00804	0.01277	0.22058	0.60284	0.05007	0.01003	0.01026	0.00777	0.01062	0.02236	0.00892	0.00573	0.00327	0.00343	0.00105	0.00428	0.00309	0.00171	0.00497
8	0.00693	0.00546	0.00680	0.00696	0.06395	0.04948	0.01417	0.08988	0.02878	0.04949	0.03134	0.23292	0.02310	0.07641	0.25748	0.00264	0.04274	0.00526	0.00256	0.00366
9	0.01295	0.01520	0.00990	0.00872	0.01069	0.70560	0.00665	0.16877	0.01099	0.01094	0.00589	0.00661	0.00472	0.00367	0.00318	0.00092	0.00578	0.00239	0.00209	0.00435
10	0.00774	0.11502	0.04590	0.00772	0.05920	0.03083	0.08447	0.04297	0.03033	0.02265	0.05034	0.08496	0.00821	0.00449	0.02012	0.00098	0.05725	0.00340	0.00218	0.32126
11	0.13503	0.10103	0.09885	0.00763	0.04771	0.10295	0.00649	0.21737	0.01003	0.16958	0.00798	0.02970	0.00598	0.00381	0.00308	0.00099	0.00380	0.00284	0.00268	0.04247
12	0.01267	0.07411	0.01038	0.00864	0.01056	0.75596	0.00662	0.06381	0.00999	0.00924	0.00548	0.00631	0.00453	0.00355	0.00308	0.00089	0.00591	0.00225	0.00186	0.00415
13	0.00500	0.00346	0.00431	0.00431	0.00449	0.00364	0.00277	0.00537	0.00518	0.00710	0.01039	0.01988	0.01137	0.62088	0.27367	0.00401	0.00513	0.00462	0.00202	0.00239
14	0.00555	0.00329	0.00488	0.00488	0.00512	0.00353	0.00348	0.00517	0.00493	0.00681	0.00746	0.01217	0.00728	0.05098	0.34540	0.51647	0.00545	0.00335	0.00166	0.00214
15	0.01118	0.01205	0.00905	0.00804	0.00999	0.42393	0.00617	0.10606	0.35231	0.01234	0.00921	0.00916	0.00708	0.00408	0.00331	0.00102	0.00455	0.00300	0.00267	0.00480
16	0.84356	0.00673	0.00534	0.00470	0.00688	0.00772	0.00387	0.03323	0.00632	0.04908	0.00525	0.00593	0.00399	0.00327	0.00223	0.00107	0.00271	0.00197	0.00226	0.00388
17	0.00805	0.02563	0.02300	0.13265	0.13140	0.03686	0.13957	0.11701	0.00838	0.02632	0.04359	0.03293	0.02326	0.02562	0.10879	0.00173	0.09264	0.01612	0.00214	0.00432
18	0.00600	0.00300	0.00450	0.00450	0.00450	0.00300	0.00300	0.00450	0.00450	0.00600	0.00600	0.01050	0.00600	0.01200	0.01350	0.89949	0.00300	0.00300	0.00150	0.00150
19	0.00802	0.00767	0.02767	0.19356	0.38934	0.02377	0.10471	0.03824	0.00803	0.02932	0.05770	0.02536	0.00733	0.00403	0.01675	0.00115	0.02761	0.00350	0.02153	0.00472
20	0.01328	0.00944	0.01022	0.00783	0.01059	0.01036	0.00647	0.79299	0.01584	0.07488	0.00863	0.00851	0.00604	0.00416	0.00346	0.00104	0.00375	0.00313	0.00351	0.00588
21	0.00734	0.00936	0.23072	0.00850	0.08272	0.04622	0.04548	0.07851	0.02429	0.02700	0.18504	0.03303	0.03955	0.08710	0.02195	0.00140	0.05249	0.00411	0.01094	0.00423
22	0.00494	0.00370	0.00555	0.00555	0.00617	0.00432	0.00432	0.00617	0.00555	0.00802	0.00925	0.01357	0.00864	0.02591	0.86490	0.00555	0.00925	0.00370	0.00185	0.00308

[dist]
# distance from previous block
# <min> <max>
7	12

[block]
# block no. 7 follows, 81 sequences, length 23
# corresponding to MSA columns:
# 286-308
name=unknown_H
#
# <colnr> <probs for GDERKNQSTAVLIFYWHMCP>
#	G	D	E	R	K	N	Q	S	T	A	V	L	I	F	Y	W	H	M	C	P
0	0.02671	0.06633	0.17060	0.04492	0.09234	0.06569	0.08332	0.10163	0.12393	0.03268	0.06038	0.02460	0.00785	0.01572	0.00417	0.00113	0.06756	0.00337	0.00230	0.00476
1	0.00473	0.00357	0.00399	0.00387	0.00493	0.00310	0.00289	0.00581	0.00839	0.03879	0.27290	0.04480	0.54763	0.03382	0.00446	0.00121	0.00181	0.00684	0.00338	0.00309
2	0.04227	0.21845	0.03773	0.04094	0.17556	0.10015	0.03979	0.19193	0.03070	0.04887	0.00680	0.00783	0.00539	0.01420	0.00345	0.00100	0.02506	0.00274	0.00220	0.00493
3	0.00499	0.00379	0.00449	0.00452	0.00537	0.00363	0.00331	0.00704	0.09715	0.01157	0.33518	0.24652	0.20880	0.00804	0.00404	0.00118	0.00187	0.00704	0.03818	0.00330
4	0.00888	0.45175	0.01604	0.03649	0.12992	0.05435	0.14361	0.03713	0.00778	0.00967	0.02305	0.02392	0.01684	0.00365	0.01270	0.00097	0.01417	0.00282	0.00174	0.00453
5	0.00535	0.00382	0.00457	0.00428	0.00536	0.00348	0.00324	0.00707	0.04623	0.05766	0.49858	0.02697	0.30575	0.00737	0.00402	0.00112	0.00179	0.00634	0.00362	0.00338
6	0.00756	0.00756	0.01058	0.00907	0.00907	0.01058	0.00756	0.00831	0.00529	0.00831	0.00453	0.00756	0.00453	0.00605	0.01134	0.00151	0.87227	0.00302	0.00151	0.00378
7	0.00494	0.00369	0.00550	0.00550	0.00610	0.00429	0.00426	0.00614	0.00554	0.00798	0.00930	0.01382	0.00874	0.04924	0.84172	0.00549	0.00909	0.00374	0.00186	0.00306
8	0.00497	0.00358	0.00491	0.00491	0.00531	0.00397	0.00352	0.00576	0.00536	0.00755	0.00984	0.01680	0.01004	0.33089	0.56184	0.00476	0.00714	0.00417	0.00194	0.00273
9	0.00693	0.01787	0.86069	0.00985	0.01495	0.00802	0.01276	0.01094	0.00729	0.01094	0.00620	0.00729	0.00438	0.00328	0.00328	0.00109	0.00511	0.00255	0.00146	0.00511
10	0.03083	0.71462	0.15895	0.00654	0.00983	0.01258	0.00701	0.01044	0.00704	0.00878	0.00504	0.00584	0.00441	0.00302	0.00239	0.00081	0.00391	0.00197	0.00149	0.00453
11	0.90299	0.00668	0.00508	0.00454	0.00668	0.00775	0.00374	0.01015	0.00588	0.01550	0.00481	0.00561	0.00374	0.00321	0.00214	0.00107	0.00267	0.00187	0.00214	0.00374
12	0.01279	0.04265	0.01004	0.00881	0.01062	0.83894	0.00665	0.01369	0.00971	0.00844	0.00532	0.00621	0.00445	0.00354	0.00309	0.00089	0.00615	0.00221	0.00177	0.00402
13	0.00489	0.00352	0.00459	0.00433	0.00511	0.00326	0.00322	0.00647	0.00961	0.01360	0.82501	0.02569	0.03188	0.03825	0.00456	0.00117	0.00169	0.00620	0.00374	0.00322
14	0.02057	0.00762	0.00982	0.35895	0.08173	0.07374	0.02775	0.17594	0.05061	0.03956	0.06496	0.01139	0.05420	0.00417	0.00350	0.00109	0.00404	0.00352	0.00239	0.00446
15	0.00466	0.00323	0.00404	0.00446	0.00462	0.00316	0.00288	0.00507	0.00595	0.00794	0.01509	0.43168	0.01769	0.38743	0.04353	0.00242	0.00293	0.04802	0.00267	0.00253
16	0.00975	0.02065	0.03424	0.03962	0.30937	0.26207	0.12762	0.03559	0.03799	0.02499	0.00726	0.03230	0.01570	0.00367	0.00363	0.00104	0.02465	0.00321	0.00193	0.00473
17	0.02233	0.00722	0.00807	0.00673	0.00853	0.00802	0.00530	0.37042	0.16750	0.06544	0.01027	0.02262	0.00855	0.14996	0.07539	0.00184	0.03757	0.01642	0.00306	0.00477
18	0.14390	0.09836	0.09617	0.00825	0.07725	0.11298	0.02308	0.10257	0.09912	0.02924	0.06288	0.02192	0.01542	0.01321	0.00387	0.00108	0.06887	0.00309	0.01420	0.00453
19	0.00849	0.05591	0.27616	0.01438	0.38747	0.03380	0.02229	0.05420	0.02447	0.03028	0.00679	0.02073	0.00545	0.00350	0.00367	0.00106	0.04139	0.00296	0.00182	0.00517
20	0.00931	0.14164	0.18659	0.02146	0.17449	0.04181	0.03006	0.13856	0.06017	0.06412	0.02797	0.01900	0.00656	0.02093	0.00363	0.00105	0.01662	0.00302	0.00224	0.03075
21	0.01559	0.01575	0.04454	0.00536	0.04282	0.01377	0.00398	0.01651	0.05113	0.01092	0.24008	0.15679	0.29139	0.05713	0.00472	0.00128	0.00228	0.00640	0.00311	0.01647
22	0.04718	0.10325	0.21267	0.00889	0.07546	0.16882	0.03223	0.10593	0.02929	0.02273	0.03086	0.02524	0.04693	0.00396	0.00340	0.00100	0.02675	0.00303	0.00210	0.05028

[dist]
# distance from previous block
# <min> <max>
5	22

[block]
# block no. 8 follows, 81 sequences, length 8
# corresponding to MSA columns:
# 331-338
name=unknown_I
#
# <colnr> <probs for GDERKNQSTAVLIFYWHMCP>
#	G	D	E	R	K	N	Q	S	T	A	V	L	I	F	Y	W	H	M	C	P
0	0.00546	0.00407	0.00484	0.00439	0.00575	0.00343	0.00330	0.00667	0.00818	0.04891	0.26458	0.15524	0.27991	0.00714	0.00380	0.00104	0.00197	0.00616	0.00320	0.18196
1	0.00480	0.04018	0.00483	0.00421	0.00517	0.00357	0.00319	0.00613	0.00892	0.01202	0.53548	0.08539	0.25831	0.00762	0.00402	0.00112	0.00178	0.00660	0.00350	0.00318
2	0.01026	0.12039	0.04894	0.00964	0.12497	0.26966	0.06387	0.09605	0.02901	0.06125	0.05774	0.02343	0.02869	0.00396	0.00326	0.00097	0.00440	0.00316	0.03578	0.00457
3	0.00993	0.06012	0.00855	0.00744	0.08103	0.00720	0.00536	0.14521	0.18601	0.19436	0.05476	0.03090	0.01005	0.12622	0.01908	0.00146	0.02212	0.00385	0.02153	0.00480
4	0.00415	0.00344	0.00364	0.00373	0.00474	0.00292	0.00274	0.00503	0.00782	0.00954	0.08324	0.14439	0.69488	0.00892	0.00413	0.00119	0.00178	0.00756	0.00324	0.00292
5	0.01039	0.06067	0.03250	0.09303	0.28314	0.17472	0.03948	0.16084	0.02533	0.06125	0.00699	0.00819	0.00543	0.00354	0.00347	0.00102	0.01993	0.00291	0.00218	0.00500
6	0.02273	0.09486	0.14289	0.03690	0.22882	0.08502	0.07008	0.09277	0.02831	0.06899	0.04793	0.00985	0.02148	0.03008	0.00376	0.00109	0.00421	0.00319	0.00218	0.00486
7	0.00643	0.00470	0.03139	0.00523	0.00637	0.00422	0.04071	0.03352	0.04786	0.09699	0.17001	0.16978	0.14069	0.18333	0.02509	0.00170	0.00276	0.00597	0.01980	0.00346

[dist]
# distance from previous block
# <min> <max>
0	3

[block]
# block no. 9 follows, 81 sequences, length 41
# corresponding to MSA columns:
# 342-382
name=unknown_J
#
# <colnr> <probs for GDERKNQSTAVLIFYWHMCP>
#	G	D	E	R	K	N	Q	S	T	A	V	L	I	F	Y	W	H	M	C	P
0	0.00706	0.06802	0.81172	0.00962	0.01460	0.00835	0.01237	0.01091	0.00728	0.01078	0.00612	0.00719	0.00438	0.00326	0.00322	0.00107	0.00502	0.00251	0.00146	0.00507
1	0.01097	0.09859	0.01075	0.03329	0.10126	0.34831	0.01747	0.11668	0.14033	0.03724	0.01559	0.00835	0.00619	0.00378	0.00330	0.00098	0.01631	0.00281	0.02312	0.00470
2	0.03500	0.19316	0.14306	0.00930	0.10814	0.12554	0.04101	0.14043	0.01775	0.12706	0.00777	0.00827	0.02151	0.00360	0.00312	0.00098	0.00423	0.00278	0.00231	0.00499
3	0.00530	0.00376	0.00459	0.00466	0.01847	0.00378	0.00312	0.00634	0.04468	0.02908	0.08650	0.06510	0.13619	0.40268	0.15375	0.00289	0.00386	0.01989	0.00255	0.00283
4	0.00749	0.02797	0.51874	0.00995	0.01403	0.00805	0.15953	0.01189	0.12568	0.02634	0.02328	0.00988	0.00649	0.00370	0.00351	0.00113	0.00471	0.03071	0.00195	0.00498
5	0.00771	0.05084	0.05206	0.06804	0.14688	0.13741	0.03953	0.02661	0.04871	0.03370	0.05554	0.18975	0.09075	0.00583	0.00368	0.00113	0.00365	0.03159	0.00248	0.00408
6	0.02447	0.13835	0.17595	0.02720	0.22433	0.09647	0.08060	0.06653	0.00838	0.07141	0.00689	0.01654	0.00549	0.02223	0.00369	0.00106	0.02062	0.00291	0.00196	0.00490
7	0.00428	0.00322	0.00397	0.00445	0.00499	0.00292	0.00312	0.00509	0.00731	0.00949	0.10382	0.53376	0.25648	0.00984	0.00430	0.00131	0.00193	0.03357	0.00326	0.00289
8	0.03683	0.20375	0.00922	0.00600	0.00765	0.12275	0.05355	0.03875	0.00816	0.01014	0.12148	0.12490	0.16560	0.04218	0.00407	0.00115	0.00327	0.03434	0.00254	0.00365
9	0.03152	0.08131	0.16963	0.05605	0.16465	0.03470	0.00759	0.09706	0.04298	0.07888	0.08814	0.06689	0.03237	0.02873	0.00380	0.00113	0.00369	0.00378	0.00245	0.00467
10	0.04291	0.03888	0.06177	0.01155	0.19090	0.09111	0.12705	0.28754	0.05672	0.01459	0.00767	0.03186	0.00606	0.00376	0.00343	0.00105	0.00430	0.00325	0.00244	0.01318
11	0.00494	0.00337	0.00378	0.00377	0.00390	0.00331	0.00218	0.00508	0.00545	0.00721	0.04721	0.02362	0.08307	0.77125	0.01592	0.00308	0.00315	0.00526	0.00225	0.00221
12	0.03516	0.02135	0.01006	0.03903	0.01077	0.26621	0.11275	0.15141	0.12419	0.05175	0.04501	0.06194	0.00844	0.04158	0.00407	0.00115	0.00438	0.00366	0.00259	0.00449
13	0.06667	0.22653	0.17516	0.02207	0.06192	0.13783	0.04197	0.04400	0.01770	0.03742	0.02704	0.02886	0.00614	0.00513	0.05960	0.00128	0.03150	0.00281	0.00190	0.00446
14	0.00432	0.00309	0.00414	0.00494	0.00519	0.00290	0.00340	0.00500	0.00672	0.00894	0.01898	0.80799	0.02261	0.01072	0.00444	0.00142	0.00210	0.07707	0.00320	0.00284
15	0.04544	0.01592	0.00963	0.00871	0.01053	0.80965	0.00656	0.03680	0.00983	0.00908	0.00540	0.00626	0.00446	0.00356	0.00309	0.00090	0.00603	0.00224	0.00184	0.00405
16	0.00740	0.07117	0.57676	0.01079	0.01526	0.00861	0.22609	0.01089	0.00747	0.01075	0.00629	0.00771	0.00460	0.00321	0.00355	0.00110	0.01899	0.00291	0.00153	0.00493
17	0.04957	0.04717	0.03577	0.05297	0.38461	0.06596	0.10930	0.02151	0.11983	0.01967	0.00810	0.02852	0.01977	0.00366	0.00354	0.00107	0.01864	0.00335	0.00205	0.00495
18	0.04206	0.02152	0.07174	0.01070	0.09089	0.00778	0.29300	0.13897	0.01710	0.03616	0.06177	0.05157	0.02714	0.00613	0.08145	0.00153	0.02958	0.00401	0.00232	0.00458
19	0.00502	0.00335	0.00377	0.00377	0.00377	0.00335	0.00209	0.00502	0.00502	0.00670	0.01088	0.02261	0.01256	0.87859	0.01758	0.00335	0.00335	0.00502	0.00209	0.00209
20	0.00873	0.00806	0.01370	0.04622	0.80244	0.00808	0.01038	0.01077	0.00791	0.04075	0.00674	0.00868	0.00555	0.00313	0.00342	0.00103	0.00408	0.00309	0.00179	0.00544
21	0.04768	0.01171	0.01078	0.00920	0.04051	0.36812	0.10915	0.19653	0.05465	0.08382	0.01727	0.02114	0.00613	0.00385	0.00336	0.00101	0.00486	0.00301	0.00250	0.00474
22	0.00421	0.00301	0.00401	0.00481	0.00501	0.00281	0.00321	0.00481	0.00661	0.00882	0.01904	0.87634	0.02285	0.01082	0.00441	0.00140	0.00200	0.00982	0.00321	0.00281
23	0.00652	0.00614	0.01036	0.87029	0.02379	0.00768	0.00959	0.00883	0.00691	0.00883	0.00614	0.00921	0.00461	0.00345	0.00345	0.00115	0.00461	0.00307	0.00154	0.00384
24	0.00652	0.00614	0.01036	0.87029	0.02379	0.00768	0.00959	0.00883	0.00691	0.00883	0.00614	0.00921	0.00461	0.00345	0.00345	0.00115	0.00461	0.00307	0.00154	0.00384
25	0.00636	0.00615	0.01136	0.30749	0.06235	0.00646	0.24165	0.00829	0.00726	0.00965	0.02108	0.27488	0.01077	0.00558	0.00393	0.00122	0.00409	0.00546	0.00214	0.00384
26	0.00428	0.00306	0.00409	0.00489	0.00512	0.00287	0.00333	0.00493	0.00668	0.00890	0.01900	0.83335	0.02270	0.01076	0.00443	0.00141	0.00206	0.05212	0.00321	0.00283
27	0.00716	0.00614	0.00716	0.00512	0.00819	0.00461	0.00409	0.00870	0.00716	0.01126	0.00614	0.00716	0.00512	0.00256	0.00256	0.00051	0.00256	0.00205	0.00205	0.89971
28	0.00461	0.00352	0.00422	0.00405	0.00499	0.00314	0.00304	0.00597	0.00911	0.01226	0.56659	0.02842	0.32222	0.00766	0.00408	0.00111	0.00167	0.00661	0.00359	0.00314
29	0.00950	0.00881	0.00826	0.00735	0.00933	0.12573	0.00571	0.07504	0.67805	0.01414	0.01247	0.01166	0.00939	0.00450	0.00346	0.00112	0.00329	0.00362	0.00327	0.00530
30	0.00673	0.00635	0.01073	0.78553	0.10697	0.00773	0.00969	0.00900	0.00700	0.00907	0.00618	0.00914	0.00469	0.00342	0.00345	0.00114	0.00456	0.00307	0.00155	0.00400
31	0.01350	0.00909	0.01000	0.00767	0.01042	0.00984	0.00634	0.71717	0.01526	0.15152	0.00912	0.00883	0.00629	0.00417	0.00346	0.00104	0.00367	0.00317	0.00358	0.00588
32	0.00843	0.00809	0.01381	0.07119	0.80799	0.00818	0.01054	0.01050	0.00781	0.01114	0.00648	0.00859	0.00542	0.00310	0.00342	0.00103	0.00413	0.00308	0.00170	0.00538
33	0.00441	0.00352	0.00395	0.00387	0.00490	0.00307	0.00292	0.00558	0.00857	0.01101	0.33449	0.03065	0.53614	0.00815	0.00410	0.00115	0.00174	0.02531	0.00342	0.00305
34	0.01133	0.01444	0.06668	0.03699	0.01279	0.56852	0.17125	0.04806	0.00944	0.00970	0.00586	0.00710	0.00467	0.00347	0.00344	0.00098	0.01652	0.00268	0.00181	0.00428
35	0.00600	0.00300	0.00450	0.00450	0.00450	0.00300	0.00300	0.00450	0.00450	0.00600	0.00600	0.01050	0.00600	0.01200	0.01350	0.89949	0.00300	0.00300	0.00150	0.00150
36	0.83504	0.03865	0.00566	0.00469	0.00685	0.00800	0.00389	0.01049	0.03927	0.01519	0.00518	0.00590	0.00404	0.00326	0.00220	0.00106	0.00271	0.00195	0.00217	0.00383
37	0.00941	0.03627	0.01347	0.10736	0.45263	0.07372	0.09333	0.14930	0.00930	0.01243	0.00667	0.00839	0.00531	0.00331	0.00343	0.00104	0.00443	0.00308	0.00198	0.00514
38	0.11896	0.00649	0.00799	0.00620	0.00883	0.00616	0.00512	0.12900	0.01029	0.64658	0.01187	0.01057	0.00762	0.00413	0.00332	0.00106	0.00303	0.00324	0.00391	0.00563
39	0.00417	0.00352	0.00364	0.00366	0.00480	0.00299	0.00278	0.00510	0.00787	0.00944	0.05293	0.03285	0.78951	0.00911	0.02259	0.00127	0.00196	0.03569	0.00319	0.00294
40	0.77099	0.00695	0.00577	0.01957	0.02074	0.02368	0.00419	0.04331	0.00664	0.06440	0.00552	0.00619	0.00416	0.00331	0.00233	0.00107	0.00285	0.00206	0.00229	0.00398

[dist]
# distance from previous block
# <min> <max>
0	3

[block]
# block no. 10 follows, 81 sequences, length 7
# corresponding to MSA columns:
# 386-392
name=unknown_K
#
# <colnr> <probs for GDERKNQSTAVLIFYWHMCP>
#	G	D	E	R	K	N	Q	S	T	A	V	L	I	F	Y	W	H	M	C	P
0	0.00420	0.00305	0.00396	0.00470	0.00498	0.00282	0.00316	0.00482	0.00672	0.00886	0.02043	0.80291	0.09538	0.01064	0.00438	0.00138	0.00198	0.00960	0.00321	0.00282
1	0.90299	0.00668	0.00508	0.00454	0.00668	0.00775	0.00374	0.01015	0.00588	0.01550	0.00481	0.00561	0.00374	0.00321	0.00214	0.00107	0.00267	0.00187	0.00214	0.00374
2	0.00918	0.00849	0.01414	0.11926	0.40790	0.00877	0.18180	0.18377	0.00955	0.01312	0.00693	0.00874	0.00540	0.00331	0.00357	0.00107	0.00446	0.00329	0.00206	0.00519
3	0.00966	0.64574	0.01550	0.00639	0.00898	0.13968	0.00588	0.05572	0.00790	0.00896	0.00603	0.06423	0.00575	0.00364	0.00256	0.00082	0.00396	0.00251	0.00175	0.00434
4	0.00877	0.00484	0.00596	0.00511	0.00677	0.00450	0.00402	0.03922	0.08429	0.28753	0.29886	0.02113	0.20225	0.00622	0.00381	0.00110	0.00225	0.00526	0.00379	0.00432
5	0.13312	0.00629	0.00690	0.00572	0.00773	0.05100	0.00458	0.09883	0.03470	0.33755	0.22756	0.01473	0.04670	0.00498	0.00345	0.00107	0.00278	0.00402	0.00358	0.00469
6	0.18627	0.01091	0.16559	0.00880	0.03696	0.16295	0.12889	0.08214	0.02521	0.01223	0.03462	0.00942	0.05176	0.00435	0.02031	0.00117	0.04885	0.00309	0.00209	0.00437

[dist]
# distance from previous block
# <min> <max>
0	6

# created by:
# /usr/local/bin/augustus/scripts/msa2prfl.pl /tmp/new_cug2/capping-protein-class-1.fasta
