[name]
unknown

[dist]
# distance from previous block
# <min> <max>
0	0

[block]
# block no. 0 follows, 34 sequences, length 50
# corresponding to MSA columns:
# 13-35,38-50,66-79
name=unknown_A
#
# <colnr> <probs for GDERKNQSTAVLIFYWHMCP>
#	G	D	E	R	K	N	Q	S	T	A	V	L	I	F	Y	W	H	M	C	P
0	0.01041	0.00744	0.01041	0.01190	0.01339	0.00744	0.01041	0.01339	0.01487	0.01934	0.03421	0.07288	0.03719	0.01785	0.00892	0.00297	0.00595	0.68913	0.00595	0.00595
1	0.02456	0.01810	0.01939	0.01487	0.02004	0.02004	0.01228	0.71107	0.03038	0.04072	0.01551	0.01551	0.01099	0.00776	0.00646	0.00194	0.00711	0.00582	0.00646	0.01099
2	0.81856	0.01250	0.00950	0.00850	0.01250	0.01449	0.00700	0.01899	0.01100	0.02899	0.00900	0.01050	0.00700	0.00600	0.00400	0.00200	0.00500	0.00350	0.00400	0.00700
3	0.01470	0.01393	0.02359	0.20513	0.52955	0.01457	0.01858	0.01861	0.01451	0.02032	0.05428	0.01818	0.01285	0.00636	0.00648	0.00198	0.00762	0.00610	0.00335	0.00928
4	0.00940	0.00626	0.00705	0.00705	0.00705	0.00626	0.00392	0.00940	0.00940	0.01253	0.02036	0.04228	0.02349	0.77292	0.03289	0.00626	0.00626	0.00940	0.00392	0.00392
5	0.00914	0.00660	0.00864	0.00813	0.00965	0.00610	0.00610	0.01219	0.01829	0.02591	0.72921	0.04827	0.06097	0.01321	0.00762	0.00203	0.00305	0.01169	0.00711	0.00610
6	0.01220	0.01148	0.01938	0.75739	0.04450	0.01436	0.01794	0.01651	0.01292	0.01651	0.01148	0.01723	0.00861	0.00646	0.00646	0.00215	0.00861	0.00574	0.00287	0.00718
7	0.02874	0.01140	0.01525	0.01169	0.01670	0.01010	0.00966	0.07041	0.01917	0.69721	0.02492	0.02162	0.01571	0.00798	0.00650	0.00200	0.00559	0.00646	0.00791	0.01100
8	0.02456	0.01810	0.01939	0.01487	0.02004	0.02004	0.01228	0.71107	0.03038	0.04072	0.01551	0.01551	0.01099	0.00776	0.00646	0.00194	0.00711	0.00582	0.00646	0.01099
9	0.01599	0.01535	0.02623	0.03966	0.73262	0.01535	0.01983	0.01983	0.01471	0.02111	0.01215	0.01599	0.01023	0.00576	0.00640	0.00192	0.00768	0.00576	0.00320	0.01023
10	0.00923	0.00692	0.01038	0.01038	0.01154	0.00808	0.00808	0.01154	0.01038	0.01500	0.01731	0.02538	0.01615	0.04846	0.74732	0.01038	0.01731	0.00692	0.00346	0.00577
11	0.01220	0.01148	0.01938	0.75739	0.04450	0.01436	0.01794	0.01651	0.01292	0.01651	0.01148	0.01723	0.00861	0.00646	0.00646	0.00215	0.00861	0.00574	0.00287	0.00718
12	0.01414	0.01414	0.01979	0.01696	0.01696	0.01979	0.01414	0.01555	0.00990	0.01555	0.00848	0.01414	0.00848	0.01131	0.02120	0.00283	0.76110	0.00565	0.00283	0.00707
13	0.00914	0.00660	0.00864	0.00813	0.00965	0.00610	0.00610	0.01219	0.01829	0.02591	0.72921	0.04827	0.06097	0.01321	0.00762	0.00203	0.00305	0.01169	0.00711	0.00610
14	0.00935	0.00643	0.00790	0.00790	0.00819	0.00673	0.00498	0.00994	0.00965	0.01316	0.01958	0.03797	0.02162	0.58787	0.21538	0.00732	0.00908	0.00876	0.00380	0.00439
15	0.81856	0.01250	0.00950	0.00850	0.01250	0.01449	0.00700	0.01899	0.01100	0.02899	0.00900	0.01050	0.00700	0.00600	0.00400	0.00200	0.00500	0.00350	0.00400	0.00700
16	0.01525	0.01743	0.03813	0.02723	0.03377	0.01634	0.70915	0.02070	0.01525	0.02070	0.01307	0.01743	0.00980	0.00545	0.00763	0.00218	0.01089	0.00763	0.00327	0.00871
17	0.05108	0.01149	0.01396	0.01063	0.01555	0.01003	0.00863	0.08850	0.01737	0.29819	0.08844	0.02025	0.01718	0.00719	0.00585	0.00160	0.00512	0.00581	0.00601	0.31713
18	0.02388	0.01099	0.01405	0.01121	0.01548	0.01021	0.00900	0.05460	0.10531	0.49579	0.07837	0.02508	0.02000	0.05910	0.00829	0.00227	0.00535	0.00707	0.00728	0.03666
19	0.01599	0.01535	0.02623	0.03966	0.73262	0.01535	0.01983	0.01983	0.01471	0.02111	0.01215	0.01599	0.01023	0.00576	0.00640	0.00192	0.00768	0.00576	0.00320	0.01023
20	0.01560	0.01495	0.02552	0.11350	0.66183	0.01525	0.01964	0.01949	0.01453	0.02064	0.01208	0.01612	0.01007	0.00583	0.00640	0.00194	0.00777	0.00576	0.00316	0.00992
21	0.01296	0.03342	0.73944	0.01842	0.02797	0.01501	0.02387	0.02046	0.01364	0.02046	0.01160	0.01364	0.00818	0.00614	0.00614	0.00205	0.00955	0.00477	0.00273	0.00955
22	0.00865	0.00652	0.00924	0.06666	0.03754	0.00643	0.00767	0.01023	0.01266	0.01684	0.03288	0.63965	0.03866	0.01854	0.00809	0.00259	0.00440	0.06145	0.00566	0.00561
23	0.01372	0.01146	0.02084	0.01585	0.01960	0.01104	0.31839	0.03830	0.01449	0.02221	0.01699	0.02142	0.01348	0.03674	0.00775	0.02891	0.00686	0.00685	0.36793	0.00718
24	0.00923	0.00692	0.01038	0.01038	0.01154	0.00808	0.00808	0.01154	0.01038	0.01500	0.01731	0.02538	0.01615	0.04846	0.74732	0.01038	0.01731	0.00692	0.00346	0.00577
25	0.01350	0.12715	0.65048	0.01749	0.02653	0.01634	0.02226	0.02032	0.01358	0.01980	0.01127	0.01323	0.00820	0.00606	0.00589	0.00196	0.00922	0.00461	0.00273	0.00939
26	0.02263	0.02794	0.01977	0.02089	0.15150	0.61195	0.01384	0.02470	0.01765	0.01679	0.01039	0.01245	0.00868	0.00649	0.00593	0.00171	0.01092	0.00446	0.00331	0.00800
27	0.00813	0.00596	0.00764	0.00850	0.00936	0.00547	0.00589	0.00975	0.01400	0.01874	0.19641	0.51993	0.13003	0.01818	0.00803	0.00244	0.00353	0.01628	0.00625	0.00547
28	0.01481	0.01415	0.02410	0.26273	0.51875	0.01504	0.01924	0.01880	0.01416	0.01968	0.01195	0.01638	0.00973	0.00598	0.00642	0.00199	0.00797	0.00575	0.00310	0.00928
29	0.00868	0.00655	0.00801	0.00772	0.00939	0.00589	0.00576	0.01126	0.01708	0.02321	0.51900	0.07979	0.24528	0.01435	0.00765	0.00210	0.00314	0.01248	0.00676	0.00589
30	0.01684	0.01426	0.01504	0.01330	0.01709	0.01643	0.01041	0.09561	0.65842	0.02827	0.02532	0.02333	0.01893	0.00867	0.00656	0.00217	0.00529	0.00717	0.00656	0.01030
31	0.01898	0.02072	0.01926	0.02255	0.25032	0.31906	0.01377	0.08075	0.04141	0.02025	0.01840	0.04426	0.08650	0.00800	0.00636	0.00188	0.00860	0.00640	0.00404	0.00849
32	0.02416	0.02995	0.01838	0.01653	0.01998	0.69878	0.01247	0.07124	0.01911	0.01747	0.01035	0.01191	0.00850	0.00673	0.00587	0.00168	0.01135	0.00427	0.00354	0.00772
33	0.02899	0.01100	0.01499	0.01150	0.01649	0.00950	0.00950	0.03149	0.01849	0.73709	0.02549	0.02199	0.01599	0.00800	0.00650	0.00200	0.00550	0.00650	0.00800	0.01100
34	0.01110	0.00565	0.00833	0.00833	0.00833	0.00565	0.00550	0.00848	0.00848	0.01131	0.01183	0.02114	0.01204	0.07221	0.02576	0.75858	0.00565	0.00586	0.00288	0.00288
35	0.01727	0.77681	0.03386	0.01106	0.01658	0.02557	0.01106	0.01935	0.01313	0.01520	0.00898	0.01036	0.00829	0.00553	0.00415	0.00138	0.00691	0.00345	0.00276	0.00829
36	0.02456	0.01810	0.01939	0.01487	0.02004	0.02004	0.01228	0.71107	0.03038	0.04072	0.01551	0.01551	0.01099	0.00776	0.00646	0.00194	0.00711	0.00582	0.00646	0.01099
37	0.02414	0.03079	0.01831	0.01665	0.01998	0.74698	0.01248	0.02580	0.01831	0.01581	0.00999	0.01165	0.00832	0.00666	0.00583	0.00166	0.01165	0.00416	0.00333	0.00749
38	0.00782	0.00602	0.00715	0.00799	0.00912	0.00536	0.00557	0.00920	0.01348	0.01715	0.06770	0.46561	0.31772	0.01849	0.00799	0.00243	0.00354	0.01628	0.00603	0.00536
39	0.00780	0.00631	0.00694	0.00730	0.00896	0.00544	0.00528	0.00939	0.01434	0.01776	0.10158	0.24789	0.50409	0.01718	0.00780	0.00229	0.00338	0.01476	0.00607	0.00544
40	0.01604	0.03747	0.02824	0.03513	0.53773	0.03538	0.14832	0.01999	0.01470	0.02053	0.01205	0.01592	0.00999	0.00591	0.00707	0.00198	0.03467	0.00600	0.00319	0.00971
41	0.01718	0.01253	0.01374	0.01192	0.01543	0.01378	0.00938	0.12711	0.39797	0.09330	0.11741	0.02587	0.02330	0.00902	0.00650	0.00205	0.00497	0.00748	0.08159	0.00947
42	0.02414	0.03079	0.01831	0.01665	0.01998	0.74698	0.01248	0.02580	0.01831	0.01581	0.00999	0.01165	0.00832	0.00666	0.00583	0.00166	0.01165	0.00416	0.00333	0.00749
43	0.71187	0.01245	0.01006	0.00877	0.01292	0.01399	0.00718	0.01930	0.03745	0.02816	0.00987	0.01128	0.00771	0.00598	0.00417	0.00191	0.00498	0.00367	0.00408	0.08419
44	0.01555	0.01619	0.06694	0.08569	0.62759	0.01529	0.03872	0.01967	0.01455	0.02076	0.01210	0.01598	0.01000	0.00582	0.00642	0.00195	0.00793	0.00575	0.00315	0.00995
45	0.00931	0.00662	0.00883	0.00883	0.00944	0.00723	0.00614	0.01054	0.00992	0.01385	0.01873	0.03326	0.01957	0.38621	0.41425	0.00846	0.01216	0.00808	0.00367	0.00490
46	0.00770	0.00631	0.00679	0.00718	0.00889	0.00540	0.00519	0.00920	0.01412	0.01721	0.05773	0.24500	0.55217	0.01737	0.00779	0.00230	0.00340	0.01486	0.00600	0.00540
47	0.02579	0.01613	0.01817	0.01393	0.01905	0.01711	0.01151	0.52251	0.02708	0.23394	0.01828	0.01731	0.01238	0.00782	0.00647	0.00196	0.00666	0.00601	0.00689	0.01099
48	0.00979	0.00668	0.00877	0.00834	0.00989	0.00615	0.00622	0.01264	0.01774	0.05246	0.63672	0.11513	0.05751	0.01367	0.00764	0.00209	0.00321	0.01211	0.00704	0.00621
49	0.02382	0.03014	0.01817	0.01651	0.01985	0.71868	0.01240	0.02613	0.04552	0.01625	0.01062	0.01213	0.00876	0.00674	0.00586	0.00168	0.01140	0.00428	0.00345	0.00760

[dist]
# distance from previous block
# <min> <max>
0	2

[block]
# block no. 1 follows, 34 sequences, length 31
# corresponding to MSA columns:
# 82-96,107-110,113-124
name=unknown_B
#
# <colnr> <probs for GDERKNQSTAVLIFYWHMCP>
#	G	D	E	R	K	N	Q	S	T	A	V	L	I	F	Y	W	H	M	C	P
0	0.02609	0.01401	0.01666	0.01295	0.01789	0.01418	0.01064	0.29488	0.08751	0.40235	0.02170	0.01968	0.01440	0.00797	0.00649	0.00199	0.00609	0.00631	0.00727	0.01092
1	0.02452	0.01922	0.01930	0.01502	0.02003	0.08408	0.01230	0.65070	0.02932	0.03853	0.01503	0.01517	0.01075	0.00766	0.00641	0.00191	0.00751	0.00567	0.00619	0.01068
2	0.74616	0.01236	0.01000	0.00877	0.01286	0.01404	0.00723	0.02014	0.01168	0.09392	0.01051	0.01155	0.00782	0.00618	0.00423	0.00200	0.00504	0.00377	0.00437	0.00736
3	0.74712	0.01197	0.00924	0.00833	0.01216	0.01370	0.00681	0.01814	0.01132	0.02797	0.01397	0.01505	0.07070	0.00691	0.00432	0.00202	0.00485	0.00439	0.00417	0.00686
4	0.81856	0.01250	0.00950	0.00850	0.01250	0.01449	0.00700	0.01899	0.01100	0.02899	0.00900	0.01050	0.00700	0.00600	0.00400	0.00200	0.00500	0.00350	0.00400	0.00700
5	0.02858	0.01165	0.01540	0.01181	0.01682	0.01046	0.00975	0.09381	0.01958	0.67324	0.02458	0.02140	0.01554	0.00798	0.00649	0.00199	0.00565	0.00644	0.00786	0.01100
6	0.00940	0.00626	0.00705	0.00705	0.00705	0.00626	0.00392	0.00940	0.00940	0.01253	0.02036	0.04228	0.02349	0.77292	0.03289	0.00626	0.00626	0.00940	0.00392	0.00392
7	0.09953	0.01066	0.01383	0.01100	0.01550	0.00958	0.00896	0.02836	0.01727	0.60867	0.02487	0.08673	0.01753	0.00889	0.00642	0.00205	0.00530	0.00727	0.00745	0.01012
8	0.00875	0.00659	0.00809	0.00771	0.00941	0.00593	0.00579	0.01143	0.01736	0.02369	0.55504	0.05192	0.23652	0.01404	0.00762	0.00207	0.00311	0.01220	0.00682	0.00593
9	0.00778	0.00655	0.00674	0.00670	0.00882	0.00552	0.00502	0.00955	0.01507	0.01826	0.12856	0.06086	0.66639	0.01606	0.00764	0.00217	0.00325	0.01345	0.00611	0.00552
10	0.01340	0.01148	0.01340	0.00957	0.01531	0.00861	0.00766	0.01627	0.01340	0.02105	0.01148	0.01340	0.00957	0.00479	0.00479	0.00096	0.00479	0.00383	0.00383	0.81242
11	0.00856	0.00637	0.00796	0.00800	0.00940	0.00578	0.00584	0.01090	0.01626	0.02212	0.44152	0.21125	0.19145	0.01541	0.00776	0.00219	0.00325	0.01356	0.00664	0.00578
12	0.07462	0.11050	0.30883	0.01637	0.04260	0.15690	0.01660	0.13831	0.01729	0.04347	0.01189	0.01330	0.00890	0.00648	0.00578	0.00187	0.00876	0.00467	0.00373	0.00914
13	0.01303	0.03227	0.69642	0.01833	0.02731	0.01529	0.02329	0.02017	0.01342	0.02017	0.01141	0.01367	0.00820	0.00645	0.00704	0.00209	0.05448	0.00483	0.00273	0.00940
14	0.01087	0.00874	0.01149	0.01139	0.05448	0.00902	0.00813	0.01537	0.08909	0.02462	0.52283	0.03950	0.04708	0.01184	0.00859	0.00208	0.07311	0.01005	0.00631	0.03542
15	0.81856	0.01250	0.00950	0.00850	0.01250	0.01449	0.00700	0.01899	0.01100	0.02899	0.00900	0.01050	0.00700	0.00600	0.00400	0.00200	0.00500	0.00350	0.00400	0.00700
16	0.01599	0.01535	0.02623	0.03966	0.73262	0.01535	0.01983	0.01983	0.01471	0.02111	0.01215	0.01599	0.01023	0.00576	0.00640	0.00192	0.00768	0.00576	0.00320	0.01023
17	0.02354	0.01039	0.01327	0.01083	0.01480	0.02674	0.00867	0.02642	0.03967	0.52246	0.09165	0.09653	0.04306	0.00986	0.00673	0.00205	0.00511	0.00826	0.03035	0.00959
18	0.01340	0.01148	0.01340	0.00957	0.01531	0.00861	0.00766	0.01627	0.01340	0.02105	0.01148	0.01340	0.00957	0.00479	0.00479	0.00096	0.00479	0.00383	0.00383	0.81242
19	0.01727	0.77681	0.03386	0.01106	0.01658	0.02557	0.01106	0.01935	0.01313	0.01520	0.00898	0.01036	0.00829	0.00553	0.00415	0.00138	0.00691	0.00345	0.00276	0.00829
20	0.01498	0.01534	0.02844	0.02402	0.12490	0.01520	0.39042	0.02289	0.17539	0.02267	0.08161	0.02157	0.01680	0.00695	0.00722	0.00213	0.00842	0.00767	0.00436	0.00903
21	0.00894	0.00660	0.00835	0.00791	0.00953	0.00601	0.00594	0.01180	0.01781	0.02477	0.63950	0.05015	0.15139	0.01364	0.00762	0.00205	0.00308	0.01195	0.00696	0.00601
22	0.01516	0.01253	0.01435	0.01041	0.01606	0.01042	0.00839	0.12605	0.01608	0.02416	0.01212	0.01373	0.00979	0.00525	0.00505	0.00111	0.00515	0.00414	0.00424	0.68579
23	0.00810	0.00578	0.00775	0.00925	0.00973	0.00544	0.00639	0.00938	0.01259	0.01674	0.03549	0.70740	0.04225	0.02003	0.00831	0.00265	0.00394	0.07747	0.00599	0.00531
24	0.00940	0.00626	0.00705	0.00705	0.00705	0.00626	0.00392	0.00940	0.00940	0.01253	0.02036	0.04228	0.02349	0.77292	0.03289	0.00626	0.00626	0.00940	0.00392	0.00392
25	0.01220	0.01148	0.01938	0.75739	0.04450	0.01436	0.01794	0.01651	0.01292	0.01651	0.01148	0.01723	0.00861	0.00646	0.00646	0.00215	0.00861	0.00574	0.00287	0.00718
26	0.81856	0.01250	0.00950	0.00850	0.01250	0.01449	0.00700	0.01899	0.01100	0.02899	0.00900	0.01050	0.00700	0.00600	0.00400	0.00200	0.00500	0.00350	0.00400	0.00700
27	0.01414	0.01414	0.01979	0.01696	0.01696	0.01979	0.01414	0.01555	0.00990	0.01555	0.00848	0.01414	0.00848	0.01131	0.02120	0.00283	0.76110	0.00565	0.00283	0.00707
28	0.01605	0.01425	0.01757	0.01990	0.19895	0.01589	0.01267	0.03064	0.54124	0.02552	0.02270	0.02204	0.01731	0.00800	0.00653	0.00212	0.00577	0.00691	0.00572	0.01023
29	0.28067	0.01190	0.01350	0.01074	0.01543	0.01172	0.00887	0.06813	0.01681	0.46951	0.01963	0.01794	0.01282	0.00734	0.00570	0.00200	0.00543	0.00550	0.00663	0.00972
30	0.08760	0.01450	0.02556	0.01866	0.02425	0.01353	0.34748	0.02090	0.01468	0.12856	0.01399	0.01641	0.01037	0.00600	0.00713	0.00188	0.04376	0.00612	0.00415	0.19447

[dist]
# distance from previous block
# <min> <max>
0	1

[block]
# block no. 2 follows, 34 sequences, length 35
# corresponding to MSA columns:
# 128-139,144-152,154-167
name=unknown_C
#
# <colnr> <probs for GDERKNQSTAVLIFYWHMCP>
#	G	D	E	R	K	N	Q	S	T	A	V	L	I	F	Y	W	H	M	C	P
0	0.00914	0.00660	0.00864	0.00813	0.00965	0.00610	0.00610	0.01219	0.01829	0.02591	0.72921	0.04827	0.06097	0.01321	0.00762	0.00203	0.00305	0.01169	0.00711	0.00610
1	0.00787	0.00562	0.00750	0.00900	0.00937	0.00525	0.00600	0.00900	0.01237	0.01649	0.03561	0.76871	0.04274	0.02024	0.00825	0.00262	0.00375	0.01837	0.00600	0.00525
2	0.01727	0.77681	0.03386	0.01106	0.01658	0.02557	0.01106	0.01935	0.01313	0.01520	0.00898	0.01036	0.00829	0.00553	0.00415	0.00138	0.00691	0.00345	0.00276	0.00829
3	0.01607	0.01388	0.01461	0.01315	0.01680	0.01607	0.01023	0.03433	0.72094	0.02703	0.02630	0.02411	0.01972	0.00877	0.00657	0.00219	0.00511	0.00731	0.00657	0.01023
4	0.01986	0.51283	0.07340	0.01219	0.01787	0.02057	0.03565	0.02250	0.01457	0.19597	0.01341	0.01372	0.01026	0.00618	0.00498	0.00161	0.00686	0.00444	0.00409	0.00906
5	0.00953	0.00622	0.00715	0.00715	0.00715	0.00622	0.00404	0.00933	0.00933	0.01243	0.01969	0.04064	0.02260	0.71835	0.03233	0.06486	0.00622	0.00912	0.00383	0.00383
6	0.02130	0.34013	0.02481	0.01426	0.01857	0.42018	0.01188	0.04878	0.01661	0.01649	0.00978	0.01126	0.00841	0.00623	0.00515	0.00156	0.00951	0.00393	0.00321	0.00795
7	0.01392	0.01243	0.01364	0.00992	0.01554	0.04467	0.00789	0.01673	0.01364	0.02080	0.01141	0.01331	0.00951	0.00488	0.00484	0.00099	0.00512	0.00384	0.00380	0.77312
8	0.00940	0.00626	0.00705	0.00705	0.00705	0.00626	0.00392	0.00940	0.00940	0.01253	0.02036	0.04228	0.02349	0.77292	0.03289	0.00626	0.00626	0.00940	0.00392	0.00392
9	0.02181	0.21989	0.02236	0.01524	0.01894	0.52105	0.01222	0.02356	0.01650	0.01564	0.00964	0.01147	0.00832	0.00664	0.00629	0.00166	0.05388	0.00407	0.00316	0.00767
10	0.01599	0.49444	0.21596	0.01443	0.04229	0.02152	0.03873	0.03587	0.01394	0.01784	0.03005	0.01281	0.00990	0.00596	0.00501	0.00163	0.00765	0.00430	0.00299	0.00870
11	0.01566	0.01666	0.02233	0.19769	0.05763	0.15125	0.15535	0.04370	0.01435	0.01803	0.01240	0.04340	0.01067	0.01051	0.05857	0.00274	0.15175	0.00636	0.00333	0.00763
12	0.01240	0.01332	0.06407	0.26521	0.02992	0.01273	0.22100	0.03323	0.01463	0.01926	0.05050	0.06442	0.11092	0.00914	0.00723	0.00222	0.00797	0.05040	0.00400	0.00742
13	0.00797	0.00638	0.00713	0.00732	0.00903	0.00554	0.00535	0.00978	0.01495	0.01888	0.18626	0.19681	0.46885	0.01652	0.00775	0.00224	0.00332	0.01418	0.00621	0.00554
14	0.02231	0.00953	0.01281	0.01032	0.01418	0.00834	0.00832	0.02495	0.01832	0.49903	0.24083	0.03120	0.05117	0.00984	0.00687	0.00201	0.00469	0.00829	0.00767	0.00934
15	0.02456	0.01810	0.01939	0.01487	0.02004	0.02004	0.01228	0.71107	0.03038	0.04072	0.01551	0.01551	0.01099	0.00776	0.00646	0.00194	0.00711	0.00582	0.00646	0.01099
16	0.20337	0.01156	0.01197	0.00991	0.01360	0.01223	0.00804	0.19745	0.01823	0.16703	0.01773	0.01837	0.01283	0.00733	0.00528	0.00183	0.00500	0.00548	0.26428	0.00848
17	0.07074	0.01751	0.01865	0.01437	0.01947	0.01932	0.01187	0.64558	0.02881	0.06605	0.01551	0.01546	0.01094	0.00766	0.00632	0.00194	0.00693	0.00571	0.00638	0.01076
18	0.01690	0.71152	0.09583	0.01170	0.01758	0.02464	0.01218	0.01945	0.01317	0.01566	0.00921	0.01065	0.00828	0.00558	0.00432	0.00144	0.00714	0.00357	0.00276	0.00840
19	0.01727	0.77681	0.03386	0.01106	0.01658	0.02557	0.01106	0.01935	0.01313	0.01520	0.00898	0.01036	0.00829	0.00553	0.00415	0.00138	0.00691	0.00345	0.00276	0.00829
20	0.55949	0.01364	0.01230	0.01025	0.01462	0.01528	0.00845	0.17912	0.01618	0.10052	0.01210	0.01277	0.00879	0.00660	0.00481	0.00199	0.00553	0.00432	0.00495	0.00830
21	0.01613	0.06862	0.02629	0.06578	0.63750	0.03425	0.01896	0.01981	0.01462	0.02038	0.01185	0.01554	0.00999	0.00579	0.00623	0.00188	0.00776	0.00556	0.00316	0.00991
22	0.00776	0.00655	0.00671	0.00667	0.00880	0.00551	0.00500	0.00951	0.01501	0.01813	0.11851	0.06107	0.67652	0.01611	0.00764	0.00217	0.00325	0.01348	0.00609	0.00551
23	0.45406	0.01054	0.00967	0.00906	0.01196	0.01162	0.00699	0.06659	0.01307	0.05211	0.01804	0.21398	0.01813	0.04280	0.00665	0.00233	0.00482	0.00806	0.03273	0.00681
24	0.00799	0.00635	0.00718	0.00742	0.00906	0.00553	0.00539	0.00978	0.01489	0.01890	0.18938	0.22185	0.44019	0.01663	0.00777	0.00225	0.00334	0.01434	0.00622	0.00553
25	0.01115	0.00564	0.00836	0.00836	0.00836	0.00564	0.00554	0.00846	0.00846	0.01128	0.01161	0.02059	0.01174	0.05393	0.02557	0.77820	0.00564	0.00577	0.00285	0.00285
26	0.01523	0.22219	0.36465	0.02027	0.13226	0.05287	0.06712	0.02035	0.01401	0.01899	0.01103	0.01332	0.00864	0.00590	0.00575	0.00185	0.00877	0.00475	0.00288	0.00917
27	0.00791	0.00656	0.00693	0.00684	0.00890	0.00557	0.00513	0.00981	0.01538	0.01901	0.18743	0.05963	0.60705	0.01578	0.00763	0.00215	0.00323	0.01328	0.00620	0.00557
28	0.01340	0.01148	0.01340	0.00957	0.01531	0.00861	0.00766	0.01627	0.01340	0.02105	0.01148	0.01340	0.00957	0.00479	0.00479	0.00096	0.00479	0.00383	0.00383	0.81242
29	0.01474	0.14153	0.43985	0.01918	0.09179	0.01616	0.07279	0.02045	0.01397	0.04841	0.01191	0.01398	0.00891	0.00595	0.00591	0.00188	0.00864	0.00490	0.00309	0.05595
30	0.01839	0.59214	0.04697	0.01229	0.01748	0.13786	0.01158	0.03893	0.04269	0.01656	0.01006	0.01133	0.00882	0.00591	0.00461	0.00149	0.00765	0.00381	0.00310	0.00834
31	0.00924	0.00689	0.01024	0.01024	0.01135	0.00800	0.00790	0.01145	0.01034	0.01489	0.01744	0.02611	0.01647	0.07942	0.71679	0.01021	0.01684	0.00703	0.00348	0.00569
32	0.05150	0.01674	0.01970	0.04828	0.14081	0.01842	0.01338	0.47303	0.09530	0.03463	0.01562	0.01633	0.01149	0.00740	0.00637	0.00197	0.00699	0.00587	0.00569	0.01048
33	0.00915	0.00623	0.00705	0.00718	0.00736	0.00612	0.00416	0.00935	0.01002	0.01321	0.02474	0.10631	0.07325	0.65648	0.02904	0.00567	0.00584	0.01046	0.00424	0.00413
34	0.01329	0.01273	0.01768	0.01535	0.01580	0.01694	0.02847	0.01572	0.05170	0.01660	0.04115	0.07111	0.01475	0.06711	0.01944	0.00298	0.56155	0.00720	0.00353	0.00689

[dist]
# distance from previous block
# <min> <max>
11	14

[block]
# block no. 3 follows, 34 sequences, length 105
# corresponding to MSA columns:
# 203-208,211-235,239-247,271-279,288-298,301-310,312-317,319-322,325-333,347-356,361-366
name=unknown_D
#
# <colnr> <probs for GDERKNQSTAVLIFYWHMCP>
#	G	D	E	R	K	N	Q	S	T	A	V	L	I	F	Y	W	H	M	C	P
0	0.01340	0.01148	0.01340	0.00957	0.01531	0.00861	0.00766	0.01627	0.01340	0.02105	0.01148	0.01340	0.00957	0.00479	0.00479	0.00096	0.00479	0.00383	0.00383	0.81242
1	0.01012	0.00866	0.02948	0.01122	0.07100	0.00786	0.00786	0.01440	0.08049	0.02357	0.43966	0.06961	0.17554	0.01283	0.00741	0.00209	0.00386	0.01120	0.00638	0.00676
2	0.01790	0.01439	0.02394	0.08020	0.57103	0.01432	0.01800	0.02155	0.01522	0.13906	0.01431	0.01706	0.01108	0.00617	0.00642	0.00195	0.00738	0.00588	0.00397	0.01017
3	0.01096	0.00828	0.01088	0.01245	0.10352	0.00819	0.00767	0.05075	0.01420	0.01931	0.18425	0.07321	0.07342	0.31510	0.01759	0.00381	0.00546	0.06995	0.00508	0.00595
4	0.00793	0.00568	0.00762	0.00906	0.00946	0.00537	0.00609	0.00910	0.01229	0.01643	0.03484	0.73740	0.04162	0.02143	0.03938	0.00295	0.00432	0.01789	0.00589	0.00527
5	0.02254	0.01708	0.01822	0.01500	0.01958	0.01873	0.01192	0.40157	0.30781	0.05786	0.02161	0.02127	0.01609	0.00917	0.00716	0.00233	0.00674	0.00692	0.00701	0.01138
6	0.79387	0.01245	0.00967	0.00859	0.01262	0.01434	0.00708	0.01938	0.01123	0.05113	0.00951	0.01086	0.00728	0.00606	0.00408	0.00200	0.00501	0.00359	0.00412	0.00712
7	0.01414	0.01414	0.01979	0.01696	0.01696	0.01979	0.01414	0.01555	0.00990	0.01555	0.00848	0.01414	0.00848	0.01131	0.02120	0.00283	0.76110	0.00565	0.00283	0.00707
8	0.10593	0.01547	0.01975	0.01836	0.12362	0.03862	0.08933	0.19887	0.15457	0.14329	0.01756	0.01783	0.01272	0.00722	0.00633	0.00202	0.00689	0.00611	0.00554	0.00995
9	0.01282	0.01212	0.02050	0.63969	0.15735	0.01452	0.01825	0.01705	0.01321	0.01726	0.01159	0.01702	0.00888	0.00634	0.00645	0.00211	0.00846	0.00574	0.00292	0.00768
10	0.01599	0.01535	0.02623	0.03966	0.73262	0.01535	0.01983	0.01983	0.01471	0.02111	0.01215	0.01599	0.01023	0.00576	0.00640	0.00192	0.00768	0.00576	0.00320	0.01023
11	0.00914	0.00660	0.00864	0.00813	0.00965	0.00610	0.00610	0.01219	0.01829	0.02591	0.72921	0.04827	0.06097	0.01321	0.00762	0.00203	0.00305	0.01169	0.00711	0.00610
12	0.81856	0.01250	0.00950	0.00850	0.01250	0.01449	0.00700	0.01899	0.01100	0.02899	0.00900	0.01050	0.00700	0.00600	0.00400	0.00200	0.00500	0.00350	0.00400	0.00700
13	0.01308	0.01270	0.01771	0.01562	0.01568	0.01733	0.01276	0.01444	0.01031	0.01571	0.01307	0.14173	0.01427	0.01282	0.01901	0.00279	0.63303	0.00780	0.00336	0.00676
14	0.00872	0.00655	0.00807	0.00776	0.00941	0.00590	0.00579	0.01134	0.01717	0.02343	0.53590	0.07817	0.22954	0.01426	0.00765	0.00209	0.00313	0.01242	0.00679	0.00590
15	0.01132	0.01355	0.16408	0.01505	0.06489	0.00933	0.08453	0.01447	0.01340	0.05457	0.02618	0.44486	0.02858	0.01417	0.00753	0.00238	0.00605	0.01297	0.00495	0.00713
16	0.00933	0.00652	0.00834	0.00834	0.00879	0.00697	0.00553	0.01023	0.00978	0.01349	0.01918	0.03573	0.02065	0.49196	0.30996	0.00786	0.01055	0.00844	0.00374	0.00463
17	0.01495	0.01511	0.01970	0.01689	0.01721	0.05744	0.01400	0.03551	0.01090	0.01627	0.00876	0.01405	0.00854	0.01097	0.02000	0.00274	0.70124	0.00558	0.00295	0.00720
18	0.01340	0.01148	0.01340	0.00957	0.01531	0.00861	0.00766	0.01627	0.01340	0.02105	0.01148	0.01340	0.00957	0.00479	0.00479	0.00096	0.00479	0.00383	0.00383	0.81242
19	0.01165	0.00847	0.00939	0.00887	0.01102	0.00880	0.00673	0.01877	0.21515	0.02453	0.25281	0.06304	0.10732	0.01108	0.00655	0.00198	0.00367	0.00944	0.21361	0.00715
20	0.02796	0.01077	0.01467	0.01132	0.01614	0.00932	0.00932	0.03049	0.01848	0.70028	0.06192	0.02335	0.01832	0.00827	0.00656	0.00200	0.00537	0.00677	0.00795	0.01074
21	0.01598	0.02642	0.40408	0.04085	0.16146	0.08929	0.06974	0.04125	0.01515	0.05765	0.01247	0.01473	0.00920	0.00622	0.00630	0.00199	0.00920	0.00525	0.00330	0.00947
22	0.05761	0.15578	0.02055	0.01535	0.01908	0.59341	0.01200	0.02442	0.01712	0.01628	0.00977	0.01138	0.00826	0.00644	0.00546	0.00163	0.01056	0.00401	0.00326	0.00760
23	0.00888	0.00659	0.00826	0.00785	0.00949	0.00598	0.00588	0.01167	0.01765	0.02440	0.61085	0.05075	0.18027	0.01377	0.00762	0.00206	0.00309	0.01203	0.00691	0.00598
24	0.00876	0.00585	0.00781	0.00910	0.00967	0.00543	0.00615	0.00994	0.01263	0.04685	0.03519	0.73725	0.04161	0.01973	0.00817	0.00260	0.00382	0.01787	0.00608	0.00549
25	0.02767	0.01066	0.01452	0.01134	0.01605	0.00923	0.00928	0.03008	0.01811	0.69190	0.02613	0.06882	0.01767	0.00877	0.00661	0.00204	0.00539	0.00724	0.00787	0.01064
26	0.02456	0.01810	0.01939	0.01487	0.02004	0.02004	0.01228	0.71107	0.03038	0.04072	0.01551	0.01551	0.01099	0.00776	0.00646	0.00194	0.00711	0.00582	0.00646	0.01099
27	0.02280	0.01670	0.01784	0.01395	0.01868	0.01849	0.01143	0.59780	0.08135	0.03820	0.01683	0.01693	0.01215	0.00781	0.00630	0.00192	0.00659	0.00595	0.07777	0.01049
28	0.02456	0.01810	0.01939	0.01487	0.02004	0.02004	0.01228	0.71107	0.03038	0.04072	0.01551	0.01551	0.01099	0.00776	0.00646	0.00194	0.00711	0.00582	0.00646	0.01099
29	0.17434	0.00747	0.00846	0.00903	0.01046	0.00753	0.00644	0.01268	0.01240	0.06746	0.02863	0.50545	0.03245	0.05832	0.00865	0.00267	0.00432	0.03168	0.00561	0.00594
30	0.01727	0.77681	0.03386	0.01106	0.01658	0.02557	0.01106	0.01935	0.01313	0.01520	0.00898	0.01036	0.00829	0.00553	0.00415	0.00138	0.00691	0.00345	0.00276	0.00829
31	0.01025	0.00848	0.01198	0.04986	0.01399	0.02840	0.00930	0.01255	0.01067	0.01515	0.01595	0.02350	0.01481	0.04157	0.61863	0.00899	0.08987	0.00667	0.00337	0.00601
32	0.01857	0.01512	0.01602	0.01366	0.01776	0.01724	0.01083	0.23375	0.51745	0.03106	0.02312	0.02157	0.01715	0.00847	0.00654	0.00212	0.00570	0.00687	0.00654	0.01045
33	0.00907	0.00660	0.00853	0.00805	0.00961	0.00606	0.00604	0.01204	0.01811	0.02547	0.69485	0.04899	0.09560	0.01337	0.00762	0.00204	0.00306	0.01179	0.00706	0.00606
34	0.01563	0.01498	0.02557	0.10876	0.66637	0.01526	0.01965	0.01951	0.01454	0.02067	0.01209	0.01611	0.01008	0.00582	0.00640	0.00194	0.00777	0.00576	0.00317	0.00994
35	0.00778	0.00615	0.00701	0.00763	0.00903	0.00539	0.00541	0.00924	0.01383	0.01729	0.07186	0.36229	0.41842	0.01792	0.00790	0.00237	0.00347	0.01559	0.00603	0.00539
36	0.01122	0.00561	0.00842	0.00842	0.00842	0.00561	0.00561	0.00842	0.00842	0.01122	0.01122	0.01964	0.01122	0.02245	0.02525	0.81201	0.00561	0.00561	0.00281	0.00281
37	0.02175	0.29075	0.02373	0.01470	0.01879	0.49560	0.01199	0.02355	0.01650	0.01560	0.00964	0.01120	0.00831	0.00626	0.00524	0.00157	0.01000	0.00392	0.00313	0.00777
38	0.00915	0.00697	0.00848	0.00829	0.00994	0.00656	0.00614	0.01273	0.06725	0.02292	0.44413	0.15344	0.19074	0.01454	0.00764	0.00216	0.00334	0.01273	0.00669	0.00614
39	0.01424	0.07249	0.61002	0.01903	0.07093	0.01565	0.02210	0.04594	0.01442	0.03983	0.01199	0.01390	0.00863	0.00619	0.00607	0.00200	0.00909	0.00485	0.00304	0.00961
40	0.01800	0.03516	0.01761	0.01441	0.01856	0.04704	0.06654	0.09241	0.50740	0.07481	0.02308	0.02178	0.01712	0.00818	0.00655	0.00211	0.00610	0.00691	0.00616	0.01006
41	0.69028	0.01375	0.03909	0.01186	0.05455	0.01469	0.05566	0.01921	0.01159	0.02768	0.00954	0.01138	0.00741	0.00595	0.00445	0.00201	0.00571	0.00395	0.00386	0.00739
42	0.01533	0.02039	0.21082	0.03185	0.46576	0.03013	0.05865	0.02079	0.04533	0.02107	0.01263	0.01573	0.01006	0.00599	0.00639	0.00197	0.00831	0.00564	0.00323	0.00992
43	0.01856	0.42620	0.08895	0.01191	0.01700	0.09662	0.01144	0.02125	0.01487	0.12426	0.05780	0.01567	0.01321	0.00666	0.00509	0.00161	0.00698	0.00476	0.04871	0.00846
44	0.01182	0.01757	0.25891	0.01692	0.11373	0.01143	0.01500	0.01610	0.01430	0.02036	0.12386	0.09542	0.06744	0.01071	0.00796	0.00221	0.05746	0.09153	0.00437	0.04290
45	0.00920	0.00818	0.01158	0.05125	0.01382	0.00756	0.09723	0.01124	0.01370	0.01698	0.04660	0.07015	0.44930	0.13024	0.03197	0.00304	0.00542	0.01172	0.00508	0.00574
46	0.01659	0.01401	0.01514	0.01383	0.03670	0.01600	0.01051	0.09879	0.60352	0.02815	0.05550	0.02410	0.02041	0.00878	0.00660	0.00215	0.00529	0.00731	0.00649	0.01012
47	0.00787	0.00562	0.00750	0.00900	0.00937	0.00525	0.00600	0.00900	0.01237	0.01649	0.03561	0.76871	0.04274	0.02024	0.00825	0.00262	0.00375	0.01837	0.00600	0.00525
48	0.01644	0.01607	0.05188	0.02816	0.29838	0.01517	0.25538	0.02282	0.11217	0.07002	0.01527	0.01785	0.01169	0.00620	0.00679	0.00203	0.00826	0.00657	0.00401	0.03484
49	0.01414	0.01414	0.01979	0.01696	0.01696	0.01979	0.01414	0.01555	0.00990	0.01555	0.00848	0.01414	0.00848	0.01131	0.02120	0.00283	0.76110	0.00565	0.00283	0.00707
50	0.01555	0.01462	0.01882	0.02166	0.28734	0.06762	0.01278	0.04009	0.01480	0.02129	0.01175	0.01431	0.00977	0.00539	0.00553	0.00141	0.00647	0.00465	0.00363	0.42252
51	0.01746	0.69388	0.06946	0.01177	0.01737	0.06800	0.01180	0.01979	0.01346	0.01551	0.00918	0.01061	0.00829	0.00563	0.00435	0.00143	0.00733	0.00357	0.00280	0.00831
52	0.00928	0.00667	0.00890	0.01018	0.01122	0.00646	0.00804	0.01130	0.01359	0.01772	0.03574	0.30811	0.08474	0.07594	0.01043	0.00305	0.00504	0.36226	0.00582	0.00552
53	0.00904	0.00660	0.00850	0.00802	0.00959	0.00605	0.00602	0.01200	0.01805	0.02534	0.68447	0.04920	0.10606	0.01342	0.00762	0.00204	0.00306	0.01182	0.00704	0.00605
54	0.01607	0.01388	0.01461	0.01315	0.01680	0.01607	0.01023	0.03433	0.72094	0.02703	0.02630	0.02411	0.01972	0.00877	0.00657	0.00219	0.00511	0.00731	0.00657	0.01023
55	0.02456	0.01810	0.01939	0.01487	0.02004	0.02004	0.01228	0.71107	0.03038	0.04072	0.01551	0.01551	0.01099	0.00776	0.00646	0.00194	0.00711	0.00582	0.00646	0.01099
56	0.00974	0.00687	0.00875	0.00956	0.01050	0.00678	0.00739	0.01143	0.01270	0.01651	0.03131	0.07863	0.08472	0.30740	0.01800	0.00417	0.00581	0.35946	0.00517	0.00511
57	0.02432	0.06705	0.01868	0.01340	0.01835	0.01738	0.01117	0.48072	0.02574	0.18668	0.01751	0.01703	0.01218	0.00764	0.00621	0.00189	0.00652	0.00581	0.05117	0.01053
58	0.00937	0.00633	0.00737	0.00734	0.00751	0.00638	0.00433	0.00972	0.01002	0.01353	0.06461	0.04152	0.02535	0.67645	0.07946	0.00628	0.00681	0.00937	0.00409	0.00418
59	0.02434	0.02463	0.01884	0.01578	0.02001	0.39412	0.01239	0.35843	0.02417	0.02790	0.01267	0.01353	0.00962	0.00719	0.00614	0.00180	0.00945	0.00497	0.00485	0.00919
60	0.00977	0.00753	0.01203	0.01130	0.01271	0.00842	0.05505	0.01190	0.01056	0.01507	0.01673	0.02499	0.01564	0.06557	0.63084	0.05998	0.01581	0.00696	0.00342	0.00573
61	0.07209	0.41653	0.02580	0.01322	0.01773	0.32533	0.01139	0.02201	0.01515	0.01635	0.00940	0.01091	0.00822	0.00603	0.00484	0.00154	0.00876	0.00375	0.00308	0.00787
62	0.81856	0.01250	0.00950	0.00850	0.01250	0.01449	0.00700	0.01899	0.01100	0.02899	0.00900	0.01050	0.00700	0.00600	0.00400	0.00200	0.00500	0.00350	0.00400	0.00700
63	0.02176	0.08625	0.01952	0.01575	0.04516	0.28364	0.01211	0.24164	0.16310	0.02603	0.01500	0.01542	0.01152	0.00730	0.00605	0.00184	0.00836	0.00531	0.00491	0.00931
64	0.01046	0.00895	0.01278	0.01334	0.05230	0.01070	0.00961	0.01208	0.01134	0.01614	0.02231	0.34134	0.02501	0.02306	0.17540	0.00436	0.22888	0.01141	0.00435	0.00617
65	0.00798	0.00576	0.00757	0.00892	0.00947	0.00536	0.00608	0.00925	0.01277	0.01694	0.05978	0.68423	0.08138	0.01972	0.00821	0.00259	0.00377	0.03886	0.00603	0.00531
66	0.02523	0.01016	0.01379	0.01086	0.01520	0.00885	0.00885	0.02783	0.01845	0.60232	0.15885	0.02697	0.02452	0.00898	0.00671	0.00201	0.00503	0.00748	0.00783	0.01007
67	0.01607	0.01388	0.01461	0.01315	0.01680	0.01607	0.01023	0.03433	0.72094	0.02703	0.02630	0.02411	0.01972	0.00877	0.00657	0.00219	0.00511	0.00731	0.00657	0.01023
68	0.01279	0.00921	0.01066	0.00974	0.01218	0.00958	0.00747	0.02083	0.25151	0.06542	0.36807	0.03681	0.05967	0.01098	0.00691	0.00204	0.00387	0.00944	0.08511	0.00772
69	0.02452	0.01498	0.01688	0.01308	0.01784	0.01580	0.01076	0.45826	0.02550	0.22759	0.01876	0.01812	0.01289	0.00780	0.00628	0.00191	0.00627	0.00602	0.08624	0.01050
70	0.01220	0.01148	0.01938	0.75739	0.04450	0.01436	0.01794	0.01651	0.01292	0.01651	0.01148	0.01723	0.00861	0.00646	0.00646	0.00215	0.00861	0.00574	0.00287	0.00718
71	0.01727	0.77681	0.03386	0.01106	0.01658	0.02557	0.01106	0.01935	0.01313	0.01520	0.00898	0.01036	0.00829	0.00553	0.00415	0.00138	0.00691	0.00345	0.00276	0.00829
72	0.01564	0.01499	0.02558	0.10704	0.66801	0.01526	0.01965	0.01952	0.01454	0.02068	0.01209	0.01611	0.01008	0.00582	0.00640	0.00194	0.00776	0.00576	0.00317	0.00995
73	0.01559	0.01503	0.02613	0.05905	0.63361	0.01504	0.06582	0.01951	0.01470	0.02087	0.01316	0.01861	0.01133	0.00628	0.00659	0.00199	0.00785	0.03567	0.00331	0.00985
74	0.00783	0.00578	0.00733	0.00857	0.00926	0.00528	0.00581	0.00904	0.01278	0.01666	0.04079	0.64622	0.16188	0.01957	0.00814	0.00255	0.00367	0.01755	0.00600	0.00528
75	0.01220	0.01148	0.01938	0.75739	0.04450	0.01436	0.01794	0.01651	0.01292	0.01651	0.01148	0.01723	0.00861	0.00646	0.00646	0.00215	0.00861	0.00574	0.00287	0.00718
76	0.00876	0.00659	0.00810	0.00772	0.00941	0.00593	0.00579	0.01144	0.01737	0.02373	0.55799	0.05186	0.23355	0.01402	0.00762	0.00207	0.00311	0.01219	0.00683	0.00593
77	0.01122	0.00561	0.00842	0.00842	0.00842	0.00561	0.00561	0.00842	0.00842	0.01122	0.01122	0.01964	0.01122	0.02245	0.02525	0.81201	0.00561	0.00561	0.00281	0.00281
78	0.01843	0.65083	0.03123	0.01200	0.01716	0.14739	0.01130	0.02044	0.01400	0.01531	0.00915	0.01058	0.00830	0.00572	0.00443	0.00143	0.00771	0.00357	0.00286	0.00816
79	0.00792	0.00649	0.00698	0.00699	0.00894	0.00555	0.00519	0.00977	0.01520	0.01889	0.18148	0.10733	0.56470	0.01606	0.00767	0.00219	0.00326	0.01361	0.00620	0.00555
80	0.01231	0.01163	0.01940	0.71621	0.04297	0.01466	0.01773	0.01646	0.01275	0.01646	0.01132	0.01705	0.00861	0.00673	0.00728	0.00219	0.05047	0.00574	0.00287	0.00717
81	0.02114	0.08256	0.12798	0.01599	0.07079	0.01692	0.01366	0.27650	0.12469	0.15821	0.01752	0.01727	0.01248	0.00737	0.00624	0.00195	0.00692	0.00580	0.00565	0.01038
82	0.41687	0.02001	0.23860	0.01414	0.04350	0.04532	0.04940	0.02064	0.01294	0.06950	0.01120	0.01279	0.00824	0.00616	0.00517	0.00201	0.00712	0.00440	0.00376	0.00826
83	0.01536	0.01841	0.15208	0.05346	0.57023	0.01529	0.02023	0.02026	0.03420	0.02104	0.01243	0.01583	0.01010	0.00593	0.00636	0.00196	0.00796	0.00563	0.00320	0.01004
84	0.00801	0.00656	0.00706	0.00694	0.00896	0.00561	0.00520	0.00999	0.01561	0.01954	0.22919	0.05875	0.56496	0.01559	0.00763	0.00214	0.00322	0.01316	0.00627	0.00561
85	0.00860	0.00645	0.00797	0.00787	0.00939	0.00582	0.00580	0.01104	0.01660	0.02255	0.47214	0.15217	0.21997	0.01495	0.00771	0.00215	0.00320	0.01309	0.00669	0.00582
86	0.02456	0.01810	0.01939	0.01487	0.02004	0.02004	0.01228	0.71107	0.03038	0.04072	0.01551	0.01551	0.01099	0.00776	0.00646	0.00194	0.00711	0.00582	0.00646	0.01099
87	0.01374	0.03239	0.69091	0.01818	0.02743	0.01534	0.02309	0.06701	0.01477	0.02183	0.01186	0.01377	0.00837	0.00625	0.00616	0.00204	0.00938	0.00484	0.00298	0.00965
88	0.77681	0.01216	0.00932	0.00837	0.01224	0.01406	0.00687	0.01879	0.01113	0.02874	0.00962	0.01120	0.00749	0.00608	0.00403	0.00197	0.00490	0.00363	0.04566	0.00695
89	0.01516	0.01198	0.01491	0.01224	0.05299	0.01013	0.02630	0.08640	0.01544	0.06251	0.01474	0.04324	0.01273	0.02213	0.00608	0.00145	0.00540	0.03485	0.00445	0.54687
90	0.44700	0.01179	0.01208	0.00991	0.01438	0.01214	0.00817	0.02487	0.01452	0.36222	0.01676	0.01591	0.01123	0.00694	0.00517	0.00200	0.00523	0.00491	0.00588	0.00888
91	0.01414	0.01414	0.01979	0.01696	0.01696	0.01979	0.01414	0.01555	0.00990	0.01555	0.00848	0.01414	0.00848	0.01131	0.02120	0.00283	0.76110	0.00565	0.00283	0.00707
92	0.01980	0.01606	0.05343	0.01373	0.01821	0.03901	0.01140	0.19407	0.41016	0.11836	0.02236	0.02087	0.01622	0.00823	0.00649	0.00208	0.00607	0.00662	0.00643	0.01038
93	0.79151	0.01269	0.00983	0.00871	0.01275	0.01468	0.00718	0.04257	0.01166	0.02939	0.00922	0.01067	0.00713	0.00606	0.00408	0.00200	0.00507	0.00358	0.00408	0.00713
94	0.02831	0.01102	0.01493	0.01141	0.01644	0.00946	0.00942	0.03083	0.01827	0.70588	0.02488	0.02162	0.01571	0.00786	0.00642	0.00195	0.00547	0.00638	0.00782	0.04593
95	0.01599	0.01535	0.02623	0.03966	0.73262	0.01535	0.01983	0.01983	0.01471	0.02111	0.01215	0.01599	0.01023	0.00576	0.00640	0.00192	0.00768	0.00576	0.00320	0.01023
96	0.02196	0.02281	0.01671	0.01412	0.01836	0.43161	0.01087	0.05949	0.01769	0.10381	0.01249	0.01353	0.00969	0.00639	0.00567	0.00154	0.00892	0.00444	0.00417	0.21573
97	0.01915	0.01739	0.02869	0.02093	0.02684	0.01750	0.37034	0.31745	0.02166	0.02933	0.01403	0.01638	0.01030	0.00640	0.00697	0.00201	0.00893	0.00664	0.00467	0.05440
98	0.01220	0.01148	0.01938	0.75739	0.04450	0.01436	0.01794	0.01651	0.01292	0.01651	0.01148	0.01723	0.00861	0.00646	0.00646	0.00215	0.00861	0.00574	0.00287	0.00718
99	0.00998	0.00679	0.00890	0.00827	0.00994	0.00624	0.00624	0.01301	0.01830	0.05587	0.69957	0.04716	0.05907	0.01299	0.00757	0.00203	0.00315	0.01147	0.00715	0.00630
100	0.01307	0.00790	0.01036	0.02875	0.01216	0.00746	0.00723	0.01690	0.05705	0.14969	0.54874	0.04153	0.04947	0.01188	0.00734	0.00204	0.00374	0.01038	0.00713	0.00721
101	0.01122	0.00561	0.00842	0.00842	0.00842	0.00561	0.00561	0.00842	0.00842	0.01122	0.01122	0.01964	0.01122	0.02245	0.02525	0.81201	0.00561	0.00561	0.00281	0.00281
102	0.00787	0.00562	0.00750	0.00900	0.00937	0.00525	0.00600	0.00900	0.01237	0.01649	0.03561	0.76871	0.04274	0.02024	0.00825	0.00262	0.00375	0.01837	0.00600	0.00525
103	0.76456	0.06401	0.01114	0.00867	0.01277	0.01524	0.00727	0.01902	0.01114	0.02806	0.00900	0.01049	0.00708	0.00597	0.00401	0.00196	0.00513	0.00350	0.00392	0.00708
104	0.02328	0.07605	0.01980	0.01745	0.05940	0.61187	0.01279	0.07125	0.01860	0.01775	0.01042	0.01207	0.00861	0.00661	0.00579	0.00168	0.01083	0.00432	0.00350	0.00793

[dist]
# distance from previous block
# <min> <max>
0	1

[block]
# block no. 4 follows, 34 sequences, length 12
# corresponding to MSA columns:
# 374-382,384-386
name=unknown_E
#
# <colnr> <probs for GDERKNQSTAVLIFYWHMCP>
#	G	D	E	R	K	N	Q	S	T	A	V	L	I	F	Y	W	H	M	C	P
0	0.01791	0.65189	0.06435	0.01207	0.01752	0.11288	0.01182	0.02018	0.01378	0.01552	0.00923	0.01067	0.00829	0.00569	0.00444	0.00145	0.00761	0.00360	0.00283	0.00825
1	0.01253	0.01182	0.01997	0.69544	0.10390	0.01444	0.01811	0.01680	0.01307	0.01691	0.01154	0.01712	0.00875	0.00640	0.00645	0.00213	0.00853	0.00574	0.00290	0.00744
2	0.00800	0.00617	0.00712	0.00767	0.00890	0.00549	0.00534	0.00940	0.01361	0.01729	0.10047	0.33501	0.34873	0.08415	0.01009	0.00270	0.00370	0.01496	0.00590	0.00529
3	0.04582	0.00919	0.01193	0.00986	0.01341	0.00818	0.00788	0.02293	0.01756	0.42151	0.21883	0.05557	0.08331	0.01036	0.00680	0.00203	0.00451	0.00871	0.03282	0.00878
4	0.01607	0.01388	0.01461	0.01315	0.01680	0.01607	0.01023	0.03433	0.72094	0.02703	0.02630	0.02411	0.01972	0.00877	0.00657	0.00219	0.00511	0.00731	0.00657	0.01023
5	0.01664	0.01416	0.01493	0.01327	0.01702	0.01634	0.01037	0.08001	0.67433	0.02795	0.02557	0.02353	0.01913	0.00870	0.00657	0.00217	0.00525	0.00720	0.00657	0.01028
6	0.81856	0.01250	0.00950	0.00850	0.01250	0.01449	0.00700	0.01899	0.01100	0.02899	0.00900	0.01050	0.00700	0.00600	0.00400	0.00200	0.00500	0.00350	0.00400	0.00700
7	0.00940	0.00626	0.00705	0.00705	0.00705	0.00626	0.00392	0.00940	0.00940	0.01253	0.02036	0.04228	0.02349	0.77292	0.03289	0.00626	0.00626	0.00940	0.00392	0.00392
8	0.02392	0.08480	0.02066	0.01453	0.01973	0.02052	0.01217	0.65026	0.02886	0.03848	0.01494	0.01506	0.01075	0.00756	0.00626	0.00189	0.00709	0.00561	0.00614	0.01075
9	0.01368	0.01299	0.02205	0.47720	0.31314	0.01474	0.01868	0.01781	0.01362	0.01830	0.01175	0.01674	0.00925	0.00619	0.00644	0.00206	0.00825	0.00575	0.00300	0.00837
10	0.00816	0.00578	0.00758	0.00879	0.00915	0.00554	0.00581	0.00919	0.01184	0.01585	0.03248	0.62592	0.03860	0.12988	0.04995	0.00355	0.00481	0.01649	0.00557	0.00508
11	0.02387	0.01901	0.06220	0.01508	0.02051	0.01974	0.01297	0.67001	0.02938	0.03952	0.01528	0.01540	0.01082	0.00766	0.00644	0.00195	0.00726	0.00576	0.00624	0.01090

[dist]
# distance from previous block
# <min> <max>
0	481

# created by:
# /usr/local/bin/augustus/scripts/msa2prfl.pl /tmp/new_cug2/coronin.fasta
