[name]
unknown

[dist]
# distance from previous block
# <min> <max>
2	16

[block]
# block no. 0 follows, 33 sequences, length 14
# corresponding to MSA columns:
# 74-87
name=unknown_A
#
# <colnr> <probs for GDERKNQSTAVLIFYWHMCP>
#	G	D	E	R	K	N	Q	S	T	A	V	L	I	F	Y	W	H	M	C	P
0	0.09095	0.01726	0.15048	0.03667	0.04572	0.04166	0.06941	0.11140	0.01673	0.16343	0.01836	0.11328	0.01558	0.04095	0.00831	0.00234	0.03604	0.00752	0.00503	0.00888
1	0.00817	0.00587	0.00769	0.00909	0.00959	0.00548	0.00615	0.00937	0.01269	0.01681	0.03699	0.67754	0.07321	0.04956	0.00938	0.00281	0.00399	0.04424	0.00603	0.00533
2	0.04347	0.11056	0.22662	0.01436	0.01990	0.07691	0.01431	0.15591	0.07374	0.05141	0.03614	0.03794	0.01457	0.06727	0.00833	0.00234	0.00773	0.02497	0.00454	0.00896
3	0.05714	0.08850	0.10840	0.09016	0.12118	0.04041	0.12173	0.08464	0.01617	0.09875	0.01446	0.01698	0.01093	0.00863	0.04230	0.00239	0.00847	0.00581	0.05393	0.00902
4	0.01243	0.01170	0.01975	0.75282	0.04534	0.01463	0.01828	0.01682	0.01316	0.01682	0.01170	0.01755	0.00878	0.00658	0.00658	0.00219	0.00878	0.00585	0.00293	0.00731
5	0.00967	0.00660	0.00789	0.00798	0.00954	0.00600	0.00580	0.01171	0.01515	0.05030	0.22369	0.22342	0.25070	0.04002	0.02667	0.00256	0.00391	0.01322	0.07923	0.00593
6	0.04430	0.19772	0.16429	0.01471	0.01994	0.09873	0.06555	0.05164	0.08283	0.04844	0.05851	0.01804	0.01421	0.02939	0.02257	0.00221	0.03153	0.00569	0.02108	0.00861
7	0.03475	0.11768	0.08698	0.22205	0.02759	0.06164	0.10007	0.04243	0.09147	0.01978	0.01634	0.07580	0.03014	0.00813	0.00705	0.00211	0.03707	0.00690	0.00386	0.00816
8	0.00823	0.00601	0.00774	0.00874	0.00953	0.00552	0.00601	0.00978	0.01394	0.01863	0.16264	0.56084	0.12027	0.01892	0.00822	0.00252	0.00364	0.01698	0.00631	0.00552
9	0.01312	0.03137	0.65113	0.01959	0.07097	0.01477	0.02308	0.02018	0.01390	0.02067	0.01317	0.05468	0.01038	0.00701	0.00639	0.00211	0.00929	0.00568	0.00299	0.00954
10	0.04700	0.04238	0.06124	0.05031	0.05555	0.03799	0.05383	0.08436	0.07407	0.02186	0.06116	0.28535	0.04243	0.01399	0.03571	0.00259	0.00652	0.01093	0.00516	0.00757
11	0.01495	0.01074	0.01486	0.07169	0.06147	0.01086	0.05615	0.10865	0.05975	0.10818	0.05396	0.20478	0.11089	0.04596	0.00858	0.00247	0.00582	0.03660	0.00579	0.00787
12	0.00898	0.00668	0.00821	0.00875	0.00995	0.00623	0.00619	0.04071	0.01511	0.02001	0.17892	0.44684	0.18335	0.01783	0.00807	0.00243	0.00373	0.01582	0.00636	0.00582
13	0.54796	0.04113	0.01235	0.01003	0.01405	0.03964	0.00821	0.07036	0.01363	0.07171	0.01234	0.05397	0.01028	0.00728	0.00526	0.00201	0.02670	0.00487	0.00452	0.04372

[dist]
# distance from previous block
# <min> <max>
10	25

[block]
# block no. 1 follows, 33 sequences, length 15
# corresponding to MSA columns:
# 165-179
name=unknown_B
#
# <colnr> <probs for GDERKNQSTAVLIFYWHMCP>
#	G	D	E	R	K	N	Q	S	T	A	V	L	I	F	Y	W	H	M	C	P
0	0.00810	0.00597	0.00760	0.00870	0.00947	0.00546	0.00595	0.00951	0.01353	0.01784	0.10421	0.59118	0.14962	0.01936	0.00825	0.00255	0.00368	0.01735	0.00622	0.00546
1	0.01622	0.01693	0.07727	0.06306	0.15559	0.06728	0.17488	0.12598	0.01708	0.02303	0.01548	0.04530	0.01312	0.01211	0.08856	0.00303	0.00969	0.03164	0.03502	0.00875
2	0.05803	0.01680	0.10878	0.11924	0.23228	0.04003	0.04295	0.10843	0.03946	0.04193	0.02749	0.08227	0.01439	0.03040	0.00739	0.00222	0.00762	0.00704	0.00421	0.00902
3	0.01512	0.05045	0.17005	0.11841	0.11851	0.05465	0.30061	0.02027	0.01490	0.01999	0.01333	0.01873	0.01068	0.00650	0.00698	0.00213	0.00977	0.03681	0.00327	0.00883
4	0.01072	0.00781	0.00949	0.00987	0.01113	0.00732	0.00701	0.04830	0.01596	0.02153	0.20221	0.38678	0.11657	0.06434	0.01013	0.00290	0.00449	0.05033	0.00663	0.00649
5	0.01726	0.07324	0.02407	0.16127	0.06143	0.10276	0.14554	0.09311	0.01581	0.04825	0.01250	0.01653	0.01009	0.02304	0.03343	0.00251	0.14117	0.00598	0.00370	0.00833
6	0.07028	0.05112	0.08078	0.15205	0.15064	0.01509	0.07903	0.06562	0.04246	0.04475	0.01606	0.11522	0.01447	0.00872	0.00774	0.00219	0.06371	0.00747	0.00407	0.00851
7	0.01005	0.00705	0.00873	0.00937	0.01074	0.00670	0.00688	0.01279	0.05971	0.05340	0.06722	0.39051	0.17019	0.05160	0.00929	0.00272	0.00430	0.10649	0.00619	0.00608
8	0.01075	0.00783	0.00987	0.00974	0.01113	0.00864	0.00722	0.01531	0.12166	0.01854	0.05182	0.08876	0.02238	0.14548	0.33720	0.00652	0.01044	0.00854	0.10187	0.00630
9	0.08850	0.06763	0.07556	0.12637	0.12464	0.05123	0.08581	0.09074	0.04457	0.02177	0.01393	0.01919	0.01180	0.09373	0.05471	0.00302	0.00863	0.00609	0.00382	0.00827
10	0.01678	0.01849	0.11937	0.04676	0.05455	0.07339	0.23762	0.06912	0.09751	0.07284	0.01815	0.02090	0.04265	0.03535	0.04431	0.00268	0.00925	0.00699	0.00435	0.00894
11	0.39876	0.01391	0.01275	0.04105	0.01534	0.09499	0.00940	0.03581	0.01255	0.02320	0.01302	0.08892	0.01223	0.01267	0.07868	0.00301	0.11672	0.00597	0.00400	0.00701
12	0.09177	0.05333	0.01642	0.04473	0.04714	0.03609	0.04490	0.11515	0.03297	0.06148	0.04408	0.11134	0.01672	0.00835	0.00601	0.00178	0.00596	0.00699	0.03116	0.22361
13	0.01613	0.12379	0.26770	0.09557	0.14901	0.05379	0.04332	0.05888	0.03043	0.05057	0.01477	0.01688	0.03731	0.00677	0.00620	0.00197	0.00844	0.00557	0.00358	0.00929
14	0.01208	0.00870	0.01010	0.00985	0.01131	0.04694	0.00725	0.04744	0.01316	0.05732	0.02378	0.16170	0.05025	0.14643	0.28443	0.00595	0.00997	0.00952	0.07767	0.00615

[dist]
# distance from previous block
# <min> <max>
0	1

[block]
# block no. 2 follows, 33 sequences, length 9
# corresponding to MSA columns:
# 189-197
name=unknown_C
#
# <colnr> <probs for GDERKNQSTAVLIFYWHMCP>
#	G	D	E	R	K	N	Q	S	T	A	V	L	I	F	Y	W	H	M	C	P
0	0.05375	0.07044	0.22617	0.07433	0.18368	0.01558	0.17276	0.01965	0.01457	0.02106	0.04669	0.01922	0.01287	0.00679	0.00662	0.00208	0.00868	0.03262	0.00343	0.00900
1	0.01686	0.06995	0.10116	0.02098	0.17318	0.06874	0.09653	0.06917	0.12820	0.05756	0.05857	0.04360	0.01644	0.04071	0.00778	0.00222	0.00764	0.00691	0.00457	0.00922
2	0.00865	0.00612	0.00805	0.00937	0.00988	0.00585	0.00654	0.00994	0.01259	0.01671	0.03389	0.55292	0.03990	0.12440	0.01201	0.00325	0.00454	0.12431	0.00581	0.00527
3	0.05121	0.06759	0.10475	0.01246	0.01556	0.11176	0.01091	0.05735	0.04084	0.01949	0.02122	0.17536	0.04815	0.01428	0.04125	0.07414	0.04341	0.05157	0.03171	0.00702
4	0.04492	0.10338	0.08389	0.09687	0.07560	0.09096	0.21431	0.04890	0.04194	0.04106	0.04561	0.01725	0.01228	0.00687	0.00733	0.00205	0.04819	0.00618	0.00377	0.00866
5	0.00837	0.00627	0.00789	0.00855	0.00957	0.00592	0.00601	0.00994	0.01337	0.01762	0.11348	0.38580	0.20080	0.06699	0.10406	0.00374	0.00556	0.01482	0.00577	0.00548
6	0.01174	0.01107	0.06070	0.01138	0.01349	0.05770	0.03863	0.01509	0.08144	0.04699	0.03062	0.40683	0.07899	0.04984	0.00982	0.04494	0.00548	0.01329	0.00545	0.00651
7	0.01745	0.11556	0.08687	0.06904	0.09517	0.14043	0.09153	0.12201	0.05069	0.02207	0.01740	0.07966	0.04730	0.00824	0.00648	0.00199	0.00826	0.00695	0.00420	0.00870
8	0.04511	0.12718	0.07130	0.01809	0.11937	0.01530	0.10689	0.08461	0.07383	0.09556	0.12717	0.05003	0.02062	0.00824	0.00654	0.00200	0.00681	0.00727	0.00501	0.00905

[dist]
# distance from previous block
# <min> <max>
10	47

[block]
# block no. 3 follows, 33 sequences, length 11
# corresponding to MSA columns:
# 258-268
name=unknown_D
#
# <colnr> <probs for GDERKNQSTAVLIFYWHMCP>
#	G	D	E	R	K	N	Q	S	T	A	V	L	I	F	Y	W	H	M	C	P
0	0.03984	0.03739	0.05792	0.01190	0.04534	0.01034	0.00918	0.05727	0.10554	0.06738	0.12668	0.20807	0.09225	0.06768	0.00915	0.00256	0.00514	0.03309	0.00583	0.00745
1	0.01139	0.00987	0.01368	0.01522	0.12385	0.03569	0.05313	0.01478	0.05683	0.02082	0.22369	0.22788	0.07071	0.08037	0.00990	0.00261	0.00529	0.01184	0.00556	0.00689
2	0.01496	0.01254	0.04447	0.01167	0.01442	0.08407	0.00945	0.11211	0.03053	0.08907	0.07273	0.19899	0.09312	0.01822	0.10609	0.00339	0.00752	0.06353	0.00568	0.00745
3	0.01699	0.01183	0.01476	0.01231	0.01568	0.01197	0.04311	0.23068	0.05039	0.08079	0.05451	0.12258	0.04463	0.01266	0.00995	0.12858	0.00590	0.04094	0.00563	0.08611
4	0.01348	0.00995	0.01188	0.04688	0.03152	0.04554	0.02836	0.03950	0.03969	0.04408	0.04535	0.06735	0.02024	0.13003	0.03450	0.00298	0.06907	0.04711	0.26584	0.00665
5	0.01233	0.01190	0.08222	0.01294	0.05619	0.03614	0.01016	0.04839	0.01391	0.05076	0.06751	0.09992	0.10076	0.09067	0.23732	0.00517	0.04327	0.00894	0.00457	0.00692
6	0.11717	0.26208	0.12506	0.04269	0.10758	0.06100	0.01398	0.07838	0.01575	0.10140	0.01252	0.01385	0.00964	0.00638	0.00543	0.00181	0.00748	0.00468	0.00397	0.00916
7	0.04486	0.16651	0.17489	0.01693	0.05581	0.06228	0.04839	0.13447	0.10493	0.02354	0.01340	0.01504	0.01049	0.00731	0.00770	0.00202	0.09276	0.00531	0.00405	0.00930
8	0.01369	0.00856	0.01041	0.00951	0.01173	0.00835	0.00722	0.05581	0.01537	0.15395	0.06294	0.16019	0.26813	0.08648	0.04695	0.00308	0.05315	0.01150	0.00603	0.00693
9	0.01554	0.01285	0.04749	0.01511	0.08409	0.03550	0.04174	0.12596	0.06685	0.08216	0.08106	0.06479	0.07918	0.01748	0.14407	0.00369	0.00837	0.03163	0.03416	0.00826
10	0.01731	0.12813	0.15565	0.01823	0.04724	0.09963	0.17252	0.09380	0.05559	0.04408	0.01603	0.05043	0.02868	0.00737	0.00643	0.00198	0.00855	0.00649	0.03292	0.00895

[dist]
# distance from previous block
# <min> <max>
8	18

[block]
# block no. 4 follows, 33 sequences, length 7
# corresponding to MSA columns:
# 291-297
name=unknown_E
#
# <colnr> <probs for GDERKNQSTAVLIFYWHMCP>
#	G	D	E	R	K	N	Q	S	T	A	V	L	I	F	Y	W	H	M	C	P
0	0.01257	0.08054	0.20405	0.01628	0.10071	0.01245	0.05069	0.04713	0.01565	0.02116	0.11092	0.06794	0.17286	0.01067	0.00699	0.00213	0.00659	0.04804	0.00464	0.00799
1	0.01497	0.07437	0.01581	0.01356	0.04826	0.18307	0.04944	0.05324	0.01510	0.01823	0.04807	0.14371	0.05702	0.13932	0.06749	0.00338	0.00817	0.00883	0.03118	0.00678
2	0.05243	0.02767	0.01261	0.04891	0.07066	0.02822	0.00884	0.09190	0.03998	0.02197	0.05804	0.11650	0.11059	0.10829	0.03006	0.00284	0.00584	0.03945	0.07669	0.04849
3	0.01527	0.08795	0.06593	0.01445	0.01865	0.08675	0.12561	0.11131	0.01683	0.02177	0.02503	0.10459	0.14205	0.00998	0.00729	0.00202	0.03722	0.00846	0.04430	0.05453
4	0.06419	0.13492	0.01911	0.04741	0.07046	0.17643	0.01176	0.11005	0.05357	0.02146	0.01854	0.02466	0.06222	0.04437	0.00826	0.00222	0.04487	0.07308	0.00436	0.00805
5	0.04058	0.12819	0.04946	0.06763	0.01761	0.08440	0.01050	0.13350	0.07123	0.02289	0.08806	0.10618	0.09246	0.04947	0.00791	0.00224	0.00646	0.00834	0.00502	0.00784
6	0.10328	0.14575	0.07748	0.05270	0.08383	0.05084	0.01184	0.10495	0.01614	0.04295	0.04959	0.07205	0.04593	0.02929	0.00666	0.00198	0.00663	0.00654	0.00438	0.08719

[dist]
# distance from previous block
# <min> <max>
0	9

[block]
# block no. 5 follows, 33 sequences, length 58
# corresponding to MSA columns:
# 322-328,330-352,354-359,361-382
name=unknown_F
#
# <colnr> <probs for GDERKNQSTAVLIFYWHMCP>
#	G	D	E	R	K	N	Q	S	T	A	V	L	I	F	Y	W	H	M	C	P
0	0.05844	0.01416	0.05217	0.04275	0.01653	0.07067	0.00972	0.12458	0.08855	0.02356	0.04880	0.06892	0.10091	0.07132	0.03076	0.00250	0.00648	0.00762	0.00498	0.15657
1	0.09451	0.03680	0.04051	0.01396	0.04364	0.02778	0.09763	0.15684	0.01741	0.05106	0.05326	0.05889	0.09312	0.07016	0.03677	0.00267	0.00689	0.00777	0.04849	0.04185
2	0.09614	0.03186	0.04730	0.02216	0.23029	0.08392	0.06274	0.11278	0.04211	0.07597	0.01701	0.09191	0.01495	0.00844	0.00656	0.00208	0.00743	0.03254	0.00464	0.00916
3	0.04020	0.19714	0.07367	0.04743	0.04622	0.13727	0.04208	0.07178	0.06883	0.05159	0.06340	0.04675	0.04870	0.00802	0.00603	0.00186	0.00747	0.00634	0.00439	0.03082
4	0.04497	0.01117	0.01431	0.03320	0.09219	0.03649	0.03567	0.06529	0.03871	0.10990	0.11403	0.14607	0.08971	0.07769	0.00983	0.00252	0.02889	0.00973	0.00553	0.03408
5	0.06006	0.04202	0.08212	0.02825	0.04679	0.10802	0.09840	0.07069	0.01601	0.06014	0.01676	0.04621	0.03940	0.00906	0.03246	0.00213	0.00789	0.03539	0.00427	0.19393
6	0.04783	0.04728	0.09489	0.07774	0.08933	0.01234	0.01201	0.11670	0.02915	0.04350	0.12044	0.12098	0.11434	0.01108	0.00696	0.00216	0.00600	0.03405	0.00524	0.00800
7	0.05595	0.01380	0.10794	0.01494	0.06685	0.03752	0.08582	0.04658	0.04189	0.02155	0.08578	0.25737	0.07718	0.01229	0.00718	0.00224	0.00610	0.01097	0.04065	0.00742
8	0.01618	0.01220	0.04225	0.06998	0.01839	0.01190	0.04538	0.12160	0.13461	0.12757	0.08507	0.15075	0.08098	0.01156	0.00727	0.00225	0.00580	0.04157	0.00615	0.00853
9	0.01803	0.01386	0.01763	0.04984	0.06015	0.06437	0.08490	0.11948	0.12285	0.14035	0.02557	0.09244	0.08333	0.01139	0.03136	0.00246	0.00713	0.04026	0.00571	0.00890
10	0.01694	0.08505	0.05287	0.13528	0.14620	0.06849	0.04252	0.04927	0.01501	0.09856	0.01515	0.04010	0.01278	0.01033	0.04721	0.00257	0.09703	0.03545	0.02065	0.00853
11	0.05497	0.01451	0.15019	0.05404	0.08920	0.03706	0.04127	0.01495	0.01433	0.01995	0.09375	0.22905	0.13578	0.01243	0.00720	0.00225	0.00614	0.01089	0.00480	0.00724
12	0.06068	0.04281	0.05255	0.06043	0.14699	0.05357	0.09544	0.06997	0.13186	0.07493	0.01775	0.02025	0.02967	0.00733	0.00638	0.00198	0.00725	0.02535	0.02699	0.06783
13	0.01654	0.08202	0.19814	0.07719	0.08696	0.06520	0.24349	0.02142	0.01523	0.08192	0.01521	0.01774	0.03535	0.00654	0.00670	0.00205	0.00929	0.00630	0.00364	0.00906
14	0.00816	0.00615	0.00759	0.00857	0.00960	0.00557	0.00605	0.00966	0.01375	0.01776	0.08220	0.48994	0.23691	0.01899	0.00823	0.00253	0.00376	0.05291	0.00617	0.00549
15	0.04463	0.05627	0.07109	0.04341	0.09209	0.05158	0.06729	0.01818	0.03701	0.02041	0.05171	0.04917	0.01448	0.03444	0.00820	0.00193	0.06882	0.00607	0.00388	0.25934
16	0.08139	0.10514	0.13759	0.06561	0.07019	0.04762	0.11652	0.02096	0.04072	0.10083	0.01611	0.01844	0.03784	0.01077	0.07130	0.00278	0.03755	0.00600	0.00399	0.00864
17	0.00868	0.00664	0.00865	0.01019	0.04357	0.00621	0.00679	0.01027	0.01345	0.01761	0.07106	0.44239	0.19306	0.04851	0.04190	0.00303	0.00470	0.05178	0.00583	0.00568
18	0.01392	0.01107	0.01257	0.01154	0.01379	0.05822	0.03126	0.02019	0.20078	0.05921	0.10345	0.05781	0.05158	0.10348	0.06658	0.04718	0.02755	0.06326	0.03931	0.00727
19	0.04181	0.08436	0.16992	0.11470	0.13161	0.12537	0.05406	0.11582	0.05969	0.02280	0.01288	0.01517	0.00990	0.00661	0.00621	0.00197	0.00873	0.00536	0.00379	0.00922
20	0.04046	0.05573	0.01892	0.05813	0.13285	0.13678	0.06879	0.03066	0.04581	0.04223	0.02041	0.04960	0.09317	0.04112	0.06782	0.02947	0.04900	0.00723	0.00408	0.00773
21	0.01167	0.00800	0.00952	0.00903	0.01045	0.00872	0.00686	0.04366	0.04018	0.02095	0.08168	0.03295	0.07497	0.12687	0.12639	0.00396	0.07089	0.03200	0.27504	0.00621
22	0.01579	0.04890	0.01898	0.04717	0.01944	0.15644	0.09463	0.06267	0.06348	0.01952	0.02090	0.08656	0.07362	0.01250	0.04435	0.00268	0.13865	0.06180	0.00435	0.00758
23	0.07607	0.00981	0.01371	0.01275	0.04178	0.00968	0.06067	0.01793	0.02962	0.16732	0.08366	0.09578	0.13373	0.01432	0.03959	0.02335	0.03946	0.11746	0.00581	0.00751
24	0.00901	0.00702	0.00844	0.00983	0.01047	0.03675	0.00690	0.01040	0.01315	0.01710	0.03502	0.65462	0.04142	0.01976	0.00838	0.00267	0.00441	0.09313	0.00599	0.00552
25	0.00907	0.00736	0.00820	0.00843	0.00996	0.02797	0.00609	0.01151	0.03662	0.02028	0.24883	0.27231	0.27646	0.01641	0.00788	0.00230	0.00373	0.01431	0.00638	0.00589
26	0.01142	0.00757	0.00946	0.00944	0.01113	0.00722	0.00701	0.03971	0.04621	0.08179	0.20965	0.29778	0.12178	0.04476	0.00889	0.00254	0.00420	0.06637	0.00653	0.00653
27	0.01501	0.01466	0.02338	0.34433	0.40397	0.04762	0.01905	0.01903	0.01437	0.01926	0.01199	0.01663	0.00963	0.00621	0.00652	0.00205	0.00841	0.00579	0.00312	0.00897
28	0.02383	0.02014	0.01893	0.01524	0.01998	0.14578	0.01228	0.50024	0.11753	0.03526	0.01625	0.01625	0.01188	0.00784	0.00649	0.00196	0.00779	0.00583	0.00604	0.01047
29	0.01041	0.00702	0.00921	0.01005	0.01140	0.00672	0.00788	0.01241	0.01396	0.05659	0.03713	0.25563	0.12847	0.08617	0.03885	0.00336	0.00552	0.28743	0.00591	0.00588
30	0.06822	0.00999	0.03066	0.01010	0.01247	0.03627	0.00801	0.01649	0.05045	0.11286	0.18338	0.18569	0.14141	0.01344	0.00804	0.00226	0.04542	0.03117	0.02661	0.00705
31	0.01029	0.00692	0.00858	0.00849	0.01020	0.00626	0.00623	0.01275	0.02807	0.07663	0.31478	0.24214	0.21256	0.01567	0.00783	0.00227	0.00358	0.01373	0.00673	0.00628
32	0.01286	0.00855	0.01044	0.01000	0.01200	0.00865	0.00746	0.06677	0.09403	0.09202	0.11763	0.26682	0.08971	0.04544	0.09359	0.00340	0.00594	0.01192	0.03567	0.00710
33	0.01714	0.02538	0.28439	0.12240	0.08517	0.18914	0.04117	0.02174	0.01503	0.05747	0.01201	0.01475	0.00912	0.00691	0.00758	0.00206	0.07125	0.00520	0.00330	0.00879
34	0.01328	0.01341	0.04699	0.49695	0.16244	0.01483	0.05511	0.01744	0.01335	0.01781	0.01217	0.01817	0.00977	0.03936	0.00843	0.00236	0.04111	0.00608	0.00304	0.00789
35	0.00949	0.00668	0.00870	0.00867	0.00925	0.00715	0.00589	0.01064	0.01049	0.01456	0.05746	0.03617	0.02286	0.42552	0.33011	0.00791	0.01093	0.00864	0.00397	0.00490
36	0.00894	0.00830	0.04727	0.00886	0.01097	0.00675	0.00722	0.01162	0.03274	0.01927	0.14685	0.17157	0.34689	0.03326	0.04031	0.00280	0.00473	0.07972	0.00595	0.00600
37	0.01788	0.16238	0.07891	0.05791	0.05355	0.13254	0.15505	0.05164	0.05361	0.06166	0.01379	0.01622	0.01081	0.00854	0.03942	0.00230	0.03001	0.00567	0.03945	0.00866
38	0.01016	0.00656	0.00851	0.00918	0.00990	0.00650	0.00646	0.04008	0.01268	0.01750	0.02748	0.38789	0.03081	0.07518	0.04014	0.15105	0.00513	0.06826	0.08131	0.00520
39	0.02008	0.01900	0.01514	0.01350	0.01687	0.29985	0.01049	0.08048	0.10785	0.11230	0.09955	0.02816	0.08148	0.00973	0.00676	0.00201	0.00773	0.05520	0.00553	0.00829
40	0.01072	0.00845	0.00986	0.08135	0.01408	0.03016	0.00764	0.01368	0.04640	0.05780	0.14626	0.12949	0.33689	0.01600	0.03919	0.00261	0.00505	0.03204	0.00591	0.00642
41	0.01852	0.01983	0.22083	0.15292	0.13099	0.03818	0.06942	0.05526	0.01619	0.19057	0.01550	0.01725	0.01088	0.00675	0.00656	0.00207	0.00835	0.00586	0.00440	0.00968
42	0.01428	0.04052	0.20309	0.05702	0.04494	0.01336	0.14910	0.08239	0.01661	0.04942	0.10720	0.02837	0.09986	0.03048	0.00780	0.00225	0.00764	0.03271	0.00455	0.00840
43	0.02333	0.02913	0.05004	0.01639	0.02018	0.60840	0.01285	0.08799	0.01941	0.01875	0.01344	0.01476	0.04258	0.00733	0.00610	0.00176	0.01095	0.00488	0.00379	0.00796
44	0.06159	0.14291	0.28485	0.11431	0.13385	0.04872	0.01784	0.02019	0.01421	0.05031	0.01423	0.01644	0.04010	0.00669	0.00595	0.00195	0.00825	0.00530	0.00336	0.00896
45	0.01082	0.00797	0.01013	0.07386	0.03782	0.00837	0.00709	0.03817	0.03891	0.01651	0.05959	0.09159	0.02537	0.46351	0.04915	0.00503	0.00665	0.03957	0.00448	0.00540
46	0.05421	0.00645	0.00834	0.00840	0.00895	0.00650	0.00573	0.00981	0.00999	0.01394	0.02014	0.05499	0.07961	0.16662	0.05347	0.44225	0.00606	0.03696	0.00371	0.00390
47	0.01531	0.01389	0.04441	0.01444	0.01790	0.06017	0.11789	0.10038	0.11394	0.05672	0.05080	0.15693	0.08009	0.01131	0.00785	0.00225	0.03904	0.03965	0.04895	0.00809
48	0.07326	0.25948	0.10022	0.04225	0.04056	0.01783	0.10684	0.09113	0.01553	0.05980	0.03339	0.03323	0.01299	0.07698	0.00833	0.00228	0.00754	0.00593	0.00397	0.00846
49	0.01069	0.00873	0.01229	0.01075	0.01308	0.00841	0.08514	0.03449	0.05857	0.02195	0.26050	0.06880	0.19746	0.08246	0.04184	0.00293	0.00539	0.03994	0.03006	0.00651
50	0.01646	0.21897	0.24999	0.03193	0.09157	0.04565	0.10977	0.02169	0.04567	0.05806	0.01262	0.01473	0.00977	0.00643	0.00664	0.00194	0.04024	0.00524	0.00341	0.00923
51	0.01591	0.06053	0.19036	0.07020	0.19852	0.06193	0.12286	0.07611	0.01577	0.02130	0.01424	0.01796	0.03221	0.03948	0.00820	0.00223	0.03350	0.00611	0.00350	0.00908
52	0.01474	0.01480	0.05091	0.35624	0.15385	0.01546	0.14592	0.07054	0.04505	0.02096	0.01389	0.01943	0.01096	0.00687	0.00688	0.00217	0.00872	0.03041	0.00360	0.00860
53	0.00827	0.00593	0.00780	0.00914	0.00969	0.00555	0.00626	0.00957	0.01295	0.01721	0.06130	0.64528	0.06891	0.04768	0.00932	0.00279	0.00400	0.05690	0.00607	0.00538
54	0.03763	0.05370	0.03827	0.13919	0.08356	0.04512	0.03652	0.04322	0.06414	0.08144	0.07714	0.13970	0.04990	0.01020	0.00740	0.00215	0.03894	0.00866	0.03516	0.00796
55	0.03835	0.10652	0.09773	0.05127	0.14109	0.09855	0.05585	0.01900	0.01490	0.05802	0.07347	0.02437	0.06425	0.03825	0.03038	0.00244	0.04113	0.03219	0.00408	0.00816
56	0.00985	0.00703	0.00873	0.00910	0.01060	0.00658	0.00661	0.01254	0.05223	0.05011	0.13229	0.38549	0.17291	0.01812	0.03215	0.00268	0.00436	0.04350	0.00623	0.02888
57	0.04947	0.05123	0.15775	0.04569	0.07703	0.14217	0.11466	0.17306	0.01870	0.05529	0.01294	0.01498	0.00972	0.00688	0.00706	0.00201	0.04234	0.00554	0.00413	0.00934

[dist]
# distance from previous block
# <min> <max>
0	16

# created by:
# /usr/local/bin/augustus/scripts/msa2prfl.pl /tmp/new_cug2/dynactin3-p24.fasta
