[name]
unknown

[dist]
# distance from previous block
# <min> <max>
0	549

[block]
# block no. 0 follows, 74 sequences, length 18
# corresponding to MSA columns:
# 937-954
name=unknown_A
#
# <colnr> <probs for GDERKNQSTAVLIFYWHMCP>
#	G	D	E	R	K	N	Q	S	T	A	V	L	I	F	Y	W	H	M	C	P
0	0.03723	0.40593	0.26148	0.00908	0.05561	0.08800	0.03015	0.01171	0.01960	0.01026	0.00594	0.00704	0.00490	0.00350	0.00330	0.00100	0.03619	0.00245	0.00169	0.00497
1	0.03214	0.21837	0.19901	0.03568	0.07380	0.09981	0.02399	0.05194	0.01654	0.04508	0.06812	0.01912	0.03124	0.01300	0.01232	0.00116	0.02034	0.03128	0.00223	0.00482
2	0.00904	0.00917	0.02022	0.01148	0.18923	0.16269	0.11472	0.07794	0.04952	0.01218	0.08280	0.07571	0.07895	0.01503	0.03293	0.01646	0.02024	0.00455	0.01252	0.00461
3	0.00554	0.00444	0.00493	0.00511	0.00595	0.04440	0.00372	0.00687	0.03455	0.02785	0.17128	0.34813	0.23672	0.01046	0.05117	0.00159	0.00273	0.02774	0.00344	0.00338
4	0.00924	0.00966	0.04554	0.08674	0.48004	0.05537	0.15925	0.04340	0.03492	0.01216	0.00735	0.00945	0.00591	0.00391	0.01995	0.00123	0.00500	0.00347	0.00196	0.00545
5	0.03964	0.34953	0.17456	0.00717	0.01008	0.05358	0.00712	0.05332	0.03690	0.05453	0.00822	0.06279	0.00741	0.07415	0.04501	0.00145	0.00443	0.00329	0.00216	0.00467
6	0.00638	0.00487	0.00508	0.00502	0.00578	0.05677	0.00355	0.02865	0.03472	0.02792	0.13000	0.14349	0.12541	0.27034	0.01758	0.00201	0.00300	0.05401	0.07216	0.00325
7	0.00805	0.00733	0.00738	0.00754	0.07566	0.10283	0.00522	0.04046	0.27381	0.02494	0.07759	0.06778	0.22186	0.05703	0.00485	0.00135	0.00317	0.00540	0.00325	0.00449
8	0.00878	0.00949	0.04626	0.00740	0.00889	0.26273	0.01973	0.05074	0.08611	0.02047	0.05924	0.24836	0.05483	0.00821	0.05400	0.00151	0.01805	0.02827	0.00285	0.00409
9	0.00593	0.00496	0.00723	0.00666	0.00780	0.00485	0.11156	0.01830	0.10962	0.01115	0.08673	0.38144	0.12179	0.05949	0.00534	0.00151	0.00288	0.04579	0.00327	0.00369
10	0.00759	0.00420	0.00530	0.00510	0.00629	0.00375	0.00381	0.00868	0.00866	0.20835	0.11595	0.29492	0.21054	0.03395	0.00474	0.00137	0.00236	0.03768	0.03287	0.00388
11	0.00701	0.00660	0.01113	0.86063	0.02556	0.00825	0.01031	0.00948	0.00742	0.00948	0.00660	0.00990	0.00495	0.00371	0.00371	0.00124	0.00495	0.00330	0.00165	0.00412
12	0.03720	0.03860	0.72473	0.01076	0.06083	0.00857	0.01270	0.01145	0.00779	0.01178	0.00710	0.03932	0.00547	0.00380	0.00351	0.00117	0.00518	0.00302	0.00168	0.00535
13	0.00591	0.07536	0.00650	0.00588	0.03500	0.00481	0.00423	0.02737	0.01875	0.01139	0.18868	0.38305	0.03678	0.00984	0.06122	0.00158	0.00291	0.03449	0.05195	0.03430
14	0.00693	0.00517	0.00680	0.00666	0.02815	0.00515	0.04709	0.05827	0.12501	0.06059	0.07439	0.35234	0.12963	0.00856	0.00440	0.00136	0.00274	0.06922	0.00349	0.00405
15	0.00714	0.00673	0.01136	0.81154	0.07366	0.00828	0.01037	0.00960	0.00748	0.00964	0.00662	0.00985	0.00500	0.00369	0.00371	0.00123	0.00492	0.00330	0.00166	0.00423
16	0.00917	0.05593	0.01422	0.15426	0.59154	0.00922	0.01050	0.05956	0.03752	0.01230	0.00721	0.00927	0.00588	0.00349	0.00362	0.00111	0.00440	0.00327	0.00197	0.00556
17	0.00868	0.00889	0.04042	0.52136	0.10662	0.10210	0.03721	0.08870	0.00891	0.01121	0.00752	0.00991	0.02486	0.00386	0.00370	0.00118	0.00499	0.00333	0.00194	0.00459

[dist]
# distance from previous block
# <min> <max>
6	26

[block]
# block no. 1 follows, 74 sequences, length 25
# corresponding to MSA columns:
# 984-1008
name=unknown_B
#
# <colnr> <probs for GDERKNQSTAVLIFYWHMCP>
#	G	D	E	R	K	N	Q	S	T	A	V	L	I	F	Y	W	H	M	C	P
0	0.05476	0.05343	0.24047	0.01095	0.12130	0.04235	0.09976	0.03942	0.07144	0.01200	0.02866	0.03651	0.02944	0.00637	0.07695	0.00160	0.06388	0.00365	0.00214	0.00491
1	0.00678	0.03984	0.02146	0.00587	0.01970	0.00550	0.00459	0.04882	0.03698	0.06379	0.15238	0.09269	0.27221	0.04071	0.07838	0.00176	0.08051	0.02097	0.00318	0.00385
2	0.05562	0.00621	0.03425	0.03574	0.09342	0.01637	0.03019	0.09863	0.02745	0.06108	0.07383	0.27854	0.09196	0.00854	0.04993	0.02129	0.00347	0.00622	0.00307	0.00420
3	0.01016	0.05001	0.07212	0.06827	0.20522	0.04952	0.02338	0.19098	0.10459	0.05996	0.00935	0.02991	0.00752	0.02031	0.05887	0.00149	0.00458	0.01316	0.01522	0.00535
4	0.00819	0.06578	0.01848	0.00754	0.05164	0.08605	0.06862	0.06922	0.10528	0.03255	0.02331	0.08946	0.07298	0.27492	0.00852	0.00193	0.00386	0.00497	0.00267	0.00402
5	0.00636	0.00557	0.00874	0.43805	0.06492	0.00631	0.02898	0.00796	0.00710	0.00921	0.01176	0.08812	0.08282	0.21011	0.00747	0.00181	0.00412	0.00484	0.00212	0.00362
6	0.00916	0.04140	0.05113	0.33161	0.19158	0.05970	0.03203	0.10970	0.03400	0.03656	0.00849	0.02229	0.03181	0.00408	0.00384	0.00117	0.02082	0.00349	0.00218	0.00495
7	0.05546	0.04383	0.07258	0.11574	0.05810	0.06160	0.10803	0.10737	0.04651	0.06202	0.03880	0.11103	0.01954	0.00560	0.02003	0.00131	0.04638	0.01875	0.00259	0.00473
8	0.02458	0.02791	0.01071	0.06184	0.10271	0.14356	0.01926	0.01008	0.00718	0.03446	0.00742	0.01055	0.03019	0.07140	0.05407	0.00176	0.37278	0.00344	0.00192	0.00420
9	0.00852	0.05306	0.16937	0.00942	0.03497	0.06368	0.04650	0.02570	0.05198	0.03614	0.01855	0.02975	0.03469	0.04829	0.02278	0.00153	0.33484	0.00363	0.00206	0.00452
10	0.00943	0.07907	0.22072	0.01091	0.10596	0.11422	0.12190	0.09631	0.00938	0.03976	0.02141	0.02852	0.07265	0.02929	0.00432	0.00121	0.02400	0.00372	0.00225	0.00499
11	0.00745	0.06938	0.08300	0.01625	0.00794	0.11513	0.00523	0.04030	0.00805	0.04517	0.01498	0.33030	0.06795	0.12990	0.02488	0.00170	0.00370	0.02218	0.00278	0.00372
12	0.00734	0.03113	0.00760	0.02820	0.08007	0.01953	0.03291	0.05257	0.02394	0.08600	0.06086	0.37415	0.05819	0.03152	0.02525	0.00152	0.01308	0.05893	0.00320	0.00401
13	0.02395	0.05320	0.10465	0.03744	0.04548	0.03922	0.07154	0.07333	0.03482	0.07367	0.06711	0.15306	0.09761	0.00674	0.01472	0.00132	0.02549	0.06931	0.00289	0.00446
14	0.00960	0.03594	0.02909	0.04994	0.04706	0.04334	0.02279	0.10194	0.20763	0.11914	0.08007	0.04863	0.07648	0.04127	0.00500	0.00132	0.05766	0.01492	0.00322	0.00495
15	0.03400	0.00467	0.00543	0.00529	0.00645	0.00456	0.00396	0.07788	0.05008	0.08249	0.08568	0.31692	0.19043	0.02479	0.00450	0.00135	0.00242	0.03877	0.05650	0.00383
16	0.02956	0.01780	0.09225	0.00905	0.11544	0.03107	0.04496	0.05078	0.06158	0.04839	0.08142	0.13620	0.15862	0.00695	0.02071	0.00135	0.06746	0.01911	0.00286	0.00444
17	0.03853	0.07357	0.10510	0.09274	0.06531	0.12377	0.00764	0.13850	0.08782	0.05982	0.03873	0.04387	0.03309	0.00470	0.00402	0.00115	0.05057	0.00363	0.02249	0.00497
18	0.00813	0.03596	0.00676	0.02499	0.01737	0.10031	0.00453	0.04404	0.04946	0.10888	0.09412	0.15846	0.22359	0.03685	0.02124	0.00136	0.00314	0.00595	0.03532	0.01955
19	0.07635	0.03522	0.00722	0.02739	0.00796	0.08488	0.00480	0.11884	0.03962	0.06507	0.09780	0.20409	0.07491	0.09446	0.01612	0.00153	0.03093	0.00564	0.00310	0.00406
20	0.02131	0.05085	0.06801	0.04233	0.07097	0.03009	0.02443	0.08670	0.03056	0.04840	0.01369	0.21148	0.07240	0.03918	0.09338	0.00179	0.00416	0.02859	0.00274	0.05897
21	0.07673	0.08335	0.14846	0.05386	0.04106	0.06935	0.03153	0.11891	0.02520	0.04996	0.02908	0.10442	0.00860	0.00655	0.06754	0.00149	0.02461	0.00388	0.00247	0.05295
22	0.06972	0.09350	0.07651	0.00866	0.04523	0.07289	0.07914	0.08808	0.17476	0.11180	0.01110	0.02591	0.04204	0.01904	0.00395	0.00118	0.01708	0.02190	0.00286	0.03467
23	0.10047	0.12433	0.06455	0.00733	0.03518	0.08074	0.00602	0.11438	0.07731	0.01239	0.01975	0.07768	0.00883	0.05759	0.17369	0.00222	0.01590	0.00382	0.01343	0.00441
24	0.03609	0.09928	0.13401	0.02135	0.03676	0.11471	0.00718	0.07833	0.06406	0.05723	0.03753	0.05505	0.04256	0.01898	0.07561	0.00160	0.07271	0.02341	0.00249	0.02107

[dist]
# distance from previous block
# <min> <max>
22	53

[block]
# block no. 2 follows, 74 sequences, length 26
# corresponding to MSA columns:
# 1100-1125
name=unknown_C
#
# <colnr> <probs for GDERKNQSTAVLIFYWHMCP>
#	G	D	E	R	K	N	Q	S	T	A	V	L	I	F	Y	W	H	M	C	P
0	0.04352	0.09086	0.10955	0.02107	0.02148	0.03085	0.11450	0.05963	0.12163	0.07379	0.03306	0.07976	0.07022	0.05058	0.00476	0.00132	0.02572	0.02216	0.00274	0.02279
1	0.17229	0.03242	0.03838	0.00601	0.00731	0.00618	0.00494	0.03584	0.00665	0.03394	0.00886	0.01265	0.00803	0.07605	0.48703	0.00404	0.03580	0.00354	0.01635	0.00371
2	0.00939	0.01988	0.03262	0.06279	0.14008	0.16845	0.08889	0.11473	0.05258	0.01225	0.03113	0.10621	0.01708	0.02957	0.04865	0.00151	0.02347	0.03356	0.00249	0.00466
3	0.00952	0.02545	0.09876	0.06091	0.20358	0.11672	0.12379	0.07921	0.02496	0.06060	0.01062	0.07894	0.05869	0.02663	0.00422	0.00123	0.00462	0.00420	0.00240	0.00497
4	0.00874	0.01862	0.02787	0.22111	0.08339	0.05572	0.02560	0.08276	0.05762	0.07797	0.12886	0.03718	0.04859	0.00540	0.00432	0.00123	0.04571	0.05214	0.01257	0.00459
5	0.00643	0.00453	0.00627	0.03251	0.02661	0.00457	0.03541	0.03768	0.03172	0.03239	0.06216	0.10932	0.10109	0.16230	0.09094	0.16483	0.00384	0.08150	0.00269	0.00320
6	0.03459	0.03825	0.07360	0.02656	0.01940	0.11962	0.05802	0.19855	0.06742	0.03947	0.03625	0.10539	0.03325	0.07518	0.00513	0.00136	0.02258	0.00441	0.03628	0.00469
7	0.01950	0.13301	0.06769	0.05387	0.12603	0.06796	0.04931	0.09812	0.03261	0.04080	0.07177	0.08481	0.03316	0.01611	0.00398	0.00121	0.00401	0.08869	0.00264	0.00470
8	0.00715	0.00629	0.03501	0.04010	0.07284	0.05972	0.00537	0.06385	0.02494	0.04394	0.14258	0.27183	0.13862	0.00778	0.00446	0.00128	0.02996	0.02200	0.01829	0.00399
9	0.00767	0.01560	0.60093	0.00952	0.01380	0.03614	0.02537	0.06607	0.00863	0.01234	0.05685	0.09372	0.00864	0.00515	0.02228	0.00130	0.00500	0.00382	0.00207	0.00509
10	0.02161	0.07789	0.07307	0.07779	0.05547	0.16947	0.05535	0.16296	0.11987	0.04275	0.00925	0.01078	0.02384	0.03003	0.01666	0.00127	0.02532	0.01900	0.00257	0.00505
11	0.01008	0.03329	0.02785	0.03614	0.25889	0.04412	0.03542	0.06237	0.10368	0.15028	0.03604	0.07331	0.04707	0.00487	0.00398	0.00115	0.02559	0.00421	0.00287	0.03876
12	0.00513	0.00479	0.06285	0.00548	0.00647	0.00402	0.00442	0.00647	0.02492	0.00981	0.04589	0.30413	0.20261	0.03901	0.19219	0.02188	0.00417	0.04948	0.00295	0.00332
13	0.00776	0.00710	0.03168	0.03302	0.02765	0.06956	0.10389	0.09789	0.04521	0.04075	0.07542	0.13532	0.24219	0.00700	0.00417	0.00125	0.00343	0.04240	0.02010	0.00420
14	0.06889	0.05535	0.19958	0.00914	0.06495	0.13926	0.03047	0.11591	0.08233	0.05839	0.04292	0.05273	0.05488	0.00471	0.00359	0.00114	0.00434	0.00376	0.00262	0.00503
15	0.04225	0.00597	0.02051	0.11336	0.10466	0.00609	0.04652	0.01906	0.07337	0.03579	0.11655	0.09446	0.13203	0.06617	0.01470	0.00150	0.03234	0.06771	0.00287	0.00410
16	0.00545	0.00417	0.00587	0.00656	0.06363	0.00407	0.03168	0.00653	0.02143	0.00991	0.07635	0.37740	0.07452	0.15617	0.07249	0.01482	0.00332	0.04614	0.01623	0.00327
17	0.02563	0.04916	0.06331	0.15012	0.08038	0.18355	0.04154	0.08794	0.00941	0.07378	0.01101	0.05082	0.08752	0.00495	0.00413	0.00117	0.04809	0.02041	0.00243	0.00466
18	0.03602	0.08408	0.05948	0.10311	0.07501	0.10746	0.08623	0.15895	0.03212	0.05694	0.02692	0.01190	0.06445	0.04700	0.02296	0.00135	0.01498	0.00367	0.00252	0.00485
19	0.00772	0.06294	0.06453	0.07125	0.09215	0.07971	0.01873	0.04429	0.05420	0.03401	0.10495	0.15841	0.10132	0.03254	0.03305	0.00144	0.00379	0.02791	0.00280	0.00425
20	0.00602	0.00630	0.08279	0.00667	0.03872	0.06549	0.02589	0.00718	0.00753	0.00985	0.07740	0.35880	0.06248	0.16718	0.03338	0.00190	0.00347	0.03267	0.00285	0.00342
21	0.02072	0.18257	0.14084	0.02464	0.07433	0.04654	0.04807	0.14056	0.06560	0.08621	0.00889	0.05268	0.00735	0.03181	0.02915	0.00133	0.02754	0.00350	0.00251	0.00516
22	0.03996	0.06658	0.09304	0.06471	0.07530	0.11784	0.05496	0.16139	0.01939	0.05939	0.03041	0.13136	0.02734	0.00570	0.02234	0.00127	0.01722	0.00432	0.00264	0.00483
23	0.03516	0.11668	0.01850	0.04007	0.05419	0.00669	0.00507	0.10650	0.00951	0.10249	0.11247	0.08192	0.10017	0.00560	0.00349	0.00108	0.00285	0.00462	0.18853	0.00440
24	0.04616	0.02659	0.05785	0.08228	0.13012	0.02622	0.03433	0.10417	0.06730	0.02994	0.06971	0.03942	0.11959	0.00623	0.02939	0.00136	0.06134	0.04492	0.00271	0.02038
25	0.01034	0.03964	0.03809	0.04417	0.06069	0.14037	0.02326	0.18404	0.12811	0.05530	0.03854	0.06483	0.00926	0.02106	0.04061	0.00135	0.00428	0.00388	0.05373	0.03844

[dist]
# distance from previous block
# <min> <max>
1	18

[block]
# block no. 3 follows, 74 sequences, length 11
# corresponding to MSA columns:
# 1161-1171
name=unknown_D
#
# <colnr> <probs for GDERKNQSTAVLIFYWHMCP>
#	G	D	E	R	K	N	Q	S	T	A	V	L	I	F	Y	W	H	M	C	P
0	0.02534	0.04760	0.08107	0.03077	0.14778	0.26715	0.00760	0.10917	0.06998	0.03333	0.01013	0.04339	0.05988	0.04564	0.00431	0.00121	0.00471	0.00364	0.00244	0.00485
1	0.04731	0.15573	0.24872	0.04507	0.05758	0.08058	0.05156	0.07091	0.02693	0.05864	0.03711	0.07079	0.02468	0.00446	0.00349	0.00112	0.00446	0.00362	0.00229	0.00496
2	0.00657	0.00503	0.03472	0.00699	0.06843	0.00462	0.00508	0.00822	0.04218	0.06667	0.07519	0.16454	0.06904	0.15310	0.07707	0.00216	0.00367	0.19996	0.00307	0.00368
3	0.00625	0.04749	0.00593	0.00583	0.05731	0.00442	0.00373	0.00693	0.00708	0.06429	0.05560	0.24045	0.10845	0.33326	0.03477	0.00230	0.00317	0.00661	0.00287	0.00325
4	0.03993	0.09551	0.05898	0.05628	0.03338	0.10325	0.05823	0.20718	0.04255	0.10887	0.02163	0.03600	0.02674	0.00558	0.03842	0.00134	0.03702	0.02123	0.00279	0.00510
5	0.04979	0.08164	0.04358	0.03301	0.08511	0.04418	0.01985	0.06013	0.02925	0.03404	0.10641	0.10144	0.16997	0.00772	0.05622	0.00150	0.04968	0.01946	0.00280	0.00422
6	0.00794	0.00539	0.00629	0.04845	0.00749	0.04534	0.00437	0.04940	0.02974	0.12658	0.01357	0.21520	0.02651	0.26943	0.05247	0.00223	0.04462	0.00578	0.03551	0.00368
7	0.00856	0.06888	0.17441	0.07709	0.11521	0.01971	0.05193	0.10126	0.03621	0.04969	0.06573	0.09515	0.03219	0.00594	0.02923	0.01397	0.02804	0.01943	0.00252	0.00485
8	0.00939	0.00929	0.04489	0.08885	0.25261	0.08440	0.07893	0.10668	0.14315	0.01316	0.01033	0.01193	0.04902	0.04242	0.00439	0.00125	0.00433	0.00377	0.03606	0.00515
9	0.00652	0.00477	0.00588	0.00600	0.04299	0.00502	0.00394	0.09250	0.04698	0.01039	0.05376	0.11892	0.01396	0.41158	0.15770	0.00316	0.00449	0.00546	0.00264	0.00334
10	0.02149	0.00903	0.03849	0.07478	0.24868	0.09434	0.05764	0.08794	0.03381	0.09234	0.02319	0.02662	0.08140	0.00443	0.00385	0.00111	0.02009	0.00380	0.00255	0.07442

[dist]
# distance from previous block
# <min> <max>
1	3

[block]
# block no. 4 follows, 74 sequences, length 10
# corresponding to MSA columns:
# 1175-1184
name=unknown_E
#
# <colnr> <probs for GDERKNQSTAVLIFYWHMCP>
#	G	D	E	R	K	N	Q	S	T	A	V	L	I	F	Y	W	H	M	C	P
0	0.00682	0.00535	0.00655	0.05602	0.05696	0.03589	0.00512	0.07167	0.03547	0.03706	0.04997	0.30339	0.12879	0.04951	0.00510	0.00148	0.00303	0.13481	0.00322	0.00380
1	0.05517	0.08209	0.15575	0.00750	0.02754	0.05737	0.00677	0.11158	0.05758	0.05500	0.03428	0.15341	0.08331	0.02516	0.00433	0.00128	0.02356	0.05091	0.00283	0.00458
2	0.04391	0.03047	0.02769	0.02695	0.05076	0.09931	0.00527	0.10902	0.06013	0.02925	0.07409	0.10154	0.18328	0.07018	0.04907	0.00159	0.00373	0.00521	0.00294	0.02561
3	0.00777	0.03661	0.02826	0.17603	0.04311	0.06986	0.00632	0.08916	0.04358	0.01149	0.06314	0.05089	0.03306	0.09892	0.12973	0.00213	0.01863	0.02924	0.05803	0.00405
4	0.00903	0.02246	0.03882	0.05584	0.07785	0.01907	0.04417	0.14784	0.05743	0.02721	0.00828	0.00986	0.01870	0.02563	0.04111	0.02184	0.04617	0.00311	0.00244	0.32315
5	0.00911	0.02960	0.06402	0.19721	0.14891	0.08000	0.05357	0.10150	0.05946	0.04240	0.00974	0.07898	0.03035	0.03844	0.00471	0.00129	0.03946	0.00407	0.00238	0.00481
6	0.00525	0.00469	0.03989	0.00485	0.00574	0.03090	0.00364	0.00624	0.00780	0.01018	0.12796	0.25797	0.26548	0.14469	0.03588	0.00182	0.00279	0.00738	0.03370	0.00316
7	0.00808	0.04075	0.03832	0.18307	0.11092	0.03245	0.02062	0.08943	0.00863	0.04692	0.05113	0.08026	0.07026	0.13919	0.00639	0.00155	0.03021	0.00458	0.00250	0.03475
8	0.09958	0.02015	0.00764	0.02691	0.03777	0.09169	0.02849	0.10061	0.02532	0.04640	0.07193	0.19447	0.03965	0.08871	0.02862	0.00154	0.00362	0.01943	0.00289	0.06459
9	0.05189	0.03382	0.00920	0.02035	0.09711	0.06007	0.03552	0.14057	0.04222	0.15321	0.03503	0.15875	0.06939	0.03311	0.00455	0.00129	0.02402	0.02194	0.00317	0.00480

[dist]
# distance from previous block
# <min> <max>
5	10

[block]
# block no. 5 follows, 74 sequences, length 11
# corresponding to MSA columns:
# 1195-1205
name=unknown_F
#
# <colnr> <probs for GDERKNQSTAVLIFYWHMCP>
#	G	D	E	R	K	N	Q	S	T	A	V	L	I	F	Y	W	H	M	C	P
0	0.00917	0.07791	0.07401	0.00800	0.03448	0.11912	0.06787	0.11437	0.03601	0.06987	0.03116	0.14098	0.08881	0.05911	0.05104	0.00158	0.00434	0.00492	0.00277	0.00448
1	0.00735	0.06612	0.04792	0.04281	0.03396	0.03075	0.00530	0.02919	0.02530	0.08667	0.19817	0.10316	0.16473	0.03529	0.01850	0.00139	0.01890	0.07725	0.00321	0.00403
2	0.00945	0.07566	0.08488	0.03746	0.25438	0.05645	0.03937	0.05407	0.04557	0.09624	0.02482	0.05400	0.05777	0.00592	0.04992	0.00141	0.04111	0.00395	0.00247	0.00509
3	0.03253	0.10015	0.07222	0.08269	0.09301	0.04644	0.05855	0.03868	0.04659	0.08831	0.04134	0.05436	0.08526	0.00672	0.06223	0.00152	0.06329	0.01894	0.00253	0.00464
4	0.03196	0.15907	0.32258	0.01004	0.09641	0.05632	0.03578	0.05949	0.02751	0.03806	0.02793	0.08578	0.00805	0.00452	0.00352	0.00113	0.00451	0.02011	0.00218	0.00506
5	0.00688	0.11423	0.06706	0.00703	0.05346	0.00640	0.04056	0.04756	0.06544	0.02652	0.08120	0.21032	0.21593	0.03522	0.00450	0.00130	0.00302	0.00627	0.00299	0.00410
6	0.01773	0.06269	0.14296	0.05499	0.03761	0.08907	0.05319	0.07755	0.05619	0.04907	0.09776	0.13568	0.08533	0.00585	0.00399	0.00119	0.01685	0.00494	0.00276	0.00456
7	0.00831	0.00793	0.07002	0.03125	0.05403	0.03774	0.14350	0.07828	0.06434	0.06532	0.01309	0.09439	0.09212	0.09711	0.07579	0.00188	0.05291	0.00490	0.00264	0.00444
8	0.02841	0.00730	0.07664	0.02639	0.10034	0.07504	0.04126	0.03438	0.04443	0.01120	0.05229	0.38625	0.07031	0.00783	0.00421	0.00131	0.00338	0.02209	0.00291	0.00403
9	0.00768	0.02444	0.11544	0.03095	0.07744	0.02741	0.09816	0.10873	0.03594	0.01204	0.01408	0.19402	0.10330	0.04396	0.03035	0.00152	0.04588	0.02159	0.00265	0.00441
10	0.00812	0.04014	0.07716	0.06619	0.09938	0.03381	0.19193	0.05770	0.05032	0.03825	0.05752	0.12361	0.08626	0.03251	0.00464	0.00130	0.01889	0.00508	0.00258	0.00460

[dist]
# distance from previous block
# <min> <max>
0	1

[block]
# block no. 6 follows, 74 sequences, length 9
# corresponding to MSA columns:
# 1207-1215
name=unknown_G
#
# <colnr> <probs for GDERKNQSTAVLIFYWHMCP>
#	G	D	E	R	K	N	Q	S	T	A	V	L	I	F	Y	W	H	M	C	P
0	0.00711	0.07041	0.03580	0.00648	0.04193	0.06940	0.00476	0.02540	0.03186	0.04161	0.06771	0.23539	0.07594	0.18124	0.02410	0.00182	0.02061	0.03596	0.01882	0.00366
1	0.02459	0.06695	0.09507	0.04182	0.03021	0.12138	0.04885	0.17469	0.04880	0.03506	0.02313	0.12059	0.05840	0.00617	0.03154	0.00133	0.03759	0.00440	0.02472	0.00473
2	0.02813	0.05938	0.05813	0.08435	0.09996	0.05151	0.08802	0.11363	0.03946	0.03557	0.02467	0.09625	0.04619	0.03646	0.05228	0.01754	0.04547	0.00436	0.01407	0.00459
3	0.00832	0.03104	0.01106	0.07417	0.10843	0.03142	0.15798	0.07941	0.02238	0.06041	0.03989	0.09899	0.09667	0.03332	0.05885	0.01788	0.02482	0.02276	0.01776	0.00444
4	0.06192	0.04043	0.02696	0.03351	0.11162	0.04894	0.09513	0.08667	0.09322	0.04124	0.03307	0.06684	0.02436	0.02049	0.03783	0.00139	0.03964	0.03996	0.02466	0.07212
5	0.08289	0.03211	0.05835	0.03615	0.08439	0.06404	0.09677	0.11375	0.05530	0.02903	0.02614	0.07178	0.00881	0.04715	0.02879	0.01110	0.05191	0.03565	0.00251	0.06338
6	0.03342	0.06135	0.09972	0.00757	0.04441	0.09431	0.02864	0.08411	0.04121	0.06551	0.08448	0.12978	0.12040	0.03871	0.00450	0.00126	0.01678	0.00504	0.01705	0.02174
7	0.00820	0.03323	0.17437	0.06457	0.09194	0.06238	0.03935	0.08989	0.04300	0.03406	0.05477	0.15102	0.09790	0.00591	0.00418	0.00122	0.03170	0.00500	0.00264	0.00465
8	0.02688	0.09730	0.18242	0.02266	0.08589	0.06147	0.10513	0.07719	0.00883	0.06530	0.02246	0.08679	0.02374	0.02122	0.03011	0.00137	0.05543	0.01862	0.00234	0.00485

[dist]
# distance from previous block
# <min> <max>
4	27

[block]
# block no. 7 follows, 74 sequences, length 8
# corresponding to MSA columns:
# 1243-1250
name=unknown_H
#
# <colnr> <probs for GDERKNQSTAVLIFYWHMCP>
#	G	D	E	R	K	N	Q	S	T	A	V	L	I	F	Y	W	H	M	C	P
0	0.03709	0.00675	0.00774	0.00686	0.02905	0.02932	0.00522	0.20009	0.06091	0.12867	0.09531	0.04619	0.06833	0.08611	0.07490	0.00179	0.05880	0.00452	0.04771	0.00464
1	0.07076	0.06305	0.05891	0.03033	0.03242	0.08099	0.02110	0.23600	0.05672	0.14816	0.03509	0.03640	0.00806	0.02262	0.01668	0.00125	0.04230	0.00352	0.00303	0.03262
2	0.00978	0.03396	0.11272	0.09483	0.14154	0.05852	0.05698	0.09857	0.07536	0.11649	0.03242	0.03606	0.05252	0.03683	0.00435	0.00126	0.00420	0.02578	0.00272	0.00510
3	0.00557	0.00406	0.00463	0.00461	0.00570	0.00368	0.00343	0.03858	0.00858	0.05047	0.07824	0.19315	0.47009	0.04746	0.02916	0.00154	0.00244	0.04178	0.00346	0.00339
4	0.02583	0.00661	0.03861	0.00674	0.03510	0.05798	0.00518	0.09704	0.06431	0.04968	0.11207	0.17319	0.13226	0.03132	0.05410	0.00160	0.02978	0.04741	0.02707	0.00412
5	0.00729	0.03416	0.07176	0.03253	0.00841	0.05784	0.05051	0.04338	0.00707	0.00932	0.05416	0.07892	0.00980	0.03065	0.07081	0.36515	0.03374	0.02925	0.00211	0.00313
6	0.00923	0.07006	0.05290	0.07395	0.05369	0.08924	0.04126	0.06572	0.03543	0.12268	0.03157	0.06209	0.10363	0.06716	0.03667	0.00152	0.00409	0.04281	0.03181	0.00448
7	0.00756	0.01997	0.00928	0.09485	0.17291	0.03123	0.03892	0.06611	0.00845	0.02981	0.04698	0.13356	0.10058	0.04563	0.06031	0.03013	0.04529	0.05168	0.00259	0.00418

[dist]
# distance from previous block
# <min> <max>
0	1

[block]
# block no. 8 follows, 74 sequences, length 17
# corresponding to MSA columns:
# 1252-1268
name=unknown_I
#
# <colnr> <probs for GDERKNQSTAVLIFYWHMCP>
#	G	D	E	R	K	N	Q	S	T	A	V	L	I	F	Y	W	H	M	C	P
0	0.00668	0.00422	0.00535	0.02265	0.00659	0.00396	0.00398	0.00817	0.03990	0.12484	0.18617	0.25618	0.18043	0.05127	0.02874	0.00157	0.00261	0.05938	0.00360	0.00371
1	0.01935	0.00953	0.15432	0.08118	0.14547	0.04380	0.07548	0.08879	0.06128	0.01228	0.03181	0.10936	0.07181	0.00568	0.00466	0.04552	0.02802	0.00454	0.00243	0.00469
2	0.01080	0.04719	0.02575	0.05724	0.17732	0.19092	0.00741	0.12025	0.05224	0.09914	0.02466	0.03800	0.04437	0.01529	0.04407	0.00136	0.01919	0.00368	0.01612	0.00501
3	0.03325	0.00789	0.01264	0.20092	0.34509	0.01989	0.07837	0.03889	0.00827	0.01158	0.04654	0.01168	0.04872	0.02450	0.00502	0.00127	0.09483	0.00377	0.00205	0.00484
4	0.00587	0.00420	0.00500	0.00509	0.00602	0.00399	0.00371	0.05867	0.03969	0.04285	0.11985	0.40114	0.24301	0.00946	0.00444	0.00135	0.00224	0.02222	0.01767	0.00355
5	0.00998	0.22726	0.13248	0.02677	0.11031	0.12003	0.06740	0.08921	0.02686	0.04503	0.00829	0.07579	0.00731	0.00440	0.00358	0.00109	0.01651	0.02045	0.00223	0.00500
6	0.00804	0.01568	0.03887	0.04674	0.08678	0.07989	0.03937	0.10104	0.03029	0.02766	0.01219	0.08944	0.05580	0.25138	0.05584	0.00216	0.01613	0.03617	0.00255	0.00398
7	0.00570	0.00480	0.00568	0.00626	0.05665	0.04637	0.00424	0.02350	0.00767	0.00991	0.05234	0.24766	0.23069	0.06638	0.21207	0.00258	0.00445	0.00679	0.00288	0.00339
8	0.00735	0.04198	0.00859	0.11350	0.08845	0.00655	0.03003	0.06812	0.12416	0.02619	0.09539	0.20360	0.07250	0.02186	0.00440	0.00133	0.00324	0.07537	0.00307	0.00431
9	0.00978	0.10958	0.10461	0.06935	0.08865	0.08144	0.10847	0.16994	0.05906	0.02980	0.02475	0.08087	0.01665	0.02579	0.00407	0.00120	0.00448	0.00397	0.00251	0.00504
10	0.02162	0.05142	0.07090	0.18214	0.11016	0.12076	0.07357	0.07323	0.01804	0.01125	0.02862	0.01109	0.03584	0.02500	0.10767	0.00179	0.04675	0.00352	0.00208	0.00454
11	0.00543	0.00389	0.00492	0.00540	0.00599	0.00376	0.00390	0.05946	0.00826	0.01109	0.07108	0.58519	0.07227	0.01036	0.00459	0.00144	0.00236	0.10103	0.03625	0.00333
12	0.03028	0.04445	0.35172	0.04861	0.06270	0.01692	0.07983	0.08578	0.07772	0.01277	0.01932	0.00991	0.00655	0.00562	0.06426	0.00150	0.02962	0.01508	0.00213	0.03522
13	0.00776	0.02685	0.00804	0.04605	0.08530	0.04502	0.03606	0.08454	0.04750	0.06758	0.06917	0.27833	0.12973	0.00789	0.01900	0.00136	0.00328	0.02914	0.00317	0.00422
14	0.00539	0.00374	0.00467	0.00492	0.00564	0.00344	0.00352	0.01901	0.00839	0.04616	0.19888	0.42040	0.18342	0.04073	0.00506	0.00145	0.00218	0.03609	0.00359	0.00332
15	0.00504	0.00387	0.00448	0.00499	0.00536	0.03130	0.00335	0.00567	0.00720	0.00935	0.05282	0.55637	0.09925	0.16674	0.00722	0.00184	0.00255	0.02643	0.00320	0.00296
16	0.69178	0.03895	0.00625	0.00523	0.00741	0.00830	0.00427	0.03445	0.07518	0.01601	0.00708	0.04983	0.00591	0.00403	0.00259	0.00115	0.00288	0.00270	0.03181	0.00420

[dist]
# distance from previous block
# <min> <max>
0	1

[block]
# block no. 9 follows, 74 sequences, length 12
# corresponding to MSA columns:
# 1270-1281
name=unknown_J
#
# <colnr> <probs for GDERKNQSTAVLIFYWHMCP>
#	G	D	E	R	K	N	Q	S	T	A	V	L	I	F	Y	W	H	M	C	P
0	0.05685	0.23460	0.05035	0.00962	0.07848	0.36053	0.03116	0.07848	0.00968	0.03523	0.00625	0.00719	0.00510	0.00368	0.00329	0.00098	0.01911	0.00254	0.00204	0.00482
1	0.00606	0.00328	0.00467	0.00475	0.00487	0.00321	0.00317	0.00493	0.00536	0.00705	0.01049	0.09344	0.07610	0.04942	0.01297	0.69897	0.00303	0.00437	0.00196	0.00189
2	0.02131	0.03500	0.09390	0.06411	0.15645	0.10914	0.03927	0.09949	0.02586	0.04423	0.02761	0.09297	0.10036	0.02551	0.00415	0.00122	0.00413	0.02237	0.00258	0.03038
3	0.09254	0.21097	0.08204	0.02733	0.11417	0.10047	0.05905	0.12278	0.06269	0.01284	0.00760	0.04858	0.00646	0.00413	0.00359	0.00109	0.03321	0.00320	0.00225	0.00502
4	0.07980	0.00642	0.00744	0.00671	0.00822	0.00732	0.00527	0.17534	0.19043	0.01374	0.01104	0.06168	0.00963	0.04112	0.33850	0.00316	0.02271	0.00415	0.00283	0.00449
5	0.01075	0.00960	0.03531	0.00745	0.00996	0.15460	0.00607	0.22588	0.05455	0.06825	0.02154	0.07485	0.00862	0.00478	0.00372	0.00102	0.02250	0.03853	0.00292	0.23909
6	0.00750	0.12832	0.36935	0.00873	0.05366	0.00812	0.00896	0.02815	0.03652	0.01110	0.06055	0.03469	0.08517	0.00564	0.00497	0.08404	0.04118	0.01663	0.00212	0.00459
7	0.70424	0.00783	0.00595	0.00532	0.00742	0.08656	0.00423	0.01114	0.00682	0.05081	0.00615	0.00785	0.00508	0.07342	0.00380	0.00133	0.00330	0.00239	0.00236	0.00400
8	0.02883	0.02281	0.02446	0.09161	0.14765	0.01825	0.19372	0.10933	0.04526	0.06721	0.02920	0.09949	0.02651	0.00516	0.00420	0.00125	0.02314	0.05434	0.00265	0.00492
9	0.00911	0.01952	0.08172	0.09455	0.24778	0.07640	0.03139	0.11115	0.04532	0.03246	0.05479	0.02128	0.03793	0.01793	0.08329	0.00163	0.02259	0.00377	0.00239	0.00499
10	0.00546	0.00424	0.00470	0.00465	0.00569	0.00394	0.00339	0.08253	0.00894	0.01135	0.09412	0.23819	0.44759	0.06156	0.00529	0.00144	0.00225	0.00785	0.00345	0.00338
11	0.00794	0.10592	0.08161	0.04425	0.04466	0.01732	0.04747	0.14481	0.00952	0.01262	0.09418	0.04900	0.14990	0.03663	0.06605	0.00162	0.04356	0.03584	0.00271	0.00438

[dist]
# distance from previous block
# <min> <max>
0	5

[block]
# block no. 10 follows, 74 sequences, length 21
# corresponding to MSA columns:
# 1326-1346
name=unknown_K
#
# <colnr> <probs for GDERKNQSTAVLIFYWHMCP>
#	G	D	E	R	K	N	Q	S	T	A	V	L	I	F	Y	W	H	M	C	P
0	0.03715	0.03062	0.03935	0.00914	0.07760	0.13510	0.03017	0.14384	0.15812	0.16338	0.02528	0.03821	0.00878	0.03094	0.00449	0.00124	0.03990	0.01827	0.00310	0.00531
1	0.01890	0.06383	0.23000	0.05765	0.19972	0.00833	0.02919	0.08223	0.07135	0.02923	0.03858	0.08163	0.02421	0.00458	0.00365	0.00115	0.00414	0.00394	0.01564	0.03205
2	0.00642	0.00456	0.00509	0.00495	0.00610	0.00458	0.00376	0.03864	0.12027	0.02889	0.05589	0.08529	0.26346	0.06592	0.06197	0.00169	0.00287	0.05893	0.17701	0.00373
3	0.01006	0.05305	0.10766	0.04431	0.03443	0.15549	0.04350	0.20216	0.07467	0.03078	0.05839	0.07665	0.06456	0.01401	0.00392	0.00117	0.00429	0.01316	0.00282	0.00491
4	0.00988	0.03928	0.03215	0.01915	0.13375	0.09919	0.06170	0.19927	0.09089	0.03986	0.06791	0.10384	0.04954	0.03152	0.00431	0.00124	0.00398	0.00460	0.00294	0.00499
5	0.00505	0.00384	0.00491	0.00508	0.00573	0.00360	0.02841	0.02159	0.00754	0.00978	0.04620	0.39852	0.22595	0.15614	0.02418	0.00187	0.00269	0.04264	0.00319	0.00308
6	0.00699	0.05368	0.09176	0.13634	0.10580	0.04456	0.01892	0.02303	0.05113	0.01087	0.03552	0.18424	0.14599	0.00676	0.00405	0.00127	0.00363	0.06861	0.00265	0.00419
7	0.02817	0.04226	0.11803	0.02111	0.20301	0.04272	0.09487	0.15461	0.06122	0.06674	0.04359	0.03618	0.06189	0.00452	0.00376	0.00115	0.00423	0.00396	0.00267	0.00533
8	0.02343	0.05607	0.08085	0.08516	0.27868	0.06734	0.00872	0.13977	0.04984	0.01327	0.02335	0.04025	0.02977	0.00436	0.00384	0.00112	0.02781	0.01695	0.00236	0.04707
9	0.00670	0.00511	0.00590	0.00613	0.02457	0.02676	0.00429	0.08348	0.10614	0.02870	0.03425	0.45731	0.05122	0.10883	0.00608	0.00164	0.00280	0.03301	0.00333	0.00375
10	0.03073	0.34079	0.01313	0.02212	0.02787	0.29992	0.00640	0.05600	0.02610	0.01058	0.07602	0.00957	0.03157	0.00481	0.02890	0.00110	0.00483	0.00291	0.00215	0.00451
11	0.00791	0.00653	0.03670	0.00598	0.00815	0.00585	0.00480	0.08212	0.16213	0.04928	0.05316	0.12224	0.10476	0.04310	0.00430	0.00115	0.00281	0.00481	0.02588	0.26834
12	0.00937	0.22132	0.15580	0.02731	0.11169	0.08185	0.15234	0.04663	0.04528	0.02040	0.03376	0.02603	0.00681	0.00385	0.00370	0.00108	0.02867	0.00328	0.00204	0.01878
13	0.03473	0.12480	0.08405	0.03611	0.11915	0.08051	0.08782	0.05669	0.07990	0.08330	0.02637	0.04986	0.05498	0.00500	0.02278	0.00121	0.00430	0.00380	0.00253	0.04211
14	0.00726	0.00550	0.02814	0.02567	0.04747	0.02886	0.02177	0.03853	0.02219	0.10933	0.15130	0.18141	0.22350	0.02595	0.04389	0.00151	0.00307	0.00646	0.02419	0.00399
15	0.00564	0.00405	0.00497	0.00492	0.00541	0.00415	0.00340	0.04250	0.00714	0.00965	0.10880	0.11801	0.07912	0.38987	0.15151	0.00310	0.01771	0.03434	0.00273	0.00297
16	0.03677	0.10377	0.22504	0.02979	0.06085	0.05742	0.08874	0.14109	0.03564	0.03712	0.00927	0.10982	0.01693	0.00478	0.00387	0.00117	0.02651	0.00398	0.00240	0.00505
17	0.01041	0.06486	0.12611	0.03542	0.11602	0.16698	0.09044	0.12255	0.07614	0.04615	0.03572	0.01022	0.03083	0.00423	0.00407	0.00113	0.04775	0.00341	0.00242	0.00515
18	0.00660	0.00375	0.00503	0.00502	0.00510	0.03289	0.00338	0.00525	0.00513	0.00669	0.00698	0.03287	0.00708	0.03376	0.03432	0.79571	0.00349	0.00345	0.00169	0.00180
19	0.00585	0.00438	0.00545	0.00592	0.04905	0.00427	0.00400	0.06885	0.02190	0.01177	0.14570	0.34200	0.17190	0.05293	0.03966	0.00161	0.00268	0.00755	0.05101	0.00355
20	0.03518	0.16102	0.08548	0.04116	0.06222	0.11094	0.04787	0.16952	0.09872	0.04846	0.03614	0.02332	0.00773	0.00498	0.02556	0.01403	0.00449	0.01549	0.00259	0.00511

[dist]
# distance from previous block
# <min> <max>
10	14

[block]
# block no. 11 follows, 74 sequences, length 6
# corresponding to MSA columns:
# 1361-1366
name=unknown_L
#
# <colnr> <probs for GDERKNQSTAVLIFYWHMCP>
#	G	D	E	R	K	N	Q	S	T	A	V	L	I	F	Y	W	H	M	C	P
0	0.05138	0.00577	0.05675	0.03422	0.05493	0.00501	0.03679	0.02855	0.03151	0.01157	0.13260	0.13305	0.24812	0.08643	0.00550	0.00147	0.00291	0.04607	0.00303	0.02434
1	0.00733	0.00641	0.05678	0.00692	0.06374	0.04844	0.00501	0.07495	0.03593	0.05947	0.12717	0.21859	0.12062	0.14401	0.00650	0.00163	0.00312	0.00633	0.00314	0.00393
2	0.04436	0.02358	0.05994	0.06635	0.22531	0.05114	0.03479	0.06231	0.03572	0.01258	0.14025	0.07213	0.11026	0.00640	0.03760	0.00136	0.00391	0.00478	0.00266	0.00458
3	0.00637	0.04048	0.04973	0.04590	0.06814	0.02715	0.02760	0.00831	0.05770	0.01072	0.07065	0.11561	0.28260	0.05129	0.00523	0.00137	0.04266	0.04522	0.00286	0.04042
4	0.00743	0.00661	0.04556	0.00809	0.11503	0.02060	0.00568	0.10409	0.04064	0.03129	0.12602	0.10903	0.19226	0.04103	0.04659	0.00152	0.03897	0.00555	0.00302	0.05097
5	0.05095	0.02752	0.13025	0.10274	0.09396	0.09334	0.03537	0.05526	0.08329	0.03583	0.03469	0.03778	0.09026	0.01597	0.00401	0.00116	0.02404	0.00388	0.01503	0.06466

[dist]
# distance from previous block
# <min> <max>
0	13

[block]
# block no. 12 follows, 74 sequences, length 27
# corresponding to MSA columns:
# 1470-1496
name=unknown_M
#
# <colnr> <probs for GDERKNQSTAVLIFYWHMCP>
#	G	D	E	R	K	N	Q	S	T	A	V	L	I	F	Y	W	H	M	C	P
0	0.22081	0.16189	0.08817	0.00849	0.06489	0.14773	0.02618	0.12533	0.03620	0.03167	0.00674	0.00764	0.00532	0.01246	0.00320	0.00106	0.00428	0.00261	0.00229	0.04306
1	0.05015	0.09650	0.07362	0.12802	0.09157	0.04933	0.03283	0.11325	0.06708	0.02291	0.03063	0.03205	0.05603	0.02869	0.02606	0.00133	0.03326	0.01760	0.01903	0.03008
2	0.00582	0.00476	0.01855	0.04644	0.00712	0.02787	0.00434	0.02371	0.00678	0.00921	0.03274	0.21598	0.03250	0.20598	0.27400	0.01411	0.02473	0.00578	0.00248	0.03711
3	0.07104	0.16854	0.28236	0.03927	0.09493	0.02783	0.07617	0.06543	0.04340	0.05860	0.01950	0.00907	0.02063	0.00376	0.00338	0.00110	0.00455	0.00305	0.00215	0.00523
4	0.00474	0.00351	0.00439	0.00484	0.00538	0.00326	0.00340	0.00560	0.00766	0.01006	0.11346	0.46177	0.19915	0.07508	0.03947	0.00176	0.00253	0.04749	0.00337	0.00307
5	0.00950	0.05320	0.10199	0.01679	0.12484	0.05191	0.04879	0.13937	0.05865	0.07773	0.02734	0.07805	0.05018	0.04206	0.02498	0.00142	0.05447	0.03104	0.00272	0.00494
6	0.00566	0.00422	0.00535	0.00509	0.00608	0.00400	0.01806	0.04962	0.02265	0.01364	0.49211	0.16064	0.14115	0.00819	0.00437	0.00124	0.00209	0.02759	0.02468	0.00358
7	0.01315	0.01546	0.01022	0.00936	0.03179	0.66457	0.00695	0.05871	0.06391	0.03634	0.00771	0.00834	0.02857	0.00408	0.00343	0.00099	0.00592	0.00277	0.00226	0.02549
8	0.05213	0.00420	0.00480	0.00474	0.00523	0.00427	0.00313	0.05372	0.00687	0.02679	0.03406	0.15118	0.03460	0.49839	0.02724	0.02506	0.00333	0.03915	0.01820	0.00290
9	0.01061	0.49234	0.11309	0.00772	0.01080	0.18538	0.00742	0.06631	0.00879	0.01022	0.00573	0.00663	0.00489	0.00352	0.00309	0.00091	0.02920	0.00229	0.00181	0.02925
10	0.00779	0.02901	0.03772	0.05790	0.00970	0.02159	0.07478	0.11708	0.06357	0.02223	0.03775	0.07405	0.05414	0.19502	0.05832	0.00197	0.00409	0.03410	0.00268	0.09652
11	0.04191	0.07436	0.11596	0.00951	0.06270	0.11836	0.08661	0.18987	0.05220	0.09411	0.05333	0.02599	0.01459	0.02818	0.00406	0.00119	0.00443	0.01466	0.00277	0.00520
12	0.02921	0.07368	0.00770	0.00756	0.10208	0.03405	0.00506	0.05911	0.02904	0.03447	0.07389	0.28065	0.08829	0.08162	0.00558	0.01886	0.00306	0.05920	0.00300	0.00389
13	0.09687	0.02982	0.00608	0.01540	0.02151	0.02632	0.00421	0.00906	0.06753	0.10443	0.06346	0.25128	0.15669	0.07168	0.03689	0.00163	0.00299	0.02706	0.00323	0.00385
14	0.04520	0.12073	0.17511	0.00869	0.01164	0.04999	0.11248	0.08949	0.12101	0.05803	0.06017	0.02160	0.01693	0.02590	0.04817	0.00145	0.02223	0.00364	0.00255	0.00500
15	0.01396	0.00489	0.00576	0.00544	0.00652	0.02126	0.02926	0.08516	0.02139	0.05244	0.05193	0.28093	0.22174	0.13299	0.02336	0.00172	0.00289	0.00713	0.02766	0.00358
16	0.03639	0.00465	0.00554	0.02288	0.00641	0.00493	0.00383	0.06023	0.05367	0.01017	0.01411	0.05110	0.10830	0.30633	0.24825	0.00335	0.00506	0.00499	0.02376	0.02607
17	0.00943	0.07285	0.08910	0.12775	0.32323	0.06987	0.05905	0.08044	0.03821	0.02680	0.00845	0.01002	0.03902	0.00390	0.00384	0.00113	0.02616	0.00338	0.00211	0.00525
18	0.00898	0.10906	0.34161	0.03014	0.03197	0.09564	0.19883	0.02776	0.06006	0.01952	0.02027	0.00895	0.00600	0.00363	0.00360	0.00113	0.00525	0.00321	0.01927	0.00513
19	0.04507	0.00463	0.02923	0.00522	0.00629	0.00415	0.00399	0.02697	0.02938	0.06775	0.26914	0.29314	0.11869	0.05211	0.00506	0.00142	0.00236	0.02821	0.00356	0.00363
20	0.03321	0.00814	0.05301	0.39410	0.13202	0.08195	0.02513	0.01832	0.02805	0.02390	0.03564	0.07085	0.07078	0.00478	0.00378	0.00120	0.00442	0.00415	0.00217	0.00439
21	0.01049	0.07103	0.03724	0.04579	0.05459	0.24240	0.10317	0.06444	0.02570	0.07742	0.02455	0.02903	0.02465	0.05806	0.01524	0.00131	0.04706	0.00358	0.05968	0.00457
22	0.00463	0.00334	0.00433	0.00500	0.00530	0.00316	0.00335	0.00528	0.00699	0.00926	0.02043	0.68125	0.08589	0.09144	0.05002	0.00191	0.00267	0.00953	0.00326	0.00297
23	0.01579	0.03096	0.01020	0.10229	0.09631	0.02253	0.08512	0.13916	0.12499	0.02612	0.02811	0.09362	0.09215	0.00625	0.02465	0.00135	0.01525	0.04785	0.03256	0.00473
24	0.03668	0.00784	0.00782	0.00753	0.05133	0.16440	0.00539	0.11338	0.00866	0.06939	0.01017	0.05114	0.04390	0.09157	0.15063	0.12970	0.04016	0.00395	0.00246	0.00391
25	0.00623	0.00464	0.00646	0.00647	0.00739	0.01942	0.05821	0.02357	0.00805	0.05375	0.01923	0.41269	0.08111	0.02005	0.03138	0.00165	0.01643	0.21644	0.00329	0.00353
26	0.62560	0.06527	0.01880	0.00681	0.04567	0.02523	0.04784	0.03847	0.02860	0.04868	0.00615	0.00699	0.00474	0.00357	0.00278	0.00113	0.01448	0.00239	0.00236	0.00444

[dist]
# distance from previous block
# <min> <max>
2	9

[block]
# block no. 13 follows, 74 sequences, length 37
# corresponding to MSA columns:
# 1506-1542
name=unknown_N
#
# <colnr> <probs for GDERKNQSTAVLIFYWHMCP>
#	G	D	E	R	K	N	Q	S	T	A	V	L	I	F	Y	W	H	M	C	P
0	0.01894	0.02697	0.01015	0.04931	0.01088	0.04759	0.03827	0.30589	0.08081	0.06440	0.04252	0.04500	0.02817	0.02004	0.00520	0.00126	0.12065	0.04032	0.00307	0.04056
1	0.02784	0.08445	0.06885	0.02182	0.01862	0.13952	0.00693	0.17842	0.09288	0.09141	0.02746	0.03378	0.02364	0.02057	0.00482	0.00120	0.10275	0.02204	0.00279	0.03020
2	0.04487	0.00429	0.00464	0.00465	0.00564	0.02428	0.00340	0.00677	0.02692	0.02684	0.21732	0.19477	0.33404	0.06375	0.00525	0.00143	0.00225	0.02212	0.00346	0.00333
3	0.00731	0.00575	0.00664	0.03893	0.00795	0.03812	0.00488	0.10151	0.06008	0.04427	0.15611	0.20648	0.14537	0.02258	0.00503	0.00135	0.05691	0.07042	0.00336	0.01694
4	0.01086	0.00874	0.01145	0.19120	0.10163	0.02516	0.04934	0.10010	0.05288	0.03922	0.07303	0.15949	0.07156	0.00815	0.00556	0.00181	0.02693	0.05313	0.00380	0.00594
5	0.02245	0.02573	0.03181	0.04921	0.06139	0.04983	0.12113	0.06406	0.03742	0.09098	0.07934	0.08123	0.12083	0.04533	0.04722	0.00153	0.00406	0.02547	0.00287	0.03810
6	0.01045	0.00645	0.00760	0.01893	0.00842	0.02660	0.00510	0.20676	0.02659	0.21906	0.02840	0.13991	0.04486	0.10371	0.09072	0.00195	0.02478	0.00502	0.01997	0.00471
7	0.04714	0.04194	0.06441	0.31188	0.16742	0.05302	0.05835	0.04099	0.03783	0.02489	0.00812	0.02667	0.02046	0.00405	0.00378	0.00116	0.02076	0.02089	0.00206	0.04418
8	0.04814	0.06270	0.03049	0.09338	0.32578	0.04285	0.01850	0.03645	0.10471	0.02787	0.02444	0.03745	0.05661	0.04288	0.00457	0.00126	0.03072	0.00387	0.00235	0.00499
9	0.00742	0.00596	0.00716	0.00636	0.00776	0.05583	0.05587	0.03088	0.09823	0.07606	0.12942	0.08777	0.20385	0.04467	0.11529	0.00195	0.03867	0.00568	0.01715	0.00401
10	0.02591	0.04524	0.09119	0.18863	0.22618	0.08807	0.05695	0.03664	0.00862	0.04713	0.02373	0.01206	0.02381	0.00481	0.02346	0.00128	0.01828	0.05445	0.01870	0.00485
11	0.02632	0.04025	0.04463	0.07750	0.16039	0.08320	0.09058	0.10758	0.05135	0.11357	0.02689	0.04003	0.00781	0.02446	0.02579	0.00130	0.02125	0.00368	0.00887	0.04455
12	0.00508	0.00372	0.00449	0.00475	0.00549	0.00342	0.00339	0.00622	0.03155	0.02613	0.14294	0.36327	0.27619	0.04925	0.00545	0.02453	0.00219	0.03528	0.00347	0.00321
13	0.00684	0.00534	0.00749	0.00717	0.03534	0.02159	0.03968	0.02689	0.03464	0.04705	0.01124	0.03763	0.04623	0.05644	0.47719	0.00398	0.08607	0.00425	0.04114	0.00379
14	0.00888	0.00745	0.00951	0.00794	0.07680	0.00663	0.04328	0.11932	0.00906	0.02834	0.00714	0.00831	0.00575	0.00328	0.00350	0.00077	0.04513	0.00264	0.01933	0.58694
15	0.00722	0.00612	0.01939	0.06010	0.01954	0.02835	0.01321	0.08155	0.04495	0.02876	0.02762	0.07545	0.13169	0.12569	0.14198	0.00238	0.13124	0.04824	0.00264	0.00384
16	0.01280	0.00627	0.00769	0.00634	0.00855	0.04297	0.00510	0.01474	0.05948	0.52199	0.12684	0.03620	0.07177	0.00614	0.02226	0.00129	0.01698	0.02310	0.00412	0.00536
17	0.00752	0.00656	0.06180	0.02539	0.00805	0.04079	0.00506	0.07719	0.08324	0.07718	0.17894	0.04713	0.25674	0.02439	0.05533	0.00155	0.00331	0.03229	0.00337	0.00418
18	0.12296	0.02325	0.16140	0.00768	0.01034	0.06226	0.02314	0.24095	0.04403	0.01511	0.02353	0.07369	0.11667	0.00547	0.00400	0.00120	0.03849	0.01816	0.00282	0.00485
19	0.00523	0.00394	0.00469	0.00498	0.00573	0.00372	0.00355	0.05487	0.01921	0.01081	0.07141	0.46740	0.25424	0.04239	0.00509	0.00147	0.00227	0.03225	0.00346	0.00329
20	0.00829	0.02567	0.04368	0.10709	0.10984	0.08426	0.08437	0.07776	0.03038	0.03742	0.05932	0.11676	0.09666	0.02613	0.02869	0.00142	0.01274	0.04243	0.00266	0.00442
21	0.00871	0.12541	0.55856	0.00970	0.01411	0.10822	0.02665	0.04828	0.00853	0.01148	0.00706	0.04398	0.00565	0.00389	0.00344	0.00111	0.00525	0.00299	0.00179	0.00518
