[name]
unknown

[dist]
# distance from previous block
# <min> <max>
3	11

[block]
# block no. 0 follows, 26 sequences, length 24
# corresponding to MSA columns:
# 11-34
name=unknown_A
#
# <colnr> <probs for GDERKNQSTAVLIFYWHMCP>
#	G	D	E	R	K	N	Q	S	T	A	V	L	I	F	Y	W	H	M	C	P
0	0.01826	0.01268	0.01535	0.01149	0.01746	0.00991	0.00915	0.02145	0.01701	0.14026	0.05492	0.05979	0.01807	0.00784	0.00638	0.00152	0.00558	0.00651	0.00570	0.56069
1	0.00951	0.00771	0.00845	0.00826	0.01058	0.00664	0.00620	0.01195	0.01859	0.02357	0.26477	0.06792	0.49318	0.01806	0.00896	0.00251	0.00376	0.01530	0.00745	0.00664
2	0.00972	0.00713	0.00912	0.00985	0.01102	0.00653	0.00692	0.01190	0.01726	0.02331	0.26683	0.41498	0.13671	0.02035	0.00934	0.00278	0.00405	0.01816	0.00749	0.00653
3	0.01877	0.01802	0.03079	0.04656	0.68612	0.01802	0.02328	0.02328	0.01727	0.02478	0.01427	0.01877	0.01201	0.00676	0.00751	0.00225	0.00901	0.00676	0.00375	0.01201
4	0.03338	0.01395	0.01825	0.01399	0.01988	0.01270	0.01156	0.11501	0.02346	0.61086	0.02846	0.02487	0.01804	0.00935	0.00762	0.00234	0.00669	0.00753	0.00916	0.01291
5	0.02657	0.01956	0.02118	0.01646	0.02200	0.02147	0.01351	0.57994	0.03389	0.04563	0.10127	0.02302	0.02024	0.00991	0.00776	0.00229	0.00775	0.00769	0.00768	0.01218
6	0.02028	0.73799	0.03975	0.01298	0.01947	0.03001	0.01298	0.02271	0.01541	0.01785	0.01055	0.01217	0.00973	0.00649	0.00487	0.00162	0.00811	0.00406	0.00324	0.00973
7	0.01004	0.00762	0.00945	0.01059	0.01216	0.00702	0.00816	0.01223	0.01637	0.02076	0.05345	0.30751	0.26748	0.02134	0.00967	0.00302	0.00499	0.20463	0.00702	0.00649
8	0.06727	0.08512	0.01958	0.01388	0.01947	0.01653	0.01145	0.10236	0.19036	0.25344	0.02361	0.02213	0.01674	0.00865	0.00693	0.00216	0.00656	0.00680	0.00721	0.11974
9	0.01793	0.41008	0.31706	0.01658	0.02509	0.02390	0.01921	0.02312	0.01568	0.02076	0.01197	0.01395	0.00974	0.00676	0.00589	0.00193	0.00932	0.00473	0.00328	0.04300
10	0.01797	0.17878	0.42137	0.02219	0.10130	0.02078	0.02309	0.08535	0.01793	0.02514	0.01350	0.01574	0.01022	0.00719	0.00680	0.00221	0.01005	0.00553	0.00370	0.01116
11	0.01097	0.00838	0.01036	0.01140	0.01308	0.00816	0.00880	0.01491	0.07531	0.02177	0.04832	0.31588	0.19048	0.02064	0.00959	0.00304	0.00522	0.20959	0.00709	0.00700
12	0.01868	0.01902	0.03636	0.12687	0.19157	0.01901	0.36035	0.08504	0.01910	0.02602	0.01512	0.01981	0.01157	0.00690	0.00829	0.00245	0.01111	0.00793	0.00412	0.01066
13	0.01691	0.09258	0.20882	0.10663	0.02983	0.01857	0.11570	0.05094	0.16937	0.02523	0.02002	0.07710	0.01651	0.00918	0.00762	0.00245	0.00914	0.00813	0.00485	0.01041
14	0.01811	0.15933	0.18266	0.08248	0.20273	0.01802	0.01885	0.02279	0.01687	0.08684	0.02268	0.02445	0.09545	0.00869	0.00713	0.00224	0.00855	0.00721	0.00445	0.01047
15	0.00946	0.00765	0.00841	0.00833	0.01058	0.00660	0.00621	0.01180	0.01828	0.02312	0.23905	0.10198	0.48510	0.01844	0.00900	0.00254	0.00380	0.01567	0.00740	0.00660
16	0.01036	0.00722	0.00832	0.00873	0.00915	0.00696	0.00531	0.01090	0.01262	0.01651	0.03467	0.20970	0.11480	0.47981	0.02820	0.00576	0.00623	0.01409	0.00547	0.00518
17	0.04114	0.11777	0.33552	0.06025	0.09288	0.03635	0.04600	0.04190	0.07998	0.05524	0.01574	0.01772	0.01173	0.00752	0.00703	0.00230	0.00972	0.00606	0.00419	0.01096
18	0.00951	0.00726	0.00867	0.00966	0.01103	0.00656	0.00693	0.01121	0.01571	0.01990	0.05439	0.37885	0.29431	0.05592	0.01087	0.00312	0.00458	0.07832	0.00692	0.00626
19	0.02707	0.01653	0.01901	0.01512	0.02042	0.01731	0.01230	0.30199	0.13412	0.24433	0.08824	0.02596	0.02209	0.01001	0.00775	0.00236	0.00691	0.00803	0.00824	0.01220
20	0.01830	0.04375	0.16238	0.08978	0.13691	0.03897	0.04290	0.10876	0.01984	0.06066	0.06564	0.05935	0.02130	0.01050	0.00798	0.00250	0.00880	0.08621	0.00526	0.01020
21	0.01835	0.19026	0.16105	0.02566	0.07898	0.04720	0.29110	0.02374	0.01676	0.02228	0.01344	0.01715	0.01064	0.00698	0.00827	0.00230	0.04523	0.00677	0.00355	0.01028
22	0.03374	0.01338	0.01789	0.01372	0.01960	0.01184	0.01133	0.07202	0.02249	0.65521	0.02927	0.02539	0.01845	0.00937	0.00763	0.00234	0.00656	0.00758	0.00929	0.01291
23	0.01060	0.00795	0.01001	0.01098	0.01234	0.00769	0.00808	0.01417	0.06666	0.02245	0.13155	0.40896	0.12437	0.02065	0.00947	0.00295	0.00474	0.11221	0.00726	0.00690

[dist]
# distance from previous block
# <min> <max>
0	1

[block]
# block no. 1 follows, 26 sequences, length 58
# corresponding to MSA columns:
# 36-93
name=unknown_B
#
# <colnr> <probs for GDERKNQSTAVLIFYWHMCP>
#	G	D	E	R	K	N	Q	S	T	A	V	L	I	F	Y	W	H	M	C	P
0	0.02062	0.02427	0.12954	0.02622	0.18747	0.12852	0.07107	0.08699	0.19379	0.02756	0.01862	0.02015	0.01428	0.00812	0.00754	0.00234	0.00955	0.00695	0.00510	0.01130
1	0.01218	0.01006	0.01300	0.01263	0.01380	0.04328	0.00963	0.01438	0.01242	0.01729	0.01955	0.03076	0.01900	0.14752	0.51830	0.01027	0.07694	0.00826	0.00407	0.00669
2	0.01963	0.01991	0.06338	0.03242	0.27172	0.01918	0.21286	0.10692	0.12190	0.02859	0.01765	0.02057	0.01360	0.00752	0.00797	0.00240	0.00971	0.00766	0.00486	0.01155
3	0.00938	0.00707	0.00869	0.00961	0.01084	0.00637	0.00670	0.01120	0.01631	0.02130	0.14540	0.44727	0.22977	0.02128	0.00937	0.00283	0.00412	0.01886	0.00723	0.00637
4	0.01521	0.03923	0.69413	0.02162	0.03283	0.01762	0.02802	0.02402	0.01601	0.02402	0.01361	0.01601	0.00961	0.00721	0.00721	0.00240	0.01121	0.00560	0.00320	0.01121
5	0.01635	0.01555	0.02642	0.41008	0.34150	0.01739	0.02208	0.02116	0.01613	0.02184	0.01384	0.01956	0.01098	0.00721	0.00755	0.00240	0.00961	0.00675	0.00355	0.01006
6	0.01923	0.59307	0.17547	0.01477	0.02224	0.02744	0.01610	0.02298	0.01554	0.01913	0.01118	0.01297	0.00971	0.00664	0.00535	0.00178	0.00875	0.00438	0.00324	0.01004
7	0.00937	0.00777	0.00836	0.00840	0.01079	0.00676	0.00640	0.01155	0.01734	0.02124	0.12156	0.06973	0.56362	0.02119	0.04957	0.00315	0.00493	0.04477	0.00697	0.00651
8	0.03373	0.01340	0.01790	0.01373	0.01961	0.01187	0.01134	0.07338	0.02252	0.65380	0.02924	0.02537	0.01843	0.00937	0.00763	0.00234	0.00656	0.00758	0.00928	0.01291
9	0.23954	0.01614	0.04192	0.01370	0.01926	0.01599	0.01159	0.12912	0.11087	0.29360	0.02226	0.02087	0.01520	0.00874	0.00680	0.00237	0.00670	0.00658	0.00734	0.01142
10	0.01440	0.01053	0.01326	0.01313	0.03915	0.01140	0.00932	0.02127	0.17483	0.05944	0.11216	0.03674	0.02862	0.18428	0.23074	0.00656	0.01056	0.00954	0.00592	0.00815
11	0.00965	0.00719	0.00898	0.00963	0.01095	0.00652	0.00681	0.01181	0.01728	0.02307	0.24996	0.37955	0.19039	0.02021	0.00930	0.00275	0.00402	0.01793	0.00745	0.00652
12	0.01877	0.01802	0.03079	0.04656	0.68612	0.01802	0.02328	0.02328	0.01727	0.02478	0.01427	0.01877	0.01201	0.00676	0.00751	0.00225	0.00901	0.00676	0.00375	0.01201
13	0.01877	0.01802	0.03079	0.04656	0.68612	0.01802	0.02328	0.02328	0.01727	0.02478	0.01427	0.01877	0.01201	0.00676	0.00751	0.00225	0.00901	0.00676	0.00375	0.01201
14	0.01702	0.03154	0.44876	0.02370	0.03345	0.01742	0.20381	0.02463	0.01685	0.06082	0.01499	0.01779	0.01071	0.00704	0.00766	0.00239	0.01118	0.00662	0.00377	0.03986
15	0.00957	0.00684	0.00918	0.01094	0.01152	0.00644	0.00761	0.01113	0.01485	0.01973	0.04162	0.65765	0.04945	0.02345	0.00977	0.00313	0.00469	0.08915	0.00703	0.00625
16	0.02028	0.73799	0.03975	0.01298	0.01947	0.03001	0.01298	0.02271	0.01541	0.01785	0.01055	0.01217	0.00973	0.00649	0.00487	0.00162	0.00811	0.00406	0.00324	0.00973
17	0.01643	0.01504	0.02509	0.01943	0.02391	0.01516	0.23889	0.11163	0.05207	0.02912	0.22287	0.06565	0.06516	0.01155	0.00966	0.00253	0.04948	0.01085	0.00620	0.00928
18	0.01531	0.01389	0.02284	0.11036	0.25725	0.01421	0.08172	0.04343	0.04697	0.02375	0.04446	0.24183	0.02601	0.01264	0.00840	0.00259	0.00776	0.01189	0.00521	0.00946
19	0.01182	0.00942	0.01387	0.01300	0.01414	0.01101	0.03368	0.01396	0.01209	0.01731	0.01968	0.03218	0.01948	0.19616	0.45343	0.00974	0.09973	0.00861	0.00408	0.00661
20	0.74485	0.05444	0.01272	0.01014	0.01493	0.01773	0.00848	0.02232	0.01305	0.03314	0.01056	0.01231	0.00830	0.00701	0.00470	0.00231	0.00599	0.00410	0.00461	0.00830
21	0.02111	0.02109	0.04517	0.01735	0.05755	0.19672	0.03645	0.05528	0.01907	0.07717	0.06003	0.01929	0.01556	0.00789	0.00771	0.00186	0.04546	0.00603	0.00497	0.28422
22	0.01931	0.01652	0.01740	0.01553	0.01989	0.01908	0.01211	0.06817	0.64382	0.03245	0.03030	0.02785	0.02269	0.01024	0.00771	0.00256	0.00611	0.00850	0.00771	0.01205
23	0.01318	0.00659	0.00988	0.00988	0.00988	0.00659	0.00659	0.00988	0.00988	0.01318	0.01318	0.02306	0.01318	0.02635	0.02964	0.77931	0.00659	0.00659	0.00329	0.00329
24	0.01659	0.01659	0.02323	0.01991	0.01991	0.02323	0.01659	0.01825	0.01162	0.01825	0.00996	0.01659	0.00996	0.01328	0.02489	0.00332	0.71955	0.00664	0.00332	0.00830
25	0.01097	0.00771	0.00993	0.00937	0.01116	0.00715	0.00703	0.01454	0.02109	0.03027	0.63734	0.05473	0.06802	0.01505	0.00870	0.00234	0.00358	0.01326	0.06060	0.00715
26	0.00905	0.00769	0.00780	0.00777	0.01029	0.00644	0.00583	0.01104	0.01748	0.02094	0.10449	0.07225	0.65511	0.01904	0.00896	0.00255	0.00383	0.01590	0.00710	0.00644
27	0.01074	0.00775	0.01014	0.00954	0.01133	0.00716	0.00716	0.01431	0.02147	0.03042	0.68211	0.05666	0.07157	0.01551	0.00895	0.00239	0.00358	0.01372	0.00835	0.00716
28	0.78701	0.01467	0.01115	0.00997	0.01467	0.01702	0.00821	0.02230	0.01291	0.03403	0.01056	0.01232	0.00821	0.00704	0.00469	0.00235	0.00587	0.00411	0.00469	0.00821
29	0.01758	0.01681	0.02864	0.22529	0.51667	0.01771	0.02269	0.02224	0.01671	0.02334	0.01406	0.01916	0.01151	0.00698	0.00753	0.00233	0.00931	0.00675	0.00365	0.01106
30	0.02864	0.02702	0.02227	0.01826	0.02349	0.28696	0.01451	0.41635	0.03017	0.03647	0.01570	0.01645	0.01169	0.00861	0.00730	0.00215	0.01041	0.00608	0.00616	0.01131
31	0.01103	0.00735	0.00827	0.00827	0.00827	0.00735	0.00460	0.01103	0.01103	0.01471	0.02390	0.04964	0.02758	0.73343	0.03861	0.00735	0.00735	0.01103	0.00460	0.00460
32	0.78701	0.01467	0.01115	0.00997	0.01467	0.01702	0.00821	0.02230	0.01291	0.03403	0.01056	0.01232	0.00821	0.00704	0.00469	0.00235	0.00587	0.00411	0.00469	0.00821
33	0.02883	0.02125	0.02276	0.01745	0.02352	0.02352	0.01442	0.66082	0.03566	0.04780	0.01821	0.01821	0.01290	0.00911	0.00759	0.00228	0.00835	0.00683	0.00759	0.01290
34	0.01084	0.00813	0.01219	0.01219	0.01354	0.00948	0.00948	0.01354	0.01219	0.01761	0.02032	0.02980	0.01896	0.05689	0.70337	0.01219	0.02032	0.00813	0.00406	0.00677
35	0.01074	0.00775	0.01014	0.00954	0.01133	0.00716	0.00716	0.01431	0.02147	0.03042	0.68211	0.05666	0.07157	0.01551	0.00895	0.00239	0.00358	0.01372	0.00835	0.00716
36	0.01887	0.01629	0.01715	0.01544	0.01972	0.01887	0.01201	0.04031	0.67241	0.03173	0.03087	0.02830	0.02315	0.01029	0.00772	0.00257	0.00600	0.00858	0.00772	0.01201
37	0.01659	0.01659	0.02323	0.01991	0.01991	0.02323	0.01659	0.01825	0.01162	0.01825	0.00996	0.01659	0.00996	0.01328	0.02489	0.00332	0.71955	0.00664	0.00332	0.00830
38	0.01521	0.03923	0.69413	0.02162	0.03283	0.01762	0.02802	0.02402	0.01601	0.02402	0.01361	0.01601	0.00961	0.00721	0.00721	0.00240	0.01121	0.00560	0.00320	0.01121
39	0.01837	0.01863	0.03403	0.03807	0.38860	0.01877	0.23167	0.02448	0.06177	0.02471	0.01550	0.01985	0.01249	0.00726	0.00901	0.00244	0.05153	0.00760	0.00403	0.01121
40	0.73468	0.01490	0.01249	0.01247	0.06040	0.01708	0.00924	0.02236	0.01321	0.03340	0.01081	0.01276	0.00847	0.00702	0.00489	0.00234	0.00608	0.00429	0.00463	0.00847
41	0.01387	0.01242	0.01801	0.05550	0.05269	0.01591	0.01337	0.01611	0.01227	0.01808	0.01561	0.02500	0.01513	0.09611	0.28244	0.00697	0.31156	0.00762	0.00375	0.00757
42	0.01103	0.00735	0.00827	0.00827	0.00827	0.00735	0.00460	0.01103	0.01103	0.01471	0.02390	0.04964	0.02758	0.73343	0.03861	0.00735	0.00735	0.01103	0.00460	0.00460
43	0.01199	0.00860	0.01000	0.00964	0.01202	0.00803	0.00735	0.01625	0.07130	0.05555	0.27955	0.09064	0.28284	0.01643	0.00869	0.00251	0.00420	0.04440	0.05253	0.00747
44	0.01084	0.00813	0.01219	0.01219	0.01354	0.00948	0.00948	0.01354	0.01219	0.01761	0.02032	0.02980	0.01896	0.05689	0.70337	0.01219	0.02032	0.00813	0.00406	0.00677
45	0.01102	0.00739	0.00847	0.00847	0.00853	0.00746	0.00484	0.01115	0.01109	0.01485	0.02372	0.04866	0.02715	0.70017	0.07129	0.00759	0.00799	0.01089	0.00457	0.00470
46	0.01084	0.00813	0.01219	0.01219	0.01354	0.00948	0.00948	0.01354	0.01219	0.01761	0.02032	0.02980	0.01896	0.05689	0.70337	0.01219	0.02032	0.00813	0.00406	0.00677
47	0.00943	0.00765	0.00836	0.00828	0.01056	0.00659	0.00617	0.01175	0.01824	0.02298	0.22984	0.09718	0.49957	0.01846	0.00899	0.00254	0.00380	0.01566	0.00738	0.00659
48	0.78701	0.01467	0.01115	0.00997	0.01467	0.01702	0.00821	0.02230	0.01291	0.03403	0.01056	0.01232	0.00821	0.00704	0.00469	0.00235	0.00587	0.00411	0.00469	0.00821
49	0.01775	0.14539	0.14554	0.01606	0.02360	0.01698	0.08023	0.07504	0.01762	0.02529	0.01358	0.01586	0.01085	0.00643	0.00628	0.00168	0.00802	0.00527	0.00424	0.36430
50	0.00975	0.00705	0.00933	0.01097	0.01178	0.00663	0.00787	0.01149	0.01523	0.02003	0.04390	0.57055	0.09212	0.02296	0.00977	0.00312	0.00482	0.12929	0.00703	0.00632
51	0.03403	0.01291	0.01760	0.01350	0.01936	0.01115	0.01115	0.03697	0.02171	0.69137	0.02992	0.02582	0.01878	0.00939	0.00763	0.00235	0.00645	0.00763	0.00939	0.01291
52	0.01080	0.00734	0.00826	0.00835	0.00855	0.00723	0.00480	0.01100	0.01164	0.01534	0.02843	0.08639	0.07339	0.64803	0.03509	0.00681	0.00696	0.01192	0.00489	0.00480
53	0.00924	0.00660	0.00880	0.01056	0.01100	0.00616	0.00704	0.01056	0.01452	0.01936	0.04181	0.72848	0.05017	0.02376	0.00968	0.00308	0.00440	0.02156	0.00704	0.00616
54	0.01129	0.00796	0.00983	0.00924	0.01140	0.00714	0.00697	0.01442	0.02041	0.05647	0.49919	0.05950	0.22559	0.01619	0.00889	0.00243	0.00377	0.01404	0.00806	0.00721
55	0.01103	0.00735	0.00827	0.00827	0.00827	0.00735	0.00460	0.01103	0.01103	0.01471	0.02390	0.04964	0.02758	0.73343	0.03861	0.00735	0.00735	0.01103	0.00460	0.00460
56	0.01860	0.01785	0.03048	0.07236	0.66166	0.01798	0.02319	0.02313	0.01719	0.02457	0.01424	0.01883	0.01194	0.00679	0.00751	0.00226	0.00905	0.00676	0.00374	0.01188
57	0.02274	0.01822	0.01933	0.01622	0.02120	0.02067	0.01294	0.28120	0.42521	0.03797	0.02596	0.02438	0.01917	0.00983	0.00767	0.00246	0.00691	0.00790	0.00767	0.01235

[dist]
# distance from previous block
# <min> <max>
0	1

# created by:
# /usr/local/bin/augustus/scripts/msa2prfl.pl /tmp/new_cug2/dynein-light-chain-8.fasta
