[name]
unknown

[dist]
# distance from previous block
# <min> <max>
0	326

[block]
# block no. 0 follows, 50 sequences, length 18
# corresponding to MSA columns:
# 357-374
name=unknown_A
#
# <colnr> <probs for GDERKNQSTAVLIFYWHMCP>
#	G	D	E	R	K	N	Q	S	T	A	V	L	I	F	Y	W	H	M	C	P
0	0.01079	0.14251	0.08927	0.02958	0.01321	0.03338	0.00784	0.03329	0.01084	0.01549	0.04020	0.02890	0.03072	0.00599	0.03325	0.00128	0.00485	0.00382	0.00293	0.46188
1	0.86003	0.00964	0.00733	0.00655	0.00964	0.01118	0.00540	0.01465	0.00848	0.02236	0.00694	0.00810	0.00540	0.00463	0.00308	0.00154	0.00386	0.00270	0.00308	0.00540
2	0.00614	0.00479	0.00551	0.00588	0.00694	0.00423	0.00416	0.00734	0.01086	0.01380	0.12526	0.32388	0.40491	0.04449	0.00680	0.00191	0.00273	0.01153	0.00466	0.00416
3	0.00612	0.00506	0.00537	0.00529	0.00688	0.00431	0.00397	0.00761	0.01191	0.01477	0.19906	0.04582	0.64233	0.01214	0.00589	0.00166	0.00249	0.01022	0.00480	0.00431
4	0.01073	0.00909	0.01055	0.00757	0.01198	0.00705	0.00607	0.04778	0.01094	0.01694	0.00900	0.01041	0.00743	0.00380	0.00375	0.00077	0.00377	0.00302	0.00305	0.81628
5	0.00919	0.00768	0.01150	0.29500	0.10169	0.00848	0.00961	0.08076	0.01124	0.01492	0.01749	0.34329	0.01855	0.00970	0.00562	0.00180	0.00485	0.03964	0.00357	0.00541
6	0.00781	0.00596	0.00700	0.00716	0.00841	0.00594	0.00533	0.02888	0.12529	0.01567	0.13213	0.25919	0.17688	0.07159	0.00737	0.00205	0.00330	0.09973	0.02549	0.00484
7	0.05118	0.00544	0.00562	0.00540	0.00689	0.00538	0.00411	0.02740	0.03205	0.03282	0.10972	0.03904	0.15186	0.00763	0.00431	0.00136	0.00259	0.00626	0.49609	0.00484
8	0.01132	0.01278	0.11665	0.27255	0.13869	0.02591	0.15751	0.04632	0.01109	0.03357	0.00961	0.01282	0.00742	0.00570	0.01943	0.00175	0.08006	0.00462	0.02571	0.00649
9	0.01206	0.50188	0.22155	0.01103	0.01586	0.01638	0.07464	0.01486	0.01018	0.01304	0.00801	0.01008	0.00691	0.03449	0.00502	0.00142	0.03046	0.00341	0.00219	0.00652
10	0.00617	0.00462	0.00575	0.00650	0.00723	0.00420	0.00455	0.00730	0.01040	0.01352	0.08921	0.54305	0.22315	0.01440	0.00623	0.00192	0.00282	0.04013	0.00469	0.00416
11	0.00694	0.00473	0.00563	0.00601	0.00613	0.00464	0.00367	0.00728	0.00806	0.01074	0.01946	0.25831	0.02275	0.56348	0.01925	0.00394	0.00427	0.03780	0.00354	0.00337
12	0.02469	0.09309	0.16289	0.13083	0.18608	0.05853	0.09224	0.01549	0.02998	0.06144	0.01186	0.01389	0.04656	0.00599	0.02293	0.00168	0.02777	0.00456	0.00274	0.00674
13	0.01083	0.01119	0.09846	0.12929	0.05683	0.00986	0.22988	0.03250	0.01157	0.07618	0.10144	0.05810	0.05159	0.00859	0.05870	0.00208	0.03725	0.00617	0.00331	0.00617
14	0.00892	0.00723	0.01022	0.09254	0.17772	0.00725	0.00805	0.01156	0.05316	0.03563	0.05562	0.12227	0.21561	0.04778	0.00647	0.00185	0.00412	0.08068	0.04788	0.00544
15	0.03630	0.19298	0.27589	0.01240	0.01722	0.09934	0.07689	0.07528	0.04692	0.06882	0.00978	0.01093	0.00741	0.00510	0.00503	0.00147	0.04455	0.00384	0.00286	0.00697
16	0.01118	0.00977	0.04604	0.07516	0.06790	0.02987	0.12355	0.09975	0.01292	0.08344	0.05913	0.08047	0.17572	0.00911	0.02338	0.00183	0.00527	0.07552	0.00398	0.00602
17	0.00912	0.05017	0.01008	0.00862	0.01030	0.00730	0.06583	0.08946	0.01153	0.01583	0.02132	0.28270	0.05783	0.03959	0.05879	0.00228	0.00467	0.12823	0.10303	0.02331

[dist]
# distance from previous block
# <min> <max>
0	10

[block]
# block no. 1 follows, 50 sequences, length 26
# corresponding to MSA columns:
# 385-410
name=unknown_B
#
# <colnr> <probs for GDERKNQSTAVLIFYWHMCP>
#	G	D	E	R	K	N	Q	S	T	A	V	L	I	F	Y	W	H	M	C	P
0	0.01268	0.08193	0.01640	0.15619	0.21950	0.09851	0.04198	0.10201	0.08810	0.01667	0.01280	0.06121	0.03754	0.00592	0.00489	0.00151	0.00583	0.00508	0.00316	0.02809
1	0.01023	0.00797	0.00944	0.00819	0.01040	0.00824	0.03197	0.10781	0.16396	0.05527	0.20267	0.03108	0.27673	0.00935	0.00605	0.00165	0.04046	0.00779	0.00484	0.00590
2	0.03660	0.04442	0.06291	0.04197	0.13136	0.21901	0.08730	0.08678	0.04816	0.01612	0.03197	0.06606	0.03145	0.00631	0.00581	0.00156	0.06761	0.00508	0.00308	0.00643
3	0.01066	0.00654	0.00733	0.00664	0.00818	0.00666	0.00491	0.11495	0.04173	0.07668	0.06926	0.06141	0.06791	0.18904	0.03907	0.00242	0.00397	0.00641	0.27107	0.00516
4	0.01202	0.01655	0.27080	0.01723	0.15731	0.01254	0.14119	0.08862	0.14561	0.01799	0.01130	0.01289	0.00856	0.00532	0.00581	0.00163	0.05953	0.00464	0.00303	0.00742
5	0.00674	0.00496	0.00633	0.00636	0.00742	0.00455	0.00470	0.00865	0.01271	0.01745	0.50776	0.19896	0.14127	0.01176	0.00602	0.00170	0.00257	0.04042	0.00516	0.00450
6	0.01191	0.03350	0.05156	0.14431	0.31841	0.01176	0.01209	0.08460	0.16968	0.01777	0.04132	0.02961	0.01121	0.00670	0.03258	0.00178	0.00571	0.00498	0.00332	0.00720
7	0.00726	0.00498	0.00587	0.00592	0.00696	0.00466	0.00434	0.00893	0.01136	0.01594	0.27285	0.08685	0.18597	0.13408	0.00854	0.00211	0.00299	0.07547	0.15065	0.00429
8	0.01802	0.01350	0.01443	0.01128	0.01510	0.01502	0.00925	0.67043	0.13164	0.02991	0.01315	0.01291	0.00943	0.00609	0.00500	0.00152	0.00527	0.00465	0.00500	0.00839
9	0.00737	0.00541	0.00749	0.00741	0.00820	0.00605	0.00550	0.02581	0.00832	0.01167	0.01523	0.02336	0.04272	0.21004	0.58460	0.00692	0.01088	0.00594	0.00287	0.00422
10	0.00711	0.00493	0.00581	0.00598	0.00655	0.00474	0.00402	0.00801	0.00949	0.01277	0.12627	0.11222	0.12413	0.41393	0.01555	0.00329	0.00388	0.08398	0.04360	0.00373
11	0.01010	0.02506	0.75373	0.01461	0.02184	0.01164	0.06296	0.01580	0.01060	0.01580	0.00901	0.01070	0.00639	0.00470	0.00480	0.00158	0.00743	0.00381	0.00213	0.00733
12	0.00596	0.00501	0.00517	0.00522	0.00680	0.00422	0.00388	0.00724	0.01137	0.01372	0.08277	0.09643	0.70978	0.01270	0.00592	0.00170	0.00254	0.01068	0.00467	0.00422
13	0.00712	0.00534	0.00801	0.00801	0.00890	0.00623	0.00623	0.00890	0.00801	0.01157	0.01335	0.01958	0.01246	0.03738	0.80507	0.00801	0.01335	0.00534	0.00267	0.00445
14	0.01797	0.02278	0.01558	0.01362	0.01642	0.72964	0.08232	0.01953	0.01390	0.01256	0.00793	0.00941	0.00653	0.00505	0.00463	0.00132	0.00893	0.00346	0.00256	0.00587
15	0.01000	0.02578	0.79900	0.01421	0.02157	0.01158	0.01842	0.01579	0.01052	0.01579	0.00895	0.01052	0.00631	0.00474	0.00474	0.00158	0.00737	0.00368	0.00210	0.00737
16	0.01213	0.03073	0.02318	0.07394	0.13258	0.05924	0.42829	0.03768	0.06004	0.01630	0.04682	0.01422	0.00978	0.00495	0.00574	0.00162	0.02778	0.00540	0.00285	0.00674
17	0.00779	0.00525	0.00668	0.00631	0.00766	0.00475	0.00473	0.00986	0.01341	0.06773	0.58377	0.09326	0.14861	0.01066	0.00586	0.00161	0.00253	0.00934	0.00535	0.00483
18	0.00904	0.00838	0.01197	0.25639	0.13106	0.04778	0.02699	0.01133	0.01029	0.01325	0.03175	0.02331	0.16475	0.05058	0.16098	0.00301	0.00698	0.02387	0.00299	0.00529
19	0.01333	0.82783	0.02612	0.00853	0.01279	0.01972	0.00853	0.01493	0.01013	0.01173	0.00693	0.00800	0.00640	0.00426	0.00320	0.00107	0.00533	0.00267	0.00213	0.00640
20	0.00619	0.00442	0.00592	0.00707	0.00741	0.00415	0.00483	0.00714	0.00966	0.01285	0.02741	0.77655	0.03272	0.01551	0.00639	0.00204	0.00299	0.05806	0.00462	0.00408
21	0.00620	0.00443	0.00593	0.00708	0.00743	0.00416	0.00484	0.00715	0.00967	0.01286	0.02740	0.77315	0.03270	0.01550	0.00640	0.00204	0.00300	0.06137	0.00462	0.00408
22	0.23840	0.04541	0.05125	0.02820	0.03191	0.09821	0.00819	0.17780	0.10865	0.04221	0.03775	0.03328	0.01033	0.00662	0.02487	0.00167	0.00524	0.00434	0.03908	0.00657
23	0.10468	0.10626	0.12940	0.03170	0.09063	0.11263	0.02986	0.09795	0.02834	0.07495	0.01091	0.03468	0.00895	0.00550	0.00449	0.00143	0.00576	0.03224	0.00323	0.08641
24	0.16446	0.15956	0.04669	0.03194	0.04937	0.09355	0.08441	0.14717	0.08781	0.01896	0.03000	0.02594	0.00912	0.00545	0.00468	0.00148	0.02523	0.00421	0.00330	0.00667
25	0.03984	0.05244	0.07399	0.03049	0.11003	0.16263	0.07330	0.13608	0.06987	0.03787	0.01158	0.01299	0.02815	0.00563	0.00557	0.00150	0.06678	0.00437	0.05319	0.02368

[dist]
# distance from previous block
# <min> <max>
0	15

[block]
# block no. 2 follows, 50 sequences, length 67
# corresponding to MSA columns:
# 426-492
name=unknown_C
#
# <colnr> <probs for GDERKNQSTAVLIFYWHMCP>
#	G	D	E	R	K	N	Q	S	T	A	V	L	I	F	Y	W	H	M	C	P
0	0.00831	0.00522	0.00645	0.00692	0.02963	0.00491	0.00480	0.00990	0.01001	0.03308	0.02004	0.35287	0.02073	0.01129	0.03576	0.02186	0.00333	0.02116	0.31439	0.07936
1	0.01026	0.00972	0.01647	0.58744	0.25316	0.01130	0.01426	0.01347	0.01037	0.01376	0.00901	0.01301	0.00700	0.00483	0.00497	0.00161	0.00644	0.00443	0.00229	0.00622
2	0.00678	0.00507	0.00629	0.00602	0.00729	0.00458	0.00450	0.00886	0.01341	0.01841	0.61344	0.05715	0.20813	0.01084	0.00589	0.00160	0.00240	0.00946	0.00528	0.00458
3	0.00941	0.00886	0.01495	0.81285	0.03433	0.01107	0.01384	0.01274	0.00997	0.01274	0.00886	0.01329	0.00664	0.00498	0.00498	0.00166	0.00664	0.00443	0.00221	0.00554
4	0.01011	0.05394	0.77186	0.01401	0.02126	0.01186	0.01807	0.01576	0.01051	0.01564	0.00887	0.01043	0.00632	0.00472	0.00468	0.00156	0.00729	0.00365	0.00211	0.00733
5	0.05977	0.10017	0.01545	0.11679	0.03468	0.18873	0.01014	0.09748	0.05960	0.03301	0.00896	0.01109	0.00736	0.00618	0.00771	0.00163	0.22818	0.00396	0.00289	0.00623
6	0.01254	0.00977	0.01192	0.04060	0.06304	0.04081	0.02195	0.04849	0.02966	0.11588	0.01163	0.05710	0.00962	0.00515	0.00464	0.00113	0.02620	0.00423	0.00349	0.48215
7	0.01194	0.23923	0.12461	0.03981	0.05548	0.04546	0.07366	0.06657	0.06567	0.03510	0.12555	0.04405	0.02522	0.00628	0.00474	0.00146	0.00541	0.01994	0.00335	0.00648
8	0.03567	0.04692	0.04813	0.10074	0.24841	0.01199	0.01114	0.04622	0.23934	0.01720	0.01371	0.07878	0.01166	0.00644	0.00574	0.00164	0.06039	0.00541	0.00345	0.00703
9	0.47649	0.00999	0.01006	0.00954	0.06160	0.01118	0.02803	0.09738	0.12386	0.02208	0.07254	0.03583	0.01147	0.00581	0.00409	0.00157	0.00416	0.00435	0.00376	0.00619
10	0.01109	0.00917	0.01040	0.00820	0.01193	0.00824	0.00653	0.03721	0.21151	0.03590	0.01480	0.01621	0.04758	0.00542	0.00434	0.00113	0.00380	0.03295	0.00378	0.51981
11	0.00722	0.00530	0.00725	0.00720	0.00779	0.00593	0.00521	0.00838	0.00784	0.01100	0.01499	0.02448	0.03572	0.29681	0.50580	0.00664	0.02952	0.00609	0.00283	0.00399
12	0.00674	0.00508	0.00623	0.00594	0.00726	0.00457	0.00446	0.00881	0.01338	0.01825	0.59348	0.04010	0.24574	0.01084	0.00588	0.00160	0.00240	0.00942	0.00526	0.00457
13	0.01062	0.09737	0.60654	0.01542	0.07449	0.01243	0.08392	0.01569	0.01065	0.01546	0.00889	0.01067	0.00654	0.00463	0.00471	0.00153	0.00717	0.00384	0.00217	0.00726
14	0.29413	0.13142	0.01411	0.01038	0.01344	0.37517	0.04578	0.01709	0.01150	0.01581	0.00766	0.00900	0.00629	0.00482	0.00389	0.00136	0.00660	0.00313	0.02266	0.00576
15	0.00668	0.00478	0.00607	0.00675	0.00745	0.00443	0.00467	0.02335	0.01066	0.02618	0.11826	0.60421	0.12945	0.01427	0.00620	0.00191	0.00286	0.01277	0.00476	0.00430
16	0.01427	0.01416	0.05565	0.04892	0.14836	0.10800	0.10467	0.20193	0.19835	0.02026	0.01320	0.01408	0.02388	0.00561	0.00505	0.00155	0.00606	0.00484	0.00372	0.00744
17	0.01113	0.08919	0.53661	0.03064	0.05767	0.05485	0.01554	0.03252	0.06360	0.01576	0.00990	0.02764	0.00762	0.00517	0.00489	0.00154	0.02211	0.00400	0.00247	0.00714
18	0.00744	0.00559	0.00735	0.03531	0.02153	0.00586	0.01418	0.00857	0.00915	0.01253	0.13538	0.04639	0.09268	0.36069	0.16623	0.00422	0.03935	0.00728	0.01624	0.00402
19	0.01287	0.03756	0.14546	0.02983	0.08579	0.08387	0.08621	0.09889	0.04210	0.07084	0.04807	0.02645	0.04803	0.00572	0.00511	0.00143	0.02520	0.00479	0.00338	0.13843
20	0.00745	0.00521	0.00639	0.00609	0.00750	0.00465	0.00457	0.00936	0.01303	0.05799	0.48585	0.08789	0.26348	0.01103	0.00587	0.00163	0.00253	0.00957	0.00522	0.00471
21	0.05225	0.04363	0.19529	0.05730	0.08299	0.19713	0.02817	0.15920	0.02994	0.05242	0.00993	0.01125	0.00748	0.00526	0.00496	0.00148	0.02845	0.00394	0.02196	0.00697
22	0.03190	0.14004	0.03424	0.04470	0.03302	0.19108	0.02248	0.34752	0.05381	0.02149	0.02685	0.01153	0.00863	0.00550	0.00460	0.00141	0.00622	0.00404	0.00371	0.00720
23	0.00780	0.00567	0.00737	0.00712	0.00814	0.00602	0.00529	0.04327	0.03230	0.01477	0.20253	0.04882	0.05187	0.15681	0.34480	0.00482	0.00759	0.00693	0.03354	0.00454
24	0.06637	0.18406	0.33813	0.01268	0.03958	0.02741	0.07779	0.04611	0.03687	0.09811	0.01011	0.01112	0.00745	0.00483	0.00445	0.00146	0.00624	0.00384	0.00287	0.02053
25	0.01190	0.27872	0.36472	0.01319	0.01869	0.03702	0.12623	0.01569	0.01065	0.03263	0.00859	0.01027	0.00668	0.00472	0.00491	0.00145	0.04107	0.00373	0.00229	0.00686
26	0.00702	0.00518	0.00599	0.00602	0.00686	0.00494	0.00412	0.00860	0.04450	0.01370	0.18417	0.11908	0.21264	0.31164	0.01312	0.00288	0.00352	0.03773	0.00423	0.00403
27	0.00801	0.00842	0.10313	0.01058	0.09644	0.00649	0.02193	0.02560	0.01071	0.01455	0.04117	0.31651	0.13665	0.04724	0.00668	0.00195	0.00411	0.09640	0.03834	0.00509
28	0.03243	0.03959	0.09716	0.06852	0.33013	0.15246	0.01281	0.10602	0.02895	0.05367	0.00983	0.01167	0.00770	0.00502	0.00500	0.00148	0.02324	0.00411	0.00295	0.00727
29	0.00756	0.00510	0.00689	0.00712	0.00783	0.00547	0.00520	0.00896	0.00887	0.03065	0.01816	0.25912	0.01900	0.10006	0.34561	0.00470	0.02649	0.00802	0.12086	0.00434
30	0.00645	0.00467	0.00609	0.00699	0.00757	0.00438	0.00498	0.00762	0.01019	0.01347	0.07988	0.56362	0.09728	0.04631	0.00711	0.00211	0.00314	0.11939	0.00462	0.00414
31	0.01404	0.09003	0.07697	0.09570	0.27421	0.19300	0.01220	0.04809	0.04103	0.05502	0.00978	0.01194	0.00787	0.02113	0.00538	0.00152	0.02832	0.00407	0.00280	0.00690
32	0.03018	0.02441	0.09881	0.12518	0.15987	0.00940	0.10581	0.01383	0.03642	0.07371	0.01868	0.09787	0.11708	0.01736	0.00560	0.00171	0.00540	0.04907	0.00340	0.00622
33	0.86003	0.00964	0.00733	0.00655	0.00964	0.01118	0.00540	0.01465	0.00848	0.02236	0.00694	0.00810	0.00540	0.00463	0.00308	0.00154	0.00386	0.00270	0.00308	0.00540
34	0.01708	0.10973	0.01483	0.01168	0.01438	0.56837	0.00902	0.09883	0.01421	0.01412	0.00925	0.04612	0.00826	0.03683	0.00528	0.00145	0.00778	0.00393	0.00289	0.00595
35	0.02943	0.01394	0.15913	0.14585	0.12607	0.03365	0.02812	0.20466	0.01416	0.09511	0.01233	0.02553	0.02218	0.00595	0.00536	0.00160	0.03045	0.03581	0.00350	0.00716
36	0.01434	0.01505	0.01507	0.11775	0.15446	0.30841	0.05213	0.05611	0.02819	0.05018	0.06450	0.05778	0.01159	0.00608	0.00527	0.00150	0.02719	0.00496	0.00314	0.00630
37	0.00950	0.00895	0.01511	0.78946	0.05703	0.01110	0.01389	0.01281	0.01001	0.01284	0.00887	0.01326	0.00668	0.00497	0.00498	0.00166	0.00662	0.00443	0.00222	0.00561
38	0.01465	0.01100	0.01279	0.01200	0.08387	0.01200	0.00883	0.27118	0.30045	0.08226	0.07085	0.01947	0.01521	0.00695	0.00520	0.00163	0.00459	0.05449	0.00489	0.00769
39	0.01053	0.00873	0.00967	0.00885	0.01109	0.00970	0.00685	0.02045	0.51119	0.02040	0.27183	0.02576	0.02598	0.00808	0.00539	0.00167	0.00344	0.02844	0.00519	0.00676
40	0.13069	0.00867	0.01131	0.07938	0.01422	0.00816	0.00765	0.02201	0.01313	0.62684	0.01705	0.01548	0.01093	0.00586	0.00476	0.00155	0.00440	0.00466	0.00542	0.00782
41	0.04797	0.01264	0.04861	0.01118	0.03094	0.01273	0.02124	0.45567	0.06345	0.20473	0.03112	0.01389	0.01038	0.00600	0.00495	0.00153	0.00512	0.00470	0.00499	0.00816
42	0.01240	0.01071	0.01127	0.01014	0.01296	0.01240	0.00789	0.02649	0.78473	0.02085	0.02029	0.01860	0.01522	0.00676	0.00507	0.00169	0.00394	0.00564	0.00507	0.00789
43	0.03351	0.01310	0.01437	0.06722	0.19961	0.17356	0.01037	0.14962	0.01354	0.06293	0.01323	0.09348	0.04259	0.00685	0.00609	0.00159	0.08289	0.00540	0.00342	0.00662
44	0.00895	0.00611	0.00824	0.00885	0.01020	0.00608	0.00752	0.04981	0.01231	0.04842	0.09716	0.10562	0.02900	0.01285	0.00658	0.00214	0.00429	0.56618	0.00476	0.00492
45	0.01862	0.02376	0.01413	0.01284	0.01541	0.80482	0.00963	0.01990	0.01413	0.01220	0.00770	0.00899	0.00642	0.00514	0.00449	0.00128	0.00899	0.00321	0.00257	0.00578
46	0.01245	0.31089	0.15066	0.01332	0.12084	0.06229	0.04909	0.05431	0.01169	0.03384	0.04095	0.04966	0.02887	0.00585	0.00449	0.00141	0.00580	0.03413	0.00286	0.00661
47	0.01344	0.01465	0.10929	0.03872	0.12298	0.12565	0.18379	0.05286	0.13498	0.07575	0.01253	0.03409	0.00983	0.01903	0.02846	0.00181	0.00677	0.00505	0.00332	0.00700
48	0.01895	0.01396	0.01496	0.01147	0.01546	0.01546	0.00947	0.77711	0.02344	0.03141	0.01197	0.01197	0.00848	0.00598	0.00499	0.00150	0.00548	0.00449	0.00499	0.00848
49	0.01895	0.01396	0.01496	0.01147	0.01546	0.01546	0.00947	0.77711	0.02344	0.03141	0.01197	0.01197	0.00848	0.00598	0.00499	0.00150	0.00548	0.00449	0.00499	0.00848
50	0.00941	0.00886	0.01495	0.81285	0.03433	0.01107	0.01384	0.01274	0.00997	0.01274	0.00886	0.01329	0.00664	0.00498	0.00498	0.00166	0.00664	0.00443	0.00221	0.00554
51	0.01895	0.01396	0.01496	0.01147	0.01546	0.01546	0.00947	0.77711	0.02344	0.03141	0.01197	0.01197	0.00848	0.00598	0.00499	0.00150	0.00548	0.00449	0.00499	0.00848
52	0.01091	0.01091	0.01527	0.01309	0.01309	0.01527	0.01091	0.01200	0.00763	0.01200	0.00654	0.01091	0.00654	0.00872	0.01636	0.00218	0.81570	0.00436	0.00218	0.00545
53	0.02133	0.00934	0.01200	0.00929	0.01310	0.00870	0.00764	0.12393	0.06067	0.65042	0.01868	0.01640	0.01200	0.00618	0.00501	0.00154	0.00439	0.00498	0.00595	0.00845
54	0.00635	0.00507	0.00568	0.00553	0.00701	0.00440	0.00415	0.00804	0.01244	0.01603	0.34149	0.04375	0.49911	0.01167	0.00589	0.00164	0.00246	0.00993	0.00497	0.00440
55	0.00684	0.00479	0.00547	0.00566	0.00614	0.00456	0.00358	0.00746	0.00898	0.01188	0.07171	0.17829	0.16931	0.44553	0.01627	0.00340	0.00380	0.00914	0.03359	0.00359
56	0.01338	0.01194	0.01202	0.01061	0.01338	0.06857	0.00831	0.09660	0.61937	0.02080	0.01793	0.01691	0.01352	0.00667	0.00559	0.00167	0.04501	0.00529	0.00474	0.00768
57	0.00620	0.00475	0.00560	0.00610	0.00704	0.00426	0.00430	0.00734	0.01058	0.01350	0.09678	0.38036	0.34215	0.05710	0.00716	0.00201	0.00285	0.03319	0.00461	0.00413
58	0.01444	0.01329	0.04867	0.01159	0.05455	0.11211	0.00903	0.24172	0.25861	0.04035	0.05022	0.01746	0.06673	0.00716	0.01756	0.00166	0.01788	0.00529	0.00439	0.00730
59	0.00624	0.00476	0.00574	0.00612	0.00711	0.00426	0.00435	0.00760	0.01125	0.01469	0.21538	0.36735	0.30055	0.01330	0.00608	0.00180	0.00264	0.01168	0.00483	0.00426
60	0.01190	0.01174	0.04089	0.10971	0.36962	0.03305	0.07105	0.06669	0.06456	0.01660	0.03240	0.04499	0.01024	0.00646	0.02445	0.00176	0.06886	0.00510	0.00293	0.00700
61	0.01160	0.01292	0.02722	0.05054	0.04390	0.01234	0.67384	0.01616	0.04986	0.01604	0.01138	0.01440	0.02460	0.00454	0.00579	0.00168	0.00793	0.00588	0.00268	0.00671
62	0.01129	0.01260	0.13509	0.03657	0.13773	0.01121	0.02609	0.03677	0.39017	0.01858	0.04998	0.01921	0.07960	0.00660	0.00511	0.00163	0.00481	0.00564	0.00404	0.00729
63	0.01015	0.04672	0.30880	0.21986	0.16969	0.01114	0.03301	0.01432	0.02684	0.01500	0.03389	0.03244	0.04580	0.00553	0.00494	0.00158	0.00631	0.00478	0.00255	0.00666
64	0.00879	0.00722	0.00903	0.00850	0.03153	0.03092	0.04141	0.02905	0.06488	0.01257	0.01664	0.02567	0.07113	0.38192	0.16102	0.00423	0.04652	0.00637	0.00317	0.03945
65	0.03215	0.30662	0.15292	0.01007	0.01389	0.10632	0.00976	0.07363	0.03838	0.03779	0.02439	0.08598	0.04403	0.00645	0.00471	0.00143	0.02741	0.01466	0.00306	0.00636
66	0.10789	0.13622	0.05672	0.01095	0.05997	0.08419	0.03501	0.14625	0.03492	0.04057	0.01191	0.06101	0.03145	0.02287	0.00497	0.00144	0.01585	0.00453	0.00336	0.12991

[dist]
# distance from previous block
# <min> <max>
0	20

[block]
# block no. 3 follows, 50 sequences, length 20
# corresponding to MSA columns:
# 513-532
name=unknown_D
#
# <colnr> <probs for GDERKNQSTAVLIFYWHMCP>
#	G	D	E	R	K	N	Q	S	T	A	V	L	I	F	Y	W	H	M	C	P
0	0.01128	0.01586	0.31165	0.03202	0.07168	0.04276	0.01189	0.11706	0.05249	0.04094	0.10965	0.05595	0.07252	0.02550	0.00558	0.00166	0.00555	0.00572	0.00355	0.00669
1	0.01002	0.02006	0.52122	0.01613	0.14032	0.01076	0.06683	0.01471	0.01092	0.01576	0.03207	0.01588	0.07468	0.00566	0.00502	0.00160	0.00661	0.02220	0.00254	0.00701
2	0.00972	0.00813	0.01191	0.18754	0.15181	0.00891	0.00984	0.04669	0.06999	0.01566	0.03210	0.14959	0.03005	0.00897	0.00599	0.00181	0.03587	0.16460	0.04509	0.00574
3	0.00997	0.04743	0.09114	0.07250	0.09189	0.08078	0.00897	0.02852	0.06987	0.01580	0.17022	0.06251	0.16920	0.00825	0.00588	0.00160	0.04916	0.00679	0.00375	0.00576
4	0.01911	0.01370	0.01480	0.01134	0.01533	0.01507	0.00937	0.74117	0.02300	0.06797	0.01233	0.01221	0.00866	0.00599	0.00499	0.00150	0.00543	0.00451	0.00504	0.00848
5	0.01453	0.06862	0.01420	0.13226	0.04835	0.33044	0.00970	0.09259	0.05080	0.01528	0.01140	0.01307	0.04267	0.00584	0.00545	0.00145	0.06682	0.00417	0.06631	0.00606
6	0.00628	0.00474	0.00529	0.00574	0.00684	0.00419	0.00408	0.00749	0.01058	0.01366	0.03842	0.34348	0.42639	0.01314	0.00585	0.00177	0.00265	0.01138	0.08386	0.00419
7	0.01167	0.01124	0.01786	0.32381	0.45524	0.04202	0.01436	0.03686	0.01129	0.01524	0.00919	0.01256	0.00739	0.00472	0.00494	0.00154	0.00630	0.00439	0.00245	0.00694
8	0.00627	0.00444	0.00581	0.00684	0.00712	0.00419	0.00455	0.00708	0.00934	0.01245	0.02611	0.70884	0.03116	0.10678	0.00852	0.00235	0.00316	0.03659	0.00444	0.00395
9	0.00699	0.00509	0.00657	0.00620	0.00740	0.00467	0.00465	0.00927	0.01395	0.01961	0.74767	0.03786	0.09070	0.01033	0.00588	0.00157	0.00236	0.00910	0.00544	0.00467
10	0.01333	0.82783	0.02612	0.00853	0.01279	0.01972	0.00853	0.01493	0.01013	0.01173	0.00693	0.00800	0.00640	0.00426	0.00320	0.00107	0.00533	0.00267	0.00213	0.00640
11	0.00607	0.00434	0.00578	0.00694	0.00723	0.00405	0.00463	0.00694	0.00954	0.01272	0.02747	0.82157	0.03297	0.01562	0.00636	0.00202	0.00289	0.01417	0.00463	0.00405
12	0.02236	0.00848	0.01157	0.00887	0.01272	0.00733	0.00733	0.02429	0.01427	0.79719	0.01966	0.01697	0.01234	0.00617	0.00501	0.00154	0.00424	0.00501	0.00617	0.00848
13	0.86003	0.00964	0.00733	0.00655	0.00964	0.01118	0.00540	0.01465	0.00848	0.02236	0.00694	0.00810	0.00540	0.00463	0.00308	0.00154	0.00386	0.00270	0.00308	0.00540
14	0.01895	0.01396	0.01496	0.01147	0.01546	0.01546	0.00947	0.77711	0.02344	0.03141	0.01197	0.01197	0.00848	0.00598	0.00499	0.00150	0.00548	0.00449	0.00499	0.00848
15	0.01000	0.02578	0.79900	0.01421	0.02157	0.01158	0.01842	0.01579	0.01052	0.01579	0.00895	0.01052	0.00631	0.00474	0.00474	0.00158	0.00737	0.00368	0.00210	0.00737
16	0.00965	0.00911	0.01539	0.74813	0.09715	0.01114	0.01396	0.01295	0.01008	0.01303	0.00890	0.01321	0.00675	0.00494	0.00498	0.00165	0.00658	0.00443	0.00224	0.00573
17	0.01396	0.00733	0.00926	0.00821	0.01043	0.00704	0.00630	0.07095	0.08677	0.31229	0.08669	0.25608	0.02198	0.05498	0.00666	0.00189	0.00379	0.02372	0.00526	0.00642
18	0.07804	0.03427	0.03216	0.01254	0.07052	0.19094	0.05470	0.16541	0.12843	0.11850	0.05565	0.01401	0.01121	0.00578	0.00480	0.00149	0.00584	0.00457	0.00403	0.00712
19	0.01697	0.01054	0.01392	0.05952	0.17679	0.02760	0.00968	0.19717	0.03381	0.30276	0.05651	0.04638	0.01277	0.00627	0.00508	0.00154	0.00496	0.00528	0.00470	0.00775

[dist]
# distance from previous block
# <min> <max>
0	11

[block]
# block no. 4 follows, 50 sequences, length 30
# corresponding to MSA columns:
# 544-573
name=unknown_E
#
# <colnr> <probs for GDERKNQSTAVLIFYWHMCP>
#	G	D	E	R	K	N	Q	S	T	A	V	L	I	F	Y	W	H	M	C	P
0	0.27130	0.03848	0.01069	0.00881	0.01159	0.09998	0.00706	0.05435	0.10414	0.18357	0.01342	0.07126	0.01072	0.00640	0.00500	0.00157	0.05085	0.00469	0.03968	0.00645
1	0.03148	0.14535	0.02056	0.03126	0.04814	0.07051	0.25803	0.09743	0.15824	0.01757	0.03077	0.01338	0.00972	0.00532	0.00542	0.00154	0.04029	0.00484	0.00326	0.00689
2	0.37141	0.04450	0.06379	0.01317	0.07225	0.06250	0.19457	0.03851	0.03829	0.03182	0.00888	0.01059	0.00684	0.00474	0.00447	0.00155	0.01895	0.00391	0.00294	0.00632
3	0.01183	0.20020	0.16657	0.01272	0.09682	0.01211	0.07104	0.06254	0.04334	0.06523	0.06687	0.05239	0.08950	0.00651	0.00502	0.00150	0.02043	0.00543	0.00333	0.00664
4	0.00920	0.00854	0.01418	0.73599	0.03191	0.01051	0.01314	0.01239	0.01011	0.01289	0.01140	0.01709	0.03612	0.00578	0.00513	0.00170	0.00637	0.04967	0.00244	0.00543
5	0.00735	0.00587	0.00857	0.03752	0.03778	0.00565	0.06154	0.00881	0.01013	0.01328	0.05393	0.30689	0.13757	0.15197	0.00949	0.00242	0.00406	0.12872	0.00406	0.00439
6	0.01199	0.01175	0.02064	0.09048	0.62273	0.01199	0.09759	0.01505	0.01115	0.01582	0.00931	0.01248	0.00771	0.00461	0.00545	0.00154	0.03517	0.00459	0.00244	0.00750
7	0.01000	0.02578	0.79900	0.01421	0.02157	0.01158	0.01842	0.01579	0.01052	0.01579	0.00895	0.01052	0.00631	0.00474	0.00474	0.00158	0.00737	0.00368	0.00210	0.00737
8	0.86003	0.00964	0.00733	0.00655	0.00964	0.01118	0.00540	0.01465	0.00848	0.02236	0.00694	0.00810	0.00540	0.00463	0.00308	0.00154	0.00386	0.00270	0.00308	0.00540
9	0.05552	0.01260	0.01283	0.01055	0.01397	0.06617	0.00847	0.33235	0.29262	0.11874	0.01535	0.01456	0.01107	0.00616	0.00490	0.00156	0.00495	0.00479	0.00491	0.00795
10	0.01369	0.01526	0.05831	0.05114	0.05080	0.27380	0.09079	0.13276	0.01353	0.01609	0.01307	0.18735	0.01272	0.00754	0.00567	0.00160	0.04021	0.00627	0.00332	0.00608
11	0.00589	0.00505	0.00505	0.00505	0.00673	0.00421	0.00379	0.00715	0.01136	0.01347	0.05049	0.04797	0.79171	0.01262	0.00589	0.00168	0.00252	0.01052	0.00463	0.00421
12	0.01862	0.02376	0.01413	0.01284	0.01541	0.80482	0.00963	0.01990	0.01413	0.01220	0.00770	0.00899	0.00642	0.00514	0.00449	0.00128	0.00899	0.00321	0.00257	0.00578
13	0.01221	0.01177	0.02027	0.05922	0.74588	0.01183	0.03487	0.01522	0.01131	0.01615	0.00937	0.01240	0.00784	0.00445	0.00496	0.00149	0.00601	0.00448	0.00246	0.00778
14	0.01895	0.01396	0.01496	0.01147	0.01546	0.01546	0.00947	0.77711	0.02344	0.03141	0.01197	0.01197	0.00848	0.00598	0.00499	0.00150	0.00548	0.00449	0.00499	0.00848
15	0.00607	0.00434	0.00578	0.00694	0.00723	0.00405	0.00463	0.00694	0.00954	0.01272	0.02747	0.82157	0.03297	0.01562	0.00636	0.00202	0.00289	0.01417	0.00463	0.00405
16	0.01464	0.01117	0.01213	0.01028	0.01338	0.01247	0.00822	0.26575	0.43052	0.06764	0.05448	0.01872	0.01493	0.00691	0.00515	0.00164	0.00440	0.03465	0.00511	0.00783
17	0.01118	0.00876	0.00994	0.00888	0.01111	0.00969	0.00692	0.03852	0.42256	0.06358	0.25565	0.02471	0.05204	0.00806	0.00588	0.00166	0.04230	0.00672	0.00510	0.00672
18	0.00607	0.00434	0.00578	0.00694	0.00723	0.00405	0.00463	0.00694	0.00954	0.01272	0.02747	0.82157	0.03297	0.01562	0.00636	0.00202	0.00289	0.01417	0.00463	0.00405
19	0.79136	0.00958	0.00794	0.07165	0.01163	0.01117	0.00608	0.01450	0.00860	0.02159	0.00710	0.00852	0.00550	0.00466	0.00324	0.00155	0.00408	0.00284	0.00301	0.00541
20	0.00941	0.00886	0.01495	0.81285	0.03433	0.01107	0.01384	0.01274	0.00997	0.01274	0.00886	0.01329	0.00664	0.00498	0.00498	0.00166	0.00664	0.00443	0.00221	0.00554
21	0.00776	0.00492	0.00573	0.00553	0.00675	0.00463	0.00415	0.00997	0.01244	0.01873	0.41841	0.03150	0.11857	0.00883	0.00499	0.00143	0.00236	0.00756	0.32114	0.00463
22	0.00605	0.00490	0.00531	0.00552	0.00682	0.00423	0.00398	0.00725	0.01099	0.01355	0.08865	0.20356	0.56285	0.04521	0.00676	0.00187	0.00268	0.01104	0.00462	0.00416
23	0.04169	0.01531	0.01308	0.04072	0.01492	0.25545	0.00891	0.25133	0.21939	0.03456	0.03012	0.02929	0.01086	0.00614	0.00485	0.00150	0.00600	0.00464	0.00413	0.00712
24	0.00944	0.00673	0.00871	0.00810	0.00982	0.00653	0.04387	0.09549	0.02416	0.08008	0.05988	0.31163	0.22464	0.01182	0.00613	0.00182	0.01822	0.06302	0.00468	0.00523
25	0.00667	0.00527	0.00618	0.00722	0.00762	0.04236	0.00487	0.00756	0.00976	0.01270	0.02653	0.78269	0.03170	0.01511	0.00627	0.00199	0.00318	0.01365	0.00453	0.00413
26	0.01966	0.01133	0.01349	0.01108	0.04679	0.01165	0.00870	0.37448	0.07201	0.35398	0.01569	0.01456	0.01055	0.00605	0.00500	0.00153	0.00487	0.00479	0.00539	0.00841
27	0.05055	0.08187	0.20966	0.01675	0.19178	0.08535	0.09102	0.10680	0.01271	0.05167	0.01051	0.05004	0.00857	0.00534	0.00480	0.00151	0.00640	0.00457	0.00296	0.00713
28	0.12184	0.01569	0.01387	0.11469	0.13605	0.33332	0.01011	0.07917	0.01300	0.05683	0.00973	0.04061	0.00802	0.00543	0.00457	0.00144	0.00672	0.00409	0.00304	0.02178
29	0.02965	0.09663	0.09528	0.01321	0.10635	0.06150	0.05842	0.20474	0.04871	0.06675	0.01263	0.01340	0.04560	0.00536	0.00464	0.00138	0.00555	0.00436	0.00355	0.12231

[dist]
# distance from previous block
# <min> <max>
0	15

[block]
# block no. 5 follows, 50 sequences, length 18
# corresponding to MSA columns:
# 589-606
name=unknown_F
#
# <colnr> <probs for GDERKNQSTAVLIFYWHMCP>
#	G	D	E	R	K	N	Q	S	T	A	V	L	I	F	Y	W	H	M	C	P
0	0.08309	0.00613	0.00784	0.00871	0.06994	0.00603	0.00595	0.03049	0.01216	0.01767	0.34959	0.23056	0.06705	0.01090	0.00574	0.00174	0.00319	0.07358	0.00469	0.00492
1	0.00714	0.00565	0.00658	0.00609	0.00779	0.00505	0.00461	0.00965	0.05060	0.01730	0.41497	0.03821	0.32058	0.01042	0.00567	0.00155	0.00260	0.00893	0.00495	0.07166
2	0.01034	0.00886	0.01034	0.00738	0.01181	0.00664	0.00591	0.01255	0.01034	0.01624	0.00886	0.01034	0.00738	0.00369	0.00369	0.00074	0.00369	0.00295	0.00295	0.85530
3	0.00714	0.00528	0.00772	0.00772	0.00850	0.00607	0.00586	0.00871	0.00792	0.01135	0.01362	0.02108	0.01311	0.12764	0.71571	0.00765	0.01237	0.00556	0.00271	0.00429
4	0.00941	0.00886	0.01495	0.81285	0.03433	0.01107	0.01384	0.01274	0.00997	0.01274	0.00886	0.01329	0.00664	0.00498	0.00498	0.00166	0.00664	0.00443	0.00221	0.00554
5	0.01219	0.55394	0.29005	0.01047	0.01579	0.01694	0.01191	0.01522	0.01026	0.01311	0.00762	0.00886	0.00637	0.00443	0.00372	0.00124	0.00603	0.00301	0.00212	0.00673
6	0.01915	0.01364	0.01476	0.01132	0.01530	0.01498	0.00935	0.73286	0.02290	0.07642	0.01242	0.01226	0.00870	0.00599	0.00499	0.00150	0.00541	0.00452	0.00506	0.00848
7	0.01028	0.00707	0.00809	0.00749	0.00954	0.00705	0.00572	0.01543	0.23410	0.12736	0.13971	0.14267	0.24523	0.01010	0.00560	0.00170	0.00320	0.00864	0.00510	0.00592
8	0.00607	0.00434	0.00578	0.00694	0.00723	0.00405	0.00463	0.00694	0.00954	0.01272	0.02747	0.82157	0.03297	0.01562	0.00636	0.00202	0.00289	0.01417	0.00463	0.00405
9	0.01277	0.01089	0.01148	0.01022	0.01310	0.01257	0.00798	0.06910	0.74151	0.02145	0.01982	0.01822	0.01483	0.00672	0.00507	0.00168	0.00403	0.00557	0.00507	0.00792
10	0.00810	0.00502	0.00755	0.06349	0.00922	0.00548	0.00558	0.00780	0.00730	0.01000	0.01068	0.01751	0.01035	0.06802	0.28943	0.45635	0.00763	0.00485	0.00239	0.00324
11	0.00621	0.00474	0.00572	0.00616	0.00711	0.00424	0.00436	0.00752	0.01110	0.01448	0.19297	0.39676	0.29369	0.01348	0.00610	0.00181	0.00266	0.01187	0.00481	0.00424
12	0.00618	0.00442	0.00591	0.00706	0.00740	0.00414	0.00482	0.00713	0.00965	0.01285	0.02741	0.77925	0.03273	0.01551	0.00639	0.00204	0.00299	0.05542	0.00462	0.00408
13	0.01198	0.01148	0.01959	0.12562	0.70148	0.01175	0.01512	0.01499	0.01118	0.01585	0.00931	0.01245	0.00774	0.00451	0.00494	0.00150	0.00601	0.00444	0.00244	0.00761
14	0.01058	0.16583	0.66404	0.01322	0.02004	0.01300	0.01669	0.01564	0.01045	0.01508	0.00859	0.01008	0.00633	0.00465	0.00447	0.00149	0.00701	0.00351	0.00211	0.00720
15	0.01872	0.02082	0.01437	0.01243	0.01542	0.56840	0.00958	0.24669	0.01691	0.01795	0.00898	0.00988	0.00704	0.00539	0.00464	0.00135	0.00794	0.00359	0.00329	0.00659
16	0.00605	0.00444	0.00568	0.00667	0.00716	0.00407	0.00451	0.00697	0.00980	0.01283	0.03072	0.71233	0.14012	0.01519	0.00630	0.00198	0.00284	0.01365	0.00463	0.00407
17	0.55343	0.04869	0.01013	0.00782	0.01123	0.01173	0.00652	0.14478	0.01195	0.13885	0.00968	0.01007	0.00700	0.00507	0.00370	0.00151	0.00426	0.00334	0.00382	0.00642

[dist]
# distance from previous block
# <min> <max>
0	2

[block]
# block no. 6 follows, 50 sequences, length 14
# corresponding to MSA columns:
# 609-622
name=unknown_G
#
# <colnr> <probs for GDERKNQSTAVLIFYWHMCP>
#	G	D	E	R	K	N	Q	S	T	A	V	L	I	F	Y	W	H	M	C	P
0	0.86003	0.00964	0.00733	0.00655	0.00964	0.01118	0.00540	0.01465	0.00848	0.02236	0.00694	0.00810	0.00540	0.00463	0.00308	0.00154	0.00386	0.00270	0.00308	0.00540
1	0.01862	0.02376	0.01413	0.01284	0.01541	0.80482	0.00963	0.01990	0.01413	0.01220	0.00770	0.00899	0.00642	0.00514	0.00449	0.00128	0.00899	0.00321	0.00257	0.00578
2	0.01850	0.01353	0.01448	0.01115	0.01501	0.01496	0.00920	0.74161	0.02283	0.03082	0.01217	0.01227	0.00868	0.00598	0.00492	0.00148	0.00534	0.00449	0.04430	0.00830
3	0.01163	0.01142	0.01779	0.05566	0.53518	0.06217	0.05726	0.01430	0.01136	0.01540	0.01317	0.08134	0.03999	0.00619	0.00522	0.00158	0.00585	0.04470	0.00283	0.00698
4	0.01318	0.01110	0.01171	0.01030	0.01326	0.01276	0.00808	0.11647	0.69347	0.02212	0.01929	0.01780	0.01441	0.00667	0.00506	0.00167	0.00413	0.00550	0.00506	0.00796
5	0.01428	0.00681	0.00822	0.00705	0.00929	0.00653	0.00553	0.05710	0.04007	0.29929	0.04276	0.03456	0.01464	0.06807	0.02477	0.00182	0.00374	0.01978	0.32949	0.00622
6	0.00778	0.00561	0.00771	0.00879	0.00991	0.00554	0.00756	0.00992	0.01134	0.01469	0.02788	0.10549	0.07395	0.01382	0.00679	0.00224	0.00436	0.66749	0.00459	0.00453
7	0.00604	0.00499	0.00530	0.00536	0.00686	0.00425	0.00397	0.00740	0.01153	0.01417	0.13607	0.11488	0.63676	0.01260	0.00593	0.00170	0.00254	0.01066	0.00473	0.00425
8	0.04659	0.00747	0.00929	0.00762	0.01007	0.00700	0.00579	0.06138	0.01210	0.43157	0.01731	0.02165	0.01381	0.27949	0.01168	0.00262	0.00442	0.00563	0.03809	0.00640
9	0.01021	0.00651	0.00576	0.00559	0.00696	0.06983	0.00421	0.01306	0.05096	0.01818	0.01578	0.01781	0.01239	0.00580	0.00365	0.00120	0.00295	0.00458	0.73968	0.00491
10	0.00634	0.00501	0.00571	0.00565	0.00704	0.00438	0.00420	0.00799	0.01226	0.01586	0.32746	0.10231	0.45421	0.01193	0.00592	0.00167	0.00249	0.01023	0.00495	0.00438
11	0.01910	0.01371	0.01480	0.01135	0.01533	0.01509	0.00938	0.74284	0.02302	0.06628	0.01232	0.01219	0.00865	0.00599	0.00499	0.00150	0.00543	0.00451	0.00504	0.00848
12	0.01131	0.00883	0.01044	0.00750	0.01189	0.00670	0.00602	0.01350	0.01065	0.07947	0.00973	0.01087	0.00778	0.00389	0.00380	0.00080	0.00374	0.00312	0.00321	0.78674
13	0.01064	0.00883	0.05978	0.00803	0.01048	0.00820	0.00667	0.09608	0.20654	0.05940	0.10426	0.09075	0.17383	0.00864	0.00517	0.00159	0.00358	0.00724	0.12418	0.00611

[dist]
# distance from previous block
# <min> <max>
0	2

[block]
# block no. 7 follows, 50 sequences, length 25
# corresponding to MSA columns:
# 625-649
name=unknown_H
#
# <colnr> <probs for GDERKNQSTAVLIFYWHMCP>
#	G	D	E	R	K	N	Q	S	T	A	V	L	I	F	Y	W	H	M	C	P
0	0.01344	0.64435	0.08390	0.00924	0.01343	0.10046	0.00918	0.01536	0.01059	0.01240	0.00759	0.00877	0.00668	0.00446	0.00347	0.00113	0.00574	0.00289	0.04058	0.00633
1	0.00738	0.00558	0.00777	0.00767	0.00823	0.00643	0.00567	0.00859	0.00789	0.01119	0.01437	0.07609	0.01483	0.23493	0.49096	0.00634	0.07276	0.00634	0.00285	0.00414
2	0.01083	0.26040	0.43613	0.01143	0.01677	0.01334	0.01332	0.02967	0.01044	0.01443	0.03559	0.01245	0.00873	0.06235	0.02381	0.00181	0.02567	0.00388	0.00236	0.00660
3	0.01000	0.02578	0.79900	0.01421	0.02157	0.01158	0.01842	0.01579	0.01052	0.01579	0.00895	0.01052	0.00631	0.00474	0.00474	0.00158	0.00737	0.00368	0.00210	0.00737
4	0.05202	0.01145	0.01199	0.01031	0.01342	0.01309	0.00816	0.20903	0.56423	0.02349	0.01766	0.01651	0.01313	0.00648	0.00496	0.00164	0.00432	0.00522	0.00496	0.00792
5	0.00804	0.00610	0.00841	0.00840	0.00917	0.00661	0.02489	0.00950	0.02099	0.04481	0.02345	0.43188	0.08067	0.01474	0.06976	0.00244	0.13358	0.05887	0.03301	0.00467
6	0.01679	0.01374	0.01886	0.01408	0.01824	0.01468	0.21565	0.55116	0.01986	0.02672	0.01131	0.01234	0.00818	0.00558	0.00554	0.00156	0.02868	0.00486	0.00425	0.00792
7	0.01262	0.01082	0.01140	0.01019	0.01305	0.01250	0.00794	0.05251	0.75833	0.02122	0.02000	0.01837	0.01498	0.00674	0.00507	0.00168	0.00400	0.00560	0.00507	0.00791
8	0.00607	0.00434	0.00578	0.00694	0.00723	0.00405	0.00463	0.00694	0.00954	0.01272	0.02747	0.82157	0.03297	0.01562	0.00636	0.00202	0.00289	0.01417	0.00463	0.00405
9	0.04058	0.01242	0.01429	0.57510	0.02834	0.20323	0.01233	0.01442	0.01095	0.01295	0.00936	0.01278	0.02253	0.00516	0.00482	0.00157	0.00703	0.00420	0.00238	0.00556
10	0.00713	0.00530	0.00781	0.00781	0.00863	0.00612	0.00598	0.00877	0.00795	0.01142	0.01353	0.02058	0.01290	0.09783	0.74522	0.00777	0.01270	0.00549	0.00270	0.00434
11	0.02210	0.00891	0.01183	0.00907	0.01294	0.00796	0.00749	0.08273	0.01498	0.73774	0.01907	0.01658	0.01204	0.00615	0.00501	0.00154	0.00434	0.00497	0.00608	0.00848
12	0.01447	0.13114	0.07589	0.01153	0.03796	0.15243	0.00958	0.14151	0.33550	0.01918	0.01366	0.01354	0.01044	0.00577	0.00466	0.00148	0.00559	0.00442	0.00389	0.00736
13	0.01027	0.01149	0.10756	0.03155	0.01570	0.02392	0.18709	0.04847	0.19195	0.01674	0.04798	0.13466	0.09699	0.04476	0.00642	0.00184	0.00530	0.00726	0.00382	0.00622
14	0.01539	0.00780	0.00989	0.00826	0.01103	0.00745	0.00657	0.01982	0.16373	0.39059	0.27383	0.02396	0.02432	0.00761	0.00531	0.00158	0.00356	0.00645	0.00573	0.00712
15	0.01344	0.01217	0.01935	0.06344	0.57818	0.01253	0.04484	0.16079	0.01361	0.01900	0.00988	0.01236	0.00793	0.00475	0.00499	0.00150	0.00597	0.00451	0.00294	0.00785
16	0.01208	0.02718	0.05539	0.19095	0.33847	0.04958	0.04124	0.05552	0.08763	0.01618	0.01050	0.01355	0.00849	0.00531	0.00563	0.00159	0.05291	0.01797	0.00281	0.00703
17	0.00609	0.00506	0.00532	0.00526	0.00685	0.00429	0.00394	0.00753	0.01183	0.01457	0.17586	0.04615	0.66565	0.01221	0.00589	0.00166	0.00250	0.01026	0.00477	0.00429
18	0.01168	0.01300	0.10726	0.12216	0.45881	0.01184	0.06008	0.01661	0.11735	0.01640	0.01080	0.01318	0.00855	0.00485	0.00499	0.00155	0.00605	0.00460	0.00276	0.00747
19	0.01353	0.01391	0.01147	0.01058	0.01301	0.25317	0.00802	0.02210	0.45532	0.01722	0.01732	0.11332	0.01469	0.00734	0.00505	0.00161	0.00536	0.00593	0.00425	0.00678
20	0.01227	0.01166	0.05445	0.06073	0.06162	0.11809	0.06388	0.10122	0.03455	0.06738	0.16080	0.08844	0.03707	0.02752	0.00647	0.00168	0.05660	0.00633	0.02316	0.00608
21	0.01932	0.00820	0.01089	0.00851	0.01198	0.00722	0.00694	0.05188	0.01444	0.61098	0.13797	0.01959	0.01731	0.00667	0.00509	0.00151	0.00398	0.00552	0.00587	0.04614
22	0.01095	0.00992	0.01472	0.09178	0.29622	0.01048	0.04665	0.04385	0.18284	0.01732	0.08335	0.06099	0.07879	0.00689	0.00548	0.00162	0.02150	0.00617	0.00366	0.00681
23	0.01166	0.00751	0.01116	0.01065	0.07376	0.00699	0.08558	0.01430	0.05237	0.20660	0.09782	0.16797	0.16296	0.00960	0.00570	0.00172	0.00408	0.05879	0.00472	0.00604
24	0.04936	0.02246	0.01407	0.01299	0.03472	0.71687	0.00961	0.05694	0.01431	0.01362	0.00793	0.00919	0.00652	0.00514	0.00448	0.00131	0.00855	0.00329	0.00270	0.00595

[dist]
# distance from previous block
# <min> <max>
34	1223

# created by:
# /usr/local/bin/augustus/scripts/msa2prfl.pl /tmp/new_cug2/kinesin-class-3.fasta
