[name]
unknown

[dist]
# distance from previous block
# <min> <max>
0	120

[block]
# block no. 0 follows, 114 sequences, length 23
# corresponding to MSA columns:
# 120-142
name=unknown_A
#
# <colnr> <probs for GDERKNQSTAVLIFYWHMCP>
#	G	D	E	R	K	N	Q	S	T	A	V	L	I	F	Y	W	H	M	C	P
0	0.10420	0.08448	0.31493	0.00578	0.00806	0.05168	0.00600	0.12003	0.09499	0.02201	0.00679	0.03003	0.00586	0.01621	0.00266	0.00087	0.00301	0.11714	0.00175	0.00350
1	0.00660	0.02943	0.24767	0.00554	0.00759	0.01314	0.00542	0.30645	0.07549	0.01105	0.01784	0.13131	0.01345	0.00406	0.02023	0.00089	0.00279	0.01308	0.08437	0.00361
2	0.03327	0.01085	0.00734	0.05910	0.00850	0.68117	0.00508	0.11109	0.00767	0.02879	0.00444	0.00511	0.00355	0.00277	0.00250	0.00071	0.02150	0.00182	0.00152	0.00320
3	0.00315	0.00265	0.00274	0.00276	0.00361	0.00224	0.00209	0.00386	0.00601	0.00724	0.06961	0.02495	0.81140	0.00655	0.00310	0.00089	0.00136	0.04110	0.00244	0.00222
4	0.00681	0.00681	0.02327	0.02303	0.25441	0.09154	0.15744	0.09572	0.16793	0.00918	0.00640	0.03045	0.01113	0.00309	0.00327	0.00085	0.09055	0.01271	0.00171	0.00371
5	0.00369	0.00266	0.00348	0.00328	0.00389	0.00246	0.00246	0.00491	0.00737	0.01044	0.89087	0.01945	0.02457	0.00532	0.00307	0.00082	0.00123	0.00471	0.00287	0.00246
6	0.00543	0.00315	0.00416	0.00377	0.00468	0.00303	0.00292	0.02387	0.00632	0.19668	0.29882	0.03825	0.12775	0.02914	0.23811	0.00175	0.00303	0.00386	0.00245	0.00282
7	0.00447	0.00284	0.00369	0.00338	0.00415	0.00258	0.00257	0.00564	0.00729	0.10111	0.74953	0.01869	0.07361	0.00518	0.00302	0.00082	0.00134	0.00454	0.00288	0.00264
8	0.00492	0.00463	0.00781	0.90223	0.01793	0.00579	0.00723	0.00665	0.00521	0.00665	0.00463	0.00694	0.00347	0.00260	0.00260	0.00087	0.00347	0.00231	0.00116	0.00289
9	0.00492	0.00259	0.00264	0.00258	0.00318	0.00262	0.00190	0.03440	0.00553	0.00951	0.00840	0.01025	0.00685	0.08397	0.00287	0.00078	0.00138	0.00255	0.81066	0.00242
10	0.00505	0.00477	0.00806	0.82302	0.09608	0.00582	0.00730	0.00677	0.00527	0.00682	0.00465	0.00690	0.00353	0.00258	0.00260	0.00086	0.00344	0.00231	0.00117	0.00300
11	0.60159	0.00607	0.04160	0.00433	0.00614	0.03560	0.00369	0.18496	0.03215	0.05584	0.00474	0.00509	0.00351	0.00264	0.00195	0.00080	0.00236	0.00173	0.00189	0.00331
12	0.00501	0.00480	0.00832	0.77678	0.01690	0.00571	0.08527	0.00674	0.00529	0.00686	0.00487	0.02407	0.00379	0.00265	0.00264	0.00086	0.00347	0.00245	0.00121	0.03232
13	0.07664	0.00983	0.00668	0.00643	0.05917	0.59953	0.00463	0.04305	0.04359	0.00755	0.00712	0.00750	0.11126	0.00317	0.00242	0.00073	0.00381	0.00224	0.00159	0.00307
14	0.01351	0.20408	0.31773	0.02173	0.06315	0.00681	0.09956	0.06218	0.00599	0.06062	0.01302	0.00663	0.03322	0.00333	0.03580	0.00090	0.03688	0.00221	0.00144	0.01122
15	0.05979	0.00586	0.03637	0.45572	0.15402	0.08538	0.06667	0.00730	0.00558	0.00754	0.00526	0.02330	0.00434	0.00281	0.00257	0.00084	0.00335	0.03465	0.03554	0.00312
16	0.05944	0.04585	0.77696	0.00694	0.01054	0.00610	0.00879	0.00813	0.00542	0.00838	0.00457	0.00537	0.00329	0.00244	0.00237	0.00080	0.00363	0.00186	0.00115	0.03797
17	0.00454	0.03743	0.00505	0.00559	0.16009	0.03682	0.00352	0.00588	0.06303	0.02446	0.16020	0.08451	0.38859	0.00519	0.00289	0.00084	0.00187	0.00444	0.00223	0.00281
18	0.10888	0.08744	0.11246	0.03295	0.20882	0.05068	0.05613	0.08200	0.07755	0.10319	0.00566	0.00631	0.00429	0.00274	0.00272	0.00080	0.04975	0.00218	0.00170	0.00375
19	0.00720	0.14155	0.28560	0.00586	0.00828	0.00584	0.05695	0.07757	0.02793	0.21612	0.00783	0.06780	0.03035	0.00340	0.00257	0.00082	0.00292	0.04576	0.00196	0.00371
20	0.07083	0.10135	0.03858	0.04570	0.44325	0.22363	0.00650	0.01676	0.00615	0.01746	0.00452	0.00564	0.00374	0.00244	0.00236	0.00073	0.00340	0.00199	0.00133	0.00363
21	0.00902	0.00667	0.00742	0.00579	0.00770	0.00731	0.02647	0.69534	0.07966	0.03564	0.08573	0.00778	0.00654	0.00333	0.00266	0.00080	0.00268	0.00263	0.00261	0.00421
22	0.10735	0.00631	0.07761	0.08527	0.00828	0.01964	0.02824	0.24864	0.02402	0.03208	0.00523	0.00585	0.00396	0.00250	0.00225	0.00066	0.00261	0.00194	0.00182	0.33574

[dist]
# distance from previous block
# <min> <max>
1	3

[block]
# block no. 1 follows, 114 sequences, length 6
# corresponding to MSA columns:
# 146-151
name=unknown_B
#
# <colnr> <probs for GDERKNQSTAVLIFYWHMCP>
#	G	D	E	R	K	N	Q	S	T	A	V	L	I	F	Y	W	H	M	C	P
0	0.00374	0.00283	0.00353	0.00329	0.00408	0.00252	0.00251	0.00488	0.00692	0.00962	0.64312	0.01972	0.16103	0.00535	0.00301	0.00081	0.00135	0.04505	0.00267	0.07397
1	0.00348	0.00263	0.00321	0.00312	0.00378	0.00236	0.00232	0.00450	0.00681	0.00923	0.58863	0.08060	0.26807	0.00587	0.00309	0.00085	0.00127	0.00511	0.00271	0.00236
2	0.00761	0.18729	0.19714	0.02649	0.02585	0.07263	0.02760	0.19854	0.07193	0.09090	0.00580	0.00643	0.00443	0.03229	0.00294	0.00082	0.03363	0.00215	0.00178	0.00375
3	0.00471	0.00363	0.02469	0.00395	0.00478	0.00351	0.00302	0.04336	0.17340	0.04603	0.18088	0.24267	0.11314	0.07571	0.00378	0.00104	0.00179	0.03929	0.02785	0.00278
4	0.02409	0.03441	0.02169	0.07428	0.02606	0.01862	0.00393	0.08076	0.09784	0.04558	0.00708	0.07653	0.01873	0.00313	0.00234	0.00066	0.00224	0.03619	0.02720	0.39861
5	0.21654	0.37736	0.06150	0.00468	0.00659	0.07407	0.00433	0.11339	0.00616	0.00910	0.03945	0.00543	0.00434	0.00265	0.00211	0.00069	0.02642	0.00176	0.04015	0.00327

[dist]
# distance from previous block
# <min> <max>
12	63

[block]
# block no. 2 follows, 114 sequences, length 25
# corresponding to MSA columns:
# 221-245
name=unknown_C
#
# <colnr> <probs for GDERKNQSTAVLIFYWHMCP>
#	G	D	E	R	K	N	Q	S	T	A	V	L	I	F	Y	W	H	M	C	P
0	0.00611	0.00592	0.00973	0.25961	0.62838	0.02956	0.00770	0.00769	0.00577	0.00794	0.00480	0.00654	0.00392	0.00241	0.00258	0.00080	0.00324	0.00230	0.00125	0.00376
1	0.00635	0.00596	0.07476	0.04441	0.07876	0.00596	0.00484	0.06012	0.53968	0.03947	0.04475	0.01023	0.05748	0.00356	0.00267	0.00086	0.00232	0.01158	0.00237	0.00388
2	0.00373	0.00275	0.00399	0.00399	0.00439	0.00315	0.00302	0.00453	0.00413	0.00590	0.00715	0.01119	0.00693	0.14552	0.77276	0.00395	0.00634	0.00293	0.00142	0.00222
3	0.07766	0.00561	0.00692	0.02634	0.16058	0.02662	0.04656	0.04896	0.42567	0.05653	0.02115	0.03206	0.03805	0.00339	0.00261	0.00085	0.00243	0.01196	0.00222	0.00381
4	0.00372	0.00260	0.00325	0.00327	0.00358	0.00251	0.00225	0.00436	0.00550	0.00757	0.35772	0.10406	0.01653	0.37543	0.02806	0.00165	0.00201	0.07166	0.00223	0.00206
5	0.00696	0.91006	0.01364	0.00446	0.00668	0.01030	0.00446	0.00780	0.00529	0.00613	0.00362	0.00418	0.00334	0.00223	0.00167	0.00056	0.00278	0.00139	0.00111	0.00334
6	0.01623	0.00678	0.06165	0.18109	0.19358	0.04187	0.35061	0.00797	0.00578	0.03179	0.00496	0.00663	0.00385	0.00255	0.00321	0.00086	0.07323	0.00256	0.00131	0.00348
7	0.00412	0.00286	0.00358	0.00331	0.00407	0.00263	0.00251	0.02766	0.00728	0.05059	0.69776	0.01947	0.15357	0.00536	0.00304	0.00083	0.00133	0.00467	0.00281	0.00256
8	0.00377	0.00260	0.00323	0.00323	0.00337	0.00274	0.00207	0.00404	0.00390	0.00534	0.00784	0.01504	0.00860	0.64803	0.27253	0.00301	0.00383	0.00349	0.00152	0.00180
9	0.85614	0.00521	0.00413	0.00362	0.00527	0.00601	0.00298	0.07523	0.00503	0.01205	0.00383	0.00439	0.00294	0.00247	0.00169	0.00080	0.00208	0.00148	0.00169	0.00294
10	0.00735	0.00540	0.04416	0.00456	0.00670	0.00456	0.00384	0.19595	0.00735	0.16776	0.06238	0.00723	0.00580	0.01276	0.00242	0.00062	0.00223	0.00215	0.00214	0.45466
11	0.07757	0.16242	0.25996	0.00663	0.00918	0.04746	0.15045	0.13091	0.02553	0.06255	0.00553	0.01584	0.00431	0.00274	0.00244	0.00079	0.00331	0.02713	0.00161	0.00365
12	0.00969	0.02968	0.00648	0.00493	0.00676	0.00535	0.00404	0.30205	0.04818	0.42248	0.09936	0.02262	0.00779	0.00347	0.00264	0.00080	0.00232	0.00279	0.01446	0.00412
13	0.02210	0.66340	0.01163	0.00481	0.02207	0.04986	0.00440	0.08465	0.03141	0.00764	0.07254	0.00576	0.00521	0.00261	0.00193	0.00062	0.00273	0.00181	0.00145	0.00338
14	0.00615	0.00702	0.01536	0.01097	0.01361	0.00658	0.88279	0.00834	0.00615	0.00834	0.00527	0.00702	0.00395	0.00219	0.00307	0.00088	0.00439	0.00307	0.00132	0.00351
15	0.04627	0.08248	0.39622	0.02812	0.05193	0.04737	0.05152	0.10311	0.06634	0.02508	0.01169	0.01888	0.00464	0.00288	0.00253	0.00081	0.01054	0.03266	0.01325	0.00368
16	0.00495	0.00423	0.03442	0.01995	0.03013	0.00409	0.07156	0.09147	0.12235	0.01753	0.06313	0.35586	0.01985	0.00579	0.00311	0.00098	0.00222	0.14315	0.00232	0.00292
17	0.00335	0.00255	0.00301	0.00311	0.00367	0.00229	0.00223	0.00407	0.00594	0.00774	0.26054	0.23206	0.35789	0.07677	0.00394	0.00104	0.00146	0.02367	0.00248	0.00221
18	0.00377	0.00260	0.00324	0.00324	0.00338	0.00274	0.00208	0.00404	0.00391	0.00535	0.00784	0.01500	0.00858	0.64288	0.27766	0.00302	0.00385	0.00349	0.00152	0.00180
19	0.00688	0.24568	0.15314	0.04100	0.09107	0.13054	0.07419	0.08813	0.02997	0.02026	0.00548	0.07507	0.00480	0.00298	0.00250	0.00076	0.02019	0.00240	0.00148	0.00348
20	0.09267	0.16639	0.19209	0.00714	0.09778	0.09449	0.07934	0.09423	0.03965	0.07115	0.01695	0.00595	0.00420	0.00265	0.00248	0.00076	0.02476	0.00207	0.00159	0.00365
21	0.00487	0.00339	0.00397	0.00359	0.00456	0.00326	0.00276	0.07373	0.08104	0.07931	0.42338	0.03833	0.24700	0.00521	0.00296	0.00084	0.00153	0.00446	0.01298	0.00283
22	0.05966	0.00417	0.00547	0.00438	0.00610	0.00373	0.00355	0.02275	0.00716	0.68208	0.09389	0.07886	0.00878	0.00376	0.00266	0.00083	0.00207	0.00312	0.00303	0.00398
23	0.04113	0.03026	0.18711	0.03402	0.20636	0.04041	0.02511	0.07747	0.01923	0.06310	0.00746	0.11959	0.03873	0.00409	0.02651	0.00094	0.04592	0.02737	0.00171	0.00347
24	0.03902	0.03346	0.00613	0.00461	0.01659	0.15002	0.00362	0.05927	0.00614	0.02809	0.00469	0.00534	0.00382	0.00218	0.00204	0.00049	0.00248	0.00164	0.00160	0.62879

[dist]
# distance from previous block
# <min> <max>
0	1

[block]
# block no. 3 follows, 114 sequences, length 33
# corresponding to MSA columns:
# 247-279
name=unknown_D
#
# <colnr> <probs for GDERKNQSTAVLIFYWHMCP>
#	G	D	E	R	K	N	Q	S	T	A	V	L	I	F	Y	W	H	M	C	P
0	0.00355	0.00250	0.00299	0.00314	0.00338	0.00243	0.00204	0.00392	0.00457	0.00612	0.02896	0.25550	0.13445	0.40667	0.09277	0.00196	0.00244	0.00487	0.03579	0.00193
1	0.02979	0.11144	0.06759	0.05916	0.15893	0.10533	0.15541	0.09101	0.01320	0.03831	0.00540	0.04871	0.00458	0.00984	0.01875	0.00088	0.07418	0.00249	0.00151	0.00348
2	0.01951	0.42306	0.32031	0.00613	0.02722	0.02588	0.03144	0.09134	0.00607	0.00804	0.00432	0.00500	0.00346	0.00245	0.00221	0.00070	0.01622	0.00175	0.00127	0.00362
3	0.00395	0.00269	0.00320	0.00328	0.00351	0.00266	0.00221	0.00436	0.01454	0.01580	0.04959	0.01981	0.05485	0.62506	0.01015	0.00207	0.00237	0.17617	0.00187	0.00187
4	0.00330	0.00245	0.00299	0.00331	0.00369	0.00224	0.00230	0.00384	0.00531	0.00687	0.07295	0.47969	0.24738	0.10453	0.00433	0.00116	0.00159	0.04760	0.00235	0.00211
5	0.01835	0.14018	0.09629	0.10230	0.22892	0.10986	0.08666	0.04224	0.02848	0.05632	0.00497	0.00605	0.00393	0.00264	0.00284	0.00078	0.06200	0.00216	0.00142	0.00360
6	0.92688	0.00504	0.00383	0.00342	0.00504	0.00584	0.00282	0.00765	0.00443	0.01168	0.00363	0.00423	0.00282	0.00242	0.00161	0.00081	0.00201	0.00141	0.00161	0.00282
7	0.00385	0.00289	0.00399	0.00398	0.00447	0.00322	0.00301	0.01946	0.03179	0.00643	0.01834	0.05532	0.06744	0.10834	0.64169	0.00341	0.00554	0.01288	0.00162	0.00232
8	0.00973	0.01241	0.00738	0.00671	0.00805	0.89804	0.00503	0.01040	0.00738	0.00637	0.00402	0.00470	0.00335	0.00268	0.00235	0.00067	0.00470	0.00168	0.00134	0.00302
9	0.00448	0.00256	0.00286	0.00278	0.00340	0.00252	0.00209	0.00578	0.01936	0.00989	0.29432	0.01287	0.01249	0.00413	0.02106	0.00075	0.00135	0.00318	0.59166	0.00246
10	0.00709	0.00590	0.00623	0.00542	0.00701	0.00676	0.00427	0.17011	0.73027	0.01188	0.00982	0.00909	0.00732	0.00346	0.00264	0.00086	0.00221	0.00284	0.00264	0.00418
11	0.00346	0.00275	0.00313	0.00309	0.00386	0.00246	0.00235	0.00454	0.03395	0.00833	0.31532	0.04844	0.49511	0.00615	0.00310	0.00088	0.00138	0.05675	0.00257	0.00235
12	0.00352	0.00245	0.00309	0.00346	0.00361	0.00237	0.00230	0.00389	0.00465	0.00617	0.01196	0.46889	0.01403	0.34910	0.00712	0.00163	0.00200	0.10573	0.00210	0.00194
13	0.00943	0.00426	0.00555	0.00441	0.00607	0.00391	0.00358	0.09361	0.01771	0.57552	0.22455	0.01121	0.01069	0.00373	0.00272	0.00081	0.00202	0.00310	0.01318	0.00392
14	0.00372	0.00279	0.00418	0.00418	0.00465	0.00325	0.00325	0.00465	0.00418	0.00604	0.00697	0.01023	0.00651	0.01953	0.89817	0.00418	0.00697	0.00279	0.00139	0.00232
15	0.92688	0.00504	0.00383	0.00342	0.00504	0.00584	0.00282	0.00765	0.00443	0.01168	0.00363	0.00423	0.00282	0.00242	0.00161	0.00081	0.00201	0.00141	0.00161	0.00282
16	0.00608	0.00612	0.01200	0.00928	0.03871	0.00591	0.57553	0.09096	0.00669	0.00899	0.00725	0.01193	0.00647	0.00340	0.00313	0.00094	0.00376	0.19781	0.00168	0.00337
17	0.00633	0.00550	0.00607	0.09065	0.00783	0.00641	0.00442	0.01315	0.80358	0.01049	0.01003	0.00945	0.00752	0.00344	0.00265	0.00088	0.00219	0.00288	0.00251	0.00400
18	0.63407	0.00530	0.00462	0.00394	0.00551	0.00602	0.00318	0.20307	0.00612	0.01211	0.00465	0.00590	0.00381	0.08880	0.00294	0.00096	0.00225	0.00184	0.00183	0.00306
19	0.00733	0.00588	0.00627	0.00541	0.00702	0.00669	0.00427	0.18193	0.68598	0.04442	0.00975	0.00901	0.00721	0.00344	0.00264	0.00086	0.00222	0.00282	0.00266	0.00419
20	0.92688	0.00504	0.00383	0.00342	0.00504	0.00584	0.00282	0.00765	0.00443	0.01168	0.00363	0.00423	0.00282	0.00242	0.00161	0.00081	0.00201	0.00141	0.00161	0.00282
21	0.00644	0.00619	0.01057	0.01598	0.89225	0.00619	0.00799	0.00799	0.00593	0.00851	0.00490	0.00644	0.00412	0.00232	0.00258	0.00077	0.00309	0.00232	0.00129	0.00412
22	0.00679	0.00624	0.00603	0.00543	0.00689	0.09132	0.00421	0.01351	0.80378	0.01046	0.00997	0.00924	0.00751	0.00345	0.00262	0.00086	0.00231	0.00282	0.00253	0.00402
23	0.00390	0.00303	0.00445	0.00435	0.00475	0.00364	0.00339	0.00475	0.00415	0.00602	0.00672	0.01016	0.00638	0.06169	0.77613	0.00383	0.08615	0.00279	0.00138	0.00233
24	0.00662	0.00566	0.00597	0.00533	0.00682	0.00654	0.00416	0.04937	0.85178	0.01112	0.01042	0.00957	0.00780	0.00352	0.00265	0.00088	0.00209	0.00292	0.00265	0.00413
25	0.00407	0.00290	0.00405	0.00465	0.00519	0.00289	0.00397	0.00517	0.00587	0.00765	0.01386	0.14029	0.01527	0.00731	0.00356	0.00118	0.00229	0.76508	0.00240	0.00236
26	0.00685	0.00487	0.00530	0.00453	0.00584	0.00536	0.00360	0.29900	0.21755	0.02466	0.04601	0.00902	0.00698	0.00485	0.08764	0.00108	0.00253	0.00266	0.25815	0.00351
27	0.92688	0.00504	0.00383	0.00342	0.00504	0.00584	0.00282	0.00765	0.00443	0.01168	0.00363	0.00423	0.00282	0.00242	0.00161	0.00081	0.00201	0.00141	0.00161	0.00282
28	0.02199	0.58262	0.12328	0.00534	0.03756	0.06966	0.01247	0.00778	0.01768	0.00669	0.00479	0.02220	0.01235	0.04024	0.00245	0.00073	0.00299	0.02463	0.00125	0.00328
29	0.02730	0.08611	0.23485	0.00479	0.00646	0.04814	0.01555	0.01358	0.01577	0.00762	0.06798	0.13622	0.17961	0.01249	0.08799	0.00117	0.00294	0.02713	0.02144	0.00286
30	0.03397	0.06979	0.07502	0.05029	0.17471	0.19257	0.03467	0.18815	0.08018	0.02759	0.00562	0.02500	0.00447	0.00281	0.00246	0.00076	0.00328	0.00224	0.00173	0.02468
31	0.08040	0.08654	0.11675	0.01738	0.02102	0.06372	0.00424	0.08472	0.03459	0.00847	0.04765	0.21409	0.13283	0.01299	0.00295	0.00089	0.02588	0.04000	0.00196	0.00293
32	0.01374	0.07047	0.07789	0.00506	0.02271	0.12024	0.02764	0.02817	0.01923	0.02831	0.06756	0.22376	0.05930	0.00749	0.16074	0.01350	0.03126	0.01021	0.00183	0.01089

[dist]
# distance from previous block
# <min> <max>
0	33

[block]
# block no. 4 follows, 114 sequences, length 16
# corresponding to MSA columns:
# 313-328
name=unknown_E
#
# <colnr> <probs for GDERKNQSTAVLIFYWHMCP>
#	G	D	E	R	K	N	Q	S	T	A	V	L	I	F	Y	W	H	M	C	P
0	0.01906	0.11439	0.09477	0.07783	0.03527	0.19925	0.02572	0.10948	0.02166	0.07942	0.02189	0.00713	0.03467	0.00321	0.00330	0.00081	0.12942	0.01769	0.00165	0.00339
1	0.01065	0.00480	0.00618	0.00494	0.02113	0.00447	0.00397	0.14983	0.02148	0.66591	0.02727	0.02920	0.03089	0.00344	0.00265	0.00081	0.00227	0.00280	0.00304	0.00427
2	0.92688	0.00504	0.00383	0.00342	0.00504	0.00584	0.00282	0.00765	0.00443	0.01168	0.00363	0.00423	0.00282	0.00242	0.00161	0.00081	0.00201	0.00141	0.00161	0.00282
3	0.00314	0.00260	0.00275	0.00281	0.00358	0.00221	0.00207	0.00382	0.00594	0.00727	0.09755	0.13034	0.71357	0.00668	0.00311	0.00090	0.00133	0.00566	0.00246	0.00221
4	0.00347	0.00272	0.00287	0.00282	0.00371	0.00230	0.00214	0.00420	0.00611	0.04007	0.09415	0.02413	0.76680	0.00638	0.00307	0.00088	0.00137	0.02801	0.00248	0.00231
5	0.00540	0.00463	0.00540	0.00386	0.00617	0.00347	0.00309	0.00656	0.00540	0.00848	0.00463	0.00540	0.00386	0.00193	0.00193	0.00039	0.00193	0.00154	0.00154	0.92441
6	0.00492	0.00463	0.00781	0.90223	0.01793	0.00579	0.00723	0.00665	0.00521	0.00665	0.00463	0.00694	0.00347	0.00260	0.00260	0.00087	0.00347	0.00231	0.00116	0.00289
7	0.00444	0.00316	0.00376	0.00353	0.00431	0.00307	0.00264	0.03530	0.09928	0.04516	0.44827	0.07516	0.14904	0.06367	0.00364	0.00096	0.00154	0.01773	0.03269	0.00266
8	0.00320	0.00233	0.00302	0.00354	0.00379	0.00215	0.00241	0.00372	0.00518	0.00684	0.04489	0.77142	0.10454	0.00789	0.00330	0.00103	0.00150	0.02468	0.00243	0.00214
9	0.03839	0.00431	0.03660	0.02797	0.04762	0.01968	0.00346	0.12333	0.02420	0.00880	0.16661	0.05860	0.04670	0.22766	0.03467	0.01148	0.05406	0.00348	0.05974	0.00268
10	0.00621	0.10274	0.23852	0.08832	0.31616	0.03587	0.08867	0.03109	0.00589	0.02153	0.00497	0.02135	0.00401	0.00270	0.01136	0.00082	0.01250	0.00226	0.00130	0.00372
11	0.00317	0.00229	0.00300	0.00356	0.00376	0.00212	0.00239	0.00363	0.00505	0.00667	0.01513	0.84981	0.07370	0.00806	0.00331	0.00105	0.00150	0.00728	0.00242	0.00212
12	0.00379	0.00252	0.00284	0.00284	0.00284	0.00252	0.00158	0.00379	0.00379	0.00505	0.00820	0.01704	0.00947	0.90849	0.01325	0.00252	0.00252	0.00379	0.00158	0.00158
13	0.03925	0.17413	0.21137	0.05857	0.17740	0.07244	0.06355	0.11734	0.03566	0.00889	0.00485	0.00575	0.00380	0.00254	0.00245	0.00076	0.01406	0.00205	0.00143	0.00370
14	0.00711	0.04924	0.06252	0.08774	0.08181	0.05028	0.04750	0.17272	0.11764	0.08515	0.05279	0.00806	0.01325	0.00350	0.01624	0.00892	0.07278	0.01024	0.04892	0.00360
15	0.02162	0.00280	0.03223	0.00369	0.00408	0.00241	0.00265	0.00411	0.00509	0.01968	0.04491	0.70188	0.04535	0.06573	0.00387	0.00112	0.00168	0.02217	0.00232	0.01262

[dist]
# distance from previous block
# <min> <max>
0	32

[block]
# block no. 5 follows, 114 sequences, length 22
# corresponding to MSA columns:
# 361-382
name=unknown_F
#
# <colnr> <probs for GDERKNQSTAVLIFYWHMCP>
#	G	D	E	R	K	N	Q	S	T	A	V	L	I	F	Y	W	H	M	C	P
0	0.10635	0.10883	0.04073	0.01358	0.09309	0.21071	0.06122	0.07215	0.07230	0.07327	0.05271	0.00699	0.00540	0.01161	0.02009	0.00085	0.03565	0.00932	0.00174	0.00342
1	0.08901	0.15394	0.09310	0.01356	0.08309	0.15252	0.01380	0.08488	0.07963	0.05687	0.01916	0.04530	0.02190	0.00296	0.00231	0.00073	0.00291	0.00228	0.00944	0.07260
2	0.04633	0.62403	0.19621	0.00532	0.00784	0.04023	0.03389	0.00799	0.00540	0.00689	0.00391	0.00456	0.00333	0.00230	0.00190	0.00064	0.00309	0.00157	0.00115	0.00342
3	0.00429	0.00326	0.00446	0.00429	0.00471	0.01998	0.00328	0.00504	0.00435	0.03476	0.02434	0.03269	0.00717	0.14401	0.59521	0.00332	0.09798	0.00300	0.00151	0.00235
4	0.00585	0.00420	0.00488	0.00440	0.00552	0.00432	0.00354	0.26100	0.03688	0.04344	0.19826	0.07867	0.14886	0.01622	0.00315	0.00093	0.00204	0.17219	0.00259	0.00307
5	0.00359	0.00263	0.00337	0.00324	0.00385	0.00241	0.00241	0.00471	0.00705	0.00983	0.74342	0.08775	0.10471	0.00566	0.00309	0.00084	0.00126	0.00499	0.00279	0.00241
6	0.00634	0.00608	0.01038	0.07593	0.83311	0.00616	0.00794	0.00790	0.00588	0.00838	0.00488	0.00648	0.00408	0.00234	0.00258	0.00078	0.00312	0.00232	0.00128	0.00404
7	0.00416	0.00251	0.00269	0.00268	0.00333	0.00237	0.00199	0.00521	0.00589	0.00908	0.16792	0.05237	0.21827	0.00449	0.00240	0.00073	0.00125	0.00376	0.50655	0.00237
8	0.00971	0.00720	0.00771	0.00595	0.00800	0.00799	0.00490	0.83683	0.05928	0.01611	0.00649	0.00644	0.00462	0.00315	0.00261	0.00079	0.00282	0.00238	0.00261	0.00441
9	0.00383	0.00256	0.00305	0.00306	0.00319	0.00264	0.00190	0.00408	0.00399	0.00556	0.00815	0.03578	0.00895	0.67471	0.16579	0.00265	0.00319	0.00361	0.06153	0.00177
10	0.00335	0.00253	0.00309	0.00324	0.00378	0.00228	0.00234	0.00415	0.00612	0.00809	0.31784	0.31305	0.28516	0.00669	0.00317	0.00093	0.00138	0.02800	0.00257	0.00226
11	0.00522	0.01347	0.89500	0.00742	0.01127	0.00605	0.00962	0.00825	0.00550	0.00825	0.00467	0.00550	0.00330	0.00247	0.00247	0.00082	0.00385	0.00192	0.00110	0.00385
12	0.00315	0.00237	0.00292	0.00336	0.00371	0.00214	0.00230	0.00366	0.00524	0.00675	0.01763	0.66624	0.25565	0.00773	0.00326	0.00101	0.00146	0.00688	0.00242	0.00214
13	0.00372	0.00279	0.00418	0.00418	0.00465	0.00325	0.00325	0.00465	0.00418	0.00604	0.00697	0.01023	0.00651	0.01953	0.89817	0.00418	0.00697	0.00279	0.00139	0.00232
14	0.00942	0.01183	0.00767	0.00757	0.09008	0.81530	0.00531	0.01017	0.00724	0.00657	0.00411	0.00486	0.00343	0.00265	0.00237	0.00068	0.00455	0.00174	0.00134	0.00312
15	0.00528	0.04133	0.86761	0.00733	0.01113	0.00618	0.00946	0.00823	0.00549	0.00818	0.00464	0.00546	0.00330	0.00247	0.00245	0.00082	0.00382	0.00191	0.00110	0.00383
16	0.00599	0.11076	0.52848	0.06625	0.03746	0.10239	0.03617	0.02824	0.00593	0.00800	0.04357	0.00607	0.00433	0.00260	0.00243	0.00078	0.00365	0.00205	0.00126	0.00359
17	0.00316	0.00230	0.00299	0.00353	0.00375	0.00212	0.00238	0.00364	0.00507	0.00668	0.01548	0.82413	0.09915	0.00801	0.00330	0.00104	0.00149	0.00722	0.00242	0.00212
18	0.00582	0.00544	0.00893	0.26717	0.50030	0.00588	0.00709	0.00747	0.03022	0.02034	0.00638	0.00789	0.06197	0.00285	0.00294	0.00083	0.05097	0.00255	0.00138	0.00358
19	0.00696	0.91006	0.01364	0.00446	0.00668	0.01030	0.00446	0.00780	0.00529	0.00613	0.00362	0.00418	0.00334	0.00223	0.00167	0.00056	0.00278	0.00139	0.00111	0.00334
20	0.00317	0.00227	0.00302	0.00363	0.00378	0.00211	0.00242	0.00363	0.00499	0.00665	0.01435	0.90679	0.01722	0.00816	0.00332	0.00106	0.00151	0.00740	0.00242	0.00211
21	0.00344	0.00268	0.00318	0.00366	0.00391	0.03520	0.00248	0.00395	0.00522	0.00681	0.05632	0.77199	0.06246	0.02116	0.00341	0.00104	0.00162	0.00691	0.00239	0.00216

[dist]
# distance from previous block
# <min> <max>
16	164

[block]
# block no. 6 follows, 114 sequences, length 26
# corresponding to MSA columns:
# 589-614
name=unknown_G
#
# <colnr> <probs for GDERKNQSTAVLIFYWHMCP>
#	G	D	E	R	K	N	Q	S	T	A	V	L	I	F	Y	W	H	M	C	P
0	0.25562	0.00642	0.04112	0.00551	0.04488	0.04573	0.01079	0.33577	0.07681	0.08298	0.00684	0.04122	0.02908	0.00318	0.00237	0.00081	0.00257	0.00240	0.00220	0.00372
1	0.00353	0.00294	0.00312	0.00303	0.00393	0.00267	0.00228	0.00492	0.09153	0.00791	0.14796	0.04857	0.64303	0.00610	0.00303	0.00087	0.00139	0.00514	0.00249	0.01556
2	0.03978	0.00372	0.00504	0.02574	0.11374	0.00391	0.00378	0.04016	0.02817	0.04812	0.13534	0.05808	0.10930	0.07553	0.18905	0.00170	0.04264	0.07144	0.00200	0.00277
3	0.00343	0.00278	0.00307	0.00297	0.00379	0.00247	0.00223	0.00458	0.04533	0.00835	0.31719	0.02249	0.55998	0.00603	0.00306	0.00086	0.00132	0.00512	0.00258	0.00237
4	0.00623	0.09420	0.01382	0.01076	0.14822	0.00700	0.58713	0.00806	0.00584	0.00797	0.00489	0.00654	0.00387	0.00242	0.00333	0.00085	0.08132	0.00273	0.00128	0.00353
5	0.32164	0.03590	0.00639	0.00549	0.00696	0.51033	0.00427	0.05148	0.00649	0.00865	0.00397	0.00461	0.00322	0.00263	0.00219	0.00073	0.01889	0.00162	0.00148	0.00303
6	0.00354	0.00246	0.00328	0.00380	0.00411	0.00231	0.00274	0.00415	0.00529	0.02601	0.02740	0.68617	0.05251	0.00778	0.00334	0.00107	0.00167	0.15771	0.00244	0.00222
7	0.00586	0.03140	0.37284	0.05834	0.02256	0.01525	0.19798	0.05480	0.12241	0.00881	0.00635	0.00718	0.03237	0.00280	0.00283	0.00084	0.03361	0.00248	0.01762	0.00366
8	0.00544	0.03604	0.82972	0.00738	0.01111	0.00612	0.03201	0.00834	0.00555	0.02803	0.00479	0.00558	0.00339	0.00248	0.00247	0.00082	0.00380	0.00196	0.00115	0.00384
9	0.00441	0.00357	0.02441	0.04293	0.01673	0.00344	0.03085	0.04880	0.03505	0.02621	0.12847	0.04795	0.19435	0.27852	0.04573	0.00153	0.02274	0.03984	0.00205	0.00243
10	0.00480	0.00417	0.01755	0.00477	0.00543	0.01950	0.03101	0.01688	0.04205	0.00714	0.03497	0.01764	0.03500	0.10872	0.26221	0.00201	0.22368	0.00282	0.09070	0.06895
11	0.00315	0.00262	0.00275	0.00276	0.00357	0.00222	0.00206	0.00386	0.00604	0.00739	0.12125	0.07457	0.74570	0.00654	0.00309	0.00088	0.00132	0.00552	0.00247	0.00222
12	0.00708	0.06218	0.02319	0.16722	0.16961	0.23311	0.02667	0.04519	0.19098	0.00825	0.00621	0.00715	0.01757	0.00288	0.00257	0.00079	0.01183	0.01237	0.00163	0.00351
13	0.00901	0.13225	0.03311	0.00616	0.02062	0.31711	0.00502	0.36140	0.07227	0.01078	0.00537	0.00566	0.00412	0.00285	0.00239	0.00072	0.00346	0.00201	0.00191	0.00375
14	0.00865	0.00407	0.00534	0.00437	0.00582	0.00388	0.00351	0.04669	0.01815	0.50003	0.03497	0.02477	0.02397	0.04918	0.11524	0.00130	0.04250	0.00282	0.06895	0.03579
15	0.03366	0.01579	0.12972	0.07293	0.15651	0.10965	0.10405	0.04896	0.03591	0.06669	0.03768	0.01295	0.03931	0.00351	0.01980	0.00091	0.07055	0.03634	0.00164	0.00345
16	0.00560	0.12165	0.50680	0.00716	0.01006	0.00647	0.12883	0.02257	0.02248	0.01409	0.00555	0.04644	0.00463	0.00299	0.00285	0.00084	0.04765	0.03846	0.00131	0.00357
17	0.76038	0.00493	0.00423	0.00364	0.00533	0.00547	0.00300	0.00857	0.00498	0.17221	0.00483	0.00507	0.00348	0.00256	0.00179	0.00081	0.00205	0.00163	0.00190	0.00311
18	0.00340	0.00250	0.00308	0.00343	0.00380	0.00233	0.00243	0.00397	0.00526	0.00681	0.05336	0.41614	0.21432	0.14393	0.00480	0.00125	0.00173	0.12305	0.00231	0.00211
19	0.00720	0.03616	0.04634	0.12657	0.29488	0.16591	0.12712	0.08752	0.00667	0.03814	0.00505	0.00627	0.00396	0.00256	0.00266	0.00078	0.01839	0.00228	0.01791	0.00363
20	0.00387	0.00275	0.00353	0.00386	0.01998	0.00263	0.00269	0.00490	0.05358	0.04547	0.11019	0.51188	0.14230	0.00766	0.05263	0.00116	0.00186	0.02419	0.00244	0.00243
21	0.00350	0.00238	0.00316	0.00364	0.00388	0.00223	0.00247	0.00398	0.00502	0.03627	0.01396	0.79704	0.03292	0.03308	0.04199	0.00122	0.00179	0.00691	0.00238	0.00219
22	0.00633	0.00652	0.05081	0.08337	0.26534	0.03772	0.28298	0.03178	0.07342	0.03539	0.02183	0.00867	0.00542	0.00288	0.00289	0.00086	0.01627	0.06231	0.00158	0.00363
23	0.00584	0.05851	0.08485	0.11083	0.34569	0.02507	0.12206	0.01967	0.03519	0.00810	0.00719	0.00996	0.05580	0.00317	0.00272	0.00084	0.00317	0.09631	0.00150	0.00352
24	0.79130	0.00495	0.00401	0.00353	0.00512	0.00565	0.00290	0.04643	0.00497	0.04966	0.00432	0.00485	0.00328	0.00252	0.00171	0.00079	0.00201	0.00156	0.05750	0.00294
25	0.00503	0.00375	0.00477	0.00446	0.00522	0.00384	0.04083	0.19292	0.00668	0.02793	0.02811	0.50583	0.08082	0.04388	0.00370	0.00103	0.03059	0.00552	0.00236	0.00273

[dist]
# distance from previous block
# <min> <max>
0	4

[block]
# block no. 7 follows, 114 sequences, length 28
# corresponding to MSA columns:
# 619-646
name=unknown_H
#
# <colnr> <probs for GDERKNQSTAVLIFYWHMCP>
#	G	D	E	R	K	N	Q	S	T	A	V	L	I	F	Y	W	H	M	C	P
0	0.00583	0.03571	0.03342	0.08527	0.23048	0.08887	0.10276	0.02567	0.04678	0.02874	0.00885	0.10804	0.10396	0.00473	0.05843	0.00105	0.01199	0.01449	0.00168	0.00325
1	0.00663	0.01810	0.00900	0.16546	0.36946	0.10301	0.05256	0.00794	0.00579	0.06958	0.00562	0.01986	0.02449	0.00323	0.01978	0.00090	0.11119	0.00245	0.00143	0.00351
2	0.00544	0.00499	0.00812	0.74090	0.11446	0.00599	0.00716	0.06824	0.00578	0.00754	0.00477	0.00684	0.00361	0.00261	0.00260	0.00085	0.00339	0.00232	0.00127	0.00314
3	0.00636	0.00648	0.01203	0.03851	0.36158	0.00648	0.38709	0.03595	0.07824	0.00876	0.00552	0.00695	0.00433	0.00246	0.00296	0.00084	0.02753	0.00270	0.00145	0.00380
4	0.06934	0.00376	0.00422	0.00387	0.00488	0.00393	0.00298	0.00789	0.27595	0.03022	0.45783	0.01570	0.09988	0.00465	0.00283	0.00084	0.00157	0.00397	0.00268	0.00301
5	0.03790	0.00503	0.00635	0.00501	0.01800	0.00477	0.00406	0.17203	0.03447	0.67003	0.00928	0.00824	0.00599	0.00318	0.00259	0.00080	0.00234	0.00254	0.00302	0.00437
6	0.01038	0.00602	0.00698	0.00539	0.00740	0.00625	0.00444	0.48786	0.04595	0.36644	0.00804	0.00749	0.00541	0.00341	0.01534	0.00084	0.00263	0.00248	0.00284	0.00439
7	0.00699	0.00585	0.00618	0.00540	0.00697	0.00672	0.00425	0.14467	0.75587	0.01172	0.00994	0.00919	0.00742	0.00347	0.00264	0.00087	0.00218	0.00285	0.00264	0.00417
8	0.00677	0.07053	0.03815	0.05911	0.57980	0.12493	0.05779	0.00824	0.00602	0.00792	0.00468	0.00607	0.00389	0.00240	0.00257	0.00076	0.01309	0.00220	0.00127	0.00380
9	0.00493	0.00374	0.00429	0.00492	0.06689	0.07487	0.00360	0.00598	0.00587	0.02797	0.02813	0.16579	0.02214	0.00553	0.00292	0.00094	0.00216	0.34609	0.22066	0.00257
10	0.00944	0.01198	0.00802	0.00705	0.00850	0.82639	0.07558	0.01023	0.00728	0.00653	0.00412	0.00488	0.00340	0.00264	0.00241	0.00069	0.00467	0.00179	0.00134	0.00306
11	0.00661	0.64060	0.15832	0.00650	0.12683	0.00905	0.00578	0.00790	0.00541	0.00680	0.00397	0.00470	0.00344	0.00228	0.00193	0.00063	0.00300	0.00160	0.00114	0.00353
12	0.00429	0.00333	0.00414	0.03222	0.01966	0.02548	0.01179	0.01480	0.06944	0.02148	0.13999	0.26426	0.02860	0.20584	0.07741	0.00156	0.02643	0.04478	0.00212	0.00240
13	0.00990	0.00729	0.00781	0.00599	0.00807	0.00807	0.00495	0.88357	0.01224	0.01641	0.00625	0.00625	0.00443	0.00313	0.00260	0.00078	0.00287	0.00234	0.00260	0.00443
14	0.00966	0.00722	0.00801	0.00669	0.07002	0.00794	0.00516	0.82222	0.01180	0.01586	0.00616	0.00626	0.00441	0.00307	0.00260	0.00078	0.00288	0.00234	0.00251	0.00441
15	0.00492	0.00463	0.00781	0.90223	0.01793	0.00579	0.00723	0.00665	0.00521	0.00665	0.00463	0.00694	0.00347	0.00260	0.00260	0.00087	0.00347	0.00231	0.00116	0.00289
16	0.01004	0.00706	0.00767	0.00588	0.00796	0.00773	0.00486	0.81357	0.01186	0.08695	0.00657	0.00646	0.00459	0.00313	0.00261	0.00078	0.00281	0.00237	0.00265	0.00443
17	0.00603	0.00583	0.00796	0.00677	0.00694	0.00798	0.00564	0.07678	0.00465	0.00708	0.00365	0.00574	0.00350	0.00444	0.00807	0.00111	0.83132	0.00228	0.00126	0.00298
18	0.00749	0.00578	0.00624	0.00538	0.00699	0.00651	0.00427	0.18869	0.62191	0.07805	0.00978	0.00948	0.00731	0.00352	0.00266	0.00087	0.00224	0.02599	0.00268	0.00416
19	0.00323	0.00262	0.00286	0.00285	0.00362	0.00225	0.00212	0.00401	0.00622	0.00782	0.23162	0.07860	0.63030	0.00639	0.00309	0.00088	0.00131	0.00543	0.00252	0.00225
20	0.00377	0.00252	0.00284	0.00286	0.00287	0.00251	0.00160	0.00378	0.00382	0.00509	0.00837	0.04119	0.00968	0.88406	0.01298	0.00248	0.00250	0.00388	0.00160	0.00159
21	0.02266	0.00625	0.00614	0.00538	0.00691	0.07562	0.00422	0.13687	0.64302	0.02212	0.00929	0.00873	0.00695	0.00337	0.00258	0.00084	0.00236	0.00272	0.02997	0.00401
22	0.00314	0.00259	0.00277	0.00283	0.00359	0.00221	0.00208	0.00383	0.00593	0.00728	0.10166	0.14794	0.69174	0.00670	0.00311	0.00090	0.00134	0.00569	0.00246	0.00221
23	0.00675	0.00604	0.00677	0.00578	0.00726	0.09447	0.08963	0.06531	0.47884	0.04361	0.09272	0.01027	0.01589	0.00394	0.02229	0.00093	0.01582	0.02760	0.00237	0.00370
24	0.00367	0.00277	0.00345	0.00378	0.00418	0.00274	0.00264	0.00514	0.12333	0.00766	0.11396	0.65961	0.04280	0.00717	0.00320	0.00100	0.00155	0.00644	0.00250	0.00242
25	0.00500	0.00445	0.00497	0.00470	0.00529	0.11053	0.00366	0.05268	0.00521	0.00687	0.04515	0.01115	0.02417	0.07905	0.46347	0.02023	0.09607	0.05328	0.00158	0.00250
26	0.00545	0.00508	0.00825	0.11824	0.38960	0.00520	0.08125	0.00745	0.08784	0.00838	0.06976	0.02220	0.11315	0.00358	0.00280	0.00085	0.00275	0.06302	0.00174	0.00343
27	0.00612	0.00783	0.22703	0.06188	0.41514	0.05156	0.00737	0.02025	0.05418	0.02650	0.03292	0.00818	0.03048	0.00289	0.00262	0.00081	0.00317	0.03581	0.00149	0.00377

[dist]
# distance from previous block
# <min> <max>
4	23

[block]
# block no. 8 follows, 114 sequences, length 22
# corresponding to MSA columns:
# 670-691
name=unknown_I
#
# <colnr> <probs for GDERKNQSTAVLIFYWHMCP>
#	G	D	E	R	K	N	Q	S	T	A	V	L	I	F	Y	W	H	M	C	P
0	0.00429	0.00446	0.10886	0.01976	0.02534	0.00358	0.04093	0.04811	0.02559	0.00807	0.17974	0.15922	0.11912	0.11375	0.10145	0.00145	0.00271	0.02887	0.00206	0.00264
1	0.00392	0.00265	0.00333	0.00330	0.00360	0.00266	0.00223	0.00441	0.00478	0.03206	0.16079	0.07908	0.04614	0.44479	0.18374	0.00233	0.00305	0.01321	0.00191	0.00203
2	0.00545	0.00515	0.00868	0.54299	0.25736	0.00588	0.04389	0.02645	0.00564	0.00753	0.02446	0.00743	0.02354	0.00271	0.00276	0.00085	0.02219	0.00247	0.00130	0.00327
3	0.00399	0.00318	0.00396	0.00421	0.04990	0.01084	0.00301	0.00528	0.05414	0.00841	0.32061	0.05961	0.23056	0.06881	0.01998	0.00108	0.02340	0.12414	0.00241	0.00250
4	0.27043	0.00627	0.00645	0.00508	0.00702	0.00687	0.00419	0.51855	0.00939	0.13236	0.00604	0.00603	0.00424	0.00294	0.00232	0.00079	0.00254	0.00212	0.00241	0.00397
5	0.00640	0.00611	0.01028	0.04429	0.82529	0.00619	0.00780	0.00820	0.04431	0.00855	0.00514	0.00660	0.00427	0.00238	0.00258	0.00078	0.00306	0.00235	0.00134	0.00408
6	0.00368	0.00259	0.00346	0.00394	0.00434	0.00248	0.00304	0.00430	0.00534	0.00694	0.01459	0.38842	0.11331	0.00769	0.00402	0.08476	0.00190	0.34077	0.00229	0.00214
7	0.00975	0.01171	0.00744	0.00661	0.00805	0.77578	0.00502	0.13035	0.00805	0.00775	0.00433	0.00491	0.00350	0.00274	0.00238	0.00069	0.00444	0.00177	0.00152	0.00321
8	0.00333	0.00235	0.00299	0.00344	0.00358	0.00223	0.00224	0.00370	0.00476	0.00631	0.01330	0.66279	0.04142	0.21338	0.00558	0.00139	0.00175	0.02124	0.00223	0.00200
9	0.00394	0.00272	0.00356	0.00332	0.00398	0.00250	0.00250	0.00516	0.00737	0.03892	0.86249	0.01911	0.02398	0.00526	0.00306	0.00082	0.00126	0.00464	0.00288	0.00252
10	0.00734	0.78674	0.01278	0.00476	0.00687	0.13226	0.00453	0.00815	0.00558	0.00616	0.00368	0.00425	0.00334	0.00229	0.00176	0.00057	0.00305	0.00143	0.00115	0.00330
11	0.00326	0.00230	0.00300	0.00352	0.00365	0.00217	0.00230	0.00365	0.00482	0.00643	0.01351	0.78456	0.01616	0.13184	0.00469	0.00126	0.00165	0.00691	0.00230	0.00204
12	0.04000	0.00445	0.00597	0.00460	0.00660	0.00389	0.00380	0.01253	0.00736	0.86675	0.01007	0.00872	0.00633	0.00320	0.00259	0.00081	0.00221	0.00258	0.00317	0.00438
13	0.92688	0.00504	0.00383	0.00342	0.00504	0.00584	0.00282	0.00765	0.00443	0.01168	0.00363	0.00423	0.00282	0.00242	0.00161	0.00081	0.00201	0.00141	0.00161	0.00282
14	0.01006	0.00703	0.00765	0.00587	0.00795	0.00769	0.00485	0.80464	0.01181	0.09595	0.00662	0.00649	0.00461	0.00313	0.00261	0.00078	0.00281	0.00237	0.00266	0.00443
15	0.00522	0.01347	0.89500	0.00742	0.01127	0.00605	0.00962	0.00825	0.00550	0.00825	0.00467	0.00550	0.00330	0.00247	0.00247	0.00082	0.00385	0.00192	0.00110	0.00385
16	0.00843	0.06671	0.00736	0.00614	0.00734	0.58371	0.00477	0.03436	0.00664	0.03541	0.00462	0.00569	0.00392	0.00517	0.12595	0.00120	0.08623	0.00192	0.00141	0.00301
17	0.13066	0.00339	0.00335	0.00311	0.00418	0.00326	0.00241	0.08413	0.00644	0.00886	0.10800	0.01993	0.60200	0.00558	0.00283	0.00085	0.00155	0.00457	0.00237	0.00251
18	0.02744	0.13243	0.00845	0.00657	0.05941	0.28040	0.00507	0.26734	0.04423	0.02094	0.00497	0.00560	0.00397	0.00314	0.01093	0.00079	0.11098	0.00201	0.00174	0.00358
19	0.00616	0.00630	0.00827	0.55578	0.18459	0.15427	0.00694	0.03363	0.00592	0.00725	0.00463	0.00645	0.00361	0.00258	0.00256	0.00081	0.00358	0.00221	0.00126	0.00320
20	0.00930	0.00750	0.00724	0.00575	0.00762	0.12969	0.00466	0.66085	0.01088	0.03739	0.00788	0.00781	0.08470	0.00338	0.00261	0.00078	0.00296	0.00255	0.00243	0.00403
21	0.71691	0.00588	0.08488	0.00404	0.00584	0.00595	0.00362	0.00856	0.12585	0.01126	0.00468	0.00510	0.00357	0.00258	0.00183	0.00082	0.00219	0.00167	0.00171	0.00309

[dist]
# distance from previous block
# <min> <max>
11	61

[block]
# block no. 9 follows, 114 sequences, length 52
# corresponding to MSA columns:
# 755-806
name=unknown_J
#
# <colnr> <probs for GDERKNQSTAVLIFYWHMCP>
#	G	D	E	R	K	N	Q	S	T	A	V	L	I	F	Y	W	H	M	C	P
0	0.00317	0.00227	0.00302	0.00363	0.00378	0.00211	0.00242	0.00363	0.00499	0.00665	0.01435	0.90679	0.01722	0.00816	0.00332	0.00106	0.00151	0.00740	0.00242	0.00211
1	0.00648	0.00559	0.00589	0.00530	0.00677	0.00648	0.00412	0.01384	0.88754	0.01089	0.01060	0.00971	0.00795	0.00353	0.00265	0.00088	0.00206	0.00294	0.00265	0.00412
2	0.00490	0.00464	0.00793	0.64169	0.01496	0.00564	0.07891	0.00648	0.00506	0.00668	0.00493	0.00733	0.00394	0.00509	0.12940	0.00135	0.06456	0.00244	0.00120	0.00286
3	0.00316	0.00231	0.00297	0.00350	0.00374	0.00213	0.00236	0.00364	0.00510	0.00670	0.01585	0.79710	0.12595	0.00796	0.00329	0.00104	0.00149	0.00717	0.00242	0.00213
4	0.00316	0.00231	0.00297	0.00350	0.00374	0.00213	0.00236	0.00364	0.00511	0.00670	0.01592	0.79165	0.13135	0.00795	0.00329	0.00103	0.00149	0.00715	0.00242	0.00213
5	0.00615	0.00682	0.01443	0.01162	0.14830	0.00646	0.73268	0.00822	0.00608	0.00832	0.00524	0.00699	0.00402	0.00253	0.01912	0.00092	0.00424	0.00295	0.00131	0.00358
6	0.04355	0.77845	0.03399	0.00467	0.00684	0.08337	0.00456	0.00802	0.00543	0.00642	0.00368	0.00425	0.00332	0.00228	0.00174	0.00058	0.00294	0.00143	0.00115	0.00331
7	0.00944	0.00749	0.00753	0.00596	0.00790	0.08140	0.00485	0.69784	0.12615	0.01486	0.00664	0.00658	0.00480	0.00314	0.00259	0.00079	0.00291	0.00237	0.00251	0.00427
8	0.00321	0.00233	0.00297	0.00345	0.00367	0.00216	0.00230	0.00365	0.00499	0.00656	0.01514	0.73845	0.11057	0.08238	0.00412	0.00116	0.00157	0.00690	0.00235	0.00208
9	0.71968	0.08091	0.12106	0.01459	0.00614	0.00624	0.00389	0.00773	0.00465	0.01072	0.00377	0.00442	0.00293	0.00241	0.00174	0.00079	0.00233	0.00149	0.00150	0.00300
10	0.92688	0.00504	0.00383	0.00342	0.00504	0.00584	0.00282	0.00765	0.00443	0.01168	0.00363	0.00423	0.00282	0.00242	0.00161	0.00081	0.00201	0.00141	0.00161	0.00282
11	0.03586	0.00783	0.02814	0.11576	0.18125	0.32239	0.06457	0.01708	0.00634	0.01665	0.00693	0.00880	0.07770	0.00322	0.00276	0.00080	0.02952	0.05485	0.01638	0.00317
12	0.00692	0.00582	0.00614	0.00539	0.00694	0.00669	0.00423	0.12741	0.77324	0.01161	0.01003	0.00926	0.00749	0.00348	0.00264	0.00087	0.00217	0.00287	0.00264	0.00416
13	0.00623	0.00606	0.02258	0.10468	0.75963	0.00607	0.01996	0.00782	0.00584	0.00834	0.00495	0.00656	0.00410	0.00237	0.00257	0.00078	0.00312	0.00233	0.02206	0.00395
14	0.00692	0.00582	0.00614	0.00539	0.00694	0.00669	0.00423	0.12741	0.77324	0.01161	0.01003	0.00926	0.00749	0.00348	0.00264	0.00087	0.00217	0.00287	0.00264	0.00416
15	0.00582	0.00338	0.00395	0.00359	0.00461	0.00327	0.00276	0.03947	0.09861	0.17623	0.14316	0.10155	0.16905	0.00490	0.01879	0.00087	0.00171	0.00390	0.21141	0.00299
16	0.00328	0.00242	0.00288	0.00320	0.00351	0.00222	0.00212	0.00369	0.00498	0.00641	0.01618	0.48698	0.24365	0.19972	0.00538	0.00132	0.00168	0.00613	0.00224	0.00202
17	0.00314	0.00264	0.00273	0.00271	0.00356	0.00223	0.00203	0.00387	0.00609	0.00741	0.12252	0.02444	0.79481	0.00645	0.00308	0.00087	0.00131	0.00541	0.00247	0.00223
18	0.01039	0.00421	0.00566	0.00453	0.00628	0.00371	0.00366	0.03152	0.01642	0.73956	0.01984	0.12618	0.00801	0.00389	0.00272	0.00084	0.00213	0.00326	0.00309	0.00411
19	0.00730	0.00733	0.00627	0.00566	0.00710	0.23374	0.00435	0.01296	0.66319	0.00974	0.00892	0.00844	0.00678	0.00332	0.00257	0.00083	0.00273	0.00262	0.00232	0.00384
20	0.00316	0.00258	0.00279	0.00286	0.00360	0.00221	0.00210	0.00385	0.00595	0.00736	0.12216	0.15946	0.65948	0.00669	0.00311	0.00090	0.00134	0.00570	0.00247	0.00221
21	0.00950	0.00654	0.00756	0.12284	0.00916	0.00717	0.00509	0.64496	0.01064	0.14019	0.00661	0.00671	0.00459	0.00307	0.00261	0.00080	0.00285	0.00238	0.00250	0.00423
22	0.00519	0.00435	0.00507	0.00372	0.00574	0.00335	0.00289	0.00619	0.00519	0.00804	0.00510	0.00692	0.00459	0.12032	0.00341	0.00066	0.00201	0.00184	0.00155	0.80390
23	0.00997	0.00548	0.00597	0.00489	0.00658	0.12084	0.00390	0.07069	0.05775	0.55724	0.04685	0.08283	0.00765	0.00366	0.00266	0.00081	0.00247	0.00298	0.00282	0.00395
24	0.01998	0.00587	0.01006	0.08581	0.64377	0.00595	0.08355	0.01952	0.00592	0.02068	0.00587	0.03723	0.02879	0.00269	0.00271	0.00081	0.01294	0.00263	0.00140	0.00383
25	0.00492	0.13546	0.00601	0.00501	0.09722	0.00428	0.02748	0.00620	0.04384	0.05894	0.21586	0.05065	0.28043	0.00481	0.00279	0.00082	0.00191	0.03547	0.01503	0.00288
26	0.00855	0.17783	0.00905	0.00615	0.00796	0.28766	0.07724	0.27195	0.06408	0.01515	0.00535	0.00581	0.00417	0.00277	0.00240	0.00071	0.00894	0.00206	0.03859	0.00360
27	0.00478	0.00325	0.00406	0.00411	0.00473	0.00328	0.00308	0.10633	0.01934	0.06344	0.03059	0.47531	0.06129	0.02903	0.02714	0.00112	0.02317	0.10983	0.02350	0.00262
28	0.00615	0.34400	0.33508	0.00640	0.00903	0.00771	0.09515	0.04931	0.00572	0.00768	0.00479	0.00641	0.00404	0.01526	0.00279	0.00079	0.05502	0.03994	0.00126	0.00350
