[name]
unknown

[dist]
# distance from previous block
# <min> <max>
0	116

[block]
# block no. 0 follows, 42 sequences, length 17
# corresponding to MSA columns:
# 116-132
name=unknown_A
#
# <colnr> <probs for GDERKNQSTAVLIFYWHMCP>
#	G	D	E	R	K	N	Q	S	T	A	V	L	I	F	Y	W	H	M	C	P
0	0.09659	0.16995	0.10180	0.01182	0.02640	0.12863	0.02506	0.12494	0.05197	0.05145	0.06697	0.01799	0.03153	0.00688	0.00512	0.00163	0.00630	0.04570	0.00394	0.02532
1	0.05479	0.08135	0.10101	0.03812	0.01511	0.13876	0.00957	0.08584	0.06466	0.06401	0.05347	0.06416	0.15780	0.00835	0.00550	0.00169	0.00581	0.00662	0.00423	0.03914
2	0.04538	0.16130	0.04420	0.01151	0.01491	0.24172	0.00953	0.10935	0.10046	0.04980	0.01156	0.01306	0.00931	0.00788	0.00732	0.12056	0.00685	0.00427	0.00359	0.02744
3	0.01794	0.01980	0.01687	0.04189	0.15550	0.39542	0.01188	0.10824	0.06426	0.01797	0.01078	0.01264	0.00875	0.00722	0.03149	0.00184	0.04187	0.00440	0.00338	0.02783
4	0.00820	0.00674	0.00752	0.00692	0.00919	0.00590	0.00532	0.01097	0.05823	0.01785	0.20322	0.04381	0.42432	0.01186	0.00628	0.00175	0.00319	0.03975	0.00520	0.12377
5	0.01410	0.01332	0.02170	0.04737	0.56709	0.01365	0.06258	0.04672	0.11944	0.01965	0.01249	0.01503	0.01006	0.00545	0.00567	0.00173	0.00655	0.00531	0.00331	0.00879
6	0.00781	0.00563	0.00738	0.00719	0.00837	0.00520	0.00530	0.01022	0.01519	0.02140	0.65960	0.14992	0.05084	0.01238	0.00672	0.00184	0.00274	0.01101	0.00606	0.00520
7	0.00742	0.00580	0.00700	0.00695	0.00842	0.00546	0.00527	0.00927	0.01263	0.01647	0.21974	0.04418	0.37412	0.04931	0.16958	0.00353	0.00556	0.03942	0.00493	0.00491
8	0.01215	0.00619	0.00756	0.00708	0.00887	0.00573	0.00535	0.01434	0.01340	0.17287	0.17836	0.16589	0.06055	0.01000	0.00555	0.00170	0.00320	0.00859	0.30660	0.00600
9	0.01110	0.01048	0.01773	0.68115	0.14263	0.01263	0.01586	0.01479	0.01148	0.01495	0.01009	0.01485	0.00770	0.00554	0.00562	0.00185	0.00739	0.00500	0.00254	0.00663
10	0.00760	0.00531	0.00631	0.00671	0.00706	0.00509	0.00419	0.00820	0.00988	0.01308	0.06743	0.28992	0.09278	0.43026	0.01841	0.00389	0.00435	0.01120	0.00432	0.00402
11	0.01101	0.01040	0.01757	0.70075	0.12370	0.01260	0.01582	0.01472	0.01143	0.01485	0.01007	0.01488	0.00767	0.00556	0.00562	0.00185	0.00741	0.00500	0.00253	0.00656
12	0.01190	0.01074	0.01474	0.01053	0.01563	0.00846	0.11220	0.01472	0.01190	0.01829	0.01020	0.01217	0.00836	0.00425	0.00452	0.00099	0.00493	0.00381	0.00326	0.71840
13	0.01304	0.06674	0.18898	0.01230	0.01648	0.01224	0.06371	0.15347	0.08030	0.03536	0.01770	0.13855	0.04539	0.06609	0.00777	0.00208	0.02782	0.00709	0.00409	0.04082
14	0.01750	0.09368	0.01589	0.05018	0.01657	0.26549	0.00981	0.22395	0.05690	0.03542	0.01558	0.06980	0.05640	0.00735	0.00537	0.00160	0.00693	0.00557	0.00415	0.04186
15	0.04627	0.05967	0.23686	0.01292	0.03601	0.03922	0.02421	0.20050	0.01603	0.11612	0.04705	0.01605	0.01170	0.05485	0.02137	0.00203	0.00664	0.00503	0.00413	0.04335
16	0.07382	0.03691	0.04607	0.05699	0.05773	0.04678	0.06194	0.05406	0.05812	0.11479	0.01523	0.05041	0.03018	0.00802	0.02564	0.03291	0.00587	0.03067	0.00402	0.18986

[dist]
# distance from previous block
# <min> <max>
18	53

[block]
# block no. 1 follows, 42 sequences, length 53
# corresponding to MSA columns:
# 214-266
name=unknown_B
#
# <colnr> <probs for GDERKNQSTAVLIFYWHMCP>
#	G	D	E	R	K	N	Q	S	T	A	V	L	I	F	Y	W	H	M	C	P
0	0.10186	0.03661	0.06710	0.06781	0.01652	0.15164	0.05404	0.04714	0.12765	0.06579	0.03373	0.03818	0.09361	0.04140	0.00640	0.00189	0.00617	0.00602	0.02952	0.00691
1	0.03194	0.03302	0.03486	0.07592	0.09977	0.12329	0.08381	0.13748	0.12758	0.03810	0.01503	0.03804	0.03071	0.02351	0.00704	0.00189	0.06051	0.02590	0.00397	0.00762
2	0.00999	0.00605	0.00764	0.00731	0.00804	0.00617	0.00487	0.01075	0.00926	0.09371	0.01753	0.03111	0.01810	0.51985	0.22022	0.00598	0.00787	0.00735	0.00369	0.00449
3	0.01460	0.01426	0.03311	0.11602	0.03855	0.09690	0.06026	0.06808	0.43217	0.02113	0.01738	0.01761	0.01313	0.00686	0.00597	0.00184	0.02367	0.00571	0.00457	0.00818
4	0.00960	0.00662	0.00756	0.00714	0.00772	0.00690	0.00453	0.08844	0.01024	0.01376	0.01704	0.03298	0.01870	0.64751	0.09401	0.00537	0.00640	0.00765	0.00361	0.00422
5	0.10452	0.71962	0.02719	0.00939	0.01406	0.02122	0.00925	0.01682	0.01123	0.01454	0.00783	0.00904	0.00710	0.00486	0.00360	0.00126	0.00584	0.00301	0.00252	0.00710
6	0.01154	0.01009	0.01661	0.43836	0.13429	0.01199	0.02912	0.01418	0.01084	0.03556	0.01038	0.01523	0.00844	0.00921	0.04453	0.09252	0.09308	0.00508	0.00269	0.00627
7	0.00964	0.00684	0.00928	0.01003	0.09079	0.00630	0.00665	0.01213	0.01509	0.07489	0.51129	0.03936	0.16405	0.01093	0.00645	0.00178	0.00328	0.00958	0.00572	0.00591
8	0.00827	0.00551	0.00641	0.00641	0.00658	0.00562	0.00383	0.00860	0.00844	0.01159	0.01747	0.03454	0.01950	0.68486	0.10884	0.00566	0.00637	0.00782	0.04002	0.00367
9	0.16367	0.27844	0.09514	0.01121	0.01576	0.09944	0.02593	0.13700	0.05033	0.02042	0.01014	0.01120	0.00807	0.00551	0.00444	0.00150	0.00631	0.00382	0.01869	0.03296
10	0.01369	0.01271	0.10239	0.01049	0.01477	0.01047	0.02169	0.12537	0.09520	0.05879	0.04793	0.01690	0.01277	0.00624	0.00547	0.00144	0.03234	0.02003	0.09395	0.29736
11	0.03651	0.17391	0.19740	0.01606	0.09962	0.13244	0.07210	0.03075	0.06367	0.02992	0.03849	0.01339	0.01001	0.00594	0.00596	0.00166	0.05690	0.00458	0.00308	0.00761
12	0.02041	0.01242	0.01480	0.01291	0.06873	0.01294	0.00975	0.29488	0.15103	0.28028	0.01811	0.01708	0.01255	0.00685	0.00558	0.00173	0.00530	0.00550	0.03992	0.00923
13	0.01668	0.01450	0.04243	0.03157	0.04414	0.04961	0.02491	0.27306	0.32111	0.03868	0.01667	0.01640	0.01237	0.00671	0.00555	0.00172	0.00569	0.00541	0.00505	0.06775
14	0.01319	0.07286	0.11299	0.02189	0.02780	0.01468	0.61576	0.01792	0.01300	0.01766	0.01099	0.01439	0.00829	0.00481	0.00629	0.00184	0.00911	0.00611	0.00276	0.00764
15	0.01357	0.17335	0.24559	0.04643	0.03691	0.05245	0.08556	0.09000	0.03855	0.03318	0.02869	0.09100	0.01246	0.00699	0.00544	0.00172	0.00692	0.02022	0.00341	0.00755
16	0.01375	0.32292	0.36792	0.01281	0.01902	0.01642	0.01466	0.03794	0.06298	0.05017	0.01113	0.01284	0.00873	0.00562	0.00478	0.00158	0.00690	0.01890	0.00296	0.00796
17	0.00717	0.00569	0.00636	0.00624	0.00782	0.00497	0.00461	0.00894	0.01362	0.01749	0.29494	0.06828	0.47150	0.04820	0.00763	0.00202	0.00291	0.01124	0.00548	0.00488
18	0.01042	0.00955	0.00922	0.00896	0.00994	0.14495	0.00640	0.01159	0.00997	0.01240	0.01490	0.02535	0.01518	0.31378	0.36612	0.00637	0.01067	0.00639	0.00314	0.00470
19	0.03050	0.24597	0.07236	0.01409	0.03374	0.14716	0.14325	0.08416	0.01380	0.01705	0.01253	0.11972	0.01182	0.00706	0.00555	0.00165	0.02331	0.00591	0.00328	0.00709
20	0.00920	0.00789	0.02787	0.00965	0.01088	0.00850	0.03859	0.01183	0.06267	0.01419	0.05265	0.02649	0.04978	0.22178	0.33221	0.00579	0.09443	0.00691	0.00347	0.00520
21	0.01611	0.01135	0.01258	0.01032	0.01355	0.01202	0.00826	0.39302	0.05224	0.07473	0.14392	0.07932	0.10117	0.00916	0.00596	0.00177	0.00476	0.00752	0.03443	0.00782
22	0.04997	0.00731	0.00821	0.00747	0.00970	0.00694	0.00576	0.06469	0.04760	0.09556	0.24272	0.07447	0.33497	0.01165	0.00631	0.00184	0.00339	0.00982	0.00564	0.00597
23	0.03862	0.01377	0.08444	0.07445	0.21040	0.05050	0.01233	0.10871	0.03454	0.18869	0.01416	0.01655	0.01081	0.06339	0.02392	0.00214	0.02268	0.00522	0.00417	0.02050
24	0.01525	0.09669	0.22798	0.01693	0.07265	0.09684	0.16922	0.09020	0.01439	0.07227	0.01177	0.01437	0.00905	0.00568	0.00550	0.00168	0.00770	0.02503	0.00333	0.04347
25	0.01419	0.01009	0.01165	0.01106	0.04100	0.01086	0.00841	0.03903	0.39799	0.12451	0.05631	0.02809	0.06228	0.00882	0.00591	0.00190	0.00441	0.09101	0.06453	0.00793
26	0.00781	0.00587	0.00729	0.00745	0.00867	0.00553	0.00546	0.01051	0.05446	0.01887	0.37218	0.26529	0.15560	0.01366	0.00679	0.00198	0.00306	0.03863	0.00570	0.00520
27	0.01590	0.29823	0.15557	0.08112	0.03966	0.24709	0.03337	0.04003	0.01339	0.01523	0.00902	0.01082	0.00739	0.00534	0.00473	0.00148	0.00792	0.00379	0.00268	0.00725
28	0.01504	0.57732	0.02572	0.01073	0.01506	0.05326	0.04349	0.08210	0.01281	0.01546	0.00932	0.01118	0.00824	0.00907	0.08799	0.00214	0.00736	0.00372	0.00280	0.00718
29	0.00777	0.00559	0.00695	0.00744	0.00808	0.00544	0.00504	0.00950	0.04300	0.01531	0.15022	0.37580	0.06161	0.21985	0.02850	0.00314	0.00407	0.03318	0.00489	0.00461
30	0.00905	0.00579	0.00703	0.00725	0.00795	0.00560	0.00498	0.00998	0.01037	0.05493	0.04162	0.14516	0.07453	0.42356	0.01819	0.00388	0.00474	0.12893	0.03206	0.00440
31	0.01663	0.03562	0.01867	0.01683	0.09933	0.27628	0.13296	0.11019	0.04966	0.04044	0.01364	0.10819	0.01223	0.00734	0.00622	0.00174	0.03684	0.00618	0.00372	0.00731
32	0.84197	0.01088	0.00827	0.00740	0.01088	0.01262	0.00609	0.01654	0.00958	0.02525	0.00784	0.00914	0.00609	0.00522	0.00348	0.00174	0.00435	0.00305	0.00348	0.00609
33	0.00847	0.00665	0.00957	0.00930	0.01013	0.00793	0.00719	0.01020	0.00903	0.01298	0.01572	0.02334	0.03598	0.10757	0.60594	0.00779	0.09789	0.00628	0.00306	0.00499
34	0.02102	0.02682	0.01595	0.01450	0.01740	0.77963	0.01087	0.02247	0.01595	0.01377	0.00870	0.01015	0.00725	0.00580	0.00507	0.00145	0.01015	0.00362	0.00290	0.00652
35	0.62208	0.01193	0.01042	0.00876	0.01251	0.01353	0.00722	0.18195	0.01366	0.05947	0.00973	0.01056	0.00721	0.00564	0.00406	0.00173	0.00479	0.00361	0.00412	0.00703
36	0.01410	0.01115	0.01206	0.01088	0.01383	0.01257	0.00842	0.05769	0.58316	0.06615	0.02322	0.10470	0.01876	0.00861	0.00583	0.00192	0.00437	0.00728	0.02687	0.00841
37	0.00729	0.00575	0.00669	0.00650	0.00811	0.00514	0.00490	0.00926	0.01383	0.01807	0.34407	0.04691	0.41956	0.01511	0.06160	0.00235	0.00364	0.01076	0.00547	0.00500
38	0.00703	0.00510	0.00649	0.00752	0.00804	0.00474	0.00509	0.00804	0.01087	0.01425	0.03293	0.61312	0.12353	0.08731	0.00906	0.00253	0.00348	0.04128	0.00506	0.00451
39	0.02146	0.00916	0.01167	0.00923	0.01290	0.00842	0.00753	0.08978	0.01616	0.53237	0.03772	0.01954	0.01454	0.00697	0.00532	0.00165	0.00442	0.00562	0.17694	0.00859
40	0.00830	0.00594	0.00863	0.00863	0.00967	0.00684	0.00670	0.01038	0.00934	0.01392	0.01543	0.02199	0.01411	0.03835	0.69596	0.00821	0.01373	0.00594	0.09287	0.00505
41	0.84197	0.01088	0.00827	0.00740	0.01088	0.01262	0.00609	0.01654	0.00958	0.02525	0.00784	0.00914	0.00609	0.00522	0.00348	0.00174	0.00435	0.00305	0.00348	0.00609
42	0.01328	0.01518	0.03321	0.02372	0.02941	0.01423	0.74668	0.01803	0.01328	0.01803	0.01139	0.01518	0.00854	0.00474	0.00664	0.00190	0.00949	0.00664	0.00285	0.00759
43	0.01400	0.01209	0.01273	0.01145	0.01463	0.01400	0.00891	0.02990	0.75695	0.02354	0.02291	0.02100	0.01718	0.00764	0.00573	0.00191	0.00445	0.00636	0.00573	0.00891
44	0.84197	0.01088	0.00827	0.00740	0.01088	0.01262	0.00609	0.01654	0.00958	0.02525	0.00784	0.00914	0.00609	0.00522	0.00348	0.00174	0.00435	0.00305	0.00348	0.00609
45	0.11000	0.01398	0.01499	0.01178	0.01602	0.01527	0.00967	0.49459	0.09551	0.13870	0.01507	0.01459	0.01057	0.00671	0.00541	0.00172	0.00562	0.00506	0.00560	0.00913
46	0.84197	0.01088	0.00827	0.00740	0.01088	0.01262	0.00609	0.01654	0.00958	0.02525	0.00784	0.00914	0.00609	0.00522	0.00348	0.00174	0.00435	0.00305	0.00348	0.00609
47	0.01393	0.01337	0.02284	0.03454	0.76712	0.01337	0.01727	0.01727	0.01281	0.01839	0.01059	0.01393	0.00891	0.00501	0.00557	0.00167	0.00669	0.00501	0.00279	0.00891
48	0.01851	0.01433	0.01526	0.01236	0.01635	0.01610	0.01000	0.46804	0.31147	0.03081	0.01718	0.01643	0.01254	0.00710	0.00567	0.00177	0.00551	0.00557	0.00567	0.00931
49	0.00883	0.00717	0.01045	0.00999	0.01077	0.00886	0.00787	0.01062	0.00893	0.01307	0.01376	0.02085	0.01308	0.06446	0.61174	0.00770	0.15784	0.00591	0.00293	0.00517
50	0.01400	0.01209	0.01273	0.01145	0.01463	0.01400	0.00891	0.02990	0.75695	0.02354	0.02291	0.02100	0.01718	0.00764	0.00573	0.00191	0.00445	0.00636	0.00573	0.00891
51	0.00891	0.00637	0.00889	0.01018	0.01141	0.00634	0.00880	0.01139	0.01280	0.01667	0.02988	0.11572	0.03273	0.01569	0.00773	0.00257	0.00505	0.67856	0.00519	0.00514
52	0.00979	0.00821	0.00883	0.00946	0.01050	0.08969	0.00738	0.01144	0.01168	0.01463	0.02405	0.15041	0.02648	0.18524	0.06674	0.00350	0.00622	0.34649	0.00441	0.00485

[dist]
# distance from previous block
# <min> <max>
0	73

[block]
# block no. 2 follows, 42 sequences, length 18
# corresponding to MSA columns:
# 340-357
name=unknown_C
#
# <colnr> <probs for GDERKNQSTAVLIFYWHMCP>
#	G	D	E	R	K	N	Q	S	T	A	V	L	I	F	Y	W	H	M	C	P
0	0.84197	0.01088	0.00827	0.00740	0.01088	0.01262	0.00609	0.01654	0.00958	0.02525	0.00784	0.00914	0.00609	0.00522	0.00348	0.00174	0.00435	0.00305	0.00348	0.00609
1	0.00816	0.00606	0.00784	0.00772	0.00929	0.00538	0.03780	0.00976	0.01258	0.05477	0.10892	0.31396	0.34988	0.01443	0.00682	0.00203	0.00343	0.03074	0.00530	0.00512
2	0.00867	0.00676	0.00714	0.00679	0.00894	0.00621	0.00517	0.01216	0.11276	0.05538	0.10001	0.04709	0.57687	0.01280	0.00648	0.00188	0.00315	0.01070	0.00545	0.00559
3	0.01233	0.01023	0.01184	0.00878	0.01339	0.00832	0.00698	0.08967	0.01314	0.01983	0.01187	0.06802	0.01052	0.00540	0.00453	0.00103	0.00431	0.00442	0.00371	0.69169
4	0.07019	0.01031	0.01669	0.67895	0.08892	0.01257	0.01507	0.01474	0.01125	0.01544	0.00989	0.01451	0.00750	0.00555	0.00547	0.00185	0.00722	0.00486	0.00259	0.00643
5	0.00712	0.00572	0.00625	0.00635	0.00793	0.00500	0.00475	0.00867	0.01281	0.01590	0.13857	0.08222	0.53768	0.07038	0.00833	0.00221	0.00321	0.06695	0.00521	0.00475
6	0.07581	0.00965	0.01089	0.00903	0.01189	0.00988	0.00704	0.19292	0.04809	0.21280	0.07212	0.02320	0.03775	0.15143	0.00957	0.00237	0.00475	0.00627	0.09727	0.00726
7	0.01410	0.26300	0.21942	0.01437	0.03994	0.10570	0.05493	0.01803	0.05494	0.01557	0.00960	0.01165	0.00793	0.00609	0.00713	0.00169	0.14164	0.00417	0.00269	0.00741
8	0.01395	0.17307	0.21039	0.03656	0.06002	0.03927	0.17734	0.03464	0.04425	0.06766	0.01311	0.03031	0.01082	0.00629	0.00555	0.00175	0.00732	0.05670	0.00330	0.00771
9	0.00682	0.00563	0.00601	0.00619	0.00785	0.00482	0.00461	0.00829	0.01272	0.01549	0.08431	0.14608	0.61678	0.01459	0.00676	0.00197	0.00298	0.03808	0.00527	0.00477
10	0.00818	0.00546	0.00614	0.00614	0.00614	0.00546	0.00341	0.00818	0.00818	0.01091	0.01773	0.03683	0.02046	0.80222	0.02864	0.00546	0.00546	0.00818	0.00341	0.00341
11	0.01455	0.09179	0.34752	0.01743	0.08498	0.04533	0.13171	0.09456	0.01402	0.06846	0.01116	0.01291	0.00822	0.00556	0.00580	0.00173	0.02816	0.00471	0.00315	0.00824
12	0.06411	0.03335	0.10258	0.22770	0.07677	0.01294	0.11779	0.08150	0.01293	0.01840	0.01328	0.01868	0.03134	0.00773	0.02702	0.00208	0.06354	0.05705	0.02423	0.00699
13	0.00685	0.00568	0.00574	0.00572	0.00758	0.00479	0.00429	0.00837	0.01288	0.01567	0.07708	0.05239	0.71147	0.01384	0.00654	0.00187	0.00283	0.01155	0.04006	0.00479
14	0.06630	0.12596	0.12255	0.01426	0.09366	0.05676	0.04261	0.06946	0.06756	0.15661	0.03399	0.03870	0.01236	0.02526	0.00631	0.00181	0.03439	0.01948	0.00411	0.00788
15	0.05005	0.09110	0.03612	0.05822	0.13611	0.16248	0.10209	0.02028	0.07167	0.13836	0.01348	0.04660	0.01073	0.00636	0.00584	0.00171	0.03202	0.00532	0.00378	0.00769
16	0.23329	0.01322	0.01259	0.04298	0.01496	0.09832	0.00857	0.23251	0.01666	0.14113	0.01646	0.04838	0.06419	0.00716	0.00512	0.00171	0.00559	0.00537	0.00474	0.02706
17	0.03699	0.15093	0.08271	0.06779	0.04887	0.01477	0.01085	0.24199	0.06769	0.02294	0.01157	0.01271	0.00894	0.00558	0.00488	0.00145	0.00583	0.00427	0.00388	0.19535

[dist]
# distance from previous block
# <min> <max>
0	4

[block]
# block no. 3 follows, 42 sequences, length 23
# corresponding to MSA columns:
# 362-384
name=unknown_D
#
# <colnr> <probs for GDERKNQSTAVLIFYWHMCP>
#	G	D	E	R	K	N	Q	S	T	A	V	L	I	F	Y	W	H	M	C	P
0	0.06230	0.32312	0.18108	0.06425	0.07467	0.06772	0.01284	0.06475	0.06871	0.01758	0.01021	0.01165	0.00818	0.00542	0.00463	0.00154	0.00672	0.00396	0.00298	0.00768
1	0.00932	0.00727	0.00826	0.00815	0.02529	0.00701	0.00612	0.08708	0.05623	0.01939	0.16755	0.09697	0.36613	0.01254	0.00652	0.00192	0.00356	0.07297	0.03203	0.00571
2	0.01168	0.02330	0.53645	0.01549	0.02227	0.01218	0.10051	0.01782	0.05511	0.04417	0.01448	0.07329	0.03471	0.00667	0.00571	0.00184	0.00755	0.00575	0.00309	0.00792
3	0.00816	0.00589	0.00833	0.00833	0.00916	0.00666	0.00621	0.00981	0.00899	0.01296	0.01572	0.02491	0.01532	0.18783	0.60412	0.00805	0.01272	0.00642	0.03570	0.00472
4	0.01378	0.01191	0.01259	0.01182	0.03885	0.03962	0.00887	0.08041	0.53592	0.02291	0.05180	0.06761	0.04695	0.00856	0.00589	0.00190	0.00468	0.02220	0.00548	0.00825
5	0.00760	0.00562	0.00710	0.00699	0.00825	0.00512	0.00514	0.00982	0.01469	0.02023	0.54795	0.15758	0.15739	0.01284	0.00672	0.00187	0.00278	0.01131	0.00590	0.00512
6	0.26712	0.01376	0.04226	0.03616	0.03136	0.05762	0.03353	0.27019	0.01687	0.09390	0.01233	0.01317	0.00897	0.00605	0.00484	0.00168	0.00569	0.00446	0.07229	0.00776
7	0.00816	0.00575	0.00715	0.00699	0.00841	0.00518	0.00517	0.01024	0.01438	0.04891	0.45139	0.16514	0.21632	0.01295	0.00669	0.00188	0.00288	0.01133	0.00584	0.00523
8	0.07354	0.01545	0.01634	0.01260	0.01703	0.01715	0.01040	0.70185	0.02539	0.03482	0.01315	0.01323	0.00935	0.00666	0.00549	0.00169	0.00608	0.00494	0.00549	0.00935
9	0.00792	0.00571	0.00760	0.00769	0.00836	0.00608	0.00543	0.00918	0.00951	0.01315	0.06681	0.09531	0.05461	0.29309	0.37738	0.00648	0.00949	0.00812	0.00364	0.00445
10	0.00845	0.00599	0.00809	0.00911	0.01005	0.00590	0.00734	0.01039	0.01206	0.01589	0.07077	0.20238	0.03293	0.12134	0.01039	0.00287	0.00470	0.45151	0.00501	0.00483
11	0.01144	0.02807	0.71767	0.01661	0.02474	0.01316	0.07514	0.01784	0.01199	0.01784	0.01020	0.01213	0.00723	0.00530	0.00544	0.00179	0.00840	0.00434	0.00241	0.00826
12	0.00680	0.00568	0.00592	0.00592	0.00770	0.00480	0.00442	0.00834	0.01309	0.01596	0.13148	0.07644	0.66601	0.01407	0.00667	0.00190	0.00284	0.01183	0.00533	0.00480
13	0.00850	0.00670	0.00992	0.00966	0.01056	0.00813	0.00760	0.01042	0.00900	0.01312	0.01425	0.02106	0.01335	0.03873	0.69815	0.00834	0.09850	0.00591	0.00296	0.00515
14	0.01171	0.01130	0.01230	0.01384	0.09906	0.16137	0.03391	0.01393	0.01322	0.01614	0.04334	0.18137	0.02537	0.01232	0.00680	0.00216	0.00606	0.32554	0.00441	0.00585
15	0.01186	0.14754	0.65966	0.01506	0.02284	0.01447	0.01909	0.01767	0.01181	0.01712	0.00975	0.01145	0.00714	0.00527	0.00508	0.00169	0.00797	0.00398	0.00238	0.00815
16	0.01333	0.01640	0.12444	0.06247	0.12656	0.06157	0.33779	0.04465	0.01340	0.01811	0.04151	0.01681	0.01087	0.00601	0.00688	0.00187	0.05526	0.03149	0.00306	0.00754
17	0.00698	0.00558	0.00624	0.00637	0.00788	0.00484	0.00467	0.00860	0.01316	0.01669	0.20875	0.17850	0.48348	0.01422	0.00674	0.00194	0.00288	0.01220	0.00544	0.00484
18	0.07456	0.01254	0.01646	0.33302	0.14323	0.11575	0.04057	0.01556	0.01181	0.01587	0.02723	0.01517	0.00948	0.01047	0.10533	0.00272	0.03586	0.00498	0.00283	0.00657
19	0.01505	0.80561	0.02949	0.00963	0.01444	0.02227	0.00963	0.01685	0.01143	0.01324	0.00782	0.00903	0.00722	0.00481	0.00361	0.00120	0.00602	0.00301	0.00241	0.00722
20	0.00692	0.00492	0.00651	0.00776	0.00807	0.00461	0.00514	0.00785	0.01066	0.01421	0.03042	0.76410	0.03646	0.05312	0.00815	0.00243	0.00336	0.01564	0.00514	0.00452
21	0.00682	0.00504	0.00639	0.00747	0.00807	0.00460	0.00506	0.00788	0.01113	0.01451	0.03553	0.66927	0.16358	0.01704	0.00709	0.00222	0.00319	0.01528	0.00522	0.00460
22	0.04810	0.20568	0.01963	0.01406	0.08395	0.14128	0.06376	0.10156	0.04109	0.06775	0.06603	0.01571	0.03286	0.00654	0.00591	0.00161	0.05487	0.00500	0.01718	0.00742

[dist]
# distance from previous block
# <min> <max>
9	46

[block]
# block no. 4 follows, 42 sequences, length 26
# corresponding to MSA columns:
# 452-477
name=unknown_E
#
# <colnr> <probs for GDERKNQSTAVLIFYWHMCP>
#	G	D	E	R	K	N	Q	S	T	A	V	L	I	F	Y	W	H	M	C	P
0	0.65688	0.01169	0.03190	0.00849	0.01190	0.03726	0.00725	0.05128	0.01104	0.02419	0.01068	0.01560	0.00930	0.00649	0.00418	0.00183	0.00484	0.08523	0.00373	0.00624
1	0.04828	0.09633	0.00943	0.00692	0.00894	0.00739	0.00549	0.01076	0.01408	0.01918	0.40570	0.04079	0.28399	0.01137	0.00615	0.00175	0.00318	0.00960	0.00531	0.00538
2	0.01077	0.00878	0.01307	0.01341	0.09725	0.01018	0.03175	0.01359	0.05169	0.04876	0.04976	0.02054	0.01438	0.05924	0.37771	0.00552	0.15808	0.00602	0.00338	0.00612
3	0.00788	0.00578	0.00756	0.00720	0.00853	0.00546	0.00543	0.01037	0.01493	0.02096	0.62806	0.04067	0.10050	0.01517	0.09399	0.00260	0.00407	0.00983	0.00577	0.00524
4	0.01373	0.01516	0.10269	0.11018	0.36458	0.01376	0.16543	0.07403	0.04928	0.01938	0.01145	0.01439	0.00894	0.00532	0.00578	0.00176	0.00737	0.00532	0.00308	0.00834
5	0.63942	0.03749	0.01068	0.00896	0.01225	0.10854	0.00731	0.04315	0.01097	0.02317	0.00812	0.00959	0.00647	0.00559	0.00459	0.00173	0.04896	0.00329	0.00340	0.00631
6	0.00845	0.00555	0.00726	0.00807	0.00882	0.00521	0.00556	0.03178	0.01176	0.06119	0.05107	0.69266	0.04834	0.01642	0.00702	0.00221	0.00342	0.01480	0.00537	0.00505
7	0.01669	0.13194	0.14322	0.01277	0.02884	0.06402	0.02389	0.22500	0.14062	0.08189	0.04759	0.01556	0.01230	0.00727	0.02224	0.00183	0.00647	0.00506	0.00444	0.00838
8	0.01261	0.01439	0.10332	0.03979	0.12255	0.05124	0.16716	0.01845	0.15451	0.03045	0.04609	0.02166	0.11600	0.00747	0.00697	0.00187	0.06762	0.00658	0.00381	0.00746
9	0.01220	0.00935	0.03182	0.10480	0.09107	0.02225	0.04946	0.01494	0.03151	0.14141	0.05954	0.07919	0.22618	0.03629	0.02301	0.00212	0.00525	0.03033	0.00460	0.02468
10	0.01084	0.00987	0.06870	0.01239	0.09687	0.00936	0.00897	0.10752	0.02687	0.01669	0.01471	0.02242	0.01381	0.19235	0.35709	0.00580	0.01019	0.00612	0.00342	0.00604
11	0.01107	0.00850	0.00883	0.00810	0.00995	0.09300	0.00613	0.01336	0.01547	0.09881	0.50400	0.05934	0.11977	0.01086	0.00638	0.00176	0.00376	0.00932	0.00577	0.00581
12	0.09562	0.01254	0.01335	0.01093	0.01452	0.03304	0.00880	0.33090	0.13643	0.13185	0.10112	0.05332	0.01714	0.00778	0.00562	0.00177	0.00512	0.00619	0.00560	0.00836
13	0.04257	0.12547	0.04095	0.01444	0.10077	0.12626	0.01089	0.31336	0.07130	0.02463	0.01243	0.01333	0.00954	0.00611	0.00508	0.00158	0.00643	0.00458	0.06204	0.00824
14	0.06495	0.01535	0.15131	0.01456	0.11603	0.05030	0.01163	0.19448	0.04067	0.05571	0.06520	0.08985	0.03925	0.00758	0.00557	0.00172	0.00587	0.00625	0.00430	0.05943
15	0.01245	0.18196	0.24440	0.01458	0.09180	0.06254	0.05265	0.01595	0.01263	0.03590	0.09798	0.12205	0.01687	0.00761	0.00546	0.00170	0.00644	0.00643	0.00342	0.00718
16	0.01318	0.26172	0.42819	0.01344	0.01995	0.01616	0.01562	0.05158	0.09656	0.01787	0.01101	0.01212	0.00840	0.00551	0.00488	0.00162	0.00709	0.00410	0.00291	0.00811
17	0.00721	0.00537	0.00671	0.00742	0.00835	0.00492	0.00533	0.00867	0.01220	0.01599	0.15087	0.42891	0.20635	0.03072	0.00744	0.00220	0.00329	0.07795	0.00534	0.00476
18	0.00956	0.04190	0.02419	0.00904	0.01026	0.05707	0.00685	0.01108	0.01095	0.04797	0.04316	0.39152	0.02533	0.04145	0.21815	0.00406	0.02732	0.01059	0.00428	0.00526
19	0.06116	0.14933	0.15516	0.07378	0.06485	0.08768	0.04673	0.09873	0.05210	0.06711	0.01240	0.05597	0.01019	0.00648	0.00566	0.00170	0.03471	0.00507	0.00353	0.00765
20	0.00965	0.00650	0.00838	0.09527	0.01211	0.00623	0.00642	0.01179	0.01337	0.09460	0.22535	0.11768	0.26692	0.01277	0.03587	0.00212	0.00402	0.00983	0.05554	0.00558
21	0.00893	0.00782	0.00796	0.00857	0.00961	0.09255	0.00627	0.01038	0.01232	0.01539	0.09813	0.39887	0.12616	0.04866	0.00784	0.00228	0.00433	0.12404	0.00497	0.00493
22	0.03482	0.05752	0.22019	0.09033	0.12535	0.09639	0.06282	0.05707	0.01280	0.01722	0.01277	0.02578	0.05029	0.00701	0.00719	0.03760	0.06954	0.00511	0.00295	0.00725
23	0.03473	0.01270	0.09444	0.07065	0.05833	0.03832	0.23711	0.01500	0.03517	0.03932	0.02042	0.22339	0.07714	0.00924	0.00632	0.00195	0.00650	0.00882	0.00382	0.00663
24	0.70385	0.01261	0.00940	0.00835	0.01181	0.09902	0.00676	0.01782	0.01066	0.06540	0.00873	0.00981	0.00666	0.00539	0.00378	0.00171	0.00503	0.00326	0.00361	0.00634
25	0.01601	0.10429	0.07438	0.01129	0.01473	0.14423	0.00963	0.19341	0.02656	0.09336	0.01813	0.17056	0.04687	0.01029	0.03887	0.00205	0.00652	0.00709	0.00446	0.00728

[dist]
# distance from previous block
# <min> <max>
0	2

[block]
# block no. 5 follows, 42 sequences, length 31
# corresponding to MSA columns:
# 480-510
name=unknown_F
#
# <colnr> <probs for GDERKNQSTAVLIFYWHMCP>
#	G	D	E	R	K	N	Q	S	T	A	V	L	I	F	Y	W	H	M	C	P
0	0.01517	0.13068	0.05620	0.04714	0.29089	0.03533	0.04701	0.05382	0.01367	0.12144	0.01463	0.05337	0.01272	0.00697	0.00561	0.00175	0.00634	0.07553	0.00376	0.00798
1	0.01574	0.01376	0.01529	0.04401	0.05140	0.15989	0.07901	0.16580	0.01579	0.09277	0.03184	0.10775	0.05396	0.02596	0.07702	0.00251	0.02928	0.00685	0.00429	0.00710
2	0.01192	0.01069	0.01688	0.69550	0.03620	0.01310	0.01504	0.10256	0.01308	0.01691	0.01042	0.01482	0.00775	0.00576	0.00563	0.00185	0.00734	0.00501	0.00288	0.00665
3	0.01644	0.01286	0.05203	0.10829	0.12614	0.03256	0.03272	0.17469	0.10618	0.15399	0.06045	0.01842	0.02933	0.00757	0.02259	0.00191	0.00610	0.00575	0.02374	0.00825
4	0.01089	0.00930	0.01162	0.10497	0.08318	0.03734	0.00883	0.04937	0.15176	0.02003	0.25359	0.10404	0.07344	0.01068	0.02503	0.00204	0.00482	0.02759	0.00495	0.00654
5	0.16101	0.01153	0.01284	0.01047	0.01404	0.01221	0.00848	0.28172	0.03586	0.23457	0.03092	0.10932	0.01443	0.00805	0.00583	0.00181	0.02689	0.00632	0.00551	0.00819
6	0.01718	0.08996	0.05165	0.01127	0.01508	0.01395	0.00964	0.40205	0.01998	0.08802	0.06502	0.11149	0.02924	0.00929	0.02455	0.00193	0.00572	0.02067	0.00518	0.00813
7	0.01451	0.01247	0.01367	0.01200	0.01492	0.01472	0.00949	0.09762	0.59620	0.02350	0.02013	0.01923	0.01526	0.00782	0.00725	0.00195	0.09923	0.00606	0.00532	0.00864
8	0.05258	0.11739	0.06417	0.05283	0.10825	0.19831	0.05720	0.15309	0.01549	0.03762	0.01173	0.05787	0.01004	0.02052	0.00588	0.00171	0.01918	0.00510	0.00353	0.00751
9	0.01031	0.00750	0.01120	0.01099	0.01287	0.00743	0.07986	0.03831	0.01339	0.03281	0.04224	0.06840	0.02734	0.01291	0.00705	0.00230	0.00522	0.49968	0.10454	0.00565
10	0.01872	0.02306	0.01543	0.01400	0.01637	0.61310	0.01067	0.02019	0.01440	0.01368	0.00916	0.01157	0.00793	0.00982	0.08183	0.00231	0.10455	0.00401	0.00286	0.00633
11	0.01399	0.04861	0.08661	0.01403	0.08810	0.10269	0.07580	0.06211	0.03559	0.10030	0.07203	0.11215	0.05916	0.05430	0.00729	0.00203	0.00613	0.04781	0.00430	0.00698
12	0.01310	0.07408	0.47525	0.01527	0.02167	0.10540	0.06593	0.05274	0.01324	0.01781	0.01195	0.01680	0.00981	0.00638	0.00554	0.00179	0.00806	0.07456	0.00290	0.00774
13	0.19957	0.01470	0.01502	0.01174	0.01603	0.01640	0.00970	0.58946	0.02279	0.03325	0.01228	0.01256	0.00882	0.00642	0.00516	0.00170	0.00579	0.00463	0.00516	0.00882
14	0.01962	0.01455	0.01554	0.01208	0.01627	0.01593	0.00992	0.65941	0.02482	0.03303	0.01874	0.01839	0.10031	0.00766	0.00575	0.00171	0.00579	0.00588	0.00558	0.00899
15	0.01095	0.01033	0.01746	0.71555	0.10940	0.01259	0.01579	0.01466	0.01140	0.01477	0.01006	0.01490	0.00764	0.00557	0.00562	0.00186	0.00742	0.00500	0.00253	0.00651
16	0.02139	0.01576	0.01689	0.01295	0.01745	0.01745	0.01070	0.74835	0.02646	0.03547	0.01351	0.01351	0.00957	0.00676	0.00563	0.00169	0.00619	0.00507	0.00563	0.00957
17	0.01340	0.01273	0.01720	0.01456	0.01510	0.01726	0.01212	0.10183	0.01076	0.01618	0.00812	0.01246	0.00765	0.00948	0.01693	0.00237	0.69752	0.00494	0.00284	0.00657
18	0.02077	0.01153	0.01363	0.01102	0.01501	0.01184	0.00892	0.15683	0.26761	0.38795	0.02089	0.01877	0.01425	0.00715	0.00568	0.00179	0.00493	0.00579	0.00631	0.00935
19	0.00666	0.00567	0.00573	0.00579	0.00762	0.00474	0.00431	0.00807	0.01275	0.01517	0.05599	0.08346	0.73620	0.01439	0.00667	0.00192	0.00287	0.01204	0.00523	0.00474
20	0.00759	0.00527	0.00637	0.00686	0.00715	0.00507	0.00429	0.00822	0.00994	0.01327	0.07762	0.33738	0.05867	0.40644	0.01777	0.00381	0.00429	0.01154	0.00439	0.00405
21	0.01316	0.01373	0.04785	0.24614	0.09638	0.01380	0.35971	0.05768	0.01321	0.03310	0.01104	0.01479	0.00835	0.00541	0.00663	0.00188	0.04100	0.00576	0.00295	0.00743
22	0.00689	0.00559	0.00611	0.00624	0.00781	0.00481	0.00458	0.00844	0.01300	0.01623	0.16371	0.16599	0.54229	0.01434	0.00673	0.00194	0.00288	0.01224	0.00538	0.00481
23	0.01470	0.05682	0.14077	0.04233	0.29082	0.15389	0.03557	0.03413	0.06417	0.03395	0.06860	0.01545	0.01223	0.00596	0.00547	0.00166	0.00715	0.00507	0.00332	0.00794
24	0.00703	0.00506	0.00649	0.00747	0.00794	0.00471	0.00498	0.00805	0.01098	0.01457	0.07415	0.62449	0.09163	0.09312	0.00919	0.00253	0.00341	0.01459	0.00510	0.00451
25	0.01495	0.03398	0.03375	0.05442	0.01585	0.01285	0.02639	0.24186	0.23789	0.05164	0.01994	0.14637	0.02845	0.00873	0.00581	0.00184	0.00512	0.00734	0.04489	0.00794
26	0.01317	0.01373	0.02752	0.02127	0.07797	0.01312	0.53191	0.07190	0.01463	0.02002	0.12057	0.01886	0.01510	0.00589	0.00649	0.00185	0.00805	0.00692	0.00354	0.00750
27	0.01215	0.08863	0.03105	0.19703	0.28239	0.04783	0.02849	0.01541	0.03391	0.01645	0.04584	0.11135	0.03572	0.00752	0.00571	0.00178	0.00627	0.02203	0.00332	0.00712
28	0.01636	0.24842	0.05696	0.01313	0.01676	0.25018	0.05558	0.08564	0.01392	0.01616	0.01000	0.01198	0.02013	0.00744	0.03436	0.00184	0.10766	0.00417	0.00298	0.02635
29	0.09167	0.01191	0.10255	0.01100	0.02956	0.04397	0.04071	0.04317	0.07971	0.03859	0.08346	0.17248	0.12294	0.01023	0.00658	0.00192	0.04267	0.03393	0.00446	0.02850
30	0.01344	0.18812	0.20796	0.01236	0.03709	0.04980	0.03702	0.06941	0.03325	0.06768	0.07156	0.11411	0.02971	0.03677	0.00626	0.00183	0.00615	0.00643	0.00380	0.00724

[dist]
# distance from previous block
# <min> <max>
0	10

[block]
# block no. 6 follows, 42 sequences, length 20
# corresponding to MSA columns:
# 521-540
name=unknown_G
#
# <colnr> <probs for GDERKNQSTAVLIFYWHMCP>
#	G	D	E	R	K	N	Q	S	T	A	V	L	I	F	Y	W	H	M	C	P
0	0.02660	0.01081	0.04737	0.03050	0.01308	0.05267	0.00807	0.12634	0.11112	0.08007	0.15737	0.11323	0.16065	0.01032	0.00615	0.00186	0.00461	0.02707	0.00529	0.00682
1	0.01015	0.01048	0.09277	0.00992	0.01291	0.00866	0.05453	0.07759	0.10350	0.02000	0.18495	0.07360	0.25692	0.01091	0.00639	0.00190	0.00445	0.04895	0.00506	0.00636
2	0.01303	0.01237	0.02047	0.10054	0.48368	0.01278	0.06909	0.01795	0.10446	0.01845	0.03350	0.01694	0.02744	0.00721	0.03611	0.00203	0.00683	0.00563	0.00328	0.00822
3	0.01357	0.01432	0.09117	0.16899	0.22860	0.05406	0.09333	0.05008	0.06184	0.05119	0.03352	0.01699	0.04087	0.00689	0.01984	0.00192	0.03615	0.00558	0.00339	0.00770
4	0.19328	0.01474	0.01508	0.01179	0.01608	0.01644	0.00973	0.59506	0.02292	0.03333	0.01232	0.01260	0.00884	0.00643	0.00518	0.00170	0.00581	0.00464	0.00518	0.00884
5	0.01506	0.04519	0.01702	0.07618	0.07313	0.21672	0.08217	0.02197	0.26191	0.01801	0.04090	0.01708	0.01295	0.03601	0.00696	0.00189	0.04004	0.00548	0.00390	0.00743
6	0.00691	0.00504	0.00653	0.00770	0.00823	0.00466	0.00526	0.00800	0.01107	0.01454	0.03378	0.69187	0.11567	0.01719	0.00715	0.00225	0.00329	0.04102	0.00522	0.00461
7	0.00889	0.00582	0.00653	0.00639	0.00673	0.00592	0.00386	0.03495	0.00925	0.01295	0.01755	0.03375	0.01919	0.66003	0.05293	0.00501	0.00553	0.00768	0.09317	0.00389
8	0.00700	0.00496	0.00649	0.00765	0.00794	0.00467	0.00503	0.00787	0.01049	0.01399	0.02958	0.71624	0.03541	0.10241	0.00950	0.00263	0.00350	0.01515	0.00503	0.00445
9	0.00792	0.00575	0.00746	0.00703	0.00838	0.00529	0.00527	0.01053	0.01582	0.02230	0.73873	0.04247	0.07869	0.01160	0.00664	0.00177	0.00266	0.01024	0.00616	0.00529
10	0.01505	0.80561	0.02949	0.00963	0.01444	0.02227	0.00963	0.01685	0.01143	0.01324	0.00782	0.00903	0.00722	0.00481	0.00361	0.00120	0.00602	0.00301	0.00241	0.00722
11	0.00686	0.00490	0.00653	0.00784	0.00816	0.00457	0.00522	0.00784	0.01077	0.01437	0.03102	0.79855	0.03722	0.01763	0.00718	0.00229	0.00326	0.01600	0.00522	0.00457
12	0.02525	0.00958	0.01306	0.01001	0.01437	0.00827	0.00827	0.02743	0.01611	0.77102	0.02220	0.01915	0.01393	0.00697	0.00566	0.00174	0.00479	0.00566	0.00697	0.00958
13	0.76362	0.01135	0.00909	0.00793	0.01151	0.01309	0.00653	0.08642	0.01119	0.02622	0.00838	0.00956	0.00643	0.00537	0.00369	0.00174	0.00453	0.00324	0.00369	0.00643
14	0.02046	0.01521	0.01639	0.01251	0.01706	0.01650	0.01031	0.67825	0.02505	0.03383	0.01318	0.01334	0.00945	0.00651	0.00549	0.00161	0.00600	0.00490	0.00541	0.08854
15	0.01195	0.11151	0.62108	0.01711	0.09421	0.01409	0.01925	0.01766	0.01192	0.01738	0.00990	0.01177	0.00731	0.00526	0.00518	0.00171	0.00791	0.00412	0.00242	0.00826
16	0.01359	0.01330	0.02136	0.18267	0.59022	0.04691	0.01667	0.01693	0.01264	0.01739	0.01039	0.01397	0.00856	0.00517	0.00556	0.00170	0.00700	0.00495	0.00273	0.00828
17	0.00988	0.00620	0.00766	0.00708	0.00886	0.00553	0.00533	0.01194	0.01452	0.11978	0.40568	0.07174	0.24131	0.05010	0.00760	0.00200	0.00315	0.01017	0.00586	0.00561
18	0.16025	0.25523	0.01829	0.03887	0.04823	0.10542	0.00945	0.12176	0.06263	0.07237	0.01336	0.01397	0.04625	0.00611	0.00463	0.00156	0.00597	0.00438	0.00380	0.00747
19	0.01317	0.01260	0.02147	0.20785	0.59974	0.01317	0.01689	0.01661	0.01246	0.01746	0.01045	0.01418	0.00859	0.00515	0.00558	0.00172	0.00687	0.00501	0.00272	0.00830

[dist]
# distance from previous block
# <min> <max>
0	5

[block]
# block no. 7 follows, 42 sequences, length 28
# corresponding to MSA columns:
# 546-573
name=unknown_H
#
# <colnr> <probs for GDERKNQSTAVLIFYWHMCP>
#	G	D	E	R	K	N	Q	S	T	A	V	L	I	F	Y	W	H	M	C	P
0	0.01510	0.01215	0.01748	0.01675	0.15099	0.01257	0.12938	0.23958	0.06935	0.04092	0.06344	0.04913	0.01511	0.00716	0.00577	0.00174	0.00583	0.02892	0.11070	0.00793
1	0.67141	0.01030	0.00869	0.00781	0.01058	0.01206	0.00623	0.01524	0.00933	0.02251	0.00907	0.01293	0.00803	0.10762	0.00786	0.00227	0.06507	0.00385	0.00339	0.00576
2	0.01448	0.01127	0.01909	0.02564	0.01871	0.03505	0.28682	0.01738	0.01359	0.19578	0.04038	0.06757	0.15772	0.00844	0.00703	0.00191	0.04850	0.01903	0.00450	0.00713
3	0.01619	0.01276	0.01351	0.01152	0.01494	0.03033	0.00912	0.22610	0.44417	0.06103	0.06360	0.03830	0.01730	0.00779	0.00577	0.00183	0.00494	0.00637	0.00571	0.00876
4	0.00751	0.00592	0.00828	0.14753	0.01358	0.00602	0.00697	0.00904	0.01112	0.01448	0.03058	0.56279	0.12505	0.01505	0.00684	0.00216	0.00397	0.01350	0.00474	0.00490
5	0.01163	0.02596	0.62477	0.01844	0.10500	0.01303	0.07176	0.01759	0.01206	0.01783	0.01063	0.02699	0.00798	0.00550	0.00550	0.00179	0.00813	0.00465	0.00251	0.00826
6	0.01379	0.02561	0.63683	0.01496	0.02257	0.01221	0.01855	0.01954	0.01264	0.15283	0.01227	0.01319	0.00835	0.00564	0.00540	0.00177	0.00768	0.00443	0.00320	0.00854
7	0.02276	0.01054	0.01446	0.01340	0.11091	0.00979	0.00959	0.05977	0.07315	0.58303	0.02037	0.01837	0.01334	0.00676	0.00565	0.00174	0.00507	0.00560	0.00627	0.00944
8	0.01378	0.01218	0.01870	0.02469	0.45385	0.01234	0.03658	0.14643	0.01501	0.02068	0.01732	0.11745	0.07079	0.00764	0.00590	0.00178	0.00595	0.00701	0.00380	0.00811
9	0.07752	0.01305	0.01945	0.02763	0.55372	0.03718	0.01458	0.01856	0.10784	0.01924	0.01284	0.05075	0.01102	0.00598	0.00549	0.00173	0.00617	0.00550	0.00333	0.00842
10	0.00690	0.00576	0.00630	0.00630	0.00804	0.00516	0.00477	0.00843	0.01215	0.01482	0.04949	0.04841	0.63026	0.01926	0.14526	0.00318	0.00504	0.01083	0.00483	0.00480
11	0.02026	0.12653	0.01768	0.01387	0.01702	0.68266	0.01071	0.02175	0.01537	0.01370	0.00859	0.01001	0.00725	0.00567	0.00489	0.00142	0.00962	0.00355	0.00284	0.00661
12	0.01523	0.01245	0.01607	0.15340	0.09697	0.01334	0.03491	0.29054	0.09124	0.02422	0.01447	0.08040	0.01202	0.00698	0.00561	0.00169	0.00591	0.00593	0.00437	0.11425
13	0.01899	0.01397	0.01521	0.01190	0.01583	0.01528	0.00973	0.61611	0.02457	0.03315	0.14806	0.01862	0.01737	0.00761	0.00581	0.00170	0.00556	0.00598	0.00573	0.00881
14	0.00742	0.00525	0.00693	0.00807	0.00853	0.00503	0.00568	0.00857	0.01083	0.01437	0.02910	0.56926	0.03421	0.11771	0.01004	0.00275	0.00389	0.14285	0.00498	0.00453
15	0.02034	0.15722	0.01907	0.01229	0.01685	0.01812	0.01045	0.60225	0.02355	0.04676	0.01267	0.01282	0.00924	0.00641	0.00527	0.00160	0.00613	0.00471	0.00508	0.00915
16	0.02203	0.01144	0.01404	0.03598	0.01583	0.01143	0.00915	0.23407	0.08316	0.44124	0.04798	0.01844	0.01426	0.00709	0.00569	0.00175	0.00517	0.00570	0.00630	0.00925
17	0.00686	0.00490	0.00653	0.00784	0.00816	0.00457	0.00522	0.00784	0.01077	0.01437	0.03102	0.79855	0.03722	0.01763	0.00718	0.00229	0.00326	0.01600	0.00522	0.00457
18	0.54559	0.01432	0.01197	0.01244	0.10922	0.15046	0.00862	0.05623	0.01202	0.02285	0.00864	0.01017	0.00685	0.00538	0.00415	0.00168	0.00579	0.00351	0.00340	0.00672
19	0.01907	0.02005	0.01495	0.01311	0.01619	0.41663	0.01012	0.24392	0.04244	0.02091	0.01360	0.09472	0.01216	0.00768	0.00557	0.00166	0.00788	0.02791	0.00414	0.00729
20	0.00810	0.00588	0.00772	0.00760	0.00895	0.00549	0.00594	0.01069	0.01525	0.02120	0.59970	0.04644	0.08241	0.01236	0.00684	0.00192	0.00312	0.13915	0.00597	0.00526
21	0.00689	0.00571	0.00603	0.00595	0.00775	0.00485	0.00446	0.00853	0.01338	0.01652	0.18377	0.05199	0.63725	0.01376	0.00665	0.00188	0.00282	0.01157	0.00540	0.00485
22	0.01828	0.02218	0.01451	0.01331	0.01584	0.59975	0.01006	0.03554	0.01472	0.01409	0.01015	0.01275	0.00874	0.01352	0.16897	0.00306	0.01110	0.00416	0.00298	0.00627
23	0.02021	0.01359	0.01393	0.01149	0.01518	0.11032	0.00916	0.22558	0.15134	0.27798	0.01887	0.07672	0.01424	0.00770	0.00571	0.00176	0.00569	0.00616	0.00572	0.00868
24	0.00686	0.00490	0.00653	0.00784	0.00816	0.00457	0.00522	0.00784	0.01077	0.01437	0.03102	0.79855	0.03722	0.01763	0.00718	0.00229	0.00326	0.01600	0.00522	0.00457
25	0.08142	0.01137	0.01265	0.01076	0.01437	0.01227	0.00856	0.05582	0.44364	0.25382	0.02117	0.01923	0.01503	0.00721	0.00553	0.00184	0.00462	0.00584	0.00593	0.00892
26	0.01782	0.46014	0.02419	0.01158	0.01601	0.15543	0.05004	0.07554	0.01410	0.11233	0.01045	0.01121	0.00834	0.00541	0.00446	0.00139	0.00680	0.00382	0.00335	0.00760
27	0.26922	0.01426	0.07375	0.01298	0.04102	0.02989	0.10394	0.20968	0.01526	0.02466	0.02749	0.03004	0.00950	0.00604	0.00539	0.00169	0.03079	0.00473	0.00390	0.08574

[dist]
# distance from previous block
# <min> <max>
2	9

[block]
# block no. 8 follows, 42 sequences, length 62
# corresponding to MSA columns:
# 583-644
name=unknown_I
#
# <colnr> <probs for GDERKNQSTAVLIFYWHMCP>
#	G	D	E	R	K	N	Q	S	T	A	V	L	I	F	Y	W	H	M	C	P
0	0.01161	0.01345	0.11249	0.01625	0.10408	0.01443	0.01304	0.01391	0.00960	0.01457	0.00948	0.01419	0.00872	0.01447	0.15085	0.00345	0.46122	0.00503	0.00259	0.00656
1	0.00971	0.10856	0.01040	0.00732	0.00979	0.00859	0.00591	0.09718	0.01486	0.01876	0.18143	0.04129	0.44259	0.01164	0.00614	0.00176	0.00361	0.00962	0.00510	0.00574
2	0.01108	0.00949	0.01096	0.00802	0.01266	0.00718	0.00639	0.01345	0.01181	0.01797	0.01556	0.01669	0.09775	0.00536	0.00446	0.00096	0.00401	0.00434	0.00356	0.73830
3	0.00804	0.00603	0.00904	0.00904	0.01005	0.00703	0.00703	0.01005	0.00904	0.01306	0.01507	0.02211	0.01407	0.04221	0.77992	0.00904	0.01507	0.00603	0.00301	0.00502
4	0.01063	0.01000	0.01688	0.78870	0.03876	0.01250	0.01563	0.01438	0.01125	0.01438	0.01000	0.01500	0.00750	0.00563	0.00563	0.00188	0.00750	0.00500	0.00250	0.00625
5	0.01591	0.69355	0.02754	0.01033	0.01487	0.13125	0.00981	0.01766	0.01208	0.01332	0.00795	0.00919	0.00723	0.00496	0.00382	0.00124	0.00661	0.00310	0.00248	0.00712
6	0.02139	0.01576	0.01689	0.01295	0.01745	0.01745	0.01070	0.74835	0.02646	0.03547	0.01351	0.01351	0.00957	0.00676	0.00563	0.00169	0.00619	0.00507	0.00563	0.00957
7	0.01369	0.01337	0.02287	0.03149	0.62922	0.01389	0.06511	0.01688	0.01235	0.01779	0.01026	0.01382	0.00871	0.00557	0.00717	0.00178	0.09968	0.00511	0.00275	0.00850
8	0.00686	0.00490	0.00653	0.00784	0.00816	0.00457	0.00522	0.00784	0.01077	0.01437	0.03102	0.79855	0.03722	0.01763	0.00718	0.00229	0.00326	0.01600	0.00522	0.00457
9	0.01414	0.01216	0.01281	0.01148	0.01469	0.01406	0.00894	0.04385	0.74277	0.02377	0.02272	0.02085	0.01703	0.00762	0.00572	0.00190	0.00449	0.00634	0.00572	0.00892
10	0.01063	0.01000	0.01688	0.78870	0.03876	0.01250	0.01563	0.01438	0.01125	0.01438	0.01000	0.01500	0.00750	0.00563	0.00563	0.00188	0.00750	0.00500	0.00250	0.00625
11	0.00679	0.00563	0.00594	0.00603	0.00773	0.00478	0.00446	0.00828	0.01290	0.01577	0.11646	0.12463	0.63256	0.01434	0.00670	0.00193	0.00287	0.01212	0.00531	0.00478
12	0.00686	0.00490	0.00653	0.00784	0.00816	0.00457	0.00522	0.00784	0.01077	0.01437	0.03102	0.79855	0.03722	0.01763	0.00718	0.00229	0.00326	0.01600	0.00522	0.00457
13	0.01320	0.01342	0.02807	0.07196	0.02685	0.01291	0.56683	0.01740	0.01281	0.06196	0.01237	0.01622	0.00944	0.00936	0.09791	0.00273	0.00974	0.00640	0.00309	0.00732
14	0.01322	0.30955	0.45938	0.01363	0.02036	0.06196	0.01617	0.01775	0.01196	0.01593	0.00919	0.01075	0.00717	0.00518	0.00470	0.00155	0.00760	0.00371	0.00242	0.00781
