[name]
unknown

[dist]
# distance from previous block
# <min> <max>
0	188

[block]
# block no. 0 follows, 43 sequences, length 22
# corresponding to MSA columns:
# 2125,2128-2130,2135-2152
name=unknown_A
#
# <colnr> <probs for GDERKNQSTAVLIFYWHMCP>
#	G	D	E	R	K	N	Q	S	T	A	V	L	I	F	Y	W	H	M	C	P
0	0.01646	0.04281	0.01814	0.01654	0.10720	0.29143	0.11343	0.09417	0.04704	0.04504	0.01318	0.10408	0.01183	0.00720	0.00622	0.00171	0.04686	0.00593	0.00360	0.00715
1	0.84448	0.01071	0.00814	0.00728	0.01071	0.01242	0.00600	0.01628	0.00943	0.02485	0.00771	0.00900	0.00600	0.00514	0.00343	0.00171	0.00428	0.00300	0.00343	0.00600
2	0.00823	0.00641	0.00927	0.00907	0.00993	0.00759	0.00702	0.00999	0.00894	0.01283	0.01587	0.02308	0.04120	0.09043	0.63764	0.00785	0.08050	0.00620	0.00303	0.00492
3	0.02069	0.02640	0.01569	0.01427	0.01712	0.78313	0.01070	0.02212	0.01569	0.01355	0.00856	0.00999	0.00713	0.00571	0.00499	0.00143	0.00999	0.00357	0.00285	0.00642
4	0.63751	0.01166	0.01011	0.00853	0.01221	0.01324	0.00704	0.17081	0.01317	0.05862	0.00948	0.01031	0.00704	0.00553	0.00396	0.00170	0.00468	0.00352	0.00401	0.00686
5	0.01418	0.01110	0.01201	0.01077	0.01376	0.01251	0.00836	0.05751	0.59419	0.07584	0.02267	0.08704	0.01798	0.00825	0.00570	0.00187	0.00433	0.00694	0.02658	0.00838
6	0.00726	0.00566	0.00672	0.00651	0.00805	0.00512	0.00491	0.00928	0.01376	0.01820	0.38720	0.04515	0.37111	0.01498	0.06923	0.00238	0.00369	0.01044	0.00542	0.00496
7	0.00695	0.00506	0.00640	0.00739	0.00794	0.00470	0.00503	0.00796	0.01074	0.01405	0.03271	0.59050	0.13447	0.09145	0.00903	0.00251	0.00346	0.05022	0.00497	0.00444
8	0.02104	0.00908	0.01154	0.00913	0.01274	0.00838	0.00745	0.09793	0.01605	0.52562	0.04422	0.01936	0.01461	0.00690	0.00526	0.00163	0.00437	0.00557	0.17067	0.00845
9	0.00812	0.00587	0.00858	0.00858	0.00960	0.00677	0.00666	0.01015	0.00913	0.01352	0.01511	0.02166	0.01388	0.03854	0.71673	0.00825	0.01379	0.00587	0.07424	0.00496
10	0.84448	0.01071	0.00814	0.00728	0.01071	0.01242	0.00600	0.01628	0.00943	0.02485	0.00771	0.00900	0.00600	0.00514	0.00343	0.00171	0.00428	0.00300	0.00343	0.00600
11	0.01307	0.01494	0.03268	0.02334	0.02894	0.01401	0.75070	0.01774	0.01307	0.01774	0.01120	0.01494	0.00840	0.00467	0.00654	0.00187	0.00934	0.00654	0.00280	0.00747
12	0.01378	0.01190	0.01252	0.01127	0.01440	0.01378	0.00877	0.02943	0.76081	0.02317	0.02254	0.02066	0.01691	0.00751	0.00564	0.00188	0.00438	0.00626	0.00564	0.00877
13	0.84448	0.01071	0.00814	0.00728	0.01071	0.01242	0.00600	0.01628	0.00943	0.02485	0.00771	0.00900	0.00600	0.00514	0.00343	0.00171	0.00428	0.00300	0.00343	0.00600
14	0.09121	0.01400	0.01502	0.01178	0.01597	0.01533	0.00967	0.52792	0.09815	0.12250	0.01480	0.01435	0.01041	0.00663	0.00537	0.00169	0.00560	0.00502	0.00553	0.00906
15	0.84448	0.01071	0.00814	0.00728	0.01071	0.01242	0.00600	0.01628	0.00943	0.02485	0.00771	0.00900	0.00600	0.00514	0.00343	0.00171	0.00428	0.00300	0.00343	0.00600
16	0.01371	0.01316	0.02248	0.03399	0.77081	0.01316	0.01700	0.01700	0.01261	0.01809	0.01042	0.01371	0.00877	0.00493	0.00548	0.00164	0.00658	0.00493	0.00274	0.00877
17	0.01813	0.01406	0.01498	0.01215	0.01606	0.01581	0.00982	0.46244	0.32070	0.03020	0.01700	0.01625	0.01242	0.00700	0.00558	0.00175	0.00541	0.00550	0.00558	0.00916
18	0.00860	0.00691	0.01007	0.00968	0.01045	0.00848	0.00759	0.01036	0.00879	0.01283	0.01373	0.02091	0.01309	0.07441	0.62123	0.00767	0.14139	0.00586	0.00290	0.00505
19	0.01378	0.01190	0.01252	0.01127	0.01440	0.01378	0.00877	0.02943	0.76081	0.02317	0.02254	0.02066	0.01691	0.00751	0.00564	0.00188	0.00438	0.00626	0.00564	0.00877
20	0.00875	0.00625	0.00872	0.01000	0.01120	0.00622	0.00862	0.01117	0.01258	0.01638	0.02942	0.12213	0.03226	0.01546	0.00760	0.00253	0.00495	0.67561	0.00510	0.00505
21	0.00936	0.00763	0.00860	0.00931	0.01032	0.07240	0.00733	0.01106	0.01151	0.01458	0.02440	0.16229	0.02689	0.16083	0.07368	0.00343	0.00607	0.37111	0.00442	0.00479

[dist]
# distance from previous block
# <min> <max>
0	73

[block]
# block no. 1 follows, 43 sequences, length 18
# corresponding to MSA columns:
# 2385-2402
name=unknown_B
#
# <colnr> <probs for GDERKNQSTAVLIFYWHMCP>
#	G	D	E	R	K	N	Q	S	T	A	V	L	I	F	Y	W	H	M	C	P
0	0.84448	0.01071	0.00814	0.00728	0.01071	0.01242	0.00600	0.01628	0.00943	0.02485	0.00771	0.00900	0.00600	0.00514	0.00343	0.00171	0.00428	0.00300	0.00343	0.00600
1	0.00809	0.00606	0.00799	0.00777	0.00936	0.00539	0.04564	0.00969	0.01239	0.05437	0.10789	0.31106	0.34735	0.01410	0.00671	0.00200	0.00344	0.03045	0.00519	0.00507
2	0.00859	0.00670	0.00708	0.00672	0.00885	0.00618	0.00512	0.01213	0.11882	0.05516	0.09906	0.04611	0.57421	0.01255	0.00637	0.00185	0.00311	0.01049	0.00537	0.00553
3	0.01214	0.01008	0.01166	0.00864	0.01319	0.00819	0.00687	0.08972	0.01293	0.01951	0.01165	0.06693	0.01032	0.00529	0.00446	0.00101	0.00425	0.00433	0.00364	0.69520
4	0.06901	0.01014	0.01644	0.68296	0.08863	0.01237	0.01484	0.01450	0.01107	0.01518	0.00974	0.01429	0.00739	0.00547	0.00539	0.00182	0.00711	0.00479	0.00255	0.00633
5	0.00700	0.00563	0.00615	0.00624	0.00781	0.00492	0.00467	0.00853	0.01261	0.01565	0.13823	0.08126	0.54200	0.06926	0.00816	0.00217	0.00315	0.06676	0.00513	0.00468
6	0.07562	0.00947	0.01069	0.00886	0.01166	0.00969	0.00690	0.19219	0.04747	0.21210	0.07149	0.02294	0.03739	0.15793	0.00959	0.00236	0.00469	0.00619	0.09566	0.00711
7	0.01385	0.26045	0.22562	0.01417	0.03963	0.10541	0.05474	0.01774	0.05458	0.01534	0.00945	0.01147	0.00780	0.00599	0.00700	0.00167	0.14105	0.00410	0.00265	0.00730
8	0.01373	0.17266	0.20967	0.03611	0.05983	0.03891	0.18310	0.03429	0.04402	0.06715	0.01286	0.02977	0.01060	0.00616	0.00547	0.00172	0.00723	0.05589	0.00324	0.00759
9	0.00671	0.00554	0.00591	0.00609	0.00773	0.00474	0.00454	0.00815	0.01251	0.01523	0.08290	0.14554	0.62071	0.01436	0.00665	0.00194	0.00293	0.03795	0.00518	0.00469
10	0.00805	0.00537	0.00604	0.00604	0.00604	0.00537	0.00336	0.00805	0.00805	0.01074	0.01745	0.03624	0.02013	0.80536	0.02819	0.00537	0.00537	0.00805	0.00336	0.00336
11	0.01431	0.09119	0.34597	0.01720	0.08431	0.04492	0.13773	0.09412	0.01379	0.06785	0.01099	0.01272	0.00809	0.00547	0.00571	0.00171	0.02805	0.00465	0.00310	0.00810
12	0.07166	0.03302	0.10122	0.22679	0.07605	0.01273	0.11743	0.08101	0.01270	0.01817	0.01302	0.01831	0.03103	0.00758	0.02662	0.00204	0.06308	0.05721	0.02344	0.00687
13	0.00674	0.00559	0.00565	0.00563	0.00746	0.00471	0.00422	0.00823	0.01267	0.01542	0.07628	0.05157	0.71516	0.01363	0.00643	0.00184	0.00279	0.01136	0.03988	0.00471
14	0.06582	0.12568	0.12936	0.01402	0.09251	0.05630	0.04189	0.06884	0.06729	0.15607	0.03348	0.03829	0.01211	0.02506	0.00620	0.00178	0.03433	0.01921	0.00403	0.00776
15	0.04952	0.09828	0.03583	0.05785	0.13401	0.16184	0.10174	0.01993	0.07124	0.13774	0.01322	0.04625	0.01053	0.00625	0.00572	0.00168	0.03188	0.00521	0.00371	0.00756
16	0.23193	0.01304	0.01242	0.04278	0.01475	0.09805	0.00845	0.23789	0.01648	0.13975	0.01619	0.04805	0.06424	0.00705	0.00504	0.00168	0.00550	0.00528	0.00467	0.02676
17	0.03667	0.14917	0.08226	0.06776	0.04851	0.01445	0.01065	0.24049	0.06652	0.02252	0.01136	0.01249	0.00878	0.00548	0.00479	0.00142	0.00573	0.00419	0.00381	0.20293

[dist]
# distance from previous block
# <min> <max>
0	4

[block]
# block no. 2 follows, 43 sequences, length 23
# corresponding to MSA columns:
# 2617-2630,2636-2644
name=unknown_C
#
# <colnr> <probs for GDERKNQSTAVLIFYWHMCP>
#	G	D	E	R	K	N	Q	S	T	A	V	L	I	F	Y	W	H	M	C	P
0	0.06211	0.32020	0.17990	0.06347	0.07438	0.06686	0.01260	0.06393	0.07678	0.01737	0.01019	0.01157	0.00815	0.00536	0.00457	0.00152	0.00659	0.00392	0.00297	0.00757
1	0.00913	0.00711	0.00810	0.00801	0.02472	0.00686	0.00601	0.08580	0.05588	0.01901	0.16585	0.10480	0.36413	0.01240	0.00642	0.00189	0.00349	0.07286	0.03191	0.00560
2	0.01148	0.02297	0.54073	0.01524	0.02192	0.01200	0.09977	0.01753	0.05505	0.04358	0.01423	0.07304	0.03455	0.00656	0.00561	0.00181	0.00743	0.00565	0.00303	0.00779
3	0.00803	0.00580	0.00821	0.00821	0.00902	0.00656	0.00612	0.00966	0.00884	0.01276	0.01546	0.02449	0.01506	0.18637	0.60838	0.00793	0.01254	0.00631	0.03561	0.00465
4	0.01356	0.01172	0.01239	0.01163	0.03863	0.03911	0.00873	0.07998	0.54087	0.02256	0.05111	0.06732	0.04616	0.00841	0.00579	0.00187	0.00460	0.02203	0.00540	0.00813
5	0.00748	0.00553	0.00699	0.00688	0.00812	0.00504	0.00506	0.00967	0.01447	0.01993	0.55257	0.15640	0.15609	0.01262	0.00661	0.00184	0.00273	0.01112	0.00581	0.00504
6	0.27426	0.01352	0.04193	0.03570	0.03099	0.05751	0.03335	0.26769	0.01651	0.09290	0.01208	0.01291	0.00880	0.00594	0.00474	0.00165	0.00559	0.00437	0.07194	0.00762
7	0.00803	0.00566	0.00704	0.00688	0.00828	0.00510	0.00509	0.01008	0.01417	0.04866	0.45612	0.16409	0.21475	0.01273	0.00658	0.00185	0.00284	0.01114	0.00575	0.00515
8	0.07234	0.01521	0.01609	0.01240	0.01677	0.01688	0.01024	0.70650	0.02500	0.03428	0.01295	0.01303	0.00921	0.00655	0.00541	0.00167	0.00598	0.00486	0.00541	0.00921
9	0.00780	0.00562	0.00750	0.00758	0.00824	0.00599	0.00535	0.00904	0.00935	0.01293	0.06578	0.09452	0.05427	0.29174	0.38256	0.00640	0.00939	0.00798	0.00357	0.00438
10	0.00830	0.00588	0.00794	0.00895	0.00987	0.00579	0.00720	0.01019	0.01186	0.01563	0.07050	0.20827	0.03245	0.12059	0.01020	0.00282	0.00461	0.44925	0.00493	0.00475
11	0.01125	0.02763	0.72121	0.01635	0.02434	0.01295	0.07489	0.01755	0.01180	0.01755	0.01003	0.01193	0.00712	0.00522	0.00536	0.00176	0.00827	0.00427	0.00237	0.00813
12	0.00669	0.00559	0.00583	0.00582	0.00758	0.00473	0.00435	0.00821	0.01288	0.01570	0.13074	0.07562	0.66958	0.01384	0.00656	0.00187	0.00280	0.01164	0.00524	0.00473
13	0.00836	0.00659	0.00976	0.00950	0.01039	0.00799	0.00748	0.01026	0.00886	0.01291	0.01403	0.02073	0.01314	0.03814	0.70178	0.00821	0.09809	0.00582	0.00291	0.00506
14	0.01163	0.01130	0.01216	0.01364	0.09885	0.16901	0.03378	0.01381	0.01304	0.01586	0.04280	0.18002	0.02475	0.01204	0.00668	0.00211	0.00601	0.32243	0.00432	0.00576
15	0.01167	0.14610	0.66409	0.01484	0.02250	0.01423	0.01881	0.01740	0.01163	0.01686	0.00960	0.01127	0.00703	0.00518	0.00500	0.00167	0.00784	0.00392	0.00234	0.00802
16	0.01320	0.01626	0.12413	0.06181	0.12546	0.06951	0.33556	0.04397	0.01321	0.01777	0.04087	0.01646	0.01064	0.00591	0.00675	0.00183	0.05495	0.03127	0.00301	0.00741
17	0.00687	0.00548	0.00615	0.00628	0.00775	0.00476	0.00460	0.00845	0.01293	0.01640	0.20766	0.18439	0.48070	0.01403	0.00664	0.00191	0.00284	0.01205	0.00535	0.00476
18	0.07427	0.01232	0.01619	0.33888	0.14213	0.11509	0.03992	0.01530	0.01162	0.01560	0.02700	0.01493	0.00932	0.01027	0.10499	0.00267	0.03538	0.00490	0.00279	0.00646
19	0.01481	0.80869	0.02902	0.00948	0.01421	0.02191	0.00948	0.01658	0.01125	0.01303	0.00770	0.00888	0.00711	0.00474	0.00355	0.00118	0.00592	0.00296	0.00237	0.00711
20	0.00681	0.00484	0.00641	0.00764	0.00794	0.00454	0.00506	0.00773	0.01049	0.01398	0.02994	0.76724	0.03589	0.05288	0.00802	0.00239	0.00331	0.01540	0.00506	0.00445
21	0.00671	0.00496	0.00629	0.00735	0.00794	0.00453	0.00498	0.00775	0.01095	0.01428	0.03493	0.67272	0.16281	0.01678	0.00698	0.00218	0.00314	0.01505	0.00514	0.00453
22	0.04747	0.20430	0.01929	0.01386	0.08372	0.14828	0.06369	0.10035	0.04074	0.06740	0.06528	0.01540	0.03260	0.00643	0.00581	0.00159	0.05456	0.00490	0.01703	0.00730

[dist]
# distance from previous block
# <min> <max>
9	46

[block]
# block no. 3 follows, 43 sequences, length 26
# corresponding to MSA columns:
# 2887-2898,2933-2946
name=unknown_D
#
# <colnr> <probs for GDERKNQSTAVLIFYWHMCP>
#	G	D	E	R	K	N	Q	S	T	A	V	L	I	F	Y	W	H	M	C	P
0	0.65920	0.01149	0.03180	0.00835	0.01171	0.03702	0.00713	0.05108	0.01086	0.02381	0.01051	0.01535	0.00915	0.00638	0.00411	0.00180	0.00476	0.08566	0.00367	0.00614
1	0.04812	0.09659	0.00929	0.00682	0.00880	0.00727	0.00541	0.01059	0.01387	0.01890	0.40998	0.04011	0.28222	0.01118	0.00605	0.00172	0.00313	0.00944	0.00523	0.00529
2	0.01057	0.00861	0.01282	0.01317	0.09746	0.00999	0.03105	0.01334	0.05134	0.04822	0.04960	0.02023	0.01416	0.05869	0.38319	0.00547	0.15684	0.00593	0.00332	0.00601
3	0.00775	0.00569	0.00744	0.00709	0.00840	0.00538	0.00534	0.01021	0.01469	0.02063	0.63131	0.04002	0.09977	0.01493	0.09429	0.00256	0.00401	0.00968	0.00567	0.00515
4	0.01358	0.01493	0.10234	0.10892	0.36199	0.01358	0.16554	0.08006	0.04916	0.01921	0.01129	0.01416	0.00880	0.00525	0.00569	0.00174	0.00725	0.00524	0.00306	0.00822
5	0.63600	0.03713	0.01055	0.00886	0.01210	0.11453	0.00722	0.04303	0.01084	0.02273	0.00800	0.00945	0.00637	0.00551	0.00452	0.00170	0.04867	0.00324	0.00334	0.00621
6	0.00830	0.00545	0.00713	0.00793	0.00867	0.00512	0.00547	0.03109	0.01156	0.06106	0.05067	0.69649	0.04761	0.01617	0.00691	0.00218	0.00337	0.01458	0.00528	0.00497
7	0.01637	0.13208	0.14898	0.01259	0.02856	0.06353	0.02374	0.22333	0.14018	0.08125	0.04705	0.01527	0.01205	0.00713	0.02212	0.00180	0.00639	0.00497	0.00435	0.00825
8	0.01242	0.01412	0.10239	0.03933	0.12178	0.05094	0.16608	0.01823	0.15998	0.03016	0.04595	0.02136	0.11635	0.00736	0.00685	0.00184	0.06725	0.00648	0.00377	0.00735
9	0.01196	0.00917	0.03145	0.10410	0.09041	0.02206	0.04921	0.01464	0.03122	0.14056	0.05914	0.08499	0.22591	0.03612	0.02276	0.00209	0.00514	0.03007	0.00454	0.02450
10	0.01065	0.00968	0.06798	0.01219	0.09710	0.00920	0.00881	0.10722	0.02664	0.01640	0.01448	0.02205	0.01359	0.19132	0.36157	0.00573	0.01006	0.00602	0.00336	0.00594
11	0.01089	0.00836	0.00869	0.00797	0.00979	0.09332	0.00604	0.01314	0.01523	0.09833	0.50796	0.05864	0.11870	0.01068	0.00628	0.00173	0.00370	0.00917	0.00568	0.00572
12	0.09502	0.01236	0.01316	0.01077	0.01431	0.03286	0.00867	0.33567	0.13594	0.13064	0.10127	0.05269	0.01684	0.00765	0.00553	0.00174	0.00505	0.00609	0.00551	0.00823
13	0.04231	0.12498	0.04009	0.01422	0.10096	0.13234	0.01071	0.31114	0.07106	0.02413	0.01220	0.01309	0.00937	0.00601	0.00500	0.00155	0.00636	0.00450	0.06188	0.00809
14	0.06470	0.01502	0.15039	0.01428	0.11561	0.04979	0.01140	0.19376	0.04029	0.05500	0.06479	0.09570	0.03915	0.00754	0.00550	0.00170	0.00575	0.00622	0.00424	0.05918
15	0.01232	0.18146	0.24340	0.01432	0.09042	0.06879	0.05232	0.01575	0.01247	0.03550	0.09817	0.12093	0.01654	0.00747	0.00537	0.00167	0.00637	0.00630	0.00336	0.00705
16	0.01299	0.26704	0.42595	0.01319	0.01958	0.01595	0.01531	0.05102	0.09681	0.01755	0.01082	0.01191	0.00827	0.00542	0.00479	0.00159	0.00696	0.00403	0.00286	0.00797
17	0.00710	0.00529	0.00661	0.00730	0.00821	0.00484	0.00524	0.00855	0.01203	0.01579	0.15582	0.42644	0.20620	0.03023	0.00731	0.00217	0.00323	0.07768	0.00526	0.00469
18	0.00939	0.04174	0.02402	0.00890	0.01009	0.05670	0.00674	0.01089	0.01076	0.04745	0.04283	0.39040	0.02486	0.04117	0.22313	0.00403	0.02712	0.01039	0.00421	0.00518
19	0.06060	0.14911	0.15390	0.07336	0.06419	0.08716	0.04627	0.09804	0.05835	0.06652	0.01230	0.05578	0.01009	0.00639	0.00557	0.00168	0.03465	0.00500	0.00350	0.00754
20	0.00948	0.00639	0.00823	0.09554	0.01191	0.00613	0.00631	0.01157	0.01315	0.09404	0.22378	0.11667	0.27179	0.01257	0.03572	0.00209	0.00395	0.00968	0.05550	0.00549
21	0.00879	0.00770	0.00783	0.00843	0.00946	0.09286	0.00616	0.01021	0.01211	0.01513	0.09712	0.40288	0.12558	0.04842	0.00771	0.00224	0.00425	0.12338	0.00489	0.00485
22	0.03459	0.06402	0.21938	0.08951	0.12444	0.09596	0.06231	0.05658	0.01258	0.01691	0.01252	0.02545	0.04995	0.00689	0.00705	0.03751	0.06932	0.00501	0.00290	0.00713
23	0.03458	0.01251	0.09398	0.06993	0.05737	0.03810	0.24217	0.01477	0.03476	0.03911	0.02006	0.22323	0.07685	0.00907	0.00623	0.00192	0.00642	0.00867	0.00375	0.00653
24	0.70633	0.01241	0.00925	0.00821	0.01162	0.09924	0.00665	0.01753	0.01049	0.06483	0.00859	0.00965	0.00655	0.00530	0.00372	0.00168	0.00495	0.00320	0.00355	0.00623
25	0.01579	0.10452	0.07429	0.01113	0.01452	0.14990	0.00949	0.19207	0.02607	0.09258	0.01775	0.16954	0.04653	0.01009	0.03877	0.00201	0.00645	0.00694	0.00437	0.00716

[dist]
# distance from previous block
# <min> <max>
0	2

[block]
# block no. 4 follows, 43 sequences, length 31
# corresponding to MSA columns:
# 2971-3001
name=unknown_E
#
# <colnr> <probs for GDERKNQSTAVLIFYWHMCP>
#	G	D	E	R	K	N	Q	S	T	A	V	L	I	F	Y	W	H	M	C	P
0	0.01492	0.12847	0.05562	0.04673	0.29992	0.03509	0.04670	0.05346	0.01345	0.12050	0.01432	0.05275	0.01244	0.00682	0.00552	0.00172	0.00625	0.07377	0.00369	0.00787
1	0.01556	0.01373	0.01507	0.04377	0.05103	0.16943	0.07866	0.16372	0.01553	0.09187	0.03130	0.10640	0.05299	0.02555	0.07597	0.00246	0.02909	0.00669	0.00420	0.00698
2	0.01170	0.01051	0.01661	0.70056	0.03568	0.01288	0.01481	0.10081	0.01283	0.01659	0.01025	0.01459	0.00762	0.00567	0.00554	0.00182	0.00723	0.00493	0.00282	0.00654
3	0.01626	0.01271	0.05177	0.10628	0.12382	0.03237	0.03250	0.18416	0.10534	0.15291	0.05976	0.01807	0.02897	0.00744	0.02239	0.00188	0.00600	0.00565	0.02359	0.00814
4	0.01068	0.00911	0.01138	0.10300	0.08249	0.03685	0.00863	0.04889	0.15035	0.01977	0.26363	0.10190	0.07277	0.01052	0.02487	0.00200	0.00471	0.02714	0.00489	0.00642
5	0.17209	0.01135	0.01257	0.01026	0.01377	0.01203	0.00831	0.27924	0.03542	0.23167	0.03038	0.10724	0.01405	0.00787	0.00571	0.00178	0.02669	0.00616	0.00539	0.00803
6	0.01699	0.08783	0.05141	0.01113	0.01489	0.01377	0.00951	0.41026	0.01978	0.08735	0.06434	0.10942	0.02873	0.00910	0.02440	0.00189	0.00564	0.02042	0.00511	0.00803
7	0.01427	0.01226	0.01343	0.01179	0.01468	0.01447	0.00933	0.09557	0.60335	0.02312	0.01988	0.01897	0.01507	0.00769	0.00710	0.00192	0.09739	0.00598	0.00525	0.00851
8	0.05217	0.11657	0.06340	0.05250	0.10611	0.20818	0.05630	0.15114	0.01524	0.03711	0.01151	0.05741	0.00984	0.02027	0.00577	0.00168	0.01898	0.00500	0.00347	0.00737
9	0.01012	0.00736	0.01096	0.01080	0.01262	0.00728	0.07800	0.03783	0.01317	0.03237	0.04183	0.06781	0.02703	0.01276	0.00695	0.00227	0.00513	0.50762	0.10251	0.00555
10	0.01835	0.02255	0.01533	0.01416	0.03002	0.60596	0.01063	0.01984	0.01415	0.01355	0.00903	0.01141	0.00781	0.00953	0.07980	0.00225	0.10257	0.00397	0.00281	0.00628
11	0.01488	0.04888	0.08398	0.01446	0.08681	0.10147	0.07549	0.06250	0.03604	0.10023	0.07255	0.11254	0.05951	0.05456	0.00764	0.00221	0.00639	0.04780	0.00461	0.00745
12	0.01402	0.07358	0.47228	0.01568	0.02200	0.10410	0.06342	0.05322	0.01373	0.01859	0.01286	0.01799	0.01070	0.00703	0.00594	0.00197	0.00827	0.07318	0.00325	0.00820
13	0.19521	0.01450	0.01483	0.01159	0.01581	0.01617	0.00957	0.59667	0.02253	0.03278	0.01212	0.01239	0.00870	0.00633	0.00509	0.00167	0.00571	0.00457	0.00509	0.00870
14	0.01935	0.01435	0.01533	0.01191	0.01604	0.01571	0.00978	0.66496	0.02446	0.03256	0.01832	0.01799	0.09854	0.00751	0.00566	0.00169	0.00571	0.00577	0.00549	0.00886
15	0.01076	0.01016	0.01716	0.72072	0.10709	0.01239	0.01553	0.01442	0.01122	0.01452	0.00990	0.01467	0.00751	0.00548	0.00553	0.00183	0.00731	0.00492	0.00249	0.00640
16	0.02105	0.01551	0.01662	0.01274	0.01717	0.01717	0.01053	0.75235	0.02604	0.03490	0.01330	0.01330	0.00942	0.00665	0.00554	0.00166	0.00609	0.00499	0.00554	0.00942
17	0.01317	0.01252	0.01692	0.01433	0.01485	0.01699	0.01193	0.10009	0.01054	0.01586	0.00798	0.01226	0.00752	0.00934	0.01669	0.00233	0.70258	0.00486	0.00279	0.00645
18	0.02053	0.01132	0.01341	0.01083	0.01476	0.01160	0.00877	0.15614	0.26317	0.39610	0.02056	0.01847	0.01400	0.00704	0.00559	0.00176	0.00485	0.00569	0.00622	0.00921
19	0.00655	0.00558	0.00564	0.00569	0.00750	0.00467	0.00424	0.00794	0.01254	0.01493	0.05510	0.08258	0.73993	0.01416	0.00657	0.00188	0.00282	0.01185	0.00514	0.00467
20	0.00748	0.00519	0.00627	0.00673	0.00702	0.00500	0.00421	0.00809	0.00975	0.01302	0.07693	0.33227	0.05803	0.41473	0.01768	0.00377	0.00424	0.01130	0.00431	0.00398
21	0.01296	0.01354	0.04738	0.24218	0.09519	0.01359	0.36875	0.05707	0.01300	0.03271	0.01088	0.01456	0.00822	0.00532	0.00652	0.00185	0.04037	0.00569	0.00290	0.00732
22	0.00678	0.00550	0.00601	0.00614	0.00769	0.00473	0.00451	0.00830	0.01279	0.01596	0.16250	0.16423	0.54733	0.01411	0.00662	0.00191	0.00284	0.01204	0.00529	0.00473
23	0.01441	0.05603	0.13850	0.05409	0.28715	0.15282	0.03534	0.03369	0.06323	0.03349	0.06811	0.01521	0.01198	0.00586	0.00539	0.00164	0.00704	0.00499	0.00326	0.00778
24	0.00692	0.00498	0.00638	0.00735	0.00782	0.00464	0.00491	0.00792	0.01081	0.01434	0.07333	0.62998	0.09103	0.09091	0.00899	0.00249	0.00335	0.01439	0.00503	0.00445
25	0.01481	0.03374	0.03352	0.05383	0.01563	0.01271	0.02622	0.25040	0.23553	0.05114	0.01951	0.14411	0.02796	0.00855	0.00571	0.00181	0.00505	0.00719	0.04473	0.00784
26	0.01309	0.01355	0.02694	0.02082	0.07728	0.01298	0.52703	0.08240	0.01457	0.01993	0.11861	0.01845	0.01474	0.00581	0.00637	0.00182	0.00790	0.00678	0.00351	0.00742
27	0.01199	0.08650	0.03072	0.19596	0.29187	0.04744	0.02829	0.01521	0.03371	0.01623	0.04506	0.10926	0.03516	0.00735	0.00562	0.00175	0.00618	0.02141	0.00326	0.00704
28	0.01618	0.24428	0.05653	0.01295	0.01651	0.26028	0.05513	0.08488	0.01374	0.01587	0.00982	0.01176	0.01989	0.00728	0.03358	0.00180	0.10635	0.00409	0.00293	0.02613
29	0.08928	0.01160	0.10066	0.01076	0.02874	0.04356	0.04022	0.04264	0.07918	0.03816	0.08290	0.18301	0.12228	0.01020	0.00650	0.00190	0.04252	0.03359	0.00440	0.02792
30	0.01320	0.18533	0.21665	0.01222	0.03687	0.04956	0.03675	0.06884	0.03267	0.06716	0.07104	0.11300	0.02921	0.03630	0.00615	0.00180	0.00608	0.00631	0.00372	0.00714

[dist]
# distance from previous block
# <min> <max>
0	10

[block]
# block no. 5 follows, 43 sequences, length 20
# corresponding to MSA columns:
# 3102-3121
name=unknown_F
#
# <colnr> <probs for GDERKNQSTAVLIFYWHMCP>
#	G	D	E	R	K	N	Q	S	T	A	V	L	I	F	Y	W	H	M	C	P
0	0.02617	0.01057	0.04697	0.03004	0.01280	0.05233	0.00789	0.12484	0.10956	0.07892	0.15649	0.11335	0.16880	0.01022	0.00606	0.00183	0.00451	0.02679	0.00520	0.00668
1	0.00994	0.01027	0.09284	0.00971	0.01264	0.00847	0.05377	0.07656	0.10209	0.01962	0.18439	0.07305	0.26340	0.01078	0.00630	0.00187	0.00436	0.04870	0.00498	0.00624
2	0.01283	0.01218	0.02016	0.10024	0.48751	0.01258	0.06871	0.01767	0.10447	0.01815	0.03304	0.01664	0.02715	0.00708	0.03601	0.00200	0.00673	0.00553	0.00322	0.00810
3	0.01337	0.01409	0.09094	0.16667	0.22672	0.05368	0.09340	0.04949	0.07000	0.05075	0.03321	0.01675	0.04022	0.00678	0.01963	0.00189	0.03597	0.00550	0.00336	0.00759
4	0.20002	0.01447	0.01478	0.01156	0.01577	0.01614	0.00954	0.59237	0.02243	0.03272	0.01208	0.01236	0.00868	0.00632	0.00508	0.00167	0.00570	0.00455	0.00508	0.00868
5	0.01488	0.04483	0.01671	0.07552	0.07221	0.22355	0.08075	0.02165	0.26160	0.01769	0.04063	0.01676	0.01271	0.03586	0.00683	0.00186	0.03947	0.00537	0.00383	0.00730
6	0.00680	0.00496	0.00643	0.00757	0.00810	0.00458	0.00517	0.00787	0.01090	0.01431	0.03324	0.69472	0.11544	0.01692	0.00703	0.00222	0.00324	0.04081	0.00514	0.00454
7	0.00875	0.00572	0.00642	0.00629	0.00662	0.00582	0.00379	0.03481	0.00910	0.01274	0.01727	0.03322	0.01889	0.66300	0.05253	0.00493	0.00544	0.00756	0.09328	0.00382
8	0.00689	0.00488	0.00638	0.00753	0.00782	0.00459	0.00495	0.00775	0.01033	0.01377	0.02911	0.71914	0.03485	0.10239	0.00935	0.00259	0.00345	0.01491	0.00495	0.00438
9	0.00779	0.00566	0.00734	0.00692	0.00825	0.00521	0.00519	0.01036	0.01557	0.02195	0.74248	0.04180	0.07783	0.01142	0.00653	0.00175	0.00262	0.01008	0.00606	0.00521
10	0.01481	0.80869	0.02902	0.00948	0.01421	0.02191	0.00948	0.01658	0.01125	0.01303	0.00770	0.00888	0.00711	0.00474	0.00355	0.00118	0.00592	0.00296	0.00237	0.00711
11	0.00675	0.00482	0.00643	0.00771	0.00803	0.00450	0.00514	0.00771	0.01060	0.01414	0.03053	0.80175	0.03663	0.01735	0.00707	0.00225	0.00321	0.01574	0.00514	0.00450
12	0.02485	0.00943	0.01285	0.00985	0.01414	0.00814	0.00814	0.02699	0.01585	0.77465	0.02185	0.01885	0.01371	0.00685	0.00557	0.00171	0.00471	0.00557	0.00685	0.00943
13	0.76614	0.01117	0.00895	0.00780	0.01133	0.01288	0.00643	0.08631	0.01101	0.02581	0.00824	0.00941	0.00632	0.00528	0.00363	0.00171	0.00446	0.00319	0.00363	0.00632
14	0.02014	0.01497	0.01613	0.01231	0.01679	0.01624	0.01015	0.68210	0.02465	0.03330	0.01297	0.01312	0.00930	0.00641	0.00540	0.00158	0.00590	0.00482	0.00533	0.08837
15	0.01175	0.11135	0.62423	0.01684	0.09397	0.01387	0.01895	0.01738	0.01173	0.01711	0.00974	0.01158	0.00719	0.00517	0.00510	0.00168	0.00779	0.00405	0.00238	0.00812
16	0.01337	0.01308	0.02103	0.18218	0.59399	0.04647	0.01641	0.01666	0.01244	0.01712	0.01022	0.01375	0.00843	0.00509	0.00547	0.00167	0.00689	0.00487	0.00269	0.00816
17	0.00970	0.00610	0.00752	0.00695	0.00871	0.00544	0.00523	0.01172	0.01427	0.11950	0.40179	0.07120	0.24828	0.04974	0.00747	0.00197	0.00310	0.01003	0.00576	0.00551
18	0.15756	0.26178	0.01812	0.03865	0.04779	0.10524	0.00931	0.12163	0.06219	0.07161	0.01310	0.01370	0.04597	0.00601	0.00455	0.00153	0.00589	0.00430	0.00373	0.00735
19	0.01297	0.01240	0.02114	0.20697	0.60363	0.01296	0.01663	0.01635	0.01226	0.01719	0.01029	0.01395	0.00846	0.00507	0.00550	0.00169	0.00676	0.00493	0.00268	0.00817

[dist]
# distance from previous block
# <min> <max>
0	5

[block]
# block no. 6 follows, 43 sequences, length 28
# corresponding to MSA columns:
# 3208-3235
name=unknown_G
#
# <colnr> <probs for GDERKNQSTAVLIFYWHMCP>
#	G	D	E	R	K	N	Q	S	T	A	V	L	I	F	Y	W	H	M	C	P
0	0.01491	0.01197	0.01718	0.01647	0.15136	0.01240	0.12804	0.24437	0.06884	0.04055	0.06302	0.04876	0.01482	0.00704	0.00567	0.00172	0.00574	0.02844	0.11089	0.00781
1	0.67361	0.01014	0.00855	0.00768	0.01041	0.01187	0.00613	0.01500	0.00918	0.02216	0.00892	0.01272	0.00790	0.10785	0.00773	0.00224	0.06513	0.00379	0.00334	0.00566
2	0.01424	0.01111	0.01885	0.02531	0.01845	0.03470	0.29033	0.01711	0.01337	0.19596	0.03992	0.06703	0.15801	0.00829	0.00691	0.00188	0.04827	0.01882	0.00442	0.00702
3	0.01587	0.01250	0.01324	0.01131	0.01465	0.02995	0.00894	0.22625	0.44158	0.06056	0.06295	0.04441	0.01716	0.00774	0.00569	0.00181	0.00485	0.00634	0.00562	0.00859
4	0.00739	0.00582	0.00815	0.14798	0.01336	0.00592	0.00686	0.00890	0.01095	0.01425	0.03009	0.56500	0.12501	0.01481	0.00673	0.00213	0.00391	0.01329	0.00466	0.00482
5	0.01145	0.02557	0.62847	0.01814	0.10479	0.01282	0.07128	0.01731	0.01187	0.01755	0.01046	0.02670	0.00785	0.00541	0.00541	0.00176	0.00800	0.00457	0.00247	0.00813
6	0.01357	0.02520	0.63981	0.01472	0.02221	0.01202	0.01825	0.01923	0.01244	0.15320	0.01207	0.01298	0.00822	0.00555	0.00532	0.00175	0.00756	0.00436	0.00315	0.00841
7	0.02240	0.01037	0.01423	0.01318	0.11109	0.00963	0.00943	0.05940	0.07308	0.58604	0.02005	0.01808	0.01313	0.00665	0.00556	0.00172	0.00499	0.00551	0.00617	0.00929
8	0.01356	0.01199	0.01840	0.02431	0.45634	0.01215	0.03637	0.14690	0.01478	0.02035	0.01704	0.11751	0.07075	0.00752	0.00581	0.00175	0.00586	0.00690	0.00374	0.00799
9	0.07738	0.01284	0.01915	0.02720	0.55684	0.03695	0.01435	0.01826	0.10808	0.01894	0.01263	0.05051	0.01084	0.00588	0.00540	0.00170	0.00607	0.00541	0.00328	0.00829
10	0.00679	0.00567	0.00620	0.00620	0.00791	0.00508	0.00469	0.00830	0.01196	0.01458	0.04871	0.04765	0.63334	0.01896	0.14574	0.00313	0.00496	0.01066	0.00475	0.00472
11	0.01994	0.12646	0.01740	0.01365	0.01675	0.68576	0.01054	0.02141	0.01513	0.01349	0.00845	0.00985	0.00713	0.00558	0.00481	0.00140	0.00947	0.00349	0.00279	0.00651
12	0.01502	0.01227	0.01582	0.15373	0.09625	0.01315	0.03456	0.29410	0.09098	0.02389	0.01423	0.07985	0.01181	0.00686	0.00552	0.00166	0.00581	0.00582	0.00430	0.11437
13	0.01869	0.01375	0.01497	0.01171	0.01558	0.01503	0.00958	0.61942	0.02418	0.03263	0.14850	0.01833	0.01709	0.00749	0.00572	0.00168	0.00547	0.00589	0.00564	0.00867
14	0.00730	0.00517	0.00682	0.00794	0.00839	0.00495	0.00559	0.00843	0.01066	0.01414	0.02864	0.57137	0.03367	0.11778	0.00987	0.00270	0.00383	0.14337	0.00491	0.00446
15	0.02001	0.15751	0.01877	0.01210	0.01658	0.01784	0.01029	0.60561	0.02318	0.04618	0.01247	0.01262	0.00909	0.00631	0.00518	0.00158	0.00604	0.00464	0.00500	0.00900
16	0.02170	0.01125	0.01381	0.03577	0.01557	0.01123	0.00900	0.23369	0.08226	0.44552	0.04771	0.01815	0.01403	0.00698	0.00560	0.00172	0.00508	0.00561	0.00620	0.00910
17	0.00675	0.00482	0.00643	0.00771	0.00803	0.00450	0.00514	0.00771	0.01060	0.01414	0.03053	0.80175	0.03663	0.01735	0.00707	0.00225	0.00321	0.01574	0.00514	0.00450
18	0.54757	0.01409	0.01177	0.01224	0.10942	0.15086	0.00848	0.05589	0.01182	0.02249	0.00850	0.01000	0.00674	0.00529	0.00408	0.00165	0.00569	0.00345	0.00335	0.00661
19	0.01879	0.01977	0.01472	0.01291	0.01595	0.41981	0.00996	0.24480	0.04215	0.02057	0.01335	0.09399	0.01192	0.00754	0.00548	0.00163	0.00777	0.02764	0.00407	0.00718
20	0.00797	0.00579	0.00759	0.00748	0.00881	0.00541	0.00584	0.01052	0.01501	0.02086	0.60268	0.04570	0.08169	0.01216	0.00673	0.00189	0.00307	0.13973	0.00587	0.00518
21	0.00678	0.00562	0.00593	0.00585	0.00762	0.00477	0.00439	0.00840	0.01317	0.01626	0.18364	0.05116	0.64022	0.01354	0.00654	0.00185	0.00277	0.01139	0.00531	0.00477
22	0.01800	0.02184	0.01428	0.01310	0.01559	0.60275	0.00990	0.03518	0.01448	0.01386	0.00999	0.01254	0.00860	0.01330	0.16944	0.00301	0.01093	0.00410	0.00294	0.00617
23	0.01987	0.01340	0.01373	0.01132	0.01496	0.11055	0.00902	0.23002	0.15178	0.27552	0.01853	0.07656	0.01399	0.00757	0.00561	0.00173	0.00560	0.00605	0.00562	0.00854
24	0.00675	0.00482	0.00643	0.00771	0.00803	0.00450	0.00514	0.00771	0.01060	0.01414	0.03053	0.80175	0.03663	0.01735	0.00707	0.00225	0.00321	0.01574	0.00514	0.00450
25	0.08121	0.01119	0.01245	0.01059	0.01414	0.01207	0.00843	0.05541	0.44617	0.25452	0.02084	0.01893	0.01480	0.00710	0.00544	0.00181	0.00454	0.00575	0.00584	0.00878
26	0.01753	0.46246	0.02381	0.01138	0.01575	0.15575	0.04971	0.07544	0.01387	0.11248	0.01028	0.01102	0.00820	0.00533	0.00438	0.00137	0.00669	0.00375	0.00330	0.00748
27	0.27262	0.01403	0.07365	0.01275	0.04061	0.02959	0.10422	0.20989	0.01500	0.02428	0.02724	0.02957	0.00932	0.00594	0.00529	0.00167	0.03065	0.00465	0.00384	0.08518

[dist]
# distance from previous block
# <min> <max>
2	9

[block]
# block no. 7 follows, 43 sequences, length 62
# corresponding to MSA columns:
# 3361-3374,3380-3383,3405-3420,3581-3596,3599-3610
name=unknown_H
#
# <colnr> <probs for GDERKNQSTAVLIFYWHMCP>
#	G	D	E	R	K	N	Q	S	T	A	V	L	I	F	Y	W	H	M	C	P
0	0.01144	0.01325	0.11260	0.01600	0.10417	0.01422	0.01284	0.01369	0.00945	0.01434	0.00931	0.01395	0.00857	0.01418	0.14997	0.00339	0.46467	0.00495	0.00255	0.00645
1	0.00955	0.10871	0.01022	0.00720	0.00963	0.00844	0.00581	0.09737	0.01461	0.01844	0.17951	0.04069	0.44688	0.01147	0.00604	0.00173	0.00355	0.00947	0.00502	0.00565
2	0.01090	0.00934	0.01079	0.00790	0.01246	0.00706	0.00628	0.01324	0.01162	0.01768	0.01530	0.01642	0.09794	0.00527	0.00439	0.00094	0.00395	0.00427	0.00350	0.74073
3	0.00791	0.00593	0.00890	0.00890	0.00989	0.00692	0.00692	0.00989	0.00890	0.01286	0.01483	0.02176	0.01385	0.04154	0.78341	0.00890	0.01483	0.00593	0.00297	0.00494
4	0.01046	0.00984	0.01661	0.79205	0.03814	0.01230	0.01538	0.01415	0.01107	0.01415	0.00984	0.01477	0.00738	0.00554	0.00554	0.00185	0.00738	0.00492	0.00246	0.00615
5	0.01565	0.69648	0.02711	0.01016	0.01463	0.13111	0.00965	0.01738	0.01189	0.01311	0.00782	0.00904	0.00711	0.00488	0.00376	0.00122	0.00651	0.00305	0.00244	0.00701
6	0.02105	0.01551	0.01662	0.01274	0.01717	0.01717	0.01053	0.75235	0.02604	0.03490	0.01330	0.01330	0.00942	0.00665	0.00554	0.00166	0.00609	0.00499	0.00554	0.00942
7	0.01348	0.01315	0.02250	0.03100	0.63263	0.01366	0.06481	0.01661	0.01215	0.01751	0.01010	0.01360	0.00857	0.00548	0.00705	0.00175	0.09984	0.00503	0.00271	0.00837
8	0.00675	0.00482	0.00643	0.00771	0.00803	0.00450	0.00514	0.00771	0.01060	0.01414	0.03053	0.80175	0.03663	0.01735	0.00707	0.00225	0.00321	0.01574	0.00514	0.00450
9	0.01391	0.01197	0.01260	0.01130	0.01445	0.01384	0.00880	0.04327	0.74674	0.02339	0.02236	0.02052	0.01676	0.00750	0.00563	0.00187	0.00442	0.00624	0.00563	0.00878
10	0.01046	0.00984	0.01661	0.79205	0.03814	0.01230	0.01538	0.01415	0.01107	0.01415	0.00984	0.01477	0.00738	0.00554	0.00554	0.00185	0.00738	0.00492	0.00246	0.00615
11	0.00668	0.00554	0.00584	0.00593	0.00760	0.00471	0.00439	0.00814	0.01270	0.01551	0.11568	0.12367	0.63633	0.01411	0.00659	0.00190	0.00283	0.01193	0.00523	0.00471
12	0.00675	0.00482	0.00643	0.00771	0.00803	0.00450	0.00514	0.00771	0.01060	0.01414	0.03053	0.80175	0.03663	0.01735	0.00707	0.00225	0.00321	0.01574	0.00514	0.00450
13	0.01299	0.01321	0.02764	0.07154	0.02643	0.01271	0.57045	0.01712	0.01261	0.06176	0.01217	0.01596	0.00929	0.00921	0.09810	0.00269	0.00958	0.00630	0.00304	0.00720
14	0.01301	0.30935	0.46242	0.01342	0.02005	0.06174	0.01593	0.01747	0.01177	0.01568	0.00905	0.01058	0.00706	0.00510	0.00463	0.00153	0.00748	0.00365	0.00238	0.00769
15	0.01954	0.01396	0.01524	0.01201	0.01595	0.01525	0.00978	0.63016	0.02374	0.06744	0.01573	0.10661	0.01283	0.00792	0.00572	0.00173	0.00569	0.00628	0.00556	0.00884
16	0.00673	0.00489	0.00635	0.00752	0.00798	0.00451	0.00506	0.00773	0.01078	0.01421	0.03282	0.73471	0.10219	0.01705	0.00702	0.00222	0.00318	0.01538	0.00514	0.00451
17	0.64373	0.01040	0.00929	0.00791	0.01155	0.01137	0.00652	0.01890	0.01100	0.20850	0.01117	0.01141	0.00789	0.00556	0.00395	0.00171	0.00439	0.00363	0.00427	0.00684
18	0.74047	0.01055	0.00874	0.00761	0.01115	0.01188	0.00627	0.01764	0.01024	0.12000	0.00951	0.01025	0.00698	0.00536	0.00370	0.00171	0.00434	0.00333	0.00386	0.00643
19	0.01960	0.02458	0.01586	0.01430	0.01679	0.68590	0.01088	0.02100	0.01478	0.01353	0.00840	0.01026	0.00715	0.00621	0.00667	0.00155	0.10964	0.00373	0.00280	0.00637
20	0.01926	0.01436	0.01596	0.01263	0.01636	0.01628	0.01038	0.53825	0.11672	0.06669	0.01417	0.01436	0.01032	0.00713	0.00704	0.00178	0.09894	0.00516	0.00525	0.00894
21	0.01184	0.01119	0.01904	0.44527	0.33889	0.01251	0.02971	0.01536	0.01176	0.01601	0.01031	0.01448	0.00815	0.00530	0.00549	0.00175	0.00697	0.00496	0.02378	0.00723
22	0.01377	0.01206	0.01379	0.01415	0.11040	0.01370	0.00981	0.02785	0.66586	0.02252	0.02100	0.01978	0.01587	0.00719	0.00562	0.00185	0.00466	0.00609	0.00527	0.00877
23	0.01674	0.01368	0.01331	0.01129	0.01444	0.10412	0.00878	0.25606	0.28759	0.06857	0.01737	0.03055	0.01388	0.10838	0.00841	0.00219	0.00572	0.00586	0.00505	0.00799
24	0.00685	0.00501	0.00647	0.00759	0.00817	0.00463	0.00525	0.00796	0.01099	0.01439	0.03370	0.66298	0.12924	0.01681	0.00704	0.00222	0.00327	0.05774	0.00514	0.00456
25	0.00655	0.00561	0.00561	0.00561	0.00748	0.00468	0.00421	0.00795	0.01262	0.01496	0.05610	0.05330	0.76857	0.01403	0.00655	0.00187	0.00281	0.01169	0.00514	0.00468
26	0.00713	0.00565	0.00621	0.00625	0.00766	0.00504	0.00449	0.00884	0.02955	0.01576	0.16584	0.13261	0.46209	0.10720	0.00914	0.00230	0.00316	0.01131	0.00510	0.00468
27	0.01912	0.02173	0.01506	0.01339	0.01649	0.51315	0.01023	0.11001	0.19084	0.01832	0.01238	0.01287	0.00968	0.00624	0.00521	0.00156	0.00822	0.00436	0.00382	0.00732
28	0.01018	0.00519	0.00529	0.00527	0.00656	0.00517	0.00395	0.01276	0.01185	0.02074	0.06148	0.02185	0.01640	0.00673	0.00403	0.00132	0.00258	0.00544	0.78805	0.00517
29	0.02130	0.01511	0.01637	0.01255	0.01697	0.01658	0.01037	0.70451	0.02537	0.08369	0.01386	0.01366	0.00970	0.00666	0.00554	0.00167	0.00600	0.00502	0.00563	0.00942
30	0.01148	0.00934	0.01081	0.00830	0.01236	0.00766	0.00652	0.05733	0.03432	0.01891	0.01341	0.10573	0.01228	0.00607	0.00457	0.00110	0.00402	0.00506	0.05863	0.61209
31	0.01903	0.23481	0.03844	0.01170	0.01603	0.10776	0.01016	0.36098	0.03100	0.08517	0.01204	0.01236	0.00901	0.00600	0.00489	0.00151	0.00635	0.00431	0.02014	0.00831
32	0.01713	0.01366	0.01735	0.03982	0.16634	0.01471	0.04718	0.43625	0.06644	0.02751	0.01510	0.07450	0.02399	0.00717	0.00572	0.00174	0.00601	0.00605	0.00473	0.00861
33	0.01093	0.15012	0.02635	0.10854	0.02874	0.01089	0.00825	0.07834	0.05423	0.01661	0.08234	0.14029	0.06217	0.11869	0.05014	0.01624	0.00559	0.02169	0.00396	0.00591
34	0.01705	0.23579	0.01869	0.01224	0.01547	0.40832	0.02854	0.04867	0.01389	0.01447	0.00960	0.01169	0.00827	0.01002	0.10342	0.00233	0.00915	0.00387	0.02198	0.00654
35	0.01081	0.10517	0.47085	0.01254	0.01815	0.01195	0.01461	0.01564	0.04187	0.01621	0.05033	0.03061	0.01264	0.15473	0.00946	0.00238	0.00690	0.00529	0.00290	0.00699
36	0.05428	0.01318	0.01506	0.01261	0.01552	0.16871	0.13742	0.10355	0.01417	0.05665	0.03743	0.16592	0.02833	0.01248	0.09762	0.00261	0.00755	0.01725	0.00402	0.03564
37	0.01111	0.02865	0.77667	0.01579	0.02397	0.01286	0.02046	0.01754	0.01169	0.01754	0.00994	0.01169	0.00702	0.00526	0.00526	0.00175	0.00818	0.00409	0.00234	0.00818
38	0.01428	0.01210	0.01275	0.01129	0.01451	0.01390	0.00883	0.09366	0.68036	0.02406	0.02238	0.02065	0.03104	0.00756	0.00564	0.00186	0.00451	0.00625	0.00562	0.00874
39	0.00717	0.00525	0.00654	0.00715	0.00793	0.00486	0.00498	0.00847	0.01166	0.01543	0.16267	0.40802	0.16487	0.10861	0.00941	0.00248	0.00339	0.05146	0.00510	0.00455
40	0.02037	0.01517	0.01624	0.01260	0.01691	0.01686	0.01036	0.68450	0.09499	0.03380	0.01416	0.01399	0.01012	0.00673	0.00555	0.00168	0.00593	0.00511	0.00555	0.00936
41	0.01420	0.01125	0.01206	0.01066	0.01356	0.01272	0.00820	0.08779	0.56700	0.05898	0.02108	0.02193	0.01653	0.10866	0.00849	0.00230	0.00467	0.00635	0.00540	0.00817
42	0.00691	0.00489	0.00638	0.00750	0.00778	0.00461	0.00491	0.00776	0.01028	0.01371	0.02887	0.70460	0.03454	0.11736	0.00975	0.00265	0.00349	0.01477	0.00491	0.00435
43	0.10922	0.01059	0.01765	0.60188	0.03374	0.01253	0.10759	0.01486	0.01113	0.01587	0.00976	0.01411	0.00735	0.00538	0.00541	0.00183	0.00727	0.00490	0.00262	0.00630
44	0.00789	0.00530	0.00609	0.00625	0.00629	0.00526	0.00358	0.00801	0.00838	0.01117	0.01911	0.13339	0.02223	0.70536	0.02551	0.00497	0.00510	0.00903	0.00358	0.00350
45	0.59244	0.01045	0.00920	0.00813	0.01134	0.01173	0.00655	0.10270	0.01192	0.06908	0.01210	0.11069	0.01075	0.00697	0.00427	0.00178	0.00439	0.00500	0.00410	0.00641
46	0.01796	0.01374	0.01773	0.01376	0.01789	0.04556	0.14733	0.30328	0.15920	0.13337	0.05937	0.01727	0.01363	0.00670	0.00578	0.00174	0.00614	0.00583	0.00516	0.00857
47	0.01016	0.00938	0.01570	0.69962	0.03481	0.01167	0.01438	0.01365	0.01082	0.01400	0.01043	0.01559	0.00815	0.00979	0.09734	0.00268	0.00826	0.00504	0.00252	0.00601
48	0.02235	0.00889	0.01203	0.00961	0.01337	0.00778	0.00777	0.02459	0.02881	0.66440	0.02296	0.11824	0.01668	0.00820	0.00576	0.00178	0.00452	0.00687	0.00661	0.00879
49	0.01457	0.01344	0.02179	0.03149	0.68187	0.01363	0.01623	0.10378	0.01420	0.02008	0.01076	0.01366	0.00885	0.00514	0.00549	0.00165	0.00652	0.00494	0.00307	0.00885
50	0.01576	0.01532	0.01954	0.08903	0.17518	0.15371	0.13187	0.16351	0.01531	0.03446	0.01115	0.01403	0.00889	0.01880	0.04352	0.00211	0.06060	0.00506	0.01459	0.00755
51	0.00707	0.00571	0.00634	0.00640	0.00810	0.00498	0.00495	0.00883	0.01321	0.01650	0.18543	0.05216	0.54829	0.01367	0.00667	0.00193	0.00304	0.09657	0.00532	0.00483
52	0.01404	0.11453	0.04852	0.12999	0.36822	0.01489	0.06050	0.10319	0.01356	0.01857	0.01018	0.01310	0.00827	0.00547	0.00606	0.00168	0.05348	0.00475	0.00296	0.00802
53	0.02069	0.02640	0.01569	0.01427	0.01712	0.78313	0.01070	0.02212	0.01569	0.01355	0.00856	0.00999	0.00713	0.00571	0.00499	0.00143	0.00999	0.00357	0.00285	0.00642
54	0.01407	0.01338	0.02861	0.04447	0.22278	0.08120	0.09889	0.13506	0.08121	0.01991	0.05123	0.01715	0.01251	0.03413	0.10524	0.00273	0.02062	0.00559	0.00366	0.00755
55	0.01602	0.00754	0.00990	0.00825	0.01112	0.00660	0.00655	0.01822	0.01522	0.38825	0.29037	0.04876	0.11690	0.00948	0.00604	0.00174	0.00370	0.00806	0.00629	0.02100
56	0.01310	0.01321	0.01603	0.05396	0.13848	0.11155	0.01167	0.05809	0.01176	0.01564	0.01467	0.01766	0.10169	0.00950	0.03402	0.00222	0.36156	0.00559	0.00307	0.00655
57	0.00820	0.00682	0.00913	0.05639	0.10650	0.00642	0.00692	0.01044	0.01367	0.01814	0.32743	0.06333	0.32310	0.01140	0.00636	0.00180	0.00349	0.00989	0.00506	0.00549
58	0.01980	0.02472	0.01656	0.01677	0.11277	0.68541	0.01150	0.02147	0.01530	0.01413	0.00880	0.01046	0.00734	0.00561	0.00506	0.00145	0.00956	0.00374	0.00284	0.00672
59	0.01560	0.11526	0.07428	0.04257	0.07713	0.03570	0.13428	0.11512	0.20061	0.09536	0.01498	0.01622	0.01132	0.00618	0.00548	0.00172	0.00637	0.01938	0.00420	0.00822
60	0.01227	0.02129	0.44967	0.01352	0.01931	0.03491	0.01515	0.10954	0.10191	0.01976	0.01571	0.11433	0.03349	0.00749	0.00560	0.00181	0.00675	0.00614	0.00358	0.00779
61	0.01052	0.06036	0.03084	0.00817	0.01024	0.02972	0.00639	0.02439	0.01259	0.10538	0.10000	0.35056	0.15806	0.01252	0.00621	0.00187	0.00388	0.01088	0.00501	0.05242

[dist]
# distance from previous block
# <min> <max>
42	664

# created by:
# /usr/local/bin/augustus/scripts/msa2prfl.pl /tmp/new_cug2/kinesin-class-1.fasta
