[name]
unknown

[dist]
# distance from previous block
# <min> <max>
35	267

[block]
# block no. 0 follows, 75 sequences, length 14
# corresponding to MSA columns:
# 267-280
name=unknown_A
#
# <colnr> <probs for GDERKNQSTAVLIFYWHMCP>
#	G	D	E	R	K	N	Q	S	T	A	V	L	I	F	Y	W	H	M	C	P
0	0.01032	0.00899	0.00980	0.12877	0.07205	0.09948	0.00710	0.15740	0.34192	0.05531	0.01156	0.01171	0.03546	0.00461	0.00392	0.00118	0.02830	0.00370	0.00306	0.00536
1	0.00442	0.00372	0.00382	0.00380	0.00501	0.00313	0.00285	0.00542	0.00855	0.01034	0.10759	0.03466	0.77588	0.00915	0.00434	0.00123	0.00185	0.00765	0.00347	0.00313
2	0.01083	0.00939	0.01089	0.05230	0.17802	0.08025	0.02462	0.26958	0.24549	0.02966	0.02653	0.01111	0.02581	0.00439	0.00369	0.00114	0.00398	0.00364	0.00305	0.00562
3	0.00512	0.00375	0.00480	0.00454	0.00544	0.00343	0.00340	0.00677	0.01021	0.01427	0.76967	0.02818	0.11134	0.00768	0.00433	0.00116	0.00174	0.00675	0.00398	0.00343
4	0.07472	0.00760	0.00841	0.00683	0.00918	0.00805	0.00553	0.34344	0.11600	0.17478	0.09386	0.01435	0.08942	0.00575	0.02420	0.00126	0.00335	0.00415	0.00372	0.00539
5	0.00461	0.00373	0.00409	0.00400	0.00512	0.00321	0.00300	0.00578	0.00900	0.01141	0.28697	0.03290	0.59583	0.00875	0.00434	0.00121	0.00182	0.00741	0.00361	0.00321
6	0.00694	0.00653	0.01102	0.86210	0.02530	0.00816	0.01020	0.00938	0.00734	0.00938	0.00653	0.00979	0.00490	0.00367	0.00367	0.00122	0.00490	0.00326	0.00163	0.00408
7	0.00747	0.00577	0.00680	0.00527	0.00785	0.00457	0.00414	0.00913	0.02492	0.06933	0.08034	0.07155	0.10449	0.00463	0.00326	0.00079	0.00253	0.00388	0.00275	0.58055
8	0.00956	0.00999	0.01269	0.19944	0.45911	0.19359	0.00983	0.01151	0.00857	0.01084	0.00673	0.00886	0.00551	0.00351	0.00354	0.00108	0.00488	0.00308	0.03267	0.00502
9	0.00776	0.00666	0.00768	0.00563	0.00878	0.00530	0.00449	0.01022	0.08637	0.01229	0.00732	0.00819	0.00599	0.00293	0.00282	0.00061	0.00274	0.00236	0.00232	0.80954
10	0.00875	0.00789	0.01933	0.07180	0.01055	0.07659	0.05032	0.18419	0.06257	0.01311	0.05507	0.15019	0.02859	0.00741	0.05902	0.00155	0.14030	0.00476	0.02132	0.02669
11	0.15375	0.08936	0.05330	0.00738	0.02369	0.04730	0.00619	0.24157	0.12961	0.07296	0.04178	0.04629	0.00830	0.00451	0.00349	0.00110	0.01887	0.00343	0.00300	0.04412
12	0.08021	0.01789	0.07744	0.00736	0.04378	0.09917	0.00586	0.09271	0.10633	0.05262	0.08053	0.11573	0.07865	0.05103	0.02311	0.00140	0.02247	0.01470	0.00292	0.02611
13	0.06705	0.15495	0.07862	0.04629	0.08332	0.16787	0.02516	0.08992	0.07528	0.04173	0.04531	0.01025	0.02475	0.04170	0.00396	0.00114	0.00432	0.00316	0.00238	0.03284

[dist]
# distance from previous block
# <min> <max>
2	33

[block]
# block no. 1 follows, 75 sequences, length 7
# corresponding to MSA columns:
# 314-320
name=unknown_B
#
# <colnr> <probs for GDERKNQSTAVLIFYWHMCP>
#	G	D	E	R	K	N	Q	S	T	A	V	L	I	F	Y	W	H	M	C	P
0	0.02779	0.00826	0.00883	0.02646	0.00987	0.09581	0.02828	0.16452	0.04500	0.06959	0.04281	0.02527	0.00782	0.00475	0.00428	0.07344	0.00363	0.00317	0.00277	0.34766
1	0.00714	0.00351	0.00519	0.00502	0.00531	0.00349	0.00349	0.00603	0.00536	0.07741	0.00734	0.01154	0.00683	0.01327	0.08189	0.74616	0.00372	0.00329	0.00187	0.00212
2	0.00778	0.04024	0.11876	0.00743	0.03732	0.10453	0.00622	0.05579	0.00814	0.01084	0.08896	0.06314	0.03831	0.12461	0.06037	0.02073	0.08301	0.02118	0.00235	0.10031
3	0.02439	0.00594	0.07515	0.00622	0.02716	0.00468	0.07411	0.02145	0.00866	0.07150	0.12221	0.06136	0.42782	0.02619	0.02554	0.00138	0.00295	0.00631	0.00317	0.00383
4	0.02750	0.16814	0.07209	0.02840	0.01014	0.15600	0.02157	0.07423	0.18059	0.01200	0.04378	0.12104	0.03073	0.00528	0.00380	0.00113	0.03210	0.00418	0.00263	0.00467
5	0.07499	0.15940	0.19744	0.00940	0.04653	0.12613	0.09574	0.10014	0.02662	0.01246	0.00677	0.00791	0.00531	0.00364	0.00354	0.00104	0.03535	0.00279	0.03711	0.04769
6	0.02966	0.13110	0.11216	0.04065	0.01060	0.17156	0.04763	0.05012	0.02861	0.02481	0.00885	0.08227	0.02027	0.08723	0.05505	0.00158	0.03439	0.00373	0.00217	0.05755

[dist]
# distance from previous block
# <min> <max>
2	229

[block]
# block no. 2 follows, 75 sequences, length 13
# corresponding to MSA columns:
# 610-622
name=unknown_C
#
# <colnr> <probs for GDERKNQSTAVLIFYWHMCP>
#	G	D	E	R	K	N	Q	S	T	A	V	L	I	F	Y	W	H	M	C	P
0	0.00447	0.00320	0.00426	0.00511	0.00533	0.00298	0.00341	0.00511	0.00703	0.00938	0.02024	0.86853	0.02429	0.01151	0.00469	0.00149	0.00213	0.01044	0.00341	0.00298
1	0.01303	0.01004	0.01027	0.00811	0.01075	0.06430	0.00661	0.67135	0.05499	0.02085	0.00911	0.00937	0.00666	0.00523	0.03450	0.00126	0.00424	0.00332	0.05017	0.00584
2	0.00457	0.00327	0.00430	0.00509	0.00535	0.00307	0.00344	0.00523	0.00705	0.00935	0.02029	0.76910	0.04799	0.05315	0.00537	0.00159	0.00224	0.04324	0.00335	0.00297
3	0.00685	0.00342	0.00342	0.00342	0.00428	0.00342	0.00257	0.00856	0.00770	0.01369	0.01198	0.01369	0.00941	0.00428	0.00257	0.00086	0.00171	0.00342	0.89131	0.00342
4	0.00982	0.87313	0.01925	0.00628	0.00943	0.01453	0.00628	0.01100	0.00746	0.00864	0.00511	0.00589	0.00471	0.00314	0.00236	0.00079	0.00393	0.00196	0.00157	0.00471
5	0.00447	0.00320	0.00426	0.00511	0.00533	0.00298	0.00341	0.00511	0.00703	0.00938	0.02024	0.86853	0.02429	0.01151	0.00469	0.00149	0.00213	0.01044	0.00341	0.00298
6	0.01648	0.00625	0.00852	0.00653	0.00938	0.00540	0.00540	0.01790	0.01051	0.85056	0.01449	0.01250	0.00909	0.00455	0.00369	0.00114	0.00313	0.00369	0.00455	0.00625
7	0.89687	0.00710	0.00540	0.00483	0.00710	0.00824	0.00398	0.01080	0.00625	0.01648	0.00511	0.00597	0.00398	0.00341	0.00227	0.00114	0.00284	0.00199	0.00227	0.00398
8	0.01396	0.01029	0.01102	0.00845	0.01139	0.01139	0.00698	0.83577	0.01727	0.02315	0.00882	0.00882	0.00625	0.00441	0.00367	0.00110	0.00404	0.00331	0.00367	0.00625
9	0.00737	0.01900	0.85189	0.01047	0.01590	0.00853	0.01357	0.01163	0.00775	0.01163	0.00659	0.00775	0.00465	0.00349	0.00349	0.00116	0.00543	0.00271	0.00155	0.00543
10	0.00742	0.00702	0.01188	0.67538	0.20827	0.00829	0.01044	0.00980	0.00757	0.00997	0.00661	0.00964	0.00510	0.00358	0.00366	0.00119	0.00478	0.00327	0.00167	0.00447
11	0.10442	0.00625	0.00808	0.00630	0.00901	0.00561	0.00519	0.01680	0.01008	0.73733	0.04293	0.01237	0.00948	0.00454	0.00357	0.00114	0.00305	0.00363	0.00430	0.00592
12	0.01061	0.00728	0.00818	0.00700	0.00914	0.00786	0.00553	0.14889	0.41896	0.17330	0.09005	0.05029	0.03551	0.00543	0.00383	0.00120	0.00296	0.00452	0.00388	0.00556

[dist]
# distance from previous block
# <min> <max>
0	36

[block]
# block no. 3 follows, 75 sequences, length 30
# corresponding to MSA columns:
# 659-688
name=unknown_D
#
# <colnr> <probs for GDERKNQSTAVLIFYWHMCP>
#	G	D	E	R	K	N	Q	S	T	A	V	L	I	F	Y	W	H	M	C	P
0	0.18181	0.05601	0.01853	0.01726	0.00988	0.00947	0.02518	0.26347	0.12642	0.10290	0.00939	0.05203	0.00741	0.00477	0.00433	0.00120	0.09821	0.00350	0.00306	0.00519
1	0.01035	0.12480	0.01685	0.01185	0.04206	0.05744	0.36640	0.21420	0.01041	0.01371	0.00709	0.00871	0.00551	0.00380	0.00459	0.00116	0.09015	0.00351	0.00224	0.00514
2	0.00791	0.05558	0.05282	0.10998	0.01222	0.06200	0.15433	0.05543	0.04426	0.03823	0.05899	0.19659	0.06556	0.00632	0.01291	0.00130	0.05332	0.00538	0.00261	0.00427
3	0.10540	0.05081	0.66121	0.01013	0.05594	0.00861	0.01184	0.01137	0.00768	0.01215	0.02872	0.00807	0.00544	0.00356	0.00334	0.00114	0.00493	0.00274	0.00171	0.00521
4	0.00677	0.00623	0.01014	0.72510	0.02231	0.00764	0.00923	0.00942	0.04895	0.00968	0.00846	0.10451	0.00735	0.00460	0.00379	0.00125	0.00449	0.00410	0.00193	0.00405
5	0.00741	0.00715	0.01099	0.80304	0.02433	0.05056	0.00998	0.02561	0.00769	0.00963	0.00653	0.00961	0.00491	0.00369	0.00365	0.00121	0.00497	0.00322	0.00168	0.00413
6	0.00990	0.00846	0.01418	0.02033	0.72324	0.00838	0.02480	0.01219	0.02656	0.10437	0.00793	0.00958	0.00629	0.00345	0.00366	0.00110	0.00423	0.00336	0.00216	0.00585
7	0.00737	0.01900	0.85189	0.01047	0.01590	0.00853	0.01357	0.01163	0.00775	0.01163	0.00659	0.00775	0.00465	0.00349	0.00349	0.00116	0.00543	0.00271	0.00155	0.00543
8	0.89687	0.00710	0.00540	0.00483	0.00710	0.00824	0.00398	0.01080	0.00625	0.01648	0.00511	0.00597	0.00398	0.00341	0.00227	0.00114	0.00284	0.00199	0.00227	0.00398
9	0.14722	0.00839	0.00930	0.00723	0.01004	0.00880	0.00597	0.42340	0.01323	0.31419	0.01026	0.00969	0.00691	0.00431	0.00347	0.00112	0.00354	0.00325	0.00377	0.00591
10	0.00653	0.00399	0.00519	0.00497	0.00552	0.00413	0.00343	0.00716	0.00611	0.10047	0.01127	0.01931	0.01138	0.47191	0.31864	0.00414	0.00577	0.00465	0.00239	0.00305
11	0.00434	0.00372	0.00372	0.00372	0.00496	0.00310	0.00279	0.00527	0.00837	0.00992	0.03721	0.03535	0.84652	0.00930	0.00434	0.00124	0.00186	0.00775	0.00341	0.00310
12	0.01372	0.01750	0.01041	0.00946	0.01135	0.85618	0.00710	0.01467	0.01041	0.00899	0.00568	0.00662	0.00473	0.00378	0.00331	0.00095	0.00662	0.00237	0.00189	0.00426
13	0.00892	0.00856	0.01461	0.08699	0.78486	0.00868	0.01119	0.01113	0.00828	0.01180	0.00688	0.00914	0.00575	0.00330	0.00364	0.00110	0.00440	0.00327	0.00180	0.00568
14	0.01396	0.01029	0.01102	0.00845	0.01139	0.01139	0.00698	0.83577	0.01727	0.02315	0.00882	0.00882	0.00625	0.00441	0.00367	0.00110	0.00404	0.00331	0.00367	0.00625
15	0.00447	0.00320	0.00426	0.00511	0.00533	0.00298	0.00341	0.00511	0.00703	0.00938	0.02024	0.86853	0.02429	0.01151	0.00469	0.00149	0.00213	0.01044	0.00341	0.00298
16	0.00463	0.00331	0.00444	0.00530	0.00558	0.00312	0.00369	0.00539	0.00719	0.00955	0.02016	0.77749	0.02394	0.01136	0.00473	0.00151	0.00227	0.09991	0.00341	0.00303
17	0.01580	0.00640	0.00850	0.00662	0.00939	0.00575	0.00544	0.01805	0.08772	0.77294	0.01453	0.01261	0.00929	0.00459	0.00370	0.00115	0.00310	0.00374	0.00447	0.00621
18	0.00447	0.00320	0.00426	0.00511	0.00533	0.00298	0.00341	0.00511	0.00703	0.00938	0.02024	0.86853	0.02429	0.01151	0.00469	0.00149	0.00213	0.01044	0.00341	0.00298
19	0.55142	0.00813	0.00746	0.00614	0.00867	0.00914	0.00507	0.28855	0.01019	0.06478	0.00688	0.00729	0.00502	0.00381	0.00282	0.00112	0.00326	0.00253	0.00287	0.00487
20	0.00976	0.00906	0.00851	0.00767	0.00966	0.12290	0.00592	0.06293	0.63819	0.01460	0.01366	0.05968	0.01079	0.00515	0.00373	0.00121	0.00343	0.00421	0.00347	0.00547
21	0.00511	0.00375	0.00479	0.00453	0.00543	0.00343	0.00340	0.00676	0.01019	0.01424	0.76439	0.02823	0.11664	0.00769	0.00433	0.00116	0.00175	0.00675	0.00398	0.00343
22	0.00446	0.00373	0.00389	0.00385	0.00503	0.00315	0.00288	0.00550	0.00865	0.01059	0.14934	0.03425	0.73397	0.00905	0.00434	0.00123	0.00184	0.00760	0.00350	0.00315
23	0.06137	0.01061	0.01027	0.10226	0.01238	0.19365	0.02529	0.37927	0.04598	0.07238	0.04476	0.00957	0.00725	0.00427	0.00356	0.00110	0.00447	0.00325	0.00302	0.00528
24	0.00815	0.00767	0.01295	0.19040	0.58888	0.00798	0.01019	0.01021	0.00801	0.01118	0.00830	0.10383	0.00766	0.00426	0.00376	0.00116	0.00423	0.00406	0.00196	0.00515
25	0.00447	0.00320	0.00426	0.00511	0.00533	0.00298	0.00341	0.00511	0.00703	0.00938	0.02024	0.86853	0.02429	0.01151	0.00469	0.00149	0.00213	0.01044	0.00341	0.00298
26	0.01413	0.01077	0.01076	0.00841	0.01123	0.10391	0.00687	0.68120	0.01598	0.08653	0.00892	0.00887	0.00630	0.00435	0.00364	0.00109	0.00425	0.00323	0.00355	0.00603
27	0.01150	0.07038	0.13670	0.00836	0.02903	0.03222	0.05745	0.19379	0.02763	0.24826	0.01158	0.07955	0.02404	0.00525	0.01316	0.00122	0.00402	0.03727	0.00319	0.00540
28	0.05786	0.07119	0.14299	0.02146	0.01171	0.05447	0.07165	0.23804	0.10251	0.10517	0.01823	0.05163	0.00763	0.00440	0.00355	0.00112	0.00413	0.00357	0.00291	0.02577
29	0.12256	0.00968	0.02295	0.00889	0.06930	0.06312	0.02398	0.44785	0.10068	0.03538	0.05278	0.00992	0.00787	0.00435	0.00353	0.00112	0.00388	0.00337	0.00323	0.00558

[dist]
# distance from previous block
# <min> <max>
2	38

[block]
# block no. 4 follows, 75 sequences, length 34
# corresponding to MSA columns:
# 727-760
name=unknown_E
#
# <colnr> <probs for GDERKNQSTAVLIFYWHMCP>
#	G	D	E	R	K	N	Q	S	T	A	V	L	I	F	Y	W	H	M	C	P
0	0.00804	0.00804	0.01125	0.00964	0.00964	0.01125	0.00804	0.00884	0.00562	0.00884	0.00482	0.00804	0.00482	0.00643	0.01205	0.00161	0.86420	0.00321	0.00161	0.00402
1	0.00449	0.00371	0.00395	0.00393	0.00507	0.00316	0.00293	0.00555	0.00866	0.01072	0.17530	0.06786	0.67380	0.00908	0.00435	0.00124	0.00185	0.00767	0.00352	0.00316
2	0.00813	0.00708	0.00788	0.00572	0.00892	0.03402	0.00457	0.04982	0.00818	0.01241	0.00661	0.00764	0.00546	0.00284	0.00279	0.00058	0.00292	0.00224	0.00224	0.81994
3	0.00525	0.00392	0.00583	0.00583	0.00645	0.00455	0.00449	0.00651	0.00588	0.00847	0.00991	0.01482	0.00935	0.06183	0.82232	0.00581	0.00958	0.00399	0.00198	0.00324
4	0.00694	0.00653	0.01102	0.86210	0.02530	0.00816	0.01020	0.00938	0.00734	0.00938	0.00653	0.00979	0.00490	0.00367	0.00367	0.00122	0.00490	0.00326	0.00163	0.00408
5	0.00973	0.84352	0.04811	0.00643	0.00965	0.01432	0.00654	0.01102	0.00747	0.00874	0.00516	0.00596	0.00471	0.00315	0.00240	0.00080	0.00398	0.00199	0.00157	0.00474
6	0.01396	0.01029	0.01102	0.00845	0.01139	0.01139	0.00698	0.83577	0.01727	0.02315	0.00882	0.00882	0.00625	0.00441	0.00367	0.00110	0.00404	0.00331	0.00367	0.00625
7	0.00909	0.00873	0.01491	0.02254	0.84801	0.00873	0.01127	0.01127	0.00836	0.01200	0.00691	0.00909	0.00582	0.00327	0.00364	0.00109	0.00436	0.00327	0.00182	0.00582
8	0.00447	0.00320	0.00426	0.00511	0.00533	0.00298	0.00341	0.00511	0.00703	0.00938	0.02024	0.86853	0.02429	0.01151	0.00469	0.00149	0.00213	0.01044	0.00341	0.00298
9	0.00914	0.00789	0.00830	0.00747	0.00955	0.00914	0.00581	0.01952	0.84138	0.01536	0.01495	0.01370	0.01121	0.00498	0.00374	0.00125	0.00291	0.00415	0.00374	0.00581
10	0.00694	0.00653	0.01102	0.86210	0.02530	0.00816	0.01020	0.00938	0.00734	0.00938	0.00653	0.00979	0.00490	0.00367	0.00367	0.00122	0.00490	0.00326	0.00163	0.00408
11	0.00446	0.00333	0.00412	0.00475	0.00521	0.00302	0.00323	0.00516	0.00733	0.00947	0.02429	0.64439	0.22855	0.02819	0.00488	0.00147	0.00209	0.00967	0.00339	0.00300
12	0.00447	0.00320	0.00426	0.00511	0.00533	0.00298	0.00341	0.00511	0.00703	0.00938	0.02024	0.86853	0.02429	0.01151	0.00469	0.00149	0.00213	0.01044	0.00341	0.00298
13	0.00869	0.00986	0.02138	0.01578	0.05439	0.00926	0.79971	0.01174	0.00866	0.01177	0.00741	0.00987	0.00558	0.00310	0.00430	0.00123	0.00611	0.00429	0.00186	0.00499
14	0.00774	0.00664	0.00777	0.00560	0.00878	0.00518	0.00449	0.02462	0.00775	0.01210	0.00653	0.00765	0.00544	0.00284	0.00297	0.00058	0.02438	0.00222	0.00219	0.85453
15	0.01561	0.00693	0.00881	0.00679	0.00957	0.00649	0.00560	0.17761	0.01172	0.65569	0.01328	0.01183	0.00855	0.00451	0.00365	0.00112	0.00325	0.00361	0.03925	0.00614
16	0.00447	0.00320	0.00426	0.00511	0.00533	0.00298	0.00341	0.00511	0.00703	0.00938	0.02024	0.86853	0.02429	0.01151	0.00469	0.00149	0.00213	0.01044	0.00341	0.00298
17	0.01355	0.01025	0.01064	0.00828	0.01108	0.04426	0.00679	0.74898	0.04197	0.02201	0.00900	0.00905	0.00645	0.00440	0.00362	0.00109	0.00403	0.00330	0.03518	0.00605
18	0.86546	0.00747	0.00558	0.00499	0.00725	0.03840	0.00409	0.01093	0.00640	0.01621	0.00513	0.00599	0.00400	0.00342	0.00231	0.00113	0.00298	0.00200	0.00226	0.00399
19	0.04862	0.29715	0.06399	0.03120	0.07375	0.21395	0.04000	0.16812	0.01010	0.01237	0.00630	0.00723	0.00509	0.00359	0.00311	0.00097	0.00478	0.00258	0.00211	0.00498
20	0.08689	0.00979	0.01041	0.00804	0.01092	0.01078	0.00664	0.71954	0.01596	0.07138	0.00885	0.00880	0.00623	0.00433	0.00356	0.00111	0.00389	0.00322	0.00361	0.00606
21	0.00518	0.00372	0.00465	0.00513	0.02545	0.00336	0.00356	0.00615	0.00810	0.04579	0.12801	0.41577	0.28841	0.00977	0.00448	0.00135	0.00213	0.03221	0.00350	0.00330
22	0.00505	0.00375	0.00471	0.00447	0.00540	0.00340	0.00335	0.00665	0.01005	0.01390	0.70754	0.02879	0.17370	0.00782	0.00433	0.00117	0.00175	0.00683	0.00393	0.00340
23	0.01211	0.00866	0.00942	0.00766	0.01017	0.00955	0.00618	0.41933	0.30573	0.10547	0.02817	0.01145	0.00895	0.00468	0.00367	0.00115	0.00342	0.00371	0.03457	0.00594
24	0.00744	0.00565	0.00595	0.00548	0.00707	0.03858	0.00426	0.01105	0.22822	0.10097	0.13757	0.02528	0.35886	0.00724	0.00410	0.00123	0.00250	0.04064	0.00364	0.00426
25	0.00447	0.00341	0.00412	0.00461	0.00521	0.00305	0.00320	0.00527	0.00768	0.00987	0.07305	0.53888	0.30289	0.01053	0.00455	0.00139	0.00202	0.00932	0.00345	0.00305
26	0.00685	0.00342	0.00342	0.00342	0.00428	0.00342	0.00257	0.00856	0.00770	0.01369	0.01198	0.01369	0.00941	0.00428	0.00257	0.00086	0.00171	0.00342	0.89131	0.00342
27	0.00935	0.00784	0.00831	0.00745	0.00955	0.00902	0.00580	0.01947	0.81681	0.04006	0.01494	0.01367	0.01115	0.00497	0.00374	0.00124	0.00291	0.00414	0.00376	0.00583
28	0.00459	0.00373	0.00407	0.00398	0.00511	0.00321	0.00299	0.00575	0.00896	0.01132	0.27178	0.03305	0.61108	0.00878	0.00434	0.00122	0.00182	0.00743	0.00359	0.00321
29	0.00929	0.38319	0.01518	0.00836	0.01011	0.01244	0.04992	0.04525	0.00719	0.02948	0.00548	0.00734	0.00498	0.00470	0.00690	0.00120	0.38997	0.00275	0.00176	0.00452
30	0.04316	0.00553	0.00633	0.00621	0.00754	0.00582	0.00474	0.03644	0.28620	0.02637	0.01692	0.33078	0.03698	0.00792	0.00415	0.00134	0.00268	0.11094	0.00342	0.05650
31	0.28187	0.04275	0.00921	0.16672	0.07122	0.00892	0.00659	0.17197	0.06750	0.03138	0.00734	0.00864	0.00565	0.00428	0.00393	0.03623	0.03948	0.00290	0.02875	0.00467
32	0.09556	0.02988	0.00989	0.00828	0.03987	0.15478	0.06260	0.20825	0.05280	0.09376	0.01910	0.04323	0.03679	0.00467	0.00368	0.00110	0.02099	0.02768	0.03632	0.05079
33	0.05785	0.13629	0.22321	0.00803	0.01106	0.15089	0.01776	0.05202	0.16962	0.03202	0.01899	0.01907	0.04758	0.02453	0.00371	0.00114	0.00435	0.00328	0.00241	0.01620

[dist]
# distance from previous block
# <min> <max>
5	30

[block]
# block no. 5 follows, 75 sequences, length 8
# corresponding to MSA columns:
# 791-798
name=unknown_F
#
# <colnr> <probs for GDERKNQSTAVLIFYWHMCP>
#	G	D	E	R	K	N	Q	S	T	A	V	L	I	F	Y	W	H	M	C	P
0	0.00452	0.00330	0.00426	0.00493	0.00530	0.00304	0.00335	0.00529	0.00747	0.00990	0.09465	0.70854	0.11006	0.01093	0.00462	0.00144	0.00207	0.00983	0.00347	0.00304
1	0.00694	0.00653	0.01102	0.86210	0.02530	0.00816	0.01020	0.00938	0.00734	0.00938	0.00653	0.00979	0.00490	0.00367	0.00367	0.00122	0.00490	0.00326	0.00163	0.00408
2	0.00534	0.00356	0.00401	0.00401	0.00401	0.00356	0.00223	0.00534	0.00534	0.00712	0.01157	0.02403	0.01335	0.87092	0.01869	0.00356	0.00356	0.00534	0.00223	0.00223
3	0.14232	0.00637	0.00808	0.00629	0.00905	0.00580	0.00520	0.01688	0.00990	0.73133	0.01315	0.01157	0.00836	0.00438	0.00349	0.00114	0.00308	0.00345	0.00422	0.00593
4	0.01342	0.00823	0.00938	0.07034	0.01094	0.04881	0.00617	0.36072	0.01258	0.31127	0.01078	0.01167	0.00782	0.09464	0.00523	0.00137	0.00386	0.00361	0.00359	0.00557
5	0.00694	0.00653	0.01102	0.86210	0.02530	0.00816	0.01020	0.00938	0.00734	0.00938	0.00653	0.00979	0.00490	0.00367	0.00367	0.00122	0.00490	0.00326	0.00163	0.00408
6	0.01599	0.00653	0.00864	0.00668	0.00948	0.00588	0.00550	0.05844	0.05198	0.76827	0.01423	0.01238	0.00906	0.00456	0.00369	0.00114	0.00316	0.00370	0.00446	0.00623
7	0.00923	0.00861	0.01422	0.10896	0.70059	0.00886	0.01084	0.07190	0.00891	0.01255	0.00701	0.00914	0.00575	0.00340	0.00364	0.00111	0.00439	0.00327	0.00194	0.00567

[dist]
# distance from previous block
# <min> <max>
3	36

[block]
# block no. 6 follows, 75 sequences, length 11
# corresponding to MSA columns:
# 835-845
name=unknown_G
#
# <colnr> <probs for GDERKNQSTAVLIFYWHMCP>
#	G	D	E	R	K	N	Q	S	T	A	V	L	I	F	Y	W	H	M	C	P
0	0.00485	0.00504	0.08021	0.00482	0.00617	0.00372	0.00408	0.00614	0.00819	0.01045	0.12205	0.14621	0.47874	0.03764	0.03256	0.00150	0.00258	0.03849	0.00323	0.00332
1	0.07135	0.05783	0.34625	0.03433	0.02947	0.08483	0.16411	0.03180	0.02721	0.03806	0.00750	0.01971	0.00593	0.01745	0.00404	0.00120	0.02825	0.02375	0.00197	0.00495
2	0.00929	0.08090	0.28066	0.06696	0.10278	0.05942	0.08108	0.10620	0.06226	0.04624	0.02726	0.03303	0.00712	0.00409	0.00361	0.00114	0.00468	0.01580	0.00227	0.00522
3	0.00578	0.00433	0.00507	0.00554	0.00609	0.04281	0.00390	0.04241	0.00796	0.03678	0.05945	0.69138	0.02251	0.01037	0.00455	0.00143	0.00248	0.04041	0.00342	0.00333
4	0.00825	0.00776	0.01005	0.24025	0.14941	0.11103	0.04815	0.01097	0.10026	0.04383	0.06338	0.14247	0.03787	0.00539	0.00388	0.00120	0.00408	0.00477	0.00253	0.00447
5	0.00903	0.05037	0.03785	0.11725	0.29003	0.03330	0.05409	0.04470	0.03578	0.09548	0.01072	0.07305	0.04702	0.02124	0.02991	0.00136	0.01353	0.02792	0.00243	0.00494
6	0.00736	0.02488	0.17458	0.08347	0.02866	0.00777	0.24946	0.01077	0.10383	0.01132	0.02406	0.13869	0.06551	0.00533	0.00443	0.00127	0.04669	0.00496	0.00234	0.00460
7	0.00581	0.00609	0.08086	0.00555	0.00683	0.07243	0.00456	0.00705	0.00824	0.02816	0.10137	0.33149	0.28095	0.00889	0.00432	0.00131	0.00273	0.03669	0.00320	0.00347
8	0.00777	0.08274	0.39678	0.04853	0.01390	0.00837	0.13058	0.04514	0.00833	0.02689	0.04259	0.01170	0.08190	0.00499	0.02970	0.00130	0.03294	0.00363	0.01736	0.00486
9	0.00902	0.04282	0.33107	0.09674	0.12458	0.02913	0.07050	0.04977	0.07031	0.08889	0.00913	0.02425	0.02940	0.00399	0.00363	0.00116	0.00465	0.00342	0.00224	0.00529
10	0.00825	0.00984	0.10764	0.02879	0.04178	0.00837	0.55122	0.01143	0.04101	0.03068	0.00909	0.06716	0.00763	0.00466	0.02491	0.00137	0.00556	0.03364	0.00211	0.00485

[dist]
# distance from previous block
# <min> <max>
57	310

[block]
# block no. 7 follows, 75 sequences, length 7
# corresponding to MSA columns:
# 1217-1223
name=unknown_H
#
# <colnr> <probs for GDERKNQSTAVLIFYWHMCP>
#	G	D	E	R	K	N	Q	S	T	A	V	L	I	F	Y	W	H	M	C	P
0	0.00457	0.00324	0.00423	0.00499	0.00518	0.00305	0.00328	0.00514	0.00684	0.00912	0.01927	0.77357	0.02306	0.10814	0.00626	0.00172	0.00229	0.00987	0.00328	0.00290
1	0.00904	0.00878	0.01398	0.13300	0.11185	0.04739	0.28403	0.11230	0.13541	0.01304	0.00962	0.08733	0.00809	0.00443	0.00397	0.00121	0.00469	0.00437	0.00247	0.00501
2	0.01044	0.00855	0.01178	0.13701	0.20364	0.02686	0.07206	0.23820	0.12156	0.06901	0.01014	0.01100	0.03703	0.00419	0.00372	0.00115	0.00413	0.00365	0.02043	0.00546
3	0.01117	0.00664	0.00824	0.08359	0.01028	0.00687	0.00572	0.13746	0.18572	0.29056	0.14660	0.06610	0.01375	0.00543	0.00386	0.00119	0.00309	0.00457	0.00383	0.00532
4	0.09262	0.00986	0.01111	0.05598	0.26345	0.12374	0.00796	0.24378	0.10720	0.01533	0.00834	0.02967	0.00664	0.00409	0.00352	0.00111	0.00424	0.00332	0.00264	0.00540
5	0.00794	0.08569	0.06290	0.45520	0.17871	0.00872	0.00964	0.05877	0.00832	0.01104	0.03973	0.01106	0.00692	0.00398	0.00362	0.00116	0.00451	0.03553	0.00194	0.00463
6	0.00649	0.00451	0.00593	0.09226	0.00825	0.00451	0.00463	0.07475	0.00879	0.06905	0.12761	0.41658	0.09494	0.00885	0.00438	0.00135	0.00263	0.05739	0.00341	0.00368

[dist]
# distance from previous block
# <min> <max>
0	99

# created by:
# /usr/local/bin/augustus/scripts/msa2prfl.pl /tmp/new_cug2/kinesin-class-15.fasta
