[name]
unknown

[dist]
# distance from previous block
# <min> <max>
0	599

[block]
# block no. 0 follows, 82 sequences, length 44
# corresponding to MSA columns:
# 1667-1700,1703-1712
name=unknown_A
#
# <colnr> <probs for GDERKNQSTAVLIFYWHMCP>
#	G	D	E	R	K	N	Q	S	T	A	V	L	I	F	Y	W	H	M	C	P
0	0.00518	0.00375	0.00425	0.00419	0.00523	0.00340	0.00313	0.02703	0.02979	0.04906	0.15986	0.16041	0.44530	0.02041	0.00418	0.00120	0.00194	0.02988	0.03859	0.00320
1	0.00874	0.05171	0.22478	0.05391	0.09968	0.05424	0.11887	0.13805	0.02990	0.04851	0.05077	0.01004	0.04171	0.00395	0.00385	0.00108	0.04992	0.00331	0.00219	0.00479
2	0.00838	0.12750	0.10644	0.09988	0.10466	0.09574	0.10401	0.07613	0.04615	0.01058	0.02716	0.01931	0.00653	0.01987	0.04231	0.03161	0.04861	0.01885	0.00193	0.00436
3	0.00724	0.00592	0.03482	0.00674	0.05004	0.03341	0.02304	0.08891	0.13568	0.05364	0.06093	0.17277	0.02280	0.10692	0.10529	0.01873	0.00376	0.04514	0.02034	0.00389
4	0.00852	0.05875	0.10891	0.09956	0.25838	0.15990	0.10822	0.02442	0.02119	0.01033	0.02992	0.03679	0.02932	0.00376	0.00350	0.00104	0.01677	0.00331	0.01286	0.00455
5	0.02455	0.04564	0.13573	0.03053	0.06736	0.05338	0.07677	0.08765	0.08098	0.13894	0.02169	0.05887	0.01834	0.08868	0.01267	0.00135	0.03348	0.01631	0.00253	0.00456
6	0.08594	0.10053	0.35920	0.04013	0.07061	0.02471	0.04143	0.13061	0.00849	0.02890	0.00751	0.04735	0.01628	0.00386	0.00320	0.00106	0.00422	0.01919	0.00201	0.00477
7	0.00737	0.00662	0.04978	0.07421	0.03744	0.06256	0.00540	0.08972	0.12679	0.05721	0.08189	0.13832	0.17882	0.00642	0.00379	0.00117	0.00301	0.06246	0.00298	0.00405
8	0.05573	0.09857	0.11013	0.01985	0.15849	0.01319	0.06936	0.03953	0.01979	0.10536	0.03431	0.11871	0.09971	0.00500	0.00345	0.00108	0.00344	0.01803	0.00246	0.02382
9	0.00821	0.03805	0.18965	0.14256	0.05465	0.10232	0.14034	0.03622	0.03449	0.05916	0.02700	0.05579	0.03955	0.00446	0.01353	0.00115	0.03174	0.01465	0.00207	0.00442
10	0.00521	0.00390	0.00491	0.02181	0.00600	0.00393	0.00387	0.00622	0.01821	0.04125	0.03130	0.25670	0.27788	0.07300	0.03277	0.00160	0.06979	0.13563	0.00294	0.00308
11	0.03233	0.06562	0.06327	0.05131	0.23382	0.20717	0.09709	0.03479	0.02496	0.01034	0.00806	0.00942	0.06144	0.00382	0.00384	0.00103	0.06503	0.00311	0.01907	0.00447
12	0.00826	0.09157	0.31745	0.05331	0.14718	0.02264	0.07999	0.08246	0.03667	0.03992	0.02893	0.02635	0.00644	0.00375	0.00353	0.00107	0.02458	0.01904	0.00198	0.00488
13	0.00749	0.03792	0.13595	0.05925	0.09650	0.02877	0.15379	0.04360	0.01749	0.06803	0.01336	0.05032	0.17669	0.00623	0.06089	0.00140	0.02288	0.00427	0.01087	0.00427
14	0.00460	0.00334	0.00443	0.00480	0.00533	0.00311	0.01961	0.00536	0.00684	0.02731	0.03655	0.57239	0.16079	0.04571	0.05461	0.00165	0.00253	0.03509	0.00306	0.00291
15	0.02389	0.01573	0.03333	0.06381	0.06790	0.00491	0.05145	0.03248	0.03869	0.06868	0.12709	0.14563	0.27378	0.00664	0.00381	0.00114	0.00268	0.01245	0.00293	0.02298
16	0.03799	0.10942	0.17539	0.02769	0.25756	0.06153	0.01845	0.06706	0.03418	0.04660	0.04006	0.04468	0.00697	0.00392	0.00369	0.00105	0.05375	0.00317	0.00204	0.00480
17	0.00731	0.02760	0.40903	0.01163	0.13717	0.03556	0.17160	0.01018	0.00744	0.01053	0.02134	0.07722	0.00663	0.00417	0.01372	0.00116	0.03776	0.00354	0.00173	0.00469
18	0.00726	0.12208	0.71271	0.00923	0.01378	0.02325	0.01152	0.01071	0.00716	0.01035	0.00589	0.00700	0.00435	0.00332	0.00342	0.00105	0.03808	0.00246	0.00145	0.00491
19	0.00900	0.00853	0.04644	0.00778	0.04153	0.12053	0.02749	0.10335	0.33336	0.04623	0.04984	0.06325	0.01008	0.04630	0.01915	0.00130	0.04494	0.01334	0.00288	0.00469
20	0.00738	0.01726	0.07488	0.00892	0.16317	0.03648	0.03443	0.03503	0.00819	0.09960	0.10208	0.16663	0.07710	0.00711	0.03783	0.00135	0.00343	0.11226	0.00277	0.00409
21	0.00641	0.00637	0.04227	0.74300	0.02135	0.00733	0.00902	0.00897	0.04424	0.00907	0.00727	0.06670	0.00601	0.00395	0.00348	0.00116	0.00433	0.00350	0.00171	0.00385
22	0.00670	0.00607	0.00973	0.74231	0.02115	0.00740	0.00876	0.06391	0.00746	0.00960	0.00765	0.06158	0.02556	0.00402	0.00349	0.00115	0.00429	0.00354	0.00178	0.00385
23	0.00762	0.00741	0.05857	0.06942	0.27470	0.05194	0.02509	0.05746	0.07243	0.03251	0.14457	0.04772	0.06580	0.05027	0.01858	0.00126	0.00358	0.00420	0.00247	0.00440
24	0.00476	0.00335	0.00423	0.00485	0.00521	0.01901	0.00330	0.00542	0.00681	0.04138	0.03320	0.79566	0.03949	0.01023	0.00429	0.00136	0.00209	0.00923	0.00320	0.00293
25	0.00738	0.00734	0.01045	0.09904	0.01050	0.01018	0.00769	0.00829	0.00541	0.00829	0.00466	0.00765	0.00450	0.00572	0.01041	0.00146	0.78279	0.00300	0.00150	0.00375
26	0.03732	0.04893	0.09873	0.00841	0.01067	0.62216	0.00698	0.03220	0.00937	0.08586	0.00615	0.00677	0.00478	0.00354	0.00308	0.00092	0.00551	0.00234	0.00199	0.00430
27	0.00764	0.01881	0.25930	0.09977	0.27785	0.00811	0.20129	0.01076	0.04565	0.01085	0.00698	0.02496	0.00551	0.00332	0.00351	0.00109	0.00468	0.00327	0.00172	0.00491
28	0.00482	0.00397	0.00439	0.00494	0.00537	0.06003	0.00342	0.00552	0.00698	0.00892	0.04723	0.65593	0.09810	0.02838	0.01573	0.00142	0.00239	0.03653	0.00306	0.00288
29	0.00790	0.00888	0.01921	0.01388	0.01716	0.00834	0.79038	0.01070	0.00806	0.01091	0.00766	0.01117	0.00615	0.00332	0.00408	0.00118	0.00559	0.05908	0.00182	0.00452
30	0.02665	0.24744	0.50825	0.00849	0.01255	0.04227	0.03084	0.01126	0.06318	0.01032	0.00624	0.00710	0.00476	0.00326	0.00297	0.00099	0.00454	0.00244	0.00162	0.00482
31	0.00422	0.00303	0.00401	0.00478	0.00503	0.00283	0.00325	0.00486	0.00664	0.00881	0.01934	0.81689	0.04979	0.01060	0.00437	0.00139	0.00202	0.04217	0.00317	0.00280
32	0.00778	0.00742	0.01264	0.31385	0.57099	0.00795	0.01015	0.00989	0.00746	0.01034	0.00631	0.00869	0.00512	0.00318	0.00340	0.00106	0.00423	0.00305	0.00163	0.00486
33	0.90395	0.00662	0.00503	0.00450	0.00662	0.00767	0.00370	0.01006	0.00582	0.01535	0.00476	0.00556	0.00370	0.00318	0.00212	0.00106	0.00265	0.00185	0.00212	0.00370
34	0.01265	0.01605	0.00982	0.00919	0.03675	0.83957	0.00673	0.01356	0.00963	0.00846	0.00532	0.00624	0.00444	0.00351	0.00309	0.00089	0.00610	0.00223	0.00176	0.00401
35	0.00420	0.00347	0.00364	0.00373	0.00475	0.00298	0.00279	0.00505	0.00758	0.00913	0.03143	0.07004	0.71428	0.06081	0.00490	0.00132	0.00193	0.06203	0.00311	0.00285
36	0.00646	0.00608	0.01026	0.87156	0.02356	0.00760	0.00950	0.00874	0.00684	0.00874	0.00608	0.00912	0.00456	0.00342	0.00342	0.00114	0.00456	0.00304	0.00152	0.00380
37	0.00484	0.00350	0.00457	0.00430	0.00511	0.00323	0.00323	0.00646	0.00968	0.01372	0.85664	0.02555	0.03228	0.00699	0.00403	0.00108	0.00161	0.00619	0.00377	0.00323
38	0.00495	0.00342	0.00427	0.00427	0.00445	0.00361	0.00274	0.00532	0.00513	0.00703	0.01029	0.01967	0.01126	0.62070	0.27489	0.00398	0.00509	0.00458	0.00200	0.00237
39	0.00636	0.00330	0.00338	0.00338	0.00418	0.00330	0.00252	0.02386	0.00730	0.01266	0.01161	0.06992	0.00963	0.00443	0.00254	0.00084	0.00166	0.00362	0.82230	0.00321
40	0.00646	0.00608	0.01026	0.87156	0.02356	0.00760	0.00950	0.00874	0.00684	0.00874	0.00608	0.00912	0.00456	0.00342	0.00342	0.00114	0.00456	0.00304	0.00152	0.00380
41	0.00451	0.00348	0.00397	0.00393	0.00491	0.00304	0.00293	0.00562	0.00835	0.02359	0.30701	0.10250	0.48658	0.00823	0.00407	0.00115	0.00175	0.01795	0.00339	0.00304
42	0.00673	0.00636	0.01075	0.75592	0.13707	0.00767	0.00964	0.00898	0.00697	0.00907	0.00613	0.00903	0.00468	0.00337	0.00342	0.00112	0.00449	0.00304	0.00154	0.00402
43	0.00769	0.00653	0.00733	0.00548	0.01952	0.04153	0.00429	0.00918	0.00732	0.04500	0.00635	0.00725	0.00518	0.00265	0.00260	0.00055	0.00272	0.00210	0.00210	0.81463

[dist]
# distance from previous block
# <min> <max>
31	71

[block]
# block no. 1 follows, 82 sequences, length 53
# corresponding to MSA columns:
# 2001-2014,2106-2115,2119-2125,2128-2130,2135-2153
name=unknown_B
#
# <colnr> <probs for GDERKNQSTAVLIFYWHMCP>
#	G	D	E	R	K	N	Q	S	T	A	V	L	I	F	Y	W	H	M	C	P
0	0.00634	0.00571	0.00837	0.00763	0.03763	0.02644	0.08992	0.03626	0.01791	0.00929	0.04418	0.07019	0.05294	0.04482	0.32923	0.00293	0.20039	0.00421	0.00206	0.00354
1	0.00902	0.05207	0.07554	0.11479	0.22707	0.08004	0.04699	0.13033	0.08855	0.03467	0.02537	0.00976	0.03663	0.00383	0.00361	0.00104	0.03198	0.00320	0.00223	0.02327
2	0.00497	0.00333	0.00380	0.00380	0.00382	0.00335	0.00215	0.00502	0.00499	0.00668	0.01072	0.02206	0.01229	0.84863	0.04837	0.00340	0.00353	0.00493	0.00206	0.00211
3	0.04840	0.00892	0.09643	0.03178	0.22751	0.01975	0.14131	0.14799	0.05171	0.02971	0.02602	0.03992	0.00677	0.01293	0.01368	0.01001	0.07668	0.00347	0.00220	0.00482
4	0.00496	0.00332	0.00380	0.00381	0.00383	0.00334	0.00217	0.00501	0.00502	0.00671	0.01085	0.03586	0.01247	0.83603	0.04676	0.00336	0.00350	0.00501	0.00208	0.00212
5	0.00915	0.88184	0.01793	0.00585	0.00878	0.01354	0.00585	0.01024	0.00695	0.00805	0.00476	0.00549	0.00439	0.00293	0.00219	0.00073	0.00366	0.00183	0.00146	0.00439
6	0.00797	0.00763	0.01301	0.20285	0.63607	0.00802	0.02224	0.01003	0.00753	0.01057	0.00647	0.00898	0.00539	0.00328	0.00361	0.00106	0.02481	0.01381	0.00167	0.00499
7	0.00443	0.00346	0.00392	0.00382	0.00481	0.00303	0.00286	0.00561	0.00853	0.01114	0.36813	0.04443	0.48618	0.00791	0.00401	0.00112	0.00169	0.00675	0.02516	0.00303
8	0.00497	0.00332	0.00373	0.00373	0.00373	0.00332	0.00207	0.00497	0.00497	0.00663	0.01078	0.02239	0.01244	0.87978	0.01741	0.00332	0.00332	0.00497	0.00207	0.00207
9	0.15147	0.26827	0.06586	0.00737	0.03434	0.06383	0.04011	0.20769	0.06831	0.01339	0.01481	0.00729	0.00540	0.00345	0.00282	0.00094	0.00374	0.00251	0.00225	0.03617
10	0.00742	0.00736	0.07171	0.03401	0.01964	0.00614	0.22853	0.02058	0.04722	0.04545	0.03004	0.01462	0.00887	0.00467	0.01771	0.00110	0.00389	0.15795	0.00231	0.27078
11	0.01745	0.20165	0.09130	0.04928	0.03582	0.11746	0.09328	0.09864	0.08730	0.03565	0.01653	0.02163	0.00648	0.05742	0.02305	0.00124	0.03616	0.00307	0.00211	0.00447
12	0.00990	0.11451	0.14791	0.00805	0.02556	0.05186	0.06386	0.20902	0.08931	0.09603	0.00871	0.02602	0.01528	0.00404	0.00370	0.00104	0.05547	0.00315	0.06168	0.00492
13	0.05410	0.06479	0.03894	0.01998	0.02735	0.05393	0.05319	0.27159	0.32250	0.01531	0.01794	0.02898	0.00777	0.00420	0.00334	0.00107	0.00355	0.00340	0.00294	0.00515
14	0.01278	0.01630	0.00969	0.00881	0.01058	0.86605	0.00661	0.01366	0.00969	0.00837	0.00529	0.00617	0.00441	0.00353	0.00308	0.00088	0.00617	0.00220	0.00176	0.00397
15	0.04519	0.12042	0.16241	0.03391	0.05604	0.03401	0.09827	0.12346	0.09262	0.09031	0.04431	0.02479	0.00734	0.00461	0.03456	0.00119	0.00414	0.00322	0.00240	0.01681
16	0.00811	0.33994	0.30519	0.00820	0.04607	0.01734	0.03927	0.04835	0.02021	0.02660	0.01929	0.04166	0.00626	0.00456	0.03808	0.00115	0.00435	0.01896	0.00180	0.00462
17	0.00439	0.00348	0.00394	0.00383	0.00483	0.00303	0.00287	0.00558	0.00861	0.01117	0.38948	0.02974	0.50103	0.00794	0.00404	0.00112	0.00168	0.00677	0.00343	0.00303
18	0.00497	0.00333	0.00380	0.00380	0.00382	0.00335	0.00216	0.00502	0.00499	0.00668	0.01072	0.02204	0.01229	0.84698	0.05001	0.00340	0.00354	0.00492	0.00206	0.00211
19	0.04217	0.12650	0.34831	0.04352	0.15670	0.03357	0.02721	0.02021	0.00733	0.01055	0.01888	0.04163	0.00583	0.00374	0.00344	0.02138	0.01471	0.00288	0.01971	0.05174
20	0.00692	0.04063	0.83966	0.00965	0.01465	0.00809	0.01246	0.01082	0.00721	0.01076	0.00610	0.00718	0.00433	0.00324	0.00322	0.00107	0.00502	0.00251	0.00144	0.00504
21	0.00437	0.00342	0.00398	0.00398	0.00487	0.00305	0.00293	0.00545	0.00812	0.01056	0.30329	0.12962	0.43435	0.02590	0.03940	0.00138	0.00206	0.00699	0.00330	0.00298
22	0.29855	0.00840	0.02094	0.02590	0.04592	0.00917	0.00583	0.47337	0.01178	0.04780	0.00717	0.00755	0.00520	0.00374	0.00299	0.00104	0.00340	0.00269	0.01351	0.00504
23	0.00811	0.00974	0.06032	0.01379	0.01727	0.03126	0.76095	0.01096	0.00805	0.01089	0.00682	0.00899	0.00512	0.00291	0.00393	0.00113	0.00566	0.00386	0.00173	0.02851
24	0.00420	0.00300	0.00400	0.00480	0.00501	0.00280	0.00323	0.00481	0.00658	0.00876	0.01884	0.85932	0.02256	0.01069	0.00437	0.00139	0.00201	0.02766	0.00317	0.00279
25	0.00451	0.00348	0.00411	0.00396	0.00491	0.00309	0.00297	0.00581	0.00890	0.01186	0.51505	0.02861	0.37502	0.00769	0.00404	0.00111	0.00166	0.00662	0.00352	0.00309
26	0.00803	0.00905	0.01922	0.01411	0.03674	0.00879	0.75597	0.01072	0.00783	0.01073	0.00670	0.00906	0.00514	0.00315	0.00463	0.00118	0.07874	0.00393	0.00171	0.00456
27	0.01178	0.00845	0.00901	0.00706	0.00945	0.00931	0.00578	0.68631	0.03409	0.01991	0.00884	0.00908	0.00642	0.00410	0.00325	0.00099	0.00337	0.00312	0.15429	0.00536
28	0.01326	0.00798	0.00905	0.00699	0.00957	0.00837	0.00576	0.53296	0.01352	0.27857	0.01004	0.00959	0.00684	0.00414	0.00335	0.00102	0.00335	0.00320	0.06681	0.00563
29	0.00415	0.00304	0.00390	0.00459	0.00492	0.00279	0.00310	0.00478	0.00672	0.00880	0.02099	0.76323	0.13557	0.01044	0.00432	0.00136	0.00195	0.00939	0.00318	0.00279
30	0.00902	0.77374	0.05879	0.00615	0.00905	0.04566	0.00616	0.01025	0.00702	0.00819	0.00501	0.00589	0.00454	0.00380	0.03399	0.00093	0.00403	0.00195	0.00149	0.00436
31	0.90395	0.00662	0.00503	0.00450	0.00662	0.00767	0.00370	0.01006	0.00582	0.01535	0.00476	0.00556	0.00370	0.00318	0.00212	0.00106	0.00265	0.00185	0.00212	0.00370
32	0.00611	0.00469	0.00641	0.00604	0.01667	0.00528	0.02945	0.05445	0.09739	0.02168	0.00973	0.01424	0.00902	0.16858	0.50476	0.00404	0.03198	0.00386	0.00216	0.00343
33	0.01259	0.01595	0.00987	0.00934	0.04697	0.82922	0.00678	0.01352	0.00961	0.00849	0.00534	0.00627	0.00445	0.00350	0.00310	0.00089	0.00608	0.00224	0.00176	0.00403
34	0.00484	0.00350	0.00457	0.00430	0.00511	0.00323	0.00323	0.00646	0.00968	0.01372	0.85664	0.02555	0.03228	0.00699	0.00403	0.00108	0.00161	0.00619	0.00377	0.00323
35	0.00659	0.00350	0.00353	0.00345	0.00434	0.00357	0.00261	0.02230	0.04900	0.01297	0.01125	0.01268	0.00880	0.00402	0.00246	0.00082	0.00168	0.00322	0.83986	0.00334
36	0.00429	0.00348	0.00381	0.00375	0.00480	0.00300	0.00282	0.00538	0.00834	0.01053	0.26890	0.03090	0.60908	0.00820	0.00405	0.00114	0.00172	0.01947	0.00334	0.00299
37	0.00495	0.00330	0.00374	0.00377	0.00377	0.00330	0.00211	0.00497	0.00503	0.00671	0.01106	0.05216	0.01279	0.84952	0.01696	0.00325	0.00327	0.00514	0.00211	0.00210
38	0.01463	0.00589	0.00783	0.00610	0.00865	0.00526	0.00501	0.01661	0.07591	0.77730	0.01348	0.01175	0.00863	0.00426	0.00342	0.00106	0.00287	0.00347	0.02213	0.00574
39	0.00489	0.00367	0.00550	0.00550	0.00611	0.00428	0.00428	0.00611	0.00550	0.00794	0.00916	0.01344	0.00855	0.02566	0.86623	0.00550	0.00916	0.00367	0.00183	0.00305
40	0.90395	0.00662	0.00503	0.00450	0.00662	0.00767	0.00370	0.01006	0.00582	0.01535	0.00476	0.00556	0.00370	0.00318	0.00212	0.00106	0.00265	0.00185	0.00212	0.00370
41	0.00807	0.00923	0.02018	0.01442	0.01788	0.00865	0.84602	0.01096	0.00807	0.01096	0.00692	0.00923	0.00519	0.00288	0.00404	0.00115	0.00577	0.00404	0.00173	0.00461
42	0.00851	0.00735	0.00773	0.00696	0.00890	0.00851	0.00541	0.01818	0.85226	0.01431	0.01392	0.01276	0.01044	0.00464	0.00348	0.00116	0.00271	0.00387	0.00348	0.00541
43	0.90395	0.00662	0.00503	0.00450	0.00662	0.00767	0.00370	0.01006	0.00582	0.01535	0.00476	0.00556	0.00370	0.00318	0.00212	0.00106	0.00265	0.00185	0.00212	0.00370
44	0.01300	0.00958	0.01027	0.00787	0.01061	0.01061	0.00650	0.84704	0.01608	0.02156	0.00821	0.00821	0.00582	0.00411	0.00342	0.00103	0.00376	0.00308	0.00342	0.00582
45	0.90395	0.00662	0.00503	0.00450	0.00662	0.00767	0.00370	0.01006	0.00582	0.01535	0.00476	0.00556	0.00370	0.00318	0.00212	0.00106	0.00265	0.00185	0.00212	0.00370
46	0.00847	0.00813	0.01388	0.02100	0.85844	0.00813	0.01050	0.01050	0.00779	0.01118	0.00643	0.00847	0.00542	0.00305	0.00339	0.00102	0.00406	0.00305	0.00169	0.00542
47	0.00873	0.00746	0.00786	0.00701	0.00898	0.00861	0.00547	0.05906	0.81102	0.01467	0.01364	0.01254	0.01021	0.00461	0.00348	0.00115	0.00276	0.00383	0.00348	0.00543
48	0.00509	0.00356	0.00481	0.00477	0.00506	0.00393	0.00334	0.00555	0.00518	0.00723	0.00939	0.01663	0.00977	0.37114	0.41702	0.08957	0.02943	0.00411	0.00189	0.00252
49	0.00851	0.00735	0.00773	0.00696	0.00890	0.00851	0.00541	0.01818	0.85226	0.01431	0.01392	0.01276	0.01044	0.00464	0.00348	0.00116	0.00271	0.00387	0.00348	0.00541
50	0.00551	0.00394	0.00551	0.00630	0.00709	0.00394	0.00551	0.00709	0.00787	0.01024	0.01811	0.03859	0.01969	0.00945	0.00472	0.00157	0.00315	0.83542	0.00315	0.00315
51	0.00922	0.00650	0.00740	0.00644	0.00807	0.00690	0.00501	0.43408	0.01159	0.05530	0.01317	0.37362	0.01333	0.00702	0.00385	0.00119	0.00296	0.02653	0.00335	0.00448
52	0.02366	0.01161	0.02618	0.01808	0.08701	0.38177	0.00721	0.07126	0.02485	0.05181	0.00596	0.00734	0.00493	0.00429	0.00553	0.00111	0.25850	0.00268	0.00195	0.00430

[dist]
# distance from previous block
# <min> <max>
0	1

[block]
# block no. 2 follows, 82 sequences, length 16
# corresponding to MSA columns:
# 2383-2398
name=unknown_C
#
# <colnr> <probs for GDERKNQSTAVLIFYWHMCP>
#	G	D	E	R	K	N	Q	S	T	A	V	L	I	F	Y	W	H	M	C	P
0	0.14025	0.11274	0.19982	0.02231	0.13575	0.09803	0.03625	0.05051	0.07355	0.02571	0.00759	0.00844	0.03634	0.00361	0.00323	0.00102	0.02498	0.00277	0.00200	0.01509
1	0.04300	0.63362	0.01528	0.00642	0.00904	0.17170	0.00589	0.01137	0.06020	0.00877	0.00543	0.00607	0.00475	0.00315	0.00244	0.00080	0.00403	0.00203	0.00167	0.00435
2	0.83602	0.00684	0.00543	0.00476	0.00692	0.00790	0.00392	0.07387	0.00660	0.01582	0.00503	0.00576	0.00387	0.00325	0.00222	0.00106	0.00273	0.00195	0.00222	0.00387
3	0.00473	0.00361	0.00446	0.00482	0.00569	0.00334	0.00389	0.00595	0.00794	0.01013	0.12533	0.11478	0.34550	0.00897	0.00434	0.00133	0.00231	0.33663	0.00324	0.00302
4	0.00418	0.00350	0.00365	0.00370	0.00482	0.00298	0.00284	0.00512	0.00785	0.00943	0.05465	0.03316	0.77188	0.00868	0.00409	0.00119	0.00184	0.07034	0.00319	0.00292
5	0.00738	0.00619	0.00720	0.00534	0.00821	0.00497	0.00431	0.05610	0.03000	0.01177	0.00708	0.00905	0.00606	0.00306	0.00273	0.00061	0.00264	0.04838	0.00221	0.77671
6	0.00813	0.00662	0.04090	0.17508	0.10560	0.00657	0.06730	0.15093	0.00893	0.08984	0.01132	0.20380	0.01085	0.00577	0.00380	0.00120	0.00361	0.09277	0.00266	0.00432
7	0.01108	0.00788	0.00863	0.00714	0.00946	0.00870	0.00573	0.30163	0.43852	0.14496	0.01190	0.01104	0.00856	0.00440	0.00345	0.00110	0.00310	0.00353	0.00357	0.00561
8	0.00543	0.00372	0.00443	0.00446	0.00546	0.00336	0.00336	0.00669	0.03305	0.08251	0.14233	0.21679	0.37002	0.02112	0.00430	0.00126	0.00205	0.08306	0.00334	0.00325
9	0.00925	0.20032	0.10456	0.04122	0.15161	0.12310	0.09000	0.08482	0.02739	0.02683	0.01606	0.00831	0.00560	0.00367	0.00383	0.00102	0.07679	0.01905	0.00190	0.00466
10	0.00681	0.00652	0.01084	0.01096	0.17456	0.00739	0.14572	0.00823	0.00653	0.00935	0.00863	0.14622	0.00870	0.00865	0.13321	0.00192	0.26968	0.03019	0.00194	0.00394
11	0.00418	0.00340	0.00370	0.00384	0.00479	0.00294	0.00284	0.00506	0.00764	0.00938	0.07267	0.16977	0.62751	0.02617	0.00439	0.00125	0.00186	0.04255	0.00318	0.00288
12	0.00494	0.00334	0.00383	0.00382	0.00391	0.00334	0.00222	0.00509	0.00531	0.00712	0.05815	0.02247	0.03095	0.78416	0.04531	0.00322	0.00339	0.00504	0.00218	0.00219
13	0.00977	0.23931	0.12434	0.00880	0.02471	0.18552	0.12348	0.09042	0.05286	0.03593	0.00667	0.02241	0.00541	0.00363	0.00355	0.00098	0.05283	0.00280	0.00197	0.00460
14	0.00753	0.16346	0.04416	0.05069	0.05613	0.04427	0.03645	0.04671	0.08736	0.00949	0.07185	0.01097	0.00824	0.05492	0.00704	0.27520	0.00347	0.00321	0.01537	0.00348
15	0.00682	0.00486	0.00558	0.05375	0.00729	0.00482	0.00409	0.06235	0.14144	0.10187	0.07813	0.04603	0.40476	0.00683	0.00381	0.00114	0.00235	0.03456	0.02565	0.00387

[dist]
# distance from previous block
# <min> <max>
0	9

[block]
# block no. 3 follows, 82 sequences, length 7
# corresponding to MSA columns:
# 2617-2623
name=unknown_D
#
# <colnr> <probs for GDERKNQSTAVLIFYWHMCP>
#	G	D	E	R	K	N	Q	S	T	A	V	L	I	F	Y	W	H	M	C	P
0	0.58575	0.12497	0.04062	0.00600	0.00836	0.11802	0.05306	0.01062	0.00665	0.01306	0.00500	0.00590	0.00399	0.00317	0.00240	0.00100	0.00350	0.00204	0.00194	0.00393
1	0.00661	0.00445	0.00617	0.00718	0.13139	0.04744	0.00434	0.00590	0.00527	0.00694	0.00615	0.01006	0.00592	0.01087	0.05557	0.67533	0.00362	0.00298	0.00155	0.00227
2	0.00866	0.21018	0.19133	0.04977	0.11776	0.08528	0.04879	0.07651	0.05186	0.01079	0.02807	0.00839	0.02120	0.00371	0.00375	0.00102	0.07355	0.00283	0.00188	0.00466
3	0.00481	0.00357	0.00493	0.00493	0.00547	0.00393	0.00366	0.00575	0.00564	0.00782	0.01224	0.01733	0.10098	0.19416	0.60381	0.00459	0.00719	0.00431	0.00203	0.00284
4	0.03038	0.06527	0.18466	0.10454	0.19703	0.04544	0.07015	0.09027	0.06886	0.02878	0.02660	0.00923	0.00623	0.00370	0.00366	0.00107	0.03917	0.01810	0.00203	0.00483
5	0.00439	0.00338	0.00393	0.00406	0.00484	0.00302	0.00294	0.00534	0.00777	0.01002	0.21966	0.19900	0.39880	0.07561	0.00516	0.00137	0.00194	0.04265	0.00323	0.00289
6	0.00792	0.06833	0.12928	0.04943	0.08484	0.05059	0.04053	0.14166	0.03765	0.01116	0.02376	0.01175	0.00757	0.17802	0.09315	0.00193	0.03374	0.00342	0.02113	0.00414

[dist]
# distance from previous block
# <min> <max>
0	230

# created by:
# /usr/local/bin/augustus/scripts/msa2prfl.pl /tmp/new_cug2/kinesin-class-14.fasta
