[name]
unknown

[dist]
# distance from previous block
# <min> <max>
0	633

[block]
# block no. 0 follows, 80 sequences, length 35
# corresponding to MSA columns:
# 4426-4430,4434-4440,4459-4481
name=unknown_A
#
# <colnr> <probs for GDERKNQSTAVLIFYWHMCP>
#	G	D	E	R	K	N	Q	S	T	A	V	L	I	F	Y	W	H	M	C	P
0	0.00877	0.04397	0.03494	0.05878	0.46583	0.05516	0.06898	0.04277	0.04806	0.01112	0.00661	0.00851	0.00547	0.00367	0.00452	0.00111	0.12176	0.00310	0.00184	0.00504
1	0.00763	0.00763	0.01069	0.00916	0.00916	0.01069	0.00763	0.00840	0.00534	0.00840	0.00458	0.00763	0.00458	0.00611	0.01145	0.00153	0.87099	0.00305	0.00153	0.00382
2	0.00498	0.00374	0.00561	0.00561	0.00623	0.00436	0.00436	0.00623	0.00561	0.00810	0.00935	0.01371	0.00872	0.02617	0.86355	0.00561	0.00935	0.00374	0.00187	0.00312
3	0.01565	0.00594	0.00810	0.00621	0.00891	0.00513	0.00513	0.01700	0.00999	0.85803	0.01377	0.01188	0.00864	0.00432	0.00351	0.00108	0.00297	0.00351	0.00432	0.00594
4	0.82135	0.00667	0.00540	0.00474	0.00694	0.00758	0.00390	0.01087	0.00631	0.09232	0.00567	0.00623	0.00422	0.00334	0.00228	0.00108	0.00272	0.00204	0.00236	0.00398
5	0.00887	0.43911	0.17688	0.00956	0.15317	0.05591	0.00804	0.03180	0.03890	0.00991	0.00635	0.03551	0.00552	0.00346	0.00285	0.00092	0.00412	0.00261	0.00173	0.00478
6	0.00494	0.00357	0.00466	0.00439	0.00521	0.00329	0.00329	0.00658	0.00988	0.01399	0.85377	0.02606	0.03292	0.00713	0.00412	0.00110	0.00165	0.00631	0.00384	0.00329
7	0.00748	0.09016	0.71048	0.00968	0.02379	0.02117	0.02611	0.02493	0.03465	0.01107	0.00644	0.00745	0.00468	0.00334	0.00325	0.00107	0.00495	0.00260	0.00159	0.00510
8	0.00498	0.00374	0.00561	0.00561	0.00623	0.00436	0.00436	0.00623	0.00561	0.00810	0.00935	0.01371	0.00872	0.02617	0.86355	0.00561	0.00935	0.00374	0.00187	0.00312
9	0.01160	0.12392	0.01092	0.00841	0.02930	0.43011	0.01815	0.17294	0.08114	0.01162	0.00690	0.00798	0.00566	0.03978	0.00396	0.00106	0.02707	0.00270	0.00224	0.00455
10	0.00563	0.00439	0.00513	0.00476	0.00591	0.00433	0.00362	0.03332	0.14804	0.01337	0.51700	0.02497	0.20208	0.00701	0.00401	0.00113	0.00192	0.00605	0.00366	0.00367
11	0.00850	0.37496	0.31023	0.01656	0.02301	0.05703	0.02729	0.02432	0.06583	0.01015	0.00662	0.02268	0.00541	0.00345	0.00289	0.00095	0.00427	0.00256	0.02855	0.00473
12	0.54343	0.12626	0.01895	0.00625	0.02260	0.16431	0.02101	0.04256	0.00730	0.01339	0.00518	0.00602	0.00415	0.00330	0.00247	0.00100	0.00365	0.00207	0.00203	0.00407
13	0.00688	0.00364	0.00514	0.00511	0.00519	0.00353	0.00340	0.00518	0.00510	0.00688	0.00686	0.01166	0.00680	0.01254	0.01386	0.88788	0.00331	0.00329	0.00179	0.00196
14	0.00427	0.00308	0.00405	0.00482	0.00509	0.00286	0.00326	0.00491	0.00677	0.00896	0.02002	0.81687	0.06456	0.01080	0.00444	0.00141	0.00203	0.02571	0.00324	0.00285
15	0.03858	0.14298	0.13338	0.00947	0.01253	0.03722	0.21080	0.25389	0.02511	0.02381	0.00726	0.03001	0.00571	0.00381	0.00382	0.00107	0.05007	0.00322	0.00229	0.00498
16	0.00864	0.00829	0.01416	0.02142	0.85561	0.00829	0.01071	0.01071	0.00794	0.01140	0.00656	0.00864	0.00553	0.00311	0.00345	0.00104	0.00415	0.00311	0.00173	0.00553
17	0.01303	0.01663	0.00989	0.00899	0.01079	0.86337	0.00674	0.01393	0.00989	0.00854	0.00539	0.00629	0.00449	0.00360	0.00315	0.00090	0.00629	0.00225	0.00180	0.00404
18	0.00876	0.00823	0.01270	0.10794	0.61260	0.04052	0.00968	0.01175	0.11053	0.03189	0.00759	0.00923	0.00610	0.00339	0.00346	0.00106	0.00408	0.00319	0.00200	0.00531
19	0.00921	0.83418	0.06251	0.00618	0.00928	0.01351	0.00633	0.01048	0.00710	0.00836	0.00492	0.00569	0.00447	0.00300	0.00230	0.00077	0.00381	0.00190	0.00149	0.00451
20	0.00734	0.00624	0.00727	0.00522	0.00828	0.00478	0.00418	0.02932	0.00751	0.01168	0.02096	0.00759	0.00567	0.00270	0.00263	0.00054	0.00260	0.00217	0.00213	0.86118
21	0.00443	0.00322	0.00418	0.00470	0.00514	0.00298	0.00328	0.00530	0.00748	0.01001	0.18357	0.59725	0.10410	0.00994	0.00437	0.00134	0.00197	0.04043	0.00336	0.00295
22	0.01358	0.01380	0.01059	0.00905	0.01127	0.46315	0.00700	0.34591	0.04501	0.01492	0.00772	0.00852	0.00607	0.00445	0.00382	0.00113	0.02298	0.00296	0.00281	0.00527
23	0.00843	0.33622	0.45213	0.00817	0.01217	0.03313	0.00953	0.03637	0.00764	0.03568	0.00608	0.00701	0.00472	0.00382	0.02427	0.00108	0.00466	0.00238	0.00165	0.00487
24	0.01167	0.02616	0.00958	0.00825	0.00994	0.48518	0.00640	0.08521	0.06827	0.06936	0.00701	0.00810	0.00567	0.02590	0.01546	0.00114	0.12114	0.00273	0.01281	0.02003
25	0.00442	0.00333	0.00411	0.00451	0.00513	0.00302	0.00324	0.00534	0.00764	0.00997	0.15772	0.44525	0.25914	0.00964	0.00433	0.00131	0.00197	0.06364	0.00333	0.00296
26	0.00481	0.00361	0.00476	0.00490	0.00559	0.00338	0.02843	0.01449	0.02571	0.01070	0.21897	0.45119	0.14243	0.00900	0.00422	0.00127	0.00206	0.02381	0.03754	0.00313
27	0.01003	0.09323	0.21118	0.02503	0.08647	0.11217	0.10197	0.20296	0.05476	0.03985	0.00725	0.00813	0.00545	0.00363	0.00353	0.00105	0.02303	0.00294	0.00223	0.00511
28	0.00470	0.00345	0.00439	0.00479	0.00536	0.00323	0.00344	0.02608	0.00784	0.01045	0.19145	0.50700	0.13098	0.00962	0.00435	0.00133	0.00205	0.07306	0.00337	0.00305
29	0.00440	0.00315	0.00416	0.00490	0.00518	0.00296	0.00337	0.00509	0.00681	0.00905	0.03345	0.73972	0.04468	0.04386	0.00498	0.00150	0.00216	0.07454	0.00320	0.00285
30	0.02821	0.00807	0.00898	0.02197	0.03150	0.02603	0.00584	0.44125	0.05773	0.09784	0.02281	0.04611	0.01907	0.00517	0.03630	0.00117	0.00364	0.00344	0.00316	0.13170
31	0.11611	0.06107	0.09399	0.00838	0.03313	0.13235	0.02678	0.23821	0.08132	0.04013	0.03163	0.02876	0.02336	0.02259	0.01243	0.00129	0.02637	0.00343	0.00286	0.01579
32	0.01269	0.00980	0.03944	0.00798	0.01072	0.01049	0.00675	0.76762	0.01552	0.02098	0.00830	0.00846	0.00594	0.00421	0.00366	0.00105	0.02685	0.00312	0.03066	0.00577
33	0.01045	0.01016	0.10805	0.01842	0.13572	0.05408	0.07761	0.31878	0.15304	0.03848	0.00881	0.02026	0.00664	0.00394	0.00351	0.00108	0.00409	0.00332	0.00275	0.02080
34	0.01135	0.15333	0.04197	0.00925	0.06829	0.55795	0.02908	0.02146	0.00906	0.00902	0.02082	0.00747	0.00542	0.03694	0.00363	0.00100	0.00546	0.00250	0.00180	0.00421

[dist]
# distance from previous block
# <min> <max>
0	5

[block]
# block no. 1 follows, 80 sequences, length 10
# corresponding to MSA columns:
# 4530-4534,4538-4542
name=unknown_B
#
# <colnr> <probs for GDERKNQSTAVLIFYWHMCP>
#	G	D	E	R	K	N	Q	S	T	A	V	L	I	F	Y	W	H	M	C	P
0	0.00951	0.12821	0.15087	0.04979	0.05863	0.10018	0.06006	0.08729	0.04513	0.09525	0.00863	0.00994	0.03304	0.00380	0.00324	0.00098	0.00411	0.02989	0.00229	0.11916
1	0.00607	0.00427	0.00505	0.00498	0.00551	0.01992	0.00346	0.03678	0.01948	0.06230	0.01526	0.27871	0.08465	0.32953	0.03758	0.00222	0.05468	0.02379	0.00273	0.00302
2	0.00502	0.00387	0.00439	0.00430	0.00527	0.00357	0.00318	0.05841	0.00860	0.01112	0.23101	0.13869	0.41173	0.06689	0.00506	0.00134	0.00205	0.02900	0.00333	0.00316
3	0.04939	0.00760	0.01018	0.10302	0.16499	0.03646	0.05884	0.21811	0.02965	0.13742	0.08491	0.06532	0.00954	0.00450	0.00357	0.00110	0.00368	0.00389	0.00287	0.00496
4	0.03366	0.17901	0.19262	0.07614	0.09536	0.02863	0.07896	0.09319	0.08273	0.06711	0.00748	0.00839	0.00567	0.00355	0.00333	0.00104	0.01784	0.00289	0.01744	0.00497
5	0.00528	0.00465	0.05869	0.00533	0.00597	0.00412	0.00409	0.03811	0.00670	0.00905	0.01498	0.40407	0.03078	0.24754	0.03635	0.00207	0.04121	0.07531	0.00271	0.00299
6	0.00513	0.00360	0.00424	0.00431	0.00457	0.00365	0.00275	0.00587	0.04279	0.00793	0.04438	0.10444	0.04478	0.59076	0.08180	0.00304	0.00357	0.03745	0.00241	0.00253
7	0.05009	0.04534	0.07774	0.03621	0.05575	0.18441	0.05532	0.13240	0.03925	0.07263	0.01030	0.01182	0.08153	0.04401	0.01380	0.00121	0.02651	0.02098	0.02132	0.01936
8	0.04968	0.14604	0.10681	0.00742	0.02761	0.19232	0.00643	0.12368	0.03358	0.07218	0.02199	0.08846	0.02350	0.00435	0.00318	0.00097	0.00401	0.00334	0.00240	0.08204
9	0.02963	0.29342	0.15437	0.03596	0.04615	0.05437	0.03455	0.09566	0.04998	0.02316	0.00767	0.07943	0.00684	0.02267	0.01950	0.00113	0.02054	0.00322	0.00206	0.01968

[dist]
# distance from previous block
# <min> <max>
4	31

[block]
# block no. 2 follows, 80 sequences, length 85
# corresponding to MSA columns:
# 4833-4842,4847-4857,4897-4910,5039-5046,5048-5064,5066-5071,5091-5109
name=unknown_C
#
# <colnr> <probs for GDERKNQSTAVLIFYWHMCP>
#	G	D	E	R	K	N	Q	S	T	A	V	L	I	F	Y	W	H	M	C	P
0	0.00888	0.00744	0.00956	0.07968	0.17154	0.04460	0.03494	0.19969	0.11807	0.03221	0.02377	0.06041	0.04884	0.01562	0.00395	0.00121	0.00366	0.12838	0.00281	0.00472
1	0.00565	0.00407	0.00505	0.00548	0.05172	0.00406	0.00340	0.05903	0.00657	0.00883	0.01309	0.23037	0.02432	0.47614	0.03008	0.00251	0.00321	0.04303	0.00251	0.02087
2	0.00753	0.00720	0.01237	0.40579	0.40440	0.00786	0.04763	0.00973	0.00758	0.01032	0.03278	0.00977	0.01494	0.00346	0.00353	0.00110	0.00435	0.00329	0.00173	0.00464
3	0.00885	0.00758	0.00799	0.00714	0.00914	0.00876	0.00557	0.05015	0.81742	0.01488	0.01398	0.01284	0.01047	0.00471	0.00355	0.00118	0.00280	0.00391	0.00355	0.00554
4	0.00947	0.00569	0.00738	0.00618	0.00802	0.00562	0.04290	0.05494	0.19169	0.26344	0.32226	0.03798	0.01806	0.00553	0.00379	0.00112	0.00259	0.00480	0.00379	0.00474
5	0.02477	0.00786	0.00903	0.00705	0.00962	0.00818	0.00578	0.46326	0.03519	0.31359	0.01090	0.04513	0.00776	0.00451	0.00349	0.00107	0.00335	0.00355	0.03020	0.00569
6	0.00986	0.00943	0.01510	0.01159	0.03951	0.06329	0.42275	0.22064	0.06105	0.03584	0.00878	0.01023	0.03144	0.00379	0.00405	0.00114	0.03066	0.01343	0.00243	0.00498
7	0.00738	0.00701	0.01189	0.54274	0.34413	0.00796	0.01008	0.00961	0.00735	0.00987	0.00634	0.00905	0.00499	0.00334	0.00348	0.00111	0.00446	0.00310	0.00162	0.00451
8	0.00757	0.00754	0.01056	0.00907	0.00909	0.01053	0.00755	0.00834	0.00535	0.00839	0.00470	0.00778	0.00468	0.00659	0.03211	0.00163	0.85010	0.00307	0.00154	0.00380
9	0.00813	0.00750	0.01268	0.31514	0.50798	0.00803	0.02516	0.01045	0.02590	0.03567	0.00683	0.00907	0.00542	0.00331	0.00348	0.00109	0.00429	0.00315	0.00178	0.00495
10	0.01828	0.14614	0.63826	0.00971	0.04937	0.00911	0.01134	0.02060	0.00735	0.01070	0.00599	0.00716	0.00449	0.00339	0.00352	0.00107	0.04447	0.00251	0.00152	0.00500
11	0.00820	0.00954	0.03541	0.01454	0.01805	0.00884	0.81599	0.01113	0.00818	0.01113	0.00701	0.00935	0.00527	0.00299	0.00421	0.00118	0.01844	0.00407	0.00176	0.00470
12	0.00502	0.00427	0.00726	0.00677	0.00762	0.00400	0.16623	0.00608	0.00698	0.00935	0.01687	0.70706	0.01963	0.00938	0.00439	0.00137	0.00277	0.00879	0.00295	0.00320
13	0.05582	0.00927	0.00922	0.00964	0.16492	0.19410	0.00646	0.19308	0.06526	0.04390	0.02078	0.01274	0.13741	0.00516	0.02104	0.00116	0.03084	0.01190	0.00263	0.00467
14	0.04405	0.17664	0.03521	0.00716	0.00952	0.06294	0.02113	0.28352	0.16040	0.04290	0.02492	0.05096	0.00790	0.03087	0.01241	0.00115	0.01715	0.00340	0.00280	0.00496
15	0.00425	0.00304	0.00405	0.00486	0.00506	0.00283	0.00324	0.00486	0.00668	0.00891	0.01923	0.87510	0.02308	0.01093	0.00445	0.00142	0.00202	0.00992	0.00324	0.00283
16	0.00493	0.00358	0.00479	0.00550	0.00610	0.00344	0.00436	0.00608	0.00752	0.00980	0.03469	0.36701	0.10057	0.01003	0.00460	0.00148	0.00258	0.41667	0.00324	0.00304
17	0.01021	0.30229	0.11225	0.00928	0.10349	0.15529	0.03539	0.11352	0.07704	0.04001	0.00686	0.00753	0.00543	0.00347	0.00302	0.00094	0.00436	0.00260	0.00208	0.00492
18	0.00815	0.03097	0.07268	0.07258	0.01696	0.06230	0.60702	0.01082	0.00810	0.01065	0.00793	0.02523	0.03393	0.00342	0.00399	0.00115	0.01381	0.00398	0.00180	0.00453
19	0.00425	0.00304	0.00405	0.00486	0.00506	0.00283	0.00324	0.00486	0.00668	0.00891	0.01923	0.87510	0.02308	0.01093	0.00445	0.00142	0.00202	0.00992	0.00324	0.00283
20	0.09073	0.01104	0.17642	0.01989	0.01143	0.07251	0.03457	0.38073	0.02533	0.11818	0.00804	0.00831	0.00568	0.00389	0.00346	0.00107	0.01758	0.00294	0.00284	0.00534
21	0.01118	0.05428	0.01040	0.04116	0.02428	0.13481	0.05907	0.33611	0.06658	0.09149	0.02286	0.06860	0.01991	0.00459	0.00371	0.00107	0.02803	0.00366	0.01321	0.00500
22	0.00896	0.00749	0.00794	0.00709	0.00910	0.00861	0.00553	0.03175	0.81108	0.03969	0.01409	0.01291	0.01052	0.00471	0.00355	0.00118	0.00278	0.00392	0.00357	0.00554
23	0.00820	0.07191	0.31141	0.02495	0.01198	0.13514	0.04970	0.01051	0.02590	0.00959	0.00599	0.00796	0.00499	0.02011	0.04254	0.00141	0.24887	0.00282	0.00163	0.00439
24	0.00724	0.00620	0.00724	0.00517	0.00827	0.00465	0.00413	0.00879	0.00724	0.01137	0.00620	0.00724	0.00517	0.00258	0.00258	0.00052	0.00258	0.00207	0.00207	0.89871
25	0.00749	0.00743	0.01041	0.00897	0.00900	0.01035	0.00745	0.00827	0.00537	0.00840	0.00498	0.02184	0.00502	0.00686	0.03994	0.00166	0.82804	0.00319	0.00157	0.00378
26	0.00507	0.00338	0.00381	0.00381	0.00381	0.00338	0.00211	0.00507	0.00507	0.00677	0.01099	0.02283	0.01268	0.87738	0.01776	0.00338	0.00338	0.00507	0.00211	0.00211
27	0.00517	0.00363	0.00465	0.00436	0.00527	0.00331	0.00328	0.00673	0.00970	0.03768	0.75209	0.02637	0.11018	0.00721	0.00410	0.00110	0.00170	0.00633	0.00380	0.00333
28	0.00659	0.00620	0.01047	0.86899	0.02403	0.00775	0.00969	0.00891	0.00698	0.00891	0.00620	0.00930	0.00465	0.00349	0.00349	0.00116	0.00465	0.00310	0.00155	0.00388
29	0.00650	0.00325	0.00325	0.00325	0.00407	0.00325	0.00244	0.00813	0.00732	0.01301	0.01138	0.01301	0.00894	0.00407	0.00244	0.00081	0.00163	0.00325	0.89675	0.00325
30	0.00412	0.00353	0.00353	0.00353	0.00471	0.00295	0.00265	0.00501	0.00795	0.00943	0.03535	0.03358	0.85420	0.00884	0.00412	0.00118	0.00177	0.00736	0.00324	0.00295
31	0.00426	0.00327	0.00382	0.00423	0.00489	0.00290	0.00296	0.00503	0.00733	0.00934	0.04418	0.46536	0.39078	0.00977	0.00426	0.00129	0.00189	0.00856	0.02297	0.00290
32	0.00724	0.00620	0.00724	0.00517	0.00827	0.00465	0.00413	0.00879	0.00724	0.01137	0.00620	0.00724	0.00517	0.00258	0.00258	0.00052	0.00258	0.00207	0.00207	0.89871
33	0.01294	0.01643	0.00984	0.00895	0.01075	0.84451	0.00671	0.01403	0.02841	0.00867	0.00559	0.00644	0.00463	0.00362	0.00315	0.00091	0.00621	0.00228	0.00184	0.00408
34	0.03208	0.02800	0.00850	0.03306	0.00940	0.36104	0.02418	0.05032	0.10602	0.01020	0.01018	0.23622	0.01018	0.00581	0.00406	0.00113	0.05860	0.00461	0.00244	0.00398
35	0.01802	0.04219	0.20698	0.03041	0.23664	0.06182	0.05622	0.08226	0.03670	0.02194	0.07571	0.05532	0.00919	0.00440	0.00356	0.00110	0.00415	0.04635	0.00223	0.00481
36	0.00854	0.00821	0.01394	0.04489	0.80377	0.00836	0.01058	0.01058	0.00783	0.01123	0.00649	0.00862	0.00547	0.00322	0.00372	0.00106	0.03326	0.00311	0.00172	0.00542
37	0.00839	0.00749	0.01246	0.14571	0.41282	0.00771	0.10443	0.08217	0.00862	0.03544	0.02308	0.02675	0.02570	0.00406	0.00365	0.00112	0.00411	0.05951	0.02188	0.00488
38	0.01140	0.00658	0.00831	0.00623	0.00902	0.00581	0.02343	0.11242	0.00949	0.35952	0.02558	0.00969	0.00719	0.00367	0.00336	0.00086	0.02499	0.00294	0.00317	0.36635
39	0.12194	0.01084	0.02034	0.11806	0.20848	0.22372	0.05659	0.05270	0.00920	0.01250	0.00810	0.03680	0.00707	0.00489	0.00451	0.00136	0.06759	0.01769	0.01243	0.00517
40	0.00859	0.11952	0.04811	0.04297	0.25669	0.07320	0.04248	0.06687	0.13071	0.01166	0.02468	0.02644	0.04835	0.00452	0.00350	0.00109	0.00389	0.07962	0.00234	0.00478
41	0.00497	0.00336	0.00385	0.00395	0.00403	0.00332	0.00231	0.00509	0.00539	0.00714	0.01279	0.11074	0.04213	0.74361	0.01570	0.00307	0.00319	0.02082	0.00229	0.00224
42	0.00993	0.74055	0.01694	0.00644	0.00925	0.13599	0.00609	0.02512	0.00765	0.00849	0.00499	0.00574	0.00450	0.00309	0.00239	0.00077	0.00410	0.00194	0.00157	0.00444
43	0.00844	0.06171	0.01305	0.28666	0.43780	0.06049	0.03317	0.03834	0.00800	0.01059	0.00635	0.00853	0.00513	0.00328	0.00339	0.00105	0.00445	0.00301	0.00172	0.00484
44	0.01921	0.01877	0.04246	0.12546	0.33608	0.12654	0.09032	0.03922	0.03907	0.07053	0.02293	0.02226	0.00636	0.00358	0.00347	0.00105	0.00444	0.00324	0.00209	0.02295
45	0.00425	0.00305	0.00403	0.00481	0.00505	0.00284	0.00322	0.00486	0.00672	0.00892	0.01977	0.84714	0.05069	0.01086	0.00444	0.00141	0.00202	0.00983	0.00324	0.00284
46	0.00460	0.00355	0.00420	0.00403	0.00501	0.00315	0.00303	0.00593	0.00908	0.01210	0.51417	0.02918	0.37370	0.00784	0.00412	0.00113	0.00170	0.00675	0.00359	0.00315
47	0.00427	0.00305	0.00407	0.00484	0.00507	0.00285	0.00324	0.00491	0.00678	0.00906	0.04444	0.84945	0.02337	0.01082	0.00444	0.00141	0.00201	0.00981	0.00326	0.00285
48	0.08433	0.44630	0.13933	0.00768	0.03830	0.08260	0.00727	0.02012	0.00716	0.00958	0.00517	0.00634	0.00448	0.00356	0.00380	0.00096	0.12477	0.00223	0.00161	0.00444
49	0.00969	0.01039	0.02133	0.01552	0.01911	0.00961	0.82509	0.01220	0.00917	0.01257	0.00851	0.01139	0.00668	0.00392	0.00474	0.00144	0.00633	0.00458	0.00227	0.00546
50	0.00425	0.00304	0.00405	0.00486	0.00506	0.00283	0.00324	0.00486	0.00668	0.00891	0.01923	0.87510	0.02308	0.01093	0.00445	0.00142	0.00202	0.00992	0.00324	0.00283
51	0.00676	0.00636	0.01059	0.79633	0.06985	0.00781	0.00962	0.00930	0.03197	0.00922	0.00646	0.00938	0.00488	0.00350	0.00349	0.00116	0.00457	0.00313	0.00162	0.00402
52	0.00645	0.00327	0.00334	0.00334	0.00415	0.00329	0.00251	0.00806	0.00725	0.01282	0.01131	0.01303	0.00893	0.00490	0.03478	0.00099	0.00192	0.00327	0.86314	0.00325
53	0.01303	0.01663	0.00989	0.00899	0.01079	0.86337	0.00674	0.01393	0.00989	0.00854	0.00539	0.00629	0.00449	0.00360	0.00315	0.00090	0.00629	0.00225	0.00180	0.00404
54	0.90202	0.00675	0.00513	0.00459	0.00675	0.00783	0.00378	0.01026	0.00594	0.01565	0.00486	0.00567	0.00378	0.00324	0.00216	0.00108	0.00270	0.00189	0.00216	0.00378
55	0.00494	0.00357	0.00466	0.00439	0.00521	0.00329	0.00329	0.00658	0.00988	0.01399	0.85377	0.02606	0.03292	0.00713	0.00412	0.00110	0.00165	0.00631	0.00384	0.00329
56	0.00425	0.00304	0.00405	0.00486	0.00506	0.00283	0.00324	0.00486	0.00668	0.00891	0.01923	0.87510	0.02308	0.01093	0.00445	0.00142	0.00202	0.00992	0.00324	0.00283
57	0.00700	0.01805	0.85930	0.00994	0.01510	0.00810	0.01289	0.01105	0.00737	0.01105	0.00626	0.00737	0.00442	0.00331	0.00331	0.00110	0.00516	0.00258	0.00147	0.00516
58	0.90202	0.00675	0.00513	0.00459	0.00675	0.00783	0.00378	0.01026	0.00594	0.01565	0.00486	0.00567	0.00378	0.00324	0.00216	0.00108	0.00270	0.00189	0.00216	0.00378
59	0.00412	0.00353	0.00353	0.00353	0.00471	0.00295	0.00265	0.00501	0.00795	0.00943	0.03535	0.03358	0.85420	0.00884	0.00412	0.00118	0.00177	0.00736	0.00324	0.00295
60	0.00663	0.00625	0.01055	0.85063	0.04205	0.00776	0.00971	0.00895	0.00700	0.00897	0.00621	0.00929	0.00467	0.00348	0.00349	0.00116	0.00464	0.00310	0.00155	0.00391
61	0.00413	0.00349	0.00358	0.00364	0.00474	0.00294	0.00270	0.00500	0.00785	0.00938	0.03406	0.10072	0.78789	0.00900	0.00415	0.00120	0.00179	0.00757	0.00324	0.00294
62	0.01324	0.00653	0.00809	0.00648	0.00892	0.00638	0.00526	0.09565	0.20183	0.53916	0.06008	0.01259	0.01019	0.00456	0.00355	0.00110	0.00293	0.00373	0.00404	0.00570
63	0.00808	0.00725	0.01143	0.85095	0.02478	0.00856	0.01023	0.00998	0.00794	0.01036	0.00768	0.01128	0.00605	0.00446	0.00412	0.00143	0.00513	0.00358	0.00206	0.00465
64	0.01131	0.04372	0.31768	0.00836	0.02997	0.00811	0.00848	0.21707	0.03888	0.26791	0.00925	0.00912	0.00629	0.00386	0.00339	0.00107	0.00402	0.00303	0.00290	0.00558
65	0.90202	0.00675	0.00513	0.00459	0.00675	0.00783	0.00378	0.01026	0.00594	0.01565	0.00486	0.00567	0.00378	0.00324	0.00216	0.00108	0.00270	0.00189	0.00216	0.00378
66	0.00500	0.00368	0.00530	0.00530	0.00582	0.00420	0.00398	0.00604	0.00552	0.00788	0.00962	0.01524	0.00939	0.16910	0.72153	0.00523	0.00834	0.00396	0.00191	0.00295
67	0.00724	0.00620	0.00724	0.00517	0.00827	0.00465	0.00413	0.00879	0.00724	0.01137	0.00620	0.00724	0.00517	0.00258	0.00258	0.00052	0.00258	0.00207	0.00207	0.89871
68	0.01438	0.01745	0.01087	0.00993	0.01183	0.84530	0.00734	0.01489	0.01079	0.00999	0.00689	0.00834	0.00590	0.00456	0.00379	0.00117	0.00673	0.00275	0.00230	0.00481
69	0.00688	0.00650	0.01100	0.74669	0.14403	0.00783	0.00984	0.00917	0.00712	0.00927	0.00625	0.00921	0.00478	0.00343	0.00348	0.00114	0.00458	0.00310	0.00158	0.00411
70	0.00613	0.00475	0.00530	0.00546	0.00655	0.00419	0.00411	0.00694	0.02224	0.01147	0.09980	0.13062	0.49072	0.00988	0.00491	0.00155	0.00264	0.17513	0.00376	0.00385
71	0.00760	0.04629	0.05901	0.00591	0.00750	0.00580	0.02587	0.03538	0.18179	0.10197	0.05840	0.10270	0.03754	0.23173	0.00731	0.00172	0.00309	0.03465	0.00289	0.04285
72	0.00507	0.00339	0.00387	0.00387	0.00389	0.00342	0.00219	0.00511	0.00509	0.00681	0.01094	0.02253	0.01255	0.84881	0.04615	0.00346	0.00358	0.00503	0.00211	0.00215
73	0.01945	0.22344	0.14197	0.03124	0.29172	0.02880	0.08008	0.03659	0.00789	0.05166	0.00639	0.00779	0.00513	0.00337	0.00360	0.00102	0.05026	0.00279	0.00181	0.00500
74	0.00828	0.21670	0.48090	0.00934	0.03681	0.06495	0.05464	0.02155	0.02117	0.02477	0.00623	0.00730	0.00476	0.00361	0.01430	0.00107	0.01455	0.00255	0.00163	0.00490
75	0.00507	0.00338	0.00381	0.00381	0.00381	0.00338	0.00211	0.00507	0.00507	0.00677	0.01099	0.02283	0.01268	0.87738	0.01776	0.00338	0.00338	0.00507	0.00211	0.00211
76	0.03290	0.00453	0.00564	0.03445	0.01928	0.03016	0.03167	0.00720	0.00638	0.08184	0.02344	0.05549	0.07901	0.39919	0.15591	0.00290	0.00432	0.00478	0.01786	0.00305
77	0.03062	0.05221	0.16954	0.02832	0.06376	0.01720	0.34213	0.14509	0.02267	0.02496	0.01595	0.00869	0.00555	0.00347	0.00396	0.00111	0.04297	0.00336	0.00206	0.01638
78	0.00727	0.00721	0.02489	0.66068	0.03722	0.04872	0.02343	0.01944	0.08257	0.00965	0.00686	0.00937	0.00522	0.00370	0.00381	0.00116	0.03976	0.00314	0.00177	0.00412
79	0.00651	0.00484	0.00668	0.00662	0.00737	0.00525	0.00502	0.00736	0.00660	0.00956	0.01075	0.01559	0.01003	0.02664	0.84520	0.00578	0.00972	0.00421	0.00237	0.00390
80	0.04700	0.00855	0.03388	0.14133	0.21267	0.04923	0.04874	0.24766	0.01022	0.09392	0.00766	0.00910	0.00579	0.00410	0.00401	0.03854	0.01898	0.01113	0.00247	0.00502
81	0.00425	0.00346	0.00370	0.00379	0.00474	0.00298	0.00275	0.00510	0.00774	0.00951	0.08823	0.14978	0.63195	0.06020	0.00497	0.00134	0.00189	0.00751	0.00322	0.00290
82	0.00426	0.00311	0.00403	0.00475	0.00507	0.00287	0.00323	0.00492	0.00684	0.00899	0.02085	0.77354	0.10729	0.01069	0.00443	0.00140	0.00202	0.02563	0.00324	0.00285
83	0.03212	0.00791	0.00787	0.00675	0.00850	0.11847	0.00534	0.30035	0.04423	0.07842	0.06515	0.09585	0.01021	0.00714	0.08334	0.00150	0.03022	0.01730	0.07477	0.00456
84	0.01857	0.25408	0.04675	0.01122	0.26947	0.07967	0.02492	0.04363	0.01884	0.02857	0.02393	0.00782	0.00575	0.00335	0.00312	0.01392	0.00391	0.00261	0.00190	0.13797

[dist]
# distance from previous block
# <min> <max>
4	21

[block]
# block no. 3 follows, 80 sequences, length 18
# corresponding to MSA columns:
# 5227-5244
name=unknown_D
#
# <colnr> <probs for GDERKNQSTAVLIFYWHMCP>
#	G	D	E	R	K	N	Q	S	T	A	V	L	I	F	Y	W	H	M	C	P
0	0.00946	0.02986	0.04171	0.09041	0.14942	0.14482	0.00706	0.13413	0.03403	0.07631	0.05104	0.08209	0.03878	0.00489	0.00391	0.00110	0.04416	0.02872	0.00254	0.02553
1	0.02416	0.17006	0.05094	0.02924	0.02295	0.34514	0.03905	0.11443	0.05215	0.01067	0.00670	0.00848	0.00572	0.07807	0.00455	0.00116	0.02738	0.00275	0.00204	0.00435
2	0.09056	0.00658	0.02295	0.00739	0.08004	0.03338	0.01457	0.14246	0.06179	0.08975	0.05753	0.09490	0.03412	0.05716	0.10485	0.00176	0.00391	0.03925	0.00282	0.05423
3	0.00839	0.00832	0.01499	0.09070	0.63826	0.00834	0.15793	0.01064	0.00792	0.01115	0.00662	0.00883	0.00541	0.00311	0.00357	0.00107	0.00449	0.00329	0.00172	0.00524
4	0.02349	0.02407	0.08911	0.04245	0.18211	0.04907	0.18560	0.02771	0.16877	0.03467	0.00917	0.08318	0.00776	0.00433	0.00407	0.00116	0.05221	0.00394	0.00228	0.00484
5	0.02696	0.01186	0.00929	0.00829	0.02526	0.45771	0.04059	0.03905	0.11373	0.10315	0.04076	0.02688	0.05004	0.00439	0.00360	0.00102	0.02719	0.00329	0.00252	0.00443
6	0.00804	0.00606	0.07790	0.00499	0.00664	0.00549	0.00434	0.18087	0.05012	0.01477	0.01046	0.01158	0.00802	0.00406	0.00278	0.00090	0.00244	0.00321	0.59326	0.00408
7	0.00764	0.08885	0.55842	0.04018	0.01476	0.00879	0.12483	0.03366	0.06927	0.01130	0.00689	0.00800	0.00505	0.00337	0.00336	0.00109	0.00491	0.00286	0.00172	0.00504
8	0.00522	0.00434	0.00482	0.04122	0.00628	0.03565	0.00369	0.01864	0.03777	0.00953	0.03050	0.28448	0.32617	0.07280	0.01698	0.00148	0.02859	0.03874	0.02999	0.00312
9	0.00437	0.00344	0.00396	0.00423	0.00507	0.00304	0.00313	0.00531	0.00780	0.00982	0.11044	0.26229	0.47581	0.00931	0.00427	0.00127	0.00195	0.07822	0.00330	0.00297
10	0.00527	0.00339	0.00439	0.00477	0.00536	0.00309	0.00334	0.00607	0.00741	0.08179	0.09863	0.62291	0.12087	0.00977	0.00430	0.00133	0.00204	0.00873	0.00339	0.00315
11	0.02160	0.06756	0.01214	0.02553	0.21736	0.07398	0.05848	0.35775	0.04798	0.07168	0.00793	0.00858	0.00593	0.00373	0.00340	0.00103	0.00411	0.00308	0.00270	0.00544
12	0.08442	0.06118	0.09197	0.00707	0.00917	0.09913	0.00617	0.20920	0.05616	0.05529	0.01035	0.03730	0.07886	0.05341	0.01829	0.00130	0.09800	0.00355	0.01469	0.00450
13	0.00610	0.07922	0.03799	0.00533	0.00651	0.00501	0.00419	0.07091	0.05448	0.03827	0.05817	0.45862	0.14505	0.00840	0.00400	0.00124	0.00244	0.00734	0.00312	0.00359
14	0.04967	0.11370	0.06660	0.03949	0.14871	0.11679	0.08963	0.12556	0.00882	0.03471	0.00719	0.04106	0.00618	0.00420	0.00431	0.00110	0.10793	0.02758	0.00210	0.00467
15	0.00493	0.00401	0.00454	0.00524	0.00558	0.06044	0.00363	0.00562	0.00698	0.00898	0.01826	0.76255	0.02164	0.01036	0.00439	0.00139	0.00239	0.06300	0.00314	0.00294
16	0.03635	0.54930	0.05809	0.00667	0.02547	0.05439	0.00617	0.11407	0.00850	0.01065	0.03831	0.04019	0.03147	0.00382	0.00272	0.00088	0.00372	0.00273	0.00198	0.00452
17	0.00946	0.05044	0.06125	0.00801	0.08490	0.00758	0.01480	0.19992	0.10511	0.06996	0.02151	0.02348	0.00688	0.00367	0.00324	0.00089	0.01310	0.00296	0.00265	0.31020

[dist]
# distance from previous block
# <min> <max>
0	2

[block]
# block no. 4 follows, 80 sequences, length 70
# corresponding to MSA columns:
# 5372-5379,5381-5386,5388-5399,5402-5445
name=unknown_E
#
# <colnr> <probs for GDERKNQSTAVLIFYWHMCP>
#	G	D	E	R	K	N	Q	S	T	A	V	L	I	F	Y	W	H	M	C	P
0	0.01920	0.16763	0.19891	0.00853	0.03761	0.14651	0.02294	0.13751	0.13303	0.04234	0.00764	0.00820	0.00586	0.00415	0.01845	0.00110	0.03038	0.00279	0.00227	0.00497
1	0.00674	0.12359	0.00766	0.00567	0.00703	0.00606	0.03079	0.05755	0.13823	0.03067	0.20618	0.26825	0.05239	0.02026	0.00400	0.00119	0.00253	0.00604	0.02128	0.00389
2	0.00501	0.00365	0.00515	0.00515	0.00562	0.00412	0.00380	0.00594	0.00547	0.00776	0.00976	0.01600	0.00972	0.24013	0.65096	0.00505	0.00785	0.00407	0.00193	0.00286
3	0.00850	0.00821	0.01375	0.10145	0.76494	0.02036	0.01056	0.01058	0.00788	0.01112	0.00651	0.00867	0.00543	0.00315	0.00345	0.00105	0.00422	0.00310	0.00171	0.00535
4	0.00464	0.00355	0.00422	0.00406	0.00498	0.00317	0.00302	0.00596	0.00902	0.01208	0.52538	0.02873	0.33500	0.03536	0.00455	0.00120	0.00175	0.00666	0.00356	0.00313
5	0.90202	0.00675	0.00513	0.00459	0.00675	0.00783	0.00378	0.01026	0.00594	0.01565	0.00486	0.00567	0.00378	0.00324	0.00216	0.00108	0.00270	0.00189	0.00216	0.00378
6	0.00820	0.00808	0.00723	0.00740	0.06826	0.21986	0.00515	0.07260	0.12768	0.02205	0.03688	0.22891	0.16030	0.00661	0.00378	0.00115	0.00344	0.00554	0.00286	0.00401
7	0.00963	0.00821	0.00841	0.00733	0.00944	0.03927	0.00576	0.16184	0.67487	0.01567	0.01288	0.01197	0.00961	0.00460	0.00353	0.00115	0.00307	0.00375	0.00348	0.00554
8	0.00864	0.00829	0.01416	0.02142	0.85561	0.00829	0.01071	0.01071	0.00794	0.01140	0.00656	0.00864	0.00553	0.00311	0.00345	0.00104	0.00415	0.00311	0.00173	0.00553
9	0.00431	0.00324	0.00400	0.00444	0.00499	0.00293	0.00309	0.00513	0.00745	0.00974	0.13737	0.53587	0.24505	0.00986	0.00432	0.00131	0.00190	0.00875	0.00332	0.00293
10	0.00504	0.00337	0.00381	0.00384	0.00385	0.00336	0.00215	0.00507	0.00513	0.00684	0.01128	0.05296	0.01305	0.84675	0.01729	0.00331	0.00333	0.00525	0.00215	0.00214
11	0.00506	0.00338	0.00381	0.00383	0.00383	0.00337	0.00214	0.00507	0.00511	0.00681	0.01117	0.04135	0.01291	0.85856	0.01747	0.00334	0.00335	0.00518	0.00214	0.00213
12	0.00826	0.00791	0.01348	0.17751	0.70247	0.00819	0.01052	0.01038	0.00777	0.01094	0.00650	0.00876	0.00537	0.00318	0.00346	0.00106	0.00424	0.00311	0.00169	0.00522
13	0.01441	0.01045	0.00901	0.00746	0.00982	0.33957	0.00590	0.09256	0.01054	0.44992	0.01001	0.00938	0.00677	0.00403	0.00337	0.00101	0.00434	0.00298	0.00326	0.00520
14	0.86002	0.00682	0.00534	0.00472	0.00691	0.00787	0.00389	0.03550	0.00632	0.03031	0.00512	0.00586	0.00393	0.00329	0.00222	0.00108	0.00274	0.00195	0.00224	0.00388
15	0.00491	0.00379	0.00475	0.00481	0.03521	0.00347	0.00342	0.00650	0.02331	0.01268	0.58894	0.02726	0.25321	0.00741	0.00408	0.00112	0.00179	0.00644	0.00360	0.00331
16	0.00425	0.00304	0.00405	0.00486	0.00506	0.00283	0.00324	0.00486	0.00668	0.00891	0.01923	0.87510	0.02308	0.01093	0.00445	0.00142	0.00202	0.00992	0.00324	0.00283
17	0.18578	0.00609	0.00753	0.00590	0.00849	0.00565	0.00487	0.01571	0.00921	0.69635	0.01206	0.01068	0.00770	0.00411	0.00325	0.00108	0.00292	0.00320	0.00390	0.00552
18	0.00891	0.14999	0.14253	0.02388	0.18314	0.14051	0.06404	0.07787	0.03684	0.01114	0.02849	0.01091	0.09896	0.00405	0.00333	0.00101	0.00430	0.00333	0.00208	0.00469
19	0.00430	0.00312	0.00405	0.00478	0.00508	0.00289	0.00325	0.00495	0.00680	0.00896	0.02042	0.76325	0.09232	0.02528	0.00466	0.00144	0.00206	0.03632	0.00322	0.00284
20	0.00700	0.01805	0.85930	0.00994	0.01510	0.00810	0.01289	0.01105	0.00737	0.01105	0.00626	0.00737	0.00442	0.00331	0.00331	0.00110	0.00516	0.00258	0.00147	0.00516
21	0.00891	0.06854	0.19317	0.03593	0.16189	0.01802	0.04907	0.10638	0.05082	0.10693	0.06455	0.07165	0.03985	0.00451	0.00352	0.00109	0.00383	0.00388	0.00253	0.00493
22	0.00693	0.01676	0.07733	0.10410	0.21085	0.00648	0.16672	0.00891	0.00768	0.02846	0.03558	0.19378	0.04712	0.00565	0.00392	0.00121	0.00389	0.06807	0.00230	0.00425
23	0.00755	0.00718	0.01213	0.40822	0.44785	0.00787	0.00998	0.00970	0.00750	0.01020	0.00733	0.00975	0.03275	0.00347	0.00349	0.00110	0.00430	0.00324	0.00170	0.00469
24	0.00868	0.35807	0.35254	0.00830	0.01211	0.01044	0.06544	0.04314	0.05796	0.04337	0.00660	0.00735	0.00509	0.00332	0.00297	0.00097	0.00436	0.00254	0.00181	0.00494
25	0.01805	0.09186	0.13318	0.05402	0.06189	0.04115	0.08873	0.08443	0.01945	0.10465	0.04699	0.14642	0.03743	0.00514	0.00356	0.00111	0.00372	0.01933	0.03439	0.00448
26	0.00812	0.02027	0.01068	0.11212	0.35312	0.00726	0.03952	0.08188	0.06797	0.04070	0.03830	0.05085	0.09444	0.00467	0.00362	0.00111	0.00359	0.02883	0.02821	0.00475
27	0.00428	0.00321	0.00398	0.00452	0.00501	0.00291	0.00313	0.00504	0.00721	0.00937	0.07569	0.60360	0.22792	0.01016	0.00436	0.00134	0.00195	0.02014	0.00328	0.00290
28	0.01034	0.05006	0.01098	0.09498	0.25131	0.17484	0.00766	0.15361	0.06207	0.06869	0.00806	0.01006	0.00653	0.03761	0.00394	0.00113	0.00429	0.02794	0.01100	0.00490
29	0.02826	0.05783	0.08696	0.05487	0.08655	0.09857	0.07667	0.14431	0.13063	0.10070	0.00964	0.02137	0.03165	0.00481	0.03018	0.00122	0.01538	0.01283	0.00260	0.00496
30	0.00563	0.00429	0.00481	0.00465	0.00583	0.00410	0.00357	0.03346	0.08274	0.05025	0.08498	0.10774	0.48846	0.01987	0.00448	0.00125	0.02518	0.06196	0.00331	0.00345
31	0.00593	0.00418	0.00488	0.00475	0.00564	0.00406	0.00350	0.05776	0.04732	0.04664	0.14241	0.10682	0.21856	0.22547	0.00756	0.00178	0.00257	0.10382	0.00312	0.00324
32	0.06662	0.00707	0.02567	0.00638	0.00833	0.00759	0.00512	0.13935	0.44944	0.01489	0.09336	0.02786	0.12280	0.00537	0.00359	0.00115	0.00273	0.00441	0.00339	0.00488
33	0.05488	0.16096	0.09288	0.09439	0.21362	0.08066	0.05380	0.05320	0.01745	0.01064	0.00754	0.05561	0.02418	0.01694	0.00393	0.03280	0.01688	0.00326	0.00190	0.00449
34	0.00465	0.00326	0.00397	0.00435	0.00457	0.00312	0.00279	0.00508	0.00622	0.00823	0.04079	0.40609	0.07965	0.37664	0.01005	0.00223	0.00260	0.03037	0.00278	0.00256
35	0.03675	0.01161	0.02678	0.01140	0.04649	0.31899	0.36164	0.02455	0.04976	0.02498	0.03713	0.00921	0.01715	0.00355	0.00362	0.00106	0.00542	0.00340	0.00203	0.00448
36	0.01386	0.00752	0.00948	0.05245	0.06305	0.00757	0.00627	0.32261	0.01208	0.45169	0.01093	0.01024	0.00724	0.00415	0.00350	0.00107	0.00345	0.00333	0.00371	0.00580
37	0.00641	0.00525	0.00662	0.08571	0.07127	0.03329	0.01336	0.01902	0.07322	0.05253	0.21582	0.10290	0.23483	0.00702	0.01540	0.00123	0.03430	0.01498	0.00305	0.00377
38	0.00695	0.00448	0.00514	0.00462	0.00608	0.00410	0.00357	0.06842	0.03436	0.14946	0.17921	0.06255	0.44280	0.00742	0.00397	0.00115	0.00213	0.00624	0.00355	0.00379
39	0.00720	0.00683	0.01090	0.70077	0.10233	0.02666	0.02045	0.03384	0.02156	0.00964	0.00640	0.00918	0.00488	0.00354	0.00365	0.00115	0.02212	0.00311	0.00167	0.00414
40	0.81810	0.00685	0.00552	0.00483	0.00704	0.00783	0.00398	0.04906	0.00662	0.05673	0.00545	0.00609	0.00411	0.00333	0.00229	0.00108	0.00276	0.00203	0.00233	0.00398
41	0.02847	0.03948	0.00906	0.01849	0.14158	0.22878	0.03726	0.06716	0.01805	0.01067	0.04222	0.02737	0.04633	0.05475	0.05544	0.04749	0.02324	0.01769	0.08247	0.00397
42	0.01854	0.00564	0.00732	0.02519	0.03799	0.03251	0.07850	0.09863	0.05971	0.05926	0.01800	0.30811	0.17720	0.01919	0.00421	0.00127	0.00295	0.03887	0.00305	0.00387
43	0.00790	0.00553	0.00779	0.03999	0.09375	0.00542	0.05788	0.03962	0.10410	0.15119	0.20607	0.09543	0.13368	0.00614	0.00389	0.00116	0.00280	0.03005	0.00329	0.00432
44	0.00659	0.00620	0.01047	0.86899	0.02403	0.00775	0.00969	0.00891	0.00698	0.00891	0.00620	0.00930	0.00465	0.00349	0.00349	0.00116	0.00465	0.00310	0.00155	0.00388
45	0.05543	0.02553	0.01040	0.15775	0.25863	0.02015	0.03348	0.11816	0.05984	0.07571	0.00953	0.08510	0.02595	0.00464	0.01467	0.00116	0.00377	0.00382	0.03151	0.00477
46	0.00856	0.02827	0.15396	0.08422	0.06201	0.08780	0.02734	0.12600	0.05378	0.05511	0.05968	0.06864	0.03700	0.01591	0.04140	0.00134	0.02299	0.04421	0.00250	0.01927
47	0.00552	0.00415	0.00477	0.00473	0.00570	0.00406	0.00350	0.00771	0.13000	0.03673	0.10680	0.14041	0.29923	0.12854	0.03918	0.00171	0.00259	0.06814	0.00317	0.00335
48	0.01809	0.01909	0.06088	0.05274	0.22042	0.13697	0.13473	0.04421	0.12972	0.03844	0.04060	0.04005	0.02562	0.00409	0.00370	0.00109	0.01880	0.00365	0.00230	0.00482
49	0.04152	0.03051	0.07356	0.05879	0.16501	0.12138	0.15344	0.08362	0.03032	0.05891	0.00819	0.04311	0.01675	0.00514	0.04747	0.00133	0.03855	0.01556	0.00217	0.00468
50	0.00847	0.00971	0.13004	0.10788	0.24118	0.03408	0.22376	0.01109	0.03438	0.05477	0.00696	0.00886	0.00540	0.00361	0.00452	0.00115	0.10409	0.00331	0.00185	0.00487
51	0.00452	0.00366	0.00497	0.00504	0.00582	0.00330	0.05624	0.00541	0.00729	0.00932	0.03500	0.47633	0.31654	0.01925	0.00447	0.00134	0.00222	0.03313	0.00314	0.00300
52	0.00914	0.02378	0.05939	0.14373	0.25204	0.03856	0.15794	0.06407	0.00845	0.10208	0.00780	0.01020	0.00616	0.00426	0.02315	0.00123	0.04703	0.03398	0.00213	0.00488
53	0.00780	0.01801	0.15213	0.12029	0.51268	0.00789	0.03624	0.01018	0.00767	0.01086	0.01658	0.01942	0.01900	0.00419	0.02921	0.00122	0.00448	0.01539	0.00175	0.00503
54	0.00521	0.00401	0.00495	0.00533	0.03255	0.00389	0.00378	0.03284	0.01998	0.02874	0.04229	0.35552	0.32161	0.01874	0.01756	0.00139	0.04015	0.05510	0.00313	0.00324
55	0.00844	0.00907	0.05080	0.17814	0.10045	0.05402	0.40423	0.03578	0.02037	0.03767	0.00715	0.01781	0.00553	0.00383	0.01948	0.00123	0.03587	0.00362	0.00188	0.00462
56	0.01461	0.00751	0.00884	0.00715	0.02951	0.06305	0.00569	0.19979	0.01128	0.58256	0.01177	0.01069	0.00769	0.00457	0.01768	0.00113	0.00351	0.00334	0.00387	0.00576
57	0.02347	0.00725	0.00859	0.00680	0.00928	0.00737	0.00554	0.30355	0.10320	0.40270	0.04848	0.03870	0.00937	0.00464	0.00355	0.00109	0.00316	0.00373	0.00387	0.00565
58	0.00808	0.02271	0.02917	0.22077	0.28107	0.00826	0.29631	0.02799	0.00796	0.02561	0.00717	0.03583	0.00581	0.00343	0.00370	0.00112	0.00478	0.00364	0.00182	0.00476
59	0.00535	0.00409	0.02010	0.03044	0.00617	0.00367	0.00372	0.01863	0.02669	0.04438	0.39154	0.15415	0.23650	0.00784	0.00411	0.00118	0.00204	0.03255	0.00347	0.00337
60	0.00429	0.00339	0.00387	0.00413	0.00495	0.00297	0.00299	0.00517	0.00772	0.00971	0.10558	0.30637	0.48308	0.00938	0.00425	0.00126	0.00188	0.03276	0.00329	0.00295
61	0.26148	0.00673	0.00805	0.00751	0.08193	0.00693	0.03189	0.12671	0.03425	0.26900	0.01056	0.06985	0.01737	0.00464	0.00328	0.00113	0.00314	0.04758	0.00313	0.00486
62	0.03202	0.02702	0.09893	0.13902	0.23335	0.09491	0.05112	0.08122	0.10049	0.02597	0.04641	0.00955	0.00698	0.00380	0.00371	0.00109	0.03418	0.00321	0.00217	0.00486
63	0.02997	0.02232	0.00895	0.00763	0.00973	0.24343	0.02353	0.07548	0.40091	0.11006	0.02485	0.01059	0.00841	0.00428	0.00340	0.00107	0.00389	0.00334	0.00306	0.00509
64	0.00504	0.00345	0.00409	0.00426	0.00445	0.00341	0.00274	0.00540	0.00586	0.00776	0.04021	0.09837	0.04167	0.63011	0.01400	0.00283	0.00314	0.11837	0.00245	0.00239
65	0.02344	0.01775	0.07915	0.28405	0.21723	0.06111	0.10565	0.02718	0.05197	0.01957	0.04190	0.02311	0.02346	0.00414	0.00379	0.00121	0.00462	0.00364	0.00215	0.00488
66	0.00829	0.03274	0.02987	0.03141	0.15788	0.04673	0.05293	0.07130	0.15001	0.06745	0.08324	0.12941	0.04627	0.03623	0.00451	0.00123	0.03852	0.00468	0.00277	0.00454
67	0.00518	0.00395	0.00558	0.00555	0.00616	0.00447	0.00426	0.02478	0.00632	0.00889	0.05806	0.12186	0.04412	0.04729	0.57675	0.00424	0.04900	0.01814	0.00225	0.00315
68	0.01103	0.18878	0.03974	0.02505	0.01075	0.35547	0.04855	0.12380	0.00947	0.04051	0.00648	0.02558	0.00541	0.00461	0.03240	0.00113	0.06203	0.00272	0.00205	0.00445
69	0.04144	0.02962	0.31288	0.11147	0.17334	0.03203	0.09125	0.03071	0.05419	0.02084	0.00725	0.02023	0.01402	0.00365	0.00377	0.00112	0.04236	0.00311	0.00183	0.00487

[dist]
# distance from previous block
# <min> <max>
0	7

[block]
# block no. 5 follows, 80 sequences, length 18
# corresponding to MSA columns:
# 5453-5461,5463-5471
name=unknown_F
#
# <colnr> <probs for GDERKNQSTAVLIFYWHMCP>
#	G	D	E	R	K	N	Q	S	T	A	V	L	I	F	Y	W	H	M	C	P
0	0.07472	0.12793	0.18354	0.03233	0.13376	0.17306	0.08040	0.09928	0.04236	0.01183	0.00645	0.00754	0.00504	0.00341	0.00318	0.00101	0.00468	0.00271	0.00195	0.00483
1	0.01123	0.44352	0.01414	0.00735	0.00988	0.31805	0.00634	0.13295	0.00945	0.01033	0.00556	0.00625	0.00470	0.00338	0.00275	0.00084	0.00467	0.00219	0.00189	0.00453
2	0.02347	0.01765	0.04615	0.00612	0.03215	0.01998	0.00494	0.01891	0.00744	0.04584	0.02922	0.03213	0.00653	0.00378	0.02238	0.00080	0.03815	0.00260	0.00218	0.63959
3	0.00606	0.00303	0.00455	0.00455	0.00455	0.00303	0.00303	0.00455	0.00455	0.00606	0.00606	0.01061	0.00606	0.01212	0.01364	0.89848	0.00303	0.00303	0.00152	0.00152
4	0.00518	0.00350	0.00453	0.00467	0.00493	0.00362	0.00322	0.00559	0.00570	0.00772	0.02974	0.05667	0.01304	0.44508	0.20049	0.08436	0.00454	0.11271	0.00223	0.00248
5	0.01031	0.05666	0.07195	0.08719	0.30136	0.27586	0.00865	0.06967	0.02028	0.04395	0.00673	0.00830	0.00541	0.00354	0.00331	0.00101	0.00481	0.01420	0.00197	0.00485
6	0.00434	0.00312	0.00412	0.00485	0.00515	0.00291	0.00332	0.00504	0.00693	0.00923	0.05853	0.76832	0.05483	0.01062	0.00444	0.00140	0.00205	0.04465	0.00327	0.00288
7	0.00540	0.00363	0.00467	0.00461	0.00510	0.00374	0.00320	0.00608	0.00603	0.04643	0.05388	0.06254	0.08077	0.38155	0.31334	0.00368	0.00519	0.00502	0.00236	0.00280
8	0.00648	0.00501	0.00606	0.00584	0.02988	0.02581	0.02534	0.09329	0.05408	0.02934	0.24048	0.12668	0.14937	0.06457	0.03800	0.00150	0.00284	0.06679	0.02498	0.00365
9	0.00881	0.06179	0.01347	0.16183	0.25021	0.06059	0.15495	0.02814	0.06148	0.04887	0.00702	0.00886	0.00557	0.00371	0.00446	0.00113	0.10919	0.00322	0.00194	0.00476
10	0.00492	0.00353	0.00427	0.00444	0.00527	0.00317	0.00329	0.00593	0.00797	0.04257	0.18564	0.26711	0.33242	0.03286	0.00463	0.00132	0.00204	0.08216	0.00336	0.00310
11	0.00825	0.00796	0.01373	0.09085	0.62906	0.00808	0.08829	0.01073	0.04593	0.01123	0.00750	0.03418	0.00642	0.00354	0.00358	0.00109	0.00421	0.01833	0.00187	0.00519
12	0.00724	0.00620	0.00724	0.00517	0.00827	0.00465	0.00413	0.00879	0.00724	0.01137	0.00620	0.00724	0.00517	0.00258	0.00258	0.00052	0.00258	0.00207	0.00207	0.89871
13	0.00512	0.00378	0.00536	0.05040	0.00688	0.00372	0.03585	0.00635	0.04094	0.03000	0.03449	0.63337	0.02012	0.05079	0.00498	0.00147	0.00249	0.05768	0.00309	0.00314
14	0.00425	0.00313	0.00398	0.00463	0.00501	0.00286	0.00314	0.00493	0.00697	0.00913	0.04399	0.71546	0.15877	0.01049	0.00439	0.00137	0.00197	0.00941	0.00326	0.00286
15	0.06173	0.10176	0.29516	0.00765	0.01086	0.07357	0.00792	0.11136	0.05124	0.12248	0.04171	0.01125	0.04171	0.00427	0.00331	0.00107	0.00403	0.04153	0.00250	0.00488
16	0.06793	0.20232	0.08989	0.00723	0.00990	0.13173	0.00649	0.24439	0.08222	0.05310	0.04399	0.00917	0.02918	0.00400	0.00311	0.00099	0.00393	0.00293	0.00259	0.00491
