[name]
unknown

[dist]
# distance from previous block
# <min> <max>
0	10

[block]
# block no. 0 follows, 100 sequences, length 12
# corresponding to MSA columns:
# 10-21
name=unknown_A
#
# <colnr> <probs for GDERKNQSTAVLIFYWHMCP>
#	G	D	E	R	K	N	Q	S	T	A	V	L	I	F	Y	W	H	M	C	P
0	0.00788	0.00601	0.00740	0.04451	0.02245	0.01732	0.04009	0.31089	0.07175	0.06315	0.04731	0.09020	0.00866	0.06921	0.00459	0.00112	0.09017	0.06384	0.00248	0.03097
1	0.00406	0.00288	0.00384	0.00397	0.00422	0.00307	0.00273	0.00459	0.00468	0.00646	0.00997	0.19264	0.01094	0.35433	0.37501	0.00326	0.00466	0.00458	0.00187	0.00223
2	0.00684	0.31727	0.45938	0.00662	0.00986	0.00789	0.00772	0.00901	0.00617	0.06975	0.00604	0.07029	0.00507	0.00319	0.00253	0.00084	0.00357	0.00244	0.00151	0.00401
3	0.00617	0.00407	0.00524	0.00463	0.02226	0.00379	0.02226	0.08375	0.02014	0.12972	0.45609	0.06144	0.08997	0.00523	0.00322	0.00089	0.00190	0.00455	0.00298	0.07172
4	0.80659	0.00583	0.00436	0.00393	0.00563	0.05054	0.00319	0.00857	0.00520	0.01259	0.00446	0.00519	0.00349	0.00276	0.00186	0.00088	0.00234	0.00167	0.06780	0.00313
5	0.00831	0.00637	0.00686	0.00589	0.00769	0.00714	0.00466	0.17298	0.61063	0.08781	0.01152	0.01065	0.03832	0.00395	0.00296	0.00096	0.00245	0.00323	0.00300	0.00462
6	0.00594	0.00648	0.07023	0.61397	0.07121	0.06493	0.01983	0.00794	0.02674	0.00780	0.00594	0.06061	0.00494	0.00331	0.00304	0.00096	0.01845	0.00287	0.00144	0.00339
7	0.00534	0.00274	0.00284	0.00284	0.00351	0.00277	0.00214	0.00667	0.00600	0.01057	0.00937	0.01088	0.00744	0.00461	0.06093	0.00094	0.00178	0.00274	0.85318	0.00270
8	0.00505	0.00253	0.00379	0.00379	0.00379	0.00253	0.00253	0.00379	0.00379	0.00505	0.00505	0.00884	0.00505	0.01010	0.01136	0.91540	0.00253	0.00253	0.00126	0.00126
9	0.00406	0.00316	0.00432	0.00425	0.00487	0.00331	0.01740	0.00502	0.00569	0.00779	0.11956	0.11999	0.20076	0.02687	0.40881	0.00272	0.03250	0.00463	0.02168	0.00259
10	0.00660	0.00540	0.00712	0.04825	0.00826	0.00442	0.07348	0.00823	0.03358	0.07091	0.00588	0.00668	0.00464	0.00237	0.00237	0.00055	0.00249	0.00204	0.00185	0.70486
11	0.00857	0.56693	0.01276	0.00580	0.00792	0.12209	0.00526	0.14762	0.00733	0.00874	0.00455	0.00526	0.00394	0.00294	0.00279	0.00073	0.07955	0.00185	0.00155	0.00383

[dist]
# distance from previous block
# <min> <max>
0	1

[block]
# block no. 1 follows, 100 sequences, length 12
# corresponding to MSA columns:
# 23-34
name=unknown_B
#
# <colnr> <probs for GDERKNQSTAVLIFYWHMCP>
#	G	D	E	R	K	N	Q	S	T	A	V	L	I	F	Y	W	H	M	C	P
0	0.00720	0.10247	0.25344	0.03952	0.31274	0.02693	0.10014	0.05283	0.03889	0.03027	0.00572	0.00687	0.00443	0.00275	0.00280	0.00087	0.00378	0.00247	0.00154	0.00431
1	0.00553	0.00716	0.21251	0.00699	0.03372	0.03498	0.14613	0.02001	0.00651	0.03891	0.09235	0.31115	0.03936	0.00541	0.00345	0.00102	0.02446	0.00490	0.00212	0.00336
2	0.87487	0.00574	0.00449	0.00396	0.00579	0.00664	0.00326	0.04983	0.00537	0.01330	0.00419	0.00483	0.00323	0.00274	0.00185	0.00090	0.00229	0.00162	0.00185	0.00323
3	0.00505	0.00253	0.00379	0.00379	0.00379	0.00253	0.00253	0.00379	0.00379	0.00505	0.00505	0.00884	0.00505	0.01010	0.01136	0.91540	0.00253	0.00253	0.00126	0.00126
4	0.00375	0.00297	0.00328	0.00332	0.00414	0.00262	0.00246	0.00477	0.02445	0.00878	0.19997	0.12637	0.54408	0.00709	0.00342	0.00099	0.00151	0.02150	0.03196	0.00256
5	0.70023	0.00579	0.00520	0.00435	0.00631	0.00637	0.02448	0.07168	0.00589	0.05249	0.00475	0.00533	0.00361	0.00274	0.00201	0.00085	0.00238	0.00177	0.00195	0.09184
6	0.14222	0.00438	0.00512	0.00433	0.00584	0.00429	0.00345	0.04123	0.05190	0.31885	0.26240	0.01264	0.01253	0.00414	0.00280	0.00088	0.00200	0.00339	0.11387	0.00375
7	0.00642	0.01199	0.56881	0.02008	0.09041	0.03452	0.02938	0.02602	0.08132	0.03270	0.05164	0.00795	0.01963	0.00313	0.00286	0.00092	0.00382	0.00257	0.00163	0.00422
8	0.00396	0.00295	0.00368	0.00354	0.00426	0.00267	0.00264	0.00516	0.00779	0.01072	0.67246	0.06431	0.19239	0.00637	0.00344	0.00094	0.00141	0.00557	0.00308	0.00267
9	0.00672	0.00589	0.00782	0.00800	0.15911	0.00628	0.07600	0.08139	0.38463	0.01139	0.10553	0.03173	0.09425	0.00421	0.00309	0.00095	0.00259	0.00372	0.00256	0.00412
10	0.00880	0.06503	0.06635	0.02325	0.35116	0.02484	0.02684	0.28385	0.00893	0.08161	0.00656	0.02817	0.00512	0.00313	0.00285	0.00087	0.00336	0.00267	0.00208	0.00455
11	0.00776	0.00866	0.00736	0.02327	0.09957	0.39385	0.01973	0.00866	0.00699	0.01873	0.04542	0.08201	0.10212	0.02476	0.01851	0.00101	0.10129	0.00330	0.02375	0.00323

[dist]
# distance from previous block
# <min> <max>
30	64

[block]
# block no. 2 follows, 100 sequences, length 28
# corresponding to MSA columns:
# 99-126
name=unknown_C
#
# <colnr> <probs for GDERKNQSTAVLIFYWHMCP>
#	G	D	E	R	K	N	Q	S	T	A	V	L	I	F	Y	W	H	M	C	P
0	0.00512	0.00387	0.00499	0.00435	0.00557	0.00354	0.06980	0.05441	0.00717	0.08215	0.09540	0.09486	0.50875	0.00633	0.00350	0.00098	0.02224	0.00540	0.00269	0.01887
1	0.00449	0.03987	0.00463	0.01986	0.04211	0.00326	0.00333	0.00541	0.02132	0.04493	0.13703	0.59571	0.01809	0.00764	0.00351	0.00109	0.00190	0.04039	0.00267	0.00274
2	0.00673	0.05048	0.73646	0.00786	0.01179	0.04412	0.00975	0.00971	0.00640	0.08221	0.00566	0.00636	0.00398	0.00283	0.00273	0.00090	0.00414	0.00218	0.00144	0.00429
3	0.01138	0.01763	0.00752	0.00591	0.00802	0.09310	0.00480	0.27369	0.10117	0.41445	0.02596	0.00882	0.00670	0.00357	0.00289	0.00088	0.00294	0.00279	0.00308	0.00470
4	0.08437	0.00583	0.00629	0.00539	0.00706	0.04200	0.01971	0.06154	0.38300	0.15308	0.14794	0.01154	0.02502	0.00401	0.00291	0.00092	0.00238	0.00331	0.00287	0.03083
5	0.08298	0.15522	0.55811	0.00765	0.03464	0.04498	0.02336	0.00908	0.00605	0.00898	0.00486	0.00581	0.00369	0.00281	0.00283	0.00088	0.04071	0.00204	0.00130	0.00403
6	0.00777	0.89956	0.01524	0.00498	0.00746	0.01150	0.00498	0.00871	0.00591	0.00684	0.00404	0.00466	0.00373	0.00249	0.00187	0.00062	0.00311	0.00155	0.00124	0.00373
7	0.00354	0.00253	0.00337	0.00405	0.00422	0.00236	0.00270	0.00405	0.00557	0.00742	0.01603	0.89592	0.01923	0.00911	0.00371	0.00118	0.00169	0.00827	0.00270	0.00236
8	0.00723	0.00625	0.00657	0.00592	0.00756	0.00723	0.00460	0.01545	0.87442	0.01216	0.01183	0.01085	0.00888	0.00394	0.00296	0.00099	0.00230	0.00329	0.00296	0.00460
9	0.00974	0.00829	0.07385	0.00647	0.00864	0.09114	0.00549	0.40021	0.23173	0.10383	0.00836	0.00827	0.00608	0.02064	0.00311	0.00093	0.00317	0.00274	0.00271	0.00460
10	0.00354	0.00253	0.00337	0.00405	0.00422	0.00236	0.00270	0.00405	0.00557	0.00742	0.01603	0.89592	0.01923	0.00911	0.00371	0.00118	0.00169	0.00827	0.00270	0.00236
11	0.01063	0.00789	0.00850	0.00649	0.00884	0.00859	0.00535	0.79762	0.01303	0.01758	0.00683	0.00690	0.00489	0.00338	0.00285	0.00084	0.00311	0.00254	0.00281	0.08133
12	0.00487	0.00417	0.00605	0.00563	0.00598	0.00534	0.00452	0.00578	0.00460	0.00683	0.00650	0.00978	0.00615	0.01639	0.60201	0.00357	0.29465	0.00293	0.00147	0.00279
13	0.00354	0.00253	0.00337	0.00405	0.00422	0.00236	0.00270	0.00405	0.00557	0.00742	0.01603	0.89592	0.01923	0.00911	0.00371	0.00118	0.00169	0.00827	0.00270	0.00236
14	0.01086	0.01386	0.00824	0.00749	0.00899	0.88614	0.00562	0.01161	0.00824	0.00712	0.00449	0.00524	0.00375	0.00300	0.00262	0.00075	0.00524	0.00187	0.00150	0.00337
15	0.00583	0.01504	0.88275	0.00829	0.01258	0.00675	0.01074	0.00921	0.00614	0.00921	0.00522	0.00614	0.00368	0.00276	0.00276	0.00092	0.00430	0.00215	0.00123	0.00430
16	0.00603	0.00517	0.00603	0.00431	0.00689	0.00388	0.00345	0.00732	0.00603	0.00947	0.00517	0.00603	0.00431	0.00215	0.00215	0.00043	0.00215	0.00172	0.00172	0.91559
17	0.01241	0.00580	0.00726	0.00558	0.00784	0.00557	0.00461	0.23628	0.02747	0.63982	0.01031	0.00916	0.00665	0.00358	0.00292	0.00089	0.00266	0.00285	0.00341	0.00494
18	0.00406	0.00297	0.00381	0.00360	0.00431	0.00272	0.00270	0.00538	0.00810	0.01135	0.80800	0.02224	0.09778	0.00606	0.00343	0.00092	0.00138	0.00533	0.00316	0.00272
19	0.00358	0.00256	0.00341	0.00409	0.00427	0.00239	0.00276	0.00411	0.00560	0.00746	0.01601	0.86900	0.01915	0.00908	0.00372	0.00119	0.00172	0.03483	0.00270	0.00237
20	0.00775	0.00872	0.00930	0.00792	0.00858	0.27188	0.06828	0.00855	0.00576	0.00720	0.00417	0.00613	0.00384	0.00427	0.00703	0.00109	0.56247	0.00241	0.00135	0.00329
21	0.01234	0.00540	0.00696	0.00536	0.00756	0.00500	0.00442	0.15712	0.00921	0.70058	0.04711	0.00990	0.00767	0.00368	0.00294	0.00090	0.00255	0.00297	0.00347	0.00486
22	0.00347	0.00293	0.00300	0.00301	0.00395	0.00246	0.00225	0.00422	0.00666	0.00800	0.06392	0.05313	0.81839	0.00736	0.00344	0.00098	0.00147	0.00616	0.00272	0.00246
23	0.08340	0.00657	0.01076	0.13213	0.69266	0.00682	0.00833	0.00869	0.00637	0.00952	0.00531	0.00706	0.00439	0.00264	0.00279	0.00088	0.00341	0.00250	0.00145	0.00430
24	0.00584	0.00606	0.13201	0.00724	0.07168	0.00474	0.14362	0.00792	0.07140	0.07956	0.08853	0.27007	0.02977	0.00544	0.00334	0.00103	0.00285	0.06308	0.00234	0.00348
25	0.00549	0.00517	0.00872	0.89083	0.02003	0.00646	0.00807	0.00743	0.00581	0.00743	0.00517	0.00775	0.00388	0.00291	0.00291	0.00097	0.00388	0.00258	0.00129	0.00323
26	0.00416	0.00309	0.00455	0.00455	0.00502	0.00357	0.00348	0.00511	0.00464	0.00666	0.00790	0.01206	0.00755	0.09529	0.81319	0.00452	0.00737	0.00321	0.00157	0.00253
27	0.04367	0.00684	0.00801	0.00661	0.03221	0.01785	0.04159	0.50247	0.02722	0.15293	0.00871	0.07550	0.00699	0.00409	0.00301	0.00093	0.00299	0.05105	0.00283	0.00448

[dist]
# distance from previous block
# <min> <max>
0	1

[block]
# block no. 3 follows, 100 sequences, length 23
# corresponding to MSA columns:
# 128-150
name=unknown_D
#
# <colnr> <probs for GDERKNQSTAVLIFYWHMCP>
#	G	D	E	R	K	N	Q	S	T	A	V	L	I	F	Y	W	H	M	C	P
0	0.02756	0.06619	0.06609	0.04386	0.08538	0.08506	0.51831	0.03378	0.00697	0.00922	0.00575	0.00774	0.00454	0.00271	0.00312	0.00093	0.00446	0.02292	0.00151	0.00390
1	0.04172	0.00416	0.00550	0.01681	0.14326	0.02159	0.00411	0.05295	0.00612	0.02788	0.01182	0.50273	0.01333	0.08127	0.00459	0.00123	0.04080	0.01484	0.00232	0.00297
2	0.02524	0.05647	0.04325	0.00727	0.00901	0.55433	0.09342	0.04690	0.00785	0.00821	0.02536	0.04546	0.03995	0.00343	0.00275	0.00081	0.00446	0.00259	0.01980	0.00344
3	0.00344	0.00295	0.00295	0.00295	0.00393	0.00245	0.00221	0.00417	0.00663	0.00785	0.02946	0.02798	0.87850	0.00736	0.00344	0.00098	0.00147	0.00614	0.00270	0.00245
4	0.00415	0.00312	0.00467	0.00467	0.00519	0.00363	0.00363	0.00519	0.00467	0.00675	0.00779	0.01142	0.00727	0.02181	0.88629	0.00467	0.00779	0.00312	0.00156	0.00260
5	0.00734	0.00630	0.00664	0.00594	0.00760	0.00728	0.00463	0.04032	0.84937	0.01234	0.01169	0.01074	0.00876	0.00393	0.00296	0.00098	0.00233	0.00327	0.00296	0.00461
6	0.00416	0.00310	0.00461	0.00461	0.00511	0.00360	0.00356	0.00515	0.00466	0.00671	0.00784	0.01173	0.00740	0.05670	0.85158	0.00460	0.00759	0.00316	0.00157	0.00256
7	0.01105	0.00814	0.00873	0.00669	0.00902	0.00902	0.00553	0.86998	0.01367	0.01832	0.00698	0.00698	0.00494	0.00349	0.00291	0.00087	0.00320	0.00262	0.00291	0.00494
8	0.91835	0.00562	0.00427	0.00382	0.00562	0.00652	0.00315	0.00855	0.00495	0.01305	0.00405	0.00472	0.00315	0.00270	0.00180	0.00090	0.00225	0.00157	0.00180	0.00315
9	0.00348	0.00296	0.00301	0.00303	0.00400	0.00249	0.00230	0.00424	0.00663	0.00788	0.02896	0.02815	0.84834	0.00739	0.00346	0.00099	0.00151	0.03602	0.00270	0.00246
10	0.00412	0.00297	0.00389	0.00366	0.00434	0.00274	0.00274	0.00549	0.00823	0.01166	0.87814	0.02172	0.02743	0.00594	0.00343	0.00091	0.00137	0.00526	0.00320	0.00274
11	0.00354	0.00253	0.00337	0.00405	0.00422	0.00236	0.00270	0.00405	0.00557	0.00742	0.01603	0.89592	0.01923	0.00911	0.00371	0.00118	0.00169	0.00827	0.00270	0.00236
12	0.00351	0.00295	0.00304	0.00302	0.00397	0.00248	0.00226	0.00431	0.00679	0.00825	0.11804	0.02733	0.78967	0.00722	0.00344	0.00097	0.00146	0.00604	0.00275	0.00248
13	0.01305	0.00495	0.00675	0.00517	0.00742	0.00427	0.00427	0.01417	0.00832	0.88169	0.01147	0.00990	0.00720	0.00360	0.00292	0.00090	0.00247	0.00292	0.00360	0.00495
14	0.00742	0.00551	0.00601	0.00533	0.00694	0.00602	0.00417	0.01340	0.60757	0.13240	0.03737	0.01344	0.13279	0.00444	0.00303	0.00097	0.00218	0.00369	0.00302	0.00430
15	0.01086	0.01386	0.00824	0.00749	0.00899	0.88614	0.00562	0.01161	0.00824	0.00712	0.00449	0.00524	0.00375	0.00300	0.00262	0.00075	0.00524	0.00187	0.00150	0.00337
16	0.00603	0.00517	0.00603	0.00431	0.00689	0.00388	0.00345	0.00732	0.00603	0.00947	0.00517	0.00603	0.00431	0.00215	0.00215	0.00043	0.00215	0.00172	0.00172	0.91559
17	0.00423	0.00282	0.00317	0.00317	0.00317	0.00282	0.00176	0.00423	0.00423	0.00564	0.00916	0.01903	0.01057	0.89782	0.01480	0.00282	0.00282	0.00423	0.00176	0.00176
18	0.00826	0.39206	0.05883	0.00770	0.01039	0.00858	0.30429	0.00988	0.00666	0.15799	0.00601	0.00674	0.00456	0.00268	0.00264	0.00081	0.00368	0.00247	0.00173	0.00404
19	0.00677	0.06253	0.03204	0.46131	0.23826	0.09875	0.02783	0.02363	0.00645	0.00817	0.00515	0.00710	0.00407	0.00281	0.00281	0.00089	0.00389	0.00246	0.00138	0.00370
20	0.00470	0.00401	0.00448	0.00464	0.04261	0.07539	0.00329	0.00588	0.00764	0.01020	0.54310	0.10779	0.11505	0.00614	0.00340	0.00096	0.00189	0.05318	0.00285	0.00280
21	0.00715	0.63657	0.16223	0.00541	0.00811	0.00969	0.00570	0.00849	0.00588	0.00741	0.00456	0.00565	0.00407	0.04122	0.00260	0.00075	0.00322	0.00179	0.00130	0.07822
22	0.03930	0.00949	0.20904	0.00955	0.01218	0.08312	0.40993	0.01987	0.00656	0.02013	0.00641	0.00784	0.04191	0.00313	0.00386	0.00098	0.10846	0.00294	0.00151	0.00381

[dist]
# distance from previous block
# <min> <max>
0	19

[block]
# block no. 4 follows, 100 sequences, length 14
# corresponding to MSA columns:
# 170-183
name=unknown_E
#
# <colnr> <probs for GDERKNQSTAVLIFYWHMCP>
#	G	D	E	R	K	N	Q	S	T	A	V	L	I	F	Y	W	H	M	C	P
0	0.00363	0.00260	0.00350	0.00408	0.00428	0.00251	0.00276	0.00417	0.00543	0.00729	0.01494	0.77391	0.01770	0.04357	0.09320	0.00159	0.00234	0.00760	0.00255	0.00236
1	0.00415	0.00312	0.00467	0.00467	0.00519	0.00363	0.00363	0.00519	0.00467	0.00675	0.00779	0.01142	0.00727	0.02181	0.88629	0.00467	0.00779	0.00312	0.00156	0.00260
2	0.08132	0.07541	0.00841	0.00619	0.00832	0.04370	0.00510	0.52410	0.17092	0.03645	0.00743	0.00734	0.00544	0.00342	0.00274	0.00087	0.00302	0.00256	0.00266	0.00459
3	0.00787	0.12777	0.01189	0.08716	0.02242	0.09306	0.27849	0.16159	0.00778	0.01015	0.00546	0.00669	0.00427	0.00278	0.00302	0.00082	0.03316	0.00253	0.00171	0.13139
4	0.00671	0.40223	0.22165	0.07391	0.04449	0.00899	0.00689	0.00830	0.00570	0.00758	0.00463	0.00597	0.00397	0.00400	0.05026	0.00104	0.13664	0.00205	0.00127	0.00372
5	0.00443	0.00348	0.00466	0.11437	0.00703	0.00351	0.00420	0.00584	0.02869	0.00867	0.10365	0.05403	0.24018	0.00694	0.00363	0.00114	0.00234	0.39790	0.00257	0.00273
6	0.00358	0.00298	0.00315	0.00318	0.00412	0.00254	0.00244	0.00441	0.00675	0.00821	0.09321	0.02787	0.74808	0.00731	0.00348	0.00100	0.00156	0.07089	0.00274	0.00249
7	0.00663	0.00767	0.05565	0.04020	0.08194	0.00695	0.66671	0.00896	0.00676	0.00921	0.00654	0.00967	0.00534	0.00293	0.00339	0.00100	0.00455	0.07049	0.00155	0.00387
8	0.00931	0.00649	0.07455	0.18689	0.14151	0.03864	0.01880	0.06020	0.00754	0.36537	0.00845	0.04554	0.00618	0.00348	0.00294	0.00092	0.00319	0.01326	0.00243	0.00429
9	0.00415	0.00312	0.00467	0.00467	0.00519	0.00363	0.00363	0.00519	0.00467	0.00675	0.00779	0.01142	0.00727	0.02181	0.88629	0.00467	0.00779	0.00312	0.00156	0.00260
10	0.01131	0.00573	0.00727	0.00569	0.00777	0.00557	0.02916	0.25466	0.02344	0.51439	0.01036	0.07871	0.00752	0.02040	0.00321	0.00095	0.00269	0.00330	0.00323	0.00465
11	0.40155	0.01908	0.00750	0.07265	0.06424	0.08563	0.08647	0.10652	0.02798	0.01162	0.00512	0.00617	0.00402	0.01583	0.00255	0.00088	0.00309	0.00213	0.00182	0.07515
12	0.00719	0.00635	0.00984	0.09484	0.46003	0.00677	0.02839	0.10174	0.05314	0.03492	0.00729	0.07533	0.02395	0.00360	0.00350	0.00094	0.07299	0.00316	0.00184	0.00418
13	0.08143	0.03355	0.00802	0.46897	0.07191	0.02508	0.02762	0.01673	0.06412	0.00852	0.00717	0.01773	0.03706	0.00483	0.07216	0.00125	0.00376	0.03709	0.00964	0.00335

[dist]
# distance from previous block
# <min> <max>
0	14

[block]
# block no. 5 follows, 100 sequences, length 53
# corresponding to MSA columns:
# 198-250
name=unknown_F
#
# <colnr> <probs for GDERKNQSTAVLIFYWHMCP>
#	G	D	E	R	K	N	Q	S	T	A	V	L	I	F	Y	W	H	M	C	P
0	0.04943	0.00596	0.00884	0.62302	0.15480	0.05608	0.00767	0.00816	0.03211	0.00815	0.00545	0.01808	0.00428	0.00296	0.00284	0.00094	0.00374	0.00259	0.00142	0.00348
1	0.55613	0.11060	0.11902	0.00499	0.00718	0.10113	0.00465	0.00925	0.00572	0.05245	0.00460	0.00520	0.00354	0.00276	0.00207	0.00085	0.00294	0.00174	0.00172	0.00347
2	0.00647	0.12616	0.70575	0.00778	0.01166	0.04917	0.00962	0.03510	0.00644	0.00908	0.00509	0.00594	0.00373	0.00276	0.00265	0.00087	0.00416	0.00207	0.00129	0.00420
3	0.00447	0.00433	0.05931	0.00489	0.00562	0.04789	0.02297	0.00576	0.05491	0.00800	0.01479	0.58573	0.05237	0.00776	0.00357	0.00114	0.00225	0.10898	0.00253	0.00274
4	0.03224	0.27644	0.47434	0.00660	0.00998	0.00772	0.00776	0.00883	0.00612	0.02268	0.03026	0.00616	0.00449	0.00272	0.00243	0.00078	0.00356	0.00202	0.00139	0.09347
5	0.00603	0.00517	0.00603	0.00431	0.00689	0.00388	0.00345	0.00732	0.00603	0.00947	0.00517	0.00603	0.00431	0.00215	0.00215	0.00043	0.00215	0.00172	0.00172	0.91559
6	0.00636	0.00636	0.00891	0.00763	0.00763	0.00891	0.00636	0.00700	0.00445	0.00700	0.00382	0.00636	0.00382	0.00509	0.00954	0.00127	0.89249	0.00254	0.00127	0.00318
7	0.00357	0.00258	0.00338	0.00396	0.00421	0.00239	0.00267	0.00414	0.00578	0.00769	0.06536	0.79784	0.06802	0.00883	0.00368	0.00115	0.00166	0.00798	0.00273	0.00239
8	0.00423	0.00282	0.00317	0.00317	0.00317	0.00282	0.00176	0.00423	0.00423	0.00564	0.00916	0.01903	0.01057	0.89782	0.01480	0.00282	0.00282	0.00423	0.00176	0.00176
9	0.05889	0.00498	0.00662	0.00510	0.00733	0.00439	0.00422	0.01389	0.00815	0.83771	0.01110	0.00963	0.00699	0.00355	0.00287	0.00090	0.00246	0.00286	0.00351	0.00486
10	0.00345	0.00295	0.00296	0.00296	0.00393	0.00246	0.00222	0.00420	0.00666	0.00792	0.04493	0.02787	0.86298	0.00734	0.00344	0.00098	0.00147	0.00612	0.00271	0.00246
11	0.01294	0.00511	0.00685	0.00525	0.00750	0.00451	0.00434	0.05750	0.00859	0.83797	0.01124	0.00975	0.00708	0.00359	0.00292	0.00090	0.00251	0.00291	0.00356	0.00495
12	0.01456	0.07414	0.64119	0.03325	0.01236	0.00728	0.09900	0.03489	0.00634	0.00923	0.00519	0.00628	0.00381	0.00282	0.00303	0.00092	0.03797	0.00228	0.00131	0.00416
13	0.00696	0.33830	0.43776	0.00785	0.08539	0.06076	0.00817	0.00914	0.00622	0.00824	0.00477	0.00564	0.00378	0.00266	0.00244	0.00080	0.00385	0.00195	0.00127	0.00406
14	0.01305	0.00495	0.00675	0.00517	0.00742	0.00427	0.00427	0.01417	0.00832	0.88169	0.01147	0.00990	0.00720	0.00360	0.00292	0.00090	0.00247	0.00292	0.00360	0.00495
15	0.00429	0.00329	0.00483	0.00475	0.00521	0.00390	0.00368	0.00524	0.00463	0.00669	0.00764	0.01161	0.00728	0.07700	0.77825	0.00435	0.06008	0.00315	0.00155	0.00258
16	0.00649	0.05624	0.00916	0.61436	0.08837	0.03182	0.00745	0.08494	0.04677	0.00878	0.00563	0.00757	0.00429	0.00296	0.00283	0.00092	0.00368	0.00254	0.01160	0.00359
17	0.00501	0.00406	0.05420	0.05904	0.00634	0.00361	0.07811	0.00639	0.01991	0.00903	0.01051	0.22199	0.01031	0.08240	0.01108	0.00111	0.00232	0.04707	0.36472	0.00280
18	0.00459	0.00328	0.00457	0.00524	0.00587	0.00326	0.00451	0.00585	0.00660	0.00859	0.01545	0.10735	0.01695	0.00813	0.00399	0.00133	0.00259	0.78653	0.00268	0.00265
19	0.00625	0.02000	0.00866	0.06259	0.45335	0.00572	0.00643	0.05705	0.04369	0.00992	0.12884	0.08222	0.09466	0.00416	0.00307	0.00092	0.00279	0.00377	0.00204	0.00389
20	0.00780	0.03523	0.05268	0.11803	0.07766	0.23577	0.06781	0.02951	0.09670	0.05593	0.00784	0.04958	0.04163	0.00384	0.00348	0.00094	0.07769	0.03235	0.00187	0.00367
21	0.01539	0.54538	0.11147	0.03304	0.03442	0.06070	0.06310	0.07112	0.02621	0.00838	0.00478	0.00555	0.00400	0.00267	0.00227	0.00073	0.00350	0.00194	0.00144	0.00390
22	0.23055	0.03526	0.07715	0.02401	0.26598	0.07145	0.02745	0.07376	0.01393	0.01737	0.00528	0.00650	0.01372	0.00326	0.00991	0.00095	0.11564	0.00229	0.00164	0.00388
23	0.00720	0.00840	0.16201	0.07411	0.26499	0.04723	0.24731	0.00935	0.01555	0.07980	0.00724	0.00845	0.04881	0.00296	0.00304	0.00092	0.00392	0.00293	0.00166	0.00413
24	0.01083	0.02530	0.00836	0.00742	0.00897	0.83014	0.00560	0.05504	0.00848	0.00768	0.00461	0.00532	0.00381	0.00301	0.00263	0.00075	0.00511	0.00191	0.00157	0.00346
25	0.00686	0.00784	0.01716	0.01225	0.01520	0.00735	0.86912	0.00931	0.00686	0.00931	0.00588	0.00784	0.00441	0.00245	0.00343	0.00098	0.00490	0.00343	0.00147	0.00392
26	0.00772	0.00649	0.00685	0.00602	0.00775	0.00746	0.00472	0.12446	0.76462	0.01295	0.01122	0.01035	0.00837	0.00389	0.00295	0.00097	0.00242	0.00320	0.00295	0.00465
27	0.00346	0.00295	0.00298	0.00297	0.00394	0.00247	0.00223	0.00423	0.00669	0.00801	0.06386	0.02773	0.84399	0.00731	0.00344	0.00098	0.00147	0.00610	0.00272	0.00247
28	0.00392	0.00296	0.00361	0.00345	0.00422	0.00266	0.00259	0.00510	0.00776	0.01054	0.62890	0.02356	0.27738	0.00636	0.00343	0.00093	0.00140	0.00552	0.00305	0.00266
29	0.00410	0.00297	0.00386	0.00364	0.00433	0.00274	0.00273	0.00545	0.00819	0.01155	0.85420	0.02190	0.05144	0.00598	0.00343	0.00092	0.00137	0.00528	0.00319	0.00274
30	0.01105	0.00814	0.00873	0.00669	0.00902	0.00902	0.00553	0.86998	0.01367	0.01832	0.00698	0.00698	0.00494	0.00349	0.00291	0.00087	0.00320	0.00262	0.00291	0.00494
31	0.91835	0.00562	0.00427	0.00382	0.00562	0.00652	0.00315	0.00855	0.00495	0.01305	0.00405	0.00472	0.00315	0.00270	0.00180	0.00090	0.00225	0.00157	0.00180	0.00315
32	0.00583	0.01504	0.88275	0.00829	0.01258	0.00675	0.01074	0.00921	0.00614	0.00921	0.00522	0.00614	0.00368	0.00276	0.00276	0.00092	0.00430	0.00215	0.00123	0.00430
33	0.01105	0.00814	0.00873	0.00669	0.00902	0.00902	0.00553	0.86998	0.01367	0.01832	0.00698	0.00698	0.00494	0.00349	0.00291	0.00087	0.00320	0.00262	0.00291	0.00494
34	0.91835	0.00562	0.00427	0.00382	0.00562	0.00652	0.00315	0.00855	0.00495	0.01305	0.00405	0.00472	0.00315	0.00270	0.00180	0.00090	0.00225	0.00157	0.00180	0.00315
35	0.01293	0.00513	0.00686	0.00526	0.00751	0.00454	0.00434	0.06240	0.00862	0.83304	0.01122	0.00973	0.00707	0.00359	0.00292	0.00090	0.00252	0.00291	0.00356	0.00495
36	0.91835	0.00562	0.00427	0.00382	0.00562	0.00652	0.00315	0.00855	0.00495	0.01305	0.00405	0.00472	0.00315	0.00270	0.00180	0.00090	0.00225	0.00157	0.00180	0.00315
37	0.00720	0.00691	0.01180	0.01785	0.87968	0.00691	0.00892	0.00892	0.00662	0.00950	0.00547	0.00720	0.00461	0.00259	0.00288	0.00086	0.00345	0.00259	0.00144	0.00461
38	0.00723	0.00625	0.00657	0.00592	0.00756	0.00723	0.00460	0.01545	0.87442	0.01216	0.01183	0.01085	0.00888	0.00394	0.00296	0.00099	0.00230	0.00329	0.00296	0.00460
39	0.00412	0.00297	0.00389	0.00366	0.00434	0.00274	0.00274	0.00549	0.00823	0.01166	0.87814	0.02172	0.02743	0.00594	0.00343	0.00091	0.00137	0.00526	0.00320	0.00274
40	0.01094	0.00809	0.00866	0.00667	0.00897	0.00897	0.00550	0.84519	0.03864	0.01815	0.00712	0.00709	0.00506	0.00350	0.00291	0.00088	0.00317	0.00264	0.00291	0.00493
41	0.01305	0.00495	0.00675	0.00517	0.00742	0.00427	0.00427	0.01417	0.00832	0.88169	0.01147	0.00990	0.00720	0.00360	0.00292	0.00090	0.00247	0.00292	0.00360	0.00495
42	0.00720	0.00691	0.01180	0.01785	0.87968	0.00691	0.00892	0.00892	0.00662	0.00950	0.00547	0.00720	0.00461	0.00259	0.00288	0.00086	0.00345	0.00259	0.00144	0.00461
43	0.00415	0.00311	0.00465	0.00465	0.00516	0.00362	0.00360	0.00518	0.00467	0.00673	0.00781	0.01154	0.00732	0.03581	0.87236	0.00464	0.00771	0.00313	0.00156	0.00258
44	0.00344	0.00293	0.00297	0.00300	0.00394	0.00245	0.00223	0.00417	0.00658	0.00783	0.02882	0.06919	0.83770	0.00745	0.00345	0.00099	0.00148	0.00624	0.00270	0.00245
45	0.00469	0.00335	0.00469	0.00535	0.00602	0.00335	0.00469	0.00602	0.00669	0.00870	0.01539	0.03280	0.01673	0.00803	0.00402	0.00134	0.00268	0.86011	0.00268	0.00268
46	0.00549	0.00517	0.00872	0.89083	0.02003	0.00646	0.00807	0.00743	0.00581	0.00743	0.00517	0.00775	0.00388	0.00291	0.00291	0.00097	0.00388	0.00258	0.00129	0.00323
47	0.00416	0.00308	0.00450	0.00450	0.00496	0.00354	0.00342	0.00508	0.00462	0.00662	0.00794	0.01229	0.00765	0.12158	0.78704	0.00446	0.00722	0.00324	0.00158	0.00250
48	0.00419	0.00281	0.00321	0.00326	0.00328	0.00279	0.00186	0.00424	0.00435	0.00580	0.00971	0.07866	0.01124	0.82567	0.01390	0.00269	0.00274	0.01595	0.00184	0.00181
49	0.01272	0.00502	0.00674	0.00522	0.00743	0.00444	0.00429	0.01424	0.05713	0.83269	0.01149	0.00995	0.00729	0.00362	0.00293	0.00090	0.00246	0.00294	0.00356	0.00493
50	0.01005	0.00810	0.04980	0.00661	0.00890	0.00856	0.00559	0.66031	0.18335	0.01667	0.00786	0.00770	0.00566	0.00355	0.00291	0.00090	0.00307	0.00273	0.00284	0.00485
51	0.00399	0.00291	0.00372	0.00363	0.00428	0.00267	0.00268	0.00519	0.00771	0.01075	0.67655	0.13140	0.10988	0.00645	0.00345	0.00095	0.00142	0.00569	0.01403	0.00267
52	0.01575	0.15776	0.50042	0.00857	0.01982	0.00776	0.18715	0.00903	0.00616	0.00877	0.00508	0.00626	0.00385	0.00277	0.00309	0.00090	0.04917	0.00234	0.00129	0.00406

[dist]
# distance from previous block
# <min> <max>
8	51

[block]
# block no. 6 follows, 100 sequences, length 43
# corresponding to MSA columns:
# 302-344
name=unknown_G
#
# <colnr> <probs for GDERKNQSTAVLIFYWHMCP>
#	G	D	E	R	K	N	Q	S	T	A	V	L	I	F	Y	W	H	M	C	P
0	0.00640	0.24161	0.44180	0.04023	0.02529	0.00793	0.08699	0.00896	0.03544	0.00853	0.00615	0.00705	0.03967	0.00296	0.00283	0.00086	0.02958	0.00235	0.00138	0.00398
1	0.00533	0.00444	0.00483	0.00447	0.00568	0.00468	0.00343	0.00961	0.39803	0.01081	0.24848	0.01859	0.25910	0.00544	0.00322	0.00097	0.00182	0.00462	0.00295	0.00350
2	0.00583	0.01504	0.88275	0.00829	0.01258	0.00675	0.01074	0.00921	0.00614	0.00921	0.00522	0.00614	0.00368	0.00276	0.00276	0.00092	0.00430	0.00215	0.00123	0.00430
3	0.00702	0.02936	0.17742	0.08012	0.38137	0.01803	0.16580	0.06989	0.00705	0.00983	0.02302	0.00735	0.00479	0.00276	0.00295	0.00090	0.00387	0.00268	0.00153	0.00427
4	0.02497	0.00731	0.03520	0.12855	0.30783	0.00705	0.42760	0.00892	0.00659	0.00920	0.00560	0.00751	0.00436	0.00257	0.00313	0.00094	0.00421	0.00297	0.00144	0.00406
5	0.00344	0.00295	0.00295	0.00295	0.00393	0.00245	0.00221	0.00417	0.00663	0.00785	0.02946	0.02798	0.87850	0.00736	0.00344	0.00098	0.00147	0.00614	0.00270	0.00245
6	0.00354	0.00253	0.00337	0.00405	0.00422	0.00236	0.00270	0.00405	0.00557	0.00742	0.01603	0.89592	0.01923	0.00911	0.00371	0.00118	0.00169	0.00827	0.00270	0.00236
7	0.01305	0.00495	0.00675	0.00517	0.00742	0.00427	0.00427	0.01417	0.00832	0.88169	0.01147	0.00990	0.00720	0.00360	0.00292	0.00090	0.00247	0.00292	0.00360	0.00495
8	0.00723	0.00625	0.00657	0.00592	0.00756	0.00723	0.00460	0.01545	0.87442	0.01216	0.01183	0.01085	0.00888	0.00394	0.00296	0.00099	0.00230	0.00329	0.00296	0.00460
9	0.01086	0.01386	0.00824	0.00749	0.00899	0.88614	0.00562	0.01161	0.00824	0.00712	0.00449	0.00524	0.00375	0.00300	0.00262	0.00075	0.00524	0.00187	0.00150	0.00337
10	0.00603	0.00517	0.00603	0.00431	0.00689	0.00388	0.00345	0.00732	0.00603	0.00947	0.00517	0.00603	0.00431	0.00215	0.00215	0.00043	0.00215	0.00172	0.00172	0.91559
11	0.00345	0.00294	0.00297	0.00298	0.00394	0.00246	0.00223	0.00420	0.00664	0.00792	0.04616	0.04751	0.84199	0.00737	0.00344	0.00098	0.00148	0.00617	0.00271	0.00246
12	0.00469	0.00339	0.00466	0.00529	0.00596	0.00341	0.00455	0.00620	0.03430	0.00873	0.01532	0.08848	0.01665	0.00797	0.00396	0.00132	0.00260	0.77713	0.00269	0.00272
13	0.00583	0.01504	0.88275	0.00829	0.01258	0.00675	0.01074	0.00921	0.00614	0.00921	0.00522	0.00614	0.00368	0.00276	0.00276	0.00092	0.00430	0.00215	0.00123	0.00430
14	0.01284	0.00527	0.00695	0.00533	0.00758	0.00475	0.00440	0.10049	0.00886	0.79461	0.01102	0.00960	0.00697	0.00359	0.00292	0.00090	0.00255	0.00289	0.00353	0.00495
15	0.00423	0.00282	0.00317	0.00317	0.00317	0.00282	0.00176	0.00423	0.00423	0.00564	0.00916	0.01903	0.01057	0.89782	0.01480	0.00282	0.00282	0.00423	0.00176	0.00176
16	0.91835	0.00562	0.00427	0.00382	0.00562	0.00652	0.00315	0.00855	0.00495	0.01305	0.00405	0.00472	0.00315	0.00270	0.00180	0.00090	0.00225	0.00157	0.00180	0.00315
17	0.01086	0.01386	0.00824	0.00749	0.00899	0.88614	0.00562	0.01161	0.00824	0.00712	0.00449	0.00524	0.00375	0.00300	0.00262	0.00075	0.00524	0.00187	0.00150	0.00337
18	0.01305	0.00495	0.00675	0.00517	0.00742	0.00427	0.00427	0.01417	0.00832	0.88169	0.01147	0.00990	0.00720	0.00360	0.00292	0.00090	0.00247	0.00292	0.00360	0.00495
19	0.00720	0.00691	0.01180	0.01785	0.87968	0.00691	0.00892	0.00892	0.00662	0.00950	0.00547	0.00720	0.00461	0.00259	0.00288	0.00086	0.00345	0.00259	0.00144	0.00461
20	0.00723	0.00625	0.00657	0.00592	0.00756	0.00723	0.00460	0.01545	0.87442	0.01216	0.01183	0.01085	0.00888	0.00394	0.00296	0.00099	0.00230	0.00329	0.00296	0.00460
21	0.00679	0.00576	0.00614	0.00558	0.00708	0.00653	0.00433	0.04158	0.70418	0.01181	0.04762	0.04881	0.06496	0.00452	0.00306	0.00099	0.00222	0.02084	0.00293	0.00427
22	0.00549	0.00517	0.00872	0.89083	0.02003	0.00646	0.00807	0.00743	0.00581	0.00743	0.00517	0.00775	0.00388	0.00291	0.00291	0.00097	0.00388	0.00258	0.00129	0.00323
23	0.01086	0.01386	0.00824	0.00749	0.00899	0.88614	0.00562	0.01161	0.00824	0.00712	0.00449	0.00524	0.00375	0.00300	0.00262	0.00075	0.00524	0.00187	0.00150	0.00337
24	0.00777	0.89956	0.01524	0.00498	0.00746	0.01150	0.00498	0.00871	0.00591	0.00684	0.00404	0.00466	0.00373	0.00249	0.00187	0.00062	0.00311	0.00155	0.00124	0.00373
25	0.01086	0.01386	0.00824	0.00749	0.00899	0.88614	0.00562	0.01161	0.00824	0.00712	0.00449	0.00524	0.00375	0.00300	0.00262	0.00075	0.00524	0.00187	0.00150	0.00337
26	0.01105	0.00814	0.00873	0.00669	0.00902	0.00902	0.00553	0.86998	0.01367	0.01832	0.00698	0.00698	0.00494	0.00349	0.00291	0.00087	0.00320	0.00262	0.00291	0.00494
27	0.01105	0.00814	0.00873	0.00669	0.00902	0.00902	0.00553	0.86998	0.01367	0.01832	0.00698	0.00698	0.00494	0.00349	0.00291	0.00087	0.00320	0.00262	0.00291	0.00494
28	0.00549	0.00517	0.00872	0.89083	0.02003	0.00646	0.00807	0.00743	0.00581	0.00743	0.00517	0.00775	0.00388	0.00291	0.00291	0.00097	0.00388	0.00258	0.00129	0.00323
29	0.00423	0.00282	0.00317	0.00317	0.00317	0.00282	0.00176	0.00423	0.00423	0.00564	0.00916	0.01903	0.01057	0.89782	0.01480	0.00282	0.00282	0.00423	0.00176	0.00176
30	0.91835	0.00562	0.00427	0.00382	0.00562	0.00652	0.00315	0.00855	0.00495	0.01305	0.00405	0.00472	0.00315	0.00270	0.00180	0.00090	0.00225	0.00157	0.00180	0.00315
31	0.00720	0.00691	0.01180	0.01785	0.87968	0.00691	0.00892	0.00892	0.00662	0.00950	0.00547	0.00720	0.00461	0.00259	0.00288	0.00086	0.00345	0.00259	0.00144	0.00461
32	0.00415	0.00312	0.00467	0.00467	0.00519	0.00363	0.00363	0.00519	0.00467	0.00675	0.00779	0.01142	0.00727	0.02181	0.88629	0.00467	0.00779	0.00312	0.00156	0.00260
33	0.00354	0.00254	0.00336	0.00402	0.00421	0.00236	0.00269	0.00405	0.00559	0.00743	0.01631	0.87736	0.03760	0.00907	0.00371	0.00118	0.00168	0.00822	0.00270	0.00236
34	0.00623	0.01298	0.64804	0.02495	0.01320	0.00683	0.20753	0.00932	0.00635	0.02951	0.00552	0.00665	0.00394	0.00271	0.00292	0.00093	0.00439	0.00247	0.00134	0.00421
35	0.00344	0.00295	0.00295	0.00295	0.00393	0.00245	0.00221	0.00417	0.00663	0.00785	0.02946	0.02798	0.87850	0.00736	0.00344	0.00098	0.00147	0.00614	0.00270	0.00245
36	0.00406	0.00301	0.00378	0.00431	0.00465	0.01600	0.00303	0.04003	0.00606	0.00799	0.01564	0.75259	0.03224	0.00866	0.00369	0.00117	0.00189	0.08598	0.00269	0.00251
37	0.00420	0.00281	0.00318	0.00321	0.00321	0.00280	0.00180	0.00422	0.00428	0.00571	0.00944	0.05482	0.01092	0.86154	0.01435	0.00275	0.00277	0.00439	0.00180	0.00179
38	0.00808	0.75350	0.04978	0.00542	0.00786	0.11990	0.00529	0.00909	0.00621	0.00697	0.00415	0.00480	0.00373	0.00256	0.00200	0.00065	0.00342	0.00162	0.00127	0.00371
39	0.05220	0.11313	0.13409	0.01138	0.37662	0.08966	0.02964	0.08080	0.02485	0.03465	0.02297	0.00689	0.00486	0.00284	0.00270	0.00084	0.00356	0.00239	0.00166	0.00426
40	0.01860	0.19714	0.14723	0.00895	0.17742	0.28243	0.00688	0.08536	0.02333	0.00899	0.00504	0.00590	0.00409	0.00286	0.00264	0.00079	0.01473	0.00208	0.00154	0.00399
41	0.00688	0.00574	0.00667	0.00655	0.07921	0.00637	0.00472	0.05170	0.52400	0.03281	0.08928	0.03285	0.04872	0.00434	0.00330	0.00097	0.03865	0.02293	0.00274	0.03156
42	0.00937	0.06375	0.02075	0.02840	0.04599	0.04484	0.02485	0.42062	0.13528	0.08547	0.08389	0.00888	0.00747	0.00361	0.00289	0.00088	0.00301	0.00288	0.00267	0.00447

[dist]
# distance from previous block
# <min> <max>
0	9

[block]
# block no. 7 follows, 100 sequences, length 31
# corresponding to MSA columns:
# 354-384
name=unknown_H
#
# <colnr> <probs for GDERKNQSTAVLIFYWHMCP>
#	G	D	E	R	K	N	Q	S	T	A	V	L	I	F	Y	W	H	M	C	P
0	0.00344	0.00295	0.00295	0.00295	0.00393	0.00245	0.00221	0.00417	0.00663	0.00785	0.02946	0.02798	0.87850	0.00736	0.00344	0.00098	0.00147	0.00614	0.00270	0.00245
1	0.00417	0.00348	0.00416	0.06234	0.06639	0.00323	0.00319	0.01854	0.01693	0.00870	0.11009	0.02313	0.60396	0.00628	0.00327	0.00095	0.00179	0.00530	0.05134	0.00276
2	0.91835	0.00562	0.00427	0.00382	0.00562	0.00652	0.00315	0.00855	0.00495	0.01305	0.00405	0.00472	0.00315	0.00270	0.00180	0.00090	0.00225	0.00157	0.00180	0.00315
3	0.01275	0.00543	0.00705	0.00540	0.00766	0.00499	0.00446	0.14321	0.00913	0.75151	0.01079	0.00946	0.00686	0.00358	0.00292	0.00090	0.00258	0.00288	0.00349	0.00495
4	0.00657	0.00630	0.00974	0.45928	0.26127	0.03930	0.04616	0.03507	0.09056	0.00888	0.00596	0.00778	0.00462	0.00292	0.00292	0.00093	0.00368	0.00267	0.00156	0.00384
5	0.00353	0.00296	0.00308	0.00309	0.00404	0.00251	0.00234	0.00433	0.00674	0.00815	0.08663	0.02774	0.78696	0.00729	0.00346	0.00099	0.00151	0.03942	0.00273	0.00248
6	0.00568	0.00613	0.07543	0.73163	0.07855	0.00655	0.03989	0.00774	0.00593	0.00778	0.00522	0.00759	0.00393	0.00286	0.00291	0.00096	0.00392	0.00258	0.00130	0.00343
7	0.00723	0.00625	0.00657	0.00592	0.00756	0.00723	0.00460	0.01545	0.87442	0.01216	0.01183	0.01085	0.00888	0.00394	0.00296	0.00099	0.00230	0.00329	0.00296	0.00460
8	0.00416	0.00311	0.00464	0.00464	0.00514	0.00361	0.00359	0.00517	0.00466	0.00672	0.00782	0.01161	0.00735	0.04297	0.86524	0.00463	0.00767	0.00314	0.00156	0.00258
9	0.00354	0.00253	0.00337	0.00405	0.00422	0.00236	0.00270	0.00405	0.00557	0.00742	0.01603	0.89592	0.01923	0.00911	0.00371	0.00118	0.00169	0.00827	0.00270	0.00236
10	0.00354	0.00253	0.00337	0.00405	0.00422	0.00236	0.00270	0.00405	0.00557	0.00742	0.01603	0.89592	0.01923	0.00911	0.00371	0.00118	0.00169	0.00827	0.00270	0.00236
11	0.00583	0.01504	0.88275	0.00829	0.01258	0.00675	0.01074	0.00921	0.00614	0.00921	0.00522	0.00614	0.00368	0.00276	0.00276	0.00092	0.00430	0.00215	0.00123	0.00430
12	0.00587	0.00555	0.00940	0.69705	0.21085	0.00656	0.00826	0.00776	0.00599	0.00789	0.00523	0.00763	0.00404	0.00284	0.00290	0.00095	0.00378	0.00259	0.00132	0.00354
13	0.01105	0.00814	0.00873	0.00669	0.00902	0.00902	0.00553	0.86998	0.01367	0.01832	0.00698	0.00698	0.00494	0.00349	0.00291	0.00087	0.00320	0.00262	0.00291	0.00494
14	0.00549	0.00517	0.00872	0.89083	0.02003	0.00646	0.00807	0.00743	0.00581	0.00743	0.00517	0.00775	0.00388	0.00291	0.00291	0.00097	0.00388	0.00258	0.00129	0.00323
15	0.00354	0.00253	0.00337	0.00405	0.00422	0.00236	0.00270	0.00405	0.00557	0.00742	0.01603	0.89592	0.01923	0.00911	0.00371	0.00118	0.00169	0.00827	0.00270	0.00236
16	0.00408	0.00297	0.00384	0.00362	0.00432	0.00273	0.00272	0.00542	0.00815	0.01146	0.83406	0.02204	0.07164	0.00602	0.00343	0.00092	0.00138	0.00530	0.00317	0.00273
17	0.00471	0.00346	0.00432	0.00416	0.00453	0.00382	0.00290	0.03735	0.05715	0.00694	0.00856	0.01494	0.00885	0.46943	0.32064	0.00323	0.03715	0.00366	0.00179	0.00240
18	0.00683	0.00775	0.01666	0.01198	0.01474	0.00745	0.81716	0.00917	0.00672	0.00917	0.00576	0.00775	0.00438	0.00261	0.00380	0.00100	0.05836	0.00338	0.00146	0.00388
19	0.00626	0.00519	0.00645	0.00465	0.00714	0.00401	0.04197	0.00755	0.00608	0.04129	0.00558	0.00673	0.00465	0.03533	0.00271	0.00056	0.00231	0.00194	0.00178	0.80784
20	0.00753	0.01662	0.16593	0.04174	0.22199	0.00620	0.06644	0.11032	0.03368	0.09911	0.05902	0.01677	0.00630	0.00307	0.00284	0.00084	0.00323	0.00271	0.00199	0.13367
21	0.06298	0.01635	0.00673	0.00574	0.00744	0.10172	0.00453	0.18676	0.39786	0.03951	0.03261	0.01098	0.09682	0.00406	0.00296	0.00093	0.01197	0.00320	0.00268	0.00417
22	0.00583	0.01504	0.88275	0.00829	0.01258	0.00675	0.01074	0.00921	0.00614	0.00921	0.00522	0.00614	0.00368	0.00276	0.00276	0.00092	0.00430	0.00215	0.00123	0.00430
23	0.00549	0.00517	0.00872	0.89083	0.02003	0.00646	0.00807	0.00743	0.00581	0.00743	0.00517	0.00775	0.00388	0.00291	0.00291	0.00097	0.00388	0.00258	0.00129	0.00323
24	0.01086	0.01386	0.00824	0.00749	0.00899	0.88614	0.00562	0.01161	0.00824	0.00712	0.00449	0.00524	0.00375	0.00300	0.00262	0.00075	0.00524	0.00187	0.00150	0.00337
25	0.00421	0.00320	0.00478	0.00475	0.00526	0.00377	0.00371	0.00524	0.00467	0.00676	0.00768	0.01129	0.00718	0.02137	0.86319	0.00458	0.03110	0.00310	0.00155	0.00261
26	0.00636	0.00636	0.00891	0.00763	0.00763	0.00891	0.00636	0.00700	0.00445	0.00700	0.00382	0.00636	0.00382	0.00509	0.00954	0.00127	0.89249	0.00254	0.00127	0.00318
27	0.00348	0.00295	0.00300	0.00299	0.00395	0.00247	0.00224	0.00425	0.00672	0.00808	0.08057	0.02761	0.82724	0.00728	0.00344	0.00098	0.00147	0.00608	0.00273	0.00247
28	0.00423	0.00282	0.00317	0.00317	0.00317	0.00282	0.00176	0.00423	0.00423	0.00564	0.00916	0.01903	0.01057	0.89782	0.01480	0.00282	0.00282	0.00423	0.00176	0.00176
29	0.00423	0.00323	0.00483	0.00478	0.00528	0.00383	0.00373	0.00526	0.00466	0.00676	0.00764	0.01124	0.00714	0.02120	0.85423	0.00455	0.04014	0.00309	0.00155	0.00262
30	0.00686	0.00784	0.01716	0.01225	0.01520	0.00735	0.86912	0.00931	0.00686	0.00931	0.00588	0.00784	0.00441	0.00245	0.00343	0.00098	0.00490	0.00343	0.00147	0.00392

[dist]
# distance from previous block
# <min> <max>
0	122

[block]
# block no. 8 follows, 100 sequences, length 51
# corresponding to MSA columns:
# 508-558
name=unknown_I
#
# <colnr> <probs for GDERKNQSTAVLIFYWHMCP>
#	G	D	E	R	K	N	Q	S	T	A	V	L	I	F	Y	W	H	M	C	P
0	0.00413	0.00309	0.00330	0.00333	0.00417	0.00286	0.00246	0.00554	0.06961	0.00894	0.09149	0.14414	0.47372	0.00655	0.00319	0.00095	0.00153	0.00555	0.16277	0.00267
1	0.00553	0.00450	0.00509	0.00473	0.00585	0.00485	0.00360	0.01008	0.42151	0.01143	0.36531	0.07631	0.05871	0.00527	0.00322	0.00097	0.00184	0.00456	0.00303	0.00359
2	0.00707	0.00743	0.07101	0.03230	0.80580	0.00689	0.00903	0.00892	0.00657	0.00944	0.00545	0.00713	0.00453	0.00261	0.00287	0.00087	0.00352	0.00256	0.00142	0.00456
3	0.00700	0.00671	0.01146	0.11593	0.78309	0.00686	0.00883	0.00876	0.00653	0.00927	0.00544	0.00726	0.00452	0.00263	0.00288	0.00088	0.00350	0.00259	0.00142	0.00445
4	0.00677	0.00816	0.07060	0.01187	0.04206	0.00741	0.72929	0.00914	0.00665	0.00916	0.00569	0.00762	0.00433	0.00265	0.00379	0.00099	0.06521	0.00326	0.00144	0.00392
5	0.00344	0.00293	0.00296	0.00299	0.00394	0.00245	0.00223	0.00417	0.00659	0.00784	0.02892	0.06254	0.84429	0.00743	0.00345	0.00099	0.00148	0.00622	0.00270	0.00245
6	0.00682	0.00621	0.00618	0.01881	0.05010	0.10723	0.00434	0.09630	0.33752	0.01112	0.14756	0.01445	0.17189	0.00465	0.00307	0.00093	0.00251	0.00385	0.00267	0.00379
7	0.00717	0.00618	0.00652	0.00588	0.00750	0.00715	0.00457	0.01525	0.85936	0.01208	0.01191	0.02619	0.00906	0.00403	0.00297	0.00099	0.00229	0.00337	0.00295	0.00456
8	0.00561	0.00529	0.00893	0.83142	0.07852	0.00649	0.00813	0.00753	0.00587	0.00757	0.00519	0.00771	0.00393	0.00289	0.00291	0.00096	0.00385	0.00258	0.00130	0.00332
9	0.03835	0.00783	0.00814	0.00636	0.00851	0.04520	0.00518	0.70092	0.02941	0.06435	0.00724	0.00767	0.00532	0.04778	0.00345	0.00097	0.00318	0.00266	0.00280	0.00466
10	0.00597	0.07892	0.82009	0.00805	0.01221	0.00710	0.01033	0.00917	0.00612	0.00904	0.00513	0.00603	0.00369	0.00274	0.00270	0.00090	0.00421	0.00211	0.00123	0.00426
11	0.00727	0.00704	0.01125	0.04158	0.76911	0.03493	0.00850	0.00940	0.06470	0.00954	0.00586	0.00739	0.00484	0.00270	0.00288	0.00087	0.00345	0.00261	0.00154	0.00453
12	0.00344	0.00295	0.00295	0.00295	0.00393	0.00245	0.00221	0.00417	0.00663	0.00785	0.02946	0.02798	0.87850	0.00736	0.00344	0.00098	0.00147	0.00614	0.00270	0.00245
13	0.00500	0.00416	0.00466	0.00423	0.00519	0.07199	0.03140	0.00647	0.03930	0.03821	0.55427	0.02045	0.19201	0.00573	0.00333	0.00092	0.00188	0.00496	0.00292	0.00291
14	0.01023	0.00774	0.00826	0.00652	0.00870	0.00863	0.00533	0.68624	0.19875	0.01700	0.00802	0.00781	0.00579	0.00359	0.00292	0.00090	0.00301	0.00276	0.00292	0.00487
