[name]
unknown

[dist]
# distance from previous block
# <min> <max>
19	34

[block]
# block no. 0 follows, 97 sequences, length 128
# corresponding to MSA columns:
# 40-167
name=unknown_A
#
# <colnr> <probs for GDERKNQSTAVLIFYWHMCP>
#	G	D	E	R	K	N	Q	S	T	A	V	L	I	F	Y	W	H	M	C	P
0	0.00367	0.00308	0.00327	0.00331	0.01525	0.00262	0.00243	0.00452	0.00702	0.00860	0.14299	0.02757	0.75082	0.00730	0.00352	0.00100	0.00152	0.00613	0.00282	0.00259
1	0.00731	0.00720	0.01286	0.02797	0.74154	0.00715	0.13323	0.00919	0.00682	0.00969	0.00567	0.00748	0.00469	0.00264	0.00303	0.00090	0.00376	0.00278	0.00148	0.00461
2	0.00820	0.00764	0.01258	0.03792	0.84722	0.00756	0.00945	0.00974	0.00733	0.01052	0.00647	0.00857	0.00552	0.00324	0.00333	0.00105	0.00384	0.00294	0.00177	0.00513
3	0.01338	0.00508	0.00692	0.00531	0.00761	0.00438	0.00438	0.01453	0.00854	0.87866	0.01177	0.01015	0.00738	0.00369	0.00300	0.00092	0.00254	0.00300	0.00369	0.00508
4	0.00753	0.00873	0.22140	0.00705	0.00955	0.00721	0.06050	0.06582	0.49894	0.05378	0.02151	0.00961	0.00744	0.00363	0.00302	0.00098	0.00308	0.00306	0.00254	0.00461
5	0.00432	0.00295	0.00355	0.00355	0.00365	0.00305	0.00217	0.00452	0.00442	0.00600	0.00913	0.01803	0.01020	0.72944	0.18005	0.00325	0.00386	0.00412	0.00177	0.00197
6	0.00741	0.65966	0.19392	0.00603	0.02823	0.01034	0.00629	0.00886	0.00606	0.00753	0.00463	0.00573	0.00411	0.03729	0.00264	0.00079	0.00344	0.00185	0.00130	0.00389
7	0.02944	0.04029	0.00691	0.00540	0.00711	0.00614	0.00437	0.26612	0.07353	0.20720	0.07590	0.07477	0.11010	0.02093	0.00364	0.00099	0.04680	0.00379	0.00292	0.01365
8	0.08821	0.00781	0.00779	0.00657	0.00819	0.11003	0.00528	0.27456	0.25689	0.03452	0.00769	0.01626	0.00593	0.00392	0.00401	0.00099	0.15186	0.00275	0.00246	0.00429
9	0.00734	0.02716	0.01208	0.04653	0.82886	0.00718	0.00903	0.00910	0.00675	0.00961	0.00557	0.00734	0.00468	0.00267	0.00293	0.00088	0.00355	0.00263	0.00147	0.00466
10	0.00735	0.00701	0.01178	0.05469	0.78315	0.00711	0.01944	0.01853	0.04370	0.00986	0.00590	0.00757	0.00488	0.00274	0.00296	0.00090	0.00353	0.00270	0.00155	0.00466
11	0.00738	0.00716	0.01188	0.05719	0.81965	0.02570	0.00904	0.00914	0.00679	0.00960	0.00557	0.00736	0.00467	0.00268	0.00295	0.00089	0.00360	0.00264	0.00147	0.00463
12	0.00598	0.01543	0.87974	0.00850	0.01291	0.00693	0.01102	0.00944	0.00630	0.00944	0.00535	0.00630	0.00378	0.00283	0.00283	0.00094	0.00441	0.00220	0.00126	0.00441
13	0.00440	0.00309	0.00401	0.00376	0.00451	0.00284	0.00283	0.00577	0.00838	0.03140	0.82075	0.02227	0.06251	0.00610	0.00351	0.00094	0.00144	0.00538	0.00327	0.00285
14	0.91626	0.00577	0.00438	0.00392	0.00577	0.00669	0.00323	0.00877	0.00508	0.01338	0.00415	0.00484	0.00323	0.00277	0.00185	0.00092	0.00231	0.00161	0.00185	0.00323
15	0.00421	0.00305	0.00397	0.00374	0.00445	0.00281	0.00280	0.00560	0.00841	0.01189	0.86000	0.02239	0.04320	0.00612	0.00352	0.00094	0.00141	0.00541	0.00327	0.00281
16	0.01125	0.00831	0.00890	0.00684	0.00921	0.00921	0.00565	0.84692	0.03389	0.01865	0.00728	0.00725	0.00516	0.00359	0.00298	0.00090	0.00326	0.00270	0.00298	0.00506
17	0.00797	0.89699	0.01563	0.00510	0.00765	0.01180	0.00510	0.00893	0.00606	0.00702	0.00415	0.00478	0.00383	0.00255	0.00191	0.00064	0.00319	0.00159	0.00128	0.00383
18	0.00363	0.00260	0.00346	0.00415	0.00433	0.00242	0.00277	0.00415	0.00571	0.00761	0.01644	0.89325	0.01972	0.00934	0.00381	0.00121	0.00173	0.00848	0.00277	0.00242
19	0.00742	0.00641	0.00674	0.00607	0.00775	0.00742	0.00472	0.01585	0.87120	0.01247	0.01214	0.01113	0.00910	0.00405	0.00303	0.00101	0.00236	0.00337	0.00303	0.00472
20	0.00363	0.00260	0.00346	0.00415	0.00433	0.00242	0.00277	0.00415	0.00571	0.00761	0.01644	0.89325	0.01972	0.00934	0.00381	0.00121	0.00173	0.00848	0.00277	0.00242
21	0.00363	0.00260	0.00346	0.00415	0.00433	0.00242	0.00277	0.00415	0.00571	0.00761	0.01644	0.89325	0.01972	0.00934	0.00381	0.00121	0.00173	0.00848	0.00277	0.00242
22	0.01081	0.00804	0.00862	0.00673	0.00902	0.00893	0.00552	0.73671	0.13401	0.02878	0.00792	0.00775	0.00567	0.00365	0.00299	0.00091	0.00314	0.00279	0.00300	0.00502
23	0.00753	0.00695	0.01049	0.01411	0.56779	0.00727	0.02455	0.04186	0.26655	0.01088	0.00763	0.00851	0.00605	0.00310	0.00299	0.00093	0.00321	0.00289	0.00200	0.00472
24	0.00357	0.00302	0.00309	0.00307	0.00406	0.00254	0.00230	0.00437	0.00691	0.00832	0.08692	0.02827	0.81851	0.00745	0.00352	0.00100	0.00150	0.00623	0.00280	0.00254
25	0.01041	0.00794	0.00835	0.00665	0.00885	0.02896	0.00541	0.61965	0.22526	0.03440	0.00842	0.00816	0.00608	0.00369	0.00299	0.00092	0.00309	0.00284	0.00298	0.00495
26	0.00798	0.83009	0.05471	0.00534	0.00794	0.03804	0.00539	0.00904	0.00614	0.00714	0.00421	0.00487	0.00383	0.00258	0.00198	0.00066	0.00331	0.00163	0.00128	0.00384
27	0.00659	0.13518	0.66030	0.00819	0.02250	0.01819	0.04933	0.01949	0.00650	0.02890	0.01558	0.00646	0.00421	0.00285	0.00275	0.00090	0.00418	0.00224	0.00138	0.00431
28	0.01206	0.00672	0.02802	0.00609	0.00841	0.00661	0.00511	0.36173	0.03599	0.46456	0.00959	0.00880	0.00634	0.00367	0.00313	0.00092	0.02111	0.00286	0.00328	0.00501
29	0.00352	0.00302	0.00302	0.00302	0.00403	0.00252	0.00227	0.00428	0.00680	0.00806	0.03021	0.02870	0.87538	0.00755	0.00352	0.00101	0.00151	0.00629	0.00277	0.00252
30	0.01114	0.01421	0.00845	0.00768	0.00922	0.88322	0.00576	0.01191	0.00845	0.00730	0.00461	0.00538	0.00384	0.00307	0.00269	0.00077	0.00538	0.00192	0.00154	0.00346
31	0.00694	0.32665	0.51334	0.00729	0.01088	0.03608	0.02245	0.01997	0.01541	0.00867	0.00501	0.00582	0.00388	0.00276	0.00252	0.00083	0.00398	0.00202	0.00132	0.00418
32	0.01114	0.01421	0.00845	0.00768	0.00922	0.88322	0.00576	0.01191	0.00845	0.00730	0.00461	0.00538	0.00384	0.00307	0.00269	0.00077	0.00538	0.00192	0.00154	0.00346
33	0.00363	0.00260	0.00346	0.00415	0.00433	0.00242	0.00277	0.00415	0.00571	0.00761	0.01644	0.89325	0.01972	0.00934	0.00381	0.00121	0.00173	0.00848	0.00277	0.00242
34	0.00707	0.00811	0.10758	0.02340	0.48519	0.04136	0.08395	0.00884	0.00637	0.00904	0.00538	0.00726	0.00452	0.00384	0.03655	0.00111	0.15208	0.00267	0.00143	0.00424
35	0.00723	0.00692	0.01180	0.05477	0.82335	0.00697	0.00899	0.00899	0.00673	0.00961	0.00581	0.02475	0.00499	0.00280	0.00297	0.00090	0.00353	0.00277	0.00150	0.00462
36	0.00614	0.00566	0.00928	0.88180	0.02082	0.00691	0.00847	0.00799	0.00630	0.00812	0.00580	0.00863	0.00445	0.00331	0.00320	0.00108	0.00414	0.00282	0.00150	0.00358
37	0.00434	0.00289	0.00325	0.00325	0.00325	0.00289	0.00181	0.00434	0.00434	0.00578	0.00940	0.01952	0.01084	0.89520	0.01518	0.00289	0.00289	0.00434	0.00181	0.00181
38	0.00589	0.01571	0.18722	0.00921	0.14855	0.00563	0.15180	0.00782	0.01338	0.01995	0.00965	0.13853	0.00966	0.02522	0.00396	0.00114	0.03973	0.20137	0.00195	0.00363
39	0.01085	0.01345	0.00852	0.00765	0.00913	0.78713	0.00581	0.05076	0.00846	0.00782	0.00468	0.00553	0.00390	0.00323	0.00316	0.00081	0.06201	0.00200	0.00159	0.00352
40	0.61543	0.10502	0.00645	0.01583	0.00674	0.08107	0.00394	0.03452	0.00598	0.07448	0.00484	0.00541	0.00373	0.00292	0.00224	0.00089	0.02330	0.00181	0.00190	0.00350
41	0.00667	0.00543	0.00578	0.00522	0.00663	0.00596	0.00400	0.10737	0.47378	0.02057	0.01525	0.07771	0.18024	0.06680	0.00402	0.00114	0.00229	0.00430	0.00288	0.00396
42	0.00352	0.00302	0.00302	0.00302	0.00403	0.00252	0.00227	0.00428	0.00680	0.00806	0.03021	0.02870	0.87538	0.00755	0.00352	0.00101	0.00151	0.00629	0.00277	0.00252
43	0.00426	0.00320	0.00479	0.00479	0.00533	0.00373	0.00373	0.00533	0.00479	0.00692	0.00799	0.01172	0.00746	0.02237	0.88338	0.00479	0.00799	0.00320	0.00160	0.00266
44	0.00742	0.00641	0.00674	0.00607	0.00775	0.00742	0.00472	0.01585	0.87120	0.01247	0.01214	0.01113	0.00910	0.00405	0.00303	0.00101	0.00236	0.00337	0.00303	0.00472
45	0.00426	0.00318	0.00473	0.00473	0.00524	0.00370	0.00365	0.00529	0.00478	0.00688	0.00804	0.01202	0.00759	0.05627	0.84965	0.00472	0.00779	0.00324	0.00161	0.00263
46	0.00352	0.00302	0.00302	0.00302	0.00403	0.00252	0.00227	0.00428	0.00680	0.00806	0.03021	0.02870	0.87538	0.00755	0.00352	0.00101	0.00151	0.00629	0.00277	0.00252
47	0.91626	0.00577	0.00438	0.00392	0.00577	0.00669	0.00323	0.00877	0.00508	0.01338	0.00415	0.00484	0.00323	0.00277	0.00185	0.00092	0.00231	0.00161	0.00185	0.00323
48	0.00669	0.04135	0.00946	0.00774	0.00806	0.04856	0.03976	0.00746	0.00491	0.00726	0.00425	0.00673	0.00412	0.00580	0.05428	0.00142	0.73491	0.00260	0.00134	0.00329
49	0.00422	0.00305	0.00399	0.00375	0.00446	0.00281	0.00281	0.00563	0.00844	0.01196	0.87502	0.02228	0.02814	0.00610	0.00352	0.00094	0.00141	0.00539	0.00328	0.00281
50	0.00363	0.00260	0.00346	0.00415	0.00433	0.00242	0.00277	0.00415	0.00571	0.00761	0.01644	0.89325	0.01972	0.00934	0.00381	0.00121	0.00173	0.00848	0.00277	0.00242
51	0.00354	0.00302	0.00304	0.00304	0.00404	0.00252	0.00228	0.00431	0.00683	0.00813	0.04675	0.02857	0.85879	0.00752	0.00352	0.00101	0.00151	0.00628	0.00278	0.00252
52	0.01134	0.00835	0.00895	0.00686	0.00925	0.00925	0.00567	0.86665	0.01402	0.01879	0.00716	0.00716	0.00507	0.00358	0.00298	0.00089	0.00328	0.00268	0.00298	0.00507
53	0.00419	0.00305	0.00395	0.00372	0.00444	0.00280	0.00279	0.00558	0.00838	0.01181	0.84220	0.02253	0.06105	0.00615	0.00352	0.00094	0.00141	0.00543	0.00326	0.00280
54	0.01114	0.01421	0.00845	0.00768	0.00922	0.88322	0.00576	0.01191	0.00845	0.00730	0.00461	0.00538	0.00384	0.00307	0.00269	0.00077	0.00538	0.00192	0.00154	0.00346
55	0.00618	0.00530	0.00618	0.00442	0.00707	0.00398	0.00353	0.00751	0.00618	0.00972	0.00530	0.00618	0.00442	0.00221	0.00221	0.00044	0.00221	0.00177	0.00177	0.91343
56	0.00434	0.00289	0.00325	0.00325	0.00325	0.00289	0.00181	0.00434	0.00434	0.00578	0.00940	0.01952	0.01084	0.89520	0.01518	0.00289	0.00289	0.00434	0.00181	0.00181
57	0.00596	0.00595	0.02773	0.69472	0.11520	0.00677	0.08551	0.00800	0.00616	0.00807	0.00540	0.00786	0.00410	0.00290	0.00302	0.00098	0.00403	0.00272	0.00136	0.00356
58	0.00797	0.89699	0.01563	0.00510	0.00765	0.01180	0.00510	0.00893	0.00606	0.00702	0.00415	0.00478	0.00383	0.00255	0.00191	0.00064	0.00319	0.00159	0.00128	0.00383
59	0.00363	0.00260	0.00346	0.00415	0.00433	0.00242	0.00277	0.00415	0.00571	0.00761	0.01644	0.89325	0.01972	0.00934	0.00381	0.00121	0.00173	0.00848	0.00277	0.00242
60	0.91626	0.00577	0.00438	0.00392	0.00577	0.00669	0.00323	0.00877	0.00508	0.01338	0.00415	0.00484	0.00323	0.00277	0.00185	0.00092	0.00231	0.00161	0.00185	0.00323
61	0.00353	0.00301	0.00303	0.00305	0.00404	0.00252	0.00228	0.00428	0.00677	0.00805	0.02988	0.04971	0.85459	0.00760	0.00353	0.00101	0.00152	0.00635	0.00277	0.00252
62	0.00426	0.00320	0.00479	0.00479	0.00533	0.00373	0.00373	0.00533	0.00479	0.00692	0.00799	0.01172	0.00746	0.02237	0.88338	0.00479	0.00799	0.00320	0.00160	0.00266
63	0.03228	0.00644	0.00674	0.00603	0.00774	0.00745	0.00471	0.04000	0.82309	0.01268	0.01178	0.01084	0.00883	0.00400	0.00300	0.00101	0.00239	0.00330	0.00300	0.00469
64	0.00745	0.45340	0.09064	0.00640	0.01973	0.08007	0.07969	0.01596	0.03284	0.01649	0.00620	0.07339	0.00577	0.00355	0.01049	0.00083	0.01131	0.02874	0.00160	0.05547
65	0.00951	0.08688	0.29678	0.00754	0.03954	0.00654	0.08600	0.05630	0.01694	0.35244	0.00801	0.00798	0.00543	0.00316	0.00290	0.00091	0.00351	0.00264	0.00236	0.00463
66	0.00528	0.00462	0.00485	0.00450	0.00545	0.07403	0.00343	0.00768	0.15226	0.01084	0.48919	0.01935	0.15198	0.00591	0.01486	0.00101	0.03388	0.00479	0.00293	0.00315
67	0.00388	0.00281	0.00371	0.00434	0.00469	0.00264	0.00316	0.00460	0.00606	0.00796	0.02540	0.63841	0.08555	0.00894	0.00385	0.00123	0.00192	0.18558	0.00277	0.00250
68	0.01931	0.12676	0.27694	0.02898	0.06144	0.23265	0.11784	0.03504	0.00721	0.03381	0.00563	0.01861	0.00450	0.00302	0.00280	0.00087	0.00435	0.01470	0.00155	0.00401
69	0.00977	0.00836	0.08143	0.00872	0.14997	0.00828	0.00655	0.55959	0.05335	0.02996	0.00741	0.02417	0.00566	0.00361	0.00306	0.00092	0.01051	0.02126	0.00259	0.00483
70	0.00426	0.00320	0.00479	0.00479	0.00533	0.00373	0.00373	0.00533	0.00479	0.00692	0.00799	0.01172	0.00746	0.02237	0.88338	0.00479	0.00799	0.00320	0.00160	0.00266
71	0.00686	0.00704	0.04393	0.20160	0.55111	0.00695	0.10291	0.00882	0.00664	0.00928	0.01567	0.00793	0.00488	0.00280	0.00303	0.00093	0.00380	0.01005	0.00147	0.00430
72	0.79179	0.00693	0.00494	0.00444	0.00624	0.12723	0.00358	0.00920	0.00554	0.01254	0.00422	0.00492	0.00331	0.00281	0.00196	0.00090	0.00273	0.00166	0.00180	0.00326
73	0.00712	0.00681	0.01152	0.14605	0.73141	0.00703	0.00893	0.00907	0.02574	0.00949	0.00571	0.00755	0.00471	0.00274	0.00296	0.00090	0.00358	0.00267	0.00149	0.00452
74	0.01161	0.01451	0.00879	0.00801	0.00958	0.87698	0.00597	0.01225	0.00877	0.00780	0.00512	0.00607	0.00432	0.00340	0.00291	0.00086	0.00553	0.00209	0.00171	0.00372
75	0.00563	0.00530	0.00894	0.88803	0.02054	0.00663	0.00828	0.00762	0.00596	0.00762	0.00530	0.00795	0.00398	0.00298	0.00298	0.00099	0.00398	0.00265	0.00133	0.00331
76	0.00363	0.00260	0.00346	0.00415	0.00433	0.00242	0.00277	0.00415	0.00571	0.00761	0.01644	0.89325	0.01972	0.00934	0.00381	0.00121	0.00173	0.00848	0.00277	0.00242
77	0.00598	0.01543	0.87974	0.00850	0.01291	0.00693	0.01102	0.00944	0.00630	0.00944	0.00535	0.00630	0.00378	0.00283	0.00283	0.00094	0.00441	0.00220	0.00126	0.00441
78	0.00537	0.00343	0.00470	0.02411	0.00540	0.00317	0.02001	0.00678	0.00837	0.11192	0.73862	0.02027	0.02473	0.00568	0.00345	0.00094	0.00167	0.00502	0.00325	0.00311
79	0.00633	0.00537	0.00639	0.00458	0.00722	0.00409	0.01651	0.01658	0.00631	0.01980	0.00541	0.00627	0.00446	0.00224	0.00225	0.00046	0.00227	0.00182	0.00180	0.87986
80	0.00618	0.00530	0.00618	0.00442	0.00707	0.00398	0.00353	0.00751	0.00618	0.00972	0.00530	0.00618	0.00442	0.00221	0.00221	0.00044	0.00221	0.00177	0.00177	0.91343
81	0.00652	0.00652	0.00913	0.00783	0.00783	0.00913	0.00652	0.00718	0.00457	0.00718	0.00391	0.00652	0.00391	0.00522	0.00979	0.00130	0.88974	0.00261	0.00130	0.00326
82	0.00419	0.00305	0.00395	0.00372	0.00444	0.00280	0.00279	0.00558	0.00838	0.01181	0.84220	0.02253	0.06105	0.00615	0.00352	0.00094	0.00141	0.00543	0.00326	0.00280
83	0.00433	0.00294	0.00348	0.00348	0.00356	0.00301	0.00209	0.00448	0.00440	0.00595	0.00919	0.01836	0.01034	0.76601	0.14368	0.00317	0.00365	0.00417	0.00178	0.00193
84	0.03351	0.00527	0.00697	0.00536	0.00766	0.00470	0.00443	0.06056	0.00875	0.81269	0.01134	0.00987	0.00716	0.00366	0.00297	0.00092	0.00257	0.00295	0.00361	0.00503
85	0.00354	0.00302	0.00304	0.00303	0.00404	0.00252	0.00228	0.00430	0.00683	0.00813	0.04555	0.02858	0.86000	0.00753	0.00352	0.00101	0.00151	0.00628	0.00278	0.00252
86	0.01332	0.00518	0.00698	0.00535	0.00766	0.00454	0.00442	0.04133	0.00871	0.85161	0.01162	0.01006	0.00731	0.00369	0.00300	0.00092	0.00256	0.00299	0.00367	0.00508
87	0.00598	0.01543	0.87974	0.00850	0.01291	0.00693	0.01102	0.00944	0.00630	0.00944	0.00535	0.00630	0.00378	0.00283	0.00283	0.00094	0.00441	0.00220	0.00126	0.00441
88	0.01133	0.00816	0.00878	0.00680	0.00913	0.04237	0.02003	0.69879	0.04349	0.10904	0.00771	0.00756	0.00540	0.00357	0.00298	0.00090	0.00328	0.00273	0.00298	0.00498
89	0.00504	0.00353	0.00490	0.00551	0.00624	0.00353	0.00481	0.01803	0.00699	0.02346	0.01561	0.03289	0.01684	0.00810	0.00409	0.00136	0.00275	0.83077	0.00276	0.00282
90	0.00426	0.00316	0.00463	0.00462	0.00512	0.00361	0.00353	0.00527	0.00497	0.00712	0.05752	0.01290	0.00889	0.08701	0.76800	0.00443	0.00723	0.00341	0.00171	0.00261
91	0.00437	0.00336	0.00501	0.00494	0.00545	0.00400	0.00387	0.00542	0.00478	0.00694	0.00778	0.01146	0.00728	0.02151	0.83977	0.00462	0.05201	0.00317	0.00158	0.00269
92	0.01061	0.01334	0.00866	0.00777	0.00917	0.78171	0.01875	0.01139	0.00804	0.00732	0.00456	0.00553	0.00386	0.00328	0.00342	0.00083	0.09478	0.00201	0.00151	0.00345
93	0.00417	0.00298	0.00408	0.00477	0.00517	0.00288	0.00370	0.00508	0.00624	0.00821	0.01614	0.49995	0.01855	0.00884	0.00395	0.00129	0.00219	0.39648	0.00276	0.00257
94	0.00711	0.00683	0.01176	0.06308	0.75259	0.00687	0.04409	0.00890	0.00679	0.00964	0.02529	0.00843	0.01792	0.00289	0.00301	0.00091	0.00354	0.01427	0.00155	0.00452
95	0.01183	0.00654	0.00768	0.00594	0.00814	0.00666	0.00485	0.42830	0.01095	0.40684	0.00938	0.00927	0.00647	0.05843	0.00374	0.00103	0.00292	0.00293	0.00323	0.00487
96	0.00426	0.00320	0.00479	0.00479	0.00533	0.00373	0.00373	0.00533	0.00479	0.00692	0.00799	0.01172	0.00746	0.02237	0.88338	0.00479	0.00799	0.00320	0.00160	0.00266
97	0.21435	0.04247	0.00779	0.00663	0.00835	0.56916	0.00513	0.07518	0.00803	0.03069	0.00486	0.00549	0.00388	0.00304	0.00250	0.00081	0.00439	0.00192	0.00176	0.00358
98	0.00619	0.08094	0.77320	0.00838	0.01257	0.00732	0.04372	0.00947	0.01470	0.00930	0.00535	0.00630	0.00386	0.00281	0.00279	0.00092	0.00432	0.00222	0.00129	0.00435
99	0.02646	0.01319	0.00846	0.00750	0.00917	0.73644	0.00571	0.14093	0.00924	0.00914	0.00499	0.00564	0.00402	0.00314	0.00272	0.00079	0.00501	0.00203	0.00176	0.00370
100	0.00704	0.00804	0.01760	0.01257	0.01559	0.00754	0.86576	0.00955	0.00704	0.00955	0.00603	0.00804	0.00452	0.00251	0.00352	0.00101	0.00503	0.00352	0.00151	0.00402
101	0.00604	0.00304	0.00313	0.00300	0.00381	0.00304	0.00228	0.03335	0.00658	0.04505	0.00973	0.01096	0.00756	0.00349	0.00215	0.00071	0.00149	0.00279	0.84888	0.00294
102	0.00427	0.00304	0.00394	0.00371	0.00442	0.00281	0.00279	0.00568	0.00836	0.01193	0.84141	0.02184	0.02734	0.00599	0.00346	0.00093	0.00141	0.00529	0.03857	0.00281
103	0.00352	0.00302	0.00302	0.00302	0.00403	0.00252	0.00227	0.00428	0.00680	0.00806	0.03021	0.02870	0.87538	0.00755	0.00352	0.00101	0.00151	0.00629	0.00277	0.00252
104	0.00352	0.00302	0.00302	0.00302	0.00403	0.00252	0.00227	0.00428	0.00680	0.00806	0.03021	0.02870	0.87538	0.00755	0.00352	0.00101	0.00151	0.00629	0.00277	0.00252
105	0.01134	0.00835	0.00895	0.00686	0.00925	0.00925	0.00567	0.86665	0.01402	0.01879	0.00716	0.00716	0.00507	0.00358	0.00298	0.00089	0.00328	0.00268	0.00298	0.00507
106	0.91626	0.00577	0.00438	0.00392	0.00577	0.00669	0.00323	0.00877	0.00508	0.01338	0.00415	0.00484	0.00323	0.00277	0.00185	0.00092	0.00231	0.00161	0.00185	0.00323
107	0.00598	0.01543	0.87974	0.00850	0.01291	0.00693	0.01102	0.00944	0.00630	0.00944	0.00535	0.00630	0.00378	0.00283	0.00283	0.00094	0.00441	0.00220	0.00126	0.00441
108	0.01134	0.00835	0.00895	0.00686	0.00925	0.00925	0.00567	0.86665	0.01402	0.01879	0.00716	0.00716	0.00507	0.00358	0.00298	0.00089	0.00328	0.00268	0.00298	0.00507
109	0.91626	0.00577	0.00438	0.00392	0.00577	0.00669	0.00323	0.00877	0.00508	0.01338	0.00415	0.00484	0.00323	0.00277	0.00185	0.00092	0.00231	0.00161	0.00185	0.00323
110	0.01338	0.00508	0.00692	0.00531	0.00761	0.00438	0.00438	0.01453	0.00854	0.87866	0.01177	0.01015	0.00738	0.00369	0.00300	0.00092	0.00254	0.00300	0.00369	0.00508
111	0.91626	0.00577	0.00438	0.00392	0.00577	0.00669	0.00323	0.00877	0.00508	0.01338	0.00415	0.00484	0.00323	0.00277	0.00185	0.00092	0.00231	0.00161	0.00185	0.00323
112	0.00738	0.00709	0.01210	0.01830	0.87659	0.00709	0.00915	0.00915	0.00679	0.00974	0.00561	0.00738	0.00472	0.00266	0.00295	0.00089	0.00354	0.00266	0.00148	0.00472
113	0.00742	0.00641	0.00674	0.00607	0.00775	0.00742	0.00472	0.01585	0.87120	0.01247	0.01214	0.01113	0.00910	0.00405	0.00303	0.00101	0.00236	0.00337	0.00303	0.00472
114	0.00598	0.01543	0.87974	0.00850	0.01291	0.00693	0.01102	0.00944	0.00630	0.00944	0.00535	0.00630	0.00378	0.00283	0.00283	0.00094	0.00441	0.00220	0.00126	0.00441
115	0.01338	0.00508	0.00692	0.00531	0.00761	0.00438	0.00438	0.01453	0.00854	0.87866	0.01177	0.01015	0.00738	0.00369	0.00300	0.00092	0.00254	0.00300	0.00369	0.00508
116	0.01335	0.00513	0.00695	0.00533	0.00764	0.00446	0.00440	0.02758	0.00862	0.86549	0.01169	0.01010	0.00735	0.00369	0.00300	0.00092	0.00255	0.00299	0.00368	0.00508
117	0.00738	0.00709	0.01210	0.01830	0.87659	0.00709	0.00915	0.00915	0.00679	0.00974	0.00561	0.00738	0.00472	0.00266	0.00295	0.00089	0.00354	0.00266	0.00148	0.00472
118	0.00618	0.00630	0.01199	0.55764	0.05373	0.00695	0.29723	0.00833	0.00636	0.00836	0.00556	0.00796	0.00419	0.00281	0.00316	0.00099	0.00431	0.00294	0.00139	0.00361
119	0.00352	0.00302	0.00302	0.00302	0.00403	0.00252	0.00227	0.00428	0.00680	0.00806	0.03021	0.02870	0.87538	0.00755	0.00352	0.00101	0.00151	0.00629	0.00277	0.00252
120	0.00481	0.00343	0.00481	0.00549	0.00618	0.00343	0.00481	0.00618	0.00687	0.00892	0.01579	0.03364	0.01716	0.00824	0.00412	0.00137	0.00275	0.85652	0.00275	0.00275
121	0.00700	0.00834	0.05270	0.01240	0.01548	0.00752	0.83096	0.00955	0.00701	0.00955	0.00601	0.00797	0.00449	0.00253	0.00349	0.00100	0.00500	0.00347	0.00150	0.00404
122	0.00426	0.00320	0.00479	0.00479	0.00533	0.00373	0.00373	0.00533	0.00479	0.00692	0.00799	0.01172	0.00746	0.02237	0.88338	0.00479	0.00799	0.00320	0.00160	0.00266
123	0.00357	0.00302	0.00308	0.00307	0.00405	0.00254	0.00230	0.00436	0.00690	0.00830	0.08244	0.02830	0.82300	0.00746	0.00352	0.00100	0.00150	0.00624	0.00280	0.00254
124	0.01330	0.00521	0.00700	0.00537	0.00768	0.00458	0.00443	0.04839	0.00875	0.84449	0.01158	0.01003	0.00729	0.00369	0.00300	0.00092	0.00257	0.00299	0.00366	0.00508
125	0.01199	0.00788	0.03341	0.00629	0.00844	0.19160	0.01667	0.15218	0.00919	0.48620	0.00903	0.00848	0.00605	0.00387	0.01906	0.00096	0.01843	0.00270	0.00294	0.00462
126	0.00778	0.00418	0.00535	0.00457	0.00595	0.00393	0.00360	0.03730	0.08103	0.30216	0.45697	0.01707	0.03742	0.00510	0.00329	0.00094	0.00194	0.01425	0.00337	0.00380
127	0.01127	0.00832	0.00891	0.00685	0.00922	0.00921	0.00565	0.85120	0.02958	0.01868	0.00725	0.00723	0.00514	0.00359	0.00298	0.00090	0.00326	0.00270	0.00298	0.00507

[dist]
# distance from previous block
# <min> <max>
8	18

[block]
# block no. 1 follows, 97 sequences, length 43
# corresponding to MSA columns:
# 186-228
name=unknown_B
#
# <colnr> <probs for GDERKNQSTAVLIFYWHMCP>
#	G	D	E	R	K	N	Q	S	T	A	V	L	I	F	Y	W	H	M	C	P
0	0.00702	0.00716	0.04100	0.15235	0.62809	0.00708	0.07966	0.00892	0.00663	0.00934	0.00556	0.00747	0.00454	0.00275	0.00312	0.00092	0.01982	0.00271	0.00145	0.00441
1	0.00371	0.00319	0.00320	0.00317	0.00421	0.00276	0.00239	0.00484	0.04902	0.00827	0.02933	0.02784	0.83307	0.00738	0.00350	0.00101	0.00155	0.00615	0.00278	0.00263
2	0.00761	0.00754	0.01179	0.03560	0.79869	0.06784	0.00890	0.00931	0.00689	0.00953	0.00553	0.00725	0.00465	0.00269	0.00293	0.00088	0.00368	0.00261	0.00148	0.00461
3	0.00816	0.83196	0.03334	0.00524	0.00780	0.03344	0.00522	0.00917	0.00619	0.03083	0.00439	0.00498	0.00392	0.00260	0.00198	0.00066	0.00325	0.00165	0.00135	0.00386
4	0.00471	0.00340	0.00467	0.00531	0.00602	0.00336	0.00461	0.00604	0.00686	0.00886	0.01687	0.03327	0.08168	0.00819	0.00407	0.00135	0.00265	0.79261	0.00275	0.00273
5	0.00422	0.00305	0.00399	0.00375	0.00446	0.00281	0.00281	0.00563	0.00844	0.01196	0.87502	0.02228	0.02814	0.00610	0.00352	0.00094	0.00141	0.00539	0.00328	0.00281
6	0.00363	0.00260	0.00346	0.00415	0.00433	0.00242	0.00277	0.00415	0.00571	0.00761	0.01644	0.89325	0.01972	0.00934	0.00381	0.00121	0.00173	0.00848	0.00277	0.00242
7	0.01334	0.00514	0.00696	0.00534	0.00764	0.00448	0.00441	0.03105	0.00864	0.86199	0.01168	0.01009	0.00734	0.00369	0.00300	0.00092	0.00255	0.00299	0.00368	0.00508
8	0.00742	0.00641	0.00674	0.00607	0.00775	0.00742	0.00472	0.01585	0.87120	0.01247	0.01214	0.01113	0.00910	0.00405	0.00303	0.00101	0.00236	0.00337	0.00303	0.00472
9	0.01114	0.01421	0.00845	0.00768	0.00922	0.88322	0.00576	0.01191	0.00845	0.00730	0.00461	0.00538	0.00384	0.00307	0.00269	0.00077	0.00538	0.00192	0.00154	0.00346
10	0.00618	0.00530	0.00618	0.00442	0.00707	0.00398	0.00353	0.00751	0.00618	0.00972	0.00530	0.00618	0.00442	0.00221	0.00221	0.00044	0.00221	0.00177	0.00177	0.91343
11	0.00363	0.00260	0.00346	0.00415	0.00433	0.00242	0.00277	0.00415	0.00571	0.00761	0.01644	0.89325	0.01972	0.00934	0.00381	0.00121	0.00173	0.00848	0.00277	0.00242
12	0.00365	0.00260	0.00345	0.00413	0.00430	0.00244	0.00274	0.00416	0.00567	0.00756	0.01624	0.86944	0.01948	0.03348	0.00412	0.00126	0.00176	0.00836	0.00274	0.00241
13	0.00598	0.01543	0.87974	0.00850	0.01291	0.00693	0.01102	0.00944	0.00630	0.00944	0.00535	0.00630	0.00378	0.00283	0.00283	0.00094	0.00441	0.00220	0.00126	0.00441
14	0.01157	0.00798	0.00872	0.00668	0.00906	0.00869	0.00552	0.76911	0.01339	0.11722	0.00769	0.00750	0.00534	0.00359	0.00299	0.00090	0.00320	0.00272	0.00306	0.00507
15	0.00434	0.00289	0.00325	0.00325	0.00325	0.00289	0.00181	0.00434	0.00434	0.00578	0.00940	0.01952	0.01084	0.89520	0.01518	0.00289	0.00289	0.00434	0.00181	0.00181
16	0.91626	0.00577	0.00438	0.00392	0.00577	0.00669	0.00323	0.00877	0.00508	0.01338	0.00415	0.00484	0.00323	0.00277	0.00185	0.00092	0.00231	0.00161	0.00185	0.00323
17	0.00556	0.00278	0.00278	0.00278	0.00347	0.00278	0.00208	0.00695	0.00625	0.01112	0.00973	0.01112	0.00764	0.00347	0.00208	0.00069	0.00139	0.00278	0.91175	0.00278
18	0.01338	0.00508	0.00692	0.00531	0.00761	0.00438	0.00438	0.01453	0.00854	0.87866	0.01177	0.01015	0.00738	0.00369	0.00300	0.00092	0.00254	0.00300	0.00369	0.00508
19	0.00738	0.00707	0.01196	0.01797	0.85293	0.00709	0.00903	0.00933	0.03033	0.00982	0.00579	0.00748	0.00484	0.00269	0.00295	0.00089	0.00351	0.00268	0.00152	0.00472
20	0.00742	0.00641	0.00674	0.00607	0.00775	0.00742	0.00472	0.01585	0.87120	0.01247	0.01214	0.01113	0.00910	0.00405	0.00303	0.00101	0.00236	0.00337	0.00303	0.00472
21	0.00363	0.00260	0.00346	0.00415	0.00433	0.00242	0.00277	0.00415	0.00571	0.00761	0.01644	0.89325	0.01972	0.00934	0.00381	0.00121	0.00173	0.00848	0.00277	0.00242
22	0.00563	0.00530	0.00894	0.88803	0.02054	0.00663	0.00828	0.00762	0.00596	0.00762	0.00530	0.00795	0.00398	0.00298	0.00298	0.00099	0.00398	0.00265	0.00133	0.00331
23	0.01114	0.01421	0.00845	0.00768	0.00922	0.88322	0.00576	0.01191	0.00845	0.00730	0.00461	0.00538	0.00384	0.00307	0.00269	0.00077	0.00538	0.00192	0.00154	0.00346
24	0.01093	0.07248	0.00892	0.00751	0.00912	0.82571	0.00572	0.01171	0.00829	0.00728	0.00458	0.00534	0.00384	0.00304	0.00264	0.00076	0.00523	0.00190	0.00152	0.00348
25	0.01114	0.01421	0.00845	0.00768	0.00922	0.88322	0.00576	0.01191	0.00845	0.00730	0.00461	0.00538	0.00384	0.00307	0.00269	0.00077	0.00538	0.00192	0.00154	0.00346
26	0.01134	0.00835	0.00895	0.00686	0.00925	0.00925	0.00567	0.86665	0.01402	0.01879	0.00716	0.00716	0.00507	0.00358	0.00298	0.00089	0.00328	0.00268	0.00298	0.00507
27	0.01134	0.00835	0.00895	0.00686	0.00925	0.00925	0.00567	0.86665	0.01402	0.01879	0.00716	0.00716	0.00507	0.00358	0.00298	0.00089	0.00328	0.00268	0.00298	0.00507
28	0.00563	0.00530	0.00894	0.88803	0.02054	0.00663	0.00828	0.00762	0.00596	0.00762	0.00530	0.00795	0.00398	0.00298	0.00298	0.00099	0.00398	0.00265	0.00133	0.00331
29	0.00642	0.00635	0.00885	0.00761	0.00761	0.00883	0.00629	0.00704	0.00456	0.00711	0.00418	0.00716	0.00425	0.04869	0.01005	0.00138	0.84642	0.00269	0.00133	0.00319
30	0.91626	0.00577	0.00438	0.00392	0.00577	0.00669	0.00323	0.00877	0.00508	0.01338	0.00415	0.00484	0.00323	0.00277	0.00185	0.00092	0.00231	0.00161	0.00185	0.00323
31	0.00738	0.00709	0.01210	0.01830	0.87659	0.00709	0.00915	0.00915	0.00679	0.00974	0.00561	0.00738	0.00472	0.00266	0.00295	0.00089	0.00354	0.00266	0.00148	0.00472
32	0.00426	0.00320	0.00479	0.00479	0.00533	0.00373	0.00373	0.00533	0.00479	0.00692	0.00799	0.01172	0.00746	0.02237	0.88338	0.00479	0.00799	0.00320	0.00160	0.00266
33	0.00363	0.00260	0.00346	0.00415	0.00433	0.00242	0.00277	0.00415	0.00571	0.00761	0.01644	0.89325	0.01972	0.00934	0.00381	0.00121	0.00173	0.00848	0.00277	0.00242
34	0.00598	0.01543	0.87974	0.00850	0.01291	0.00693	0.01102	0.00944	0.00630	0.00944	0.00535	0.00630	0.00378	0.00283	0.00283	0.00094	0.00441	0.00220	0.00126	0.00441
35	0.00359	0.00304	0.00311	0.00314	0.00413	0.00256	0.00239	0.00437	0.00680	0.00810	0.02951	0.02894	0.83347	0.00759	0.00355	0.00102	0.00157	0.04782	0.00277	0.00253
36	0.00679	0.00698	0.02102	0.15972	0.34340	0.07728	0.16870	0.00859	0.01619	0.00876	0.00653	0.05163	0.00574	0.02457	0.07037	0.00128	0.00427	0.01271	0.00157	0.00389
37	0.00434	0.00289	0.00325	0.00325	0.00325	0.00289	0.00181	0.00434	0.00434	0.00578	0.00940	0.01952	0.01084	0.89520	0.01518	0.00289	0.00289	0.00434	0.00181	0.00181
38	0.01080	0.11492	0.00933	0.00730	0.00904	0.68584	0.00568	0.10675	0.00880	0.00855	0.00484	0.00551	0.00398	0.00307	0.00263	0.00077	0.00489	0.00197	0.00167	0.00368
39	0.00976	0.00919	0.18194	0.00799	0.10978	0.11190	0.00662	0.18729	0.02689	0.22777	0.00740	0.00754	0.00523	0.00318	0.00285	0.00086	0.00349	0.00250	0.00236	0.08546
40	0.09639	0.00739	0.02175	0.01785	0.02903	0.01820	0.45736	0.13932	0.04602	0.05327	0.00730	0.03399	0.01654	0.01538	0.00344	0.00101	0.01372	0.01597	0.00201	0.00407
41	0.07021	0.02743	0.00508	0.00448	0.00518	0.11432	0.00313	0.07304	0.02435	0.02075	0.00801	0.01412	0.00829	0.49714	0.10091	0.00239	0.01317	0.00347	0.00188	0.00263
42	0.00580	0.02253	0.58143	0.00816	0.01153	0.00646	0.10499	0.00859	0.00610	0.00896	0.01878	0.00770	0.00489	0.00644	0.16277	0.00165	0.02527	0.00258	0.00138	0.00399

[dist]
# distance from previous block
# <min> <max>
0	1

[block]
# block no. 2 follows, 97 sequences, length 34
# corresponding to MSA columns:
# 230-263
name=unknown_C
#
# <colnr> <probs for GDERKNQSTAVLIFYWHMCP>
#	G	D	E	R	K	N	Q	S	T	A	V	L	I	F	Y	W	H	M	C	P
0	0.00618	0.00530	0.00618	0.00442	0.00707	0.00398	0.00353	0.00751	0.00618	0.00972	0.00530	0.00618	0.00442	0.00221	0.00221	0.00044	0.00221	0.00177	0.00177	0.91343
1	0.00504	0.00323	0.00352	0.00335	0.00421	0.00311	0.00254	0.04752	0.01918	0.01107	0.25753	0.01794	0.20432	0.00512	0.00286	0.00085	0.00153	0.00429	0.39995	0.00287
2	0.10765	0.00576	0.00703	0.00545	0.00772	0.00553	0.00450	0.17190	0.00919	0.62854	0.01011	0.00904	0.00652	0.00357	0.00288	0.00092	0.00265	0.00280	0.00337	0.00488
3	0.49812	0.00545	0.00556	0.00456	0.00662	0.00562	0.00376	0.01144	0.00668	0.41410	0.00768	0.00730	0.00515	0.00320	0.00238	0.00092	0.00241	0.00226	0.00270	0.00408
4	0.00943	0.01124	0.00920	0.00819	0.02898	0.53165	0.05196	0.02440	0.02283	0.00772	0.00468	0.00603	0.00403	0.00368	0.00482	0.00095	0.26291	0.00226	0.00152	0.00351
5	0.00354	0.00302	0.00304	0.00304	0.00404	0.00252	0.00228	0.00431	0.00684	0.00815	0.04968	0.02855	0.85586	0.00752	0.00352	0.00101	0.00151	0.00627	0.00278	0.00252
6	0.00742	0.00641	0.00674	0.00607	0.00775	0.00742	0.00472	0.01585	0.87120	0.01247	0.01214	0.01113	0.00910	0.00405	0.00303	0.00101	0.00236	0.00337	0.00303	0.00472
7	0.01114	0.01421	0.00845	0.00768	0.00922	0.88322	0.00576	0.01191	0.00845	0.00730	0.00461	0.00538	0.00384	0.00307	0.00269	0.00077	0.00538	0.00192	0.00154	0.00346
8	0.00426	0.00320	0.00479	0.00479	0.00533	0.00373	0.00373	0.00533	0.00479	0.00692	0.00799	0.01172	0.00746	0.02237	0.88338	0.00479	0.00799	0.00320	0.00160	0.00266
9	0.00363	0.00260	0.00346	0.00415	0.00433	0.00242	0.00277	0.00415	0.00571	0.00761	0.01644	0.89325	0.01972	0.00934	0.00381	0.00121	0.00173	0.00848	0.00277	0.00242
10	0.00363	0.00260	0.00346	0.00415	0.00433	0.00242	0.00277	0.00415	0.00571	0.00761	0.01644	0.89325	0.01972	0.00934	0.00381	0.00121	0.00173	0.00848	0.00277	0.00242
11	0.00598	0.01543	0.87974	0.00850	0.01291	0.00693	0.01102	0.00944	0.00630	0.00944	0.00535	0.00630	0.00378	0.00283	0.00283	0.00094	0.00441	0.00220	0.00126	0.00441
12	0.00738	0.00709	0.01210	0.01830	0.87659	0.00709	0.00915	0.00915	0.00679	0.00974	0.00561	0.00738	0.00472	0.00266	0.00295	0.00089	0.00354	0.00266	0.00148	0.00472
13	0.06906	0.00820	0.01624	0.01173	0.01460	0.05176	0.76364	0.00962	0.00698	0.00970	0.00583	0.00769	0.00440	0.00256	0.00336	0.00099	0.00486	0.00331	0.00153	0.00394
14	0.00563	0.00530	0.00894	0.88803	0.02054	0.00663	0.00828	0.00762	0.00596	0.00762	0.00530	0.00795	0.00398	0.00298	0.00298	0.00099	0.00398	0.00265	0.00133	0.00331
15	0.00420	0.00305	0.00395	0.00373	0.00444	0.00280	0.00280	0.00558	0.00839	0.01182	0.84604	0.02250	0.05720	0.00615	0.00352	0.00094	0.00141	0.00542	0.00327	0.00280
16	0.00422	0.00305	0.00399	0.00375	0.00446	0.00281	0.00281	0.00563	0.00844	0.01196	0.87502	0.02228	0.02814	0.00610	0.00352	0.00094	0.00141	0.00539	0.00328	0.00281
17	0.34562	0.00756	0.03168	0.00635	0.00865	0.00808	0.08517	0.44600	0.00985	0.01568	0.00589	0.00636	0.00430	0.00316	0.00261	0.00092	0.00311	0.00235	0.00238	0.00427
18	0.00704	0.00804	0.01760	0.01257	0.01559	0.00754	0.86576	0.00955	0.00704	0.00955	0.00603	0.00804	0.00452	0.00251	0.00352	0.00101	0.00503	0.00352	0.00151	0.00402
19	0.00381	0.00334	0.00327	0.00328	0.00426	0.02280	0.00244	0.00476	0.03022	0.00813	0.02834	0.07724	0.78291	0.00746	0.00351	0.00101	0.00163	0.00624	0.00275	0.00259
20	0.00758	0.00738	0.02090	0.08583	0.43964	0.05134	0.07564	0.05297	0.20745	0.01050	0.00715	0.00822	0.00562	0.00306	0.00301	0.00093	0.00351	0.00285	0.00190	0.00450
21	0.04185	0.04456	0.01958	0.00754	0.00915	0.78242	0.01731	0.01154	0.00813	0.00755	0.00459	0.00541	0.00383	0.00308	0.00279	0.00079	0.02294	0.00194	0.00153	0.00348
22	0.00598	0.01543	0.87974	0.00850	0.01291	0.00693	0.01102	0.00944	0.00630	0.00944	0.00535	0.00630	0.00378	0.00283	0.00283	0.00094	0.00441	0.00220	0.00126	0.00441
23	0.00563	0.00530	0.00894	0.88803	0.02054	0.00663	0.00828	0.00762	0.00596	0.00762	0.00530	0.00795	0.00398	0.00298	0.00298	0.00099	0.00398	0.00265	0.00133	0.00331
24	0.01114	0.01421	0.00845	0.00768	0.00922	0.88322	0.00576	0.01191	0.00845	0.00730	0.00461	0.00538	0.00384	0.00307	0.00269	0.00077	0.00538	0.00192	0.00154	0.00346
25	0.00433	0.00290	0.00330	0.00330	0.00332	0.00292	0.00187	0.00437	0.00435	0.00582	0.00935	0.01925	0.01073	0.86558	0.04464	0.00296	0.00306	0.00430	0.00180	0.00184
26	0.00652	0.00652	0.00913	0.00783	0.00783	0.00913	0.00652	0.00718	0.00457	0.00718	0.00391	0.00652	0.00391	0.00522	0.00979	0.00130	0.88974	0.00261	0.00130	0.00326
27	0.00352	0.00302	0.00302	0.00302	0.00403	0.00252	0.00227	0.00428	0.00680	0.00806	0.03021	0.02870	0.87538	0.00755	0.00352	0.00101	0.00151	0.00629	0.00277	0.00252
28	0.00434	0.00289	0.00325	0.00325	0.00325	0.00289	0.00181	0.00434	0.00434	0.00578	0.00940	0.01952	0.01084	0.89520	0.01518	0.00289	0.00289	0.00434	0.00181	0.00181
29	0.00426	0.00320	0.00479	0.00479	0.00533	0.00373	0.00373	0.00533	0.00479	0.00692	0.00799	0.01172	0.00746	0.02237	0.88338	0.00479	0.00799	0.00320	0.00160	0.00266
30	0.00704	0.00804	0.01760	0.01257	0.01559	0.00754	0.86576	0.00955	0.00704	0.00955	0.00603	0.00804	0.00452	0.00251	0.00352	0.00101	0.00503	0.00352	0.00151	0.00402
31	0.00426	0.00288	0.00336	0.00343	0.00348	0.00289	0.00202	0.00438	0.00450	0.00603	0.01001	0.10500	0.01152	0.75642	0.06543	0.00284	0.00308	0.00468	0.00189	0.00192
32	0.00763	0.00641	0.00679	0.00607	0.00778	0.00738	0.00473	0.03142	0.83577	0.03239	0.01204	0.01103	0.00899	0.00403	0.00303	0.00101	0.00238	0.00335	0.00305	0.00473
33	0.00734	0.00705	0.01203	0.03761	0.85759	0.00708	0.00913	0.00912	0.00677	0.00970	0.00560	0.00739	0.00471	0.00266	0.00295	0.00089	0.00355	0.00266	0.00147	0.00469

[dist]
# distance from previous block
# <min> <max>
0	2

[block]
# block no. 3 follows, 97 sequences, length 21
# corresponding to MSA columns:
# 266-286
name=unknown_D
#
# <colnr> <probs for GDERKNQSTAVLIFYWHMCP>
#	G	D	E	R	K	N	Q	S	T	A	V	L	I	F	Y	W	H	M	C	P
0	0.00922	0.03183	0.00819	0.00634	0.03490	0.04005	0.00500	0.45978	0.04744	0.01444	0.00652	0.00688	0.00493	0.00306	0.00268	0.00074	0.00297	0.00235	0.00243	0.31025
1	0.00708	0.36819	0.27872	0.00647	0.00961	0.00831	0.05653	0.00909	0.01987	0.02900	0.00515	0.00593	0.00413	0.00262	0.00239	0.00073	0.00345	0.00199	0.00146	0.17928
2	0.00893	0.02282	0.09477	0.02043	0.12503	0.18279	0.17816	0.05792	0.07791	0.13862	0.02310	0.00792	0.00557	0.00321	0.00329	0.00092	0.03954	0.00278	0.00203	0.00424
3	0.00436	0.00337	0.00524	0.00507	0.00568	0.00386	0.03395	0.00547	0.00487	0.00702	0.00792	0.01159	0.00735	0.02167	0.85253	0.00466	0.00788	0.00321	0.00159	0.00271
4	0.00616	0.00589	0.01054	0.65301	0.10481	0.00677	0.13849	0.00819	0.00625	0.02341	0.00556	0.00795	0.00419	0.00289	0.00306	0.00098	0.00407	0.00279	0.00141	0.00359
5	0.00713	0.00844	0.07426	0.01221	0.06039	0.00757	0.70360	0.04005	0.01887	0.00988	0.00604	0.00787	0.00455	0.00266	0.00355	0.00100	0.02292	0.00334	0.00156	0.00412
6	0.00678	0.00551	0.00682	0.00617	0.02080	0.04115	0.08264	0.05356	0.28738	0.07183	0.04213	0.13861	0.09931	0.00552	0.00338	0.00106	0.00265	0.11817	0.00276	0.00378
7	0.00430	0.00294	0.00356	0.00359	0.00370	0.00304	0.00222	0.00452	0.00448	0.00607	0.00938	0.05030	0.01051	0.69096	0.18531	0.00320	0.00385	0.00427	0.00180	0.00200
8	0.91626	0.00577	0.00438	0.00392	0.00577	0.00669	0.00323	0.00877	0.00508	0.01338	0.00415	0.00484	0.00323	0.00277	0.00185	0.00092	0.00231	0.00161	0.00185	0.00323
9	0.00397	0.00303	0.00365	0.00352	0.00431	0.00270	0.00263	0.00513	0.00781	0.01053	0.56723	0.05073	0.31055	0.00668	0.00353	0.00097	0.00145	0.00579	0.00310	0.00270
10	0.00693	0.00772	0.01651	0.03900	0.03234	0.00732	0.77355	0.02296	0.00706	0.00957	0.00644	0.04412	0.00514	0.00283	0.00349	0.00101	0.00480	0.00366	0.00158	0.00397
11	0.24895	0.00660	0.06183	0.00809	0.11824	0.01361	0.16837	0.03087	0.04242	0.05009	0.01518	0.07979	0.00687	0.00376	0.00287	0.00096	0.00314	0.06829	0.00201	0.06804
12	0.00618	0.00530	0.00618	0.00442	0.00707	0.00398	0.00353	0.00751	0.00618	0.00972	0.00530	0.00618	0.00442	0.00221	0.00221	0.00044	0.00221	0.00177	0.00177	0.91343
13	0.00626	0.13039	0.74789	0.00815	0.01228	0.00758	0.02908	0.00938	0.00628	0.00913	0.00521	0.00614	0.00380	0.00279	0.00273	0.00091	0.00426	0.00215	0.00127	0.00432
14	0.00794	0.00768	0.02980	0.03828	0.07531	0.03421	0.39212	0.08943	0.20123	0.05975	0.00766	0.00857	0.00571	0.00313	0.00339	0.00098	0.02518	0.00319	0.00209	0.00433
15	0.00426	0.00320	0.00479	0.00479	0.00533	0.00373	0.00373	0.00533	0.00479	0.00692	0.00799	0.01172	0.00746	0.02237	0.88338	0.00479	0.00799	0.00320	0.00160	0.00266
16	0.00413	0.00335	0.00413	0.00388	0.00481	0.00307	0.03100	0.00557	0.05048	0.00977	0.35297	0.07175	0.40457	0.00718	0.02897	0.00110	0.00183	0.00574	0.00291	0.00279
17	0.00426	0.00320	0.00479	0.00479	0.00533	0.00373	0.00373	0.00533	0.00479	0.00692	0.00799	0.01172	0.00746	0.02237	0.88338	0.00479	0.00799	0.00320	0.00160	0.00266
18	0.00726	0.00625	0.00661	0.00599	0.00761	0.00721	0.00464	0.01536	0.83540	0.01227	0.01232	0.04762	0.00954	0.00427	0.00307	0.00102	0.00233	0.00358	0.00302	0.00463
19	0.02922	0.00737	0.00837	0.00672	0.03379	0.00788	0.00537	0.60895	0.01212	0.20753	0.00810	0.00793	0.00561	0.00418	0.03185	0.00103	0.00326	0.00275	0.00303	0.00495
20	0.05116	0.00548	0.00738	0.02788	0.05213	0.00510	0.01848	0.05495	0.04914	0.67981	0.01067	0.00960	0.00691	0.00357	0.00296	0.00093	0.00268	0.00292	0.00334	0.00490

[dist]
# distance from previous block
# <min> <max>
0	2

[block]
# block no. 4 follows, 97 sequences, length 8
# corresponding to MSA columns:
# 289-296
name=unknown_E
#
# <colnr> <probs for GDERKNQSTAVLIFYWHMCP>
#	G	D	E	R	K	N	Q	S	T	A	V	L	I	F	Y	W	H	M	C	P
0	0.00555	0.00294	0.00300	0.00300	0.00372	0.00298	0.00224	0.00723	0.04680	0.01101	0.01017	0.05438	0.00830	0.00379	0.00221	0.00074	0.00145	0.00309	0.82455	0.00285
1	0.00588	0.00502	0.00530	0.00488	0.00626	0.00544	0.00376	0.01122	0.51744	0.01098	0.08727	0.01781	0.29584	0.00536	0.00323	0.00100	0.00200	0.00450	0.00297	0.00384
2	0.01028	0.07000	0.03598	0.00701	0.03286	0.10256	0.00570	0.49964	0.14613	0.04862	0.00754	0.00752	0.00552	0.00348	0.00288	0.00088	0.00337	0.00263	0.00265	0.00473
3	0.00648	0.00355	0.00471	0.00413	0.00523	0.00320	0.00320	0.00782	0.00846	0.22556	0.66227	0.01929	0.02302	0.00550	0.00339	0.00093	0.00169	0.00480	0.00338	0.00337
4	0.00790	0.61158	0.17987	0.00621	0.00905	0.07453	0.03116	0.03513	0.00655	0.00793	0.00456	0.00528	0.00388	0.00267	0.00222	0.00072	0.00364	0.00182	0.00135	0.00395
5	0.36028	0.00737	0.00740	0.00651	0.04115	0.09475	0.07584	0.12820	0.22800	0.01283	0.00686	0.00718	0.00521	0.00321	0.00257	0.00093	0.00303	0.00244	0.00223	0.00401
6	0.00379	0.00303	0.00342	0.00353	0.00437	0.00266	0.00269	0.00469	0.00695	0.00871	0.15659	0.11652	0.55931	0.00759	0.00362	0.00106	0.00166	0.10437	0.00285	0.00258
7	0.00821	0.68253	0.01359	0.00555	0.00778	0.14977	0.00518	0.00918	0.00651	0.00722	0.00518	0.00727	0.00493	0.00311	0.00222	0.00072	0.00350	0.07244	0.00144	0.00368

[dist]
# distance from previous block
# <min> <max>
0	15

[block]
# block no. 5 follows, 97 sequences, length 52
# corresponding to MSA columns:
# 312-363
name=unknown_F
#
# <colnr> <probs for GDERKNQSTAVLIFYWHMCP>
#	G	D	E	R	K	N	Q	S	T	A	V	L	I	F	Y	W	H	M	C	P
0	0.91626	0.00577	0.00438	0.00392	0.00577	0.00669	0.00323	0.00877	0.00508	0.01338	0.00415	0.00484	0.00323	0.00277	0.00185	0.00092	0.00231	0.00161	0.00185	0.00323
