[name]
unknown

[dist]
# distance from previous block
# <min> <max>
2	3

[block]
# block no. 0 follows, 81 sequences, length 31
# corresponding to MSA columns:
# 98-100,102-117,119-123,126-132
name=unknown_A
#
# <colnr> <probs for GDERKNQSTAVLIFYWHMCP>
#	G	D	E	R	K	N	Q	S	T	A	V	L	I	F	Y	W	H	M	C	P
0	0.00696	0.01767	0.84102	0.00996	0.01502	0.00804	0.03224	0.01094	0.00731	0.01094	0.00622	0.00734	0.00440	0.00327	0.00330	0.00110	0.00512	0.00259	0.00147	0.00510
1	0.00507	0.00428	0.00451	0.00433	0.00561	0.00411	0.00329	0.00777	0.17380	0.01068	0.09963	0.02797	0.59216	0.00836	0.03180	0.00130	0.00218	0.00642	0.00328	0.00345
2	0.00419	0.00343	0.00370	0.00378	0.00477	0.00294	0.00278	0.00511	0.00790	0.00975	0.12276	0.15545	0.64372	0.00887	0.00413	0.00119	0.00177	0.00755	0.00327	0.00294
3	0.00914	0.00769	0.00812	0.00714	0.00919	0.00885	0.00560	0.11735	0.75093	0.01533	0.01337	0.01234	0.00999	0.00462	0.00351	0.00116	0.00286	0.00381	0.00351	0.00552
4	0.00422	0.00321	0.00381	0.00427	0.00480	0.00288	0.00292	0.00488	0.00695	0.00885	0.02418	0.51375	0.32058	0.07151	0.00522	0.00146	0.00201	0.00857	0.00313	0.00280
5	0.00840	0.00928	0.01954	0.01404	0.01738	0.00890	0.77359	0.05568	0.00850	0.01155	0.00698	0.00921	0.00525	0.00308	0.00427	0.00117	0.03266	0.00399	0.00183	0.00470
6	0.00931	0.00473	0.00607	0.00518	0.00683	0.00430	0.00407	0.02953	0.04406	0.34884	0.33485	0.06195	0.11337	0.00617	0.00382	0.00111	0.00228	0.00527	0.00387	0.00439
7	0.90299	0.00668	0.00508	0.00454	0.00668	0.00775	0.00374	0.01015	0.00588	0.01550	0.00481	0.00561	0.00374	0.00321	0.00214	0.00107	0.00267	0.00187	0.00214	0.00374
8	0.00813	0.00923	0.01991	0.01430	0.01762	0.00883	0.80414	0.01093	0.00802	0.01093	0.00687	0.00923	0.00521	0.00306	0.00443	0.00118	0.04761	0.00403	0.00174	0.00462
9	0.00644	0.00322	0.00322	0.00322	0.00402	0.00322	0.00241	0.00805	0.00724	0.01288	0.01127	0.01288	0.00885	0.00402	0.00241	0.00080	0.00161	0.00322	0.89777	0.00322
10	0.90299	0.00668	0.00508	0.00454	0.00668	0.00775	0.00374	0.01015	0.00588	0.01550	0.00481	0.00561	0.00374	0.00321	0.00214	0.00107	0.00267	0.00187	0.00214	0.00374
11	0.01290	0.01646	0.00979	0.00890	0.01068	0.86472	0.00667	0.01379	0.00979	0.00845	0.00534	0.00623	0.00445	0.00356	0.00311	0.00089	0.00623	0.00222	0.00178	0.00400
12	0.00804	0.00891	0.01812	0.01362	0.04329	0.00911	0.64193	0.01047	0.00754	0.01050	0.00646	0.00892	0.00510	0.00358	0.00558	0.00123	0.18757	0.00382	0.00170	0.00450
13	0.00474	0.00350	0.00443	0.00425	0.00509	0.00319	0.00317	0.00622	0.00936	0.01299	0.70143	0.06785	0.14599	0.00748	0.00409	0.00111	0.00166	0.00656	0.00369	0.00319
14	0.87200	0.00665	0.00518	0.00460	0.00676	0.00766	0.00379	0.01039	0.00602	0.04497	0.00512	0.00583	0.00391	0.00324	0.00218	0.00107	0.00268	0.00193	0.00221	0.00382
15	0.00731	0.00770	0.09220	0.06936	0.29534	0.00677	0.12599	0.04717	0.01874	0.02370	0.01029	0.20546	0.02321	0.04572	0.00440	0.00126	0.00388	0.00487	0.00220	0.00444
16	0.00759	0.00854	0.05950	0.02545	0.05971	0.00802	0.51445	0.02242	0.01659	0.01055	0.02328	0.03659	0.00687	0.06116	0.04417	0.00153	0.08330	0.00408	0.00186	0.00434
17	0.00490	0.00343	0.00440	0.00449	0.00472	0.00362	0.00297	0.00539	0.00538	0.00739	0.01126	0.11650	0.01240	0.49106	0.30326	0.00387	0.00520	0.00512	0.00214	0.00251
18	0.00600	0.00300	0.00450	0.00450	0.00450	0.00300	0.00300	0.00450	0.00450	0.00600	0.00600	0.01050	0.00600	0.01200	0.01350	0.89949	0.00300	0.00300	0.00150	0.00150
19	0.04569	0.01132	0.07005	0.00940	0.03348	0.18282	0.12836	0.43472	0.01241	0.01610	0.00732	0.01906	0.00552	0.00381	0.00343	0.00104	0.00462	0.00307	0.00263	0.00514
20	0.00813	0.00918	0.01981	0.03746	0.05866	0.00868	0.78226	0.01098	0.00811	0.01102	0.00694	0.00928	0.00524	0.00293	0.00403	0.00116	0.00571	0.00400	0.00174	0.00468
21	0.00430	0.00314	0.00407	0.00477	0.00513	0.00291	0.00331	0.00502	0.00690	0.00906	0.03328	0.71033	0.11509	0.01045	0.00439	0.00139	0.00205	0.06834	0.00321	0.00285
22	0.01091	0.00494	0.00614	0.00516	0.00696	0.00457	0.00409	0.06924	0.00910	0.42338	0.01436	0.11397	0.05442	0.00520	0.00332	0.00104	0.00246	0.00432	0.25178	0.00463
23	0.00884	0.03128	0.02150	0.09212	0.30002	0.08544	0.03038	0.07422	0.05794	0.07937	0.01946	0.10346	0.05193	0.02409	0.00385	0.00114	0.00381	0.00409	0.00240	0.00468
24	0.00693	0.01787	0.86069	0.00985	0.01495	0.00802	0.01276	0.01094	0.00729	0.01094	0.00620	0.00729	0.00438	0.00328	0.00328	0.00109	0.00511	0.00255	0.00146	0.00511
25	0.00756	0.00756	0.01058	0.00907	0.00907	0.01058	0.00756	0.00831	0.00529	0.00831	0.00453	0.00756	0.00453	0.00605	0.01134	0.00151	0.87227	0.00302	0.00151	0.00378
26	0.67947	0.00688	0.01950	0.01707	0.00758	0.01941	0.00431	0.02489	0.00691	0.17691	0.00660	0.00692	0.00473	0.00344	0.00247	0.00107	0.00286	0.00223	0.00254	0.00421
27	0.00410	0.00345	0.00355	0.00364	0.00470	0.00290	0.00269	0.00494	0.00774	0.00928	0.03334	0.12064	0.76932	0.00896	0.00412	0.00119	0.00178	0.00755	0.00321	0.00290
28	0.23427	0.11307	0.03729	0.02967	0.02999	0.13714	0.08417	0.14010	0.02144	0.05660	0.00754	0.08025	0.00644	0.00407	0.00306	0.00104	0.00392	0.00318	0.00235	0.00442
29	0.00977	0.00760	0.02500	0.07675	0.12653	0.06890	0.01555	0.10392	0.08900	0.16726	0.05909	0.03196	0.01995	0.01906	0.00369	0.00103	0.01346	0.00344	0.00277	0.15529
30	0.00948	0.76420	0.03278	0.00620	0.00911	0.03783	0.00608	0.06689	0.00770	0.00911	0.00516	0.00593	0.00461	0.00349	0.01854	0.00086	0.00391	0.00199	0.00163	0.00451

[dist]
# distance from previous block
# <min> <max>
11	45

[block]
# block no. 1 follows, 81 sequences, length 11
# corresponding to MSA columns:
# 224-234
name=unknown_B
#
# <colnr> <probs for GDERKNQSTAVLIFYWHMCP>
#	G	D	E	R	K	N	Q	S	T	A	V	L	I	F	Y	W	H	M	C	P
0	0.00793	0.00671	0.00793	0.00745	0.09042	0.00653	0.00526	0.01289	0.35861	0.03303	0.01073	0.03770	0.02777	0.00394	0.00316	0.00089	0.00275	0.00332	0.00274	0.37024
1	0.03843	0.14025	0.18673	0.06739	0.10207	0.21630	0.03516	0.05306	0.06786	0.02569	0.01907	0.02044	0.00580	0.00360	0.00316	0.00100	0.00461	0.00279	0.00196	0.00465
2	0.00578	0.00448	0.00535	0.00477	0.00627	0.00391	0.00359	0.00763	0.06678	0.03169	0.24476	0.19572	0.14097	0.00658	0.00366	0.00101	0.00209	0.00572	0.00309	0.25614
3	0.00502	0.00338	0.00390	0.00390	0.00394	0.00342	0.00226	0.00511	0.00506	0.00680	0.01076	0.02194	0.01227	0.81571	0.08007	0.00351	0.00378	0.00493	0.00208	0.00217
4	0.00498	0.00335	0.00387	0.00391	0.00396	0.00337	0.00227	0.00507	0.00513	0.00687	0.01120	0.06432	0.01286	0.79055	0.06180	0.00337	0.00360	0.00519	0.00214	0.00218
5	0.00834	0.00789	0.01112	0.18765	0.24793	0.06015	0.07179	0.06936	0.18161	0.01165	0.00853	0.03206	0.00691	0.00525	0.05718	0.00138	0.02071	0.00348	0.00222	0.00477
6	0.00726	0.03903	0.16239	0.06023	0.04973	0.00733	0.29441	0.05727	0.00796	0.01108	0.04580	0.11810	0.00889	0.01957	0.04965	0.00141	0.01624	0.00434	0.03502	0.00431
7	0.03998	0.01115	0.04013	0.00759	0.00965	0.32493	0.00613	0.25949	0.04699	0.03953	0.05787	0.01083	0.07706	0.00486	0.01778	0.00110	0.03444	0.00330	0.00265	0.00456
8	0.06808	0.41080	0.11472	0.00715	0.01018	0.02705	0.03565	0.21459	0.02260	0.03500	0.00653	0.02172	0.00528	0.00351	0.00281	0.00092	0.00388	0.00254	0.00215	0.00485
9	0.01106	0.12611	0.02281	0.06923	0.01167	0.19308	0.08276	0.27640	0.04635	0.06245	0.00745	0.00836	0.00571	0.01536	0.03064	0.00117	0.01916	0.00293	0.00247	0.00483
10	0.06193	0.05714	0.00990	0.05556	0.04466	0.54834	0.00663	0.05512	0.05409	0.00995	0.00614	0.00722	0.00504	0.00460	0.04105	0.00115	0.02285	0.00248	0.00194	0.00419

[dist]
# distance from previous block
# <min> <max>
0	1

[block]
# block no. 2 follows, 81 sequences, length 17
# corresponding to MSA columns:
# 324-340
name=unknown_C
#
# <colnr> <probs for GDERKNQSTAVLIFYWHMCP>
#	G	D	E	R	K	N	Q	S	T	A	V	L	I	F	Y	W	H	M	C	P
0	0.00742	0.00704	0.01077	0.55545	0.19784	0.03546	0.00917	0.02843	0.07660	0.01009	0.00747	0.00975	0.02264	0.00360	0.00345	0.00112	0.00432	0.00320	0.00182	0.00435
1	0.00496	0.00361	0.00511	0.00511	0.00557	0.00408	0.00377	0.00588	0.00542	0.00769	0.00966	0.01581	0.00961	0.23739	0.65476	0.00501	0.00779	0.00403	0.00191	0.00284
2	0.00805	0.00688	0.00733	0.00663	0.00843	0.00784	0.00514	0.01665	0.73345	0.01421	0.10216	0.01496	0.04292	0.00508	0.00359	0.00116	0.00258	0.00427	0.00353	0.00515
3	0.00716	0.00614	0.00716	0.00512	0.00819	0.00461	0.00409	0.00870	0.00716	0.01126	0.00614	0.00716	0.00512	0.00256	0.00256	0.00051	0.00256	0.00205	0.00205	0.89971
4	0.00662	0.00624	0.01053	0.83112	0.06224	0.00770	0.00964	0.00891	0.00695	0.00894	0.00616	0.00918	0.00465	0.00344	0.00345	0.00115	0.00458	0.00307	0.00154	0.00391
5	0.01474	0.00671	0.00848	0.00655	0.00921	0.00636	0.00539	0.18410	0.04519	0.65624	0.01257	0.01111	0.00809	0.00427	0.00347	0.00107	0.00311	0.00342	0.00408	0.00586
6	0.00424	0.00333	0.00384	0.00408	0.00486	0.00293	0.00292	0.00513	0.00771	0.00980	0.14745	0.32532	0.44767	0.00923	0.00420	0.00124	0.00182	0.00802	0.00329	0.00293
7	0.00459	0.00328	0.00445	0.00525	0.00562	0.00314	0.00388	0.00548	0.00699	0.00925	0.01883	0.63906	0.02201	0.01046	0.00451	0.00146	0.00234	0.24330	0.00320	0.00291
8	0.00449	0.00343	0.00398	0.00415	0.00487	0.00312	0.00299	0.00534	0.00741	0.00947	0.13399	0.17936	0.38381	0.14862	0.02266	0.00166	0.00229	0.07243	0.00308	0.00283
9	0.00924	0.88067	0.01810	0.00591	0.00887	0.01367	0.00591	0.01034	0.00702	0.00813	0.00480	0.00554	0.00443	0.00296	0.00222	0.00074	0.00369	0.00185	0.00148	0.00443
10	0.00593	0.00432	0.00536	0.00563	0.00638	0.00439	0.00421	0.13090	0.03551	0.01121	0.01714	0.56514	0.01938	0.00940	0.00431	0.00138	0.00251	0.16023	0.00325	0.00342
11	0.00693	0.01787	0.86069	0.00985	0.01495	0.00802	0.01276	0.01094	0.00729	0.01094	0.00620	0.00729	0.00438	0.00328	0.00328	0.00109	0.00511	0.00255	0.00146	0.00511
12	0.00716	0.00614	0.00716	0.00512	0.00819	0.00461	0.00409	0.00870	0.00716	0.01126	0.00614	0.00716	0.00512	0.00256	0.00256	0.00051	0.00256	0.00205	0.00205	0.89971
13	0.08418	0.00860	0.00998	0.14177	0.05284	0.00956	0.00691	0.56093	0.01319	0.06654	0.00790	0.00843	0.00564	0.00392	0.00335	0.00106	0.00380	0.00302	0.00301	0.00537
14	0.00715	0.00458	0.03152	0.00492	0.00629	0.00394	0.00396	0.03196	0.00982	0.17365	0.61124	0.02242	0.06186	0.00641	0.00392	0.00109	0.00205	0.00557	0.00379	0.00387
15	0.00423	0.00349	0.00372	0.00369	0.00477	0.00298	0.00276	0.00524	0.00819	0.01015	0.18489	0.05582	0.68113	0.00850	0.00409	0.00116	0.00174	0.00717	0.00332	0.00298
16	0.11327	0.01006	0.00988	0.00809	0.01031	0.25410	0.09732	0.12150	0.08790	0.18650	0.00841	0.00884	0.00618	0.01785	0.00387	0.00109	0.04438	0.00300	0.00270	0.00477

[dist]
# distance from previous block
# <min> <max>
0	2

[block]
# block no. 3 follows, 81 sequences, length 6
# corresponding to MSA columns:
# 346-351
name=unknown_D
#
# <colnr> <probs for GDERKNQSTAVLIFYWHMCP>
#	G	D	E	R	K	N	Q	S	T	A	V	L	I	F	Y	W	H	M	C	P
0	0.06727	0.25587	0.02962	0.04876	0.26076	0.07282	0.00733	0.08740	0.03824	0.03491	0.00822	0.00911	0.05853	0.00365	0.00302	0.00096	0.00384	0.00288	0.00205	0.00477
1	0.00663	0.00425	0.00498	0.00470	0.00588	0.00406	0.00357	0.04825	0.07066	0.10715	0.18948	0.16820	0.23096	0.00721	0.00382	0.00114	0.00209	0.02589	0.10739	0.00367
2	0.00805	0.00841	0.09067	0.13434	0.06169	0.04459	0.16652	0.05990	0.15517	0.04007	0.02509	0.05627	0.04188	0.02142	0.00390	0.00116	0.00404	0.02543	0.00241	0.04899
3	0.06807	0.01241	0.08027	0.00810	0.01061	0.33507	0.00680	0.31929	0.04184	0.07409	0.00736	0.00767	0.00543	0.00382	0.00323	0.00099	0.00467	0.00270	0.00263	0.00495
4	0.05799	0.03131	0.03080	0.09337	0.09267	0.12501	0.02219	0.11686	0.10888	0.06193	0.00787	0.00911	0.00619	0.02516	0.03758	0.00123	0.04604	0.00295	0.01752	0.10534
5	0.05034	0.00520	0.03603	0.00524	0.00601	0.06003	0.00394	0.00739	0.06168	0.00907	0.01212	0.17098	0.01286	0.29049	0.14162	0.00259	0.00411	0.07666	0.04059	0.00305

[dist]
# distance from previous block
# <min> <max>
0	3

[block]
# block no. 4 follows, 81 sequences, length 25
# corresponding to MSA columns:
# 519-530,545-556,619
name=unknown_E
#
# <colnr> <probs for GDERKNQSTAVLIFYWHMCP>
#	G	D	E	R	K	N	Q	S	T	A	V	L	I	F	Y	W	H	M	C	P
0	0.00486	0.00343	0.00439	0.00491	0.00529	0.00333	0.00357	0.00561	0.00666	0.00876	0.02878	0.32964	0.05630	0.25921	0.00828	0.00200	0.00273	0.25663	0.00289	0.00273
1	0.00494	0.00337	0.00391	0.00394	0.00405	0.00338	0.00234	0.00510	0.00525	0.00700	0.01207	0.06054	0.04581	0.73862	0.08302	0.00335	0.00369	0.00522	0.00217	0.00224
2	0.01166	0.27333	0.03494	0.00804	0.01025	0.58897	0.00661	0.01269	0.00890	0.00842	0.00520	0.00605	0.00444	0.00337	0.00285	0.00085	0.00545	0.00212	0.00168	0.00416
3	0.00754	0.06160	0.07723	0.02889	0.00934	0.02107	0.00527	0.02620	0.04295	0.01121	0.00640	0.00738	0.00522	0.00287	0.00285	0.00065	0.01881	0.00222	0.00203	0.66026
4	0.00682	0.00752	0.09196	0.68173	0.12742	0.00778	0.01002	0.00925	0.00706	0.00934	0.00619	0.00894	0.00469	0.00339	0.00343	0.00113	0.00459	0.00302	0.00155	0.00416
5	0.01254	0.01573	0.00956	0.00870	0.01044	0.80755	0.00653	0.03365	0.00981	0.00879	0.00599	0.04303	0.00526	0.00388	0.00318	0.00092	0.00599	0.00257	0.00188	0.00400
6	0.00629	0.00481	0.00538	0.00495	0.00627	0.00487	0.00380	0.05746	0.20297	0.03250	0.27830	0.03619	0.26726	0.00714	0.02384	0.00122	0.00226	0.00563	0.04500	0.00387
7	0.00628	0.00477	0.00703	0.00641	0.00672	0.00580	0.02756	0.01834	0.00530	0.00761	0.00666	0.01071	0.00644	0.03092	0.25455	0.33531	0.25190	0.00328	0.00165	0.00276
8	0.00520	0.00392	0.00503	0.00499	0.00587	0.00373	0.01895	0.04846	0.01960	0.01177	0.33699	0.23856	0.15889	0.00834	0.00421	0.00124	0.00215	0.11541	0.00342	0.00327
9	0.03279	0.04568	0.01009	0.00743	0.01013	0.00975	0.00618	0.64785	0.01452	0.14697	0.02827	0.00904	0.00678	0.00416	0.00339	0.00103	0.00359	0.00316	0.00347	0.00571
10	0.01016	0.03919	0.19962	0.03864	0.08937	0.05373	0.04964	0.23630	0.01018	0.10624	0.00754	0.00820	0.00549	0.00350	0.00326	0.00097	0.00411	0.00283	0.00244	0.12858
11	0.05098	0.30210	0.22052	0.00831	0.01156	0.05550	0.11162	0.04215	0.07406	0.05623	0.00676	0.00755	0.00525	0.00342	0.00324	0.00099	0.03043	0.00265	0.00194	0.00476
12	0.65738	0.00855	0.12758	0.02245	0.02147	0.03776	0.00534	0.02655	0.00644	0.01416	0.00540	0.00676	0.00431	0.04022	0.00306	0.00116	0.00325	0.00218	0.00203	0.00395
13	0.13327	0.01833	0.00765	0.03358	0.00880	0.11241	0.00526	0.24958	0.05704	0.07554	0.01071	0.20242	0.01000	0.00632	0.03343	0.00128	0.00362	0.02342	0.00293	0.00440
14	0.78618	0.00707	0.00577	0.00499	0.00721	0.00814	0.00411	0.11981	0.00724	0.01632	0.00527	0.00596	0.00402	0.00333	0.00231	0.00106	0.00282	0.00203	0.00231	0.00402
15	0.01543	0.00599	0.00808	0.00620	0.00887	0.00524	0.00512	0.04070	0.01007	0.83531	0.01348	0.01166	0.00847	0.00427	0.00347	0.00107	0.00296	0.00346	0.00425	0.00588
16	0.65904	0.00646	0.00589	0.00498	0.00727	0.00702	0.00411	0.01199	0.00698	0.24748	0.00723	0.00730	0.00506	0.00350	0.00251	0.00107	0.00275	0.00231	0.00273	0.00433
17	0.01290	0.01646	0.00979	0.00890	0.01068	0.86472	0.00667	0.01379	0.00979	0.00845	0.00534	0.00623	0.00445	0.00356	0.00311	0.00089	0.00623	0.00222	0.00178	0.00400
18	0.01055	0.01046	0.00884	0.03781	0.03647	0.31961	0.01995	0.20507	0.09335	0.04260	0.02893	0.01271	0.14932	0.00474	0.00346	0.00103	0.00423	0.00366	0.00270	0.00450
19	0.00596	0.00302	0.00447	0.00447	0.00447	0.00302	0.00296	0.00452	0.00452	0.00603	0.00622	0.01104	0.00629	0.05067	0.01368	0.85950	0.00302	0.00309	0.00153	0.00153
20	0.01228	0.00710	0.00920	0.04659	0.02941	0.01705	0.05506	0.23896	0.03738	0.38216	0.02625	0.04524	0.04621	0.00456	0.00355	0.00107	0.00336	0.00381	0.00352	0.02725
21	0.00910	0.04401	0.06472	0.06731	0.20273	0.18194	0.05761	0.06845	0.05311	0.02375	0.00818	0.00987	0.03587	0.00493	0.04235	0.00125	0.06388	0.01440	0.04199	0.00454
22	0.90299	0.00668	0.00508	0.00454	0.00668	0.00775	0.00374	0.01015	0.00588	0.01550	0.00481	0.00561	0.00374	0.00321	0.00214	0.00107	0.00267	0.00187	0.00214	0.00374
23	0.00506	0.00384	0.00561	0.00554	0.00607	0.00451	0.00425	0.00616	0.00549	0.00790	0.00920	0.01417	0.00883	0.10755	0.74408	0.00516	0.04791	0.00380	0.00186	0.00302
24	0.00924	0.33260	0.07269	0.03702	0.08369	0.06604	0.05663	0.10571	0.02720	0.04598	0.00804	0.06358	0.02648	0.00411	0.00337	0.00099	0.03424	0.01570	0.00210	0.00460

[dist]
# distance from previous block
# <min> <max>
5	53

[block]
# block no. 5 follows, 81 sequences, length 13
# corresponding to MSA columns:
# 719-731
name=unknown_F
#
# <colnr> <probs for GDERKNQSTAVLIFYWHMCP>
#	G	D	E	R	K	N	Q	S	T	A	V	L	I	F	Y	W	H	M	C	P
0	0.04014	0.00802	0.00889	0.03845	0.00980	0.05205	0.00578	0.28493	0.02559	0.05195	0.00707	0.00797	0.00550	0.00415	0.01775	0.00100	0.12260	0.00270	0.00253	0.30312
1	0.00863	0.00817	0.01370	0.06194	0.78344	0.00828	0.01040	0.04318	0.00815	0.01158	0.00655	0.00857	0.00545	0.00314	0.00342	0.00103	0.00412	0.00308	0.00177	0.00541
2	0.00862	0.00825	0.01338	0.01935	0.73830	0.03210	0.02788	0.04300	0.00819	0.01148	0.00719	0.05319	0.00635	0.00353	0.00348	0.00105	0.00408	0.00342	0.00186	0.00529
3	0.00441	0.00324	0.00391	0.00434	0.00475	0.00300	0.00293	0.00501	0.00669	0.00866	0.03889	0.45456	0.21297	0.19160	0.00709	0.00176	0.00226	0.03824	0.00299	0.00271
4	0.00527	0.00394	0.00445	0.00456	0.00546	0.02240	0.00332	0.00663	0.04969	0.05381	0.13919	0.32661	0.33019	0.00871	0.00413	0.00124	0.00206	0.02178	0.00333	0.00323
5	0.00951	0.00874	0.01035	0.00905	0.05417	0.11157	0.13219	0.08578	0.39988	0.05433	0.01172	0.01201	0.04135	0.00441	0.00376	0.00113	0.02376	0.01833	0.00291	0.00505
6	0.00918	0.00771	0.00814	0.00715	0.00921	0.00887	0.00561	0.12608	0.74211	0.01540	0.01331	0.01229	0.00994	0.00462	0.00351	0.00115	0.00287	0.00380	0.00351	0.00552
7	0.00576	0.00474	0.00569	0.00553	0.00612	0.06329	0.00412	0.02527	0.00603	0.00818	0.02450	0.01496	0.00945	0.20868	0.56104	0.00445	0.03329	0.00390	0.00196	0.00302
8	0.01313	0.00968	0.01037	0.00795	0.01071	0.01071	0.00657	0.84552	0.01624	0.02177	0.00829	0.00829	0.00587	0.00415	0.00346	0.00104	0.00380	0.00311	0.00346	0.00587
9	0.00459	0.00352	0.00420	0.00403	0.00498	0.00313	0.00302	0.00594	0.00907	0.01217	0.54903	0.02858	0.33984	0.00769	0.00408	0.00112	0.00167	0.00664	0.00358	0.00313
10	0.00498	0.00333	0.00378	0.00382	0.00383	0.00332	0.00215	0.00501	0.00510	0.00680	0.01128	0.06369	0.01305	0.83683	0.01695	0.00326	0.00328	0.00525	0.00215	0.00213
11	0.06164	0.03490	0.03629	0.00527	0.00835	0.00521	0.00442	0.00892	0.00709	0.01140	0.00602	0.00702	0.00499	0.00264	0.00255	0.00057	0.00269	0.00205	0.00201	0.78600
12	0.08744	0.07997	0.07249	0.03514	0.01041	0.02412	0.00644	0.40029	0.03545	0.16475	0.00853	0.00863	0.00607	0.00450	0.02754	0.00115	0.00382	0.00293	0.00303	0.01729

[dist]
# distance from previous block
# <min> <max>
0	6

[block]
# block no. 6 follows, 81 sequences, length 44
# corresponding to MSA columns:
# 738,739,749-767,779-784,787-803
name=unknown_G
#
# <colnr> <probs for GDERKNQSTAVLIFYWHMCP>
#	G	D	E	R	K	N	Q	S	T	A	V	L	I	F	Y	W	H	M	C	P
0	0.01321	0.00955	0.01029	0.00789	0.01065	0.01052	0.00651	0.81688	0.01602	0.05072	0.00848	0.00841	0.00597	0.00415	0.00346	0.00104	0.00377	0.00312	0.00348	0.00588
1	0.04590	0.42895	0.39897	0.00769	0.01158	0.01078	0.00894	0.03378	0.00735	0.01009	0.00553	0.00641	0.00442	0.00315	0.00273	0.00092	0.00429	0.00220	0.00155	0.00475
2	0.00486	0.00353	0.00457	0.00431	0.00514	0.00325	0.00323	0.00645	0.00970	0.01366	0.82071	0.02612	0.06723	0.00713	0.00407	0.00109	0.00163	0.00629	0.00378	0.00325
3	0.00486	0.00353	0.00458	0.00432	0.00514	0.00325	0.00324	0.00647	0.00972	0.01371	0.82843	0.02605	0.05947	0.00712	0.00407	0.00109	0.00163	0.00628	0.00378	0.00325
4	0.00483	0.00353	0.00454	0.00429	0.00513	0.00324	0.00321	0.00641	0.00964	0.01354	0.79752	0.02633	0.09049	0.00718	0.00408	0.00109	0.00164	0.00632	0.00376	0.00324
5	0.04641	0.00946	0.01902	0.01374	0.01701	0.04476	0.75025	0.01107	0.00805	0.01107	0.00676	0.00898	0.00512	0.00304	0.00416	0.00116	0.02975	0.00388	0.00176	0.00457
6	0.00782	0.00677	0.00750	0.00546	0.00846	0.03568	0.00437	0.07161	0.00794	0.01195	0.00627	0.00722	0.00515	0.00271	0.00265	0.00056	0.00278	0.00213	0.00214	0.80083
7	0.00494	0.00370	0.00555	0.00555	0.00617	0.00432	0.00432	0.00617	0.00555	0.00802	0.00925	0.01357	0.00864	0.02591	0.86490	0.00555	0.00925	0.00370	0.00185	0.00308
8	0.01290	0.01646	0.00979	0.00890	0.01068	0.86472	0.00667	0.01379	0.00979	0.00845	0.00534	0.00623	0.00445	0.00356	0.00311	0.00089	0.00623	0.00222	0.00178	0.00400
9	0.00963	0.00763	0.00818	0.00707	0.00917	0.00864	0.00558	0.16666	0.63413	0.05633	0.03922	0.01241	0.01030	0.00464	0.00352	0.00114	0.00290	0.00381	0.00355	0.00549
10	0.00461	0.00353	0.00427	0.00438	0.00522	0.00321	0.00330	0.00591	0.02018	0.01103	0.32372	0.18303	0.31264	0.00854	0.00420	0.00122	0.00191	0.09259	0.00342	0.00308
11	0.00421	0.00301	0.00401	0.00481	0.00501	0.00281	0.00321	0.00481	0.00661	0.00882	0.01904	0.87634	0.02285	0.01082	0.00441	0.00140	0.00200	0.00982	0.00321	0.00281
12	0.00959	0.00728	0.00790	0.00694	0.00901	0.00820	0.00545	0.03881	0.72290	0.12222	0.01386	0.01263	0.01017	0.00462	0.00351	0.00116	0.00279	0.00383	0.00361	0.00553
13	0.00426	0.00304	0.00406	0.00486	0.00508	0.00285	0.00329	0.00489	0.00666	0.00887	0.01901	0.84755	0.02275	0.01078	0.00442	0.00141	0.00204	0.03815	0.00321	0.00282
14	0.00779	0.03594	0.01288	0.33906	0.48370	0.00824	0.02954	0.00990	0.00745	0.01021	0.00629	0.00870	0.00509	0.00326	0.00353	0.00107	0.01789	0.00306	0.00163	0.00478
15	0.00659	0.00621	0.01048	0.84359	0.05000	0.00769	0.00963	0.00888	0.00694	0.00890	0.00615	0.00919	0.00463	0.00344	0.00345	0.00115	0.00459	0.00307	0.00154	0.00389
16	0.00421	0.00301	0.00401	0.00481	0.00501	0.00281	0.00321	0.00481	0.00661	0.00882	0.01904	0.87634	0.02285	0.01082	0.00441	0.00140	0.00200	0.00982	0.00321	0.00281
17	0.00622	0.00414	0.01388	0.00410	0.00556	0.00349	0.00322	0.00748	0.02927	0.14917	0.05291	0.02785	0.62679	0.00760	0.00389	0.00113	0.00200	0.00632	0.04145	0.00351
18	0.00757	0.19364	0.55109	0.03069	0.01413	0.00927	0.10571	0.01095	0.02707	0.01041	0.00618	0.00734	0.00464	0.00321	0.00316	0.00103	0.00483	0.00263	0.00155	0.00489
19	0.00841	0.14174	0.07358	0.00681	0.00844	0.21314	0.02460	0.05122	0.00752	0.00921	0.00744	0.01095	0.00692	0.16313	0.14049	0.00209	0.05821	0.00312	0.05928	0.00371
20	0.01316	0.00867	0.00961	0.00740	0.01008	0.00928	0.00610	0.63230	0.03353	0.17656	0.00946	0.00915	0.00655	0.00415	0.00341	0.00103	0.00353	0.00318	0.02896	0.02390
21	0.00943	0.79518	0.01731	0.00621	0.00899	0.07073	0.00601	0.01051	0.00715	0.00816	0.00483	0.00565	0.00444	0.00309	0.00256	0.00077	0.03118	0.00191	0.00150	0.00438
22	0.07147	0.00614	0.00777	0.00610	0.00856	0.00574	0.00499	0.09116	0.03750	0.63957	0.03619	0.01145	0.00867	0.00454	0.00372	0.03041	0.00294	0.00341	0.01420	0.00548
23	0.00995	0.00874	0.00809	0.00703	0.00897	0.15306	0.00550	0.17548	0.39555	0.04154	0.08962	0.01204	0.01051	0.00456	0.00343	0.00107	0.00337	0.00363	0.05286	0.00498
24	0.00488	0.00371	0.00426	0.00417	0.00496	0.00349	0.00299	0.00634	0.05643	0.01060	0.30800	0.04221	0.29306	0.20572	0.00714	0.00165	0.00218	0.03203	0.00317	0.00300
25	0.00483	0.00359	0.00453	0.00428	0.00518	0.00324	0.00320	0.00634	0.00938	0.01307	0.70511	0.05021	0.13431	0.00725	0.00404	0.00109	0.00168	0.00636	0.00366	0.02864
26	0.00490	0.00337	0.00391	0.00397	0.00413	0.00334	0.00241	0.00514	0.00553	0.00733	0.03240	0.07861	0.07618	0.67921	0.05682	0.00308	0.00339	0.02169	0.00230	0.00230
27	0.00897	0.64786	0.06900	0.00680	0.00935	0.04862	0.00664	0.01019	0.00687	0.00835	0.00487	0.00601	0.00445	0.00351	0.00381	0.00089	0.14586	0.00210	0.00149	0.00435
28	0.01290	0.01646	0.00979	0.00890	0.01068	0.86472	0.00667	0.01379	0.00979	0.00845	0.00534	0.00623	0.00445	0.00356	0.00311	0.00089	0.00623	0.00222	0.00178	0.00400
29	0.03521	0.32171	0.03547	0.00768	0.03762	0.24234	0.02528	0.07788	0.02967	0.11921	0.00677	0.00721	0.00528	0.00343	0.00287	0.00089	0.00431	0.00242	0.00217	0.03258
30	0.01462	0.00730	0.00889	0.00682	0.00953	0.00718	0.00563	0.32588	0.01226	0.54705	0.01164	0.01047	0.00755	0.00423	0.00347	0.00106	0.00326	0.00334	0.00397	0.00588
31	0.00425	0.00305	0.00404	0.00482	0.00507	0.00285	0.00326	0.00489	0.00670	0.00888	0.01955	0.82164	0.05043	0.01071	0.00441	0.00140	0.00203	0.03599	0.00321	0.00282
32	0.03004	0.00851	0.00718	0.00685	0.00807	0.26414	0.00519	0.12401	0.05182	0.01107	0.01237	0.32373	0.01310	0.00697	0.00402	0.00120	0.02784	0.08735	0.00275	0.00381
33	0.02551	0.02627	0.01067	0.10447	0.06694	0.36211	0.03902	0.23753	0.03262	0.03342	0.00676	0.00770	0.00520	0.00374	0.00347	0.00100	0.02382	0.00276	0.00230	0.00469
34	0.00458	0.00391	0.00404	0.00421	0.00514	0.03276	0.00309	0.00559	0.02145	0.00949	0.06522	0.23963	0.54130	0.00897	0.00414	0.00123	0.00203	0.03705	0.00319	0.00299
35	0.01131	0.03697	0.19133	0.00777	0.01087	0.00769	0.04757	0.13002	0.19068	0.31311	0.01080	0.01026	0.00743	0.00403	0.00343	0.00109	0.00364	0.00330	0.00319	0.00552
36	0.09411	0.01022	0.02157	0.00721	0.00946	0.27247	0.00577	0.19973	0.07526	0.15820	0.00969	0.02005	0.04181	0.00422	0.00326	0.00101	0.00407	0.01658	0.00285	0.04246
37	0.00779	0.08022	0.11972	0.17722	0.17015	0.03116	0.05598	0.06462	0.06564	0.02595	0.00984	0.11207	0.04281	0.00462	0.00351	0.00111	0.00396	0.01698	0.00217	0.00452
38	0.00699	0.00603	0.00599	0.02681	0.00707	0.11385	0.00427	0.07222	0.09322	0.02510	0.31318	0.15836	0.07849	0.03208	0.00424	0.00119	0.00272	0.01644	0.02805	0.00369
39	0.00504	0.00373	0.00472	0.00470	0.00499	0.01755	0.03807	0.00546	0.00594	0.00789	0.04612	0.27790	0.01602	0.50899	0.02524	0.00256	0.00312	0.01694	0.00248	0.00252
40	0.12488	0.03602	0.01111	0.24656	0.05435	0.16190	0.13588	0.05098	0.03504	0.03729	0.04724	0.00899	0.00631	0.00366	0.00350	0.00108	0.02585	0.00307	0.00204	0.00426
41	0.03725	0.21916	0.02719	0.00704	0.03568	0.13788	0.05610	0.07249	0.05470	0.01114	0.12433	0.06084	0.11101	0.00491	0.00329	0.00099	0.00354	0.00398	0.00245	0.02601
42	0.05464	0.07274	0.03107	0.03050	0.04731	0.10064	0.06772	0.20111	0.06742	0.01335	0.00753	0.02819	0.00618	0.00372	0.00326	0.00092	0.01736	0.02094	0.00238	0.22302
43	0.10969	0.05868	0.06591	0.00801	0.02417	0.27193	0.04120	0.22542	0.02513	0.01325	0.03049	0.00895	0.00637	0.01352	0.04905	0.00126	0.00477	0.02394	0.00234	0.01591

[dist]
# distance from previous block
# <min> <max>
0	20

[block]
# block no. 7 follows, 81 sequences, length 52
# corresponding to MSA columns:
# 892-907,956-968,987-1009
name=unknown_H
#
# <colnr> <probs for GDERKNQSTAVLIFYWHMCP>
#	G	D	E	R	K	N	Q	S	T	A	V	L	I	F	Y	W	H	M	C	P
0	0.04390	0.11989	0.01024	0.00705	0.00960	0.00949	0.00591	0.45841	0.08799	0.14631	0.00967	0.04293	0.00738	0.00440	0.00332	0.00104	0.00344	0.02035	0.00327	0.00540
1	0.00495	0.00355	0.00452	0.00456	0.00491	0.00375	0.00310	0.00570	0.02276	0.00765	0.01229	0.08012	0.05974	0.43188	0.33152	0.00386	0.00535	0.00498	0.00217	0.00263
2	0.01734	0.13686	0.14919	0.00888	0.05598	0.08143	0.14297	0.06362	0.04446	0.05738	0.04404	0.09605	0.02458	0.04534	0.01582	0.00123	0.00419	0.00393	0.00226	0.00444
3	0.16644	0.09737	0.07477	0.03023	0.01255	0.02843	0.29823	0.02765	0.01848	0.01115	0.01581	0.00791	0.00506	0.00378	0.00496	0.00116	0.18685	0.00307	0.00180	0.00431
4	0.00955	0.00710	0.02780	0.00665	0.00875	0.00744	0.00536	0.09705	0.49119	0.15226	0.01510	0.04043	0.08024	0.00511	0.00358	0.00115	0.00283	0.01838	0.00353	0.01652
5	0.01290	0.01646	0.00979	0.00890	0.01068	0.86472	0.00667	0.01379	0.00979	0.00845	0.00534	0.00623	0.00445	0.00356	0.00311	0.00089	0.00623	0.00222	0.00178	0.00400
6	0.00827	0.00915	0.04263	0.01693	0.33467	0.00852	0.50531	0.01089	0.00802	0.01115	0.00678	0.00897	0.00530	0.00299	0.00381	0.00111	0.00515	0.00366	0.00172	0.00498
7	0.00424	0.00306	0.00401	0.00471	0.00500	0.00284	0.00318	0.00491	0.00685	0.00912	0.06487	0.78351	0.06991	0.01050	0.00437	0.00137	0.00197	0.00949	0.00324	0.00284
8	0.00438	0.00379	0.00377	0.00372	0.00486	0.02209	0.00279	0.00534	0.00815	0.00986	0.13288	0.03175	0.73786	0.00843	0.00406	0.00115	0.00183	0.00705	0.00325	0.00298
9	0.01383	0.00796	0.00922	0.00710	0.00978	0.00821	0.00585	0.47643	0.02574	0.36332	0.01115	0.01033	0.02590	0.00431	0.00348	0.00105	0.00339	0.00336	0.00379	0.00580
10	0.00984	0.00682	0.00766	0.00658	0.00841	0.01686	0.00515	0.16630	0.34748	0.15879	0.01226	0.04384	0.00982	0.09875	0.05686	0.00164	0.02025	0.01444	0.00331	0.00494
11	0.00630	0.00421	0.00521	0.00474	0.00590	0.00403	0.00364	0.00846	0.08208	0.10599	0.53466	0.02398	0.16433	0.00681	0.00412	0.00111	0.02122	0.00584	0.00368	0.00369
12	0.00708	0.00479	0.00600	0.00600	0.00721	0.00478	0.00498	0.12581	0.01956	0.07827	0.01878	0.13523	0.12883	0.00836	0.00433	0.00139	0.00291	0.42864	0.00332	0.00372
13	0.01359	0.00817	0.00931	0.00718	0.00983	0.00858	0.00592	0.53078	0.03000	0.29416	0.01025	0.00967	0.00694	0.00420	0.00343	0.00104	0.00342	0.00325	0.03452	0.00578
14	0.08637	0.00832	0.00896	0.00706	0.00961	0.02571	0.00578	0.47511	0.08542	0.21289	0.00976	0.00935	0.00677	0.00413	0.00332	0.00105	0.00341	0.00315	0.02828	0.00555
15	0.00625	0.00445	0.00503	0.00461	0.00591	0.00423	0.00351	0.07852	0.06798	0.07555	0.22502	0.07337	0.39164	0.03297	0.00436	0.00121	0.00211	0.00624	0.00344	0.00362
16	0.01009	0.00817	0.00866	0.00733	0.00956	0.00929	0.00583	0.29198	0.57473	0.01687	0.01215	0.01137	0.00900	0.00451	0.00350	0.00113	0.00309	0.00364	0.00350	0.00560
17	0.01290	0.01534	0.00967	0.00866	0.01054	0.75512	0.00655	0.05407	0.03755	0.04949	0.00616	0.00681	0.00491	0.00366	0.00316	0.00091	0.00584	0.00238	0.00204	0.00423
18	0.00989	0.00787	0.00860	0.00672	0.00939	0.00804	0.00542	0.34268	0.22489	0.01623	0.00900	0.00906	0.00680	0.00373	0.00316	0.00089	0.00310	0.00294	0.00298	0.31863
19	0.00432	0.00328	0.00399	0.00443	0.00503	0.00296	0.00315	0.00515	0.00733	0.00943	0.08837	0.46413	0.29526	0.02655	0.00456	0.00135	0.00200	0.06260	0.00323	0.00289
20	0.00652	0.00614	0.01036	0.87029	0.02379	0.00768	0.00959	0.00883	0.00691	0.00883	0.00614	0.00921	0.00461	0.00345	0.00345	0.00115	0.00461	0.00307	0.00154	0.00384
21	0.00499	0.00338	0.00397	0.00399	0.00407	0.00344	0.00237	0.00514	0.00513	0.00690	0.01093	0.04526	0.01241	0.76071	0.11047	0.00354	0.00396	0.00501	0.00210	0.00222
22	0.00716	0.00614	0.00716	0.00512	0.00819	0.00461	0.00409	0.00870	0.00716	0.01126	0.00614	0.00716	0.00512	0.00256	0.00256	0.00051	0.00256	0.00205	0.00205	0.89971
23	0.31808	0.00913	0.00832	0.00681	0.00920	0.09079	0.00553	0.42105	0.07136	0.01783	0.00723	0.00750	0.00534	0.00381	0.00298	0.00104	0.00357	0.00266	0.00285	0.00494
24	0.00526	0.00394	0.00574	0.00565	0.00635	0.00457	0.00441	0.03975	0.00598	0.00857	0.00921	0.01336	0.00853	0.02504	0.83043	0.00537	0.00904	0.00368	0.00191	0.00320
25	0.00653	0.00469	0.00611	0.00645	0.00746	0.00483	0.00553	0.11800	0.00891	0.01169	0.01668	0.04565	0.01778	0.04362	0.00511	0.00159	0.00325	0.67947	0.00317	0.00349
26	0.04119	0.00424	0.00595	0.00575	0.00629	0.00510	0.00446	0.00647	0.00548	0.00822	0.00868	0.01344	0.00835	0.10697	0.64613	0.00468	0.10999	0.00368	0.00185	0.00309
27	0.02768	0.01223	0.00961	0.00813	0.01033	0.38451	0.00637	0.35411	0.11509	0.01481	0.00769	0.00797	0.00583	0.00394	0.00328	0.00099	0.00469	0.00280	0.01501	0.00493
28	0.01265	0.10028	0.01112	0.00773	0.01049	0.02140	0.00648	0.73517	0.02870	0.02007	0.00799	0.00806	0.00578	0.00402	0.00332	0.00101	0.00380	0.00298	0.00323	0.00570
29	0.00505	0.00406	0.00485	0.00530	0.00586	0.03682	0.00394	0.00614	0.02722	0.00916	0.01887	0.44707	0.12496	0.02608	0.08377	0.00180	0.02521	0.15784	0.00297	0.00304
30	0.00869	0.03421	0.20460	0.01601	0.01115	0.00746	0.08228	0.09522	0.18131	0.07613	0.03630	0.00960	0.00728	0.00364	0.00326	0.00096	0.00364	0.00308	0.00253	0.21265
31	0.04830	0.00928	0.00999	0.02251	0.01057	0.01036	0.00643	0.75303	0.01513	0.02069	0.00808	0.00829	0.00580	0.00415	0.00361	0.00105	0.02919	0.00306	0.02486	0.00563
32	0.00412	0.00346	0.00357	0.00362	0.00471	0.00292	0.00269	0.00499	0.00784	0.00943	0.05781	0.09542	0.76993	0.00885	0.00411	0.00118	0.00177	0.00745	0.00323	0.00292
33	0.00479	0.00350	0.00438	0.00452	0.00490	0.00353	0.00311	0.00545	0.00642	0.00863	0.10819	0.22095	0.11704	0.31174	0.12312	0.00257	0.02984	0.03196	0.00266	0.00270
34	0.01352	0.00905	0.00998	0.00765	0.01040	0.00979	0.00632	0.70915	0.01520	0.15962	0.00917	0.00886	0.00632	0.00417	0.00346	0.00104	0.00366	0.00317	0.00359	0.00588
35	0.02185	0.00820	0.00820	0.00709	0.00923	0.07597	0.00556	0.10861	0.57851	0.07525	0.01219	0.01139	0.00904	0.00438	0.00341	0.00109	0.00313	0.00353	0.00333	0.05003
36	0.00423	0.00307	0.00399	0.00468	0.00499	0.00284	0.00316	0.00490	0.00687	0.00909	0.05878	0.76507	0.09464	0.01047	0.00437	0.00137	0.00197	0.00944	0.00323	0.00284
37	0.00450	0.00352	0.00407	0.00393	0.00492	0.00309	0.00295	0.00576	0.00885	0.01164	0.45438	0.02944	0.43481	0.00789	0.00408	0.00113	0.00169	0.00676	0.00351	0.00309
38	0.00716	0.00614	0.00716	0.00512	0.00819	0.00461	0.00409	0.00870	0.00716	0.01126	0.00614	0.00716	0.00512	0.00256	0.00256	0.00051	0.00256	0.00205	0.00205	0.89971
39	0.00932	0.00751	0.00806	0.00700	0.00900	0.00853	0.00550	0.18898	0.58866	0.03029	0.02402	0.02945	0.01007	0.02642	0.03004	0.00133	0.00314	0.00390	0.00343	0.00532
40	0.00747	0.00620	0.00724	0.00519	0.00825	0.00472	0.00416	0.02352	0.00739	0.03177	0.00636	0.00729	0.00521	0.00263	0.00260	0.00053	0.00259	0.00210	0.00212	0.86267
41	0.00854	0.48067	0.28486	0.05681	0.03753	0.03644	0.00848	0.03369	0.00746	0.00954	0.00549	0.00649	0.00450	0.00314	0.00272	0.00090	0.00428	0.00222	0.00155	0.00467
42	0.00451	0.00311	0.00405	0.00477	0.00505	0.00294	0.00329	0.00525	0.00672	0.00919	0.01813	0.72047	0.02121	0.03564	0.00466	0.00143	0.00210	0.07002	0.07463	0.00285
43	0.00816	0.00798	0.01174	0.01279	0.26701	0.02096	0.01995	0.04262	0.00661	0.00980	0.00533	0.00790	0.00488	0.00499	0.00841	0.00133	0.55045	0.00305	0.00166	0.00439
44	0.00501	0.00336	0.00383	0.00384	0.00386	0.00337	0.00218	0.00506	0.00506	0.00677	0.01095	0.03516	0.01259	0.83771	0.04504	0.00339	0.00352	0.00505	0.00210	0.00214
45	0.00420	0.00305	0.00397	0.00471	0.00498	0.00281	0.00316	0.00482	0.00671	0.00886	0.02031	0.80909	0.08928	0.01066	0.00438	0.00138	0.00198	0.00962	0.00321	0.00281
46	0.00791	0.00618	0.00682	0.00602	0.00770	0.00662	0.00477	0.20260	0.26956	0.02171	0.19105	0.02899	0.15476	0.00613	0.00381	0.00115	0.00261	0.06362	0.00349	0.00449
47	0.00897	0.00684	0.00777	0.00602	0.00873	0.00635	0.00481	0.10494	0.22546	0.09265	0.00912	0.00919	0.00692	0.00344	0.00299	0.00079	0.00278	0.00278	0.00279	0.48666
48	0.04982	0.00910	0.00980	0.00757	0.01028	0.01858	0.00624	0.68297	0.02843	0.12884	0.00890	0.00868	0.00619	0.00413	0.00340	0.00104	0.00365	0.00311	0.00349	0.00576
49	0.00479	0.00349	0.00424	0.00422	0.00470	0.00350	0.00288	0.00542	0.00612	0.00812	0.07418	0.02276	0.19703	0.40287	0.23769	0.00330	0.00444	0.00525	0.00239	0.00262
50	0.03566	0.00714	0.00794	0.00679	0.00896	0.00782	0.00539	0.08302	0.54461	0.21551	0.01315	0.01207	0.00947	0.00493	0.02053	0.00122	0.00299	0.00368	0.00362	0.00550
51	0.00748	0.00628	0.00726	0.00524	0.00825	0.00491	0.00420	0.05454	0.00766	0.01186	0.00636	0.00733	0.00523	0.00267	0.00260	0.00055	0.00261	0.00213	0.01921	0.83363

[dist]
# distance from previous block
# <min> <max>
3	19

[block]
# block no. 8 follows, 81 sequences, length 22
# corresponding to MSA columns:
# 1061-1082
name=unknown_I
#
# <colnr> <probs for GDERKNQSTAVLIFYWHMCP>
#	G	D	E	R	K	N	Q	S	T	A	V	L	I	F	Y	W	H	M	C	P
0	0.06784	0.00736	0.01028	0.31066	0.17164	0.04605	0.03770	0.14569	0.00859	0.02339	0.00735	0.00949	0.01676	0.00645	0.11458	0.00166	0.00491	0.00314	0.00204	0.00442
1	0.01007	0.01042	0.00852	0.00775	0.02228	0.33788	0.00589	0.16894	0.09654	0.01185	0.02349	0.11736	0.06353	0.00541	0.00416	0.00110	0.07349	0.02447	0.00259	0.00426
2	0.01083	0.01076	0.00912	0.00823	0.03570	0.28206	0.00622	0.17384	0.39828	0.01383	0.00995	0.00976	0.00756	0.00418	0.00337	0.00105	0.00409	0.00319	0.00290	0.00508
3	0.04565	0.00918	0.20861	0.00827	0.08141	0.00678	0.00727	0.09231	0.08200	0.31848	0.07406	0.01157	0.03033	0.00425	0.00343	0.00108	0.00347	0.00347	0.00311	0.00527
4	0.00675	0.00464	0.00631	0.00589	0.00688	0.00519	0.00461	0.11237	0.00728	0.07270	0.01011	0.07741	0.00931	0.03239	0.59737	0.00422	0.02654	0.00407	0.00233	0.00362
5	0.00830	0.66726	0.08896	0.00613	0.00887	0.01157	0.00616	0.00962	0.00690	0.00842	0.00645	0.07960	0.00629	0.00534	0.06623	0.00118	0.00409	0.00272	0.00165	0.00425
6	0.00599	0.06953	0.00602	0.00500	0.00614	0.07665	0.00395	0.00742	0.01844	0.02378	0.41567	0.05749	0.17777	0.00715	0.00394	0.00113	0.00242	0.10487	0.00326	0.00338
7	0.00456	0.00346	0.00417	0.00440	0.00515	0.00314	0.00328	0.00558	0.00785	0.01019	0.20801	0.21805	0.32014	0.06285	0.00509	0.00140	0.00208	0.12438	0.00327	0.00295
8	0.00513	0.00380	0.00502	0.06992	0.00690	0.00384	0.00397	0.07589	0.00745	0.00991	0.01717	0.73829	0.02005	0.00971	0.00426	0.00135	0.00235	0.00875	0.00310	0.00314
9	0.00771	0.37932	0.35958	0.07253	0.03120	0.01000	0.00888	0.01007	0.00711	0.00945	0.00656	0.07093	0.00581	0.00371	0.00293	0.00097	0.00422	0.00284	0.00161	0.00457
10	0.00461	0.06792	0.00504	0.00475	0.00528	0.00364	0.00336	0.00533	0.00694	0.00911	0.06916	0.69034	0.09218	0.00984	0.00420	0.00132	0.00209	0.00881	0.00311	0.00296
11	0.00551	0.00398	0.00482	0.00502	0.00561	0.00395	0.00349	0.11663	0.00788	0.01050	0.04896	0.58470	0.05962	0.11517	0.00586	0.00157	0.00238	0.00809	0.00313	0.00315
12	0.00913	0.49687	0.01434	0.00698	0.00932	0.16240	0.06846	0.03559	0.00781	0.00893	0.00742	0.14368	0.00745	0.00434	0.00290	0.00091	0.00404	0.00338	0.00189	0.00416
13	0.03489	0.37929	0.01345	0.05003	0.14250	0.01963	0.02517	0.02259	0.04217	0.03322	0.00614	0.00716	0.00513	0.00308	0.00279	0.00082	0.01247	0.00236	0.00186	0.19526
14	0.00877	0.03018	0.01068	0.16109	0.29294	0.08217	0.00780	0.14470	0.03926	0.01200	0.00800	0.08185	0.00709	0.02804	0.00379	0.00109	0.00396	0.00355	0.00219	0.07085
15	0.00936	0.00956	0.00764	0.00698	0.00845	0.32821	0.00534	0.11184	0.10765	0.01103	0.01006	0.07287	0.04057	0.00920	0.18374	0.00196	0.00537	0.00365	0.06249	0.00403
16	0.00979	0.08217	0.01216	0.12801	0.28825	0.08307	0.04293	0.21215	0.00978	0.03374	0.00708	0.01809	0.00572	0.02613	0.00385	0.01408	0.00422	0.00307	0.00219	0.01353
17	0.00638	0.00481	0.00597	0.00604	0.00718	0.00485	0.00485	0.08832	0.10168	0.01154	0.01605	0.26931	0.01711	0.00826	0.00422	0.00135	0.00280	0.35706	0.00316	0.07907
18	0.00718	0.00662	0.00574	0.00540	0.00647	0.20714	0.00401	0.00840	0.00905	0.04736	0.39965	0.10494	0.09447	0.03117	0.00416	0.00113	0.00287	0.00545	0.04536	0.00344
19	0.00952	0.04201	0.00973	0.14479	0.06383	0.11546	0.02785	0.23055	0.11096	0.03095	0.01878	0.02484	0.08811	0.00454	0.00377	0.00108	0.03987	0.00360	0.02509	0.00465
20	0.03856	0.00700	0.00825	0.08822	0.00994	0.04381	0.04865	0.21239	0.12484	0.02342	0.19225	0.01402	0.05054	0.00489	0.00381	0.00107	0.03634	0.00402	0.05455	0.03343
21	0.12842	0.06107	0.02571	0.03507	0.04879	0.06219	0.02967	0.26208	0.07274	0.06644	0.02120	0.08246	0.03982	0.00454	0.00327	0.00105	0.00347	0.00363	0.00279	0.04558

[dist]
# distance from previous block
# <min> <max>
0	12

[block]
# block no. 9 follows, 81 sequences, length 11
# corresponding to MSA columns:
# 1180-1190
name=unknown_J
#
# <colnr> <probs for GDERKNQSTAVLIFYWHMCP>
#	G	D	E	R	K	N	Q	S	T	A	V	L	I	F	Y	W	H	M	C	P
0	0.00813	0.00715	0.02049	0.05448	0.06262	0.08877	0.02767	0.09201	0.19970	0.04731	0.13015	0.05611	0.09946	0.00567	0.00373	0.00114	0.00322	0.07042	0.01740	0.00436
1	0.00569	0.00486	0.00591	0.00576	0.00641	0.07391	0.00441	0.00680	0.00606	0.00826	0.05203	0.01408	0.00967	0.09120	0.64741	0.00460	0.04408	0.00379	0.00195	0.00312
2	0.00451	0.00343	0.00392	0.00412	0.00473	0.00319	0.00281	0.00538	0.02903	0.00885	0.05639	0.27181	0.34091	0.21395	0.02973	0.00186	0.00241	0.00726	0.00294	0.00278
3	0.01345	0.01032	0.00956	0.00771	0.01018	0.21738	0.00619	0.40921	0.04842	0.21905	0.00910	0.00882	0.00637	0.00406	0.00338	0.00101	0.00414	0.00302	0.00325	0.00540
4	0.00542	0.00388	0.00478	0.00487	0.00585	0.00367	0.00385	0.00718	0.05389	0.04279	0.25483	0.10233	0.24485	0.00817	0.00420	0.00126	0.00220	0.21998	0.02267	0.00333
5	0.00483	0.00341	0.00460	0.00501	0.00536	0.00349	0.00362	0.00557	0.00618	0.00835	0.01447	0.32206	0.01628	0.20265	0.21353	0.02590	0.00425	0.14510	0.00259	0.00275
6	0.03125	0.33960	0.01237	0.00712	0.00941	0.33101	0.00598	0.10692	0.05193	0.01058	0.00627	0.00694	0.00517	0.00348	0.00277	0.00086	0.00446	0.00232	0.05715	0.00440
7	0.00669	0.00511	0.00589	0.00541	0.00668	0.00545	0.00415	0.10687	0.18620	0.02672	0.09144	0.04100	0.19161	0.07723	0.20307	0.00232	0.00406	0.00491	0.02133	0.00386
