[name]
unknown

[dist]
# distance from previous block
# <min> <max>
0	0

[block]
# block no. 0 follows, 87 sequences, length 39
# corresponding to MSA columns:
# 93,94,98-100,102-117,119-123,126-132,134-139
name=unknown_A
#
# <colnr> <probs for GDERKNQSTAVLIFYWHMCP>
#	G	D	E	R	K	N	Q	S	T	A	V	L	I	F	Y	W	H	M	C	P
0	0.00525	0.00375	0.00525	0.00601	0.00676	0.00375	0.00525	0.00676	0.00751	0.00976	0.01727	0.03678	0.01877	0.00901	0.00450	0.00150	0.00300	0.84311	0.00300	0.00300
1	0.00616	0.00580	0.00978	0.87756	0.02246	0.00724	0.00906	0.00833	0.00652	0.00833	0.00580	0.00869	0.00435	0.00326	0.00326	0.00109	0.00435	0.00290	0.00145	0.00362
2	0.00654	0.01687	0.86850	0.00929	0.01411	0.00757	0.01205	0.01033	0.00688	0.01033	0.00585	0.00688	0.00413	0.00310	0.00310	0.00103	0.00482	0.00241	0.00138	0.00482
3	0.00385	0.00330	0.00330	0.00330	0.00440	0.00275	0.00248	0.00468	0.00743	0.00881	0.03303	0.03138	0.86374	0.00826	0.00385	0.00110	0.00165	0.00688	0.00303	0.00275
4	0.00402	0.00331	0.00354	0.00348	0.00451	0.00282	0.00261	0.00501	0.00783	0.00976	0.21795	0.02982	0.67822	0.00790	0.00385	0.00108	0.00163	0.00666	0.00315	0.00282
5	0.00812	0.00751	0.00995	0.00836	0.00885	0.01001	0.00696	0.16693	0.00694	0.01024	0.00495	0.00726	0.00452	0.00537	0.00930	0.00134	0.71480	0.00287	0.00177	0.00394
6	0.00392	0.00304	0.00358	0.00401	0.00459	0.00269	0.00279	0.00460	0.00675	0.00853	0.02439	0.52040	0.38029	0.00938	0.00403	0.00123	0.00179	0.00825	0.00303	0.00269
7	0.01151	0.00907	0.01156	0.00868	0.01141	0.00976	0.16541	0.69559	0.01390	0.01865	0.00760	0.00801	0.00543	0.00370	0.00337	0.00100	0.00395	0.00311	0.00296	0.00533
8	0.00882	0.00585	0.00645	0.00569	0.00743	0.00634	0.00446	0.01479	0.50784	0.17545	0.01339	0.01263	0.03896	0.00437	0.00313	0.00102	0.00239	0.00360	0.17265	0.00475
9	0.90843	0.00631	0.00479	0.00429	0.00631	0.00732	0.00353	0.00959	0.00555	0.01463	0.00454	0.00530	0.00353	0.00303	0.00202	0.00101	0.00252	0.00177	0.00202	0.00353
10	0.00770	0.00880	0.01924	0.01374	0.01704	0.00825	0.85322	0.01045	0.00770	0.01045	0.00660	0.00880	0.00495	0.00275	0.00385	0.00110	0.00550	0.00385	0.00165	0.00440
11	0.00769	0.00351	0.00389	0.00356	0.00465	0.00337	0.00275	0.00916	0.00731	0.17290	0.01106	0.01196	0.00830	0.00384	0.00247	0.00081	0.00176	0.00308	0.73443	0.00351
12	0.90843	0.00631	0.00479	0.00429	0.00631	0.00732	0.00353	0.00959	0.00555	0.01463	0.00454	0.00530	0.00353	0.00303	0.00202	0.00101	0.00252	0.00177	0.00202	0.00353
13	0.01218	0.01554	0.00924	0.00840	0.01008	0.87231	0.00630	0.01302	0.00924	0.00798	0.00504	0.00588	0.00420	0.00336	0.00294	0.00084	0.00588	0.00210	0.00168	0.00378
14	0.00770	0.00880	0.01924	0.01374	0.01704	0.00825	0.85322	0.01045	0.00770	0.01045	0.00660	0.00880	0.00495	0.00275	0.00385	0.00110	0.00550	0.00385	0.00165	0.00440
15	0.00391	0.00331	0.00338	0.00336	0.00444	0.00278	0.00252	0.00479	0.00757	0.00912	0.09425	0.03086	0.80232	0.00814	0.00385	0.00110	0.00164	0.00681	0.00307	0.00278
16	0.74023	0.00648	0.00551	0.00472	0.00685	0.00732	0.00389	0.08569	0.00680	0.09924	0.00566	0.00610	0.00416	0.00321	0.00225	0.00101	0.00264	0.00202	0.00233	0.00391
17	0.01327	0.00632	0.00788	0.00619	0.00862	0.00612	0.00506	0.14378	0.14269	0.60532	0.01216	0.01077	0.00798	0.00408	0.00328	0.00102	0.00287	0.00329	0.00381	0.00549
18	0.01408	0.00621	0.04166	0.00628	0.02408	0.00522	0.00524	0.05760	0.00950	0.77570	0.01221	0.01071	0.00774	0.00397	0.00327	0.00101	0.00292	0.00322	0.00385	0.00551
19	0.00474	0.00316	0.00356	0.00356	0.00356	0.00316	0.00198	0.00474	0.00474	0.00632	0.01027	0.02134	0.01186	0.88540	0.01660	0.00316	0.00316	0.00474	0.00198	0.00198
20	0.00566	0.00283	0.00425	0.00425	0.00425	0.00283	0.00283	0.00425	0.00425	0.00566	0.00566	0.00991	0.00566	0.01133	0.01274	0.90513	0.00283	0.00283	0.00142	0.00142
21	0.00755	0.01457	0.58846	0.00994	0.01412	0.04889	0.17220	0.08600	0.00791	0.01115	0.00613	0.00729	0.00442	0.00312	0.00325	0.00103	0.00489	0.00272	0.00161	0.00475
22	0.05424	0.00707	0.00737	0.04082	0.00895	0.02337	0.00525	0.01650	0.76680	0.01338	0.01238	0.01157	0.00930	0.00429	0.00324	0.00110	0.00271	0.00353	0.00315	0.00499
23	0.00385	0.00330	0.00330	0.00330	0.00440	0.00275	0.00248	0.00468	0.00743	0.00881	0.03303	0.03138	0.86374	0.00826	0.00385	0.00110	0.00165	0.00688	0.00303	0.00275
24	0.00718	0.00435	0.00446	0.00410	0.00525	0.01424	0.00316	0.07421	0.13442	0.04649	0.01172	0.01247	0.04187	0.00408	0.00262	0.00085	0.00194	0.00328	0.61967	0.00364
25	0.61097	0.05118	0.04773	0.00553	0.00785	0.03437	0.04793	0.05362	0.01556	0.09114	0.00574	0.00629	0.00427	0.00317	0.00239	0.00099	0.00301	0.00213	0.00219	0.00398
26	0.00654	0.01687	0.86850	0.00929	0.01411	0.00757	0.01205	0.01033	0.00688	0.01033	0.00585	0.00688	0.00413	0.00310	0.00310	0.00103	0.00482	0.00241	0.00138	0.00482
27	0.00713	0.00713	0.00999	0.00856	0.00856	0.00999	0.00713	0.00785	0.00499	0.00785	0.00428	0.00713	0.00428	0.00571	0.01070	0.00143	0.87943	0.00285	0.00143	0.00357
28	0.76340	0.00636	0.00505	0.00446	0.00642	0.02280	0.00365	0.05370	0.00628	0.02791	0.00531	0.00605	0.00408	0.00315	0.00214	0.00099	0.00257	0.00195	0.07010	0.00364
29	0.00395	0.00293	0.00368	0.00429	0.00466	0.00267	0.00291	0.00457	0.00649	0.00842	0.02108	0.70739	0.19544	0.00981	0.00410	0.00128	0.00184	0.00878	0.00303	0.00267
30	0.04008	0.83229	0.01644	0.00561	0.00835	0.03682	0.00553	0.00985	0.00666	0.00792	0.00455	0.00525	0.00416	0.00281	0.00211	0.00071	0.00352	0.00175	0.00142	0.00415
31	0.08160	0.07928	0.00767	0.00656	0.05944	0.20801	0.00467	0.07223	0.00760	0.06766	0.04142	0.03894	0.00821	0.21038	0.06064	0.00170	0.00404	0.00331	0.00216	0.03449
32	0.01085	0.22984	0.06321	0.00772	0.01008	0.39495	0.02976	0.18669	0.00963	0.01072	0.00558	0.00628	0.00449	0.00333	0.00292	0.00086	0.01460	0.00226	0.00192	0.00432
33	0.90843	0.00631	0.00479	0.00429	0.00631	0.00732	0.00353	0.00959	0.00555	0.01463	0.00454	0.00530	0.00353	0.00303	0.00202	0.00101	0.00252	0.00177	0.00202	0.00353
34	0.01017	0.01125	0.03354	0.03190	0.02466	0.41634	0.07950	0.08552	0.09617	0.04321	0.04372	0.00888	0.00665	0.04551	0.00419	0.00107	0.04857	0.00290	0.00214	0.00412
35	0.00456	0.00335	0.00478	0.00488	0.00534	0.00372	0.00362	0.00549	0.00542	0.00762	0.02412	0.13677	0.02439	0.13171	0.61378	0.00429	0.00684	0.00456	0.00201	0.00276
36	0.03812	0.00620	0.00801	0.00705	0.01615	0.01772	0.02612	0.05504	0.10258	0.01061	0.17471	0.05587	0.05409	0.00578	0.00683	0.00123	0.40378	0.00404	0.00235	0.00371
37	0.73709	0.05051	0.00603	0.00522	0.05055	0.00736	0.00401	0.00963	0.00585	0.02927	0.00486	0.00565	0.00382	0.00298	0.00213	0.00095	0.00264	0.00186	0.00200	0.06757
38	0.03012	0.15047	0.10835	0.00766	0.05290	0.09577	0.00646	0.02007	0.29680	0.02181	0.04459	0.01732	0.01566	0.00412	0.00398	0.00103	0.11310	0.00304	0.00228	0.00446

[dist]
# distance from previous block
# <min> <max>
5	10

[block]
# block no. 1 follows, 87 sequences, length 13
# corresponding to MSA columns:
# 222-234
name=unknown_B
#
# <colnr> <probs for GDERKNQSTAVLIFYWHMCP>
#	G	D	E	R	K	N	Q	S	T	A	V	L	I	F	Y	W	H	M	C	P
0	0.01080	0.27606	0.13276	0.00720	0.03522	0.02506	0.00665	0.25878	0.00987	0.19617	0.00753	0.00758	0.00544	0.00344	0.00288	0.00090	0.00361	0.00256	0.00252	0.00499
1	0.06054	0.00636	0.01043	0.58916	0.25366	0.00739	0.00899	0.00887	0.00671	0.00935	0.00581	0.00832	0.00452	0.00315	0.00318	0.00105	0.00411	0.00283	0.00153	0.00404
2	0.00396	0.00287	0.00375	0.00445	0.00471	0.00266	0.00299	0.00455	0.00633	0.00836	0.01902	0.82408	0.08008	0.01008	0.00414	0.00131	0.00188	0.00910	0.00303	0.00266
3	0.11676	0.26005	0.14259	0.00711	0.00970	0.33144	0.00657	0.04727	0.00789	0.00966	0.00510	0.00589	0.00418	0.00312	0.00261	0.00084	0.00444	0.00204	0.00167	0.03106
4	0.00462	0.00333	0.00436	0.00410	0.00487	0.00308	0.00308	0.00615	0.00923	0.01308	0.86334	0.02436	0.03077	0.00667	0.00385	0.00103	0.00154	0.00590	0.00359	0.00308
5	0.00468	0.00341	0.00483	0.00483	0.00527	0.00385	0.00356	0.00556	0.00512	0.00726	0.00911	0.01490	0.00906	0.23554	0.66263	0.00473	0.00737	0.00380	0.00180	0.00268
6	0.00473	0.00320	0.00373	0.00373	0.00379	0.00326	0.00219	0.00485	0.00479	0.00645	0.01012	0.02046	0.01147	0.79632	0.10516	0.00338	0.00374	0.00461	0.00195	0.00207
7	0.01234	0.01359	0.00930	0.00807	0.01001	0.62974	0.00621	0.21321	0.01069	0.04813	0.00604	0.00657	0.00469	0.00352	0.00303	0.00088	0.00520	0.00235	0.00216	0.00428
8	0.00686	0.01569	0.74345	0.00975	0.01433	0.00773	0.10942	0.03645	0.00724	0.01066	0.00600	0.00714	0.00427	0.00308	0.00319	0.00104	0.00486	0.00259	0.00147	0.00479
9	0.01324	0.00534	0.00719	0.00563	0.00793	0.00471	0.00461	0.01481	0.03955	0.73789	0.11151	0.01267	0.01077	0.00435	0.00335	0.00101	0.00262	0.00360	0.00396	0.00525
10	0.01149	0.00910	0.00936	0.10832	0.01128	0.11599	0.00635	0.52273	0.07851	0.08201	0.00806	0.00828	0.00578	0.00382	0.00323	0.00099	0.00382	0.00291	0.00292	0.00507
11	0.04392	0.11168	0.01022	0.00723	0.00961	0.15580	0.00598	0.50835	0.01230	0.07279	0.00711	0.00731	0.00523	0.00371	0.00320	0.00094	0.02427	0.00264	0.00274	0.00497
12	0.59160	0.00684	0.00655	0.13617	0.00926	0.05300	0.00504	0.00932	0.00581	0.01232	0.00472	0.00611	0.00380	0.00348	0.00355	0.00107	0.13385	0.00212	0.00183	0.00356

[dist]
# distance from previous block
# <min> <max>
0	1

[block]
# block no. 2 follows, 87 sequences, length 115
# corresponding to MSA columns:
# 324-340,344-352,519-528,545-557,619-640,652-682,719-731
name=unknown_C
#
# <colnr> <probs for GDERKNQSTAVLIFYWHMCP>
#	G	D	E	R	K	N	Q	S	T	A	V	L	I	F	Y	W	H	M	C	P
0	0.00794	0.00761	0.01299	0.08013	0.80599	0.00771	0.00994	0.00989	0.00736	0.01049	0.00611	0.00811	0.00511	0.00293	0.00323	0.00098	0.00391	0.00290	0.00160	0.00506
1	0.00497	0.00329	0.00493	0.00493	0.00533	0.00369	0.00369	0.00533	0.00493	0.00698	0.00778	0.01191	0.00738	0.02036	0.60452	0.28572	0.00689	0.00329	0.00164	0.00245
2	0.00462	0.00333	0.00436	0.00410	0.00487	0.00308	0.00308	0.00615	0.00923	0.01308	0.86334	0.02436	0.03077	0.00667	0.00385	0.00103	0.00154	0.00590	0.00359	0.00308
3	0.00676	0.00580	0.00676	0.00483	0.00773	0.00435	0.00386	0.00821	0.00676	0.01063	0.00580	0.00676	0.00483	0.00241	0.00241	0.00048	0.00241	0.00193	0.00193	0.90533
4	0.00616	0.00580	0.00978	0.87756	0.02246	0.00724	0.00906	0.00833	0.00652	0.00833	0.00580	0.00869	0.00435	0.00326	0.00326	0.00109	0.00435	0.00290	0.00145	0.00362
5	0.01362	0.00717	0.00857	0.00657	0.00913	0.00719	0.00543	0.39399	0.01204	0.48540	0.01059	0.00962	0.00693	0.00398	0.00327	0.00100	0.00314	0.00312	0.00369	0.00555
6	0.00441	0.00333	0.00408	0.00389	0.00475	0.00299	0.00292	0.00576	0.00875	0.01193	0.64110	0.02624	0.25372	0.00709	0.00385	0.00105	0.00157	0.00616	0.00344	0.00299
7	0.00872	0.00839	0.00649	0.00626	0.00738	0.35837	0.00462	0.00954	0.00790	0.11128	0.01180	0.36253	0.01230	0.00641	0.00350	0.00107	0.00365	0.03242	0.03386	0.00348
8	0.00459	0.00333	0.00433	0.00408	0.00486	0.00307	0.00306	0.00611	0.00918	0.01295	0.83881	0.02457	0.05537	0.00671	0.00385	0.00103	0.00154	0.00593	0.00357	0.00307
9	0.00872	0.88736	0.01709	0.00558	0.00837	0.01290	0.00558	0.00976	0.00663	0.00767	0.00453	0.00523	0.00418	0.00279	0.00209	0.00070	0.00349	0.00174	0.00139	0.00418
10	0.00397	0.00284	0.00378	0.00454	0.00473	0.00265	0.00303	0.00454	0.00624	0.00832	0.01797	0.88327	0.02157	0.01022	0.00416	0.00132	0.00189	0.00927	0.00303	0.00265
11	0.00654	0.01687	0.86850	0.00929	0.01411	0.00757	0.01205	0.01033	0.00688	0.01033	0.00585	0.00688	0.00413	0.00310	0.00310	0.00103	0.00482	0.00241	0.00138	0.00482
12	0.00676	0.00580	0.00676	0.00483	0.00773	0.00435	0.00386	0.00821	0.00676	0.01063	0.00580	0.00676	0.00483	0.00241	0.00241	0.00048	0.00241	0.00193	0.00193	0.90533
13	0.73376	0.00634	0.00545	0.00467	0.00679	0.00710	0.00385	0.05418	0.00660	0.13735	0.00591	0.00626	0.00429	0.00322	0.00226	0.00101	0.00261	0.00204	0.00237	0.00393
14	0.00809	0.00687	0.00728	0.00654	0.00836	0.00790	0.00509	0.01695	0.82036	0.02529	0.04046	0.01254	0.01059	0.00449	0.00333	0.00110	0.00255	0.00375	0.00334	0.00510
15	0.00404	0.00328	0.00361	0.00382	0.00473	0.00286	0.00289	0.00491	0.00728	0.00889	0.03825	0.16357	0.62656	0.00863	0.00398	0.00118	0.00184	0.10387	0.00303	0.00277
16	0.00859	0.83480	0.06850	0.00580	0.00872	0.01258	0.00597	0.00980	0.00664	0.00783	0.00461	0.00533	0.00418	0.00281	0.00215	0.00072	0.00357	0.00178	0.00139	0.00422
17	0.05237	0.00739	0.00786	0.00638	0.00862	0.11117	0.00514	0.10615	0.13173	0.48089	0.02408	0.01014	0.00768	0.00403	0.00334	0.00101	0.02038	0.00312	0.00342	0.00511
18	0.00447	0.00333	0.00416	0.00395	0.00478	0.00302	0.00297	0.00588	0.00890	0.01228	0.70846	0.02567	0.18614	0.00696	0.00385	0.00104	0.00156	0.00608	0.00348	0.00302
19	0.00679	0.00645	0.01093	0.59227	0.30278	0.00741	0.00937	0.00889	0.00682	0.00910	0.00591	0.00849	0.00462	0.00314	0.00325	0.00105	0.00419	0.00290	0.00150	0.00414
20	0.03300	0.01088	0.00890	0.00750	0.00961	0.33448	0.00590	0.31685	0.15763	0.07109	0.00797	0.00800	0.00592	0.00378	0.00312	0.00095	0.00420	0.00275	0.00270	0.00477
21	0.21100	0.00851	0.00868	0.00679	0.00927	0.00949	0.00561	0.66698	0.01316	0.01924	0.00710	0.00727	0.00510	0.00372	0.00299	0.00099	0.00335	0.00268	0.00299	0.00510
22	0.00940	0.00933	0.06354	0.03343	0.20517	0.16474	0.07367	0.10199	0.02019	0.08431	0.00669	0.00769	0.00515	0.00321	0.00327	0.00089	0.02768	0.00266	0.00207	0.17491
23	0.00449	0.00384	0.00516	0.00481	0.00581	0.00359	0.07247	0.00547	0.00699	0.00881	0.04579	0.14679	0.47892	0.05583	0.05647	0.00152	0.03066	0.05695	0.00274	0.00289
24	0.84028	0.00638	0.00522	0.03493	0.02029	0.00739	0.00389	0.03110	0.00586	0.01450	0.00469	0.00552	0.00364	0.00306	0.00211	0.00101	0.00263	0.00185	0.00202	0.00361
25	0.08141	0.05891	0.02979	0.00789	0.00976	0.61884	0.01470	0.06527	0.04085	0.00956	0.00547	0.00625	0.00446	0.00344	0.00310	0.00089	0.03138	0.00222	0.00184	0.00397
26	0.00401	0.00287	0.00383	0.00459	0.00479	0.00268	0.00310	0.00461	0.00628	0.00837	0.01795	0.85619	0.02148	0.01018	0.00417	0.00133	0.00193	0.03595	0.00303	0.00266
27	0.00474	0.00317	0.00362	0.00362	0.00364	0.00320	0.00206	0.00478	0.00476	0.00637	0.01022	0.02101	0.01171	0.85259	0.04921	0.00324	0.00337	0.00469	0.00197	0.00201
28	0.00616	0.00580	0.00978	0.87756	0.02246	0.00724	0.00906	0.00833	0.00652	0.00833	0.00580	0.00869	0.00435	0.00326	0.00326	0.00109	0.00435	0.00290	0.00145	0.00362
29	0.00676	0.00580	0.00676	0.00483	0.00773	0.00435	0.00386	0.00821	0.00676	0.01063	0.00580	0.00676	0.00483	0.00241	0.00241	0.00048	0.00241	0.00193	0.00193	0.90533
30	0.00872	0.88736	0.01709	0.00558	0.00837	0.01290	0.00558	0.00976	0.00663	0.00767	0.00453	0.00523	0.00418	0.00279	0.00209	0.00070	0.00349	0.00174	0.00139	0.00418
31	0.01219	0.01521	0.00927	0.00835	0.01008	0.82771	0.00630	0.05654	0.00956	0.00863	0.00518	0.00598	0.00427	0.00339	0.00296	0.00085	0.00576	0.00214	0.00176	0.00387
32	0.00473	0.00343	0.00465	0.00472	0.00506	0.00377	0.00339	0.00543	0.00528	0.00733	0.01048	0.09909	0.01118	0.32257	0.41989	0.00383	0.03068	0.04989	0.00201	0.00258
33	0.00390	0.00331	0.00337	0.00336	0.00444	0.00277	0.00252	0.00478	0.00755	0.00909	0.08748	0.03092	0.80912	0.00815	0.00385	0.00110	0.00164	0.00682	0.00306	0.00277
34	0.04039	0.00455	0.00484	0.00452	0.00509	0.04048	0.00307	0.10442	0.00632	0.00871	0.00930	0.01686	0.00978	0.54665	0.15885	0.00303	0.00421	0.00406	0.02216	0.00271
35	0.86220	0.00627	0.00494	0.00437	0.00641	0.00718	0.00360	0.00991	0.00575	0.05874	0.00497	0.00560	0.00377	0.00308	0.00208	0.00101	0.00254	0.00184	0.00212	0.00364
36	0.00767	0.05481	0.07866	0.01301	0.01639	0.00844	0.75040	0.01040	0.00758	0.01029	0.00644	0.00848	0.00485	0.00278	0.00370	0.00107	0.00535	0.00364	0.00162	0.00442
37	0.01243	0.00894	0.00965	0.00741	0.01001	0.00985	0.00612	0.80473	0.02740	0.05804	0.00813	0.00804	0.00572	0.00393	0.00326	0.00098	0.00354	0.00296	0.00330	0.00554
38	0.18103	0.00860	0.00885	0.00690	0.00940	0.00959	0.00570	0.69523	0.01349	0.01944	0.00721	0.00735	0.00517	0.00375	0.00303	0.00098	0.00339	0.00272	0.00303	0.00517
39	0.01463	0.00555	0.00757	0.00580	0.00832	0.00479	0.00479	0.01589	0.00933	0.86732	0.01286	0.01110	0.00807	0.00404	0.00328	0.00101	0.00277	0.00328	0.00404	0.00555
40	0.90843	0.00631	0.00479	0.00429	0.00631	0.00732	0.00353	0.00959	0.00555	0.01463	0.00454	0.00530	0.00353	0.00303	0.00202	0.00101	0.00252	0.00177	0.00202	0.00353
41	0.01218	0.01554	0.00924	0.00840	0.01008	0.87231	0.00630	0.01302	0.00924	0.00798	0.00504	0.00588	0.00420	0.00336	0.00294	0.00084	0.00588	0.00210	0.00168	0.00378
42	0.00647	0.00636	0.00554	0.00515	0.00615	0.21882	0.00386	0.00781	0.00918	0.01168	0.62541	0.01998	0.04914	0.00589	0.00362	0.00098	0.00262	0.00498	0.00310	0.00324
43	0.00566	0.00283	0.00425	0.00425	0.00425	0.00283	0.00283	0.00425	0.00425	0.00566	0.00566	0.00991	0.00566	0.01133	0.01274	0.90513	0.00283	0.00283	0.00142	0.00142
44	0.01463	0.00555	0.00757	0.00580	0.00832	0.00479	0.00479	0.01589	0.00933	0.86732	0.01286	0.01110	0.00807	0.00404	0.00328	0.00101	0.00277	0.00328	0.00404	0.00555
45	0.00807	0.00773	0.01313	0.01977	0.84942	0.00775	0.00992	0.01014	0.02298	0.01071	0.00626	0.00815	0.00525	0.00293	0.00323	0.00097	0.00385	0.00292	0.00165	0.00517
46	0.90843	0.00631	0.00479	0.00429	0.00631	0.00732	0.00353	0.00959	0.00555	0.01463	0.00454	0.00530	0.00353	0.00303	0.00202	0.00101	0.00252	0.00177	0.00202	0.00353
47	0.00676	0.00654	0.00911	0.00790	0.00794	0.00900	0.00648	0.00744	0.00499	0.00770	0.00510	0.00875	0.00520	0.08304	0.06988	0.00184	0.74440	0.00306	0.00150	0.00338
48	0.00466	0.00349	0.00524	0.00524	0.00582	0.00408	0.00408	0.00582	0.00524	0.00757	0.00873	0.01281	0.00815	0.02446	0.87248	0.00524	0.00873	0.00349	0.00175	0.00291
49	0.00811	0.00700	0.00737	0.00664	0.00848	0.00811	0.00516	0.01733	0.85917	0.01364	0.01327	0.01217	0.00995	0.00442	0.00332	0.00111	0.00258	0.00369	0.00332	0.00516
50	0.00654	0.01687	0.86850	0.00929	0.01411	0.00757	0.01205	0.01033	0.00688	0.01033	0.00585	0.00688	0.00413	0.00310	0.00310	0.00103	0.00482	0.00241	0.00138	0.00482
51	0.90843	0.00631	0.00479	0.00429	0.00631	0.00732	0.00353	0.00959	0.00555	0.01463	0.00454	0.00530	0.00353	0.00303	0.00202	0.00101	0.00252	0.00177	0.00202	0.00353
52	0.01463	0.00555	0.00757	0.00580	0.00832	0.00479	0.00479	0.01589	0.00933	0.86732	0.01286	0.01110	0.00807	0.00404	0.00328	0.00101	0.00277	0.00328	0.00404	0.00555
53	0.00660	0.03962	0.84625	0.00920	0.01396	0.00771	0.01188	0.01031	0.00688	0.01026	0.00582	0.00684	0.00413	0.00309	0.00307	0.00102	0.00478	0.00239	0.00138	0.00480
54	0.00397	0.00284	0.00378	0.00454	0.00473	0.00265	0.00303	0.00454	0.00624	0.00832	0.01797	0.88327	0.02157	0.01022	0.00416	0.00132	0.00189	0.00927	0.00303	0.00265
55	0.00507	0.00347	0.00459	0.00439	0.00522	0.00322	0.00340	0.00659	0.00903	0.04524	0.73242	0.02530	0.02851	0.00684	0.00390	0.00108	0.00176	0.10327	0.00354	0.00316
56	0.00839	0.75651	0.14508	0.00614	0.00923	0.01210	0.00655	0.00985	0.00666	0.00807	0.00473	0.00548	0.00418	0.00284	0.00224	0.00075	0.00369	0.00184	0.00139	0.00428
57	0.05837	0.00885	0.00960	0.00743	0.00998	0.00980	0.02611	0.73860	0.06694	0.01958	0.00797	0.00799	0.00570	0.00387	0.00322	0.00099	0.00352	0.00294	0.00316	0.00539
58	0.00458	0.00333	0.00430	0.00406	0.00485	0.00306	0.00305	0.00608	0.00914	0.01286	0.82038	0.02472	0.07386	0.00675	0.00385	0.00103	0.00154	0.00595	0.00356	0.00306
59	0.00482	0.00345	0.00476	0.00551	0.00608	0.00338	0.00451	0.00601	0.00708	0.00928	0.01750	0.32081	0.01971	0.00941	0.00439	0.00144	0.00263	0.56332	0.00301	0.00288
60	0.00852	0.80830	0.09442	0.00592	0.00889	0.01242	0.00617	0.00982	0.00665	0.00791	0.00465	0.00538	0.00418	0.00282	0.00218	0.00073	0.00361	0.00180	0.00139	0.00424
61	0.00557	0.00355	0.00457	0.00419	0.00516	0.00322	0.00318	0.00702	0.00905	0.09818	0.69245	0.02346	0.10093	0.00650	0.00377	0.00103	0.00167	0.00568	0.01755	0.00330
62	0.00426	0.00330	0.00388	0.00377	0.00466	0.00292	0.00281	0.00545	0.00833	0.01104	0.46961	0.06015	0.39309	0.00749	0.00386	0.00107	0.00160	0.00645	0.00332	0.00292
63	0.00616	0.00580	0.00978	0.87756	0.02246	0.00724	0.00906	0.00833	0.00652	0.00833	0.00580	0.00869	0.00435	0.00326	0.00326	0.00109	0.00435	0.00290	0.00145	0.00362
64	0.00621	0.00585	0.00987	0.85515	0.04448	0.00726	0.00908	0.00838	0.00654	0.00839	0.00580	0.00868	0.00437	0.00325	0.00326	0.00108	0.00433	0.00290	0.00145	0.00366
65	0.00654	0.01687	0.86850	0.00929	0.01411	0.00757	0.01205	0.01033	0.00688	0.01033	0.00585	0.00688	0.00413	0.00310	0.00310	0.00103	0.00482	0.00241	0.00138	0.00482
66	0.01438	0.00560	0.00756	0.00583	0.00833	0.00492	0.00481	0.01595	0.04172	0.83479	0.01288	0.01114	0.00814	0.00405	0.00328	0.00101	0.00277	0.00329	0.00401	0.00553
67	0.00654	0.01687	0.86850	0.00929	0.01411	0.00757	0.01205	0.01033	0.00688	0.01033	0.00585	0.00688	0.00413	0.00310	0.00310	0.00103	0.00482	0.00241	0.00138	0.00482
68	0.63247	0.00751	0.00715	0.00591	0.00810	0.07290	0.08814	0.09551	0.00715	0.04159	0.00538	0.00613	0.00407	0.00315	0.00243	0.00100	0.00319	0.00216	0.00215	0.00390
69	0.00685	0.00360	0.00374	0.00353	0.00450	0.00365	0.00270	0.03996	0.05137	0.05550	0.01078	0.01194	0.00832	0.00385	0.00242	0.00080	0.00171	0.00308	0.77832	0.00337
70	0.00865	0.85951	0.04433	0.00570	0.00855	0.01273	0.00579	0.00978	0.00663	0.00776	0.00458	0.00528	0.00418	0.00280	0.00212	0.00071	0.00353	0.00176	0.00139	0.00420
71	0.01179	0.00851	0.00928	0.02940	0.00997	0.00938	0.00599	0.74893	0.01432	0.04490	0.00840	0.04144	0.00629	0.00414	0.00327	0.00099	0.00345	0.00319	0.03107	0.00531
72	0.00397	0.00285	0.00377	0.00450	0.00472	0.00265	0.00301	0.00454	0.00628	0.00834	0.01844	0.85684	0.04770	0.01016	0.00415	0.00132	0.00188	0.00920	0.00303	0.00265
73	0.00770	0.00880	0.01924	0.01374	0.01704	0.00825	0.85322	0.01045	0.00770	0.01045	0.00660	0.00880	0.00495	0.00275	0.00385	0.00110	0.00550	0.00385	0.00165	0.00440
74	0.90843	0.00631	0.00479	0.00429	0.00631	0.00732	0.00353	0.00959	0.00555	0.01463	0.00454	0.00530	0.00353	0.00303	0.00202	0.00101	0.00252	0.00177	0.00202	0.00353
75	0.00474	0.00316	0.00356	0.00356	0.00356	0.00316	0.00198	0.00474	0.00474	0.00632	0.01027	0.02134	0.01186	0.88540	0.01660	0.00316	0.00316	0.00474	0.00198	0.00198
76	0.00770	0.00880	0.01924	0.01374	0.01704	0.00825	0.85322	0.01045	0.00770	0.01045	0.00660	0.00880	0.00495	0.00275	0.00385	0.00110	0.00550	0.00385	0.00165	0.00440
77	0.00399	0.00329	0.00350	0.00348	0.00450	0.00280	0.00260	0.00493	0.00770	0.00952	0.17372	0.05976	0.69284	0.00806	0.00386	0.00110	0.00164	0.00680	0.00312	0.00280
78	0.00947	0.00718	0.00777	0.00668	0.00871	0.00806	0.00528	0.14628	0.63751	0.10659	0.01239	0.01138	0.00907	0.00430	0.00331	0.00108	0.00276	0.00353	0.00339	0.00526
79	0.00713	0.00713	0.00999	0.00856	0.00856	0.00999	0.00713	0.00785	0.00499	0.00785	0.00428	0.00713	0.00428	0.00571	0.01070	0.00143	0.87943	0.00285	0.00143	0.00357
80	0.01240	0.00913	0.00979	0.00750	0.01011	0.01011	0.00620	0.85419	0.01533	0.02055	0.00783	0.00783	0.00555	0.00391	0.00326	0.00098	0.00359	0.00294	0.00326	0.00555
81	0.00397	0.00284	0.00378	0.00454	0.00473	0.00265	0.00303	0.00454	0.00624	0.00832	0.01797	0.88327	0.02157	0.01022	0.00416	0.00132	0.00189	0.00927	0.00303	0.00265
82	0.90843	0.00631	0.00479	0.00429	0.00631	0.00732	0.00353	0.00959	0.00555	0.01463	0.00454	0.00530	0.00353	0.00303	0.00202	0.00101	0.00252	0.00177	0.00202	0.00353
83	0.90843	0.00631	0.00479	0.00429	0.00631	0.00732	0.00353	0.00959	0.00555	0.01463	0.00454	0.00530	0.00353	0.00303	0.00202	0.00101	0.00252	0.00177	0.00202	0.00353
84	0.90843	0.00631	0.00479	0.00429	0.00631	0.00732	0.00353	0.00959	0.00555	0.01463	0.00454	0.00530	0.00353	0.00303	0.00202	0.00101	0.00252	0.00177	0.00202	0.00353
85	0.00811	0.00700	0.00737	0.00664	0.00848	0.00811	0.00516	0.01733	0.85917	0.01364	0.01327	0.01217	0.00995	0.00442	0.00332	0.00111	0.00258	0.00369	0.00332	0.00516
86	0.90843	0.00631	0.00479	0.00429	0.00631	0.00732	0.00353	0.00959	0.00555	0.01463	0.00454	0.00530	0.00353	0.00303	0.00202	0.00101	0.00252	0.00177	0.00202	0.00353
87	0.01243	0.00908	0.00975	0.00748	0.01008	0.01003	0.00618	0.84127	0.01524	0.03360	0.00791	0.00788	0.00558	0.00392	0.00326	0.00098	0.00358	0.00294	0.00327	0.00555
88	0.90843	0.00631	0.00479	0.00429	0.00631	0.00732	0.00353	0.00959	0.00555	0.01463	0.00454	0.00530	0.00353	0.00303	0.00202	0.00101	0.00252	0.00177	0.00202	0.00353
89	0.00514	0.00367	0.00513	0.00588	0.00658	0.00366	0.00506	0.00656	0.00740	0.00963	0.01733	0.10996	0.01901	0.00911	0.00447	0.00149	0.00291	0.77102	0.00300	0.00297
90	0.90843	0.00631	0.00479	0.00429	0.00631	0.00732	0.00353	0.00959	0.00555	0.01463	0.00454	0.00530	0.00353	0.00303	0.00202	0.00101	0.00252	0.00177	0.00202	0.00353
91	0.00811	0.00700	0.00737	0.00664	0.00848	0.00811	0.00516	0.01733	0.85917	0.01364	0.01327	0.01217	0.00995	0.00442	0.00332	0.00111	0.00258	0.00369	0.00332	0.00516
92	0.00397	0.00284	0.00378	0.00454	0.00473	0.00265	0.00303	0.00454	0.00624	0.00832	0.01797	0.88327	0.02157	0.01022	0.00416	0.00132	0.00189	0.00927	0.00303	0.00265
93	0.00400	0.00286	0.00382	0.00458	0.00478	0.00267	0.00308	0.00459	0.00627	0.00836	0.01796	0.86317	0.02150	0.01019	0.00417	0.00133	0.00192	0.02907	0.00303	0.00266
94	0.00388	0.00321	0.00340	0.00355	0.00447	0.00273	0.00259	0.00465	0.00720	0.00871	0.03003	0.20134	0.69572	0.00865	0.00392	0.00115	0.00170	0.00736	0.00303	0.00273
95	0.01229	0.00888	0.00958	0.00739	0.00996	0.00980	0.00609	0.77998	0.05431	0.05588	0.00829	0.00817	0.00586	0.00394	0.00327	0.00099	0.00351	0.00299	0.00330	0.00553
96	0.00784	0.00751	0.01282	0.12422	0.76268	0.00769	0.00989	0.00980	0.00732	0.01037	0.00609	0.00815	0.00507	0.00295	0.00323	0.00098	0.00393	0.00290	0.00159	0.00498
97	0.00390	0.00331	0.00337	0.00341	0.00448	0.00278	0.00257	0.00474	0.00741	0.00883	0.03226	0.04826	0.82174	0.00832	0.00388	0.00112	0.00170	0.03214	0.00303	0.00276
98	0.00641	0.00605	0.01024	0.76449	0.13356	0.00731	0.00918	0.00855	0.00664	0.00864	0.00584	0.00861	0.00445	0.00321	0.00326	0.00107	0.00428	0.00290	0.00147	0.00383
99	0.00654	0.01687	0.86850	0.00929	0.01411	0.00757	0.01205	0.01033	0.00688	0.01033	0.00585	0.00688	0.00413	0.00310	0.00310	0.00103	0.00482	0.00241	0.00138	0.00482
100	0.00656	0.01671	0.85184	0.00938	0.01417	0.00759	0.02855	0.01033	0.00690	0.01033	0.00587	0.00692	0.00415	0.00309	0.00311	0.00103	0.00483	0.00244	0.00138	0.00481
101	0.00472	0.00325	0.00400	0.00400	0.00416	0.00340	0.00253	0.00503	0.00487	0.00665	0.00987	0.01908	0.01087	0.65703	0.24363	0.00371	0.00464	0.00441	0.00192	0.00222
102	0.00676	0.00580	0.00676	0.00483	0.00773	0.00435	0.00386	0.00821	0.00676	0.01063	0.00580	0.00676	0.00483	0.00241	0.00241	0.00048	0.00241	0.00193	0.00193	0.90533
103	0.00860	0.84060	0.06283	0.00578	0.00868	0.01262	0.00593	0.00979	0.00664	0.00781	0.00460	0.00532	0.00418	0.00281	0.00215	0.00072	0.00356	0.00178	0.00139	0.00422
104	0.00616	0.00580	0.00978	0.87756	0.02246	0.00724	0.00906	0.00833	0.00652	0.00833	0.00580	0.00869	0.00435	0.00326	0.00326	0.00109	0.00435	0.00290	0.00145	0.00362
105	0.00525	0.00375	0.00525	0.00601	0.00676	0.00375	0.00525	0.00676	0.00751	0.00976	0.01727	0.03678	0.01877	0.00901	0.00450	0.00150	0.00300	0.84311	0.00300	0.00300
106	0.00498	0.00356	0.00494	0.00569	0.00633	0.00352	0.00478	0.00628	0.00724	0.00945	0.01742	0.21680	0.01936	0.00926	0.00443	0.00146	0.00277	0.66578	0.00301	0.00293
107	0.01411	0.00554	0.00741	0.00572	0.00815	0.00489	0.00471	0.04457	0.00941	0.79368	0.01257	0.01104	0.00800	0.00402	0.00323	0.00100	0.00274	0.00325	0.05054	0.00542
108	0.00811	0.00700	0.00737	0.00664	0.00848	0.00811	0.00516	0.01733	0.85917	0.01364	0.01327	0.01217	0.00995	0.00442	0.00332	0.00111	0.00258	0.00369	0.00332	0.00516
109	0.00473	0.00320	0.00375	0.00375	0.00382	0.00327	0.00222	0.00487	0.00480	0.00647	0.01010	0.02035	0.01142	0.78516	0.11625	0.00340	0.00381	0.00460	0.00195	0.00208
110	0.01240	0.00913	0.00979	0.00750	0.01011	0.01011	0.00620	0.85419	0.01533	0.02055	0.00783	0.00783	0.00555	0.00391	0.00326	0.00098	0.00359	0.00294	0.00326	0.00555
111	0.00457	0.00333	0.00429	0.00405	0.00484	0.00306	0.00304	0.00606	0.00912	0.01281	0.81196	0.02479	0.08231	0.00676	0.00385	0.00103	0.00155	0.00596	0.00355	0.00306
112	0.00440	0.00318	0.00418	0.00438	0.00494	0.00296	0.00320	0.00556	0.00796	0.01097	0.46936	0.34322	0.04776	0.00819	0.00401	0.00117	0.00178	0.06655	0.00333	0.00290
113	0.00676	0.00580	0.00676	0.00483	0.00773	0.00435	0.00386	0.00821	0.00676	0.01063	0.00580	0.00676	0.00483	0.00241	0.00241	0.00048	0.00241	0.00193	0.00193	0.90533
114	0.01240	0.00913	0.00979	0.00750	0.01011	0.01011	0.00620	0.85419	0.01533	0.02055	0.00783	0.00783	0.00555	0.00391	0.00326	0.00098	0.00359	0.00294	0.00326	0.00555

[dist]
# distance from previous block
# <min> <max>
0	1

[block]
# block no. 3 follows, 87 sequences, length 255
# corresponding to MSA columns:
# 734-737,749-767,779-784,787-804,892-907,956-968,987-1014,1056-1086,1180-1190,1200-1211,1225-1232,1284-1288,1290-1295,1309-1318,1368-1377,1391-1410,1415-1426,1439-1464
name=unknown_D
#
# <colnr> <probs for GDERKNQSTAVLIFYWHMCP>
#	G	D	E	R	K	N	Q	S	T	A	V	L	I	F	Y	W	H	M	C	P
0	0.00806	0.00777	0.01339	0.01986	0.84383	0.00776	0.03111	0.01002	0.00743	0.01065	0.00615	0.00809	0.00516	0.00290	0.00324	0.00097	0.00391	0.00293	0.00162	0.00515
1	0.00598	0.00491	0.00549	0.00511	0.00624	0.03145	0.00387	0.01002	0.29487	0.01282	0.49962	0.07200	0.02239	0.00603	0.00366	0.00107	0.00204	0.00524	0.00341	0.00377
2	0.01240	0.00913	0.00979	0.00750	0.01011	0.01011	0.00620	0.85419	0.01533	0.02055	0.00783	0.00783	0.00555	0.00391	0.00326	0.00098	0.00359	0.00294	0.00326	0.00555
3	0.00863	0.85415	0.04958	0.00572	0.00859	0.01270	0.00583	0.00979	0.00664	0.00777	0.00458	0.00529	0.00418	0.00280	0.00213	0.00071	0.00354	0.00177	0.00139	0.00421
4	0.00819	0.00699	0.00738	0.00663	0.00848	0.00807	0.00516	0.01731	0.84877	0.02409	0.01327	0.01215	0.00993	0.00442	0.00332	0.00110	0.00258	0.00368	0.00333	0.00517
5	0.00460	0.00333	0.00434	0.00409	0.00486	0.00307	0.00306	0.00612	0.00919	0.01299	0.84658	0.02450	0.04758	0.00670	0.00385	0.00103	0.00154	0.00592	0.00358	0.00307
6	0.00501	0.00394	0.00460	0.00433	0.00536	0.00384	0.00328	0.00766	0.15063	0.01213	0.51892	0.02404	0.23050	0.00668	0.00376	0.00106	0.00174	0.00577	0.00341	0.00335
7	0.00654	0.01687	0.86850	0.00929	0.01411	0.00757	0.01205	0.01033	0.00688	0.01033	0.00585	0.00688	0.00413	0.00310	0.00310	0.00103	0.00482	0.00241	0.00138	0.00482
8	0.00676	0.00580	0.00676	0.00483	0.00773	0.00435	0.00386	0.00821	0.00676	0.01063	0.00580	0.00676	0.00483	0.00241	0.00241	0.00048	0.00241	0.00193	0.00193	0.90533
9	0.00466	0.00349	0.00524	0.00524	0.00582	0.00408	0.00408	0.00582	0.00524	0.00757	0.00873	0.01281	0.00815	0.02446	0.87248	0.00524	0.00873	0.00349	0.00175	0.00291
10	0.01218	0.01554	0.00924	0.00840	0.01008	0.87231	0.00630	0.01302	0.00924	0.00798	0.00504	0.00588	0.00420	0.00336	0.00294	0.00084	0.00588	0.00210	0.00168	0.00378
11	0.01463	0.00555	0.00757	0.00580	0.00832	0.00479	0.00479	0.01589	0.00933	0.86732	0.01286	0.01110	0.00807	0.00404	0.00328	0.00101	0.00277	0.00328	0.00404	0.00555
12	0.00753	0.00639	0.00687	0.00621	0.00788	0.00727	0.00481	0.01546	0.71733	0.01355	0.15513	0.01420	0.01343	0.00480	0.00341	0.00109	0.00241	0.00406	0.00336	0.00481
13	0.00397	0.00284	0.00378	0.00454	0.00473	0.00265	0.00303	0.00454	0.00624	0.00832	0.01797	0.88327	0.02157	0.01022	0.00416	0.00132	0.00189	0.00927	0.00303	0.00265
14	0.01249	0.00898	0.00969	0.00743	0.01003	0.00988	0.00614	0.81774	0.01507	0.05737	0.00805	0.00797	0.00566	0.00392	0.00326	0.00098	0.00355	0.00295	0.00330	0.00555
15	0.00457	0.00335	0.00418	0.00411	0.00484	0.00311	0.00308	0.00579	0.00817	0.01112	0.51696	0.02662	0.17321	0.11564	0.00550	0.00136	0.00192	0.10038	0.00323	0.00288
16	0.00731	0.00743	0.00987	0.00849	0.00858	0.04738	0.00704	0.00804	0.00518	0.00785	0.00439	0.00718	0.00435	0.00594	0.02575	0.00147	0.82590	0.00283	0.00144	0.00356
17	0.00770	0.00880	0.01924	0.01374	0.01704	0.00825	0.85322	0.01045	0.00770	0.01045	0.00660	0.00880	0.00495	0.00275	0.00385	0.00110	0.00550	0.00385	0.00165	0.00440
18	0.00397	0.00284	0.00378	0.00454	0.00473	0.00265	0.00303	0.00454	0.00624	0.00832	0.01797	0.88327	0.02157	0.01022	0.00416	0.00132	0.00189	0.00927	0.00303	0.00265
19	0.00464	0.00347	0.00432	0.00409	0.00494	0.00322	0.00307	0.00637	0.04179	0.01248	0.71114	0.02490	0.14972	0.00681	0.00383	0.00104	0.00159	0.00595	0.00350	0.00311
20	0.00668	0.07279	0.81381	0.00906	0.01374	0.00792	0.01163	0.01029	0.00687	0.01016	0.00577	0.00678	0.00413	0.00308	0.00303	0.00101	0.00473	0.00237	0.00138	0.00478
21	0.00959	0.01071	0.00923	0.00811	0.00924	0.42665	0.03850	0.01053	0.00738	0.04534	0.00571	0.00753	0.00496	0.00693	0.12313	0.00163	0.26679	0.00263	0.00171	0.00370
22	0.01325	0.00776	0.00894	0.00685	0.00943	0.00808	0.00566	0.53325	0.01304	0.34474	0.00976	0.00908	0.00651	0.00396	0.00327	0.00099	0.00328	0.00307	0.00356	0.00555
23	0.00888	0.84855	0.01676	0.00566	0.00845	0.01278	0.00561	0.04708	0.00701	0.00824	0.00468	0.00535	0.00424	0.00284	0.00214	0.00071	0.00349	0.00180	0.00148	0.00424
24	0.00722	0.01592	0.79608	0.00900	0.01363	0.00734	0.01144	0.01079	0.00709	0.08242	0.00644	0.00724	0.00446	0.00318	0.00311	0.00103	0.00465	0.00248	0.00160	0.00488
25	0.00811	0.00700	0.00737	0.00664	0.00848	0.00811	0.00516	0.01733	0.85917	0.01364	0.01327	0.01217	0.00995	0.00442	0.00332	0.00111	0.00258	0.00369	0.00332	0.00516
26	0.00474	0.00316	0.00356	0.00356	0.00356	0.00316	0.00198	0.00474	0.00474	0.00632	0.01027	0.02134	0.01186	0.88540	0.01660	0.00316	0.00316	0.00474	0.00198	0.00198
27	0.00608	0.00304	0.00304	0.00304	0.00380	0.00304	0.00228	0.00760	0.00684	0.01216	0.01064	0.01216	0.00836	0.00380	0.00228	0.00076	0.00152	0.00304	0.90350	0.00304
28	0.00387	0.00323	0.00338	0.00351	0.00446	0.00274	0.00257	0.00466	0.00723	0.00873	0.03052	0.17354	0.72320	0.00859	0.00391	0.00114	0.00169	0.00728	0.00303	0.00274
29	0.00872	0.88736	0.01709	0.00558	0.00837	0.01290	0.00558	0.00976	0.00663	0.00767	0.00453	0.00523	0.00418	0.00279	0.00209	0.00070	0.00349	0.00174	0.00139	0.00418
30	0.01218	0.01554	0.00924	0.00840	0.01008	0.87231	0.00630	0.01302	0.00924	0.00798	0.00504	0.00588	0.00420	0.00336	0.00294	0.00084	0.00588	0.00210	0.00168	0.00378
31	0.00654	0.01687	0.86850	0.00929	0.01411	0.00757	0.01205	0.01033	0.00688	0.01033	0.00585	0.00688	0.00413	0.00310	0.00310	0.00103	0.00482	0.00241	0.00138	0.00482
32	0.01463	0.00555	0.00757	0.00580	0.00832	0.00479	0.00479	0.01589	0.00933	0.86732	0.01286	0.01110	0.00807	0.00404	0.00328	0.00101	0.00277	0.00328	0.00404	0.00555
33	0.00397	0.00284	0.00378	0.00454	0.00473	0.00265	0.00303	0.00454	0.00624	0.00832	0.01797	0.88327	0.02157	0.01022	0.00416	0.00132	0.00189	0.00927	0.00303	0.00265
34	0.00469	0.00355	0.00531	0.00529	0.00586	0.00416	0.00412	0.00585	0.00524	0.00757	0.00867	0.01273	0.00810	0.02418	0.85984	0.00518	0.02151	0.00348	0.00174	0.00292
35	0.00950	0.56766	0.06082	0.00694	0.01786	0.24619	0.03224	0.01070	0.00739	0.00801	0.00482	0.00563	0.00422	0.00296	0.00244	0.00077	0.00428	0.00195	0.00148	0.00413
36	0.00385	0.00330	0.00330	0.00330	0.00440	0.00275	0.00248	0.00468	0.00743	0.00881	0.03303	0.03138	0.86374	0.00826	0.00385	0.00110	0.00165	0.00688	0.00303	0.00275
37	0.00666	0.00337	0.00347	0.00332	0.00422	0.00338	0.00253	0.04023	0.00726	0.04606	0.01062	0.01195	0.00824	0.00381	0.00236	0.00078	0.00165	0.00304	0.83383	0.00323
38	0.00729	0.00732	0.01356	0.01027	0.01273	0.00720	0.48525	0.03814	0.16442	0.01158	0.11169	0.02149	0.02275	0.00418	0.00378	0.00112	0.00415	0.06645	0.00237	0.00427
39	0.04942	0.00818	0.01041	0.37078	0.23947	0.15411	0.02788	0.02172	0.06849	0.00977	0.00628	0.00814	0.00493	0.00325	0.00316	0.00101	0.00429	0.00279	0.00172	0.00420
40	0.00811	0.00700	0.00737	0.00664	0.00848	0.00811	0.00516	0.01733	0.85917	0.01364	0.01327	0.01217	0.00995	0.00442	0.00332	0.00111	0.00258	0.00369	0.00332	0.00516
41	0.00397	0.00284	0.00378	0.00454	0.00473	0.00265	0.00303	0.00454	0.00624	0.00832	0.01797	0.88327	0.02157	0.01022	0.00416	0.00132	0.00189	0.00927	0.00303	0.00265
42	0.00796	0.00766	0.01315	0.06514	0.80665	0.00773	0.02384	0.00993	0.00738	0.01053	0.00612	0.00812	0.00512	0.00292	0.00324	0.00098	0.00393	0.00292	0.00161	0.00507
43	0.00407	0.00302	0.00387	0.00450	0.01229	0.00278	0.00308	0.00477	0.00665	0.00870	0.05728	0.65148	0.17180	0.00960	0.00410	0.00128	0.00190	0.04308	0.00304	0.00272
44	0.00934	0.04450	0.02162	0.00795	0.04264	0.21924	0.11550	0.08903	0.06486	0.05332	0.00671	0.00747	0.00523	0.00309	0.00294	0.00080	0.00393	0.00253	0.00211	0.29718
45	0.00776	0.00894	0.03500	0.01287	0.01586	0.02998	0.72092	0.01059	0.04061	0.01032	0.00663	0.00870	0.00506	0.00305	0.00429	0.00112	0.06857	0.00370	0.00169	0.00436
46	0.00676	0.00580	0.00676	0.00483	0.00773	0.00435	0.00386	0.00821	0.00676	0.01063	0.00580	0.00676	0.00483	0.00241	0.00241	0.00048	0.00241	0.00193	0.00193	0.90533
47	0.06593	0.13983	0.01022	0.04001	0.00981	0.03162	0.00584	0.52921	0.03824	0.03181	0.02124	0.00768	0.00570	0.00365	0.00298	0.00092	0.00346	0.00270	0.00276	0.04641
48	0.00477	0.00369	0.00541	0.00533	0.00589	0.00434	0.00416	0.00588	0.00530	0.00762	0.00943	0.01331	0.04063	0.03333	0.78074	0.00484	0.05701	0.00360	0.00178	0.00293
49	0.14833	0.09650	0.02452	0.00723	0.05682	0.13605	0.03775	0.12248	0.05910	0.14936	0.02096	0.00826	0.00603	0.01566	0.03662	0.00111	0.00376	0.00266	0.00243	0.06435
50	0.00829	0.50457	0.22437	0.00733	0.01038	0.07614	0.05267	0.01006	0.00684	0.00850	0.00499	0.00600	0.00422	0.00309	0.00305	0.00086	0.06080	0.00212	0.00143	0.00428
51	0.00398	0.00285	0.00381	0.00455	0.00475	0.00267	0.00304	0.00456	0.00623	0.00831	0.01784	0.87050	0.02137	0.01042	0.01690	0.00138	0.00199	0.00919	0.00301	0.00265
52	0.01218	0.01554	0.00924	0.00840	0.01008	0.87231	0.00630	0.01302	0.00924	0.00798	0.00504	0.00588	0.00420	0.00336	0.00294	0.00084	0.00588	0.00210	0.00168	0.00378
53	0.01826	0.01083	0.01075	0.06181	0.05440	0.36138	0.09883	0.06902	0.01607	0.00935	0.00536	0.00702	0.00450	0.00398	0.00530	0.00107	0.25369	0.00266	0.00172	0.00398
54	0.00397	0.00284	0.00378	0.00454	0.00473	0.00265	0.00303	0.00454	0.00624	0.00832	0.01797	0.88327	0.02157	0.01022	0.00416	0.00132	0.00189	0.00927	0.00303	0.00265
55	0.00449	0.00333	0.00418	0.00397	0.00479	0.00302	0.00298	0.00591	0.00893	0.01236	0.72478	0.02553	0.16977	0.00693	0.00385	0.00104	0.00156	0.00606	0.00350	0.00302
56	0.01249	0.00898	0.00969	0.00743	0.01003	0.00988	0.00614	0.81774	0.01507	0.05737	0.00805	0.00797	0.00566	0.00392	0.00326	0.00098	0.00355	0.00295	0.00330	0.00555
57	0.02024	0.00808	0.00907	0.00758	0.04206	0.00878	0.00601	0.64909	0.01348	0.07460	0.00931	0.04856	0.00750	0.00458	0.00339	0.00104	0.00341	0.07484	0.00321	0.00517
58	0.00462	0.00333	0.00436	0.00410	0.00487	0.00308	0.00308	0.00615	0.00923	0.01308	0.86334	0.02436	0.03077	0.00667	0.00385	0.00103	0.00154	0.00590	0.00359	0.00308
59	0.00525	0.00375	0.00525	0.00601	0.00676	0.00375	0.00525	0.00676	0.00751	0.00976	0.01727	0.03678	0.01877	0.00901	0.00450	0.00150	0.00300	0.84311	0.00300	0.00300
60	0.01220	0.00904	0.00968	0.00746	0.01004	0.01002	0.00615	0.81572	0.05412	0.02023	0.00808	0.00803	0.00575	0.00394	0.00326	0.00098	0.00354	0.00297	0.00326	0.00553
61	0.90843	0.00631	0.00479	0.00429	0.00631	0.00732	0.00353	0.00959	0.00555	0.01463	0.00454	0.00530	0.00353	0.00303	0.00202	0.00101	0.00252	0.00177	0.00202	0.00353
62	0.00455	0.00333	0.00427	0.00403	0.00483	0.00305	0.00302	0.00603	0.00907	0.01271	0.79148	0.02497	0.10286	0.00680	0.00385	0.00103	0.00155	0.00598	0.00354	0.00305
63	0.00811	0.00700	0.00737	0.00664	0.00848	0.00811	0.00516	0.01733	0.85917	0.01364	0.01327	0.01217	0.00995	0.00442	0.00332	0.00111	0.00258	0.00369	0.00332	0.00516
64	0.00811	0.00700	0.00737	0.00664	0.00848	0.00811	0.00516	0.01733	0.85917	0.01364	0.01327	0.01217	0.00995	0.00442	0.00332	0.00111	0.00258	0.00369	0.00332	0.00516
65	0.08497	0.00794	0.00832	0.00654	0.00881	0.00877	0.00536	0.65186	0.01319	0.01875	0.00800	0.00830	0.00582	0.00382	0.00301	0.00095	0.00318	0.00286	0.14457	0.00499
66	0.00401	0.00285	0.00377	0.00450	0.00468	0.00267	0.00298	0.00455	0.00618	0.00824	0.01764	0.84580	0.02114	0.04827	0.00470	0.00140	0.00195	0.00907	0.00298	0.00262
67	0.00616	0.00580	0.00978	0.87756	0.02246	0.00724	0.00906	0.00833	0.00652	0.00833	0.00580	0.00869	0.00435	0.00326	0.00326	0.00109	0.00435	0.00290	0.00145	0.00362
68	0.00469	0.00338	0.00469	0.00469	0.00508	0.00378	0.00339	0.00547	0.00508	0.00716	0.00924	0.01561	0.00937	0.30734	0.59126	0.00456	0.00690	0.00390	0.00182	0.00260
69	0.00676	0.00580	0.00676	0.00483	0.00773	0.00435	0.00386	0.00821	0.00676	0.01063	0.00580	0.00676	0.00483	0.00241	0.00241	0.00048	0.00241	0.00193	0.00193	0.90533
