[name]
unknown

[dist]
# distance from previous block
# <min> <max>
0	175

[block]
# block no. 0 follows, 80 sequences, length 9
# corresponding to MSA columns:
# 178-186
name=unknown_A
#
# <colnr> <probs for GDERKNQSTAVLIFYWHMCP>
#	G	D	E	R	K	N	Q	S	T	A	V	L	I	F	Y	W	H	M	C	P
0	0.00805	0.00443	0.00570	0.00523	0.00659	0.00409	0.00410	0.02364	0.03637	0.24422	0.26446	0.13087	0.11741	0.02377	0.00431	0.00125	0.00237	0.10544	0.00370	0.00401
1	0.00649	0.00447	0.00549	0.00541	0.00652	0.00428	0.00393	0.00888	0.15200	0.09373	0.01626	0.53735	0.01736	0.00821	0.00398	0.00124	0.00231	0.00731	0.00326	0.11152
2	0.00854	0.01137	0.20591	0.03168	0.20631	0.15446	0.11921	0.01080	0.00802	0.02583	0.00740	0.07355	0.00639	0.00378	0.00343	0.00102	0.00462	0.00337	0.00188	0.11244
3	0.00854	0.00820	0.09510	0.22400	0.23982	0.00718	0.08870	0.01077	0.00780	0.11271	0.00730	0.00890	0.00549	0.00326	0.00337	0.00100	0.00413	0.00302	0.00203	0.15867
4	0.00816	0.15720	0.01261	0.45244	0.20008	0.00921	0.00897	0.09173	0.00813	0.01062	0.00626	0.00843	0.00494	0.00339	0.00327	0.00105	0.00430	0.00289	0.00177	0.00454
5	0.16112	0.00676	0.01007	0.44754	0.20589	0.00759	0.00837	0.00953	0.00704	0.01087	0.00605	0.00833	0.00475	0.00327	0.00317	0.00106	0.00400	0.00280	0.00174	0.09007
6	0.20043	0.00839	0.18785	0.00736	0.04403	0.00659	0.04471	0.01048	0.15190	0.02649	0.03278	0.20800	0.04593	0.00560	0.00347	0.00119	0.00322	0.00474	0.00259	0.00426
7	0.34786	0.04346	0.03646	0.00547	0.00816	0.05640	0.00463	0.01060	0.00717	0.09600	0.00634	0.00698	0.00489	0.00310	0.00256	0.00084	0.00302	0.00216	0.00226	0.35165
8	0.00675	0.00620	0.01027	0.53689	0.20074	0.00710	0.00881	0.00890	0.00768	0.01033	0.15205	0.01204	0.00970	0.00403	0.00359	0.00112	0.00402	0.00365	0.00198	0.00413

[dist]
# distance from previous block
# <min> <max>
9	29

[block]
# block no. 1 follows, 80 sequences, length 6
# corresponding to MSA columns:
# 216-221
name=unknown_B
#
# <colnr> <probs for GDERKNQSTAVLIFYWHMCP>
#	G	D	E	R	K	N	Q	S	T	A	V	L	I	F	Y	W	H	M	C	P
0	0.00569	0.00414	0.00470	0.00436	0.00512	0.00397	0.00294	0.07333	0.00728	0.00978	0.11575	0.08203	0.13979	0.44274	0.01080	0.00223	0.00281	0.00551	0.00267	0.07436
1	0.03545	0.00879	0.08091	0.11193	0.16868	0.00799	0.20572	0.14600	0.00914	0.01298	0.03993	0.00913	0.00631	0.00339	0.00347	0.00102	0.00427	0.00324	0.00213	0.13952
2	0.00789	0.00702	0.01016	0.00789	0.01035	0.03032	0.20452	0.08801	0.07049	0.03369	0.05475	0.05732	0.07775	0.00471	0.00360	0.00100	0.00352	0.06348	0.00261	0.26091
3	0.05281	0.00429	0.00509	0.00495	0.00601	0.00422	0.00378	0.00795	0.07536	0.07960	0.23019	0.19644	0.21780	0.00781	0.00428	0.00123	0.03079	0.06044	0.00339	0.00355
4	0.00937	0.00814	0.00896	0.00725	0.00957	0.10880	0.07212	0.21947	0.07050	0.03898	0.01059	0.09819	0.03991	0.00480	0.00347	0.00099	0.00358	0.04939	0.00277	0.23317
5	0.00641	0.00420	0.00524	0.00511	0.00613	0.00390	0.00372	0.07363	0.00833	0.09674	0.12172	0.48283	0.08735	0.00848	0.00408	0.00123	0.00224	0.00751	0.00336	0.06779

[dist]
# distance from previous block
# <min> <max>
0	1

[block]
# block no. 2 follows, 80 sequences, length 22
# corresponding to MSA columns:
# 223-244
name=unknown_C
#
# <colnr> <probs for GDERKNQSTAVLIFYWHMCP>
#	G	D	E	R	K	N	Q	S	T	A	V	L	I	F	Y	W	H	M	C	P
0	0.01305	0.01602	0.00994	0.00890	0.01079	0.78743	0.00673	0.08787	0.01047	0.00974	0.00566	0.00648	0.00462	0.00365	0.00318	0.00091	0.00607	0.00233	0.00195	0.00421
1	0.00775	0.00854	0.01823	0.01322	0.01626	0.00803	0.72435	0.01030	0.00787	0.01067	0.00804	0.05565	0.00688	0.08124	0.00535	0.00139	0.00546	0.00450	0.00187	0.00438
2	0.00864	0.00829	0.01416	0.02142	0.85561	0.00829	0.01071	0.01071	0.00794	0.01140	0.00656	0.00864	0.00553	0.00311	0.00345	0.00104	0.00415	0.00311	0.00173	0.00553
3	0.01232	0.01548	0.00951	0.00869	0.01038	0.78686	0.00653	0.01325	0.00951	0.00850	0.00575	0.00695	0.00487	0.00561	0.07978	0.00132	0.00656	0.00238	0.00180	0.00396
4	0.00506	0.00367	0.00522	0.00522	0.00582	0.00415	0.00398	0.00620	0.00575	0.00834	0.01057	0.01520	0.03984	0.09994	0.70193	0.00494	0.00805	0.00396	0.05913	0.00303
5	0.00955	0.00696	0.00780	0.00645	0.00810	0.00765	0.00501	0.46583	0.01139	0.01537	0.00925	0.01322	0.00825	0.24166	0.16529	0.00251	0.00473	0.00377	0.00282	0.00439
6	0.01131	0.00857	0.00920	0.00753	0.00994	0.00959	0.00606	0.43327	0.39168	0.05758	0.01125	0.01063	0.00819	0.00444	0.00352	0.00111	0.00331	0.00352	0.00356	0.00575
7	0.05919	0.46857	0.20968	0.00725	0.01045	0.15272	0.00749	0.01103	0.00757	0.00936	0.00598	0.00678	0.02433	0.00331	0.00268	0.00088	0.00438	0.00222	0.00162	0.00449
8	0.00498	0.00374	0.00561	0.00561	0.00623	0.00436	0.00436	0.00623	0.00561	0.00810	0.00935	0.01371	0.00872	0.02617	0.86355	0.00561	0.00935	0.00374	0.00187	0.00312
9	0.00424	0.00307	0.00402	0.00478	0.00504	0.00284	0.00320	0.00487	0.00675	0.00894	0.02016	0.82658	0.07100	0.01081	0.00443	0.00140	0.00201	0.00977	0.00324	0.00284
10	0.00836	0.00800	0.01366	0.13756	0.74166	0.00822	0.01057	0.01046	0.00781	0.01106	0.00651	0.00873	0.00541	0.00316	0.00346	0.00105	0.00421	0.00311	0.00170	0.00530
11	0.00919	0.00954	0.01252	0.13334	0.53866	0.17000	0.00955	0.01148	0.05219	0.01069	0.00669	0.00851	0.00548	0.00334	0.00341	0.00104	0.00455	0.00299	0.00181	0.00502
12	0.00952	0.83434	0.01784	0.00613	0.00905	0.05825	0.00601	0.01063	0.00724	0.00823	0.00488	0.00563	0.00448	0.00302	0.00229	0.00075	0.00387	0.00189	0.00151	0.00445
13	0.00871	0.49806	0.33430	0.00760	0.01139	0.01146	0.00862	0.06549	0.00781	0.01018	0.00561	0.00645	0.00455	0.00319	0.00273	0.00090	0.00427	0.00222	0.00162	0.00483
14	0.00867	0.01007	0.01961	0.01418	0.01755	0.08689	0.76655	0.01143	0.00839	0.01094	0.00691	0.00913	0.00522	0.00300	0.00403	0.00115	0.00592	0.00395	0.00177	0.00465
15	0.00616	0.00465	0.00514	0.00474	0.00599	0.05155	0.02695	0.00724	0.00837	0.09970	0.17015	0.08953	0.43929	0.03903	0.02458	0.00134	0.00250	0.00642	0.00326	0.00340
16	0.03474	0.00461	0.00548	0.03403	0.03732	0.00483	0.00374	0.08934	0.04954	0.00982	0.02522	0.11817	0.03252	0.46269	0.03164	0.00246	0.00336	0.04487	0.00252	0.00310
17	0.00960	0.00527	0.00648	0.00560	0.00716	0.00514	0.00437	0.14520	0.00945	0.27281	0.08581	0.07552	0.07056	0.15185	0.04078	0.00171	0.00317	0.07091	0.02435	0.00427
18	0.00500	0.00408	0.00581	0.00559	0.00657	0.00382	0.07829	0.00637	0.02626	0.01009	0.11362	0.26727	0.25737	0.03375	0.03326	0.00151	0.00273	0.13233	0.00310	0.00319
19	0.00670	0.00632	0.01067	0.82161	0.07052	0.00778	0.00975	0.00901	0.00703	0.00905	0.00622	0.00927	0.00470	0.00347	0.00349	0.00116	0.00462	0.00310	0.00156	0.00397
20	0.04188	0.13898	0.28129	0.02323	0.04228	0.22980	0.14132	0.01190	0.02346	0.02576	0.00620	0.00736	0.00480	0.00332	0.00322	0.00101	0.00514	0.00268	0.00173	0.00466
21	0.00663	0.04637	0.00893	0.35989	0.11981	0.01897	0.00703	0.00811	0.02368	0.00942	0.10348	0.04332	0.04399	0.00598	0.00536	0.15847	0.00367	0.02129	0.00203	0.00358

[dist]
# distance from previous block
# <min> <max>
18	104

[block]
# block no. 3 follows, 80 sequences, length 17
# corresponding to MSA columns:
# 349-365
name=unknown_D
#
# <colnr> <probs for GDERKNQSTAVLIFYWHMCP>
#	G	D	E	R	K	N	Q	S	T	A	V	L	I	F	Y	W	H	M	C	P
0	0.00819	0.00649	0.00704	0.00629	0.00806	0.00717	0.00489	0.05751	0.54760	0.05107	0.14100	0.01658	0.09174	0.00541	0.00366	0.00115	0.00254	0.00454	0.02413	0.00494
1	0.00421	0.00347	0.00366	0.00375	0.00474	0.00296	0.00273	0.00506	0.00777	0.00946	0.06831	0.13676	0.68383	0.04178	0.00468	0.00129	0.00185	0.00755	0.00322	0.00292
2	0.00531	0.00369	0.00457	0.00428	0.00529	0.00331	0.00323	0.00675	0.00941	0.05820	0.60631	0.02716	0.23466	0.00740	0.00408	0.00112	0.00175	0.00642	0.00372	0.00335
3	0.00424	0.00344	0.00372	0.00391	0.00483	0.00298	0.00285	0.00505	0.00759	0.00925	0.03061	0.20296	0.62691	0.04205	0.00473	0.00132	0.00193	0.03553	0.00320	0.00290
4	0.00789	0.06302	0.01356	0.01030	0.01134	0.01043	0.20955	0.00920	0.00615	0.00906	0.00520	0.00794	0.00475	0.00514	0.00910	0.00139	0.60710	0.00324	0.00158	0.00407
5	0.00730	0.00587	0.00689	0.00513	0.00790	0.00456	0.00406	0.00897	0.02454	0.03944	0.02787	0.05480	0.00717	0.00330	0.00277	0.00062	0.00251	0.00272	0.03747	0.74611
6	0.90202	0.00675	0.00513	0.00459	0.00675	0.00783	0.00378	0.01026	0.00594	0.01565	0.00486	0.00567	0.00378	0.00324	0.00216	0.00108	0.00270	0.00189	0.00216	0.00378
7	0.04237	0.00938	0.01002	0.00779	0.01049	0.01037	0.00641	0.72763	0.07784	0.04889	0.00887	0.00875	0.00630	0.00420	0.00345	0.00106	0.00369	0.00317	0.00348	0.00583
8	0.00997	0.08695	0.09098	0.17602	0.05633	0.08698	0.03284	0.17195	0.05561	0.09124	0.00744	0.00857	0.00560	0.00397	0.00423	0.00110	0.10006	0.00298	0.00232	0.00485
9	0.02351	0.00949	0.00800	0.00704	0.00854	0.27552	0.00535	0.20971	0.06593	0.01193	0.02251	0.01133	0.00763	0.14052	0.12875	0.03732	0.01712	0.00332	0.00240	0.00405
10	0.00431	0.00340	0.00387	0.00418	0.00496	0.00300	0.00303	0.00514	0.00750	0.00937	0.05334	0.31093	0.47621	0.03882	0.00473	0.00135	0.00199	0.05774	0.00322	0.00291
11	0.00763	0.00727	0.01235	0.43693	0.44794	0.00803	0.01021	0.00983	0.00747	0.01018	0.00639	0.00896	0.00510	0.00329	0.00347	0.00110	0.00439	0.00310	0.00164	0.00472
12	0.00424	0.00354	0.00370	0.00366	0.00478	0.00300	0.00274	0.00523	0.00823	0.01008	0.15246	0.03250	0.73668	0.00859	0.00412	0.00117	0.00175	0.00721	0.00333	0.00300
13	0.90202	0.00675	0.00513	0.00459	0.00675	0.00783	0.00378	0.01026	0.00594	0.01565	0.00486	0.00567	0.00378	0.00324	0.00216	0.00108	0.00270	0.00189	0.00216	0.00378
14	0.00581	0.00476	0.00706	0.22786	0.10336	0.00503	0.00557	0.00693	0.00647	0.00877	0.01092	0.24029	0.01170	0.20707	0.04912	0.02083	0.00366	0.00530	0.00220	0.06729
15	0.04585	0.00725	0.00825	0.00646	0.00902	0.06739	0.00526	0.14917	0.01065	0.51941	0.05650	0.01108	0.00876	0.00422	0.00339	0.00102	0.00324	0.00334	0.00372	0.07601
16	0.00879	0.00788	0.02695	0.00957	0.16275	0.05627	0.01958	0.16021	0.27350	0.01386	0.04784	0.05338	0.06008	0.00584	0.03905	0.00131	0.00362	0.02397	0.02064	0.00492

[dist]
# distance from previous block
# <min> <max>
0	9

[block]
# block no. 4 follows, 80 sequences, length 14
# corresponding to MSA columns:
# 375-388
name=unknown_E
#
# <colnr> <probs for GDERKNQSTAVLIFYWHMCP>
#	G	D	E	R	K	N	Q	S	T	A	V	L	I	F	Y	W	H	M	C	P
0	0.00980	0.60903	0.06470	0.00602	0.00885	0.02776	0.00592	0.01117	0.00756	0.11995	0.00677	0.00729	0.00547	0.00330	0.00251	0.00082	0.00355	0.00227	0.09268	0.00458
1	0.02248	0.03445	0.16951	0.00595	0.00816	0.00539	0.00566	0.05892	0.02172	0.12152	0.39766	0.01849	0.08059	0.00564	0.00371	0.00107	0.00275	0.00476	0.00323	0.02832
2	0.02395	0.10841	0.07748	0.00635	0.00825	0.02250	0.02323	0.02875	0.04443	0.21877	0.09213	0.05408	0.01086	0.09220	0.12960	0.00196	0.04601	0.00395	0.00277	0.00430
3	0.00662	0.00559	0.00652	0.00490	0.00751	0.00430	0.00387	0.00811	0.00765	0.01152	0.11995	0.01237	0.09492	0.00381	0.00294	0.00066	0.00238	0.00316	0.00242	0.69080
4	0.00662	0.00645	0.04678	0.02069	0.14801	0.00572	0.08168	0.00859	0.04208	0.01081	0.06989	0.14217	0.08853	0.01637	0.01438	0.00114	0.04437	0.03154	0.00242	0.21175
5	0.00719	0.01993	0.00853	0.00957	0.21313	0.00628	0.03498	0.08341	0.13764	0.01288	0.20004	0.08247	0.13432	0.00583	0.00379	0.00113	0.00286	0.01562	0.01600	0.00439
6	0.00597	0.00478	0.00599	0.00661	0.11665	0.00457	0.00427	0.09131	0.00915	0.01208	0.26638	0.02451	0.35378	0.05429	0.00491	0.01977	0.00237	0.00586	0.00315	0.00361
7	0.00763	0.00931	0.20574	0.00765	0.07333	0.00608	0.00680	0.05707	0.00784	0.01190	0.00637	0.00744	0.00506	0.00288	0.00287	0.00072	0.00337	0.00232	0.00199	0.57361
8	0.00994	0.00995	0.00767	0.00704	0.00844	0.35858	0.00527	0.11403	0.05620	0.04439	0.01022	0.12555	0.00997	0.14114	0.00577	0.00144	0.00437	0.05772	0.01841	0.00391
9	0.00621	0.00408	0.00484	0.00461	0.00546	0.00405	0.00339	0.09154	0.00873	0.02785	0.29085	0.15437	0.03375	0.12096	0.02215	0.00148	0.00236	0.02412	0.18582	0.00336
10	0.00529	0.00582	0.11631	0.00514	0.00673	0.00433	0.00456	0.00778	0.09390	0.01192	0.34812	0.07077	0.29177	0.00715	0.00397	0.00115	0.00228	0.00612	0.00328	0.00363
11	0.15369	0.12047	0.00910	0.00603	0.00868	0.00701	0.00511	0.06224	0.00934	0.56718	0.01090	0.00988	0.00718	0.00397	0.00313	0.00103	0.00308	0.00302	0.00356	0.00541
12	0.12267	0.00448	0.00531	0.04472	0.00662	0.00475	0.00391	0.01981	0.05552	0.01146	0.26661	0.04467	0.14293	0.03635	0.09806	0.09272	0.02840	0.00493	0.00281	0.00326
13	0.00758	0.00782	0.11985	0.09799	0.11681	0.00585	0.02068	0.00956	0.00750	0.05756	0.02408	0.05779	0.00682	0.00351	0.00310	0.00083	0.00336	0.00302	0.00211	0.44419

[dist]
# distance from previous block
# <min> <max>
13	69

[block]
# block no. 5 follows, 80 sequences, length 37
# corresponding to MSA columns:
# 458-494
name=unknown_F
#
# <colnr> <probs for GDERKNQSTAVLIFYWHMCP>
#	G	D	E	R	K	N	Q	S	T	A	V	L	I	F	Y	W	H	M	C	P
0	0.02166	0.14779	0.45437	0.00926	0.07489	0.01636	0.00970	0.06587	0.03499	0.02663	0.02781	0.00794	0.00565	0.00340	0.00312	0.00099	0.00433	0.00264	0.00187	0.08072
1	0.00795	0.12156	0.34038	0.04175	0.16051	0.02144	0.08948	0.02181	0.02602	0.03372	0.00834	0.00956	0.05457	0.01300	0.00347	0.00106	0.00443	0.00309	0.00184	0.03601
2	0.00499	0.00340	0.00388	0.00391	0.00401	0.00339	0.00228	0.00512	0.00531	0.00704	0.01253	0.04899	0.05979	0.76295	0.05588	0.00330	0.00353	0.00529	0.00220	0.00223
3	0.02087	0.11477	0.23009	0.02189	0.04229	0.09670	0.04179	0.00961	0.03753	0.01836	0.04307	0.07136	0.16859	0.00535	0.00376	0.00111	0.03025	0.03616	0.00225	0.00418
4	0.03840	0.08524	0.32161	0.02497	0.08583	0.07973	0.08859	0.06366	0.04769	0.10696	0.02029	0.00853	0.00588	0.00355	0.00332	0.00106	0.00453	0.00293	0.00215	0.00505
5	0.00857	0.00743	0.00810	0.01935	0.03531	0.17754	0.07824	0.01001	0.03035	0.13126	0.07571	0.16644	0.11162	0.03176	0.01602	0.00129	0.04240	0.03346	0.01118	0.00395
6	0.02205	0.07438	0.05855	0.11538	0.47180	0.00796	0.00891	0.00992	0.03598	0.01063	0.00943	0.04938	0.07187	0.01783	0.00382	0.00111	0.02062	0.00366	0.00193	0.00480
7	0.04210	0.03604	0.06226	0.02977	0.27153	0.18582	0.02315	0.15076	0.02243	0.07946	0.00761	0.03569	0.00613	0.01151	0.00347	0.00104	0.00436	0.00310	0.00232	0.02147
8	0.00750	0.07161	0.20538	0.00733	0.00996	0.02861	0.07551	0.05789	0.09926	0.05263	0.04488	0.11630	0.14835	0.00556	0.00364	0.00112	0.00352	0.02067	0.00263	0.03768
9	0.00497	0.00362	0.00455	0.00481	0.00565	0.00334	0.00375	0.00619	0.00825	0.02757	0.22683	0.18986	0.26143	0.00893	0.00436	0.00131	0.00219	0.22584	0.00340	0.00314
10	0.00821	0.00921	0.11432	0.05869	0.15542	0.03549	0.18928	0.06576	0.18130	0.01221	0.04154	0.03023	0.00801	0.01312	0.04680	0.00138	0.01811	0.00374	0.00231	0.00487
11	0.00875	0.00806	0.02626	0.04447	0.43225	0.00809	0.12986	0.08508	0.05654	0.04064	0.00843	0.01095	0.02131	0.04197	0.01600	0.00127	0.02859	0.02427	0.00215	0.00506
12	0.01151	0.37067	0.01350	0.00742	0.01001	0.23578	0.00637	0.26901	0.02388	0.01265	0.00623	0.00675	0.00503	0.00354	0.00288	0.00089	0.00442	0.00239	0.00222	0.00483
13	0.00496	0.00334	0.00387	0.00398	0.00402	0.00333	0.00231	0.00507	0.00529	0.00707	0.01203	0.13387	0.01396	0.74650	0.03371	0.00317	0.00333	0.00568	0.00226	0.00223
14	0.00766	0.00758	0.02610	0.29928	0.45755	0.00786	0.07353	0.00985	0.00764	0.01045	0.00806	0.01026	0.05176	0.00354	0.00355	0.00110	0.00433	0.00341	0.00175	0.00477
15	0.00860	0.05359	0.66412	0.00911	0.01370	0.00791	0.01117	0.02204	0.01783	0.14854	0.00754	0.00810	0.00520	0.00349	0.00330	0.00109	0.00470	0.00272	0.00198	0.00527
16	0.00659	0.00620	0.01047	0.86899	0.02403	0.00775	0.00969	0.00891	0.00698	0.00891	0.00620	0.00930	0.00465	0.00349	0.00349	0.00116	0.00465	0.00310	0.00155	0.00388
17	0.00562	0.00402	0.00562	0.00643	0.00723	0.00402	0.00562	0.00723	0.00803	0.01044	0.01847	0.03936	0.02008	0.00964	0.00482	0.00161	0.00321	0.83213	0.00321	0.00321
18	0.00702	0.00664	0.01125	0.68974	0.19990	0.00787	0.00991	0.00929	0.00718	0.00944	0.00628	0.00916	0.00484	0.00341	0.00348	0.00114	0.00454	0.00310	0.00159	0.00423
19	0.00508	0.00379	0.00546	0.00542	0.00593	0.00439	0.00409	0.00611	0.00551	0.00789	0.00947	0.01500	0.00924	0.16258	0.70273	0.00513	0.03336	0.00393	0.00190	0.00297
20	0.00498	0.00374	0.00561	0.00561	0.00623	0.00436	0.00436	0.00623	0.00561	0.00810	0.00935	0.01371	0.00872	0.02617	0.86355	0.00561	0.00935	0.00374	0.00187	0.00312
21	0.00864	0.00829	0.01416	0.02142	0.85561	0.00829	0.01071	0.01071	0.00794	0.01140	0.00656	0.00864	0.00553	0.00311	0.00345	0.00104	0.00415	0.00311	0.00173	0.00553
22	0.00674	0.00626	0.01050	0.77413	0.08685	0.00764	0.00952	0.00902	0.00706	0.00925	0.00641	0.00938	0.00487	0.00348	0.00345	0.00114	0.00451	0.00311	0.03272	0.00398
23	0.00746	0.00709	0.01204	0.50691	0.37928	0.00798	0.01012	0.00968	0.00739	0.00998	0.00636	0.00902	0.00503	0.00333	0.00347	0.00111	0.00443	0.00310	0.00163	0.00458
24	0.00457	0.00358	0.00410	0.00411	0.00506	0.00321	0.00311	0.00567	0.00817	0.01045	0.23878	0.03093	0.47698	0.07525	0.02678	0.00148	0.00219	0.08929	0.00327	0.00300
25	0.00703	0.00667	0.00953	0.00789	0.00965	0.08225	0.21900	0.05400	0.00827	0.02236	0.04227	0.30116	0.09205	0.00667	0.00400	0.00118	0.00357	0.03865	0.00268	0.08112
26	0.07541	0.00684	0.00723	0.00548	0.00827	0.04993	0.00434	0.04003	0.03990	0.01194	0.00687	0.03265	0.00587	0.01249	0.00287	0.00068	0.00283	0.00243	0.00220	0.68173
27	0.06142	0.01473	0.00917	0.00828	0.01010	0.70662	0.00626	0.05572	0.00986	0.00969	0.00780	0.00845	0.06943	0.00401	0.00318	0.00094	0.00562	0.00266	0.00201	0.00404
28	0.06067	0.00976	0.12088	0.00759	0.01057	0.00899	0.00687	0.50923	0.01316	0.17077	0.00899	0.00890	0.00622	0.00404	0.00336	0.00105	0.00371	0.00307	0.03655	0.00562
29	0.07654	0.00848	0.00959	0.18588	0.01218	0.15509	0.02055	0.02014	0.04561	0.00961	0.00608	0.00846	0.00523	0.00644	0.07843	0.00162	0.33089	0.00296	0.01230	0.00392
30	0.00750	0.16927	0.58151	0.07542	0.06068	0.00911	0.01115	0.01091	0.02447	0.01047	0.00618	0.00739	0.00464	0.00329	0.00315	0.00104	0.00476	0.00255	0.00154	0.00497
31	0.00887	0.00826	0.01297	0.03662	0.07728	0.05475	0.31727	0.06852	0.18163	0.06423	0.03228	0.04242	0.05368	0.00437	0.00382	0.00115	0.00427	0.02020	0.00261	0.00481
32	0.00734	0.00551	0.07132	0.00565	0.00730	0.00450	0.05037	0.00958	0.04932	0.14599	0.46266	0.01920	0.02128	0.00566	0.00372	0.00107	0.00240	0.00496	0.11812	0.00403
33	0.00782	0.00519	0.00629	0.03166	0.03045	0.02967	0.00442	0.04641	0.09448	0.16015	0.29068	0.09686	0.08560	0.04791	0.04523	0.00145	0.00287	0.00537	0.00342	0.00407
34	0.01138	0.01185	0.02386	0.00819	0.03107	0.39748	0.00626	0.22469	0.08801	0.03361	0.01026	0.05740	0.07147	0.00465	0.00344	0.00102	0.00461	0.00350	0.00263	0.00461
35	0.00577	0.00455	0.00528	0.00579	0.06972	0.05113	0.00346	0.00622	0.00566	0.00748	0.01003	0.01906	0.01092	0.59686	0.18062	0.00350	0.00476	0.00451	0.00202	0.00268
36	0.01198	0.01492	0.00923	0.00845	0.01006	0.75058	0.00631	0.01286	0.00930	0.00841	0.00600	0.00777	0.00527	0.05326	0.06966	0.00139	0.00637	0.00252	0.00182	0.00387

[dist]
# distance from previous block
# <min> <max>
6	7

[block]
# block no. 6 follows, 80 sequences, length 6
# corresponding to MSA columns:
# 502-507
name=unknown_G
#
# <colnr> <probs for GDERKNQSTAVLIFYWHMCP>
#	G	D	E	R	K	N	Q	S	T	A	V	L	I	F	Y	W	H	M	C	P
0	0.00666	0.07469	0.06102	0.03713	0.08090	0.00594	0.01980	0.03661	0.07776	0.02388	0.22089	0.05021	0.13109	0.00670	0.04382	0.00128	0.00314	0.04009	0.00282	0.07559
1	0.00562	0.00523	0.09346	0.00485	0.00638	0.00378	0.00424	0.00707	0.00845	0.07864	0.23835	0.09451	0.39050	0.00766	0.00404	0.00118	0.00226	0.03699	0.00330	0.00351
2	0.00833	0.00835	0.11472	0.00826	0.07647	0.00680	0.06016	0.12772	0.06832	0.04039	0.07561	0.04004	0.00855	0.00392	0.00350	0.00092	0.02702	0.00332	0.00249	0.31511
3	0.00786	0.34526	0.23492	0.00700	0.00992	0.00964	0.00732	0.05549	0.05308	0.01051	0.05520	0.05590	0.07949	0.00453	0.00352	0.00101	0.04934	0.00343	0.00208	0.00448
4	0.04848	0.07868	0.05635	0.01139	0.21191	0.08704	0.06374	0.05548	0.00769	0.01071	0.00735	0.04894	0.03230	0.00445	0.00527	0.00113	0.21432	0.00330	0.00191	0.04957
5	0.01100	0.09827	0.00938	0.00737	0.00926	0.47132	0.00576	0.05592	0.03417	0.07433	0.01123	0.01153	0.13738	0.00548	0.04170	0.00117	0.00498	0.00326	0.00233	0.00416

[dist]
# distance from previous block
# <min> <max>
13	30

[block]
# block no. 7 follows, 80 sequences, length 12
# corresponding to MSA columns:
# 539-550
name=unknown_H
#
# <colnr> <probs for GDERKNQSTAVLIFYWHMCP>
#	G	D	E	R	K	N	Q	S	T	A	V	L	I	F	Y	W	H	M	C	P
0	0.00609	0.00457	0.00631	0.09366	0.04096	0.00489	0.02042	0.03798	0.04163	0.02815	0.05157	0.07462	0.07549	0.13035	0.27550	0.00283	0.00498	0.00457	0.07847	0.01695
1	0.00487	0.00358	0.00489	0.00493	0.00547	0.00383	0.00362	0.00587	0.00628	0.00873	0.11403	0.09023	0.07340	0.17349	0.47623	0.00400	0.00620	0.00506	0.00236	0.00292
2	0.00558	0.00403	0.00510	0.00489	0.00582	0.00414	0.00371	0.00762	0.08366	0.03814	0.26522	0.02080	0.14861	0.05696	0.29029	0.00272	0.00445	0.00513	0.03972	0.00341
3	0.85719	0.00671	0.00528	0.00467	0.00686	0.00769	0.00385	0.01060	0.00614	0.05826	0.00531	0.00598	0.00402	0.00329	0.00223	0.00108	0.00271	0.00197	0.00227	0.00389
4	0.00940	0.29313	0.31157	0.00858	0.04643	0.04099	0.00876	0.11446	0.00856	0.06520	0.00643	0.00724	0.00495	0.00355	0.00349	0.00100	0.05684	0.00252	0.00194	0.00498
5	0.02211	0.44633	0.29144	0.02603	0.03004	0.02595	0.02473	0.02788	0.00746	0.00974	0.00683	0.00775	0.03954	0.00375	0.01637	0.00100	0.00431	0.00249	0.00163	0.00464
6	0.01396	0.00557	0.00752	0.00589	0.00831	0.00483	0.00482	0.01533	0.00989	0.72709	0.11173	0.01437	0.04468	0.00482	0.00360	0.00109	0.00277	0.00398	0.00422	0.00551
7	0.00534	0.00531	0.09423	0.00572	0.00674	0.00424	0.02019	0.02853	0.06760	0.00992	0.02872	0.52846	0.03508	0.09276	0.00550	0.00153	0.00268	0.03837	0.01574	0.00335
8	0.00793	0.00728	0.01080	0.47013	0.19678	0.06719	0.02831	0.03583	0.00782	0.04796	0.00776	0.08253	0.00662	0.00409	0.00355	0.00113	0.00436	0.00366	0.00194	0.00433
9	0.00529	0.00322	0.00372	0.00406	0.00465	0.00308	0.00290	0.00643	0.00723	0.01099	0.04860	0.36603	0.09313	0.00755	0.00354	0.00112	0.00184	0.02820	0.39536	0.00305
10	0.00848	0.17973	0.02641	0.00739	0.08869	0.05333	0.00552	0.08599	0.03083	0.06100	0.07182	0.13324	0.03813	0.00482	0.00323	0.00094	0.00318	0.00398	0.00253	0.19078
11	0.05258	0.22426	0.06031	0.02031	0.07240	0.04646	0.00588	0.09261	0.02850	0.04618	0.01042	0.08292	0.08857	0.00444	0.00308	0.00093	0.00336	0.00352	0.00233	0.15094

[dist]
# distance from previous block
# <min> <max>
2	15

[block]
# block no. 8 follows, 80 sequences, length 10
# corresponding to MSA columns:
# 567-576
name=unknown_I
#
# <colnr> <probs for GDERKNQSTAVLIFYWHMCP>
#	G	D	E	R	K	N	Q	S	T	A	V	L	I	F	Y	W	H	M	C	P
0	0.00539	0.00334	0.00447	0.00447	0.00461	0.00348	0.00294	0.00516	0.00501	0.00683	0.00893	0.01657	0.00952	0.38759	0.20844	0.31057	0.00462	0.00407	0.00185	0.00214
1	0.00712	0.04186	0.00887	0.09453	0.19948	0.00636	0.03125	0.05186	0.08719	0.02884	0.12789	0.03394	0.17151	0.00588	0.01772	0.00120	0.00320	0.04704	0.03000	0.00426
2	0.00475	0.00376	0.00466	0.00503	0.02186	0.00369	0.00354	0.00582	0.02661	0.00979	0.09862	0.42321	0.27428	0.00914	0.00470	0.00129	0.06039	0.00790	0.02787	0.00310
3	0.00659	0.00616	0.01035	0.78122	0.06803	0.00754	0.00943	0.00881	0.00701	0.00905	0.00685	0.05133	0.00559	0.00383	0.00353	0.00117	0.00450	0.00343	0.00164	0.00391
4	0.00757	0.00590	0.00868	0.06137	0.14537	0.00650	0.03696	0.13503	0.00778	0.02831	0.00802	0.01119	0.00700	0.03840	0.30719	0.10592	0.05232	0.00343	0.01914	0.00392
5	0.00724	0.00620	0.00724	0.00517	0.00827	0.00465	0.00413	0.00879	0.00724	0.01137	0.00620	0.00724	0.00517	0.00258	0.00258	0.00052	0.00258	0.00207	0.00207	0.89871
6	0.00483	0.00345	0.00399	0.00417	0.00456	0.00329	0.00278	0.00531	0.00634	0.00818	0.03902	0.12180	0.20196	0.47085	0.01149	0.00242	0.00281	0.09757	0.00265	0.00253
7	0.06785	0.01712	0.00772	0.03283	0.13628	0.01564	0.02918	0.10452	0.03773	0.07686	0.08208	0.09521	0.19725	0.00644	0.01902	0.02380	0.00303	0.01691	0.02637	0.00416
8	0.07808	0.01064	0.03009	0.02195	0.12378	0.31836	0.00665	0.06789	0.07218	0.03259	0.00729	0.00902	0.00607	0.04766	0.06220	0.00145	0.06717	0.00290	0.02966	0.00434
9	0.61654	0.00767	0.00640	0.00595	0.03877	0.07261	0.00456	0.11868	0.00775	0.01541	0.00625	0.04224	0.00516	0.00373	0.00256	0.00106	0.00311	0.00250	0.03495	0.00409

[dist]
# distance from previous block
# <min> <max>
6	24

[block]
# block no. 9 follows, 80 sequences, length 15
# corresponding to MSA columns:
# 601-615
name=unknown_J
#
# <colnr> <probs for GDERKNQSTAVLIFYWHMCP>
#	G	D	E	R	K	N	Q	S	T	A	V	L	I	F	Y	W	H	M	C	P
0	0.00645	0.00572	0.00697	0.00740	0.07743	0.08283	0.00524	0.00873	0.10467	0.00917	0.00932	0.01254	0.00830	0.01971	0.61406	0.00429	0.00787	0.00358	0.00205	0.00368
1	0.02940	0.01804	0.14359	0.17679	0.16014	0.08383	0.03801	0.16255	0.05780	0.05021	0.00785	0.00934	0.01303	0.01364	0.00358	0.00111	0.00437	0.01080	0.01101	0.00493
2	0.01193	0.00914	0.00966	0.00778	0.01025	0.03522	0.00639	0.62990	0.13029	0.01953	0.01000	0.01175	0.00782	0.00474	0.00361	0.00111	0.00371	0.07815	0.00342	0.00558
3	0.00785	0.00600	0.02332	0.14114	0.02052	0.02899	0.04192	0.08442	0.03310	0.10991	0.04853	0.19978	0.04773	0.07930	0.00486	0.00130	0.00324	0.00505	0.01926	0.09379
4	0.00946	0.01059	0.10465	0.01190	0.01515	0.10803	0.49025	0.03042	0.02587	0.09788	0.00789	0.00932	0.01496	0.00338	0.00394	0.00111	0.02255	0.00361	0.00209	0.02695
5	0.00855	0.13744	0.46441	0.00866	0.01245	0.08605	0.02340	0.10804	0.00861	0.02649	0.00745	0.07923	0.00625	0.00404	0.00328	0.00106	0.00462	0.00316	0.00194	0.00486
6	0.00548	0.00615	0.10501	0.00675	0.08332	0.04265	0.00505	0.00695	0.02554	0.00983	0.06331	0.33126	0.25180	0.03517	0.00446	0.00130	0.00274	0.00692	0.00283	0.00349
7	0.07935	0.00391	0.00510	0.00618	0.08204	0.00382	0.00394	0.00589	0.00669	0.00947	0.01735	0.49225	0.12166	0.00942	0.00522	0.10604	0.00239	0.03344	0.00281	0.00303
8	0.39181	0.10530	0.00871	0.00616	0.00834	0.02957	0.08019	0.11531	0.01870	0.02637	0.11262	0.00982	0.00852	0.02648	0.00323	0.00109	0.00319	0.00299	0.03744	0.00415
9	0.00870	0.58487	0.05561	0.00640	0.00889	0.08826	0.00611	0.00995	0.00743	0.00869	0.00775	0.08181	0.00784	0.00449	0.00286	0.00093	0.00383	0.09951	0.00186	0.00419
10	0.00557	0.00424	0.00506	0.00476	0.00590	0.00390	0.00354	0.07551	0.00874	0.01187	0.26692	0.25318	0.18597	0.02485	0.00426	0.00118	0.00213	0.02132	0.00328	0.10781
11	0.00767	0.00798	0.13007	0.00806	0.02579	0.00661	0.15466	0.11759	0.10203	0.04085	0.04982	0.11457	0.11324	0.00602	0.02950	0.00127	0.00368	0.00480	0.07135	0.00442
12	0.03930	0.00830	0.06184	0.10651	0.05968	0.14522	0.10844	0.04071	0.03481	0.01017	0.03443	0.10182	0.10088	0.00598	0.00498	0.10588	0.02076	0.00430	0.00220	0.00380
13	0.00545	0.00484	0.00466	0.00492	0.00554	0.10345	0.00343	0.00614	0.00727	0.00891	0.05325	0.39056	0.20722	0.14181	0.00626	0.00160	0.00270	0.03616	0.00292	0.00292
14	0.00522	0.10689	0.07665	0.00508	0.00636	0.00480	0.00425	0.00656	0.03427	0.00942	0.04525	0.40007	0.24371	0.02995	0.00430	0.00128	0.00246	0.00726	0.00289	0.00333

[dist]
# distance from previous block
# <min> <max>
10	27

[block]
# block no. 10 follows, 80 sequences, length 21
# corresponding to MSA columns:
# 649-669
name=unknown_K
#
# <colnr> <probs for GDERKNQSTAVLIFYWHMCP>
#	G	D	E	R	K	N	Q	S	T	A	V	L	I	F	Y	W	H	M	C	P
0	0.02017	0.06639	0.06097	0.06473	0.14976	0.17406	0.23402	0.11695	0.03309	0.01189	0.01938	0.00847	0.00566	0.00347	0.00360	0.00105	0.01637	0.00317	0.00202	0.00481
1	0.00518	0.00389	0.00558	0.00592	0.03673	0.00431	0.00424	0.01552	0.00602	0.00851	0.01150	0.15698	0.03166	0.08348	0.54914	0.01880	0.02555	0.00488	0.01902	0.00310
2	0.00987	0.01007	0.01270	0.06789	0.55054	0.18975	0.00944	0.08686	0.00907	0.01161	0.00646	0.00815	0.00529	0.00333	0.00339	0.00102	0.00460	0.00293	0.00189	0.00515
3	0.00690	0.00400	0.00486	0.00445	0.00566	0.00365	0.00340	0.00851	0.03182	0.15557	0.35552	0.06335	0.18929	0.00665	0.00376	0.00108	0.00194	0.00569	0.14021	0.00370
4	0.00477	0.00358	0.00445	0.00448	0.00534	0.00327	0.00344	0.00613	0.00889	0.01195	0.46568	0.09166	0.24527	0.00819	0.00424	0.00121	0.00192	0.11882	0.00355	0.00316
5	0.00430	0.00309	0.00405	0.00479	0.00505	0.00288	0.00322	0.00492	0.00672	0.00890	0.01980	0.78621	0.06663	0.03848	0.00487	0.00147	0.00208	0.02652	0.00320	0.00282
6	0.00457	0.00350	0.00419	0.00413	0.00502	0.00312	0.00306	0.00583	0.00884	0.01179	0.46805	0.12144	0.32750	0.00816	0.00416	0.00116	0.00173	0.00708	0.00356	0.00312
7	0.00428	0.00354	0.00376	0.00370	0.00481	0.00301	0.00278	0.00532	0.00833	0.01033	0.19719	0.03209	0.69179	0.00850	0.00412	0.00116	0.00174	0.00716	0.00336	0.00301
8	0.00772	0.00649	0.00749	0.00540	0.00847	0.00514	0.00433	0.07543	0.00797	0.01222	0.00638	0.00733	0.00523	0.00271	0.00266	0.00056	0.00268	0.00215	0.00218	0.82747
9	0.00987	0.72645	0.03474	0.00647	0.00937	0.09660	0.00623	0.05919	0.00791	0.00910	0.00514	0.00586	0.00456	0.00312	0.00242	0.00079	0.00402	0.00199	0.00164	0.00453
10	0.00478	0.00337	0.00429	0.00482	0.00523	0.00317	0.00328	0.03182	0.00714	0.02392	0.04173	0.70894	0.08107	0.05252	0.00502	0.00147	0.00214	0.00908	0.00323	0.00297
11	0.00537	0.00393	0.00525	0.00513	0.00556	0.00441	0.00370	0.03412	0.00579	0.00811	0.01000	0.03823	0.01031	0.33969	0.46871	0.00438	0.03808	0.00434	0.00204	0.00286
12	0.02852	0.44903	0.15665	0.02939	0.09103	0.03987	0.00768	0.03374	0.02899	0.05925	0.00614	0.00701	0.00500	0.00338	0.00313	0.00093	0.04129	0.00238	0.00181	0.00477
13	0.00853	0.00818	0.01397	0.06598	0.81189	0.00826	0.01065	0.01061	0.00789	0.01127	0.00654	0.00867	0.00548	0.00313	0.00346	0.00104	0.00417	0.00311	0.00172	0.00544
14	0.00983	0.00832	0.06729	0.00731	0.02758	0.03925	0.01705	0.31726	0.11138	0.07203	0.11888	0.01443	0.07177	0.00500	0.00361	0.00107	0.00333	0.04126	0.00322	0.06014
15	0.00601	0.00525	0.00778	0.00701	0.00765	0.00643	0.04913	0.00749	0.03653	0.00880	0.03867	0.03423	0.02136	0.03806	0.45884	0.00367	0.25378	0.00390	0.00196	0.00346
16	0.00514	0.00355	0.00454	0.00438	0.00520	0.00326	0.00325	0.00660	0.00927	0.03369	0.64543	0.12218	0.08573	0.00747	0.00406	0.00113	0.00173	0.00659	0.04353	0.00328
17	0.00775	0.01674	0.74666	0.00960	0.01441	0.00819	0.01197	0.06453	0.03706	0.04098	0.00693	0.00778	0.00488	0.00345	0.00334	0.00110	0.00491	0.00269	0.00177	0.00525
18	0.00966	0.00920	0.08604	0.05488	0.04266	0.08437	0.04335	0.11987	0.34107	0.08416	0.02867	0.03854	0.01857	0.00451	0.00368	0.00113	0.01783	0.00373	0.00297	0.00513
19	0.00533	0.00341	0.00452	0.00487	0.00513	0.00338	0.00348	0.00550	0.00601	0.00794	0.01316	0.16153	0.01476	0.28848	0.01107	0.22190	0.00303	0.23165	0.00245	0.00238
20	0.00496	0.00373	0.00412	0.00410	0.00509	0.00347	0.00306	0.00658	0.05849	0.01085	0.17567	0.06993	0.42467	0.04895	0.02077	0.00134	0.00207	0.03796	0.11102	0.00317

[dist]
# distance from previous block
# <min> <max>
6	7

[block]
# block no. 11 follows, 80 sequences, length 23
# corresponding to MSA columns:
# 678-700
name=unknown_L
#
# <colnr> <probs for GDERKNQSTAVLIFYWHMCP>
#	G	D	E	R	K	N	Q	S	T	A	V	L	I	F	Y	W	H	M	C	P
0	0.37400	0.06692	0.01036	0.09689	0.09172	0.10098	0.11717	0.06100	0.00771	0.01297	0.00575	0.00709	0.00453	0.00327	0.00288	0.00104	0.00398	0.00254	0.00200	0.02719
1	0.00503	0.00341	0.00389	0.00386	0.00398	0.00336	0.00225	0.00523	0.00565	0.00759	0.09808	0.02349	0.04017	0.76199	0.01595	0.00308	0.00316	0.00527	0.00233	0.00226
2	0.24093	0.00762	0.01118	0.03755	0.11329	0.03753	0.22223	0.04959	0.00776	0.07427	0.00774	0.01993	0.02155	0.00588	0.09156	0.00156	0.02063	0.00326	0.00218	0.02374
3	0.03311	0.00803	0.01133	0.16064	0.21610	0.08701	0.09011	0.05474	0.00888	0.25354	0.00864	0.00961	0.00623	0.00435	0.03125	0.00122	0.00438	0.00323	0.00255	0.00504
4	0.00506	0.00363	0.00443	0.00421	0.00519	0.00324	0.00317	0.00644	0.00922	0.04265	0.55866	0.05016	0.27576	0.00764	0.00410	0.00113	0.00174	0.00662	0.00366	0.00327
5	0.18558	0.00667	0.00759	0.00606	0.00856	0.03381	0.00496	0.05993	0.05297	0.56122	0.01146	0.01040	0.00753	0.00410	0.00321	0.00107	0.00303	0.00315	0.02331	0.00538
6	0.00433	0.00342	0.00392	0.00407	0.00493	0.00301	0.00295	0.00530	0.00796	0.01014	0.18733	0.23765	0.47592	0.00939	0.02237	0.00131	0.00197	0.00771	0.00333	0.00299
7	0.00452	0.00358	0.00409	0.00438	0.00527	0.00322	0.00332	0.00562	0.02334	0.00959	0.04185	0.21685	0.48668	0.03061	0.00463	0.00135	0.00212	0.14276	0.00322	0.00300
8	0.00830	0.00917	0.01905	0.01417	0.04823	0.00879	0.72640	0.01191	0.09440	0.01154	0.00777	0.00975	0.00585	0.00313	0.00404	0.00117	0.00550	0.00406	0.00195	0.00482
9	0.00717	0.01684	0.74238	0.01061	0.01554	0.00820	0.12860	0.01107	0.00749	0.01107	0.00637	0.00765	0.00454	0.00326	0.00343	0.00111	0.00526	0.00279	0.00151	0.00509
10	0.21271	0.00842	0.00886	0.00694	0.00957	0.00915	0.00573	0.51258	0.01294	0.16686	0.00853	0.00838	0.00592	0.00400	0.00320	0.00106	0.00343	0.00293	0.00334	0.00545
11	0.00497	0.00397	0.00601	0.00572	0.00659	0.00369	0.08942	0.00624	0.00806	0.01090	0.28087	0.38123	0.09899	0.00864	0.00431	0.00129	0.00237	0.07026	0.00327	0.00321
12	0.05337	0.00739	0.00884	0.00681	0.00952	0.00735	0.00562	0.32174	0.01218	0.51298	0.01139	0.01031	0.00743	0.00422	0.00344	0.00107	0.00328	0.00330	0.00392	0.00584
13	0.02641	0.00626	0.00742	0.00608	0.00833	0.00616	0.00490	0.10857	0.18724	0.40993	0.03273	0.01561	0.15431	0.00520	0.00361	0.00112	0.00279	0.00425	0.00383	0.00525
14	0.00813	0.00609	0.00647	0.00579	0.00739	0.00676	0.00451	0.09934	0.43152	0.01483	0.09880	0.01387	0.01195	0.00473	0.00328	0.00105	0.00243	0.00390	0.26448	0.00467
15	0.00503	0.00357	0.00476	0.00476	0.00508	0.00390	0.00330	0.00568	0.00536	0.00747	0.01012	0.01802	0.01059	0.42837	0.46391	0.00456	0.00653	0.00437	0.00198	0.00264
16	0.90202	0.00675	0.00513	0.00459	0.00675	0.00783	0.00378	0.01026	0.00594	0.01565	0.00486	0.00567	0.00378	0.00324	0.00216	0.00108	0.00270	0.00189	0.00216	0.00378
17	0.01366	0.00655	0.00819	0.00652	0.00898	0.00633	0.00529	0.15203	0.11031	0.56315	0.01330	0.07014	0.00941	0.00480	0.00357	0.00111	0.00302	0.00394	0.00402	0.00568
18	0.76798	0.00709	0.00581	0.00506	0.00728	0.00817	0.00415	0.09608	0.04759	0.01625	0.00567	0.00630	0.00433	0.00341	0.00236	0.00108	0.00282	0.00212	0.00236	0.00408
19	0.00648	0.00444	0.00520	0.00489	0.00618	0.01706	0.01752	0.03292	0.04181	0.11808	0.10948	0.15646	0.38329	0.00791	0.00406	0.00121	0.00228	0.06091	0.01623	0.00360
20	0.07405	0.00924	0.00973	0.00766	0.01029	0.01031	0.00628	0.66807	0.13502	0.02049	0.00897	0.00885	0.00646	0.00420	0.00341	0.00107	0.00361	0.00317	0.00341	0.00573
21	0.03932	0.02099	0.02131	0.00827	0.01063	0.07865	0.12250	0.23542	0.33058	0.01532	0.02324	0.02589	0.00825	0.00428	0.00349	0.00110	0.00374	0.00362	0.03826	0.00515
22	0.15672	0.00727	0.00816	0.00633	0.00901	0.00724	0.00519	0.25604	0.03286	0.31360	0.00950	0.00910	0.00653	0.00383	0.00313	0.00098	0.00311	0.00291	0.00333	0.15517

[dist]
# distance from previous block
# <min> <max>
0	1

[block]
# block no. 12 follows, 80 sequences, length 47
# corresponding to MSA columns:
# 702-748
name=unknown_M
#
# <colnr> <probs for GDERKNQSTAVLIFYWHMCP>
#	G	D	E	R	K	N	Q	S	T	A	V	L	I	F	Y	W	H	M	C	P
0	0.00666	0.00355	0.00358	0.00352	0.00442	0.00363	0.00265	0.00886	0.06619	0.01312	0.01158	0.01301	0.00906	0.00411	0.00252	0.00084	0.00171	0.00330	0.83430	0.00341
1	0.00484	0.00352	0.00433	0.00417	0.00504	0.00320	0.00311	0.00629	0.00922	0.01283	0.61081	0.05951	0.19402	0.00744	0.00403	0.00111	0.00168	0.00648	0.05513	0.00320
2	0.00476	0.00356	0.00442	0.00421	0.00511	0.00322	0.00316	0.00625	0.00947	0.01302	0.67907	0.02767	0.20823	0.00750	0.00412	0.00111	0.00167	0.00653	0.00371	0.00322
3	0.01032	0.64782	0.01603	0.00678	0.00945	0.24189	0.00618	0.01138	0.00784	0.00830	0.00500	0.00578	0.00448	0.00315	0.00248	0.00079	0.00442	0.00197	0.00157	0.00436
4	0.00441	0.00350	0.00396	0.00393	0.00491	0.00305	0.00292	0.00553	0.00850	0.01093	0.31091	0.10043	0.50780	0.00843	0.00415	0.00117	0.00175	0.00722	0.00344	0.00305
5	0.90202	0.00675	0.00513	0.00459	0.00675	0.00783	0.00378	0.01026	0.00594	0.01565	0.00486	0.00567	0.00378	0.00324	0.00216	0.00108	0.00270	0.00189	0.00216	0.00378
6	0.02634	0.00708	0.05731	0.00662	0.00939	0.00607	0.00573	0.12698	0.01047	0.65313	0.01232	0.01113	0.00797	0.00507	0.03660	0.00125	0.00345	0.00339	0.00392	0.00575
7	0.00950	0.00921	0.06499	0.01097	0.09710	0.02242	0.22274	0.15888	0.24939	0.04418	0.00927	0.00997	0.00696	0.00399	0.00420	0.00115	0.06363	0.00358	0.00263	0.00524
8	0.02228	0.00977	0.10880	0.01002	0.06173	0.04460	0.18023	0.13637	0.32989	0.01392	0.00977	0.01024	0.00735	0.00445	0.02270	0.00123	0.01524	0.00354	0.00267	0.00521
9	0.00810	0.00699	0.00734	0.00665	0.00852	0.00795	0.00516	0.01683	0.74288	0.01394	0.01688	0.01562	0.11736	0.00525	0.00362	0.00118	0.00264	0.00438	0.00351	0.00520
10	0.00886	0.00814	0.01204	0.13797	0.44250	0.02284	0.00910	0.10621	0.11376	0.01233	0.00747	0.00912	0.00598	0.00377	0.00421	0.00112	0.08413	0.00320	0.00211	0.00515
11	0.00435	0.00354	0.00385	0.00378	0.00485	0.00304	0.00283	0.00545	0.00850	0.01071	0.26617	0.03146	0.62257	0.00836	0.00412	0.00116	0.00173	0.00707	0.00341	0.00304
12	0.01266	0.00787	0.00847	0.00677	0.00913	0.05715	0.00549	0.35080	0.08304	0.28044	0.01080	0.01039	0.00751	0.00422	0.00333	0.00103	0.00331	0.00329	0.12890	0.00542
13	0.00663	0.00350	0.00352	0.00347	0.00435	0.00356	0.00262	0.00873	0.05582	0.01310	0.01154	0.01301	0.00904	0.00410	0.00250	0.00083	0.00169	0.00329	0.84530	0.00338
14	0.00477	0.00354	0.00444	0.00426	0.00512	0.00321	0.00318	0.00624	0.00941	0.01298	0.67615	0.06288	0.17573	0.00759	0.00413	0.00112	0.00168	0.00664	0.00371	0.00321
15	0.00856	0.67654	0.12993	0.00633	0.00932	0.01198	0.00656	0.00999	0.00699	0.00854	0.00600	0.04319	0.00572	0.05373	0.00337	0.00097	0.00383	0.00248	0.00160	0.00436
16	0.00760	0.24125	0.64139	0.00891	0.01351	0.00958	0.01110	0.01089	0.00729	0.01031	0.00590	0.00691	0.00443	0.00323	0.00304	0.00101	0.00479	0.00239	0.00148	0.00498
17	0.90202	0.00675	0.00513	0.00459	0.00675	0.00783	0.00378	0.01026	0.00594	0.01565	0.00486	0.00567	0.00378	0.00324	0.00216	0.00108	0.00270	0.00189	0.00216	0.00378
18	0.00666	0.00486	0.00618	0.00605	0.00723	0.00496	0.02354	0.05138	0.15147	0.05593	0.10799	0.17054	0.08716	0.00852	0.03217	0.00148	0.00292	0.26378	0.00334	0.00384
19	0.00480	0.00369	0.00438	0.00413	0.00519	0.00324	0.00310	0.00615	0.00893	0.01211	0.48385	0.04735	0.31674	0.00749	0.00401	0.00109	0.00175	0.00646	0.02081	0.05474
20	0.00480	0.00370	0.00425	0.00431	0.00515	0.01152	0.00313	0.01551	0.00806	0.02380	0.20927	0.25197	0.38254	0.03702	0.00474	0.00129	0.01505	0.00751	0.00332	0.00307
21	0.01754	0.04958	0.25758	0.01917	0.06802	0.14816	0.05697	0.02425	0.05276	0.03709	0.02319	0.00811	0.00577	0.00333	0.00315	0.00092	0.00434	0.00268	0.00198	0.21540
22	0.01096	0.41869	0.01386	0.00759	0.00983	0.41235	0.00644	0.01195	0.00829	0.00838	0.00509	0.00605	0.00449	0.00347	0.00325	0.00087	0.06045	0.00212	0.00164	0.00423
23	0.01302	0.00965	0.01033	0.00798	0.01073	0.01070	0.00657	0.79952	0.06127	0.02159	0.00869	0.00863	0.00619	0.00422	0.00349	0.00105	0.00378	0.00318	0.00349	0.00591
24	0.00899	0.00693	0.04505	0.35301	0.01541	0.00710	0.05463	0.14601	0.00925	0.15188	0.04301	0.05875	0.03610	0.00454	0.00361	0.00114	0.00386	0.01687	0.02934	0.00451
25	0.00496	0.00361	0.00419	0.00411	0.00514	0.00316	0.00307	0.00608	0.00852	0.05077	0.28683	0.11763	0.45974	0.00832	0.00414	0.00118	0.00184	0.02004	0.00348	0.00319
26	0.00892	0.02401	0.06176	0.09889	0.04032	0.17577	0.00642	0.11303	0.16859	0.03206	0.06129	0.08485	0.08832	0.00518	0.00367	0.00111	0.01445	0.00421	0.00271	0.00446
27	0.00426	0.00306	0.00404	0.00481	0.00505	0.00285	0.00322	0.00490	0.00679	0.00903	0.03643	0.83033	0.05074	0.01079	0.00444	0.00140	0.00201	0.00976	0.00325	0.00285
28	0.01110	0.36469	0.01375	0.00841	0.05741	0.35437	0.02329	0.09329	0.00920	0.00999	0.00558	0.00643	0.00471	0.00335	0.00284	0.00086	0.00481	0.00226	0.00184	0.02183
29	0.00499	0.00370	0.00543	0.00542	0.00600	0.00425	0.00414	0.00615	0.00570	0.00818	0.03739	0.01486	0.00985	0.09536	0.76577	0.00528	0.00860	0.00393	0.00195	0.00304
30	0.88303	0.00673	0.00519	0.00462	0.00679	0.00777	0.00381	0.01040	0.00602	0.03370	0.00505	0.00580	0.00388	0.00326	0.00219	0.00108	0.00270	0.00192	0.00221	0.00382
31	0.64499	0.00722	0.00634	0.00547	0.00768	0.00822	0.00453	0.19330	0.00838	0.01669	0.00657	0.00858	0.00537	0.00389	0.00263	0.00111	0.00299	0.05930	0.00252	0.00421
32	0.00989	0.56344	0.01553	0.00748	0.05195	0.08194	0.04114	0.08241	0.00832	0.04831	0.00661	0.05658	0.00595	0.00366	0.00275	0.00087	0.00393	0.00270	0.00194	0.00460
