[name]
unknown

[dist]
# distance from previous block
# <min> <max>
0	43

[block]
# block no. 0 follows, 78 sequences, length 7
# corresponding to MSA columns:
# 44-50
name=unknown_A
#
# <colnr> <probs for GDERKNQSTAVLIFYWHMCP>
#	G	D	E	R	K	N	Q	S	T	A	V	L	I	F	Y	W	H	M	C	P
0	0.03618	0.00370	0.00433	0.00448	0.00520	0.00357	0.00321	0.03612	0.00809	0.01178	0.20449	0.35090	0.10114	0.03014	0.00426	0.00125	0.00200	0.00705	0.17889	0.00322
1	0.00627	0.03133	0.02415	0.00509	0.00645	0.00491	0.00408	0.10145	0.06016	0.01367	0.41012	0.05552	0.20134	0.00708	0.00401	0.00115	0.00223	0.02933	0.02788	0.00378
2	0.00472	0.00345	0.00393	0.00415	0.00477	0.00316	0.00287	0.00546	0.00719	0.00939	0.06859	0.24068	0.32307	0.20716	0.00739	0.00177	0.00229	0.03835	0.05880	0.00283
3	0.00946	0.03335	0.00855	0.00628	0.00918	0.08379	0.00505	0.13881	0.06092	0.05632	0.00745	0.00803	0.00584	0.00322	0.00293	0.00072	0.00324	0.00248	0.00250	0.55187
4	0.01179	0.00919	0.00954	0.00761	0.01023	0.05219	0.00615	0.47198	0.21662	0.05285	0.00981	0.00961	0.00718	0.00420	0.00346	0.00103	0.00360	0.00325	0.00336	0.10636
5	0.04068	0.05242	0.01044	0.00817	0.02486	0.15070	0.12700	0.19422	0.02302	0.06643	0.13201	0.03608	0.07924	0.00492	0.00377	0.00108	0.01768	0.00413	0.01856	0.00458
6	0.00509	0.00379	0.00558	0.00558	0.00616	0.00437	0.00427	0.00626	0.00568	0.00816	0.00967	0.01472	0.00922	0.09333	0.79457	0.00554	0.00906	0.00392	0.00193	0.00310

[dist]
# distance from previous block
# <min> <max>
9	30

[block]
# block no. 1 follows, 78 sequences, length 6
# corresponding to MSA columns:
# 89-94
name=unknown_B
#
# <colnr> <probs for GDERKNQSTAVLIFYWHMCP>
#	G	D	E	R	K	N	Q	S	T	A	V	L	I	F	Y	W	H	M	C	P
0	0.00739	0.18049	0.16192	0.05501	0.03124	0.05081	0.00672	0.02825	0.05678	0.00976	0.02937	0.03673	0.06217	0.08826	0.12319	0.03259	0.02957	0.00365	0.00205	0.00405
1	0.03803	0.07674	0.24731	0.00789	0.02463	0.07327	0.05284	0.05464	0.02616	0.06846	0.01390	0.06976	0.16851	0.00537	0.00385	0.00115	0.02925	0.03132	0.00245	0.00447
2	0.00625	0.09023	0.00788	0.00655	0.02704	0.02834	0.05725	0.00763	0.00796	0.01028	0.07674	0.08580	0.17692	0.03548	0.00480	0.00134	0.02776	0.27791	0.00283	0.06102
3	0.00776	0.08376	0.09048	0.03575	0.00967	0.05405	0.07560	0.04135	0.02641	0.06410	0.04007	0.16935	0.08698	0.01753	0.00432	0.00117	0.05304	0.03146	0.02699	0.08015
4	0.00963	0.21461	0.12056	0.03193	0.04249	0.09066	0.05027	0.08933	0.06102	0.08696	0.03368	0.00999	0.03510	0.00561	0.06254	0.00136	0.04402	0.00315	0.00231	0.00478
5	0.04736	0.05276	0.12230	0.05262	0.01101	0.15013	0.02964	0.08758	0.02171	0.08112	0.00803	0.00950	0.02257	0.00537	0.05951	0.00130	0.04931	0.01973	0.00227	0.16618

[dist]
# distance from previous block
# <min> <max>
13	31

[block]
# block no. 2 follows, 78 sequences, length 13
# corresponding to MSA columns:
# 128-140
name=unknown_C
#
# <colnr> <probs for GDERKNQSTAVLIFYWHMCP>
#	G	D	E	R	K	N	Q	S	T	A	V	L	I	F	Y	W	H	M	C	P
0	0.00656	0.00395	0.00541	0.00558	0.04080	0.00408	0.00362	0.03582	0.06299	0.00775	0.00771	0.01281	0.00758	0.14386	0.03293	0.60754	0.00336	0.00350	0.00187	0.00229
1	0.00916	0.51824	0.16789	0.00813	0.06201	0.07761	0.02503	0.01089	0.00758	0.02502	0.00622	0.03636	0.00556	0.02304	0.00313	0.00096	0.00426	0.00258	0.00169	0.00465
2	0.05296	0.00789	0.00856	0.06114	0.02725	0.14788	0.00591	0.02488	0.00949	0.48165	0.04143	0.02555	0.00895	0.00466	0.00390	0.00112	0.04130	0.03691	0.00343	0.00515
3	0.00586	0.00401	0.00500	0.00524	0.00614	0.00383	0.00400	0.00753	0.07300	0.06817	0.07182	0.31434	0.19503	0.00928	0.00471	0.03182	0.00240	0.18103	0.00338	0.00341
4	0.02183	0.05894	0.33802	0.07869	0.02332	0.00731	0.00853	0.07266	0.01880	0.14727	0.07412	0.04600	0.05328	0.00451	0.00350	0.00110	0.00394	0.00368	0.00254	0.03198
5	0.03028	0.06324	0.10015	0.09894	0.11144	0.00805	0.10096	0.02129	0.00754	0.08600	0.00823	0.06721	0.00723	0.00497	0.01790	0.00125	0.15192	0.03733	0.00214	0.07392
6	0.00820	0.00873	0.01062	0.00878	0.01042	0.21740	0.23624	0.02595	0.00805	0.00977	0.01093	0.17391	0.04311	0.11450	0.03193	0.00159	0.03479	0.00499	0.03634	0.00376
7	0.00579	0.00318	0.00445	0.00453	0.00467	0.00312	0.00304	0.00487	0.00523	0.00699	0.01021	0.09158	0.07263	0.06568	0.03005	0.64825	0.00302	0.00422	0.02658	0.00190
8	0.05062	0.03710	0.16947	0.22560	0.13236	0.11557	0.11473	0.02967	0.00826	0.07336	0.00691	0.00854	0.00517	0.00347	0.00346	0.00110	0.00487	0.00302	0.00193	0.00478
9	0.00596	0.00493	0.00752	0.00685	0.00742	0.00596	0.05026	0.00692	0.00569	0.00826	0.00814	0.01258	0.00775	0.06185	0.51513	0.07770	0.19834	0.00369	0.00181	0.00324
10	0.00535	0.00393	0.00460	0.00451	0.00558	0.00357	0.00344	0.03906	0.00893	0.04118	0.25978	0.13391	0.39528	0.00850	0.00425	0.00123	0.00204	0.06800	0.00352	0.00334
11	0.00509	0.00370	0.00508	0.00508	0.00562	0.00409	0.00375	0.00607	0.00584	0.00823	0.01195	0.01754	0.07261	0.21258	0.58263	0.00472	0.00736	0.00438	0.03074	0.00294
12	0.00930	0.16760	0.23791	0.05565	0.13137	0.04486	0.07971	0.06685	0.09745	0.06455	0.00768	0.00858	0.00582	0.00356	0.00333	0.00106	0.00445	0.00297	0.00213	0.00518

[dist]
# distance from previous block
# <min> <max>
7	11

[block]
# block no. 3 follows, 78 sequences, length 12
# corresponding to MSA columns:
# 155-166
name=unknown_D
#
# <colnr> <probs for GDERKNQSTAVLIFYWHMCP>
#	G	D	E	R	K	N	Q	S	T	A	V	L	I	F	Y	W	H	M	C	P
0	0.00764	0.18034	0.66431	0.00958	0.01435	0.00940	0.04523	0.01116	0.00750	0.01073	0.00615	0.00726	0.00456	0.00330	0.00321	0.00106	0.00502	0.00256	0.00152	0.00511
1	0.00539	0.00413	0.00538	0.00549	0.00597	0.00451	0.00399	0.02020	0.05746	0.00926	0.03442	0.32799	0.04161	0.15139	0.21260	0.00277	0.06970	0.03190	0.00269	0.00316
2	0.00815	0.00630	0.00746	0.00537	0.00850	0.00479	0.00431	0.00971	0.00763	0.08694	0.00702	0.00781	0.00559	0.00279	0.00272	0.00058	0.00267	0.00224	0.00231	0.81710
3	0.00446	0.00319	0.00424	0.00488	0.00519	0.00297	0.00331	0.00525	0.00737	0.00996	0.15993	0.72975	0.02524	0.01050	0.00449	0.00139	0.00200	0.00950	0.00341	0.00297
4	0.00616	0.00398	0.00497	0.00482	0.00584	0.00378	0.00373	0.00807	0.04954	0.07332	0.41222	0.08567	0.10046	0.00734	0.00404	0.00118	0.00207	0.10918	0.11004	0.00358
5	0.00624	0.00394	0.00473	0.00457	0.00577	0.00346	0.00350	0.00736	0.00858	0.13723	0.17121	0.15600	0.40104	0.00840	0.00421	0.00124	0.00211	0.06332	0.00358	0.00353
6	0.00917	0.00749	0.00783	0.00698	0.00890	0.03971	0.00542	0.06093	0.61489	0.06341	0.09055	0.04570	0.01281	0.00519	0.00369	0.00118	0.00289	0.00434	0.00361	0.00532
7	0.00597	0.00954	0.32201	0.00759	0.01022	0.00559	0.06918	0.00844	0.00814	0.01136	0.18336	0.13694	0.09653	0.00652	0.00403	0.00124	0.00358	0.10305	0.00265	0.00406
8	0.00925	0.00912	0.04853	0.00771	0.01068	0.14803	0.12108	0.01099	0.00816	0.08359	0.00693	0.00796	0.00543	0.00315	0.00334	0.00079	0.03000	0.00261	0.00217	0.48048
9	0.01050	0.03322	0.00831	0.00646	0.00867	0.03147	0.00522	0.21394	0.06605	0.19706	0.14648	0.03591	0.03109	0.00530	0.01746	0.00111	0.02983	0.01342	0.00338	0.13512
10	0.00743	0.12086	0.06756	0.00579	0.00716	0.02773	0.00486	0.05660	0.07940	0.02159	0.04152	0.01420	0.07362	0.02889	0.00822	0.37710	0.00331	0.04870	0.00222	0.00324
11	0.04275	0.01016	0.00787	0.00751	0.02943	0.36150	0.00547	0.06186	0.07559	0.04127	0.04247	0.19464	0.04033	0.04403	0.00440	0.00122	0.01815	0.00469	0.00264	0.00404

[dist]
# distance from previous block
# <min> <max>
5	49

[block]
# block no. 4 follows, 78 sequences, length 9
# corresponding to MSA columns:
# 220-228
name=unknown_E
#
# <colnr> <probs for GDERKNQSTAVLIFYWHMCP>
#	G	D	E	R	K	N	Q	S	T	A	V	L	I	F	Y	W	H	M	C	P
0	0.00928	0.00962	0.18053	0.02112	0.13369	0.07275	0.04154	0.05612	0.01964	0.15539	0.09986	0.07357	0.02341	0.00507	0.00413	0.00116	0.04633	0.03927	0.00270	0.00482
1	0.00929	0.00911	0.05216	0.13045	0.41771	0.06618	0.08068	0.03095	0.07250	0.06710	0.00768	0.00928	0.00597	0.00355	0.00374	0.00111	0.02197	0.00327	0.00209	0.00522
2	0.00634	0.00448	0.00566	0.00552	0.00640	0.00477	0.00412	0.03968	0.11517	0.05478	0.05431	0.16379	0.04932	0.14408	0.28974	0.00308	0.00498	0.03742	0.00281	0.00356
3	0.00836	0.00616	0.04111	0.00656	0.03999	0.03521	0.00509	0.07640	0.07415	0.11846	0.07238	0.05627	0.01191	0.08071	0.08974	0.00179	0.04381	0.06709	0.16064	0.00416
4	0.00818	0.11515	0.47401	0.01128	0.05683	0.04209	0.20042	0.03108	0.00803	0.01115	0.00644	0.00783	0.00482	0.00328	0.00345	0.00109	0.00522	0.00293	0.00165	0.00507
5	0.00533	0.00414	0.00542	0.00544	0.00623	0.00411	0.02767	0.00665	0.03724	0.03200	0.10022	0.35531	0.23651	0.00912	0.00491	0.00135	0.06493	0.08688	0.00323	0.00331
6	0.01090	0.00483	0.00644	0.00552	0.00728	0.00427	0.00431	0.01216	0.00926	0.47252	0.15094	0.20049	0.04517	0.00647	0.00386	0.00117	0.00250	0.00557	0.04161	0.00472
7	0.00490	0.00338	0.00401	0.00423	0.00437	0.00332	0.00258	0.00516	0.00578	0.00767	0.01460	0.25009	0.05631	0.56765	0.04828	0.00290	0.00325	0.00655	0.00251	0.00244
8	0.15433	0.17571	0.39411	0.00822	0.04536	0.03478	0.00880	0.01056	0.00733	0.01147	0.02812	0.02961	0.00601	0.00424	0.02524	0.00116	0.00434	0.00274	0.04321	0.00463

[dist]
# distance from previous block
# <min> <max>
0	1

[block]
# block no. 5 follows, 78 sequences, length 24
# corresponding to MSA columns:
# 230-253
name=unknown_F
#
# <colnr> <probs for GDERKNQSTAVLIFYWHMCP>
#	G	D	E	R	K	N	Q	S	T	A	V	L	I	F	Y	W	H	M	C	P
0	0.00473	0.00331	0.00425	0.00473	0.00493	0.00326	0.00312	0.00524	0.00624	0.00836	0.01595	0.48830	0.01867	0.29435	0.08515	0.00249	0.00323	0.03818	0.00281	0.00269
1	0.16008	0.01237	0.28253	0.08832	0.16405	0.11242	0.10900	0.01126	0.00776	0.01165	0.00618	0.00775	0.00474	0.00334	0.00330	0.00110	0.00484	0.00280	0.00175	0.00478
2	0.00541	0.00390	0.00477	0.00445	0.00541	0.00362	0.00332	0.03716	0.00963	0.02890	0.59750	0.02685	0.18132	0.06600	0.00511	0.00129	0.00193	0.00638	0.00368	0.00336
3	0.00738	0.00633	0.00738	0.00527	0.00844	0.00475	0.00422	0.00896	0.00738	0.01160	0.00633	0.00738	0.00527	0.00264	0.00264	0.00053	0.00264	0.00211	0.00211	0.89664
4	0.00607	0.00414	0.00508	0.00490	0.00601	0.00388	0.00378	0.03339	0.03628	0.07895	0.32017	0.11990	0.24232	0.00845	0.02265	0.00133	0.00231	0.09321	0.00360	0.00357
5	0.00496	0.00344	0.00406	0.00420	0.00444	0.00334	0.00263	0.00536	0.00624	0.00832	0.09801	0.17155	0.07870	0.54196	0.02681	0.00270	0.00301	0.02511	0.00264	0.00251
6	0.01104	0.00964	0.01438	0.03746	0.01416	0.04114	0.32865	0.39335	0.03939	0.04041	0.00822	0.00929	0.00601	0.00431	0.02470	0.00124	0.00492	0.00361	0.00274	0.00535
7	0.00462	0.00355	0.00422	0.00461	0.00530	0.00328	0.00331	0.00576	0.03564	0.00971	0.05944	0.40025	0.32012	0.05058	0.00505	0.00145	0.00214	0.07464	0.00329	0.00304
8	0.00484	0.00359	0.00462	0.00468	0.00533	0.00340	0.00341	0.00608	0.00870	0.01197	0.47887	0.27046	0.11123	0.02530	0.00477	0.00129	0.02393	0.02079	0.00358	0.00318
9	0.00879	0.00939	0.04887	0.02614	0.36837	0.17345	0.00795	0.05438	0.00913	0.01168	0.11650	0.02513	0.09428	0.00455	0.00361	0.00105	0.00406	0.00390	0.00232	0.02646
10	0.00921	0.01391	0.39493	0.09992	0.05608	0.11499	0.01007	0.13210	0.09531	0.02855	0.00757	0.00848	0.00556	0.00372	0.00344	0.00110	0.00481	0.00292	0.00214	0.00517
11	0.00811	0.00702	0.00969	0.00697	0.01017	0.00575	0.13382	0.05340	0.00811	0.03638	0.00680	0.00792	0.00544	0.00283	0.00295	0.00068	0.00324	0.00253	0.00220	0.68598
12	0.00472	0.00343	0.00439	0.00493	0.00536	0.00323	0.00339	0.03424	0.00758	0.01011	0.10367	0.70202	0.07887	0.01038	0.00445	0.00138	0.00207	0.00934	0.00338	0.00306
13	0.06208	0.00542	0.00637	0.00524	0.00719	0.00523	0.00422	0.10145	0.00961	0.37505	0.03333	0.01219	0.00899	0.00430	0.00310	0.00099	0.00255	0.00342	0.34446	0.00482
14	0.00783	0.00751	0.00952	0.00784	0.00984	0.09878	0.18409	0.01174	0.23416	0.04018	0.10217	0.02880	0.23078	0.00571	0.00392	0.00116	0.00351	0.00509	0.00301	0.00436
15	0.01097	0.00616	0.00749	0.00645	0.00837	0.00619	0.00509	0.15604	0.14821	0.31983	0.03542	0.21478	0.01322	0.00633	0.00388	0.00122	0.00290	0.03860	0.00382	0.00507
16	0.00475	0.00346	0.00483	0.00521	0.00559	0.00365	0.00372	0.00561	0.00617	0.00851	0.01428	0.40512	0.01593	0.09773	0.39397	0.00357	0.00558	0.00681	0.00257	0.00295
17	0.16597	0.00868	0.00970	0.09480	0.01154	0.03534	0.02630	0.42189	0.01208	0.11620	0.00799	0.00850	0.00572	0.00412	0.00381	0.00112	0.05497	0.00301	0.00301	0.00525
18	0.00670	0.00483	0.00679	0.00645	0.00754	0.00491	0.06359	0.03635	0.06202	0.06330	0.08901	0.25658	0.03972	0.00805	0.00463	0.00136	0.04500	0.22391	0.06555	0.00373
19	0.69980	0.00734	0.00615	0.00529	0.00755	0.02326	0.00434	0.12484	0.00789	0.04485	0.03684	0.00715	0.00543	0.00363	0.00253	0.00109	0.00295	0.00233	0.00252	0.00422
20	0.00796	0.00756	0.01271	0.36647	0.48858	0.00825	0.01034	0.01042	0.03324	0.01070	0.00678	0.00923	0.00543	0.00338	0.00354	0.00111	0.00440	0.00319	0.00175	0.00495
21	0.01155	0.00870	0.00980	0.00832	0.07493	0.03273	0.00626	0.47086	0.01299	0.07272	0.03926	0.00913	0.00699	0.00390	0.00335	0.00094	0.00357	0.00306	0.00310	0.21786
22	0.01152	0.00999	0.00943	0.00788	0.01019	0.13760	0.00625	0.38239	0.33421	0.01713	0.01043	0.01037	0.00784	0.02366	0.00385	0.00115	0.00386	0.00343	0.00329	0.00552
23	0.32078	0.00815	0.00811	0.00651	0.00907	0.04690	0.00535	0.29115	0.01095	0.24713	0.00867	0.00847	0.00598	0.00395	0.00308	0.00108	0.00339	0.00282	0.00324	0.00521

[dist]
# distance from previous block
# <min> <max>
0	1

[block]
# block no. 6 follows, 78 sequences, length 26
# corresponding to MSA columns:
# 255-280
name=unknown_G
#
# <colnr> <probs for GDERKNQSTAVLIFYWHMCP>
#	G	D	E	R	K	N	Q	S	T	A	V	L	I	F	Y	W	H	M	C	P
0	0.00438	0.00326	0.00401	0.00455	0.00499	0.00297	0.00308	0.00506	0.00710	0.00920	0.04488	0.59042	0.22098	0.07094	0.00540	0.00152	0.00209	0.00906	0.00324	0.00288
1	0.00486	0.00363	0.00451	0.00429	0.00521	0.00328	0.00322	0.00637	0.00965	0.01327	0.67475	0.02825	0.21026	0.00765	0.00420	0.00114	0.00171	0.00667	0.00379	0.00328
2	0.00464	0.00361	0.00422	0.00410	0.00508	0.00318	0.00306	0.00594	0.00909	0.01201	0.45664	0.05767	0.40159	0.00819	0.00421	0.00117	0.00175	0.00704	0.00362	0.00318
3	0.00957	0.79641	0.05972	0.00643	0.00953	0.05133	0.00648	0.01085	0.00737	0.00853	0.00505	0.00583	0.00457	0.00309	0.00238	0.00079	0.00400	0.00196	0.00154	0.00458
4	0.00468	0.00357	0.00411	0.00429	0.00516	0.00321	0.00321	0.00573	0.00806	0.01039	0.15697	0.15603	0.42938	0.05437	0.00500	0.00138	0.00207	0.10188	0.03748	0.00304
5	0.71510	0.08613	0.05141	0.00536	0.00781	0.04149	0.00474	0.03309	0.00668	0.01494	0.00515	0.00597	0.00404	0.00333	0.00235	0.00106	0.00315	0.00201	0.00213	0.00406
6	0.09849	0.11973	0.01026	0.00710	0.00945	0.05368	0.00595	0.22915	0.02655	0.28103	0.00904	0.00915	0.00648	0.01660	0.00437	0.00113	0.10048	0.00302	0.00310	0.00525
7	0.03386	0.13251	0.01116	0.05517	0.02521	0.07063	0.02480	0.36038	0.04103	0.16736	0.00885	0.00897	0.00636	0.00399	0.00330	0.00103	0.00388	0.00304	0.03308	0.00540
8	0.29627	0.00610	0.01877	0.04717	0.07097	0.01399	0.00481	0.04201	0.07854	0.02616	0.16598	0.04515	0.05681	0.08278	0.02916	0.00147	0.00307	0.00411	0.00274	0.00395
9	0.00808	0.00486	0.00555	0.00502	0.00644	0.00490	0.00388	0.03171	0.18144	0.14212	0.16230	0.06217	0.08654	0.00567	0.00347	0.00107	0.00220	0.00477	0.27357	0.00424
10	0.01176	0.01041	0.01083	0.06686	0.08334	0.15346	0.03394	0.42351	0.14046	0.01681	0.00859	0.00903	0.00640	0.00407	0.00353	0.00108	0.00432	0.00320	0.00294	0.00545
11	0.00495	0.00364	0.00463	0.00438	0.00526	0.00332	0.00329	0.00654	0.00986	0.01377	0.76130	0.02744	0.12340	0.00747	0.00420	0.00113	0.00169	0.00656	0.00385	0.00332
12	0.00940	0.09240	0.00933	0.00727	0.00943	0.04334	0.00580	0.07103	0.67814	0.01450	0.01283	0.01197	0.00970	0.00458	0.00347	0.00114	0.00313	0.00370	0.00334	0.00550
13	0.04190	0.00622	0.00719	0.00535	0.00823	0.00502	0.00427	0.00981	0.05274	0.05316	0.06650	0.00922	0.00768	0.00319	0.00283	0.00066	0.00260	0.00258	0.00243	0.70840
14	0.00443	0.00362	0.00391	0.00384	0.00494	0.00310	0.00288	0.00553	0.00863	0.01084	0.25031	0.03225	0.63621	0.00856	0.00421	0.00118	0.00177	0.00723	0.00347	0.00310
15	0.00581	0.00473	0.00513	0.00497	0.00599	0.03472	0.00369	0.09481	0.00892	0.01145	0.15429	0.24947	0.33486	0.02244	0.02101	0.00136	0.02249	0.00718	0.00329	0.00341
16	0.01030	0.66905	0.03540	0.00686	0.00969	0.19986	0.00642	0.01146	0.00787	0.00851	0.00510	0.00591	0.00457	0.00319	0.00251	0.00080	0.00441	0.00201	0.00159	0.00449
17	0.90002	0.00689	0.00523	0.00468	0.00689	0.00799	0.00386	0.01047	0.00606	0.01597	0.00496	0.00578	0.00386	0.00330	0.00220	0.00110	0.00275	0.00193	0.00220	0.00386
18	0.00799	0.00680	0.00789	0.03057	0.10221	0.04264	0.00562	0.10925	0.23050	0.02602	0.20490	0.01797	0.14795	0.00577	0.00412	0.00115	0.03604	0.00480	0.00323	0.00458
19	0.00469	0.00355	0.00418	0.00415	0.00506	0.00317	0.00306	0.00594	0.00885	0.01183	0.40687	0.12310	0.35440	0.00828	0.00418	0.00118	0.00177	0.00716	0.03541	0.00317
20	0.00572	0.00462	0.00730	0.00637	0.00762	0.00425	0.14785	0.00710	0.00823	0.04244	0.22207	0.24730	0.18341	0.05122	0.00499	0.00137	0.00275	0.03875	0.00318	0.00345
21	0.00930	0.01690	0.01154	0.11904	0.29880	0.04509	0.04185	0.15192	0.10729	0.02534	0.00810	0.00973	0.00644	0.02017	0.04600	0.00134	0.01882	0.00328	0.00233	0.05668
22	0.02578	0.02467	0.01355	0.01606	0.45105	0.14679	0.10214	0.07486	0.05037	0.02528	0.00710	0.00863	0.00571	0.00346	0.00364	0.00106	0.01923	0.00314	0.00205	0.01544
23	0.41105	0.00631	0.00623	0.00531	0.00730	0.00683	0.00427	0.11545	0.00823	0.16987	0.00851	0.00980	0.00654	0.06267	0.06481	0.00155	0.00337	0.00288	0.09469	0.00432
24	0.00830	0.00599	0.00685	0.04871	0.00811	0.02935	0.00475	0.18439	0.03731	0.09290	0.21614	0.04480	0.18203	0.03729	0.00473	0.00123	0.04338	0.00515	0.03439	0.00420
25	0.02674	0.00473	0.00651	0.02895	0.07930	0.00478	0.02783	0.03916	0.00805	0.02882	0.18480	0.11562	0.06835	0.14934	0.03755	0.00178	0.02318	0.13252	0.02847	0.00351

[dist]
# distance from previous block
# <min> <max>
0	2

[block]
# block no. 7 follows, 78 sequences, length 17
# corresponding to MSA columns:
# 283-299
name=unknown_H
#
# <colnr> <probs for GDERKNQSTAVLIFYWHMCP>
#	G	D	E	R	K	N	Q	S	T	A	V	L	I	F	Y	W	H	M	C	P
0	0.00877	0.00836	0.01328	0.14082	0.63420	0.03216	0.01019	0.03996	0.03303	0.01166	0.00690	0.00893	0.00564	0.00331	0.00350	0.00106	0.00427	0.00314	0.00187	0.02893
1	0.00505	0.00362	0.00462	0.00462	0.00500	0.00382	0.00316	0.00566	0.00569	0.00773	0.01291	0.02049	0.09185	0.44021	0.36593	0.00418	0.00581	0.00484	0.00216	0.00266
2	0.41210	0.00643	0.00690	0.00559	0.00810	0.00647	0.00462	0.01427	0.00834	0.47912	0.00997	0.00928	0.00659	0.00391	0.00296	0.00110	0.00291	0.00284	0.00342	0.00507
3	0.90002	0.00689	0.00523	0.00468	0.00689	0.00799	0.00386	0.01047	0.00606	0.01597	0.00496	0.00578	0.00386	0.00330	0.00220	0.00110	0.00275	0.00193	0.00220	0.00386
4	0.01068	0.59917	0.04365	0.00655	0.00941	0.09915	0.00619	0.01192	0.00798	0.13987	0.00690	0.03242	0.00579	0.00357	0.00268	0.00086	0.00395	0.00247	0.00205	0.00473
5	0.00522	0.00347	0.00414	0.00414	0.00421	0.00355	0.00247	0.00529	0.00521	0.00702	0.01076	0.02156	0.01212	0.73085	0.11534	0.05127	0.00414	0.00491	0.00210	0.00224
6	0.00504	0.00343	0.00443	0.00494	0.00542	0.00318	0.00341	0.02061	0.00747	0.04611	0.08040	0.69673	0.08483	0.01030	0.00444	0.00138	0.00209	0.00926	0.00340	0.00313
7	0.01135	0.41901	0.01415	0.03271	0.01053	0.39635	0.00659	0.05422	0.00900	0.00926	0.00542	0.00629	0.00466	0.00340	0.00280	0.00086	0.00502	0.00218	0.00177	0.00443
8	0.00557	0.00360	0.00480	0.00495	0.00545	0.00353	0.00345	0.00613	0.00643	0.05405	0.04141	0.35866	0.01615	0.18165	0.16525	0.08039	0.00387	0.01888	0.00271	0.03306
9	0.00772	0.00837	0.04584	0.01119	0.06921	0.03832	0.28766	0.00936	0.00690	0.00965	0.00736	0.05262	0.00700	0.12100	0.00850	0.00161	0.29772	0.00405	0.00183	0.00410
10	0.00688	0.00438	0.00515	0.00467	0.00605	0.00402	0.00360	0.03071	0.05796	0.14203	0.28975	0.05288	0.33840	0.00731	0.00402	0.00115	0.00207	0.00621	0.02893	0.00383
11	0.01773	0.00550	0.00656	0.03534	0.04463	0.05385	0.00504	0.05136	0.02954	0.06502	0.02500	0.32826	0.03717	0.00795	0.01326	0.00135	0.07254	0.11563	0.08053	0.00375
12	0.00958	0.10323	0.28289	0.06896	0.15157	0.22362	0.02625	0.03112	0.03465	0.02650	0.00653	0.00773	0.00507	0.00347	0.00329	0.00103	0.00506	0.00270	0.00181	0.00491
13	0.00695	0.00592	0.02338	0.04330	0.13318	0.01710	0.06233	0.05099	0.01895	0.03706	0.01027	0.06588	0.03241	0.12795	0.31211	0.00311	0.03874	0.00428	0.00219	0.00388
14	0.00449	0.00327	0.00422	0.00482	0.00518	0.00310	0.00331	0.00519	0.00687	0.00907	0.03274	0.61683	0.11965	0.07265	0.06354	0.00185	0.00267	0.03452	0.00314	0.00289
15	0.04026	0.02763	0.16313	0.03865	0.16474	0.06046	0.17088	0.07315	0.06871	0.06749	0.00886	0.08407	0.00739	0.00420	0.00364	0.00114	0.00446	0.00385	0.00231	0.00500
16	0.04700	0.03564	0.15864	0.04713	0.17009	0.03082	0.00835	0.20535	0.07526	0.04778	0.00781	0.01897	0.00603	0.00392	0.00387	0.00108	0.05695	0.00306	0.00243	0.06982

[dist]
# distance from previous block
# <min> <max>
9	48

[block]
# block no. 8 follows, 78 sequences, length 6
# corresponding to MSA columns:
# 375-380
name=unknown_I
#
# <colnr> <probs for GDERKNQSTAVLIFYWHMCP>
#	G	D	E	R	K	N	Q	S	T	A	V	L	I	F	Y	W	H	M	C	P
0	0.00585	0.00384	0.00536	0.00534	0.00571	0.00421	0.00392	0.00631	0.04553	0.00783	0.00936	0.01604	0.00936	0.13118	0.28212	0.34225	0.03614	0.07507	0.00199	0.00258
1	0.00680	0.00669	0.05921	0.07273	0.06890	0.00642	0.19034	0.00864	0.00709	0.04090	0.03107	0.09894	0.02554	0.02903	0.27225	0.00268	0.06218	0.00449	0.00212	0.00399
2	0.00772	0.09301	0.11179	0.00727	0.04709	0.09126	0.03184	0.05556	0.08974	0.03182	0.09977	0.01909	0.25088	0.00586	0.00371	0.00112	0.00342	0.04202	0.00278	0.00426
3	0.05087	0.00949	0.04465	0.00742	0.00999	0.09903	0.00619	0.38530	0.10205	0.15650	0.01191	0.01148	0.07983	0.00462	0.00352	0.00109	0.00374	0.00355	0.00336	0.00541
4	0.00954	0.00985	0.03248	0.12453	0.08258	0.18380	0.11778	0.09854	0.07245	0.02623	0.02818	0.00941	0.00645	0.00522	0.03724	0.02614	0.11960	0.00328	0.00215	0.00454
5	0.00842	0.05042	0.09319	0.02496	0.02513	0.08842	0.04076	0.06576	0.27087	0.01234	0.07650	0.05492	0.03817	0.03313	0.01906	0.00132	0.08515	0.00410	0.00272	0.00465

[dist]
# distance from previous block
# <min> <max>
0	1

[block]
# block no. 9 follows, 78 sequences, length 6
# corresponding to MSA columns:
# 382-387
name=unknown_J
#
# <colnr> <probs for GDERKNQSTAVLIFYWHMCP>
#	G	D	E	R	K	N	Q	S	T	A	V	L	I	F	Y	W	H	M	C	P
0	0.00442	0.00331	0.00412	0.00469	0.00521	0.00301	0.00329	0.00521	0.00737	0.00956	0.06337	0.57752	0.22960	0.01036	0.00446	0.00138	0.00205	0.05477	0.00333	0.00296
1	0.04290	0.04376	0.04503	0.04645	0.15354	0.03770	0.23606	0.01140	0.07815	0.05739	0.00788	0.02618	0.00643	0.02421	0.02389	0.00129	0.09082	0.00352	0.00211	0.06133
2	0.03490	0.24297	0.25503	0.00946	0.01295	0.06036	0.18826	0.03437	0.02741	0.01091	0.03128	0.00811	0.00578	0.00349	0.00356	0.00103	0.03790	0.00290	0.00181	0.02751
3	0.00521	0.00353	0.00417	0.00423	0.00434	0.00359	0.00260	0.00543	0.00542	0.00727	0.01156	0.02354	0.01306	0.74048	0.09493	0.00354	0.00400	0.05857	0.00221	0.00232
4	0.00861	0.00825	0.01408	0.10508	0.77105	0.00841	0.01082	0.01075	0.00801	0.01138	0.00666	0.00888	0.00555	0.00321	0.00353	0.00107	0.00428	0.00317	0.00174	0.00547
5	0.01086	0.02595	0.04763	0.11780	0.05957	0.21321	0.04921	0.13888	0.03852	0.12613	0.00847	0.05270	0.00678	0.00489	0.02412	0.00122	0.06333	0.00342	0.00251	0.00479

[dist]
# distance from previous block
# <min> <max>
83	204

[block]
# block no. 10 follows, 78 sequences, length 32
# corresponding to MSA columns:
# 742-773
name=unknown_K
#
# <colnr> <probs for GDERKNQSTAVLIFYWHMCP>
#	G	D	E	R	K	N	Q	S	T	A	V	L	I	F	Y	W	H	M	C	P
0	0.02593	0.07963	0.16265	0.00901	0.02553	0.07327	0.15534	0.11081	0.04409	0.11746	0.01038	0.12698	0.02441	0.00483	0.00365	0.00114	0.00424	0.01322	0.00260	0.00484
1	0.00433	0.00311	0.00412	0.00492	0.00515	0.00289	0.00329	0.00496	0.00685	0.00910	0.02006	0.85054	0.04528	0.01110	0.00454	0.00144	0.00206	0.01005	0.00330	0.00289
2	0.00452	0.00351	0.02500	0.00498	0.00532	0.00308	0.00346	0.00523	0.00681	0.00920	0.03512	0.76537	0.02234	0.06350	0.00530	0.00154	0.00221	0.00943	0.02118	0.00292
3	0.08544	0.02478	0.01018	0.00936	0.09525	0.18990	0.02527	0.27382	0.22203	0.01553	0.00882	0.00906	0.00669	0.00405	0.00338	0.00107	0.00415	0.00311	0.00284	0.00526
4	0.04195	0.01589	0.00988	0.00886	0.01079	0.76206	0.00671	0.04703	0.01023	0.04650	0.00598	0.00673	0.00481	0.00371	0.00321	0.00094	0.00606	0.00237	0.00203	0.00428
5	0.00483	0.00385	0.00436	0.00423	0.00530	0.00350	0.00317	0.00660	0.06005	0.01180	0.36314	0.06025	0.43976	0.00814	0.00418	0.00118	0.00182	0.00696	0.00357	0.00330
6	0.00458	0.00344	0.00421	0.00439	0.00509	0.00311	0.00313	0.00564	0.00830	0.01104	0.32407	0.31866	0.24843	0.03345	0.00471	0.00132	0.00189	0.00795	0.00349	0.00307
7	0.00439	0.00358	0.00382	0.00382	0.00485	0.00308	0.00280	0.00534	0.00819	0.01014	0.15433	0.07351	0.64590	0.05441	0.00495	0.00132	0.00188	0.00736	0.00334	0.00301
8	0.00868	0.00759	0.00886	0.00801	0.03686	0.00855	0.05515	0.03808	0.69504	0.01463	0.04992	0.01382	0.02900	0.00485	0.00369	0.00119	0.00301	0.00416	0.00346	0.00544
9	0.90002	0.00689	0.00523	0.00468	0.00689	0.00799	0.00386	0.01047	0.00606	0.01597	0.00496	0.00578	0.00386	0.00330	0.00220	0.00110	0.00275	0.00193	0.00220	0.00386
10	0.50384	0.04037	0.07339	0.01898	0.00907	0.04060	0.00558	0.21799	0.00913	0.02826	0.00624	0.00690	0.00468	0.00359	0.00272	0.00107	0.00343	0.00238	0.01722	0.00457
11	0.07301	0.00781	0.00786	0.00697	0.00893	0.05529	0.00548	0.13430	0.47918	0.03750	0.04941	0.05841	0.01127	0.00518	0.00360	0.00118	0.00309	0.03394	0.01244	0.00514
12	0.01331	0.00938	0.01020	0.00793	0.01069	0.01029	0.00651	0.68429	0.09619	0.09976	0.00964	0.00934	0.00678	0.00434	0.00357	0.00109	0.00373	0.00332	0.00365	0.00601
13	0.05650	0.00477	0.00544	0.04304	0.00686	0.04967	0.00408	0.04081	0.00731	0.05150	0.01524	0.52995	0.01719	0.09002	0.04237	0.00173	0.01979	0.00747	0.00295	0.00331
14	0.02190	0.00437	0.00510	0.00480	0.00615	0.00401	0.00363	0.00880	0.07932	0.17217	0.08707	0.20305	0.36990	0.00800	0.00407	0.00123	0.00219	0.00684	0.00357	0.00383
15	0.00934	0.04302	0.09759	0.00827	0.01130	0.12850	0.12201	0.11196	0.06009	0.02422	0.02123	0.00840	0.00603	0.00344	0.00341	0.00089	0.02343	0.00284	0.00226	0.31175
16	0.74929	0.02940	0.04855	0.00556	0.00795	0.06808	0.02562	0.01080	0.00650	0.01493	0.00512	0.00601	0.00400	0.00332	0.00238	0.00108	0.00324	0.00205	0.00212	0.00399
17	0.00471	0.00337	0.00437	0.00497	0.00534	0.00320	0.00352	0.00550	0.00710	0.00943	0.07657	0.53010	0.06068	0.12530	0.00637	0.00171	0.00240	0.13928	0.00319	0.00289
18	0.00873	0.01380	0.49788	0.00880	0.01297	0.00790	0.02379	0.10231	0.08199	0.08476	0.00854	0.00904	0.02123	0.00371	0.00339	0.00106	0.00438	0.00296	0.00226	0.10050
19	0.00939	0.21687	0.09323	0.01028	0.01331	0.05719	0.29929	0.07982	0.05384	0.03259	0.00694	0.00829	0.00545	0.00361	0.00417	0.00108	0.08226	0.00317	0.00200	0.01724
20	0.00742	0.00662	0.01067	0.66921	0.02116	0.00819	0.02444	0.03911	0.00747	0.04032	0.02601	0.00975	0.00561	0.00400	0.00453	0.00122	0.10508	0.00327	0.00181	0.00410
21	0.00451	0.00352	0.00409	0.00416	0.00505	0.00310	0.00304	0.00561	0.00850	0.01105	0.30080	0.19727	0.41886	0.00887	0.00427	0.00122	0.00181	0.00768	0.00351	0.00310
22	0.00505	0.00377	0.00437	0.00451	0.02014	0.00342	0.00325	0.00609	0.00811	0.03849	0.14020	0.18057	0.47597	0.00854	0.00432	0.00122	0.02371	0.00726	0.05779	0.00322
23	0.09787	0.01261	0.02833	0.06145	0.07847	0.43801	0.07189	0.06197	0.00922	0.03028	0.00623	0.00758	0.00501	0.00448	0.03300	0.00119	0.04330	0.00271	0.00199	0.00440
24	0.00912	0.59009	0.24508	0.00734	0.01096	0.02856	0.00805	0.04719	0.00778	0.00978	0.00551	0.00634	0.00462	0.00320	0.00266	0.00088	0.00426	0.00217	0.00161	0.00481
25	0.00442	0.00326	0.00413	0.00476	0.00518	0.00300	0.00329	0.00515	0.00716	0.00934	0.04347	0.63961	0.17092	0.03162	0.00482	0.00145	0.00210	0.05009	0.00329	0.00293
26	0.01066	0.00768	0.01011	0.17712	0.09485	0.01789	0.02739	0.32396	0.01140	0.13458	0.05132	0.01112	0.02432	0.00609	0.07404	0.00148	0.00437	0.00356	0.00293	0.00512
27	0.00765	0.00588	0.00827	0.21847	0.07060	0.03906	0.04350	0.00963	0.04484	0.12273	0.08084	0.11794	0.13769	0.00653	0.02214	0.00131	0.00354	0.05248	0.00283	0.00410
28	0.00767	0.00586	0.00802	0.13573	0.03288	0.01853	0.05479	0.10472	0.08065	0.07285	0.01310	0.21269	0.03903	0.08788	0.07765	0.00183	0.00396	0.03531	0.00281	0.00406
29	0.00677	0.00436	0.00516	0.00500	0.00589	0.00429	0.00356	0.02566	0.10167	0.11007	0.03859	0.20106	0.12961	0.28440	0.00860	0.00198	0.00277	0.05398	0.00313	0.00346
30	0.02660	0.00817	0.01068	0.00847	0.04124	0.06860	0.15331	0.07945	0.05556	0.01227	0.00704	0.00834	0.00566	0.00387	0.02467	0.00098	0.05432	0.00283	0.00219	0.42575
31	0.00943	0.17139	0.01646	0.01272	0.15263	0.09405	0.33088	0.05987	0.06727	0.01144	0.00733	0.00924	0.00593	0.00349	0.00367	0.00107	0.01573	0.02048	0.00200	0.00492

[dist]
# distance from previous block
# <min> <max>
5	23

[block]
# block no. 11 follows, 78 sequences, length 10
# corresponding to MSA columns:
# 803-812
name=unknown_L
#
# <colnr> <probs for GDERKNQSTAVLIFYWHMCP>
#	G	D	E	R	K	N	Q	S	T	A	V	L	I	F	Y	W	H	M	C	P
0	0.11252	0.00624	0.00637	0.00593	0.00701	0.07248	0.00442	0.07467	0.12852	0.01104	0.01030	0.07838	0.00992	0.21192	0.21125	0.00279	0.03587	0.00422	0.00247	0.00368
1	0.01131	0.13764	0.05928	0.00654	0.00897	0.00779	0.00567	0.21509	0.02905	0.27274	0.01193	0.08880	0.03910	0.07033	0.00456	0.00125	0.00337	0.00403	0.01749	0.00505
2	0.04142	0.01139	0.00896	0.00862	0.07287	0.39409	0.00615	0.08617	0.10414	0.02997	0.01043	0.05857	0.07682	0.00461	0.00340	0.00101	0.00452	0.00351	0.00248	0.07088
3	0.00942	0.00813	0.01142	0.00869	0.01132	0.10244	0.23924	0.03727	0.00877	0.13739	0.06768	0.01128	0.03711	0.00512	0.05109	0.00124	0.02288	0.00358	0.00252	0.22341
4	0.00911	0.25835	0.09591	0.00686	0.00948	0.10491	0.02265	0.03046	0.10889	0.07122	0.06983	0.02596	0.06726	0.00446	0.00322	0.00098	0.00369	0.02301	0.00248	0.08127
5	0.00748	0.00574	0.00739	0.02681	0.05208	0.02625	0.04240	0.05642	0.09244	0.08436	0.12749	0.14104	0.13888	0.00726	0.02723	0.00132	0.02712	0.06776	0.00314	0.05740
6	0.00614	0.02701	0.05286	0.00560	0.00681	0.03109	0.02068	0.02577	0.02582	0.00978	0.07496	0.17877	0.11644	0.05606	0.00673	0.17765	0.00295	0.09238	0.00263	0.07986
7	0.00930	0.50428	0.21197	0.05511	0.01199	0.01134	0.05633	0.01134	0.00762	0.08203	0.00627	0.00712	0.00498	0.00327	0.00283	0.00092	0.00426	0.00242	0.00179	0.00484
8	0.08403	0.00693	0.01119	0.57349	0.23756	0.00806	0.00964	0.00969	0.00728	0.01034	0.00631	0.00900	0.00490	0.00344	0.00343	0.00115	0.00444	0.00306	0.00168	0.00438
9	0.03130	0.00917	0.02898	0.03345	0.23682	0.07475	0.16648	0.12185	0.11472	0.04127	0.00889	0.02703	0.01989	0.00411	0.00412	0.00115	0.05274	0.01576	0.00240	0.00511

[dist]
# distance from previous block
# <min> <max>
0	3

[block]
# block no. 12 follows, 78 sequences, length 12
# corresponding to MSA columns:
# 816-827
name=unknown_M
#
# <colnr> <probs for GDERKNQSTAVLIFYWHMCP>
#	G	D	E	R	K	N	Q	S	T	A	V	L	I	F	Y	W	H	M	C	P
0	0.13293	0.13068	0.05992	0.01003	0.01314	0.00931	0.34639	0.13168	0.00915	0.07758	0.00773	0.04187	0.00608	0.00368	0.00349	0.00110	0.00452	0.00352	0.00231	0.00487
1	0.12117	0.00852	0.00888	0.00709	0.00963	0.05953	0.00578	0.37365	0.07223	0.24306	0.04756	0.01019	0.00802	0.00433	0.00341	0.00108	0.00351	0.00330	0.00354	0.00552
2	0.00620	0.00336	0.00489	0.00475	0.00501	0.00329	0.00325	0.00504	0.00489	0.00669	0.00640	0.01077	0.00628	0.01255	0.06388	0.78070	0.00345	0.00307	0.00161	0.06392
3	0.00704	0.00599	0.00792	0.00709	0.02007	0.05350	0.10482	0.00911	0.08920	0.06924	0.08137	0.22765	0.17115	0.02608	0.00515	0.00132	0.08509	0.02137	0.00298	0.00386
4	0.58833	0.00711	0.00662	0.00551	0.00792	0.00778	0.00454	0.12075	0.00837	0.20246	0.00744	0.00755	0.00524	0.00368	0.00269	0.00110	0.00297	0.00246	0.00287	0.00463
5	0.16242	0.00605	0.00741	0.00599	0.00842	0.00571	0.00495	0.03056	0.02499	0.58984	0.01263	0.01290	0.00875	0.00457	0.00339	0.00113	0.00295	0.05716	0.04482	0.00538
6	0.05549	0.00710	0.00712	0.00617	0.00785	0.08293	0.00484	0.22956	0.09498	0.04058	0.27475	0.05578	0.01633	0.00557	0.00364	0.00109	0.00294	0.01636	0.08246	0.00445
7	0.00943	0.00795	0.00737	0.00647	0.00824	0.15336	0.00502	0.13951	0.18997	0.08701	0.15158	0.04533	0.13841	0.00573	0.00372	0.00111	0.00323	0.00466	0.02733	0.00456
8	0.00479	0.00350	0.00455	0.00522	0.00576	0.00331	0.00394	0.00575	0.00738	0.00958	0.02150	0.45256	0.14548	0.04386	0.00514	0.00155	0.00246	0.26743	0.00325	0.00300
9	0.06322	0.00683	0.00800	0.00641	0.00878	0.00689	0.00521	0.23627	0.07015	0.39492	0.01208	0.05053	0.00865	0.00462	0.00343	0.00109	0.00304	0.00369	0.10073	0.00546
10	0.01180	0.07178	0.01165	0.04683	0.10189	0.27133	0.04225	0.28652	0.04072	0.03685	0.00743	0.02046	0.00583	0.00397	0.00360	0.00103	0.02548	0.00301	0.00251	0.00506
11	0.00534	0.00386	0.00507	0.03543	0.00659	0.00383	0.00421	0.04740	0.00786	0.01050	0.07620	0.46834	0.04353	0.04415	0.00501	0.00150	0.00255	0.20368	0.02176	0.00319

[dist]
# distance from previous block
# <min> <max>
9	53

# created by:
# /usr/local/bin/augustus/scripts/msa2prfl.pl /tmp/new_cug2/without_ca_b/actin-related-protein-class-7.fasta
