[name]
unknown

[dist]
# distance from previous block
# <min> <max>
0	26

[block]
# block no. 0 follows, 83 sequences, length 7
# corresponding to MSA columns:
# 324-330
name=unknown_A
#
# <colnr> <probs for GDERKNQSTAVLIFYWHMCP>
#	G	D	E	R	K	N	Q	S	T	A	V	L	I	F	Y	W	H	M	C	P
0	0.00622	0.01857	0.00670	0.02868	0.02379	0.01865	0.00482	0.05490	0.04381	0.02063	0.05617	0.12966	0.08552	0.03021	0.24424	0.00241	0.12682	0.03763	0.00240	0.05816
1	0.00576	0.02713	0.02279	0.03206	0.06757	0.00482	0.02087	0.03732	0.02620	0.01015	0.11633	0.23382	0.12592	0.08329	0.03960	0.00147	0.03741	0.00568	0.00264	0.09917
2	0.00601	0.09281	0.05814	0.10918	0.12329	0.00587	0.00581	0.00797	0.06507	0.00972	0.03979	0.26874	0.13915	0.00649	0.00365	0.00114	0.00293	0.02579	0.00249	0.02595
3	0.00845	0.34005	0.13471	0.08681	0.08708	0.04048	0.02228	0.04275	0.00753	0.05649	0.00712	0.07277	0.00636	0.02981	0.00334	0.00099	0.00385	0.00300	0.00188	0.04423
4	0.00821	0.29200	0.18475	0.00715	0.03933	0.05135	0.00680	0.03946	0.05723	0.05556	0.06940	0.01123	0.03252	0.02840	0.04621	0.00123	0.00397	0.03831	0.00213	0.02475
5	0.00700	0.07140	0.02386	0.02008	0.02686	0.00574	0.03878	0.03086	0.03997	0.04243	0.10088	0.02664	0.03260	0.07979	0.08827	0.00148	0.03701	0.00343	0.00230	0.32062
6	0.05050	0.04263	0.03649	0.00588	0.02616	0.00542	0.02979	0.05116	0.02960	0.17460	0.07502	0.05306	0.10507	0.03417	0.00366	0.00098	0.00275	0.00379	0.00279	0.26648

[dist]
# distance from previous block
# <min> <max>
7	17

[block]
# block no. 1 follows, 83 sequences, length 17
# corresponding to MSA columns:
# 348-357,360-366
name=unknown_B
#
# <colnr> <probs for GDERKNQSTAVLIFYWHMCP>
#	G	D	E	R	K	N	Q	S	T	A	V	L	I	F	Y	W	H	M	C	P
0	0.01898	0.00477	0.00554	0.00501	0.00624	0.01812	0.00384	0.07953	0.10709	0.06844	0.48892	0.07406	0.09300	0.00650	0.00382	0.00109	0.00210	0.00561	0.00356	0.00379
1	0.00724	0.00605	0.00714	0.02625	0.00844	0.00471	0.00421	0.00900	0.03153	0.03138	0.00642	0.00734	0.00524	0.00263	0.00258	0.00055	0.00257	0.00212	0.00209	0.83252
2	0.00400	0.00343	0.00343	0.00343	0.00458	0.00286	0.00257	0.00486	0.00772	0.00915	0.03432	0.03260	0.85844	0.00858	0.00400	0.00114	0.00172	0.00715	0.00315	0.00286
3	0.06197	0.00554	0.00729	0.00571	0.00810	0.00492	0.00468	0.01508	0.00939	0.72227	0.08028	0.01234	0.01002	0.00435	0.00335	0.00104	0.00273	0.00353	0.03203	0.00537
4	0.00411	0.00338	0.00363	0.00376	0.00473	0.00290	0.00279	0.00499	0.00763	0.00933	0.07288	0.15852	0.66343	0.00883	0.00407	0.00119	0.00180	0.03599	0.00317	0.00287
5	0.00906	0.88299	0.01775	0.00580	0.00869	0.01340	0.00580	0.01014	0.00688	0.00797	0.00471	0.00543	0.00435	0.00290	0.00217	0.00072	0.00362	0.00181	0.00145	0.00435
6	0.00462	0.00322	0.00372	0.00391	0.00409	0.00310	0.00238	0.00487	0.00563	0.00738	0.01540	0.23164	0.11443	0.56661	0.01254	0.00257	0.00278	0.00633	0.00245	0.00232
7	0.89994	0.00683	0.00527	0.00474	0.00686	0.00782	0.00385	0.01024	0.00603	0.01555	0.00512	0.00606	0.00405	0.00341	0.00227	0.00112	0.00276	0.00197	0.00223	0.00388
8	0.03035	0.00809	0.00930	0.09458	0.05553	0.00903	0.00643	0.41903	0.24039	0.05811	0.00960	0.00966	0.00700	0.00407	0.00335	0.00106	0.00343	0.00325	0.02242	0.00533
9	0.02688	0.02346	0.00883	0.00717	0.00905	0.06384	0.00582	0.43461	0.06981	0.02618	0.00829	0.00969	0.00659	0.00824	0.15816	0.02261	0.07466	0.01568	0.01571	0.00472
10	0.03373	0.02257	0.15167	0.03720	0.09056	0.09847	0.10301	0.20625	0.13524	0.01340	0.00838	0.03183	0.00669	0.00430	0.01669	0.00114	0.00430	0.02729	0.00239	0.00488
11	0.00522	0.00389	0.00471	0.00473	0.00548	0.00387	0.00346	0.00734	0.13025	0.01075	0.27586	0.19823	0.11839	0.09231	0.00588	0.05725	0.00220	0.06388	0.00316	0.00316
12	0.00680	0.00643	0.01088	0.70150	0.19151	0.00763	0.00961	0.00901	0.00696	0.00914	0.00609	0.00890	0.00469	0.00331	0.00338	0.00110	0.00442	0.00301	0.00154	0.00409
13	0.01037	0.00473	0.00613	0.00505	0.00694	0.00411	0.00404	0.01164	0.00923	0.48184	0.20698	0.01932	0.20351	0.00578	0.00367	0.00107	0.00233	0.00485	0.00386	0.00454
14	0.90488	0.00655	0.00498	0.00445	0.00655	0.00760	0.00367	0.00996	0.00576	0.01520	0.00472	0.00550	0.00367	0.00314	0.00210	0.00105	0.00262	0.00183	0.00210	0.00367
15	0.00453	0.00329	0.00443	0.00479	0.00519	0.00335	0.00342	0.00533	0.00620	0.00840	0.04368	0.38782	0.06174	0.12856	0.27044	0.00286	0.00434	0.04624	0.00261	0.00278
16	0.04700	0.00636	0.02541	0.00607	0.00794	0.00658	0.00487	0.04839	0.41497	0.15439	0.20427	0.01517	0.03385	0.00503	0.00351	0.00110	0.00254	0.00421	0.00352	0.00482

[dist]
# distance from previous block
# <min> <max>
1	2

[block]
# block no. 2 follows, 83 sequences, length 22
# corresponding to MSA columns:
# 403-413,463-473
name=unknown_C
#
# <colnr> <probs for GDERKNQSTAVLIFYWHMCP>
#	G	D	E	R	K	N	Q	S	T	A	V	L	I	F	Y	W	H	M	C	P
0	0.02475	0.14197	0.06829	0.02206	0.09802	0.09380	0.03834	0.17149	0.07181	0.13815	0.00867	0.01760	0.02695	0.00373	0.00313	0.00096	0.00379	0.00296	0.00254	0.06097
1	0.03564	0.18469	0.18252	0.03139	0.07947	0.02899	0.03059	0.10556	0.10863	0.04888	0.03796	0.06496	0.01535	0.00425	0.00321	0.00103	0.00371	0.02618	0.00232	0.00468
2	0.00721	0.00600	0.00716	0.00545	0.03047	0.00458	0.00419	0.00870	0.00710	0.03244	0.00648	0.02540	0.00548	0.00273	0.00259	0.00055	0.00255	0.00223	0.00208	0.83662
3	0.01101	0.00942	0.00863	0.03418	0.01822	0.21906	0.00580	0.29454	0.10972	0.09405	0.00910	0.04357	0.00731	0.05372	0.02759	0.00126	0.01689	0.00334	0.02790	0.00470
4	0.00861	0.00903	0.00849	0.00770	0.00852	0.26285	0.00604	0.07636	0.00774	0.00942	0.00853	0.17625	0.00889	0.01944	0.01709	0.00132	0.31226	0.04565	0.00213	0.00369
5	0.00608	0.00512	0.00586	0.01892	0.03976	0.06620	0.02674	0.02230	0.05417	0.03835	0.44068	0.02295	0.22671	0.00651	0.00384	0.00107	0.00234	0.00560	0.00327	0.00354
6	0.00492	0.00330	0.00380	0.00380	0.00383	0.00334	0.00218	0.00499	0.00496	0.00664	0.01058	0.02165	0.01209	0.83071	0.06717	0.00341	0.00362	0.00485	0.00204	0.00211
7	0.00737	0.00608	0.00708	0.00516	0.00808	0.00476	0.00412	0.02337	0.03979	0.03489	0.00673	0.01896	0.00556	0.00277	0.00261	0.00056	0.00254	0.00223	0.00216	0.81518
8	0.04807	0.01048	0.00872	0.00753	0.00960	0.28112	0.00588	0.19613	0.33411	0.04937	0.00946	0.00925	0.00710	0.00405	0.00325	0.00102	0.00400	0.00304	0.00287	0.00494
9	0.00557	0.00455	0.00670	0.17113	0.07862	0.00461	0.03120	0.00720	0.02490	0.03113	0.22394	0.17910	0.17211	0.00677	0.00389	0.00117	0.00268	0.03840	0.00284	0.00348
10	0.00533	0.00402	0.00480	0.00480	0.00571	0.00397	0.00357	0.04345	0.09595	0.02336	0.18865	0.27675	0.21174	0.02023	0.05822	0.00150	0.00251	0.03889	0.00322	0.00333
11	0.03931	0.00762	0.00861	0.00684	0.00927	0.00808	0.00558	0.39126	0.16402	0.26222	0.05344	0.01071	0.00860	0.00431	0.00340	0.00105	0.00315	0.00341	0.00361	0.00550
12	0.00720	0.00686	0.01152	0.50586	0.33734	0.00788	0.00967	0.00928	0.00704	0.00954	0.00607	0.00870	0.00483	0.00338	0.00379	0.00110	0.05099	0.00301	0.00157	0.00436
13	0.00535	0.00404	0.00563	0.00543	0.00590	0.00471	0.00410	0.02838	0.00574	0.00817	0.04205	0.02623	0.00969	0.17250	0.53100	0.04191	0.09036	0.00393	0.00195	0.00293
14	0.00766	0.00701	0.01134	0.72738	0.15533	0.00813	0.00991	0.00961	0.00754	0.00995	0.00701	0.01019	0.00554	0.00394	0.00378	0.00128	0.00474	0.00332	0.00186	0.00450
15	0.00872	0.77385	0.09984	0.00616	0.00920	0.01261	0.00641	0.01009	0.00687	0.00824	0.00497	0.00582	0.00446	0.00356	0.02665	0.00089	0.00391	0.00193	0.00146	0.00437
16	0.00650	0.00613	0.01035	0.82713	0.06818	0.00755	0.00946	0.00875	0.00682	0.00878	0.00604	0.00900	0.00456	0.00337	0.00338	0.00112	0.00449	0.00301	0.00151	0.00385
17	0.00805	0.00767	0.01297	0.10154	0.71126	0.00783	0.02158	0.01028	0.03059	0.01101	0.03982	0.00923	0.00645	0.00325	0.00339	0.00103	0.00396	0.00317	0.00179	0.00512
18	0.02032	0.00538	0.00613	0.02911	0.04220	0.06105	0.00446	0.06596	0.06084	0.13220	0.07579	0.34233	0.10723	0.00729	0.00384	0.00119	0.00267	0.02503	0.00316	0.00382
19	0.04124	0.01091	0.01009	0.00910	0.06607	0.36743	0.09817	0.12802	0.02266	0.07529	0.00815	0.08271	0.00708	0.00428	0.00336	0.00101	0.00464	0.02777	0.00235	0.02966
20	0.03496	0.00719	0.01166	0.20665	0.45481	0.02003	0.05008	0.01016	0.04017	0.03652	0.07623	0.01015	0.00759	0.00381	0.01489	0.00111	0.00399	0.00332	0.00197	0.00470
21	0.00937	0.00780	0.00779	0.00684	0.00880	0.10198	0.00540	0.08451	0.45514	0.08711	0.01185	0.01291	0.00931	0.00559	0.04496	0.00129	0.00349	0.06304	0.00311	0.06971

[dist]
# distance from previous block
# <min> <max>
0	4

[block]
# block no. 3 follows, 83 sequences, length 13
# corresponding to MSA columns:
# 523-535
name=unknown_D
#
# <colnr> <probs for GDERKNQSTAVLIFYWHMCP>
#	G	D	E	R	K	N	Q	S	T	A	V	L	I	F	Y	W	H	M	C	P
0	0.00559	0.00393	0.00513	0.00523	0.00578	0.00412	0.00383	0.05399	0.00688	0.04434	0.02834	0.39278	0.04239	0.12335	0.15167	0.00228	0.05281	0.06174	0.00275	0.00309
1	0.00838	0.00713	0.00744	0.00664	0.00846	0.03454	0.00516	0.06274	0.62428	0.03031	0.03166	0.06278	0.04449	0.00504	0.00361	0.00113	0.01689	0.00417	0.00331	0.03183
2	0.00479	0.00338	0.00398	0.00424	0.00462	0.00331	0.00281	0.00567	0.04103	0.00841	0.01654	0.31124	0.11729	0.33921	0.03632	0.00216	0.00270	0.03256	0.05711	0.00265
3	0.00528	0.00363	0.00434	0.00409	0.00512	0.00328	0.00309	0.00676	0.02514	0.06072	0.46667	0.04145	0.29247	0.00715	0.00387	0.00108	0.00174	0.00615	0.05469	0.00327
4	0.90488	0.00655	0.00498	0.00445	0.00655	0.00760	0.00367	0.00996	0.00576	0.01520	0.00472	0.00550	0.00367	0.00314	0.00210	0.00105	0.00262	0.00183	0.00210	0.00367
5	0.01092	0.01308	0.00936	0.03339	0.07357	0.61215	0.00660	0.03401	0.00885	0.00879	0.00595	0.00748	0.00507	0.00667	0.12752	0.00157	0.02679	0.00252	0.00178	0.00394
6	0.00941	0.77995	0.06573	0.00632	0.00934	0.01305	0.00633	0.05859	0.00760	0.00917	0.00526	0.00607	0.00469	0.00317	0.00243	0.00081	0.00380	0.00202	0.00165	0.00461
7	0.00644	0.00488	0.00539	0.00504	0.00621	0.03998	0.00385	0.00951	0.18404	0.06139	0.39760	0.06983	0.11004	0.00646	0.00377	0.00110	0.00216	0.03153	0.04702	0.00376
8	0.03153	0.01825	0.00567	0.00536	0.00607	0.09511	0.00388	0.06889	0.00671	0.00886	0.01038	0.17651	0.01096	0.20559	0.27362	0.05757	0.00512	0.00473	0.00221	0.00300
9	0.02121	0.00405	0.00549	0.16721	0.00871	0.00425	0.00450	0.04159	0.02379	0.00980	0.07811	0.48568	0.07879	0.02541	0.00427	0.00131	0.00255	0.02726	0.00286	0.00317
10	0.00885	0.67713	0.17062	0.00666	0.00988	0.06061	0.00706	0.01044	0.00709	0.00849	0.00499	0.00578	0.00434	0.00299	0.00241	0.00080	0.00401	0.00196	0.00146	0.00444
11	0.03284	0.00834	0.01121	0.00844	0.01120	0.06214	0.20279	0.27016	0.01057	0.16194	0.00835	0.02502	0.00616	0.00393	0.01612	0.00103	0.00402	0.00321	0.00275	0.14978
12	0.09000	0.00736	0.00853	0.00686	0.00913	0.03015	0.05361	0.27027	0.13869	0.20625	0.06612	0.04703	0.03015	0.00456	0.00340	0.00106	0.00318	0.00373	0.00331	0.01660

[dist]
# distance from previous block
# <min> <max>
0	4

[block]
# block no. 4 follows, 83 sequences, length 33
# corresponding to MSA columns:
# 659-674,688-700,710-713
name=unknown_E
#
# <colnr> <probs for GDERKNQSTAVLIFYWHMCP>
#	G	D	E	R	K	N	Q	S	T	A	V	L	I	F	Y	W	H	M	C	P
0	0.00636	0.00451	0.00513	0.00486	0.00590	0.02611	0.00359	0.05859	0.07337	0.08155	0.23951	0.20484	0.17231	0.08303	0.00507	0.00134	0.00229	0.01485	0.00329	0.00349
1	0.00695	0.00653	0.01102	0.51980	0.30518	0.00746	0.00936	0.00905	0.00699	0.00941	0.00637	0.00913	0.00510	0.00490	0.06775	0.00141	0.00469	0.00306	0.00159	0.00425
2	0.03710	0.00828	0.01008	0.00866	0.07342	0.01733	0.07319	0.45205	0.11859	0.08029	0.03369	0.03637	0.02657	0.00431	0.00346	0.00106	0.00355	0.00358	0.00314	0.00528
3	0.05600	0.07517	0.01402	0.01020	0.01289	0.14151	0.32307	0.16213	0.09519	0.04472	0.00786	0.00899	0.00602	0.00375	0.00375	0.00112	0.02292	0.00334	0.00242	0.00494
4	0.01075	0.00616	0.00730	0.00604	0.00809	0.00611	0.00492	0.25728	0.03779	0.30627	0.04377	0.05471	0.15291	0.00572	0.00367	0.00112	0.00287	0.07611	0.00360	0.00482
5	0.00758	0.00723	0.01230	0.36525	0.52164	0.00784	0.01000	0.00969	0.00733	0.01009	0.00623	0.00865	0.00502	0.00317	0.00337	0.00106	0.00422	0.00302	0.00161	0.00472
6	0.02289	0.00917	0.00942	0.02675	0.01029	0.06082	0.00617	0.56049	0.19636	0.02809	0.00911	0.00899	0.00663	0.00409	0.00334	0.00103	0.00361	0.00313	0.00322	0.02640
7	0.00754	0.00603	0.00707	0.00510	0.00804	0.00464	0.00409	0.02849	0.00739	0.05714	0.00707	0.00784	0.02357	0.00277	0.00261	0.00056	0.00254	0.00222	0.00218	0.81311
8	0.00490	0.00340	0.00428	0.00428	0.00448	0.00360	0.00278	0.00530	0.00510	0.00700	0.01014	0.01919	0.01102	0.59383	0.30259	0.00401	0.00523	0.00449	0.00197	0.00238
9	0.00894	0.79043	0.04370	0.00600	0.00889	0.01286	0.00598	0.01075	0.06997	0.00852	0.00543	0.00602	0.00479	0.00303	0.00230	0.00077	0.00360	0.00198	0.00160	0.00444
10	0.81513	0.07209	0.00605	0.00466	0.00681	0.03021	0.00390	0.01006	0.00595	0.01448	0.00473	0.00551	0.00374	0.00314	0.00213	0.00102	0.00279	0.00184	0.00204	0.00373
11	0.00969	0.00756	0.00920	0.00696	0.00970	0.03246	0.08043	0.25499	0.05509	0.08868	0.00818	0.02798	0.00638	0.00355	0.00311	0.00084	0.00330	0.01370	0.00268	0.37553
12	0.00472	0.00335	0.00432	0.00480	0.00520	0.00325	0.00350	0.00551	0.00668	0.00882	0.06178	0.33395	0.06748	0.21935	0.02710	0.00195	0.00272	0.22993	0.00288	0.00272
13	0.00468	0.00371	0.00411	0.00408	0.00508	0.00321	0.00300	0.00563	0.00845	0.01084	0.28054	0.09693	0.54022	0.00848	0.00420	0.00121	0.00185	0.00715	0.00345	0.00317
14	0.00986	0.00820	0.00802	0.00700	0.00900	0.10566	0.00548	0.09543	0.56363	0.09785	0.04392	0.01184	0.00985	0.00447	0.00341	0.00109	0.00315	0.00361	0.00333	0.00520
15	0.01265	0.01614	0.00960	0.00873	0.01047	0.86735	0.00655	0.01353	0.00960	0.00829	0.00524	0.00611	0.00436	0.00349	0.00305	0.00087	0.00611	0.00218	0.00175	0.00393
16	0.00588	0.00294	0.00441	0.00441	0.00441	0.00294	0.00294	0.00441	0.00441	0.00588	0.00588	0.01030	0.00588	0.01177	0.01324	0.90144	0.00294	0.00294	0.00147	0.00147
17	0.00881	0.55974	0.22785	0.00707	0.01035	0.09126	0.00753	0.01084	0.03287	0.00888	0.00538	0.00614	0.00452	0.00308	0.00255	0.00084	0.00417	0.00208	0.00153	0.00450
18	0.00673	0.00496	0.00629	0.00586	0.00684	0.04314	0.01497	0.07644	0.01643	0.07228	0.06890	0.05820	0.01087	0.05575	0.48236	0.00362	0.02519	0.03530	0.00238	0.00351
19	0.00618	0.00442	0.00525	0.00488	0.00608	0.00437	0.00375	0.00926	0.18403	0.07482	0.43262	0.04735	0.16196	0.00670	0.00387	0.00112	0.00200	0.03401	0.00357	0.00376
20	0.00692	0.06556	0.81646	0.00944	0.01433	0.00817	0.01214	0.01070	0.00714	0.01057	0.00600	0.00706	0.00429	0.00320	0.00316	0.00105	0.00493	0.00246	0.00143	0.00497
21	0.00797	0.19394	0.16371	0.00789	0.07811	0.03387	0.02582	0.08838	0.07558	0.03468	0.02028	0.01120	0.07006	0.04808	0.10661	0.01249	0.00438	0.00326	0.00932	0.00436
22	0.00441	0.00352	0.00400	0.00418	0.00515	0.00314	0.00324	0.00556	0.02031	0.00976	0.10595	0.11932	0.53618	0.00871	0.00415	0.00123	0.00199	0.15302	0.00320	0.00296
23	0.00442	0.00313	0.00416	0.00485	0.00513	0.00298	0.00341	0.00512	0.00662	0.00880	0.03553	0.65721	0.02128	0.08619	0.00550	0.00156	0.00225	0.13606	0.00306	0.00276
24	0.02785	0.65344	0.10734	0.00694	0.01008	0.01196	0.07689	0.02792	0.00726	0.03575	0.00538	0.00618	0.00455	0.00300	0.00250	0.00082	0.00390	0.00214	0.00161	0.00450
25	0.00484	0.00362	0.00539	0.00539	0.00598	0.00421	0.00417	0.00602	0.00543	0.00783	0.00912	0.01357	0.00858	0.05073	0.84236	0.00538	0.00890	0.00367	0.00182	0.00300
26	0.06783	0.00767	0.00805	0.00675	0.00892	0.00857	0.00540	0.32160	0.39534	0.04032	0.01285	0.01219	0.08019	0.00463	0.00338	0.00109	0.00299	0.00368	0.00333	0.00520
27	0.00479	0.00323	0.00373	0.00387	0.00390	0.00319	0.00224	0.00489	0.00519	0.00692	0.01203	0.16769	0.01403	0.73308	0.01505	0.00296	0.00306	0.00573	0.00224	0.00217
28	0.00883	0.01867	0.20740	0.01698	0.02701	0.10267	0.00773	0.15370	0.00855	0.05721	0.03151	0.09409	0.00740	0.00500	0.00547	0.00117	0.23643	0.00355	0.00220	0.00443
29	0.00791	0.00813	0.01069	0.01019	0.10265	0.07396	0.00768	0.00880	0.00579	0.00848	0.00472	0.00742	0.00454	0.00543	0.00966	0.00138	0.71422	0.00291	0.00152	0.00390
30	0.00421	0.00301	0.00386	0.00452	0.00484	0.00279	0.00306	0.00489	0.00669	0.00894	0.03485	0.74512	0.10561	0.01008	0.00421	0.00132	0.00192	0.00907	0.03823	0.00279
31	0.65514	0.03551	0.00647	0.03151	0.00786	0.03531	0.00443	0.10337	0.07024	0.01515	0.00583	0.00645	0.00447	0.00336	0.00241	0.00104	0.00295	0.00216	0.00229	0.00406
32	0.00559	0.00392	0.00495	0.00456	0.00555	0.00374	0.00346	0.01780	0.07250	0.05037	0.72707	0.02375	0.05033	0.00664	0.00392	0.00107	0.00176	0.00583	0.00371	0.00349

[dist]
# distance from previous block
# <min> <max>
5	11

[block]
# block no. 5 follows, 83 sequences, length 26
# corresponding to MSA columns:
# 787-796,860-864,869-879
name=unknown_F
#
# <colnr> <probs for GDERKNQSTAVLIFYWHMCP>
#	G	D	E	R	K	N	Q	S	T	A	V	L	I	F	Y	W	H	M	C	P
0	0.00725	0.00612	0.00719	0.00526	0.00810	0.00490	0.00421	0.00908	0.04421	0.02665	0.00644	0.00737	0.00529	0.00275	0.00287	0.00057	0.03332	0.00215	0.00209	0.81418
1	0.00419	0.00336	0.00374	0.00385	0.00476	0.00292	0.00283	0.00514	0.00783	0.00985	0.17530	0.18293	0.55113	0.00867	0.00407	0.00118	0.00176	0.02036	0.00325	0.00290
2	0.00425	0.00333	0.00385	0.00395	0.00479	0.00293	0.00288	0.00526	0.00798	0.01029	0.26368	0.21768	0.43993	0.00856	0.00407	0.00117	0.00174	0.00741	0.00331	0.00293
3	0.00480	0.00351	0.00462	0.00525	0.00588	0.00336	0.00418	0.00592	0.00736	0.00955	0.04459	0.30036	0.14059	0.02860	0.00473	0.00147	0.00252	0.41663	0.00313	0.00295
4	0.01010	0.01008	0.00847	0.00752	0.00946	0.25837	0.00581	0.09987	0.52438	0.01318	0.01073	0.01029	0.00814	0.00422	0.00333	0.00106	0.00378	0.00327	0.00295	0.00498
5	0.00679	0.01752	0.86340	0.00966	0.01466	0.00787	0.01252	0.01073	0.00715	0.01073	0.00608	0.00715	0.00429	0.00322	0.00322	0.00107	0.00501	0.00250	0.00143	0.00501
6	0.00748	0.00628	0.00931	0.18221	0.22621	0.00611	0.02552	0.03199	0.02254	0.05780	0.05012	0.06356	0.04578	0.00397	0.00327	0.00093	0.00331	0.00354	0.00220	0.24787
7	0.00504	0.00349	0.00457	0.00491	0.00560	0.00319	0.00361	0.00599	0.00724	0.04414	0.10346	0.51990	0.06784	0.00913	0.00417	0.00129	0.00217	0.13858	0.00317	0.06252
8	0.17232	0.00614	0.00733	0.00586	0.00828	0.00596	0.00480	0.04465	0.09682	0.57477	0.03073	0.01076	0.00819	0.00411	0.00319	0.00106	0.00282	0.00322	0.00370	0.00529
9	0.01011	0.00605	0.00671	0.00570	0.00755	0.02242	0.00452	0.10705	0.26342	0.23942	0.03960	0.01213	0.00945	0.00431	0.00315	0.00100	0.00258	0.00349	0.24652	0.00482
10	0.00612	0.00504	0.00584	0.00488	0.00680	0.00432	0.00375	0.02615	0.08433	0.01122	0.11931	0.15228	0.13073	0.00542	0.00330	0.00087	0.00224	0.00464	0.00272	0.42003
11	0.00722	0.00665	0.01140	0.00903	0.01077	0.03504	0.33169	0.04946	0.00754	0.04769	0.02385	0.20223	0.01061	0.09334	0.06125	0.00169	0.06585	0.01857	0.00230	0.00381
12	0.03102	0.00833	0.00985	0.00782	0.01013	0.06780	0.09852	0.41526	0.04029	0.11670	0.02799	0.06760	0.00814	0.00564	0.04872	0.00130	0.00405	0.02281	0.00306	0.00498
13	0.00778	0.00873	0.01873	0.01352	0.01664	0.00833	0.76774	0.01044	0.00773	0.01055	0.00695	0.00953	0.00541	0.02298	0.03949	0.00137	0.03396	0.00397	0.00172	0.00442
14	0.00643	0.00606	0.01017	0.84586	0.02288	0.00762	0.00935	0.00864	0.00672	0.00864	0.00597	0.00898	0.00451	0.00347	0.00363	0.00114	0.03166	0.00301	0.00150	0.00376
15	0.01027	0.01776	0.02947	0.09256	0.30185	0.04522	0.02258	0.17806	0.09632	0.14686	0.02012	0.00941	0.00663	0.00368	0.00337	0.00104	0.00380	0.00317	0.00260	0.00523
16	0.17322	0.01203	0.00934	0.00804	0.01001	0.45789	0.06763	0.09921	0.06206	0.01143	0.00621	0.00711	0.00495	0.00430	0.03203	0.00112	0.02465	0.00251	0.00208	0.00417
17	0.00547	0.00338	0.00479	0.00522	0.00559	0.00336	0.00404	0.00562	0.00615	0.00808	0.01276	0.11384	0.01392	0.04938	0.00870	0.36934	0.00293	0.37267	0.00240	0.00236
18	0.00557	0.00452	0.00726	0.00656	0.00759	0.00497	0.10145	0.03326	0.02534	0.00896	0.00951	0.02801	0.00881	0.02035	0.65356	0.00439	0.00787	0.04420	0.01446	0.00334
19	0.00740	0.01307	0.42240	0.01183	0.01586	0.00831	0.41179	0.01067	0.00747	0.01067	0.00638	0.00811	0.00470	0.00316	0.00394	0.00112	0.04355	0.00324	0.00157	0.00474
20	0.00434	0.00326	0.00405	0.00455	0.00503	0.00305	0.00314	0.00544	0.04340	0.00933	0.08190	0.63197	0.16857	0.00973	0.00421	0.00130	0.00193	0.00869	0.00320	0.00291
21	0.00420	0.00302	0.00400	0.00473	0.00500	0.00282	0.00323	0.00486	0.00665	0.00884	0.03666	0.79378	0.05036	0.01041	0.00432	0.00137	0.00200	0.04781	0.00316	0.00278
22	0.00492	0.00332	0.00389	0.00389	0.00395	0.00339	0.00229	0.00505	0.00498	0.00671	0.01050	0.02120	0.01189	0.78713	0.11049	0.00352	0.00392	0.00478	0.00203	0.00216
23	0.00743	0.07180	0.80464	0.00972	0.01461	0.00848	0.01226	0.01104	0.00746	0.01103	0.00649	0.00772	0.00477	0.00352	0.00337	0.00114	0.00508	0.00263	0.00160	0.00521
24	0.05446	0.00634	0.00733	0.00607	0.00811	0.03311	0.03274	0.07954	0.20992	0.30972	0.02616	0.01231	0.04595	0.00458	0.01229	0.00108	0.00288	0.00356	0.13898	0.00488
25	0.00486	0.00357	0.00512	0.00512	0.00561	0.00406	0.00383	0.00584	0.00535	0.00762	0.00937	0.01495	0.00918	0.18371	0.71020	0.00504	0.00800	0.00387	0.00186	0.00284

[dist]
# distance from previous block
# <min> <max>
0	1

[block]
# block no. 6 follows, 83 sequences, length 10
# corresponding to MSA columns:
# 881-890
name=unknown_G
#
# <colnr> <probs for GDERKNQSTAVLIFYWHMCP>
#	G	D	E	R	K	N	Q	S	T	A	V	L	I	F	Y	W	H	M	C	P
0	0.00714	0.00588	0.09234	0.00545	0.00712	0.00476	0.00472	0.08794	0.04596	0.12004	0.45694	0.06391	0.07172	0.00613	0.00378	0.00108	0.00238	0.00527	0.00345	0.00399
1	0.00698	0.00596	0.00782	0.02941	0.03047	0.00502	0.06024	0.05307	0.00808	0.01201	0.17278	0.01089	0.01033	0.00351	0.00299	0.00071	0.00270	0.00305	0.00238	0.57161
2	0.06151	0.00911	0.03904	0.01375	0.40608	0.12434	0.05103	0.07066	0.02191	0.05044	0.00672	0.00807	0.00536	0.00369	0.02257	0.00105	0.00421	0.00281	0.00201	0.09562
3	0.00635	0.00547	0.08680	0.00665	0.09271	0.00432	0.00496	0.00819	0.02170	0.09246	0.46987	0.10837	0.03708	0.00620	0.00377	0.00108	0.00234	0.00546	0.03241	0.00381
4	0.00994	0.00630	0.00731	0.00609	0.00802	0.00657	0.00486	0.20433	0.22102	0.20702	0.23841	0.01475	0.01459	0.00499	0.00354	0.00106	0.00264	0.00415	0.02951	0.00490
5	0.00580	0.00432	0.00494	0.00485	0.00551	0.00454	0.00340	0.03705	0.17199	0.00951	0.04253	0.11285	0.05588	0.41270	0.03275	0.00230	0.00304	0.08025	0.00269	0.00310
6	0.68302	0.00587	0.00488	0.00439	0.00610	0.00662	0.00342	0.00931	0.00580	0.05721	0.00633	0.00907	0.00560	0.17482	0.00513	0.00149	0.00276	0.00252	0.00220	0.00346
7	0.18086	0.00411	0.00421	0.00402	0.00526	0.00395	0.00307	0.00677	0.00775	0.04782	0.21694	0.08333	0.38456	0.00698	0.00359	0.00111	0.00193	0.00579	0.02473	0.00322
8	0.00782	0.61506	0.10872	0.00576	0.00855	0.01073	0.00591	0.00918	0.00708	0.00851	0.01065	0.01094	0.17133	0.00404	0.00265	0.00085	0.00340	0.00293	0.00178	0.00413
9	0.13111	0.18692	0.01049	0.00664	0.00916	0.05556	0.00564	0.41300	0.01147	0.08977	0.00740	0.00761	0.00547	0.00368	0.00291	0.00095	0.00352	0.00262	0.04107	0.00498

[dist]
# distance from previous block
# <min> <max>
0	1

[block]
# block no. 7 follows, 83 sequences, length 6
# corresponding to MSA columns:
# 915-920
name=unknown_H
#
# <colnr> <probs for GDERKNQSTAVLIFYWHMCP>
#	G	D	E	R	K	N	Q	S	T	A	V	L	I	F	Y	W	H	M	C	P
0	0.00457	0.00347	0.00511	0.00543	0.00593	0.00327	0.05308	0.00549	0.00699	0.00936	0.08603	0.65633	0.02181	0.00971	0.00432	0.00136	0.00230	0.10941	0.00310	0.00294
1	0.00484	0.00331	0.00402	0.00410	0.00422	0.00340	0.00254	0.00510	0.00516	0.00699	0.01115	0.10139	0.01259	0.64822	0.16575	0.00348	0.00418	0.00514	0.00211	0.00229
2	0.14969	0.00763	0.00850	0.00662	0.00920	0.00797	0.00546	0.40544	0.01202	0.33905	0.00959	0.00902	0.00644	0.00397	0.00320	0.00103	0.00324	0.00300	0.00350	0.00544
3	0.00490	0.00339	0.00423	0.00423	0.00442	0.00358	0.00272	0.00527	0.00508	0.00697	0.01018	0.01945	0.01114	0.61876	0.27782	0.00395	0.00506	0.00453	0.00198	0.00235
4	0.00561	0.00423	0.00618	0.05179	0.00717	0.00504	0.00469	0.00672	0.00560	0.04013	0.00870	0.01317	0.00816	0.10052	0.61380	0.00440	0.10543	0.00363	0.00187	0.00315
5	0.14582	0.00821	0.04274	0.00772	0.03760	0.14147	0.09231	0.01263	0.00814	0.33103	0.00885	0.00932	0.00634	0.00611	0.09887	0.00153	0.03096	0.00300	0.00270	0.00463

[dist]
# distance from previous block
# <min> <max>
3	180

[block]
# block no. 8 follows, 83 sequences, length 21
# corresponding to MSA columns:
# 1231-1251
name=unknown_I
#
# <colnr> <probs for GDERKNQSTAVLIFYWHMCP>
#	G	D	E	R	K	N	Q	S	T	A	V	L	I	F	Y	W	H	M	C	P
0	0.00994	0.06901	0.35956	0.13034	0.01332	0.03755	0.00885	0.04038	0.00826	0.27791	0.00831	0.00868	0.00566	0.00357	0.00323	0.00104	0.00417	0.00282	0.00239	0.00501
1	0.61067	0.02738	0.07795	0.00512	0.00732	0.07528	0.00454	0.00959	0.00649	0.01326	0.00906	0.00952	0.12478	0.00394	0.00254	0.00104	0.00299	0.00267	0.00215	0.00370
2	0.00476	0.00322	0.00374	0.00390	0.00394	0.00318	0.00227	0.00488	0.00524	0.00699	0.01230	0.19652	0.01437	0.70379	0.01461	0.00290	0.00302	0.00588	0.00227	0.00219
3	0.00855	0.56328	0.19786	0.00795	0.06313	0.01148	0.03959	0.02791	0.03535	0.00934	0.00556	0.00642	0.00466	0.00305	0.00261	0.00085	0.00399	0.00221	0.00158	0.00462
4	0.06170	0.55940	0.01461	0.00639	0.00914	0.05300	0.00588	0.23290	0.00935	0.01195	0.00564	0.00619	0.00468	0.00325	0.00253	0.00083	0.00371	0.00216	0.00202	0.00466
5	0.00610	0.02776	0.57707	0.00806	0.01160	0.00645	0.00956	0.00905	0.00719	0.01038	0.05935	0.16452	0.02473	0.00545	0.01574	0.00121	0.00415	0.04533	0.00199	0.00433
6	0.14664	0.07027	0.08391	0.17281	0.04339	0.10522	0.08815	0.09352	0.00849	0.14598	0.00711	0.00804	0.00516	0.00344	0.00311	0.00103	0.00415	0.00277	0.00225	0.00456
7	0.03262	0.57168	0.12775	0.00599	0.00872	0.01062	0.00606	0.00982	0.00676	0.05477	0.00621	0.00837	0.00567	0.12730	0.00451	0.00116	0.00369	0.00243	0.00170	0.00417
8	0.00522	0.00389	0.00525	0.00649	0.12533	0.00384	0.00366	0.00572	0.00585	0.00790	0.01250	0.25192	0.01433	0.48866	0.01131	0.00238	0.00303	0.03763	0.00233	0.00275
9	0.00905	0.17001	0.08334	0.02407	0.27321	0.20439	0.01792	0.02660	0.02752	0.00974	0.00693	0.05509	0.01749	0.00385	0.00360	0.00099	0.05688	0.00301	0.00179	0.00452
10	0.00796	0.01969	0.01238	0.07093	0.56728	0.03387	0.06089	0.02673	0.01965	0.01138	0.12700	0.01081	0.00909	0.00364	0.00346	0.00102	0.00385	0.00349	0.00202	0.00486
11	0.00615	0.00541	0.00724	0.00807	0.12746	0.05882	0.00546	0.00788	0.05229	0.00870	0.00849	0.01184	0.00768	0.01880	0.60320	0.00411	0.04955	0.00343	0.00186	0.00357
12	0.00560	0.00427	0.00494	0.00486	0.00593	0.00413	0.00377	0.12476	0.00882	0.01139	0.11518	0.20155	0.33754	0.00853	0.01626	0.00129	0.00235	0.13230	0.00322	0.00333
13	0.02815	0.02329	0.02020	0.03132	0.09577	0.04256	0.00602	0.10042	0.10739	0.18200	0.03336	0.03120	0.00983	0.01925	0.08532	0.00159	0.05349	0.12144	0.00286	0.00454
14	0.12402	0.03673	0.00996	0.00819	0.01034	0.46831	0.05825	0.19725	0.03523	0.01236	0.00615	0.00684	0.00481	0.00355	0.00305	0.00095	0.00495	0.00248	0.00219	0.00439
15	0.00476	0.00369	0.00535	0.00697	0.12592	0.00352	0.00417	0.00559	0.00679	0.00919	0.05156	0.72033	0.02039	0.00939	0.00417	0.00131	0.00224	0.00855	0.00296	0.00314
16	0.00714	0.06412	0.63558	0.01105	0.13379	0.00810	0.04602	0.01053	0.00732	0.01071	0.03105	0.00784	0.00529	0.00327	0.00323	0.00105	0.00472	0.00271	0.00155	0.00495
17	0.00736	0.00723	0.01144	0.26025	0.41538	0.04469	0.05650	0.00928	0.00754	0.00997	0.01021	0.01194	0.12581	0.00392	0.00348	0.00106	0.00402	0.00362	0.00184	0.00445
18	0.01211	0.00777	0.00893	0.00699	0.00940	0.00822	0.01763	0.49138	0.06995	0.21299	0.08581	0.01114	0.00918	0.02781	0.00383	0.00110	0.00329	0.00352	0.00355	0.00539
19	0.00449	0.00516	0.12546	0.00504	0.00620	0.00352	0.00431	0.00566	0.00702	0.00923	0.04516	0.48936	0.25904	0.00888	0.00407	0.00126	0.00231	0.00781	0.00292	0.00311
20	0.00781	0.00752	0.03707	0.03769	0.67903	0.00723	0.00931	0.00967	0.00754	0.02626	0.00822	0.13161	0.00778	0.00413	0.00349	0.00106	0.00375	0.00395	0.00192	0.00496

[dist]
# distance from previous block
# <min> <max>
14	27

[block]
# block no. 9 follows, 83 sequences, length 102
# corresponding to MSA columns:
# 1308-1409
name=unknown_J
#
# <colnr> <probs for GDERKNQSTAVLIFYWHMCP>
#	G	D	E	R	K	N	Q	S	T	A	V	L	I	F	Y	W	H	M	C	P
0	0.01029	0.09648	0.04510	0.01209	0.31603	0.03103	0.03211	0.13050	0.08115	0.16996	0.01779	0.00975	0.00682	0.00370	0.00330	0.00101	0.00371	0.02137	0.00256	0.00524
1	0.00540	0.00350	0.00420	0.00414	0.00429	0.00360	0.00256	0.00579	0.06661	0.00700	0.00974	0.01848	0.01058	0.59274	0.03727	0.21224	0.00331	0.00435	0.00201	0.00218
2	0.00846	0.23680	0.10933	0.00624	0.00937	0.04096	0.00586	0.11255	0.00819	0.01136	0.00592	0.00673	0.00482	0.00292	0.00263	0.00070	0.00338	0.00215	0.00195	0.41968
3	0.00412	0.00296	0.00392	0.00468	0.00490	0.00275	0.00313	0.00472	0.00652	0.00866	0.01913	0.85381	0.04704	0.01055	0.00431	0.00137	0.00196	0.00956	0.00314	0.00275
4	0.00547	0.00350	0.00452	0.00450	0.00530	0.00318	0.00328	0.00662	0.00833	0.09216	0.40170	0.31839	0.11391	0.00811	0.00405	0.00118	0.00186	0.00718	0.00351	0.00325
5	0.00900	0.66551	0.16396	0.00663	0.00983	0.05820	0.00698	0.01058	0.00714	0.02843	0.00518	0.00591	0.00443	0.00302	0.00243	0.00080	0.00398	0.00199	0.00153	0.00447
6	0.00469	0.00391	0.00461	0.01819	0.05575	0.00355	0.00342	0.00618	0.04171	0.01066	0.25515	0.02803	0.53679	0.00756	0.00393	0.00111	0.00190	0.00643	0.00320	0.00321
7	0.00780	0.02461	0.00763	0.00534	0.00832	0.00484	0.02385	0.00931	0.00728	0.08501	0.00665	0.00743	0.00530	0.00267	0.00261	0.00057	0.00264	0.00217	0.00218	0.78379
8	0.00928	0.83152	0.01729	0.00594	0.00880	0.03848	0.00584	0.03513	0.00723	0.00838	0.00483	0.00553	0.00439	0.00295	0.00224	0.00074	0.00370	0.00186	0.00152	0.00438
9	0.00900	0.30043	0.41261	0.00783	0.01168	0.00968	0.00893	0.09747	0.00822	0.09497	0.00656	0.00712	0.00487	0.00330	0.00291	0.00095	0.00421	0.00242	0.00191	0.00494
10	0.00804	0.14425	0.26164	0.01154	0.03482	0.04095	0.42050	0.01923	0.00772	0.01039	0.00625	0.00786	0.00476	0.00301	0.00344	0.00104	0.00515	0.00314	0.00161	0.00467
11	0.00413	0.00295	0.00393	0.00472	0.00491	0.00275	0.00314	0.00472	0.00649	0.00865	0.01867	0.87874	0.02240	0.01061	0.00432	0.00138	0.00197	0.00963	0.00314	0.00275
12	0.01053	0.17018	0.01046	0.00744	0.00957	0.31079	0.00598	0.10984	0.30773	0.01180	0.00849	0.00852	0.00663	0.00384	0.00307	0.00096	0.00417	0.00280	0.00248	0.00472
13	0.00787	0.20100	0.44799	0.00802	0.01202	0.00846	0.04123	0.02950	0.00742	0.04789	0.00617	0.00705	0.00467	0.00308	0.00292	0.00090	0.00419	0.00238	0.00171	0.15552
14	0.00759	0.29949	0.54554	0.00822	0.01236	0.00960	0.00994	0.02877	0.00724	0.01000	0.00601	0.03000	0.00483	0.00333	0.00291	0.00097	0.00444	0.00248	0.00153	0.00475
15	0.00770	0.01008	0.13536	0.01303	0.01648	0.02220	0.67291	0.01055	0.00782	0.01067	0.00736	0.05578	0.00594	0.00333	0.00389	0.00114	0.00542	0.00407	0.00175	0.00452
16	0.00456	0.00395	0.00507	0.01756	0.06399	0.00353	0.03901	0.00558	0.00753	0.00934	0.03933	0.17553	0.58082	0.00823	0.00402	0.00118	0.00215	0.02254	0.00297	0.00311
17	0.00815	0.00783	0.01342	0.11971	0.75151	0.00799	0.02132	0.01020	0.00761	0.01078	0.00634	0.00847	0.00526	0.00306	0.00337	0.00102	0.00410	0.00303	0.00166	0.00517
18	0.00705	0.01674	0.79162	0.00987	0.01473	0.00785	0.06551	0.01086	0.00726	0.02873	0.00628	0.00737	0.00443	0.00322	0.00327	0.00108	0.00501	0.00262	0.00151	0.00499
19	0.00838	0.00805	0.01375	0.02079	0.85982	0.00805	0.01040	0.01040	0.00771	0.01107	0.00637	0.00838	0.00537	0.00302	0.00335	0.00101	0.00402	0.00302	0.00168	0.00537
20	0.00670	0.00633	0.01071	0.74319	0.15059	0.00761	0.00956	0.00892	0.00692	0.00902	0.00607	0.00893	0.00465	0.00333	0.00338	0.00111	0.00444	0.00301	0.00153	0.00401
21	0.00842	0.00738	0.01217	0.11265	0.59415	0.00770	0.00928	0.01039	0.01809	0.07272	0.04736	0.00948	0.00675	0.00355	0.00394	0.00106	0.06475	0.00320	0.00195	0.00500
22	0.00777	0.00877	0.01904	0.01371	0.01695	0.00822	0.79757	0.01049	0.00791	0.01072	0.00755	0.06057	0.00616	0.00331	0.00402	0.00116	0.00549	0.00433	0.00180	0.00446
23	0.00735	0.00699	0.01187	0.46615	0.42257	0.00778	0.00988	0.00949	0.00722	0.00981	0.00619	0.00872	0.00492	0.00321	0.00337	0.00107	0.00428	0.00301	0.00159	0.00453
24	0.00423	0.00300	0.00389	0.00456	0.00475	0.00282	0.00299	0.00475	0.00630	0.00839	0.01787	0.75485	0.03386	0.12334	0.00599	0.00162	0.00213	0.00898	0.00300	0.00266
25	0.00492	0.00394	0.00585	0.00596	0.00656	0.00396	0.06538	0.00591	0.00686	0.00913	0.01759	0.52304	0.06872	0.00933	0.00483	0.00139	0.06332	0.18737	0.00292	0.00304
26	0.00815	0.00778	0.01324	0.04299	0.80172	0.00781	0.01007	0.01011	0.00764	0.01090	0.00688	0.04470	0.00605	0.00334	0.00339	0.00102	0.00395	0.00329	0.00173	0.00521
27	0.06282	0.00644	0.00810	0.00624	0.00885	0.00606	0.00516	0.15779	0.01054	0.67332	0.01201	0.01063	0.00768	0.00411	0.00333	0.00104	0.00301	0.00326	0.00394	0.00565
28	0.10506	0.01383	0.00923	0.00813	0.01004	0.61390	0.00625	0.15403	0.01017	0.01121	0.00565	0.00642	0.00453	0.00361	0.00320	0.00093	0.02526	0.00231	0.00205	0.00420
29	0.00567	0.00435	0.00686	0.00616	0.00705	0.00452	0.10690	0.01524	0.00618	0.03144	0.01837	0.05755	0.04523	0.18071	0.36241	0.05039	0.01757	0.06820	0.00214	0.00305
30	0.00834	0.58218	0.27585	0.00760	0.04601	0.01149	0.00804	0.01033	0.00700	0.00894	0.00520	0.00608	0.00437	0.00300	0.00254	0.00084	0.00406	0.00207	0.00145	0.00459
31	0.01513	0.00588	0.00793	0.00608	0.00870	0.00514	0.00502	0.04120	0.00988	0.83721	0.01321	0.01143	0.00831	0.00419	0.00341	0.00105	0.00291	0.00340	0.00417	0.00576
32	0.00651	0.00614	0.01037	0.82241	0.07281	0.00756	0.00947	0.00876	0.00683	0.00880	0.00604	0.00899	0.00457	0.00336	0.00338	0.00112	0.00449	0.00301	0.00152	0.00386
33	0.00683	0.00853	0.16341	0.04489	0.08017	0.01960	0.27734	0.00911	0.00767	0.02943	0.03425	0.09505	0.10039	0.00517	0.00392	0.00118	0.01126	0.09545	0.00220	0.00414
34	0.00699	0.00659	0.01114	0.54274	0.31107	0.00751	0.00949	0.00909	0.00709	0.00949	0.00667	0.04508	0.00555	0.00356	0.00341	0.00110	0.00424	0.00329	0.00163	0.00427
35	0.01356	0.00723	0.00778	0.00634	0.00861	0.14076	0.00509	0.02534	0.02465	0.61422	0.01281	0.03331	0.03185	0.02305	0.00372	0.00110	0.00336	0.02840	0.00365	0.00516
36	0.00811	0.00789	0.01311	0.13516	0.68499	0.02610	0.02921	0.01012	0.00760	0.01061	0.00674	0.00882	0.01916	0.00320	0.00347	0.00103	0.01486	0.00309	0.00168	0.00504
37	0.00697	0.01408	0.59715	0.02137	0.09264	0.00737	0.08245	0.01023	0.00729	0.02928	0.01663	0.08519	0.00646	0.00389	0.00341	0.00110	0.00462	0.00338	0.00172	0.00478
38	0.00675	0.01489	0.69949	0.00868	0.01294	0.00699	0.01077	0.01009	0.00725	0.04655	0.00933	0.07900	0.06420	0.00422	0.00337	0.00110	0.00445	0.00343	0.00180	0.00471
39	0.00838	0.00807	0.01388	0.02066	0.84274	0.00806	0.02737	0.01041	0.00772	0.01106	0.00638	0.00840	0.00536	0.00301	0.00337	0.00101	0.00406	0.00304	0.00168	0.00535
40	0.00651	0.02134	0.37675	0.15115	0.12303	0.00673	0.02722	0.00909	0.00710	0.01972	0.00922	0.17640	0.01581	0.00488	0.00353	0.00114	0.00410	0.03005	0.00191	0.00433
41	0.00759	0.02050	0.17748	0.20761	0.17437	0.00750	0.20124	0.02045	0.00760	0.05385	0.01803	0.06233	0.01850	0.00376	0.00355	0.00110	0.00446	0.00365	0.00188	0.00454
42	0.00838	0.01026	0.34783	0.05763	0.02991	0.00623	0.07896	0.01087	0.00794	0.20912	0.06843	0.09094	0.03547	0.00462	0.00354	0.00111	0.00388	0.01772	0.00250	0.00465
43	0.00866	0.00942	0.21994	0.03585	0.24687	0.00682	0.12221	0.01097	0.00791	0.17376	0.01042	0.05162	0.07197	0.00407	0.00351	0.00108	0.00401	0.00373	0.00228	0.00489
44	0.00766	0.01064	0.30039	0.05789	0.28139	0.00731	0.12140	0.01027	0.00754	0.05992	0.01889	0.08659	0.00698	0.00388	0.00349	0.00109	0.00432	0.00363	0.00189	0.00482
45	0.00762	0.01099	0.40103	0.13136	0.04959	0.00669	0.00903	0.03305	0.03496	0.11713	0.00989	0.13293	0.03183	0.00463	0.00346	0.00112	0.00399	0.00391	0.00221	0.00459
46	0.00840	0.01834	0.23054	0.09804	0.14568	0.00640	0.05216	0.01058	0.00780	0.19204	0.04333	0.11380	0.03929	0.00463	0.00360	0.00111	0.01313	0.00406	0.00244	0.00464
47	0.00758	0.03264	0.53815	0.00895	0.03887	0.00698	0.05283	0.02199	0.00754	0.10611	0.00919	0.11880	0.02673	0.00437	0.00342	0.00110	0.00426	0.00370	0.00205	0.00474
48	0.00711	0.03605	0.52871	0.03165	0.07802	0.00768	0.15495	0.01029	0.00736	0.02582	0.00781	0.04990	0.03202	0.00367	0.00342	0.00109	0.00472	0.00329	0.00168	0.00475
49	0.00825	0.01850	0.14571	0.09329	0.10755	0.00584	0.05565	0.01011	0.00760	0.20472	0.05395	0.11063	0.00997	0.04313	0.09175	0.00164	0.00417	0.02065	0.00253	0.00435
50	0.00769	0.00995	0.27116	0.22006	0.18253	0.01494	0.05045	0.02166	0.00760	0.08573	0.00902	0.03630	0.06034	0.00387	0.00343	0.00109	0.00423	0.00340	0.00195	0.00462
51	0.00689	0.00691	0.07606	0.25728	0.25975	0.00645	0.05074	0.00881	0.00735	0.04539	0.03471	0.15843	0.05708	0.00490	0.00361	0.00113	0.00373	0.00449	0.00211	0.00421
52	0.00760	0.01078	0.27817	0.13288	0.43995	0.00795	0.05358	0.01029	0.00743	0.01062	0.00626	0.00813	0.00490	0.00312	0.00335	0.00105	0.00448	0.00291	0.00158	0.00500
53	0.00836	0.50088	0.22356	0.00832	0.01182	0.02315	0.16119	0.01046	0.00719	0.00917	0.00544	0.00654	0.00448	0.00298	0.00277	0.00089	0.00438	0.00238	0.00150	0.00454
54	0.00740	0.02243	0.36364	0.05668	0.10282	0.00742	0.18799	0.01056	0.04288	0.05114	0.01880	0.01115	0.08130	0.00384	0.00351	0.00109	0.00445	0.01627	0.00194	0.00469
55	0.00739	0.02437	0.55944	0.02264	0.12761	0.01727	0.16294	0.01076	0.00742	0.01960	0.00631	0.00771	0.00463	0.00314	0.00337	0.00107	0.00497	0.00285	0.00155	0.00495
56	0.00581	0.00314	0.00440	0.00442	0.00445	0.01419	0.00292	0.00459	0.00461	0.00609	0.00685	0.04867	0.00714	0.08807	0.01308	0.77199	0.00297	0.00339	0.00160	0.00161
57	0.00640	0.00602	0.01016	0.87281	0.02333	0.00753	0.00941	0.00866	0.00677	0.00866	0.00602	0.00903	0.00452	0.00339	0.00339	0.00113	0.00452	0.00301	0.00151	0.00376
58	0.00788	0.07296	0.42943	0.01177	0.22259	0.04087	0.03886	0.03037	0.00772	0.03883	0.00780	0.00930	0.04144	0.00356	0.00328	0.00104	0.00445	0.02118	0.00176	0.00490
59	0.00924	0.04042	0.06493	0.21510	0.03815	0.17897	0.05827	0.10056	0.18856	0.03754	0.00869	0.00953	0.02753	0.00382	0.00333	0.00105	0.00430	0.00313	0.00230	0.00458
60	0.00958	0.75688	0.01657	0.00622	0.00895	0.13764	0.00591	0.01064	0.00728	0.00802	0.00479	0.00553	0.00435	0.00298	0.00230	0.00075	0.00398	0.00187	0.00149	0.00429
61	0.00429	0.00307	0.00401	0.00469	0.00494	0.00289	0.00314	0.01770	0.00660	0.00877	0.01858	0.81114	0.04221	0.04451	0.00481	0.00144	0.00204	0.00928	0.00311	0.00277
62	0.02945	0.15271	0.21202	0.01044	0.14548	0.13468	0.08180	0.09228	0.04013	0.05073	0.00664	0.00755	0.00511	0.00331	0.00312	0.00097	0.00446	0.00268	0.00196	0.01448
63	0.51534	0.15154	0.05700	0.03261	0.00861	0.03453	0.00521	0.13909	0.00774	0.01430	0.00537	0.00612	0.00418	0.00327	0.00244	0.00099	0.00325	0.00210	0.00212	0.00419
64	0.00588	0.00294	0.00441	0.00441	0.00441	0.00294	0.00294	0.00441	0.00441	0.00588	0.00588	0.01030	0.00588	0.01177	0.01324	0.90144	0.00294	0.00294	0.00147	0.00147
65	0.00483	0.00348	0.00366	0.00368	0.00466	0.00315	0.00273	0.02289	0.01738	0.01044	0.06692	0.12151	0.49679	0.00750	0.00363	0.00108	0.00176	0.00631	0.21456	0.00302
66	0.01990	0.04844	0.05251	0.03214	0.39260	0.06159	0.02914	0.05870	0.09860	0.08367	0.03283	0.01968	0.00692	0.00373	0.00368	0.00104	0.04440	0.00319	0.00223	0.00502
67	0.00930	0.44432	0.07217	0.00666	0.00933	0.01027	0.04103	0.06450	0.12182	0.09979	0.04480	0.03553	0.00746	0.00381	0.00297	0.00092	0.01546	0.00291	0.00229	0.00467
68	0.00788	0.00752	0.01278	0.19944	0.66446	0.00783	0.01002	0.00994	0.00756	0.01062	0.02582	0.00891	0.00580	0.00319	0.00338	0.00103	0.00407	0.00309	0.00169	0.00498
69	0.00659	0.00624	0.01041	0.76627	0.07878	0.00772	0.00936	0.00874	0.00675	0.00879	0.00595	0.00890	0.00457	0.00351	0.00382	0.00114	0.05406	0.00301	0.00152	0.00387
70	0.08219	0.04846	0.13783	0.01726	0.11171	0.01791	0.06854	0.06321	0.02954	0.07698	0.05211	0.17135	0.03499	0.04207	0.00415	0.00121	0.01279	0.02100	0.00247	0.00422
71	0.01633	0.00875	0.12131	0.11366	0.44692	0.00768	0.11799	0.00989	0.00743	0.01912	0.00747	0.06018	0.01764	0.00368	0.00368	0.00108	0.02712	0.00352	0.00176	0.00479
72	0.00429	0.00311	0.00426	0.04705	0.00580	0.00300	0.00345	0.00494	0.00652	0.00868	0.03478	0.79909	0.02135	0.01021	0.00448	0.02199	0.00210	0.00908	0.00304	0.00278
73	0.04862	0.07505	0.03608	0.02060	0.07185	0.25135	0.02669	0.07504	0.05047	0.26769	0.01616	0.00866	0.00629	0.00378	0.00337	0.00099	0.02695	0.00284	0.00267	0.00485
