[name]
unknown

[dist]
# distance from previous block
# <min> <max>
52	191

[block]
# block no. 0 follows, 68 sequences, length 7
# corresponding to MSA columns:
# 871-877
name=unknown_A
#
# <colnr> <probs for GDERKNQSTAVLIFYWHMCP>
#	G	D	E	R	K	N	Q	S	T	A	V	L	I	F	Y	W	H	M	C	P
0	0.00673	0.00538	0.00617	0.00604	0.00691	0.04175	0.00449	0.02949	0.03275	0.04204	0.12788	0.27783	0.19055	0.06333	0.04083	0.00180	0.08445	0.02440	0.00343	0.00377
1	0.00809	0.00555	0.00648	0.03369	0.00784	0.00570	0.02293	0.10503	0.09666	0.04329	0.09671	0.06245	0.16752	0.00734	0.03478	0.00138	0.00293	0.00540	0.28184	0.00440
2	0.05004	0.07900	0.09523	0.05086	0.16796	0.04718	0.02338	0.08312	0.04051	0.09241	0.02551	0.01112	0.00773	0.02407	0.05910	0.00158	0.05857	0.00353	0.07376	0.00531
3	0.00773	0.05697	0.03933	0.08787	0.03344	0.00667	0.04746	0.07428	0.06553	0.04471	0.22460	0.06582	0.20145	0.02108	0.00458	0.00132	0.00324	0.00601	0.00342	0.00450
4	0.00610	0.00471	0.00616	0.00734	0.08557	0.00461	0.00464	0.04277	0.04201	0.01117	0.02073	0.49676	0.11291	0.10214	0.00646	0.00176	0.00283	0.03419	0.00340	0.00373
5	0.00669	0.00431	0.00564	0.00626	0.03803	0.00407	0.00413	0.03235	0.00820	0.08973	0.02024	0.56551	0.06991	0.11717	0.00675	0.00181	0.00274	0.00918	0.00358	0.00369
6	0.10609	0.06722	0.08187	0.03922	0.14822	0.08366	0.03092	0.06838	0.03476	0.02588	0.02476	0.03004	0.00888	0.13496	0.04784	0.00186	0.02066	0.02638	0.01363	0.00477

[dist]
# distance from previous block
# <min> <max>
0	1

[block]
# block no. 1 follows, 68 sequences, length 24
# corresponding to MSA columns:
# 879-890,915-921,943-947
name=unknown_B
#
# <colnr> <probs for GDERKNQSTAVLIFYWHMCP>
#	G	D	E	R	K	N	Q	S	T	A	V	L	I	F	Y	W	H	M	C	P
0	0.00551	0.00430	0.00511	0.02209	0.00639	0.03341	0.00396	0.00633	0.00776	0.01007	0.04686	0.50430	0.09829	0.12655	0.05140	0.00211	0.00322	0.05574	0.00335	0.00325
1	0.17498	0.04417	0.02511	0.16502	0.11509	0.06513	0.05001	0.01121	0.03569	0.02964	0.00858	0.07466	0.00778	0.02510	0.03328	0.00155	0.10943	0.01662	0.00229	0.00466
2	0.00913	0.00492	0.00603	0.00537	0.00683	0.00468	0.00415	0.03706	0.03616	0.19329	0.30864	0.02194	0.03954	0.06126	0.00505	0.00136	0.00250	0.03293	0.21470	0.00446
3	0.01088	0.00873	0.01298	0.16452	0.24181	0.03680	0.08112	0.10372	0.01025	0.13562	0.02726	0.01162	0.03391	0.00432	0.00424	0.00120	0.03004	0.00381	0.00272	0.07446
4	0.04037	0.01030	0.04552	0.00931	0.03254	0.01084	0.02545	0.53690	0.03403	0.08648	0.00969	0.01020	0.00706	0.00620	0.05223	0.00153	0.05770	0.00361	0.01382	0.00621
5	0.00563	0.00418	0.00500	0.00486	0.00595	0.00380	0.00362	0.00738	0.03645	0.03228	0.43502	0.11638	0.30677	0.00905	0.00468	0.00132	0.00204	0.00784	0.00406	0.00370
6	0.00877	0.00671	0.00798	0.04547	0.00940	0.02104	0.03047	0.14650	0.15794	0.04920	0.21848	0.03993	0.10975	0.04601	0.03198	0.00156	0.00341	0.02590	0.03472	0.00479
7	0.00673	0.00454	0.00525	0.00519	0.00550	0.00450	0.00325	0.01642	0.02359	0.00945	0.03496	0.05429	0.04299	0.59291	0.07766	0.06853	0.00430	0.00589	0.03099	0.00308
8	0.00568	0.00435	0.00555	0.00551	0.00646	0.00414	0.02477	0.03179	0.02336	0.01220	0.20511	0.27434	0.22832	0.03740	0.06695	0.00185	0.00301	0.03400	0.02160	0.00361
9	0.00846	0.00738	0.03506	0.03966	0.01022	0.00563	0.00529	0.02904	0.00852	0.03419	0.00794	0.03604	0.00670	0.00344	0.00312	0.00071	0.00312	0.00280	0.02223	0.73046
10	0.04326	0.06471	0.21256	0.13426	0.01445	0.06137	0.00905	0.19121	0.07411	0.04719	0.00909	0.02963	0.00702	0.00549	0.03246	0.01938	0.00491	0.00349	0.03094	0.00543
11	0.02532	0.00738	0.00845	0.00654	0.00935	0.00688	0.00527	0.20649	0.03112	0.12030	0.10025	0.01267	0.02359	0.00451	0.00354	0.00095	0.00312	0.00363	0.07494	0.34569
12	0.00584	0.00428	0.00516	0.00518	0.00623	0.00389	0.00378	0.02130	0.02825	0.03095	0.21709	0.32545	0.22679	0.00962	0.00465	0.00137	0.00225	0.02159	0.02422	0.05210
13	0.01978	0.00416	0.00533	0.00586	0.00662	0.00403	0.00447	0.00786	0.02790	0.04730	0.06243	0.40472	0.03935	0.01020	0.00477	0.00154	0.00267	0.22995	0.10739	0.00367
14	0.01096	0.00742	0.02699	0.00754	0.00933	0.01753	0.00615	0.15078	0.08730	0.19392	0.05317	0.09046	0.01157	0.00884	0.10088	0.00190	0.13065	0.00468	0.07471	0.00522
15	0.00833	0.00508	0.00570	0.00526	0.00660	0.00515	0.00404	0.07352	0.09250	0.07388	0.14018	0.05095	0.06310	0.04937	0.00456	0.00129	0.00249	0.03843	0.36525	0.00431
16	0.00499	0.00383	0.00453	0.00487	0.00565	0.00345	0.00348	0.00596	0.00854	0.01095	0.12302	0.33769	0.35478	0.05566	0.02278	0.00168	0.00243	0.03873	0.00366	0.00331
17	0.36225	0.00879	0.00890	0.00712	0.00998	0.00953	0.00588	0.32500	0.01233	0.20032	0.00927	0.00917	0.00644	0.00436	0.00337	0.00121	0.00363	0.00310	0.00357	0.00577
18	0.06764	0.00809	0.00916	0.00736	0.00998	0.03844	0.00601	0.21632	0.05419	0.38722	0.01269	0.01247	0.00880	0.00521	0.01425	0.00127	0.02437	0.01694	0.09358	0.00604
19	0.43329	0.06629	0.00960	0.03346	0.01058	0.27511	0.03213	0.04243	0.04145	0.01449	0.00641	0.00737	0.00509	0.00389	0.00305	0.00115	0.00467	0.00254	0.00236	0.00464
20	0.01020	0.00875	0.06960	0.08051	0.02510	0.02182	0.00692	0.20368	0.12094	0.06261	0.17769	0.04033	0.14058	0.00677	0.00452	0.00140	0.00372	0.00549	0.00385	0.00551
21	0.00924	0.07594	0.07196	0.37087	0.08137	0.02119	0.02838	0.12278	0.09127	0.01331	0.00978	0.01209	0.03563	0.00450	0.00390	0.00126	0.00472	0.02303	0.01361	0.00517
22	0.01308	0.15416	0.01241	0.02755	0.01167	0.45990	0.00726	0.10114	0.06392	0.03074	0.03274	0.00908	0.00701	0.02073	0.00415	0.00113	0.03291	0.00300	0.00245	0.00498
23	0.38806	0.00722	0.00774	0.00629	0.00904	0.00731	0.00518	0.03509	0.02306	0.43902	0.02824	0.01075	0.00800	0.00446	0.00335	0.00123	0.00323	0.00327	0.00381	0.00563

[dist]
# distance from previous block
# <min> <max>
0	2

[block]
# block no. 2 follows, 68 sequences, length 22
# corresponding to MSA columns:
# 987-1008
name=unknown_C
#
# <colnr> <probs for GDERKNQSTAVLIFYWHMCP>
#	G	D	E	R	K	N	Q	S	T	A	V	L	I	F	Y	W	H	M	C	P
0	0.00522	0.00395	0.00483	0.00490	0.00582	0.00356	0.00362	0.00660	0.00978	0.01306	0.40526	0.19454	0.27167	0.00964	0.00479	0.00137	0.00207	0.04183	0.00400	0.00352
1	0.03165	0.41464	0.16341	0.00847	0.01168	0.07305	0.03069	0.02579	0.00867	0.02672	0.00814	0.02633	0.02336	0.00647	0.05808	0.03512	0.03723	0.00317	0.00215	0.00519
2	0.00535	0.00394	0.00471	0.00478	0.00550	0.00363	0.00337	0.00641	0.00882	0.01173	0.29660	0.14779	0.22545	0.20619	0.00835	0.00195	0.00251	0.04607	0.00361	0.00326
3	0.37441	0.12938	0.06757	0.03539	0.03325	0.09562	0.00655	0.08006	0.06126	0.02336	0.01526	0.00853	0.00604	0.01756	0.02994	0.00136	0.00432	0.00278	0.00247	0.00490
4	0.00872	0.00572	0.01985	0.00704	0.02441	0.03181	0.03215	0.04671	0.03764	0.08665	0.01001	0.03482	0.02087	0.01122	0.03994	0.48373	0.03755	0.05540	0.00245	0.00331
5	0.01089	0.10087	0.22144	0.01059	0.06669	0.21234	0.02859	0.09538	0.03839	0.02126	0.03826	0.00946	0.00703	0.00444	0.00454	0.00118	0.08640	0.00320	0.03374	0.00530
6	0.02840	0.00931	0.09033	0.09486	0.03801	0.05814	0.04723	0.13863	0.00997	0.03662	0.03084	0.03100	0.01941	0.06719	0.12664	0.02020	0.06585	0.01715	0.06529	0.00495
7	0.00878	0.00639	0.00721	0.02326	0.02354	0.02312	0.00506	0.05526	0.26783	0.08295	0.15435	0.10784	0.07015	0.06185	0.00520	0.00145	0.00293	0.00575	0.08222	0.00485
8	0.02412	0.00840	0.06455	0.04322	0.10612	0.03172	0.01859	0.04623	0.28223	0.07904	0.11587	0.07366	0.03669	0.00630	0.02193	0.00139	0.00370	0.00495	0.02589	0.00540
9	0.00591	0.00422	0.00497	0.00490	0.00593	0.00397	0.00367	0.04102	0.00981	0.01359	0.31112	0.14945	0.24127	0.00942	0.03246	0.00146	0.00240	0.02625	0.12450	0.00367
10	0.00808	0.00731	0.03059	0.00726	0.00882	0.05878	0.03961	0.03469	0.17338	0.02775	0.23739	0.02091	0.10363	0.00778	0.04204	0.00154	0.08922	0.03819	0.05848	0.00456
11	0.00943	0.00756	0.00911	0.00780	0.07413	0.00670	0.00568	0.14384	0.02670	0.03145	0.07194	0.01073	0.00886	0.00424	0.01665	0.00091	0.00333	0.00315	0.02529	0.53250
12	0.00528	0.00401	0.00473	0.00458	0.00566	0.00357	0.00342	0.00678	0.01018	0.01368	0.47512	0.05589	0.34731	0.00887	0.00463	0.00128	0.00194	0.00764	0.03186	0.00357
13	0.00677	0.00450	0.00562	0.00538	0.00626	0.00456	0.00393	0.04316	0.00810	0.06178	0.09820	0.05239	0.13220	0.24092	0.25169	0.00344	0.00519	0.01918	0.04317	0.00357
14	0.03173	0.77990	0.05361	0.00705	0.01047	0.04289	0.00708	0.01203	0.00814	0.00968	0.00560	0.00647	0.00507	0.00344	0.00263	0.00088	0.00438	0.00217	0.00172	0.00508
15	0.07202	0.00474	0.00538	0.00591	0.00651	0.04187	0.00419	0.02214	0.00778	0.01087	0.01823	0.59913	0.02111	0.03358	0.09474	0.00212	0.00359	0.03932	0.00332	0.00346
16	0.00750	0.00703	0.01174	0.77348	0.04878	0.00869	0.01069	0.01006	0.00805	0.01044	0.04155	0.01130	0.00665	0.00419	0.00420	0.00132	0.02434	0.00367	0.00188	0.00443
17	0.00654	0.03224	0.16166	0.00633	0.00875	0.00550	0.01536	0.03756	0.00932	0.01255	0.12359	0.07575	0.32419	0.00746	0.00425	0.00124	0.00310	0.04093	0.02561	0.09808
18	0.00497	0.00376	0.00461	0.00510	0.00579	0.00340	0.00363	0.00597	0.00858	0.01114	0.13244	0.45915	0.27116	0.01107	0.00492	0.00149	0.00223	0.05347	0.00377	0.00335
19	0.07890	0.17328	0.11993	0.03205	0.01282	0.02819	0.11978	0.13683	0.07516	0.03088	0.00864	0.03338	0.00701	0.00602	0.06111	0.00153	0.03138	0.00353	0.00251	0.03706
20	0.01052	0.01912	0.08554	0.07650	0.09463	0.15171	0.08962	0.12941	0.05309	0.04353	0.05214	0.03279	0.07064	0.00506	0.00447	0.00123	0.04651	0.00418	0.00273	0.02655
21	0.05228	0.03701	0.04503	0.06427	0.05706	0.05475	0.05343	0.05749	0.04256	0.03503	0.03302	0.06133	0.00975	0.08925	0.17153	0.01660	0.09489	0.00434	0.01596	0.00443

[dist]
# distance from previous block
# <min> <max>
11	207

[block]
# block no. 3 follows, 68 sequences, length 16
# corresponding to MSA columns:
# 1942-1957
name=unknown_D
#
# <colnr> <probs for GDERKNQSTAVLIFYWHMCP>
#	G	D	E	R	K	N	Q	S	T	A	V	L	I	F	Y	W	H	M	C	P
0	0.04283	0.07552	0.05587	0.14279	0.16530	0.05203	0.08345	0.18192	0.04134	0.03000	0.02333	0.05637	0.02265	0.00464	0.00392	0.00122	0.00468	0.00402	0.00264	0.00548
1	0.00738	0.00509	0.00615	0.00614	0.00713	0.00512	0.00445	0.15119	0.02716	0.04452	0.06909	0.56009	0.03496	0.01002	0.00468	0.00146	0.00267	0.00889	0.03973	0.00409
2	0.02731	0.12837	0.05592	0.00746	0.02758	0.04236	0.03533	0.04755	0.00879	0.01284	0.00689	0.00808	0.00569	0.00329	0.00326	0.00078	0.01995	0.00254	0.00225	0.55374
3	0.00546	0.00418	0.00459	0.00459	0.00577	0.00373	0.00339	0.00692	0.03854	0.03366	0.12021	0.13905	0.53761	0.02541	0.02198	0.00150	0.00231	0.00808	0.02946	0.00357
4	0.01044	0.80174	0.04998	0.00708	0.01044	0.01533	0.00714	0.01181	0.00800	0.00945	0.00556	0.00652	0.00509	0.00353	0.00297	0.00089	0.03506	0.00220	0.00170	0.00509
5	0.00639	0.00531	0.00563	0.00561	0.00673	0.04404	0.00413	0.03666	0.10135	0.01242	0.13886	0.27328	0.26803	0.01015	0.03892	0.00158	0.00287	0.00789	0.02626	0.00389
6	0.00767	0.00720	0.01217	0.68702	0.11555	0.00859	0.02881	0.01020	0.00814	0.01064	0.03695	0.01159	0.00682	0.02754	0.00445	0.00137	0.00509	0.00374	0.00190	0.00456
7	0.03598	0.00917	0.01237	0.09589	0.29735	0.05259	0.02587	0.14123	0.05394	0.12432	0.00950	0.03162	0.00738	0.00425	0.00385	0.00116	0.00436	0.00367	0.00286	0.08263
8	0.00873	0.00814	0.06991	0.07391	0.10261	0.02946	0.02750	0.05821	0.08868	0.05588	0.07468	0.10106	0.07695	0.00573	0.00422	0.00119	0.02691	0.00488	0.03990	0.14145
9	0.00515	0.00379	0.00486	0.00543	0.00599	0.00355	0.00384	0.00638	0.02697	0.01140	0.15933	0.56340	0.11483	0.01120	0.00496	0.00153	0.00230	0.05788	0.00380	0.00342
10	0.03455	0.00657	0.00922	0.15801	0.06505	0.00696	0.04487	0.11674	0.03919	0.08667	0.05145	0.17989	0.04621	0.06010	0.04231	0.00174	0.00409	0.03857	0.00316	0.00465
11	0.02295	0.06473	0.28472	0.02866	0.09199	0.10858	0.06257	0.11513	0.05427	0.05928	0.00822	0.00917	0.00613	0.00395	0.00373	0.00115	0.00515	0.00319	0.00242	0.06401
12	0.01235	0.01414	0.01198	0.14798	0.05607	0.46273	0.04322	0.06824	0.04252	0.01145	0.00711	0.00872	0.00573	0.00433	0.00444	0.00117	0.07018	0.00309	0.01972	0.00485
13	0.00523	0.00424	0.00468	0.00470	0.00586	0.00384	0.00347	0.00704	0.06497	0.01199	0.18333	0.15965	0.50734	0.00973	0.00470	0.00136	0.00210	0.00832	0.00383	0.00360
14	0.00517	0.00399	0.00449	0.00454	0.00560	0.00354	0.00338	0.00637	0.00921	0.01189	0.20995	0.09625	0.47248	0.05450	0.00550	0.00148	0.00219	0.05638	0.03967	0.00341
15	0.00593	0.02959	0.00538	0.00497	0.00589	0.01549	0.00353	0.03162	0.03820	0.01104	0.11662	0.16352	0.29749	0.22904	0.00863	0.00200	0.00279	0.02148	0.00337	0.00341

[dist]
# distance from previous block
# <min> <max>
4	54

[block]
# block no. 4 follows, 68 sequences, length 13
# corresponding to MSA columns:
# 2321-2333
name=unknown_E
#
# <colnr> <probs for GDERKNQSTAVLIFYWHMCP>
#	G	D	E	R	K	N	Q	S	T	A	V	L	I	F	Y	W	H	M	C	P
0	0.00651	0.04638	0.06234	0.00849	0.11053	0.00560	0.00599	0.00866	0.06000	0.01218	0.16112	0.37145	0.03920	0.00895	0.00461	0.00143	0.00301	0.07600	0.00338	0.00419
1	0.53579	0.11084	0.00937	0.00703	0.03073	0.10026	0.00565	0.13447	0.00924	0.01688	0.00624	0.00706	0.00490	0.00385	0.00285	0.00115	0.00388	0.00244	0.00253	0.00484
2	0.02404	0.01751	0.01741	0.06901	0.00968	0.00631	0.00541	0.13870	0.00999	0.07546	0.06935	0.12614	0.01219	0.00845	0.10138	0.00171	0.00401	0.00469	0.11898	0.17959
3	0.00688	0.00395	0.00600	0.00663	0.06703	0.00395	0.00417	0.00592	0.00600	0.00816	0.06220	0.05308	0.00986	0.01309	0.04017	0.69085	0.00361	0.00409	0.00202	0.00232
4	0.01058	0.04759	0.02100	0.06545	0.01264	0.00830	0.17785	0.11611	0.13062	0.14002	0.04799	0.01475	0.04716	0.06117	0.00509	0.00140	0.00413	0.00445	0.07838	0.00531
5	0.51502	0.00802	0.00775	0.00736	0.07004	0.04682	0.00544	0.02915	0.00858	0.22731	0.00860	0.00886	0.00613	0.00405	0.00305	0.00120	0.00344	0.00282	0.03125	0.00511
6	0.33204	0.00671	0.00682	0.00581	0.00811	0.00700	0.00467	0.02852	0.09343	0.18883	0.04465	0.01152	0.00889	0.00525	0.03030	0.00131	0.00316	0.00333	0.13932	0.07035
7	0.01315	0.00965	0.01113	0.00887	0.01156	0.01036	0.04526	0.56375	0.05372	0.05397	0.06601	0.11004	0.01165	0.00604	0.00432	0.00132	0.00408	0.00491	0.00401	0.00621
8	0.00749	0.00534	0.00659	0.04530	0.00818	0.00545	0.00488	0.11444	0.02146	0.06968	0.05954	0.36851	0.18864	0.00942	0.00507	0.00145	0.04291	0.02787	0.00366	0.00414
9	0.00648	0.06855	0.00718	0.00616	0.00705	0.04035	0.00477	0.00774	0.00687	0.00956	0.01110	0.07076	0.01079	0.08815	0.57022	0.00485	0.00833	0.00456	0.06291	0.00360
10	0.04728	0.00697	0.00803	0.00675	0.00893	0.00717	0.00538	0.19696	0.11481	0.22146	0.09193	0.06787	0.07794	0.00717	0.04286	0.00148	0.00346	0.00496	0.07317	0.00543
11	0.02219	0.11015	0.11362	0.03467	0.08836	0.03079	0.09115	0.21922	0.05373	0.03790	0.02387	0.05021	0.01982	0.02334	0.02648	0.02933	0.00472	0.00399	0.01099	0.00546
12	0.00960	0.00827	0.02885	0.03195	0.02337	0.05206	0.01417	0.19829	0.17000	0.02981	0.03455	0.10243	0.09275	0.02679	0.08643	0.00187	0.06340	0.00516	0.01521	0.00505

[dist]
# distance from previous block
# <min> <max>
2	68

# created by:
# /usr/local/bin/augustus/scripts/msa2prfl.pl /tmp/new_cug2/without_ca_b/actin-related-protein-class-10.fasta
