[name]
unknown

[dist]
# distance from previous block
# <min> <max>
24	213

[block]
# block no. 0 follows, 82 sequences, length 6
# corresponding to MSA columns:
# 216-221
name=unknown_A
#
# <colnr> <probs for GDERKNQSTAVLIFYWHMCP>
#	G	D	E	R	K	N	Q	S	T	A	V	L	I	F	Y	W	H	M	C	P
0	0.00558	0.00406	0.00460	0.00427	0.00502	0.00389	0.00288	0.07343	0.00714	0.00958	0.11478	0.08158	0.14272	0.44246	0.01056	0.00218	0.00275	0.00540	0.00262	0.07447
1	0.03522	0.00862	0.08079	0.11133	0.17095	0.00783	0.20315	0.14625	0.00896	0.01272	0.03872	0.00892	0.00615	0.00331	0.00339	0.00099	0.00418	0.00317	0.00209	0.14326
2	0.00770	0.00684	0.00988	0.00769	0.01008	0.03022	0.20158	0.08739	0.06864	0.03341	0.05364	0.06451	0.07787	0.00468	0.00354	0.00099	0.00343	0.06368	0.00257	0.26168
3	0.05272	0.00420	0.00498	0.00484	0.00588	0.00413	0.00369	0.00776	0.07543	0.07818	0.22473	0.19853	0.22408	0.00768	0.00419	0.00121	0.03082	0.06016	0.00332	0.00347
4	0.00916	0.00797	0.00884	0.00715	0.00942	0.10735	0.07721	0.21759	0.07048	0.03860	0.01039	0.09997	0.03977	0.00471	0.00341	0.00097	0.00351	0.04897	0.00271	0.23182
5	0.00635	0.00413	0.00515	0.00501	0.00603	0.00384	0.00366	0.07381	0.00818	0.10163	0.12107	0.47983	0.08710	0.00828	0.00399	0.00120	0.00220	0.00733	0.00330	0.06788

[dist]
# distance from previous block
# <min> <max>
0	1

[block]
# block no. 1 follows, 82 sequences, length 22
# corresponding to MSA columns:
# 223-244
name=unknown_B
#
# <colnr> <probs for GDERKNQSTAVLIFYWHMCP>
#	G	D	E	R	K	N	Q	S	T	A	V	L	I	F	Y	W	H	M	C	P
0	0.01280	0.01571	0.00974	0.00873	0.01058	0.78995	0.00660	0.08780	0.01026	0.00954	0.00555	0.00635	0.00453	0.00358	0.00311	0.00089	0.00595	0.00228	0.00191	0.00413
1	0.00808	0.00870	0.01813	0.01324	0.01624	0.00814	0.72137	0.01044	0.00803	0.01092	0.00837	0.05599	0.00720	0.08163	0.00545	0.00145	0.00550	0.00457	0.00200	0.00454
2	0.00847	0.00813	0.01388	0.02100	0.85844	0.00813	0.01050	0.01050	0.00779	0.01118	0.00643	0.00847	0.00542	0.00305	0.00339	0.00102	0.00406	0.00305	0.00169	0.00542
3	0.01208	0.01518	0.00932	0.00852	0.01018	0.78938	0.00640	0.01299	0.00932	0.00833	0.00563	0.00682	0.00478	0.00549	0.07987	0.00129	0.00644	0.00233	0.00177	0.00388
4	0.00496	0.00360	0.00512	0.00512	0.00571	0.00407	0.00390	0.00608	0.00564	0.00818	0.01036	0.01490	0.03964	0.09965	0.70454	0.00485	0.00789	0.00388	0.05897	0.00297
5	0.00936	0.00682	0.00765	0.00633	0.00795	0.00750	0.00491	0.46731	0.01117	0.01507	0.00907	0.01294	0.00808	0.23977	0.16818	0.00247	0.00465	0.00369	0.00277	0.00431
6	0.01108	0.00840	0.00902	0.00738	0.00975	0.00940	0.00594	0.43467	0.39308	0.05709	0.01103	0.01042	0.00803	0.00435	0.00345	0.00109	0.00325	0.00345	0.00349	0.00564
7	0.05895	0.47287	0.20810	0.00710	0.01023	0.15214	0.00733	0.01081	0.00742	0.00917	0.00586	0.00664	0.02420	0.00325	0.00262	0.00086	0.00429	0.00218	0.00158	0.00440
8	0.00489	0.00367	0.00550	0.00550	0.00611	0.00428	0.00428	0.00611	0.00550	0.00794	0.00916	0.01344	0.00855	0.02566	0.86623	0.00550	0.00916	0.00367	0.00183	0.00305
9	0.00416	0.00300	0.00394	0.00469	0.00494	0.00278	0.00314	0.00477	0.00662	0.00876	0.01976	0.82919	0.07040	0.01060	0.00435	0.00138	0.00197	0.00958	0.00318	0.00278
10	0.00819	0.00785	0.01339	0.13614	0.74542	0.00806	0.01036	0.01026	0.00766	0.01085	0.00639	0.00855	0.00530	0.00310	0.00339	0.00103	0.00413	0.00305	0.00167	0.00520
11	0.00901	0.00935	0.01229	0.13233	0.54243	0.16941	0.00937	0.01126	0.05208	0.01048	0.00656	0.00835	0.00537	0.00327	0.00334	0.00101	0.00446	0.00293	0.00178	0.00493
12	0.00934	0.83668	0.01750	0.00601	0.00887	0.05802	0.00589	0.01042	0.00709	0.00806	0.00478	0.00552	0.00439	0.00296	0.00224	0.00074	0.00379	0.00185	0.00148	0.00437
13	0.00855	0.50339	0.33133	0.00743	0.01114	0.01126	0.00842	0.06524	0.00765	0.00997	0.00550	0.00631	0.00446	0.00312	0.00267	0.00088	0.00418	0.00217	0.00158	0.00473
14	0.00850	0.00987	0.01924	0.01391	0.01722	0.08620	0.77010	0.01120	0.00822	0.01072	0.00677	0.00895	0.00512	0.00294	0.00395	0.00113	0.00580	0.00387	0.00173	0.00456
15	0.00602	0.00456	0.00503	0.00464	0.00587	0.05146	0.02688	0.00708	0.00820	0.09885	0.16801	0.08891	0.44485	0.03870	0.02437	0.00131	0.00244	0.00630	0.00320	0.00333
16	0.03477	0.00487	0.00572	0.03409	0.03735	0.00502	0.00387	0.08838	0.04934	0.01007	0.02537	0.11822	0.03257	0.46384	0.03141	0.00250	0.00346	0.04323	0.00263	0.00329
17	0.00993	0.00553	0.00672	0.00583	0.00741	0.00534	0.00450	0.14536	0.00958	0.27537	0.08551	0.07541	0.07007	0.15007	0.04031	0.00175	0.00327	0.06919	0.02438	0.00445
18	0.00490	0.00401	0.00570	0.00548	0.00645	0.00375	0.07841	0.00624	0.02602	0.00989	0.11258	0.26395	0.25992	0.03354	0.03299	0.00148	0.00268	0.13584	0.00304	0.00313
19	0.00657	0.00619	0.01046	0.82418	0.07007	0.00763	0.00956	0.00884	0.00689	0.00888	0.00610	0.00908	0.00461	0.00340	0.00342	0.00113	0.00453	0.00304	0.00153	0.00389
20	0.04160	0.13682	0.28820	0.02297	0.04191	0.22759	0.14112	0.01166	0.02326	0.02552	0.00608	0.00722	0.00470	0.00325	0.00316	0.00099	0.00504	0.00263	0.00170	0.00458
21	0.00649	0.04608	0.00875	0.36031	0.11969	0.01873	0.00690	0.00795	0.02346	0.00925	0.10319	0.04298	0.04362	0.00586	0.00524	0.15663	0.00360	0.02577	0.00199	0.00351

[dist]
# distance from previous block
# <min> <max>
18	104

[block]
# block no. 2 follows, 82 sequences, length 17
# corresponding to MSA columns:
# 349-357,360-367
name=unknown_C
#
# <colnr> <probs for GDERKNQSTAVLIFYWHMCP>
#	G	D	E	R	K	N	Q	S	T	A	V	L	I	F	Y	W	H	M	C	P
0	0.00801	0.00635	0.00689	0.00615	0.00789	0.00702	0.00479	0.05717	0.54741	0.05052	0.13925	0.01634	0.09637	0.00532	0.00359	0.00113	0.00249	0.00446	0.02403	0.00483
1	0.00413	0.00340	0.00358	0.00367	0.00465	0.00291	0.00268	0.00496	0.00762	0.00927	0.06732	0.13494	0.68833	0.04147	0.00458	0.00126	0.00182	0.00740	0.00316	0.00286
2	0.00520	0.00361	0.00448	0.00419	0.00518	0.00324	0.00317	0.00662	0.00923	0.05760	0.61070	0.02662	0.23286	0.00726	0.00401	0.00109	0.00171	0.00629	0.00365	0.00328
3	0.00415	0.00338	0.00365	0.00384	0.00474	0.00292	0.00279	0.00495	0.00744	0.00907	0.02997	0.20577	0.62651	0.04174	0.00463	0.00130	0.00189	0.03528	0.00313	0.00284
4	0.00773	0.06260	0.01326	0.01008	0.01109	0.01023	0.20759	0.00901	0.00602	0.00887	0.00509	0.00778	0.00465	0.00505	0.00894	0.00137	0.61192	0.00317	0.00155	0.00399
5	0.00716	0.00576	0.00676	0.00503	0.00774	0.00448	0.00398	0.00879	0.02437	0.03922	0.02771	0.05424	0.00702	0.00323	0.00271	0.00061	0.00246	0.00266	0.03732	0.74876
6	0.89678	0.00702	0.00545	0.00491	0.00706	0.00799	0.00397	0.01046	0.00621	0.01586	0.00535	0.00636	0.00426	0.00356	0.00238	0.00116	0.00285	0.00205	0.00231	0.00401
7	0.04213	0.00920	0.00983	0.00763	0.01029	0.01017	0.00628	0.73100	0.07714	0.04849	0.00869	0.00857	0.00618	0.00412	0.00338	0.00104	0.00362	0.00311	0.00341	0.00572
8	0.00981	0.08648	0.08977	0.17390	0.06033	0.08586	0.03248	0.17067	0.05510	0.09585	0.00733	0.00842	0.00551	0.00389	0.00414	0.00108	0.09939	0.00293	0.00228	0.00476
9	0.02320	0.00931	0.00782	0.00690	0.00836	0.27827	0.00524	0.20741	0.06551	0.01164	0.02226	0.01115	0.00750	0.14439	0.12736	0.03718	0.01694	0.00326	0.00235	0.00396
10	0.00423	0.00333	0.00380	0.00410	0.00487	0.00294	0.00297	0.00504	0.00735	0.00918	0.05217	0.31281	0.47749	0.03846	0.00464	0.00133	0.00195	0.05736	0.00316	0.00285
11	0.00748	0.00713	0.01211	0.43746	0.44966	0.00787	0.01001	0.00964	0.00732	0.00998	0.00626	0.00879	0.00500	0.00323	0.00340	0.00108	0.00431	0.00304	0.00161	0.00463
12	0.00416	0.00347	0.00362	0.00358	0.00469	0.00294	0.00269	0.00513	0.00806	0.00988	0.15113	0.03188	0.74018	0.00843	0.00404	0.00114	0.00172	0.00707	0.00326	0.00294
13	0.90395	0.00662	0.00503	0.00450	0.00662	0.00767	0.00370	0.01006	0.00582	0.01535	0.00476	0.00556	0.00370	0.00318	0.00212	0.00106	0.00265	0.00185	0.00212	0.00370
14	0.00568	0.00465	0.00689	0.22521	0.10267	0.00491	0.00543	0.00677	0.00634	0.00859	0.01075	0.24299	0.01154	0.21023	0.04878	0.02074	0.00358	0.00522	0.00216	0.06688
15	0.04490	0.00712	0.00810	0.00635	0.00886	0.06703	0.00517	0.15332	0.01048	0.51981	0.05592	0.01085	0.00857	0.00414	0.00333	0.00100	0.00318	0.00327	0.00365	0.07496
16	0.00864	0.00774	0.02674	0.00936	0.16125	0.05597	0.01920	0.16442	0.27465	0.01364	0.04740	0.05289	0.05945	0.00572	0.03889	0.00128	0.00355	0.02390	0.02048	0.00483

[dist]
# distance from previous block
# <min> <max>
0	9

[block]
# block no. 3 follows, 82 sequences, length 14
# corresponding to MSA columns:
# 402-415
name=unknown_D
#
# <colnr> <probs for GDERKNQSTAVLIFYWHMCP>
#	G	D	E	R	K	N	Q	S	T	A	V	L	I	F	Y	W	H	M	C	P
0	0.00961	0.61245	0.06378	0.00590	0.00867	0.02756	0.00580	0.01095	0.00741	0.11928	0.00663	0.00714	0.00536	0.00323	0.00245	0.00080	0.00348	0.00222	0.09279	0.00448
1	0.02188	0.03393	0.16655	0.00581	0.00794	0.00525	0.00551	0.05839	0.02148	0.11950	0.40673	0.01826	0.07995	0.00556	0.00364	0.00105	0.00268	0.00470	0.00318	0.02801
2	0.02370	0.11557	0.07644	0.00622	0.00809	0.02225	0.02290	0.02837	0.04335	0.21824	0.09020	0.05716	0.01062	0.09045	0.12845	0.00191	0.04528	0.00388	0.00271	0.00422
3	0.00649	0.00548	0.00640	0.00481	0.00736	0.00422	0.00380	0.00796	0.00750	0.01129	0.11928	0.01211	0.09496	0.00373	0.00288	0.00065	0.00233	0.00309	0.00237	0.69329
4	0.00650	0.00632	0.04621	0.02033	0.14660	0.00560	0.08474	0.00844	0.04175	0.01060	0.06819	0.13807	0.08749	0.01614	0.01427	0.00112	0.04289	0.04118	0.00238	0.21117
5	0.00706	0.01971	0.00836	0.00936	0.21271	0.00616	0.03458	0.08548	0.13630	0.01268	0.20613	0.07995	0.13263	0.00571	0.00372	0.00110	0.00280	0.01544	0.01582	0.00431
6	0.00585	0.00468	0.00586	0.00646	0.11605	0.00447	0.00418	0.09145	0.00897	0.01184	0.26581	0.02407	0.35743	0.05377	0.00480	0.01962	0.00232	0.00575	0.00309	0.00354
7	0.00747	0.00911	0.20532	0.00748	0.07271	0.00594	0.00665	0.05614	0.00768	0.01166	0.00624	0.00729	0.00497	0.00282	0.00281	0.00071	0.00330	0.00228	0.00195	0.57747
8	0.00977	0.00980	0.00754	0.00692	0.00829	0.36229	0.00518	0.11580	0.05554	0.04348	0.00998	0.12470	0.00973	0.14082	0.00564	0.00141	0.00429	0.05704	0.01793	0.00384
9	0.00610	0.00401	0.00476	0.00454	0.00538	0.00398	0.00335	0.09170	0.00856	0.02753	0.28715	0.15096	0.03315	0.12026	0.02178	0.00145	0.00233	0.03336	0.18636	0.00330
10	0.00518	0.00569	0.11571	0.00503	0.00659	0.00424	0.00447	0.00762	0.09401	0.01170	0.35196	0.06993	0.29085	0.00701	0.00390	0.00113	0.00223	0.00600	0.00321	0.00355
11	0.15221	0.11976	0.00891	0.00591	0.00852	0.00685	0.00501	0.06124	0.00916	0.57219	0.01071	0.00971	0.00705	0.00389	0.00307	0.00101	0.00301	0.00296	0.00350	0.00531
12	0.12291	0.00510	0.00591	0.04507	0.00723	0.00522	0.00426	0.02023	0.05525	0.01215	0.26264	0.04537	0.14579	0.03647	0.09586	0.09300	0.02560	0.00513	0.00308	0.00371
13	0.00742	0.00767	0.11920	0.09385	0.11499	0.00579	0.01963	0.00935	0.00732	0.05594	0.02296	0.05677	0.00662	0.00346	0.00315	0.00082	0.01605	0.00295	0.00206	0.44399

[dist]
# distance from previous block
# <min> <max>
13	69

[block]
# block no. 4 follows, 82 sequences, length 37
# corresponding to MSA columns:
# 485-521
name=unknown_E
#
# <colnr> <probs for GDERKNQSTAVLIFYWHMCP>
#	G	D	E	R	K	N	Q	S	T	A	V	L	I	F	Y	W	H	M	C	P
0	0.02148	0.14645	0.45499	0.00908	0.07402	0.01610	0.00951	0.07069	0.03435	0.02619	0.02759	0.00778	0.00554	0.00334	0.00306	0.00097	0.00424	0.00259	0.00184	0.08018
1	0.00779	0.11967	0.34199	0.04099	0.15974	0.02121	0.09473	0.02154	0.02548	0.03336	0.00816	0.00936	0.05403	0.01256	0.00341	0.00104	0.00436	0.00304	0.00180	0.03573
2	0.00489	0.00333	0.00380	0.00383	0.00392	0.00332	0.00223	0.00502	0.00520	0.00690	0.01226	0.04813	0.05918	0.76695	0.05481	0.00324	0.00345	0.00518	0.00216	0.00218
3	0.02067	0.11922	0.22741	0.02151	0.04187	0.09503	0.04124	0.00940	0.03700	0.01804	0.04841	0.07046	0.16822	0.00525	0.00368	0.00109	0.02959	0.03562	0.00221	0.00409
4	0.04376	0.08400	0.31884	0.02464	0.08424	0.08464	0.08770	0.06276	0.04721	0.10591	0.02009	0.00833	0.00575	0.00348	0.00325	0.00103	0.00444	0.00286	0.00211	0.00494
5	0.00843	0.00725	0.00791	0.01888	0.03489	0.17657	0.07729	0.00983	0.02978	0.13589	0.07486	0.17056	0.11000	0.03157	0.01583	0.00126	0.04148	0.03282	0.01102	0.00387
6	0.02162	0.07437	0.05841	0.11395	0.47711	0.00781	0.00875	0.00974	0.03562	0.01042	0.00921	0.04847	0.07142	0.01769	0.00374	0.00109	0.02041	0.00358	0.00189	0.00471
7	0.04161	0.03545	0.06132	0.03559	0.26867	0.18473	0.02260	0.15450	0.02223	0.07812	0.00745	0.03517	0.00600	0.01134	0.00340	0.00102	0.00428	0.00304	0.00227	0.02121
8	0.00741	0.07071	0.20291	0.00717	0.00974	0.02835	0.07419	0.05719	0.10411	0.05764	0.04410	0.11550	0.14718	0.00544	0.00357	0.00110	0.00344	0.02046	0.00259	0.03720
9	0.00487	0.00355	0.00446	0.00471	0.00553	0.00327	0.00367	0.00607	0.00809	0.02714	0.23029	0.18748	0.26342	0.00875	0.00427	0.00129	0.00214	0.22460	0.00334	0.00308
10	0.00806	0.00902	0.11285	0.05853	0.15488	0.03512	0.19242	0.06500	0.18454	0.01198	0.04118	0.02962	0.00785	0.01277	0.04616	0.00135	0.01797	0.00367	0.00227	0.00477
11	0.00862	0.00789	0.02596	0.04372	0.42775	0.00791	0.13448	0.08295	0.05604	0.04667	0.00830	0.01074	0.02112	0.04154	0.01575	0.00124	0.02811	0.02412	0.00212	0.00497
12	0.01128	0.37199	0.01324	0.00727	0.00982	0.23860	0.00625	0.26718	0.02362	0.01236	0.00610	0.00661	0.00492	0.00347	0.00283	0.00087	0.00434	0.00234	0.00217	0.00473
13	0.00487	0.00328	0.00380	0.00390	0.00394	0.00327	0.00226	0.00497	0.00519	0.00693	0.01179	0.13333	0.01368	0.74923	0.03323	0.00311	0.00326	0.00556	0.00221	0.00218
14	0.00752	0.00744	0.02580	0.29528	0.46360	0.00771	0.07354	0.00966	0.00749	0.01026	0.00790	0.01006	0.05173	0.00347	0.00348	0.00108	0.00424	0.00334	0.00172	0.00469
15	0.00840	0.05308	0.66942	0.00894	0.01346	0.00776	0.01098	0.02172	0.01762	0.14616	0.00737	0.00793	0.00508	0.00342	0.00324	0.00106	0.00461	0.00266	0.00194	0.00516
16	0.00646	0.00608	0.01026	0.87156	0.02356	0.00760	0.00950	0.00874	0.00684	0.00874	0.00608	0.00912	0.00456	0.00342	0.00342	0.00114	0.00456	0.00304	0.00152	0.00380
17	0.00551	0.00394	0.00551	0.00630	0.00709	0.00394	0.00551	0.00709	0.00787	0.01024	0.01811	0.03859	0.01969	0.00945	0.00472	0.00157	0.00315	0.83542	0.00315	0.00315
18	0.00689	0.00652	0.01104	0.68872	0.20303	0.00771	0.00971	0.00912	0.00704	0.00926	0.00616	0.00898	0.00474	0.00334	0.00341	0.00111	0.00445	0.00304	0.00156	0.00415
19	0.00498	0.00372	0.00535	0.00531	0.00580	0.00430	0.00400	0.00598	0.00540	0.00773	0.00930	0.01475	0.00908	0.16664	0.70093	0.00502	0.03309	0.00386	0.00186	0.00291
20	0.00489	0.00367	0.00550	0.00550	0.00611	0.00428	0.00428	0.00611	0.00550	0.00794	0.00916	0.01344	0.00855	0.02566	0.86623	0.00550	0.00916	0.00367	0.00183	0.00305
21	0.00847	0.00813	0.01388	0.02100	0.85844	0.00813	0.01050	0.01050	0.00779	0.01118	0.00643	0.00847	0.00542	0.00305	0.00339	0.00102	0.00406	0.00305	0.00169	0.00542
22	0.00661	0.00614	0.01029	0.77667	0.08660	0.00749	0.00933	0.00885	0.00692	0.00906	0.00628	0.00920	0.00477	0.00341	0.00338	0.00112	0.00442	0.00305	0.03251	0.00390
23	0.00732	0.00696	0.01181	0.50699	0.38141	0.00783	0.00993	0.00949	0.00725	0.00978	0.00623	0.00884	0.00493	0.00326	0.00341	0.00109	0.00435	0.00304	0.00159	0.00449
24	0.00448	0.00351	0.00402	0.00403	0.00496	0.00315	0.00305	0.00555	0.00802	0.01026	0.24151	0.03030	0.47750	0.07521	0.02658	0.00145	0.00215	0.08813	0.00321	0.00294
25	0.00687	0.00652	0.00928	0.00770	0.00941	0.08221	0.21700	0.05389	0.00811	0.02199	0.04173	0.30306	0.09655	0.00657	0.00392	0.00116	0.00348	0.03820	0.00263	0.07974
26	0.07410	0.00670	0.00709	0.00537	0.00811	0.04945	0.00425	0.03942	0.03957	0.01169	0.00673	0.03242	0.00575	0.01230	0.00281	0.00067	0.00277	0.00238	0.00216	0.68627
27	0.06089	0.01445	0.00899	0.00812	0.00991	0.70962	0.00614	0.05525	0.00966	0.00949	0.00765	0.00828	0.06951	0.00393	0.00312	0.00092	0.00551	0.00261	0.00197	0.00396
28	0.06013	0.00956	0.12094	0.00744	0.01036	0.00880	0.00673	0.50876	0.01289	0.17419	0.00884	0.00874	0.00611	0.00396	0.00329	0.00103	0.00364	0.00301	0.03608	0.00551
29	0.07651	0.00836	0.00940	0.18325	0.01190	0.15944	0.02014	0.01990	0.04530	0.00941	0.00596	0.00827	0.00512	0.00631	0.07829	0.00158	0.33197	0.00289	0.01214	0.00384
30	0.00737	0.17360	0.57947	0.07537	0.06045	0.00896	0.01090	0.01070	0.02425	0.01025	0.00606	0.00723	0.00454	0.00322	0.00308	0.00102	0.00466	0.00249	0.00151	0.00487
31	0.00874	0.00809	0.01274	0.03598	0.07722	0.05465	0.31984	0.06745	0.17894	0.06904	0.03190	0.04199	0.05279	0.00427	0.00375	0.00113	0.00419	0.02000	0.00256	0.00472
32	0.00717	0.00539	0.07135	0.00552	0.00714	0.00441	0.05036	0.00937	0.04887	0.14383	0.46303	0.01881	0.02083	0.00555	0.00364	0.00104	0.00235	0.00486	0.12254	0.00394
33	0.00763	0.00507	0.00615	0.03110	0.03015	0.02949	0.00432	0.04581	0.09354	0.15802	0.28842	0.09569	0.08992	0.04721	0.05061	0.00145	0.00285	0.00527	0.00334	0.00397
34	0.01116	0.01167	0.02361	0.00803	0.03079	0.40392	0.00614	0.22186	0.08692	0.03316	0.01003	0.05724	0.07150	0.00456	0.00337	0.00100	0.00453	0.00342	0.00257	0.00451
35	0.00565	0.00446	0.00518	0.00568	0.06981	0.05111	0.00340	0.00610	0.00555	0.00733	0.00983	0.01866	0.01069	0.59526	0.18413	0.00344	0.00469	0.00442	0.00198	0.00263
36	0.01175	0.01463	0.00905	0.00828	0.00986	0.75305	0.00618	0.01261	0.00912	0.00824	0.00588	0.00761	0.00516	0.05319	0.06974	0.00137	0.00624	0.00247	0.00178	0.00379

[dist]
# distance from previous block
# <min> <max>
6	7

[block]
# block no. 5 follows, 82 sequences, length 6
# corresponding to MSA columns:
# 529-534
name=unknown_F
#
# <colnr> <probs for GDERKNQSTAVLIFYWHMCP>
#	G	D	E	R	K	N	Q	S	T	A	V	L	I	F	Y	W	H	M	C	P
0	0.00653	0.07394	0.06084	0.03640	0.07830	0.00582	0.01962	0.03653	0.08212	0.02363	0.22122	0.05291	0.12896	0.00658	0.04378	0.00126	0.00307	0.04004	0.00277	0.07568
1	0.00551	0.00512	0.09367	0.00475	0.00625	0.00370	0.00415	0.00693	0.00828	0.07865	0.23701	0.09420	0.39331	0.00751	0.00396	0.00115	0.00222	0.03696	0.00323	0.00344
2	0.00815	0.00817	0.11431	0.00807	0.07507	0.00667	0.05954	0.12733	0.06825	0.03996	0.07568	0.03975	0.00837	0.00385	0.00345	0.00090	0.02991	0.00325	0.00244	0.31686
3	0.00769	0.33939	0.24293	0.00690	0.00978	0.00941	0.00724	0.05533	0.05310	0.01033	0.05514	0.05514	0.07952	0.00444	0.00346	0.00099	0.04941	0.00336	0.00203	0.00440
4	0.04834	0.07867	0.05556	0.01113	0.21143	0.08691	0.06358	0.05542	0.00754	0.01050	0.00726	0.05230	0.03226	0.00439	0.00516	0.00111	0.21372	0.00326	0.00187	0.04958
5	0.01078	0.10163	0.00923	0.00722	0.00908	0.46965	0.00564	0.05583	0.03407	0.07435	0.01100	0.01130	0.13758	0.00537	0.04170	0.00114	0.00488	0.00320	0.00228	0.00408

[dist]
# distance from previous block
# <min> <max>
13	30

[block]
# block no. 6 follows, 82 sequences, length 12
# corresponding to MSA columns:
# 623-634
name=unknown_G
#
# <colnr> <probs for GDERKNQSTAVLIFYWHMCP>
#	G	D	E	R	K	N	Q	S	T	A	V	L	I	F	Y	W	H	M	C	P
0	0.00598	0.00451	0.00628	0.09299	0.04089	0.00482	0.02520	0.03744	0.04158	0.02783	0.05103	0.07373	0.07468	0.12744	0.27978	0.00278	0.00493	0.00447	0.07715	0.01651
1	0.00478	0.00351	0.00479	0.00482	0.00535	0.00375	0.00353	0.00575	0.00618	0.00859	0.11989	0.08933	0.07197	0.17635	0.47131	0.00390	0.00603	0.00497	0.00233	0.00286
2	0.00549	0.00398	0.00503	0.00482	0.00574	0.00411	0.00366	0.00756	0.09067	0.03706	0.25969	0.02025	0.14672	0.05667	0.29342	0.00268	0.00439	0.00500	0.03970	0.00335
3	0.85909	0.00658	0.00517	0.00458	0.00672	0.00754	0.00377	0.01039	0.00602	0.05803	0.00520	0.00586	0.00395	0.00323	0.00218	0.00106	0.00266	0.00193	0.00222	0.00381
4	0.00927	0.28741	0.31369	0.00840	0.04548	0.04037	0.00858	0.11387	0.00841	0.07287	0.00638	0.00715	0.00489	0.00349	0.00343	0.00098	0.05605	0.00248	0.00192	0.00489
5	0.02182	0.44783	0.29337	0.02550	0.02923	0.02574	0.02461	0.02757	0.00731	0.00954	0.00669	0.00759	0.03953	0.00367	0.01619	0.00098	0.00422	0.00244	0.00160	0.00455
6	0.01363	0.00545	0.00736	0.00577	0.00813	0.00473	0.00471	0.01497	0.00970	0.72489	0.11668	0.01416	0.04433	0.00474	0.00354	0.00106	0.00271	0.00392	0.00414	0.00539
7	0.00524	0.00522	0.09399	0.00561	0.00662	0.00417	0.02011	0.02838	0.07135	0.00975	0.02842	0.52949	0.03475	0.09057	0.00535	0.00150	0.00263	0.03790	0.01567	0.00329
8	0.00776	0.00713	0.01060	0.47076	0.20066	0.06656	0.02785	0.03517	0.00766	0.04685	0.00759	0.08230	0.00649	0.00401	0.00348	0.00111	0.00428	0.00359	0.00190	0.00424
9	0.00519	0.00316	0.00364	0.00396	0.00456	0.00302	0.00283	0.00632	0.00710	0.01078	0.04829	0.35784	0.10023	0.00737	0.00346	0.00110	0.00180	0.02807	0.39828	0.00300
10	0.00829	0.17801	0.02546	0.00736	0.09586	0.05288	0.00544	0.08532	0.03057	0.05961	0.07100	0.13736	0.03788	0.00475	0.00318	0.00092	0.00312	0.00394	0.00248	0.18657
11	0.05234	0.22901	0.05955	0.02009	0.07177	0.04598	0.00577	0.09218	0.02825	0.04603	0.01010	0.08032	0.08656	0.00432	0.00301	0.00091	0.00330	0.00341	0.00227	0.15484

[dist]
# distance from previous block
# <min> <max>
2	15

[block]
# block no. 7 follows, 82 sequences, length 10
# corresponding to MSA columns:
# 661-670
name=unknown_H
#
# <colnr> <probs for GDERKNQSTAVLIFYWHMCP>
#	G	D	E	R	K	N	Q	S	T	A	V	L	I	F	Y	W	H	M	C	P
0	0.00529	0.00328	0.00438	0.00438	0.00452	0.00341	0.00288	0.00505	0.00491	0.00669	0.00874	0.01622	0.00931	0.38681	0.20805	0.31365	0.00452	0.00399	0.00182	0.00209
1	0.00700	0.04159	0.00877	0.09428	0.19800	0.00627	0.03578	0.05178	0.09022	0.02863	0.12654	0.03322	0.16944	0.00574	0.01757	0.00117	0.00315	0.04677	0.02992	0.00418
2	0.00466	0.00368	0.00457	0.00493	0.02173	0.00362	0.00347	0.00571	0.02648	0.00961	0.10199	0.42374	0.27198	0.00895	0.00460	0.00127	0.06040	0.00774	0.02782	0.00304
3	0.00646	0.00604	0.01015	0.78372	0.06759	0.00739	0.00925	0.00864	0.00688	0.00887	0.00672	0.05123	0.00548	0.00375	0.00346	0.00115	0.00441	0.00336	0.00161	0.00384
4	0.00744	0.00580	0.00850	0.06072	0.14430	0.00638	0.03672	0.13874	0.00766	0.02788	0.00787	0.01096	0.00686	0.03797	0.30893	0.10574	0.05126	0.00336	0.01906	0.00385
5	0.00709	0.00608	0.00709	0.00507	0.00811	0.00456	0.00405	0.00861	0.00709	0.01115	0.00608	0.00709	0.00507	0.00253	0.00253	0.00051	0.00253	0.00203	0.00203	0.90069
6	0.00474	0.00338	0.00391	0.00408	0.00446	0.00323	0.00271	0.00521	0.00620	0.00801	0.03858	0.12008	0.20094	0.47590	0.01132	0.00238	0.00276	0.09702	0.00260	0.00248
7	0.06774	0.01690	0.00755	0.03243	0.13572	0.01546	0.02871	0.10409	0.03752	0.07980	0.08079	0.09926	0.19590	0.00632	0.01871	0.02299	0.00296	0.01683	0.02624	0.00408
8	0.07700	0.01044	0.02960	0.02639	0.12207	0.32098	0.00653	0.06649	0.07181	0.03226	0.00713	0.00884	0.00594	0.04723	0.06203	0.00142	0.06710	0.00284	0.02963	0.00425
9	0.62012	0.00751	0.00627	0.00582	0.03849	0.07217	0.00446	0.11778	0.00758	0.01511	0.00612	0.04193	0.00505	0.00365	0.00251	0.00104	0.00304	0.00245	0.03491	0.00400

[dist]
# distance from previous block
# <min> <max>
13	87

[block]
# block no. 8 follows, 82 sequences, length 20
# corresponding to MSA columns:
# 878-885,915-921,943-947
name=unknown_I
#
# <colnr> <probs for GDERKNQSTAVLIFYWHMCP>
#	G	D	E	R	K	N	Q	S	T	A	V	L	I	F	Y	W	H	M	C	P
0	0.03266	0.00777	0.01120	0.16535	0.21250	0.07696	0.09981	0.05330	0.00865	0.25289	0.00849	0.00948	0.00612	0.00434	0.03435	0.00122	0.00432	0.00319	0.00250	0.00493
1	0.00501	0.00356	0.00438	0.00415	0.00511	0.00319	0.00312	0.00638	0.00907	0.04553	0.57166	0.05184	0.25939	0.00746	0.00402	0.00111	0.00171	0.00647	0.00360	0.00322
2	0.19329	0.00653	0.00739	0.00592	0.00835	0.03679	0.00484	0.04647	0.05694	0.56168	0.01122	0.01018	0.00738	0.00401	0.00314	0.00105	0.00297	0.00308	0.02355	0.00525
3	0.00424	0.00336	0.00383	0.00397	0.00482	0.00296	0.00289	0.00519	0.00781	0.00993	0.18322	0.22464	0.49249	0.00922	0.02448	0.00130	0.00194	0.00752	0.00325	0.00293
4	0.00441	0.00348	0.00398	0.00426	0.00511	0.00313	0.00320	0.00544	0.02066	0.00933	0.03927	0.22344	0.48884	0.03925	0.00467	0.00134	0.00207	0.13205	0.00315	0.00292
5	0.00813	0.00901	0.01880	0.01401	0.05136	0.00862	0.73569	0.01159	0.08463	0.01127	0.00754	0.00952	0.00568	0.00305	0.00396	0.00115	0.00542	0.00398	0.00189	0.00472
6	0.00702	0.01658	0.75135	0.01036	0.01521	0.00804	0.12223	0.01085	0.00733	0.01085	0.00624	0.00749	0.00445	0.00320	0.00335	0.00109	0.00515	0.00273	0.00148	0.00500
7	0.21146	0.00824	0.00868	0.00680	0.00938	0.00894	0.00561	0.50981	0.01266	0.17298	0.00841	0.00825	0.00583	0.00392	0.00314	0.00104	0.00336	0.00287	0.00328	0.00535
8	0.00484	0.00382	0.00572	0.00550	0.00632	0.00356	0.07977	0.00607	0.00792	0.01074	0.29768	0.38932	0.08675	0.00852	0.00423	0.00126	0.00227	0.06935	0.00324	0.00313
9	0.05115	0.00719	0.00864	0.00665	0.00931	0.00712	0.00550	0.31127	0.01186	0.52793	0.01126	0.01017	0.00733	0.00414	0.00338	0.00105	0.00320	0.00325	0.00386	0.00573
10	0.02776	0.00613	0.00728	0.00596	0.00817	0.00603	0.00480	0.10736	0.18595	0.41479	0.03402	0.01523	0.15100	0.00508	0.00354	0.00109	0.00273	0.00415	0.00376	0.00515
11	0.00807	0.00606	0.00643	0.00574	0.00734	0.00674	0.00447	0.10780	0.43922	0.01463	0.08892	0.01341	0.01142	0.00461	0.00321	0.00103	0.00241	0.00379	0.26007	0.00462
12	0.00493	0.00350	0.00465	0.00465	0.00497	0.00382	0.00322	0.00556	0.00525	0.00731	0.00994	0.01773	0.01042	0.43569	0.45874	0.00445	0.00636	0.00429	0.00195	0.00258
13	0.90395	0.00662	0.00503	0.00450	0.00662	0.00767	0.00370	0.01006	0.00582	0.01535	0.00476	0.00556	0.00370	0.00318	0.00212	0.00106	0.00265	0.00185	0.00212	0.00370
14	0.01340	0.00636	0.00798	0.00636	0.00876	0.00611	0.00516	0.14609	0.10170	0.57374	0.01312	0.07620	0.00933	0.00474	0.00351	0.00109	0.00295	0.00390	0.00395	0.00555
15	0.77607	0.00692	0.00565	0.00493	0.00710	0.00798	0.00405	0.08640	0.05124	0.01586	0.00556	0.00618	0.00425	0.00334	0.00231	0.00106	0.00275	0.00207	0.00231	0.00399
16	0.00650	0.00440	0.00520	0.00488	0.00615	0.01758	0.01898	0.03414	0.04209	0.12642	0.11303	0.16079	0.35822	0.00770	0.00398	0.00119	0.00227	0.06540	0.01752	0.00357
17	0.07638	0.00907	0.00955	0.00751	0.01009	0.01011	0.00615	0.67512	0.12814	0.02013	0.00874	0.00864	0.00629	0.00411	0.00334	0.00105	0.00354	0.00310	0.00334	0.00561
18	0.04129	0.02115	0.02164	0.00804	0.01033	0.08174	0.11619	0.23527	0.33017	0.01501	0.02357	0.02564	0.00810	0.00420	0.00341	0.00108	0.00365	0.00353	0.04095	0.00504
19	0.14758	0.00714	0.00805	0.00624	0.00888	0.00711	0.00513	0.25992	0.03516	0.33032	0.00949	0.00905	0.00650	0.00379	0.00310	0.00097	0.00306	0.00289	0.00331	0.14234

[dist]
# distance from previous block
# <min> <max>
0	1

[block]
# block no. 9 follows, 82 sequences, length 47
# corresponding to MSA columns:
# 985-1010,1024-1044
name=unknown_J
#
# <colnr> <probs for GDERKNQSTAVLIFYWHMCP>
#	G	D	E	R	K	N	Q	S	T	A	V	L	I	F	Y	W	H	M	C	P
0	0.00652	0.00348	0.00350	0.00345	0.00433	0.00356	0.00260	0.00868	0.06600	0.01286	0.01135	0.01275	0.00888	0.00403	0.00247	0.00082	0.00167	0.00324	0.83645	0.00334
1	0.00475	0.00345	0.00425	0.00409	0.00494	0.00314	0.00305	0.00617	0.00905	0.01259	0.61482	0.05890	0.19225	0.00729	0.00395	0.00109	0.00165	0.00635	0.05506	0.00314
2	0.00467	0.00349	0.00434	0.00413	0.00501	0.00316	0.00310	0.00613	0.00929	0.01277	0.68355	0.02710	0.20595	0.00734	0.00404	0.00109	0.00164	0.00640	0.00364	0.00316
3	0.01010	0.65326	0.01575	0.00663	0.00925	0.23868	0.00605	0.01115	0.00768	0.00813	0.00490	0.00567	0.00439	0.00308	0.00243	0.00077	0.00432	0.00193	0.00154	0.00428
4	0.00432	0.00344	0.00388	0.00385	0.00481	0.00299	0.00286	0.00541	0.00832	0.01069	0.30792	0.09951	0.51334	0.00827	0.00407	0.00115	0.00171	0.00708	0.00337	0.00299
5	0.90395	0.00662	0.00503	0.00450	0.00662	0.00767	0.00370	0.01006	0.00582	0.01535	0.00476	0.00556	0.00370	0.00318	0.00212	0.00106	0.00265	0.00185	0.00212	0.00370
6	0.02592	0.00693	0.05720	0.00649	0.00920	0.00594	0.00561	0.12587	0.01026	0.65690	0.01209	0.01092	0.00782	0.00497	0.03646	0.00123	0.00338	0.00333	0.00385	0.00564
7	0.00931	0.00901	0.06415	0.01071	0.09593	0.02220	0.22063	0.15777	0.25782	0.04333	0.00915	0.00981	0.00687	0.00392	0.00410	0.00113	0.06289	0.00351	0.00259	0.00514
8	0.02209	0.00958	0.10698	0.00979	0.06099	0.04441	0.17842	0.14609	0.32691	0.01375	0.00956	0.01002	0.00719	0.00436	0.02240	0.00121	0.01503	0.00347	0.00263	0.00512
9	0.00795	0.00686	0.00720	0.00652	0.00836	0.00781	0.00506	0.01652	0.74668	0.01368	0.01651	0.01528	0.11629	0.00514	0.00355	0.00116	0.00259	0.00429	0.00344	0.00510
10	0.00868	0.00798	0.01183	0.13562	0.44970	0.02264	0.00894	0.10507	0.11249	0.01207	0.00731	0.00893	0.00586	0.00369	0.00412	0.00109	0.08371	0.00313	0.00207	0.00506
11	0.00427	0.00347	0.00378	0.00371	0.00476	0.00299	0.00278	0.00535	0.00834	0.01052	0.26998	0.03081	0.62093	0.00819	0.00404	0.00113	0.00170	0.00692	0.00335	0.00299
12	0.01238	0.00767	0.00826	0.00661	0.00891	0.05678	0.00536	0.34778	0.08262	0.28115	0.01060	0.01021	0.00738	0.00414	0.00326	0.00101	0.00323	0.00322	0.13413	0.00530
13	0.00650	0.00343	0.00345	0.00341	0.00427	0.00349	0.00256	0.00856	0.05574	0.01284	0.01132	0.01275	0.00886	0.00402	0.00245	0.00082	0.00166	0.00323	0.84732	0.00332
14	0.00467	0.00347	0.00435	0.00417	0.00502	0.00315	0.00311	0.00611	0.00921	0.01270	0.67394	0.06235	0.18020	0.00745	0.00405	0.00110	0.00165	0.00652	0.00364	0.00315
15	0.00838	0.67343	0.13505	0.00623	0.00918	0.01172	0.00648	0.00979	0.00686	0.00839	0.00588	0.04301	0.00560	0.05369	0.00331	0.00096	0.00377	0.00244	0.00157	0.00428
16	0.00745	0.23907	0.64581	0.00875	0.01326	0.00938	0.01090	0.01068	0.00715	0.01012	0.00578	0.00678	0.00435	0.00317	0.00298	0.00099	0.00470	0.00235	0.00145	0.00488
17	0.90395	0.00662	0.00503	0.00450	0.00662	0.00767	0.00370	0.01006	0.00582	0.01535	0.00476	0.00556	0.00370	0.00318	0.00212	0.00106	0.00265	0.00185	0.00212	0.00370
18	0.00653	0.00476	0.00606	0.00593	0.00709	0.00488	0.02318	0.05106	0.15360	0.05534	0.10711	0.16871	0.08624	0.00848	0.03873	0.00148	0.00292	0.26089	0.00326	0.00376
19	0.00470	0.00362	0.00429	0.00404	0.00509	0.00317	0.00304	0.00603	0.00875	0.01186	0.48335	0.04679	0.31955	0.00735	0.00393	0.00107	0.00172	0.00634	0.02064	0.05467
20	0.00470	0.00363	0.00416	0.00423	0.00504	0.01137	0.00306	0.01528	0.00787	0.02319	0.20766	0.25287	0.37881	0.04357	0.00474	0.00129	0.01493	0.00735	0.00324	0.00300
21	0.02210	0.04883	0.25483	0.01898	0.06779	0.14656	0.06467	0.02376	0.05238	0.03678	0.02299	0.00796	0.00565	0.00327	0.00310	0.00091	0.00426	0.00264	0.00194	0.21062
22	0.01074	0.42171	0.01360	0.00744	0.00963	0.41241	0.00631	0.01172	0.00813	0.00821	0.00499	0.00593	0.00440	0.00340	0.00318	0.00085	0.05952	0.00208	0.00161	0.00415
23	0.01276	0.00946	0.01013	0.00782	0.01052	0.01050	0.00644	0.80277	0.06074	0.02117	0.00852	0.00846	0.00606	0.00413	0.00343	0.00103	0.00371	0.00312	0.00343	0.00580
24	0.00882	0.00677	0.04479	0.34961	0.01500	0.00693	0.05369	0.14543	0.00909	0.15409	0.04913	0.05799	0.03587	0.00447	0.00354	0.00111	0.00377	0.01669	0.02879	0.00442
25	0.00486	0.00354	0.00411	0.00403	0.00504	0.00310	0.00302	0.00597	0.00837	0.05016	0.29457	0.11641	0.45527	0.00815	0.00406	0.00116	0.00180	0.01986	0.00341	0.00313
26	0.00875	0.03269	0.05871	0.09799	0.03959	0.17451	0.00626	0.11187	0.17042	0.03175	0.06050	0.08389	0.08789	0.00506	0.00359	0.00108	0.01430	0.00411	0.00265	0.00437
27	0.00418	0.00300	0.00396	0.00471	0.00495	0.00279	0.00316	0.00480	0.00665	0.00885	0.03597	0.83292	0.05023	0.01058	0.00435	0.00138	0.00197	0.00957	0.00319	0.00279
28	0.01089	0.36471	0.01347	0.00823	0.05681	0.35182	0.02309	0.09832	0.00906	0.00987	0.00549	0.00631	0.00463	0.00329	0.00278	0.00084	0.00471	0.00222	0.00181	0.02165
29	0.00489	0.00363	0.00532	0.00531	0.00588	0.00416	0.00406	0.00603	0.00559	0.00802	0.03714	0.01457	0.00965	0.09476	0.76861	0.00517	0.00844	0.00385	0.00192	0.00298
30	0.88504	0.00660	0.00509	0.00453	0.00666	0.00762	0.00373	0.01020	0.00591	0.03334	0.00495	0.00569	0.00381	0.00320	0.00215	0.00106	0.00265	0.00189	0.00216	0.00375
31	0.64154	0.00710	0.00624	0.00538	0.00755	0.00808	0.00446	0.19873	0.00828	0.01640	0.00645	0.00841	0.00527	0.00381	0.00259	0.00109	0.00293	0.05905	0.00248	0.00414
32	0.00971	0.56136	0.01519	0.00735	0.05162	0.08748	0.04100	0.08146	0.00816	0.04783	0.00647	0.05647	0.00583	0.00359	0.00269	0.00085	0.00387	0.00265	0.00190	0.00451
33	0.00951	0.64967	0.01666	0.00711	0.00981	0.11569	0.08020	0.01073	0.00735	0.02091	0.00513	0.00608	0.00453	0.00315	0.00287	0.00082	0.04173	0.00214	0.00157	0.00435
34	0.00427	0.00345	0.00380	0.00377	0.00477	0.00297	0.00280	0.00533	0.00825	0.01044	0.25909	0.07665	0.58581	0.00832	0.00406	0.00115	0.00171	0.00707	0.00334	0.00297
35	0.00870	0.00744	0.00760	0.00681	0.00871	0.04376	0.00529	0.02916	0.71971	0.04177	0.03952	0.01354	0.04314	0.00480	0.00350	0.00114	0.00280	0.00397	0.00343	0.00521
36	0.00724	0.02162	0.17271	0.42220	0.12874	0.04215	0.01984	0.00955	0.00726	0.04210	0.00758	0.08997	0.00647	0.00404	0.00345	0.00112	0.00435	0.00355	0.00180	0.00426
37	0.00696	0.00443	0.00544	0.00532	0.00634	0.00444	0.00389	0.02194	0.17060	0.13945	0.09106	0.41702	0.03085	0.04768	0.01821	0.00140	0.00242	0.00682	0.01191	0.00381
38	0.00492	0.00324	0.00390	0.00403	0.00408	0.00323	0.00241	0.00494	0.00521	0.00697	0.01166	0.16421	0.01345	0.63046	0.04507	0.07902	0.00327	0.00555	0.00220	0.00218
39	0.16559	0.00561	0.00673	0.00565	0.00760	0.00555	0.03196	0.05662	0.06378	0.30353	0.08827	0.03744	0.13178	0.00625	0.04576	0.00132	0.00300	0.02579	0.00332	0.00446
40	0.00766	0.00798	0.04981	0.03254	0.46274	0.06129	0.02104	0.00946	0.02060	0.01033	0.03012	0.10284	0.06743	0.00473	0.00436	0.00112	0.09529	0.00407	0.00200	0.00458
41	0.00545	0.00432	0.00484	0.00519	0.00568	0.05627	0.00372	0.03957	0.00698	0.00901	0.01556	0.43065	0.02912	0.18157	0.05639	0.00198	0.00316	0.13482	0.00280	0.00291
42	0.00423	0.00303	0.00403	0.00481	0.00505	0.00283	0.00327	0.00487	0.00663	0.00881	0.01903	0.82871	0.03374	0.01063	0.00438	0.00139	0.00203	0.04655	0.00317	0.00280
43	0.00538	0.00497	0.03738	0.00872	0.18796	0.00442	0.04592	0.00658	0.00716	0.00968	0.04885	0.50154	0.10169	0.00809	0.00406	0.00125	0.00268	0.00738	0.00275	0.00354
44	0.04431	0.02193	0.20547	0.03035	0.07952	0.03818	0.33092	0.07209	0.02126	0.03708	0.00744	0.03327	0.00594	0.00366	0.00385	0.00112	0.03337	0.02356	0.00196	0.00472
45	0.01091	0.05124	0.02508	0.00936	0.05987	0.16165	0.13707	0.35884	0.01163	0.03914	0.00903	0.01045	0.04577	0.00412	0.00347	0.00103	0.00436	0.03786	0.01421	0.00492
46	0.05643	0.10475	0.09561	0.02001	0.06628	0.15072	0.23035	0.08022	0.00838	0.01939	0.00789	0.00933	0.05396	0.01449	0.00416	0.03892	0.02964	0.00319	0.00193	0.00434

[dist]
# distance from previous block
# <min> <max>
12	14

[block]
# block no. 10 follows, 82 sequences, length 31
# corresponding to MSA columns:
# 1145-1175
name=unknown_K
#
# <colnr> <probs for GDERKNQSTAVLIFYWHMCP>
#	G	D	E	R	K	N	Q	S	T	A	V	L	I	F	Y	W	H	M	C	P
0	0.00585	0.02723	0.00511	0.02484	0.00544	0.00354	0.00358	0.00514	0.00517	0.00685	0.00831	0.05645	0.00865	0.02075	0.04530	0.64888	0.00325	0.11189	0.00181	0.00197
1	0.00782	0.00910	0.14458	0.07102	0.12825	0.12804	0.03239	0.02491	0.05415	0.04690	0.01022	0.14638	0.02992	0.00672	0.06946	0.00146	0.02958	0.03788	0.00223	0.01899
2	0.00476	0.00370	0.02139	0.00502	0.00558	0.00334	0.01650	0.00583	0.03611	0.02303	0.01898	0.60375	0.09754	0.07368	0.00525	0.00150	0.00230	0.06570	0.00306	0.00298
3	0.01879	0.00481	0.00640	0.00557	0.00737	0.00427	0.00448	0.01194	0.00872	0.49557	0.02630	0.17275	0.10006	0.00654	0.00383	0.00119	0.00264	0.11043	0.00377	0.00459
4	0.00805	0.07477	0.50397	0.01038	0.03624	0.10160	0.15695	0.02215	0.03465	0.01065	0.00637	0.00756	0.00474	0.00324	0.00331	0.00105	0.00509	0.00277	0.00163	0.00484
5	0.04644	0.06487	0.23003	0.05118	0.06470	0.03800	0.20356	0.12453	0.09014	0.01241	0.00719	0.00839	0.00543	0.00372	0.01356	0.00113	0.02472	0.00308	0.00204	0.00486
6	0.00437	0.00319	0.00412	0.00479	0.00510	0.00304	0.00324	0.00537	0.04235	0.00905	0.03394	0.78893	0.04820	0.02108	0.00447	0.00139	0.00202	0.00928	0.00319	0.00289
7	0.00795	0.00745	0.01249	0.06040	0.71299	0.00752	0.00947	0.00977	0.00744	0.01055	0.00706	0.01045	0.00635	0.09755	0.00492	0.00128	0.00399	0.01569	0.00175	0.00495
8	0.00795	0.01006	0.23876	0.05008	0.29505	0.01662	0.03573	0.03676	0.06261	0.04696	0.00835	0.06662	0.00720	0.00427	0.00403	0.00113	0.06269	0.03823	0.00204	0.00486
9	0.00912	0.12787	0.09840	0.03850	0.27783	0.18719	0.14558	0.01970	0.02378	0.01014	0.00646	0.02820	0.00540	0.00336	0.00328	0.00099	0.00476	0.00299	0.00174	0.00470
10	0.00562	0.03029	0.00578	0.00519	0.00568	0.00512	0.00383	0.00683	0.05437	0.00818	0.01049	0.01644	0.04563	0.32827	0.29443	0.00338	0.11500	0.00414	0.04835	0.00296
11	0.11260	0.00466	0.00515	0.00473	0.00609	0.00463	0.00364	0.04830	0.08282	0.10327	0.23422	0.11423	0.21000	0.00656	0.00363	0.00112	0.00214	0.00552	0.04294	0.00375
12	0.00851	0.00735	0.00773	0.00696	0.00890	0.00851	0.00541	0.01818	0.85226	0.01431	0.01392	0.01276	0.01044	0.00464	0.00348	0.00116	0.00271	0.00387	0.00348	0.00541
13	0.00605	0.00368	0.00433	0.00416	0.00452	0.00366	0.00260	0.00657	0.03199	0.08775	0.01139	0.05431	0.01219	0.68832	0.05043	0.00302	0.00343	0.00490	0.01409	0.00261
14	0.00920	0.22115	0.08359	0.01071	0.01387	0.10660	0.39880	0.08548	0.00860	0.01087	0.00624	0.00771	0.00489	0.00314	0.00345	0.00101	0.01520	0.00308	0.00179	0.00462
15	0.00889	0.78352	0.11397	0.00630	0.00947	0.01290	0.00663	0.01031	0.00698	0.00836	0.00491	0.00568	0.00438	0.00296	0.00231	0.00077	0.00382	0.00191	0.00146	0.00447
16	0.07333	0.03240	0.00821	0.00616	0.00871	0.00627	0.00511	0.15197	0.01037	0.59556	0.01272	0.01170	0.04320	0.00435	0.00335	0.00105	0.00301	0.01321	0.00382	0.00548
17	0.01000	0.52565	0.04164	0.00835	0.10093	0.18836	0.00676	0.06539	0.00821	0.00942	0.00531	0.00618	0.00459	0.00315	0.00262	0.00082	0.00427	0.00214	0.00168	0.00453
18	0.00462	0.00374	0.00414	0.00401	0.00510	0.00338	0.00303	0.00632	0.06367	0.01107	0.30471	0.02925	0.51735	0.00786	0.00401	0.00114	0.00178	0.01828	0.00339	0.00317
19	0.12862	0.00645	0.00745	0.00616	0.00845	0.00659	0.00496	0.03523	0.28668	0.42759	0.03719	0.01155	0.00914	0.00431	0.00330	0.00109	0.00279	0.00345	0.00368	0.00533
20	0.00481	0.00364	0.00448	0.00421	0.00517	0.00331	0.00317	0.00646	0.02872	0.01275	0.64754	0.02634	0.20124	0.00718	0.00399	0.00108	0.00169	0.00625	0.00360	0.02439
21	0.00816	0.00879	0.01800	0.01375	0.07665	0.00836	0.67652	0.06487	0.00856	0.01155	0.00878	0.01066	0.06098	0.00335	0.00395	0.00114	0.00525	0.00411	0.00193	0.00464
22	0.00486	0.00389	0.00547	0.00549	0.00617	0.00379	0.05855	0.00635	0.06205	0.00982	0.10550	0.56511	0.09795	0.00911	0.00439	0.00131	0.02242	0.02151	0.00312	0.00315
23	0.10175	0.00424	0.00526	0.00507	0.00589	0.00470	0.00382	0.05731	0.00649	0.00981	0.06569	0.04099	0.04593	0.15684	0.46673	0.00381	0.00618	0.00414	0.00222	0.00313
24	0.08421	0.02926	0.02157	0.00955	0.07459	0.50544	0.06127	0.07249	0.05039	0.01057	0.00603	0.00702	0.00487	0.00362	0.00350	0.00098	0.04583	0.00254	0.00196	0.00431
25	0.03317	0.00534	0.00484	0.00468	0.00513	0.12561	0.00301	0.00686	0.00598	0.04301	0.01042	0.07453	0.01145	0.61752	0.03249	0.00273	0.00373	0.00470	0.00219	0.00261
26	0.00577	0.00471	0.00517	0.00492	0.00581	0.04628	0.00371	0.06009	0.01774	0.00984	0.09170	0.02218	0.26201	0.16260	0.18056	0.00240	0.03611	0.04813	0.02714	0.00313
27	0.00808	0.00788	0.01676	0.13851	0.31416	0.12683	0.04301	0.02333	0.02151	0.03548	0.09158	0.05351	0.03229	0.00577	0.06522	0.00137	0.00441	0.00378	0.00213	0.00438
28	0.00668	0.00620	0.00968	0.62382	0.08362	0.02031	0.00844	0.02799	0.00719	0.00937	0.00814	0.01061	0.06062	0.00463	0.03984	0.00127	0.00441	0.00326	0.00174	0.06218
29	0.02144	0.01888	0.05172	0.14360	0.14872	0.05079	0.02640	0.06799	0.06246	0.01108	0.12156	0.02394	0.05815	0.06418	0.10143	0.00172	0.01563	0.00394	0.00231	0.00407
30	0.00861	0.00729	0.06421	0.00633	0.00941	0.00563	0.05965	0.08610	0.00826	0.11146	0.00728	0.00812	0.00561	0.01725	0.00311	0.00074	0.00308	0.00250	0.00236	0.58299

[dist]
# distance from previous block
# <min> <max>
4	8

[block]
# block no. 11 follows, 82 sequences, length 25
# corresponding to MSA columns:
# 1329-1335,1732-1749
name=unknown_L
#
# <colnr> <probs for GDERKNQSTAVLIFYWHMCP>
#	G	D	E	R	K	N	Q	S	T	A	V	L	I	F	Y	W	H	M	C	P
0	0.00724	0.02141	0.43684	0.05739	0.15569	0.00753	0.06845	0.01033	0.02759	0.03317	0.00762	0.04469	0.00630	0.00498	0.04840	0.00134	0.02502	0.02947	0.00178	0.00475
1	0.00828	0.00834	0.03679	0.07007	0.72544	0.00813	0.07166	0.01044	0.00774	0.01101	0.00644	0.00853	0.00532	0.00306	0.00343	0.00104	0.00424	0.00311	0.00168	0.00525
2	0.00546	0.00381	0.00522	0.00513	0.00583	0.00415	0.00386	0.00673	0.03262	0.05235	0.01222	0.04330	0.08119	0.14401	0.57320	0.00432	0.00695	0.00434	0.00220	0.00311
3	0.00821	0.19781	0.45668	0.00912	0.01308	0.05653	0.09782	0.05556	0.05435	0.01088	0.00642	0.00737	0.00485	0.00328	0.00312	0.00101	0.00470	0.00262	0.00171	0.00487
