[name]
unknown

[dist]
# distance from previous block
# <min> <max>
0	10

[block]
# block no. 0 follows, 81 sequences, length 14
# corresponding to MSA columns:
# 10-23
name=unknown_A
#
# <colnr> <probs for GDERKNQSTAVLIFYWHMCP>
#	G	D	E	R	K	N	Q	S	T	A	V	L	I	F	Y	W	H	M	C	P
0	0.00439	0.00328	0.00401	0.00439	0.00494	0.00299	0.00308	0.00521	0.00735	0.00960	0.14409	0.43101	0.24441	0.07275	0.00525	0.00144	0.00203	0.04370	0.00321	0.00287
1	0.00478	0.00354	0.00422	0.00410	0.00505	0.00314	0.00306	0.00604	0.00880	0.03234	0.45314	0.09505	0.34829	0.00794	0.00409	0.00114	0.00174	0.00686	0.00354	0.00316
2	0.00431	0.00342	0.00386	0.00406	0.00493	0.00300	0.00299	0.00522	0.00771	0.00965	0.10863	0.22011	0.51587	0.03188	0.00455	0.00130	0.00193	0.06044	0.00323	0.00292
3	0.00909	0.82561	0.07188	0.00616	0.00925	0.01331	0.00635	0.01038	0.00704	0.00831	0.00489	0.00565	0.00443	0.00298	0.00228	0.00076	0.00378	0.00189	0.00148	0.00448
4	0.01290	0.01646	0.00979	0.00890	0.01068	0.86472	0.00667	0.01379	0.00979	0.00845	0.00534	0.00623	0.00445	0.00356	0.00311	0.00089	0.00623	0.00222	0.00178	0.00400
5	0.90299	0.00668	0.00508	0.00454	0.00668	0.00775	0.00374	0.01015	0.00588	0.01550	0.00481	0.00561	0.00374	0.00321	0.00214	0.00107	0.00267	0.00187	0.00214	0.00374
6	0.01296	0.00905	0.01047	0.00802	0.01077	0.00977	0.05102	0.65286	0.05487	0.13064	0.00920	0.00902	0.00642	0.00412	0.00349	0.00105	0.00375	0.00325	0.00347	0.00579
7	0.00532	0.00428	0.00564	0.00559	0.00622	0.04472	0.00428	0.00645	0.00572	0.00795	0.00918	0.01381	0.00869	0.08033	0.76924	0.00519	0.00873	0.00372	0.00186	0.00306
8	0.00942	0.03098	0.40928	0.02438	0.05600	0.15755	0.03063	0.07793	0.08287	0.07727	0.00749	0.00814	0.00546	0.00358	0.00331	0.00105	0.00475	0.00279	0.00209	0.00504
9	0.00422	0.00348	0.00371	0.00371	0.00477	0.00297	0.00276	0.00521	0.00812	0.01006	0.17041	0.07700	0.67447	0.00858	0.00410	0.00117	0.00174	0.00725	0.00331	0.00297
10	0.00855	0.00821	0.01402	0.02120	0.85704	0.00821	0.01060	0.01060	0.00787	0.01129	0.00650	0.00855	0.00547	0.00308	0.00342	0.00103	0.00410	0.00308	0.00171	0.00547
11	0.00792	0.00439	0.00539	0.00487	0.00583	0.00425	0.00348	0.06218	0.00748	0.20575	0.05662	0.05884	0.04601	0.42074	0.04311	0.00237	0.00329	0.05113	0.00292	0.00344
12	0.78267	0.05995	0.00619	0.00482	0.00705	0.00815	0.00404	0.04561	0.00651	0.04235	0.00524	0.00592	0.00403	0.00327	0.00224	0.00105	0.00279	0.00197	0.00222	0.00394
13	0.00669	0.01557	0.02736	0.04274	0.00764	0.04550	0.00453	0.04878	0.05377	0.00972	0.01843	0.03823	0.00881	0.22059	0.19289	0.00250	0.04475	0.00368	0.02065	0.18717

[dist]
# distance from previous block
# <min> <max>
16	26

[block]
# block no. 1 follows, 81 sequences, length 9
# corresponding to MSA columns:
# 59-67
name=unknown_B
#
# <colnr> <probs for GDERKNQSTAVLIFYWHMCP>
#	G	D	E	R	K	N	Q	S	T	A	V	L	I	F	Y	W	H	M	C	P
0	0.00812	0.00783	0.09159	0.22450	0.11848	0.03904	0.00755	0.07957	0.09780	0.07564	0.07044	0.06815	0.05922	0.00477	0.00382	0.00113	0.03133	0.00402	0.00250	0.00450
1	0.00573	0.00429	0.00519	0.00494	0.00596	0.00431	0.00373	0.06758	0.05320	0.02992	0.16251	0.15509	0.24003	0.03438	0.15670	0.01698	0.01989	0.00599	0.00302	0.02056
2	0.00623	0.00516	0.00728	0.00676	0.00713	0.00653	0.00538	0.00719	0.00581	0.03465	0.00916	0.14838	0.00929	0.01425	0.33508	0.00300	0.34777	0.00438	0.03317	0.00340
3	0.00439	0.00348	0.00443	0.00455	0.00530	0.00312	0.03223	0.00526	0.00743	0.00953	0.10646	0.40190	0.35335	0.03631	0.00464	0.00133	0.00204	0.00812	0.00318	0.00294
4	0.50220	0.05676	0.00779	0.00588	0.00831	0.00899	0.00491	0.30142	0.00974	0.05596	0.00643	0.00682	0.00474	0.00357	0.00266	0.00104	0.00314	0.00237	0.00266	0.00462
5	0.06209	0.08337	0.06306	0.00859	0.01081	0.61573	0.03268	0.06623	0.00956	0.00991	0.00556	0.00643	0.00452	0.00349	0.00305	0.00092	0.00559	0.00231	0.00186	0.00423
6	0.00857	0.10164	0.11639	0.01117	0.01426	0.05068	0.42557	0.07925	0.04123	0.01137	0.00795	0.00945	0.03995	0.00361	0.00416	0.00111	0.06351	0.00355	0.00194	0.00466
7	0.00489	0.00365	0.00458	0.00473	0.00541	0.00360	0.00348	0.00603	0.02858	0.02381	0.10872	0.25828	0.23698	0.07786	0.14038	0.00211	0.02329	0.05763	0.00296	0.00304
8	0.00866	0.07486	0.04016	0.07718	0.17500	0.12770	0.05089	0.08779	0.05520	0.03408	0.02748	0.12601	0.04260	0.00522	0.01787	0.00116	0.03726	0.00410	0.00231	0.00444

[dist]
# distance from previous block
# <min> <max>
3	14

[block]
# block no. 2 follows, 81 sequences, length 30
# corresponding to MSA columns:
# 83-112
name=unknown_C
#
# <colnr> <probs for GDERKNQSTAVLIFYWHMCP>
#	G	D	E	R	K	N	Q	S	T	A	V	L	I	F	Y	W	H	M	C	P
0	0.00519	0.00449	0.02109	0.00517	0.00624	0.00435	0.03169	0.00704	0.08261	0.00968	0.08047	0.10002	0.30063	0.07915	0.19392	0.00231	0.03148	0.00572	0.00273	0.02600
1	0.01296	0.00914	0.00987	0.00765	0.01031	0.02167	0.00629	0.69519	0.04970	0.10489	0.03111	0.00926	0.00701	0.00425	0.00347	0.00104	0.00365	0.00325	0.00353	0.00576
2	0.44996	0.00912	0.03041	0.00685	0.00924	0.10532	0.05554	0.25297	0.00949	0.01600	0.00604	0.00676	0.00456	0.00356	0.00296	0.00105	0.02080	0.00244	0.00243	0.00448
3	0.00536	0.00359	0.00431	0.00431	0.00526	0.00319	0.00320	0.00644	0.00819	0.07967	0.22702	0.22619	0.33723	0.00832	0.00407	0.00120	0.00192	0.03298	0.03432	0.00323
4	0.00702	0.00592	0.00793	0.00679	0.00823	0.03198	0.10795	0.05169	0.15273	0.04474	0.19757	0.09519	0.11452	0.02356	0.06321	0.00152	0.05707	0.01541	0.00300	0.00398
5	0.00481	0.00357	0.00429	0.00412	0.00464	0.00340	0.02443	0.00533	0.00632	0.00819	0.08029	0.03675	0.25316	0.48715	0.05702	0.00259	0.00313	0.00573	0.00253	0.00254
6	0.00766	0.00751	0.01263	0.42810	0.37348	0.02963	0.07172	0.00986	0.00748	0.01002	0.00633	0.00887	0.00501	0.00326	0.00348	0.00109	0.00453	0.00313	0.00163	0.00459
7	0.00652	0.00614	0.01036	0.87029	0.02379	0.00768	0.00959	0.00883	0.00691	0.00883	0.00614	0.00921	0.00461	0.00345	0.00345	0.00115	0.00461	0.00307	0.00154	0.00384
8	0.00736	0.00613	0.00718	0.00514	0.00820	0.00462	0.00412	0.00889	0.00723	0.03160	0.00632	0.00727	0.00520	0.00260	0.00258	0.00053	0.00257	0.00208	0.00210	0.87827
9	0.00607	0.00529	0.00684	0.00641	0.02735	0.00632	0.00483	0.04150	0.00649	0.00889	0.01463	0.04739	0.22279	0.17202	0.09851	0.00215	0.31224	0.00479	0.00223	0.00327
10	0.00726	0.12729	0.65211	0.07320	0.02732	0.00874	0.02244	0.01082	0.02096	0.01049	0.00616	0.00735	0.00453	0.00327	0.00317	0.00105	0.00484	0.00255	0.00151	0.00493
11	0.00714	0.00684	0.01146	0.06740	0.17624	0.02856	0.21621	0.04532	0.00757	0.01028	0.01020	0.25498	0.01046	0.03338	0.01463	0.01101	0.07677	0.00528	0.00221	0.00407
12	0.84257	0.00716	0.00541	0.00481	0.00695	0.04262	0.00394	0.03310	0.00632	0.01538	0.00493	0.00571	0.00383	0.00325	0.00221	0.00106	0.00285	0.00192	0.00216	0.00381
13	0.00853	0.00969	0.01636	0.01233	0.01472	0.12025	0.52392	0.01064	0.00768	0.01004	0.00653	0.03071	0.00543	0.00391	0.00561	0.00121	0.20264	0.00374	0.00174	0.00433
14	0.00437	0.00302	0.00395	0.00469	0.00494	0.00284	0.00315	0.00505	0.00666	0.00912	0.01847	0.81244	0.02181	0.01032	0.00426	0.00136	0.00198	0.00933	0.06940	0.00284
15	0.00731	0.00612	0.00670	0.00614	0.00769	0.00686	0.00471	0.01421	0.56874	0.01328	0.15161	0.01673	0.06897	0.04068	0.06318	0.00154	0.00296	0.00454	0.00337	0.00465
16	0.01178	0.00944	0.01149	0.00882	0.01149	0.04902	0.14033	0.59849	0.02500	0.03312	0.00876	0.06019	0.00683	0.00433	0.00360	0.00107	0.00410	0.00364	0.00311	0.00541
17	0.00600	0.00300	0.00450	0.00450	0.00450	0.00300	0.00300	0.00450	0.00450	0.00600	0.00600	0.01050	0.00600	0.01200	0.01350	0.89949	0.00300	0.00300	0.00150	0.00150
18	0.00791	0.05700	0.61118	0.00904	0.01323	0.07167	0.01070	0.07678	0.03611	0.01138	0.00672	0.00800	0.00506	0.02638	0.03319	0.00127	0.00504	0.00269	0.00174	0.00492
19	0.00579	0.00444	0.00520	0.00535	0.00626	0.00458	0.00392	0.02873	0.22012	0.02236	0.04504	0.44735	0.11588	0.00851	0.00409	0.00130	0.00226	0.04908	0.01611	0.00364
20	0.00712	0.01650	0.72639	0.01060	0.01545	0.00814	0.14570	0.01096	0.00743	0.01096	0.00633	0.00762	0.00451	0.00322	0.00341	0.00111	0.00522	0.00280	0.00150	0.00503
21	0.02443	0.00882	0.04118	0.07705	0.41156	0.03551	0.00887	0.18914	0.06962	0.01328	0.00715	0.00860	0.00568	0.00373	0.00409	0.00109	0.07972	0.00307	0.00218	0.00520
22	0.03880	0.00788	0.10045	0.00823	0.01095	0.00648	0.22532	0.05148	0.03350	0.09376	0.00895	0.06435	0.00731	0.00394	0.00352	0.00099	0.02493	0.01473	0.11008	0.18433
23	0.00422	0.00349	0.00370	0.00369	0.00476	0.00297	0.00275	0.00521	0.00814	0.01006	0.16894	0.06264	0.69041	0.00855	0.00409	0.00116	0.00174	0.00721	0.00331	0.00297
24	0.00600	0.00300	0.00450	0.00450	0.00450	0.00300	0.00300	0.00450	0.00450	0.00600	0.00600	0.01050	0.00600	0.01200	0.01350	0.89949	0.00300	0.00300	0.00150	0.00150
25	0.00935	0.85385	0.01784	0.00600	0.00892	0.04009	0.00593	0.01045	0.00711	0.00814	0.00482	0.00556	0.00443	0.00297	0.00224	0.00074	0.00377	0.00186	0.00149	0.00442
26	0.03802	0.02815	0.03602	0.02682	0.00770	0.08114	0.00511	0.05022	0.03543	0.00936	0.00858	0.01183	0.00767	0.01942	0.61356	0.00423	0.00786	0.00338	0.00196	0.00353
27	0.07369	0.00565	0.02735	0.00521	0.00682	0.00574	0.00422	0.08376	0.20567	0.08940	0.03268	0.04007	0.03864	0.00472	0.00308	0.00102	0.00241	0.02495	0.34065	0.00428
28	0.00483	0.00335	0.00400	0.00421	0.00442	0.00322	0.00262	0.00513	0.00573	0.00767	0.01391	0.30268	0.02775	0.53131	0.01226	0.00254	0.00285	0.02604	0.00250	0.03297
29	0.05377	0.19574	0.00816	0.00539	0.00668	0.07894	0.00431	0.00822	0.04476	0.00913	0.07627	0.03580	0.05799	0.17060	0.20491	0.00247	0.00471	0.02653	0.00220	0.00342

[dist]
# distance from previous block
# <min> <max>
4	33

[block]
# block no. 3 follows, 81 sequences, length 44
# corresponding to MSA columns:
# 152-195
name=unknown_D
#
# <colnr> <probs for GDERKNQSTAVLIFYWHMCP>
#	G	D	E	R	K	N	Q	S	T	A	V	L	I	F	Y	W	H	M	C	P
0	0.16428	0.34513	0.13202	0.01864	0.04552	0.08404	0.03127	0.06987	0.03919	0.01128	0.00651	0.00727	0.02511	0.00339	0.00273	0.00094	0.00395	0.00241	0.00189	0.00452
1	0.00872	0.00700	0.00939	0.02734	0.14663	0.01510	0.05093	0.15365	0.12481	0.06722	0.06351	0.03661	0.06152	0.02506	0.02995	0.00130	0.10040	0.00395	0.03786	0.02906
2	0.01792	0.10374	0.03472	0.01938	0.02461	0.18519	0.00717	0.08809	0.00778	0.05479	0.00566	0.00737	0.00485	0.00475	0.00698	0.00121	0.41689	0.00274	0.00190	0.00427
3	0.00422	0.00302	0.00402	0.00480	0.00501	0.00282	0.00321	0.00485	0.00668	0.00892	0.03650	0.85858	0.02305	0.01074	0.00440	0.00140	0.00200	0.00975	0.00322	0.00282
4	0.00491	0.00389	0.00448	0.00441	0.00539	0.00367	0.00327	0.00704	0.10451	0.01150	0.33162	0.15312	0.33346	0.00797	0.00406	0.00117	0.00186	0.00690	0.00346	0.00332
5	0.00638	0.00377	0.00501	0.00507	0.00587	0.00362	0.00370	0.00755	0.02900	0.14585	0.10130	0.43716	0.03953	0.03410	0.12419	0.00193	0.00318	0.01877	0.02056	0.00345
6	0.02695	0.00777	0.00826	0.00692	0.00906	0.00869	0.00555	0.36463	0.35979	0.01716	0.03350	0.01244	0.03904	0.00470	0.00346	0.00110	0.00306	0.02179	0.06087	0.00527
7	0.00698	0.01753	0.82687	0.01004	0.01508	0.00805	0.04624	0.01095	0.00733	0.01095	0.00623	0.00738	0.00441	0.00327	0.00331	0.00110	0.00513	0.00261	0.00147	0.00509
8	0.00961	0.00763	0.00891	0.00744	0.00965	0.00835	0.05167	0.23703	0.41919	0.04661	0.01177	0.02106	0.00917	0.00548	0.03822	0.00130	0.00347	0.04671	0.00326	0.05349
9	0.00681	0.00492	0.00560	0.00442	0.00652	0.00401	0.00345	0.00831	0.00732	0.02776	0.03725	0.02783	0.04185	0.01423	0.00286	0.00071	0.00220	0.00298	0.28603	0.50494
10	0.00500	0.00354	0.00455	0.00492	0.00537	0.00351	0.00365	0.00585	0.00670	0.00888	0.06603	0.16612	0.06109	0.29902	0.07085	0.00238	0.00332	0.27371	0.00277	0.00274
11	0.00901	0.00809	0.01111	0.00895	0.01129	0.00886	0.20095	0.12897	0.49761	0.01440	0.01147	0.01191	0.00873	0.00435	0.00388	0.00117	0.02731	0.02367	0.00303	0.00523
12	0.00429	0.00314	0.00401	0.00463	0.00499	0.00293	0.00316	0.00494	0.00670	0.00879	0.02054	0.66418	0.14108	0.05415	0.03749	0.00163	0.00233	0.02513	0.00310	0.00280
13	0.00774	0.00655	0.00783	0.05120	0.03379	0.00551	0.00482	0.08469	0.02642	0.01215	0.00652	0.00754	0.00529	0.00281	0.00273	0.00062	0.00283	0.00227	0.00217	0.72652
14	0.00768	0.01243	0.35216	0.01287	0.14085	0.03570	0.31152	0.01076	0.00792	0.01113	0.05798	0.00930	0.00656	0.00336	0.00363	0.00110	0.00504	0.00339	0.00175	0.00485
15	0.00444	0.00310	0.00396	0.00454	0.00477	0.00293	0.00299	0.00502	0.00653	0.00882	0.05144	0.65716	0.03850	0.15169	0.00647	0.00168	0.00219	0.00863	0.03242	0.00272
16	0.02728	0.00958	0.01166	0.00880	0.01166	0.01039	0.12195	0.71665	0.01496	0.02019	0.00806	0.00839	0.00575	0.00396	0.00352	0.00105	0.00406	0.00322	0.00320	0.00567
17	0.00960	0.00860	0.01075	0.05279	0.30731	0.13514	0.04368	0.10367	0.05391	0.08287	0.01050	0.01334	0.06079	0.00447	0.00359	0.00110	0.00407	0.08652	0.00246	0.00483
18	0.02885	0.01381	0.00999	0.00892	0.01056	0.63481	0.05788	0.01241	0.00904	0.00893	0.00666	0.00980	0.00604	0.00433	0.00404	0.00103	0.08150	0.08557	0.00190	0.00394
19	0.00848	0.00650	0.00723	0.00662	0.00838	0.00716	0.00530	0.08192	0.49365	0.07028	0.01576	0.02846	0.06711	0.00586	0.00378	0.00123	0.00283	0.16118	0.01337	0.00487
20	0.00924	0.88067	0.01810	0.00591	0.00887	0.01367	0.00591	0.01034	0.00702	0.00813	0.00480	0.00554	0.00443	0.00296	0.00222	0.00074	0.00369	0.00185	0.00148	0.00443
21	0.00790	0.00979	0.09187	0.01368	0.01711	0.00851	0.72256	0.01077	0.00795	0.01091	0.00728	0.03940	0.00576	0.00330	0.00420	0.00118	0.02734	0.00412	0.00177	0.00461
22	0.00479	0.00359	0.00417	0.00402	0.00507	0.00316	0.00305	0.00602	0.00876	0.03450	0.39059	0.02959	0.45050	0.00792	0.00408	0.00114	0.00177	0.03063	0.00349	0.00315
23	0.00459	0.00343	0.00422	0.00422	0.00499	0.00311	0.00308	0.00580	0.00860	0.01162	0.47431	0.17078	0.23548	0.03530	0.00456	0.00124	0.00179	0.01632	0.00349	0.00306
24	0.00502	0.00335	0.00377	0.00377	0.00377	0.00335	0.00209	0.00502	0.00502	0.00670	0.01088	0.02261	0.01256	0.87859	0.01758	0.00335	0.00335	0.00502	0.00209	0.00209
25	0.00693	0.01787	0.86069	0.00985	0.01495	0.00802	0.01276	0.01094	0.00729	0.01094	0.00620	0.00729	0.00438	0.00328	0.00328	0.00109	0.00511	0.00255	0.00146	0.00511
26	0.00693	0.01787	0.86069	0.00985	0.01495	0.00802	0.01276	0.01094	0.00729	0.01094	0.00620	0.00729	0.00438	0.00328	0.00328	0.00109	0.00511	0.00255	0.00146	0.00511
27	0.00494	0.00367	0.00539	0.00539	0.00596	0.00423	0.00412	0.00607	0.00551	0.00790	0.00940	0.01437	0.00898	0.10165	0.78964	0.00536	0.00873	0.00382	0.00187	0.00300
28	0.47379	0.04863	0.28241	0.00670	0.00983	0.07125	0.00702	0.01095	0.00683	0.04707	0.00565	0.00644	0.00422	0.00329	0.00264	0.00105	0.00378	0.00218	0.00195	0.00432
29	0.00493	0.00339	0.00391	0.00388	0.00409	0.00334	0.00235	0.00524	0.00583	0.00780	0.11342	0.02351	0.08073	0.67763	0.04375	0.00298	0.00322	0.00530	0.00238	0.00233
30	0.19980	0.18199	0.09603	0.00863	0.08363	0.13794	0.06659	0.06279	0.03114	0.07844	0.00648	0.00725	0.00501	0.00341	0.00303	0.00099	0.01760	0.00252	0.00210	0.00462
31	0.03497	0.01070	0.10521	0.00909	0.04849	0.06400	0.05816	0.53310	0.05604	0.01783	0.00785	0.00828	0.00572	0.00393	0.00357	0.00106	0.02062	0.00306	0.00288	0.00546
32	0.00467	0.00339	0.00471	0.00512	0.00558	0.00351	0.00377	0.00563	0.00642	0.00884	0.04111	0.40289	0.03787	0.02973	0.33713	0.00302	0.00489	0.06858	0.02020	0.00296
33	0.00542	0.00383	0.00529	0.00519	0.00570	0.00425	0.00386	0.00633	0.00586	0.03559	0.05383	0.02644	0.01133	0.25181	0.48907	0.00423	0.04150	0.03539	0.00215	0.00295
34	0.00748	0.00712	0.01209	0.46925	0.41735	0.00793	0.01007	0.00967	0.00736	0.00999	0.00631	0.00890	0.00501	0.00328	0.00344	0.00109	0.00437	0.00307	0.00162	0.00461
35	0.10461	0.00602	0.00635	0.00540	0.00717	0.02938	0.00431	0.16720	0.07600	0.17744	0.01043	0.01090	0.00770	0.00531	0.05269	0.00123	0.00304	0.00316	0.31717	0.00447
36	0.00833	0.00704	0.04173	0.00584	0.00857	0.00605	0.00488	0.16755	0.08392	0.04671	0.01132	0.01148	0.11709	0.00395	0.00308	0.00080	0.00282	0.00318	0.00266	0.46300
37	0.03240	0.00582	0.00670	0.00557	0.00750	0.02908	0.00442	0.10147	0.06215	0.18888	0.27076	0.03272	0.05221	0.00526	0.00354	0.00100	0.00258	0.02687	0.00339	0.15770
38	0.07405	0.00655	0.01794	0.00635	0.00910	0.00585	0.02934	0.09125	0.00974	0.57370	0.01123	0.01027	0.00736	0.00390	0.00327	0.00099	0.00306	0.00314	0.00364	0.12927
39	0.16365	0.00796	0.02592	0.00705	0.00940	0.04978	0.07551	0.29348	0.01080	0.16755	0.07519	0.01074	0.00840	0.05549	0.00412	0.00119	0.00352	0.00335	0.02207	0.00482
40	0.00463	0.00325	0.00416	0.00451	0.00472	0.00323	0.00296	0.00514	0.00601	0.00813	0.04628	0.41494	0.01752	0.32900	0.12706	0.00267	0.00347	0.00710	0.00264	0.00260
41	0.00618	0.00409	0.00501	0.00462	0.00581	0.00378	0.00358	0.03465	0.03167	0.09999	0.46083	0.02611	0.23821	0.00719	0.00402	0.00113	0.00198	0.05391	0.00364	0.00358
42	0.00791	0.00627	0.00755	0.00548	0.00842	0.00500	0.01349	0.02609	0.00749	0.07291	0.00668	0.00756	0.00536	0.00283	0.00295	0.00060	0.03120	0.00223	0.00222	0.77775
43	0.00556	0.00366	0.03225	0.00432	0.00449	0.00333	0.00288	0.00496	0.00484	0.00650	0.00836	0.01624	0.00911	0.42997	0.01514	0.43748	0.00324	0.00396	0.00179	0.00190

[dist]
# distance from previous block
# <min> <max>
3	52

[block]
# block no. 4 follows, 81 sequences, length 71
# corresponding to MSA columns:
# 256-326
name=unknown_E
#
# <colnr> <probs for GDERKNQSTAVLIFYWHMCP>
#	G	D	E	R	K	N	Q	S	T	A	V	L	I	F	Y	W	H	M	C	P
0	0.00922	0.70778	0.02414	0.00702	0.04271	0.05742	0.04157	0.01048	0.00726	0.00859	0.00508	0.00596	0.00455	0.00297	0.00242	0.00077	0.00388	0.00203	0.00155	0.05461
1	0.00559	0.00359	0.00414	0.00405	0.00432	0.00365	0.00250	0.00620	0.03505	0.03521	0.01099	0.02044	0.01176	0.68431	0.08047	0.00316	0.00363	0.00469	0.07372	0.00250
2	0.00899	0.00865	0.02784	0.01094	0.02517	0.05450	0.44730	0.09154	0.09124	0.05725	0.03317	0.01099	0.00741	0.00370	0.00372	0.00111	0.00460	0.02346	0.08375	0.00470
3	0.00425	0.00303	0.00403	0.00480	0.00501	0.00284	0.00321	0.00487	0.00664	0.00887	0.03095	0.83427	0.02273	0.02970	0.00470	0.00144	0.00204	0.02061	0.00319	0.00280
4	0.00470	0.00352	0.00435	0.00415	0.00504	0.00318	0.00311	0.00615	0.00933	0.01279	0.66169	0.02756	0.22679	0.00746	0.00408	0.00111	0.00166	0.00649	0.00366	0.00318
5	0.00434	0.00351	0.00386	0.00377	0.00483	0.00303	0.00283	0.00546	0.00849	0.01080	0.30113	0.03083	0.58859	0.00820	0.00408	0.00114	0.00171	0.00695	0.00340	0.00303
6	0.00924	0.88067	0.01810	0.00591	0.00887	0.01367	0.00591	0.01034	0.00702	0.00813	0.00480	0.00554	0.00443	0.00296	0.00222	0.00074	0.00369	0.00185	0.00148	0.00443
7	0.01205	0.00837	0.00908	0.00712	0.00953	0.00911	0.00582	0.65647	0.01436	0.06946	0.01681	0.04180	0.00726	0.00442	0.00337	0.00102	0.00340	0.00342	0.11170	0.00542
8	0.90299	0.00668	0.00508	0.00454	0.00668	0.00775	0.00374	0.01015	0.00588	0.01550	0.00481	0.00561	0.00374	0.00321	0.00214	0.00107	0.00267	0.00187	0.00214	0.00374
9	0.00509	0.00355	0.00432	0.00427	0.00438	0.00376	0.00268	0.00534	0.00513	0.00699	0.01038	0.02046	0.01158	0.69359	0.17276	0.00369	0.03296	0.00472	0.00203	0.00233
10	0.04111	0.14150	0.05655	0.00834	0.01070	0.47958	0.03058	0.15930	0.02196	0.01127	0.00598	0.00671	0.00478	0.00355	0.00305	0.00092	0.00519	0.00241	0.00205	0.00449
11	0.03194	0.00552	0.00632	0.00520	0.00707	0.01636	0.00418	0.14672	0.00970	0.33597	0.01146	0.01146	0.00808	0.00411	0.00299	0.00095	0.00255	0.00325	0.38145	0.00468
12	0.00871	0.00748	0.00788	0.00705	0.00903	0.00865	0.00550	0.03965	0.82931	0.01464	0.01391	0.01277	0.01043	0.00467	0.00351	0.00117	0.00276	0.00389	0.00351	0.00548
13	0.00684	0.00433	0.00561	0.00533	0.00558	0.04056	0.00381	0.00629	0.03681	0.03665	0.00655	0.01041	0.00621	0.02281	0.03627	0.66698	0.09200	0.00307	0.00170	0.00219
14	0.00464	0.00355	0.00409	0.00394	0.00496	0.00311	0.00296	0.00588	0.00879	0.02506	0.41731	0.02943	0.45810	0.00789	0.00407	0.00113	0.00171	0.00674	0.00350	0.00312
15	0.00488	0.00399	0.00509	0.00471	0.00584	0.00366	0.04485	0.00662	0.05111	0.01149	0.35938	0.06390	0.38114	0.00769	0.00409	0.00116	0.00201	0.03174	0.00339	0.00327
16	0.00748	0.00613	0.00720	0.00516	0.00821	0.00462	0.00413	0.00900	0.00727	0.04311	0.00642	0.00734	0.00525	0.00262	0.00259	0.00053	0.00257	0.00210	0.00213	0.86615
17	0.00484	0.00361	0.00455	0.00458	0.00547	0.00333	0.00360	0.00627	0.00891	0.01199	0.47518	0.03861	0.22420	0.00803	0.00423	0.00122	0.00199	0.18273	0.00352	0.00316
18	0.00422	0.00341	0.00380	0.00394	0.00485	0.00298	0.00288	0.00512	0.00769	0.00959	0.10740	0.20731	0.56927	0.00975	0.04057	0.00139	0.00211	0.00757	0.00321	0.00293
19	0.03696	0.00774	0.03930	0.02112	0.32899	0.11911	0.00726	0.00914	0.00703	0.00959	0.00743	0.01063	0.00671	0.06360	0.29352	0.00268	0.02000	0.00323	0.00179	0.00416
20	0.57206	0.00816	0.00964	0.00811	0.04821	0.07432	0.21256	0.01068	0.00683	0.01367	0.00547	0.00671	0.00425	0.00316	0.00275	0.00108	0.00379	0.00250	0.00199	0.00407
21	0.00675	0.00581	0.00795	0.08495	0.09280	0.03790	0.07419	0.04639	0.07963	0.02419	0.24195	0.06240	0.13167	0.00595	0.00383	0.00114	0.00299	0.05118	0.03439	0.00394
22	0.00600	0.00471	0.00567	0.00465	0.00649	0.00390	0.00361	0.00763	0.02133	0.02820	0.39156	0.01841	0.10511	0.00529	0.00343	0.00086	0.00207	0.00453	0.00302	0.37354
23	0.00547	0.00436	0.00625	0.00605	0.00650	0.00528	0.00475	0.00647	0.00564	0.00810	0.00933	0.02902	0.00928	0.09720	0.54203	0.02032	0.16277	0.06615	0.00193	0.00309
24	0.00563	0.00401	0.03293	0.00535	0.00582	0.00404	0.00411	0.00580	0.01861	0.00741	0.00832	0.04919	0.00819	0.01646	0.33131	0.41794	0.03585	0.03475	0.00180	0.00247
25	0.00868	0.04574	0.09473	0.05497	0.46115	0.02156	0.06100	0.01080	0.00780	0.07059	0.00682	0.00839	0.00541	0.00317	0.00340	0.00098	0.01563	0.00292	0.00189	0.11438
26	0.37508	0.00645	0.00697	0.00561	0.00807	0.00652	0.00463	0.06678	0.00867	0.46414	0.00972	0.00905	0.00643	0.00383	0.00293	0.00107	0.00289	0.00280	0.00336	0.00501
27	0.00478	0.00355	0.00441	0.00420	0.00506	0.00325	0.00312	0.00628	0.01800	0.01270	0.65435	0.03590	0.18360	0.04011	0.00458	0.00119	0.00173	0.00641	0.00362	0.00317
28	0.00770	0.00740	0.01276	0.37239	0.47916	0.00801	0.04297	0.00989	0.00748	0.01026	0.00637	0.00885	0.00510	0.00323	0.00346	0.00108	0.00438	0.00311	0.00164	0.00476
29	0.00833	0.00798	0.01362	0.11442	0.76556	0.00815	0.01049	0.01041	0.00776	0.01102	0.00646	0.00862	0.00538	0.00312	0.00342	0.00104	0.00416	0.00308	0.00169	0.00529
30	0.00458	0.00320	0.00415	0.00478	0.00514	0.00304	0.00337	0.00536	0.00687	0.00927	0.04575	0.60055	0.05657	0.06894	0.00522	0.00151	0.00220	0.11544	0.05120	0.00285
31	0.00900	0.34835	0.05948	0.00624	0.00920	0.11392	0.00568	0.02820	0.00770	0.03127	0.00576	0.00657	0.00483	0.00295	0.00258	0.00070	0.00363	0.00208	0.00185	0.35002
32	0.00437	0.00350	0.00380	0.00378	0.00475	0.00305	0.00279	0.00532	0.00797	0.00998	0.18972	0.04222	0.58707	0.08691	0.00532	0.00136	0.00191	0.03002	0.00322	0.00291
33	0.79899	0.00659	0.00542	0.00473	0.00693	0.00744	0.00390	0.01094	0.00635	0.11440	0.00584	0.00633	0.00430	0.00333	0.00229	0.00107	0.00270	0.00206	0.00239	0.00399
34	0.90299	0.00668	0.00508	0.00454	0.00668	0.00775	0.00374	0.01015	0.00588	0.01550	0.00481	0.00561	0.00374	0.00321	0.00214	0.00107	0.00267	0.00187	0.00214	0.00374
35	0.00813	0.00754	0.01144	0.46789	0.29812	0.05960	0.00946	0.02855	0.00771	0.04666	0.00656	0.00888	0.00508	0.00342	0.00354	0.00109	0.01700	0.00304	0.00177	0.00452
36	0.00537	0.00381	0.00465	0.00468	0.00493	0.00398	0.00309	0.01605	0.03338	0.02552	0.04977	0.28036	0.01577	0.45968	0.01165	0.00239	0.06334	0.00630	0.00257	0.00271
37	0.00431	0.00309	0.00404	0.00473	0.00500	0.00289	0.00320	0.00496	0.00673	0.00894	0.04669	0.74035	0.05716	0.05718	0.00510	0.00149	0.00209	0.03605	0.00317	0.00280
38	0.01095	0.04859	0.00946	0.03823	0.01044	0.43129	0.00629	0.06538	0.32052	0.01147	0.00874	0.00889	0.00679	0.00398	0.00326	0.00101	0.00463	0.00291	0.00250	0.00467
39	0.75515	0.00818	0.00587	0.00525	0.00735	0.13407	0.00423	0.02637	0.00665	0.01458	0.00495	0.00575	0.00389	0.00328	0.00231	0.00104	0.00322	0.00195	0.00211	0.00382
40	0.00456	0.00323	0.00439	0.00485	0.00517	0.00322	0.00338	0.00524	0.00640	0.00869	0.06514	0.51452	0.03401	0.07845	0.19185	0.04042	0.00370	0.01719	0.00279	0.00279
41	0.00431	0.00307	0.00411	0.00490	0.00513	0.00289	0.00334	0.00496	0.00668	0.00889	0.01888	0.81137	0.02252	0.02218	0.00461	0.00144	0.00210	0.06261	0.00319	0.00282
42	0.00757	0.00724	0.01237	0.42762	0.44467	0.00796	0.02348	0.00976	0.00741	0.01010	0.00633	0.00888	0.00505	0.00326	0.00345	0.00109	0.00437	0.00309	0.00163	0.00468
43	0.00697	0.03337	0.84556	0.00978	0.01484	0.00812	0.01264	0.01093	0.00729	0.01089	0.00617	0.00726	0.00438	0.00328	0.00326	0.00109	0.00508	0.00254	0.00146	0.00509
44	0.00664	0.00529	0.00622	0.00609	0.01849	0.00563	0.01172	0.01827	0.34580	0.02850	0.12577	0.14454	0.10957	0.00740	0.02070	0.00134	0.00263	0.12791	0.00337	0.00414
45	0.00424	0.00341	0.00378	0.00389	0.00481	0.00295	0.00284	0.00518	0.00794	0.00997	0.16600	0.19449	0.56062	0.00887	0.00414	0.00120	0.00178	0.00761	0.00330	0.00295
46	0.01312	0.00961	0.01024	0.00789	0.01062	0.02278	0.00650	0.79144	0.03098	0.04895	0.00853	0.00846	0.00603	0.00415	0.00345	0.00104	0.00379	0.00312	0.00346	0.00584
47	0.00498	0.00337	0.00397	0.00401	0.00408	0.00343	0.00238	0.00514	0.00515	0.00693	0.01105	0.05775	0.01257	0.74937	0.10895	0.00351	0.00393	0.00508	0.00211	0.00223
48	0.00677	0.00655	0.01034	0.83642	0.02328	0.04137	0.00948	0.00902	0.00702	0.00881	0.00611	0.00909	0.00460	0.00346	0.00344	0.00114	0.00467	0.00304	0.00154	0.00384
49	0.00740	0.00732	0.01027	0.00885	0.00889	0.01020	0.00736	0.00818	0.00531	0.00830	0.00482	0.00793	0.00479	0.00726	0.06353	0.00176	0.81950	0.00306	0.00153	0.00374
50	0.00490	0.00369	0.00547	0.00547	0.00611	0.00426	0.00425	0.00612	0.00564	0.00807	0.01027	0.01435	0.04194	0.02523	0.83106	0.00538	0.00896	0.00384	0.00190	0.00308
51	0.01138	0.37522	0.01324	0.00766	0.00993	0.51143	0.00636	0.01236	0.00864	0.00832	0.00512	0.00594	0.00444	0.00331	0.00274	0.00083	0.00518	0.00207	0.00165	0.00418
52	0.00483	0.00359	0.00457	0.00466	0.00550	0.00332	0.00365	0.00623	0.00877	0.01182	0.44660	0.09058	0.19167	0.00822	0.00426	0.00124	0.00203	0.19183	0.00350	0.00314
53	0.00890	0.00621	0.00739	0.00684	0.00851	0.00662	0.00572	0.22162	0.16607	0.08868	0.02716	0.02382	0.01382	0.00678	0.00408	0.00132	0.00321	0.38531	0.00342	0.00452
54	0.00906	0.66363	0.12695	0.00690	0.01012	0.01222	0.04858	0.01097	0.03889	0.03682	0.00573	0.00644	0.00483	0.00310	0.00254	0.00083	0.00392	0.00218	0.00166	0.00462
55	0.00719	0.11696	0.76392	0.00939	0.01425	0.00867	0.01198	0.01087	0.00726	0.01062	0.00604	0.00709	0.00438	0.00324	0.00316	0.00105	0.00494	0.00247	0.00146	0.00503
56	0.00836	0.00686	0.00757	0.00633	0.00866	0.00700	0.00499	0.04145	0.47720	0.04305	0.01135	0.02499	0.00889	0.00414	0.00323	0.00095	0.00271	0.02145	0.00303	0.30777
57	0.00499	0.00366	0.00421	0.00418	0.00512	0.00331	0.00308	0.02250	0.00799	0.04200	0.17114	0.14104	0.43679	0.07635	0.03306	0.00150	0.00226	0.03051	0.00323	0.00308
58	0.00421	0.00307	0.00397	0.00466	0.00498	0.00283	0.00315	0.00486	0.00682	0.00898	0.03900	0.76773	0.11200	0.01052	0.00437	0.00137	0.00197	0.00947	0.00322	0.00283
59	0.00478	0.00354	0.00429	0.00412	0.00506	0.00316	0.00308	0.00612	0.00904	0.02624	0.54545	0.06247	0.29456	0.00771	0.00408	0.00112	0.00171	0.00668	0.00360	0.00318
60	0.01282	0.01628	0.00975	0.00886	0.01065	0.84767	0.00665	0.01389	0.02654	0.00857	0.00551	0.00636	0.00457	0.00358	0.00312	0.00090	0.00616	0.00226	0.00181	0.00403
61	0.01042	0.02628	0.10730	0.04913	0.04446	0.37574	0.00727	0.03037	0.25562	0.03373	0.00833	0.00873	0.00641	0.00389	0.00341	0.00103	0.01795	0.00288	0.00233	0.00470
62	0.00417	0.00350	0.00363	0.00360	0.00472	0.00296	0.00270	0.00513	0.00809	0.00985	0.12806	0.03240	0.76226	0.00856	0.00408	0.00116	0.00174	0.00717	0.00328	0.00296
63	0.00855	0.00821	0.01402	0.02120	0.85704	0.00821	0.01060	0.01060	0.00787	0.01129	0.00650	0.00855	0.00547	0.00308	0.00342	0.00103	0.00410	0.00308	0.00171	0.00547
64	0.00707	0.04757	0.78435	0.01001	0.03842	0.00829	0.01232	0.01084	0.00725	0.01078	0.00611	0.00727	0.00441	0.00334	0.00347	0.00109	0.02832	0.00256	0.00147	0.00506
65	0.00957	0.00921	0.03905	0.06291	0.35704	0.04424	0.21270	0.17423	0.00964	0.03703	0.00709	0.00868	0.00546	0.00333	0.00357	0.00107	0.00458	0.00329	0.00212	0.00520
66	0.00831	0.00576	0.00619	0.00551	0.00708	0.00628	0.00430	0.09750	0.35438	0.05696	0.08864	0.01353	0.01138	0.00460	0.00317	0.00102	0.00236	0.00378	0.31470	0.00455
67	0.00625	0.00372	0.00413	0.00419	0.00498	0.00376	0.00311	0.05985	0.02827	0.01218	0.02252	0.22883	0.01969	0.02523	0.00349	0.00108	0.00199	0.04780	0.51562	0.00331
68	0.00500	0.00344	0.00421	0.00421	0.00436	0.00359	0.00264	0.00530	0.00515	0.00702	0.01048	0.02039	0.01160	0.66941	0.22545	0.00389	0.00480	0.00470	0.00203	0.00234
69	0.00487	0.00356	0.00463	0.00471	0.00549	0.00331	0.00364	0.00630	0.00888	0.01216	0.51742	0.12544	0.10902	0.00814	0.00425	0.00123	0.00199	0.16827	0.00356	0.00316
70	0.01326	0.03585	0.00919	0.00686	0.00953	0.00783	0.00566	0.33978	0.08492	0.37908	0.01083	0.01002	0.00733	0.00411	0.00337	0.00102	0.00326	0.00323	0.00366	0.06120

[dist]
# distance from previous block
# <min> <max>
0	1

[block]
# block no. 5 follows, 81 sequences, length 10
# corresponding to MSA columns:
# 328-337
name=unknown_F
#
# <colnr> <probs for GDERKNQSTAVLIFYWHMCP>
#	G	D	E	R	K	N	Q	S	T	A	V	L	I	F	Y	W	H	M	C	P
0	0.00860	0.07324	0.06693	0.00904	0.09457	0.05266	0.11318	0.09211	0.15595	0.05428	0.12973	0.03433	0.03033	0.00457	0.00354	0.00106	0.00360	0.02631	0.00272	0.04325
1	0.01155	0.39519	0.01351	0.00707	0.00975	0.15279	0.00618	0.27671	0.01062	0.07666	0.00667	0.00700	0.00520	0.00353	0.00285	0.00088	0.00409	0.00243	0.00237	0.00493
2	0.00497	0.00355	0.00481	0.00481	0.00516	0.00391	0.00339	0.00569	0.00533	0.00747	0.00994	0.01735	0.01028	0.38278	0.51028	0.00463	0.00678	0.00425	0.00195	0.00267
3	0.03450	0.06203	0.10825	0.00785	0.05215	0.23599	0.05700	0.01009	0.01848	0.04075	0.00822	0.01198	0.02418	0.20821	0.03997	0.00169	0.00464	0.01296	0.00198	0.05909
4	0.00894	0.16715	0.15353	0.01308	0.25950	0.04715	0.19194	0.02724	0.00803	0.06270	0.00693	0.02608	0.00557	0.00333	0.00334	0.00102	0.00454	0.00312	0.00186	0.00496
5	0.01102	0.14414	0.04189	0.00698	0.00949	0.02217	0.00605	0.36233	0.10346	0.12198	0.04330	0.01184	0.02343	0.00452	0.00336	0.00104	0.00344	0.05445	0.01992	0.00518
6	0.00458	0.00322	0.00404	0.00449	0.00473	0.00308	0.00296	0.00512	0.00642	0.00855	0.06854	0.47153	0.05039	0.28962	0.00864	0.00201	0.00247	0.05410	0.00288	0.00263
7	0.04110	0.04914	0.06082	0.06402	0.28754	0.06361	0.16240	0.08222	0.00854	0.07103	0.00722	0.03116	0.00580	0.00363	0.00383	0.00108	0.04659	0.00328	0.00206	0.00491
8	0.00930	0.05204	0.03133	0.06388	0.14434	0.21015	0.05857	0.07933	0.05131	0.03960	0.01844	0.05007	0.06057	0.00454	0.00391	0.00107	0.05746	0.02407	0.03561	0.00441
9	0.00773	0.00655	0.01020	0.13064	0.35916	0.02887	0.03882	0.00950	0.00783	0.07455	0.04513	0.04540	0.08838	0.00598	0.05676	0.00138	0.00401	0.04882	0.02585	0.00445

[dist]
# distance from previous block
# <min> <max>
0	25

[block]
# block no. 6 follows, 81 sequences, length 8
# corresponding to MSA columns:
# 363-370
name=unknown_G
#
# <colnr> <probs for GDERKNQSTAVLIFYWHMCP>
#	G	D	E	R	K	N	Q	S	T	A	V	L	I	F	Y	W	H	M	C	P
0	0.00747	0.04023	0.05540	0.00764	0.06161	0.05968	0.01860	0.03221	0.16416	0.04613	0.04461	0.15744	0.05702	0.00834	0.10301	0.00170	0.10501	0.02296	0.00262	0.00415
1	0.03365	0.00712	0.03967	0.04880	0.09042	0.00687	0.03895	0.19403	0.07224	0.14473	0.08912	0.01457	0.06948	0.00482	0.00356	0.00108	0.00325	0.05915	0.01731	0.06121
2	0.00572	0.00378	0.00458	0.02367	0.03705	0.00365	0.00343	0.00740	0.04210	0.03135	0.20811	0.17252	0.14150	0.00661	0.00352	0.00107	0.00194	0.00571	0.29294	0.00336
3	0.00830	0.14610	0.50768	0.00966	0.01380	0.09708	0.11335	0.04582	0.00799	0.01073	0.00609	0.00721	0.00456	0.00325	0.00321	0.00103	0.00504	0.00262	0.00161	0.00487
4	0.00496	0.00360	0.00504	0.00504	0.00548	0.00404	0.00368	0.00584	0.00540	0.00764	0.00972	0.01616	0.00976	0.27054	0.62181	0.00492	0.00756	0.00408	0.00192	0.00280
5	0.00537	0.00363	0.00462	0.00436	0.00530	0.00329	0.00328	0.00681	0.00932	0.06340	0.63644	0.07959	0.14679	0.00737	0.00406	0.00112	0.00175	0.00645	0.00371	0.00334
6	0.00421	0.00301	0.00401	0.00481	0.00501	0.00281	0.00321	0.00481	0.00661	0.00882	0.01904	0.87634	0.02285	0.01082	0.00441	0.00140	0.00200	0.00982	0.00321	0.00281
7	0.00716	0.00614	0.00716	0.00512	0.00819	0.00461	0.00409	0.00870	0.00716	0.01126	0.00614	0.00716	0.00512	0.00256	0.00256	0.00051	0.00256	0.00205	0.00205	0.89971

[dist]
# distance from previous block
# <min> <max>
0	4

[block]
# block no. 7 follows, 81 sequences, length 7
# corresponding to MSA columns:
# 375-381
name=unknown_H
#
# <colnr> <probs for GDERKNQSTAVLIFYWHMCP>
#	G	D	E	R	K	N	Q	S	T	A	V	L	I	F	Y	W	H	M	C	P
0	0.00874	0.61098	0.01487	0.09921	0.01001	0.08081	0.00591	0.00982	0.00699	0.00806	0.00572	0.00804	0.00543	0.10805	0.00427	0.00111	0.00396	0.00239	0.00158	0.00405
1	0.00665	0.00472	0.00525	0.00501	0.00558	0.06123	0.00348	0.00719	0.00627	0.09952	0.01227	0.12108	0.04826	0.41402	0.13873	0.00285	0.04743	0.00505	0.00242	0.00298
2	0.11575	0.00809	0.01181	0.05928	0.32308	0.04468	0.12721	0.05588	0.09900	0.01213	0.00856	0.02494	0.04257	0.00387	0.00381	0.00111	0.04789	0.00343	0.00213	0.00478
3	0.01026	0.08889	0.00921	0.00698	0.00920	0.03388	0.00564	0.18091	0.45990	0.10615	0.01194	0.04335	0.00912	0.00457	0.00340	0.00109	0.00313	0.00368	0.00333	0.00535
4	0.05815	0.09714	0.01002	0.00738	0.00952	0.01011	0.00609	0.33119	0.30019	0.01592	0.00928	0.00936	0.00706	0.00439	0.00422	0.00111	0.10750	0.00318	0.00297	0.00522
5	0.10458	0.00666	0.00649	0.00611	0.02913	0.08959	0.00442	0.11001	0.14882	0.03135	0.02405	0.03200	0.06183	0.24581	0.05207	0.00195	0.00367	0.03498	0.00265	0.00382
6	0.00615	0.00563	0.04366	0.02529	0.08309	0.00525	0.05122	0.00890	0.14728	0.03644	0.03841	0.18762	0.25428	0.00796	0.04695	0.00143	0.01796	0.02571	0.00288	0.00388

[dist]
# distance from previous block
# <min> <max>
11	50

[block]
# block no. 8 follows, 81 sequences, length 25
# corresponding to MSA columns:
# 440-464
name=unknown_I
#
# <colnr> <probs for GDERKNQSTAVLIFYWHMCP>
#	G	D	E	R	K	N	Q	S	T	A	V	L	I	F	Y	W	H	M	C	P
0	0.07190	0.43878	0.09729	0.00724	0.00993	0.17421	0.02480	0.03646	0.02332	0.02728	0.00553	0.00640	0.00465	0.00340	0.00316	0.00090	0.05638	0.00222	0.00174	0.00443
1	0.01047	0.06243	0.00900	0.05872	0.00972	0.00693	0.04935	0.17908	0.08135	0.26069	0.08218	0.10219	0.02117	0.00520	0.00360	0.00111	0.00316	0.03056	0.01823	0.00486
2	0.00828	0.00890	0.01915	0.01378	0.01710	0.00832	0.77271	0.01102	0.00816	0.04544	0.00780	0.04824	0.00616	0.00332	0.00407	0.00117	0.00554	0.00431	0.00192	0.00463
3	0.00745	0.00588	0.00638	0.00566	0.00725	0.00621	0.00439	0.20008	0.22863	0.01401	0.13010	0.09674	0.24762	0.01871	0.00401	0.00118	0.00250	0.00552	0.00341	0.00428
4	0.00422	0.00316	0.00392	0.00447	0.00494	0.00286	0.00307	0.00494	0.00710	0.00923	0.06995	0.62480	0.22459	0.01011	0.00431	0.00133	0.00192	0.00901	0.00324	0.00286
5	0.00852	0.00771	0.02803	0.06379	0.32798	0.04092	0.02494	0.05988	0.20999	0.04786	0.05716	0.06065	0.03837	0.00447	0.00356	0.00110	0.00354	0.00397	0.00259	0.00497
6	0.00421	0.00301	0.00401	0.00481	0.00501	0.00281	0.00321	0.00481	0.00661	0.00882	0.01904	0.87634	0.02285	0.01082	0.00441	0.00140	0.00200	0.00982	0.00321	0.00281
7	0.05653	0.00675	0.04468	0.06395	0.07205	0.00700	0.03510	0.10359	0.19826	0.03890	0.01025	0.02101	0.02355	0.05403	0.22440	0.00237	0.01437	0.01633	0.00251	0.00438
8	0.00972	0.76840	0.01705	0.00626	0.00910	0.08686	0.00601	0.04691	0.00766	0.00875	0.00500	0.00572	0.00450	0.00306	0.00235	0.00076	0.00392	0.00193	0.00159	0.00446
9	0.00693	0.01787	0.86069	0.00985	0.01495	0.00802	0.01276	0.01094	0.00729	0.01094	0.00620	0.00729	0.00438	0.00328	0.00328	0.00109	0.00511	0.00255	0.00146	0.00511
10	0.00574	0.00509	0.00819	0.57413	0.01736	0.00602	0.00740	0.00748	0.00689	0.00892	0.02443	0.27391	0.02900	0.00587	0.00377	0.00123	0.00370	0.00527	0.00212	0.00349
11	0.00496	0.00336	0.00375	0.00375	0.00383	0.00332	0.00213	0.00502	0.00521	0.00687	0.01244	0.02329	0.06685	0.82258	0.01671	0.00321	0.00325	0.00517	0.00217	0.00215
12	0.01136	0.00810	0.00938	0.00756	0.00997	0.00880	0.04227	0.39361	0.27494	0.13042	0.02408	0.02915	0.00870	0.00457	0.00356	0.00111	0.00336	0.02002	0.00350	0.00554
13	0.02431	0.00378	0.00451	0.00431	0.00530	0.00353	0.00328	0.00674	0.04679	0.01260	0.55339	0.02721	0.24877	0.00740	0.00403	0.00113	0.00179	0.03429	0.00358	0.00328
14	0.00720	0.00618	0.00718	0.00517	0.00821	0.00472	0.00413	0.00897	0.03115	0.01135	0.00637	0.00733	0.00527	0.00262	0.00259	0.00053	0.00256	0.00210	0.00209	0.87428
15	0.00693	0.01787	0.86069	0.00985	0.01495	0.00802	0.01276	0.01094	0.00729	0.01094	0.00620	0.00729	0.00438	0.00328	0.00328	0.00109	0.00511	0.00255	0.00146	0.00511
16	0.02346	0.00629	0.00701	0.00624	0.00792	0.00680	0.00483	0.15476	0.34702	0.08881	0.08529	0.18002	0.04222	0.00604	0.00370	0.00117	0.00265	0.00514	0.01588	0.00473
17	0.00458	0.00326	0.00402	0.00435	0.00463	0.00318	0.00284	0.00505	0.00605	0.00800	0.01676	0.36939	0.11207	0.33700	0.10071	0.00255	0.00325	0.00709	0.00265	0.00258
18	0.00493	0.00342	0.00402	0.00402	0.00421	0.00346	0.00248	0.00519	0.00535	0.00712	0.01270	0.02214	0.08397	0.67435	0.14555	0.00350	0.00411	0.00502	0.00215	0.00231
19	0.00798	0.05198	0.01075	0.06938	0.01024	0.07322	0.03213	0.03525	0.00625	0.00879	0.00531	0.00833	0.00504	0.04140	0.03390	0.00157	0.58997	0.00304	0.00163	0.00384
20	0.00747	0.00613	0.00719	0.00515	0.00821	0.00462	0.00413	0.00900	0.00726	0.04228	0.00641	0.00733	0.00524	0.00262	0.00259	0.00053	0.00257	0.00210	0.00213	0.86702
21	0.00764	0.04783	0.67585	0.00975	0.01427	0.00861	0.05516	0.08271	0.00801	0.01166	0.00630	0.00743	0.00456	0.00345	0.00365	0.00110	0.04263	0.00267	0.00165	0.00507
22	0.00496	0.06030	0.00522	0.00482	0.03991	0.03114	0.00348	0.00590	0.00776	0.00935	0.03988	0.13042	0.59702	0.00824	0.00397	0.00117	0.00219	0.03813	0.00300	0.00315
23	0.00943	0.00552	0.00648	0.00546	0.00733	0.00530	0.00437	0.17348	0.03141	0.25354	0.10322	0.04524	0.26442	0.00624	0.00376	0.00111	0.00257	0.03592	0.01848	0.01674
24	0.15366	0.03752	0.01951	0.05607	0.05462	0.09860	0.23554	0.05609	0.02049	0.01100	0.00775	0.04751	0.00713	0.17289	0.00610	0.00152	0.00432	0.00369	0.00204	0.00394

[dist]
# distance from previous block
# <min> <max>
2	17

[block]
# block no. 9 follows, 81 sequences, length 8
# corresponding to MSA columns:
# 486-493
name=unknown_J
#
# <colnr> <probs for GDERKNQSTAVLIFYWHMCP>
#	G	D	E	R	K	N	Q	S	T	A	V	L	I	F	Y	W	H	M	C	P
0	0.00854	0.00694	0.01007	0.03961	0.24722	0.00681	0.06697	0.06061	0.09937	0.09052	0.01121	0.01190	0.09828	0.00407	0.00361	0.00099	0.03000	0.00355	0.03045	0.16928
1	0.38291	0.00840	0.00749	0.00749	0.09976	0.14916	0.00528	0.10004	0.02730	0.07470	0.00956	0.00991	0.09680	0.00406	0.00292	0.00104	0.00346	0.00294	0.00247	0.00430
2	0.08755	0.00499	0.00462	0.00478	0.00568	0.09658	0.00345	0.00644	0.00752	0.00992	0.08157	0.37508	0.28255	0.00841	0.00393	0.00122	0.00242	0.00721	0.00300	0.00309
3	0.00584	0.00608	0.09752	0.00533	0.00709	0.00493	0.00460	0.00922	0.20164	0.01137	0.10877	0.11356	0.29998	0.00665	0.00373	0.00112	0.00241	0.00564	0.03609	0.06844
4	0.00793	0.22006	0.22321	0.00800	0.07372	0.00832	0.03043	0.02707	0.11070	0.03973	0.08593	0.03726	0.00906	0.00406	0.00311	0.00099	0.00353	0.00331	0.09897	0.00460
5	0.00738	0.10016	0.00809	0.00715	0.08508	0.00662	0.00506	0.01118	0.26342	0.06496	0.16530	0.18962	0.04158	0.00615	0.00382	0.00114	0.02055	0.00529	0.00312	0.00433
6	0.00505	0.00443	0.00592	0.00529	0.00661	0.00409	0.09398	0.00702	0.08525	0.01048	0.12954	0.13389	0.47974	0.00780	0.00407	0.00119	0.00230	0.00682	0.00315	0.00337
7	0.00650	0.00581	0.00718	0.00695	0.05433	0.09726	0.07943	0.00784	0.00843	0.04219	0.28020	0.20210	0.12321	0.00704	0.00423	0.00117	0.03002	0.02953	0.00301	0.00356

[dist]
# distance from previous block
# <min> <max>
0	1

[block]
# block no. 10 follows, 81 sequences, length 20
# corresponding to MSA columns:
# 495-514
name=unknown_K
#
# <colnr> <probs for GDERKNQSTAVLIFYWHMCP>
#	G	D	E	R	K	N	Q	S	T	A	V	L	I	F	Y	W	H	M	C	P
0	0.07978	0.14229	0.44953	0.00882	0.02379	0.00861	0.09316	0.04949	0.00750	0.02153	0.00654	0.00849	0.00524	0.07599	0.00431	0.00123	0.00453	0.00280	0.00173	0.00465
1	0.01195	0.00823	0.00899	0.00711	0.00947	0.00892	0.00579	0.63311	0.01411	0.08537	0.00988	0.08113	0.00777	0.00470	0.00344	0.00105	0.00338	0.00371	0.08652	0.00537
