[name]
unknown

[dist]
# distance from previous block
# <min> <max>
0	55

[block]
# block no. 0 follows, 66 sequences, length 17
# corresponding to MSA columns:
# 55-71
name=unknown_A
#
# <colnr> <probs for GDERKNQSTAVLIFYWHMCP>
#	G	D	E	R	K	N	Q	S	T	A	V	L	I	F	Y	W	H	M	C	P
0	0.00997	0.05996	0.00906	0.00683	0.00926	0.07439	0.03456	0.01212	0.05701	0.14543	0.08421	0.01773	0.08938	0.04526	0.01578	0.00128	0.00363	0.05100	0.03799	0.23515
1	0.00578	0.00410	0.00512	0.00501	0.00595	0.00372	0.00367	0.00718	0.01019	0.03332	0.49409	0.14092	0.19608	0.03362	0.00561	0.02783	0.00214	0.00791	0.00411	0.00365
2	0.00537	0.00423	0.00486	0.00474	0.00590	0.00378	0.00354	0.00706	0.03333	0.01343	0.38509	0.07658	0.41868	0.00940	0.00479	0.00134	0.00204	0.00807	0.00408	0.00368
3	0.00575	0.00398	0.00487	0.00510	0.00582	0.00363	0.00354	0.00670	0.00872	0.04590	0.17870	0.36514	0.20838	0.12623	0.00708	0.00181	0.00246	0.00898	0.00377	0.00346
4	0.05495	0.13409	0.15992	0.01079	0.03754	0.09208	0.19090	0.06465	0.02458	0.01310	0.04076	0.02242	0.00794	0.00704	0.09532	0.00178	0.00595	0.00375	0.02723	0.00519
5	0.00529	0.00406	0.00466	0.00493	0.00573	0.00373	0.00343	0.00650	0.04071	0.01088	0.08005	0.31384	0.35971	0.11046	0.00700	0.02065	0.00245	0.00892	0.00363	0.00338
6	0.41438	0.14661	0.05541	0.00759	0.03766	0.05781	0.00639	0.08563	0.10280	0.03058	0.00772	0.00833	0.00599	0.00407	0.00307	0.00119	0.00390	0.00276	0.01291	0.00519
7	0.06784	0.10269	0.07097	0.02757	0.06241	0.03631	0.02202	0.20155	0.04745	0.18738	0.00979	0.01017	0.00712	0.00461	0.00429	0.01511	0.04059	0.00338	0.01449	0.06426
8	0.08469	0.04797	0.01135	0.27998	0.05961	0.13684	0.02338	0.07860	0.10315	0.01323	0.00902	0.04495	0.00743	0.00539	0.02661	0.00141	0.02909	0.00376	0.02855	0.00500
9	0.10454	0.00920	0.05202	0.11413	0.06206	0.11400	0.00705	0.07719	0.04059	0.03050	0.01018	0.01404	0.03652	0.15979	0.06730	0.00213	0.06411	0.00399	0.02610	0.00454
10	0.00530	0.00412	0.00469	0.00473	0.00578	0.00372	0.00346	0.00670	0.02513	0.01217	0.21554	0.15083	0.43177	0.04002	0.03845	0.00167	0.00250	0.00822	0.03167	0.00354
11	0.00878	0.01149	0.23754	0.20184	0.15366	0.01742	0.04718	0.06243	0.03376	0.02833	0.04494	0.05886	0.00883	0.00618	0.05074	0.00160	0.01449	0.00418	0.00235	0.00539
12	0.00880	0.00507	0.00609	0.00552	0.00708	0.00466	0.00419	0.04068	0.03283	0.20148	0.15124	0.12755	0.26918	0.05649	0.01725	0.00155	0.00274	0.00697	0.04621	0.00445
13	0.81746	0.00842	0.03432	0.00607	0.00877	0.00916	0.04138	0.01200	0.00708	0.01779	0.00582	0.00685	0.00450	0.00375	0.00266	0.00126	0.00340	0.00234	0.00246	0.00450
14	0.00693	0.00552	0.00792	0.22702	0.07720	0.00592	0.00627	0.00873	0.03655	0.03299	0.09571	0.09655	0.10998	0.20568	0.05789	0.00227	0.00420	0.00589	0.00283	0.00396
15	0.04168	0.04683	0.06261	0.00750	0.01046	0.00788	0.00649	0.20214	0.01244	0.36846	0.08640	0.03773	0.03362	0.02554	0.00442	0.00129	0.00367	0.00438	0.00410	0.03236
16	0.58413	0.18329	0.02661	0.00602	0.00873	0.01028	0.00527	0.01253	0.04833	0.04422	0.00715	0.03596	0.00593	0.00414	0.00278	0.00120	0.00343	0.00271	0.00254	0.00475

[dist]
# distance from previous block
# <min> <max>
54	133

[block]
# block no. 1 follows, 66 sequences, length 7
# corresponding to MSA columns:
# 386-392
name=unknown_B
#
# <colnr> <probs for GDERKNQSTAVLIFYWHMCP>
#	G	D	E	R	K	N	Q	S	T	A	V	L	I	F	Y	W	H	M	C	P
0	0.00689	0.00551	0.00631	0.00617	0.00707	0.04172	0.00459	0.02958	0.03287	0.04220	0.12857	0.27467	0.19106	0.06365	0.04124	0.00184	0.08419	0.02450	0.00351	0.00386
1	0.00829	0.00568	0.00662	0.03027	0.00795	0.00583	0.02308	0.10558	0.09777	0.04360	0.09677	0.06314	0.16735	0.00752	0.03476	0.00141	0.00299	0.00554	0.28135	0.00451
2	0.05069	0.07977	0.09601	0.05139	0.16850	0.04734	0.02139	0.08345	0.04063	0.09235	0.02567	0.01135	0.00790	0.02410	0.05653	0.00161	0.05862	0.00360	0.07365	0.00544
3	0.00791	0.05709	0.03937	0.08766	0.03356	0.00681	0.04516	0.07426	0.06585	0.04499	0.22363	0.06636	0.20248	0.02127	0.00469	0.00135	0.00330	0.00616	0.00350	0.00460
4	0.00624	0.00482	0.00630	0.00751	0.08533	0.00472	0.00475	0.04276	0.04218	0.01143	0.02122	0.49420	0.11326	0.10238	0.00662	0.00180	0.00290	0.03427	0.00348	0.00382
5	0.00684	0.00442	0.00577	0.00641	0.03809	0.00417	0.00423	0.03243	0.00839	0.08959	0.02071	0.56259	0.07028	0.11769	0.00692	0.00185	0.00280	0.00938	0.00366	0.00377
6	0.10619	0.06755	0.07928	0.03936	0.14536	0.08635	0.03099	0.06846	0.03487	0.02616	0.02496	0.03090	0.00911	0.13494	0.04792	0.00191	0.02077	0.02638	0.01369	0.00487

[dist]
# distance from previous block
# <min> <max>
0	1

[block]
# block no. 2 follows, 66 sequences, length 24
# corresponding to MSA columns:
# 394-417
name=unknown_C
#
# <colnr> <probs for GDERKNQSTAVLIFYWHMCP>
#	G	D	E	R	K	N	Q	S	T	A	V	L	I	F	Y	W	H	M	C	P
0	0.00564	0.00441	0.00523	0.02220	0.00655	0.03355	0.00405	0.00648	0.00794	0.01031	0.04749	0.49929	0.09912	0.12735	0.05193	0.00217	0.00330	0.05624	0.00343	0.00333
1	0.17650	0.04446	0.02576	0.16696	0.11621	0.06555	0.05050	0.01152	0.03589	0.02994	0.00870	0.06932	0.00784	0.02521	0.03340	0.00158	0.10661	0.01693	0.00233	0.00478
2	0.00932	0.00503	0.00616	0.00549	0.00698	0.00478	0.00424	0.03725	0.03646	0.19096	0.30496	0.02245	0.04012	0.06214	0.00518	0.00139	0.00256	0.03360	0.21635	0.00456
3	0.01111	0.00892	0.01328	0.16656	0.23939	0.03746	0.08204	0.09902	0.01044	0.13629	0.02747	0.01191	0.03405	0.00442	0.00434	0.00123	0.03061	0.00390	0.00278	0.07480
4	0.04076	0.01053	0.04577	0.00953	0.03290	0.01108	0.02561	0.53144	0.03432	0.08756	0.00992	0.01045	0.00723	0.00637	0.05301	0.00157	0.05794	0.00370	0.01396	0.00635
5	0.00574	0.00426	0.00510	0.00496	0.00607	0.00386	0.00369	0.00749	0.03272	0.03267	0.43791	0.11753	0.30454	0.00927	0.00479	0.00135	0.00208	0.00804	0.00416	0.00378
6	0.00902	0.00691	0.00821	0.04634	0.00968	0.02160	0.03133	0.14708	0.15929	0.04963	0.21047	0.04033	0.11006	0.04628	0.03228	0.00160	0.00351	0.02638	0.03510	0.00491
7	0.00616	0.00411	0.00484	0.00481	0.00506	0.00417	0.00299	0.01638	0.02323	0.00897	0.03468	0.05417	0.04333	0.59629	0.07838	0.06862	0.00417	0.00582	0.03105	0.00277
8	0.00581	0.00445	0.00568	0.00564	0.00662	0.00424	0.02487	0.03198	0.02355	0.01246	0.20096	0.27358	0.23035	0.03812	0.06722	0.00190	0.00309	0.03414	0.02166	0.00369
9	0.00866	0.00748	0.03123	0.03978	0.01042	0.00574	0.00536	0.02928	0.00872	0.03452	0.00813	0.03623	0.00686	0.00352	0.00319	0.00072	0.00318	0.00287	0.02234	0.73177
10	0.04385	0.05981	0.21016	0.13499	0.01480	0.06208	0.00924	0.19259	0.07512	0.04798	0.00934	0.02989	0.00720	0.00563	0.03259	0.01945	0.00503	0.00358	0.03111	0.00556
11	0.02570	0.00758	0.00867	0.00671	0.00958	0.00707	0.00540	0.20821	0.03155	0.12099	0.09558	0.01288	0.02395	0.00460	0.00362	0.00097	0.00320	0.00370	0.07599	0.34405
12	0.00598	0.00439	0.00528	0.00530	0.00637	0.00399	0.00387	0.02146	0.02850	0.03127	0.21846	0.32013	0.22834	0.00982	0.00475	0.00140	0.00230	0.02177	0.02433	0.05229
13	0.02013	0.00425	0.00545	0.00598	0.00676	0.00412	0.00456	0.00805	0.02849	0.04786	0.06294	0.40759	0.03991	0.01043	0.00487	0.00157	0.00272	0.22287	0.10768	0.00375
14	0.01119	0.00759	0.02718	0.00771	0.00954	0.01793	0.00630	0.15202	0.08258	0.19121	0.05416	0.09083	0.01185	0.00910	0.10232	0.00196	0.13125	0.00479	0.07516	0.00532
15	0.00852	0.00519	0.00582	0.00538	0.00674	0.00526	0.00413	0.07391	0.08954	0.07426	0.14100	0.05159	0.06369	0.04999	0.00468	0.00132	0.00255	0.03866	0.36336	0.00441
16	0.00510	0.00392	0.00464	0.00498	0.00579	0.00353	0.00356	0.00611	0.00876	0.01124	0.12519	0.33624	0.35719	0.05067	0.02282	0.00170	0.00248	0.03893	0.00376	0.00340
17	0.36554	0.00898	0.00908	0.00727	0.01019	0.00974	0.00600	0.32035	0.01256	0.19933	0.00947	0.00936	0.00658	0.00446	0.00344	0.00124	0.00371	0.00316	0.00365	0.00589
18	0.06887	0.00826	0.00935	0.00752	0.01019	0.03873	0.00614	0.21265	0.05450	0.38600	0.01298	0.01277	0.00901	0.00534	0.01442	0.00130	0.02455	0.01705	0.09419	0.00617
19	0.42829	0.06702	0.00986	0.03371	0.01085	0.27631	0.03245	0.04290	0.04165	0.01480	0.00656	0.00754	0.00521	0.00399	0.00313	0.00117	0.00480	0.00260	0.00241	0.00476
20	0.00976	0.00848	0.06933	0.08074	0.02492	0.02166	0.00679	0.20441	0.12576	0.06259	0.17349	0.03996	0.14200	0.00648	0.00433	0.00130	0.00356	0.00540	0.00371	0.00530
21	0.00946	0.07628	0.07258	0.36966	0.07635	0.02149	0.02859	0.12438	0.09216	0.01365	0.01004	0.01240	0.03597	0.00461	0.00399	0.00129	0.00483	0.02325	0.01373	0.00529
22	0.01340	0.14940	0.01264	0.02778	0.01195	0.46357	0.00743	0.09863	0.06431	0.03105	0.03295	0.00931	0.00719	0.02106	0.00426	0.00116	0.03325	0.00307	0.00250	0.00509
23	0.38569	0.00738	0.00793	0.00644	0.00926	0.00748	0.00530	0.03543	0.02326	0.43851	0.02851	0.01102	0.00820	0.00456	0.00343	0.00126	0.00331	0.00335	0.00391	0.00577

[dist]
# distance from previous block
# <min> <max>
0	2

[block]
# block no. 3 follows, 66 sequences, length 22
# corresponding to MSA columns:
# 420-441
name=unknown_D
#
# <colnr> <probs for GDERKNQSTAVLIFYWHMCP>
#	G	D	E	R	K	N	Q	S	T	A	V	L	I	F	Y	W	H	M	C	P
0	0.00534	0.00404	0.00494	0.00502	0.00595	0.00364	0.00371	0.00675	0.01000	0.01337	0.40443	0.19544	0.26943	0.00987	0.00490	0.00140	0.00212	0.04195	0.00409	0.00360
1	0.03136	0.41606	0.16396	0.00829	0.01155	0.07329	0.03073	0.02574	0.00851	0.02716	0.00777	0.02577	0.02296	0.00626	0.05801	0.03529	0.03722	0.00305	0.00200	0.00502
2	0.00547	0.00403	0.00482	0.00489	0.00563	0.00372	0.00345	0.00655	0.00902	0.01199	0.29430	0.14597	0.22694	0.20683	0.00857	0.00200	0.00257	0.04624	0.00369	0.00333
3	0.37413	0.12461	0.06869	0.03578	0.03360	0.09596	0.00671	0.08083	0.06151	0.02379	0.01547	0.00875	0.00619	0.01777	0.02999	0.00140	0.00442	0.00285	0.00254	0.00502
4	0.00893	0.00587	0.02011	0.00722	0.02460	0.03192	0.03240	0.04713	0.03816	0.08705	0.01027	0.03516	0.02119	0.01147	0.04053	0.47878	0.03781	0.05550	0.00251	0.00340
5	0.01117	0.10158	0.21853	0.01083	0.06710	0.21348	0.02879	0.09663	0.03888	0.02162	0.03857	0.00969	0.00722	0.00454	0.00461	0.00121	0.08292	0.00328	0.03392	0.00543
6	0.02842	0.00915	0.09027	0.09500	0.03792	0.05847	0.04762	0.13945	0.00986	0.03662	0.03067	0.03070	0.01920	0.07010	0.12282	0.02015	0.06630	0.01712	0.06537	0.00477
7	0.00903	0.00657	0.00740	0.02359	0.02379	0.02329	0.00519	0.05567	0.26948	0.08484	0.14555	0.10863	0.07075	0.06227	0.00533	0.00149	0.00301	0.00587	0.08329	0.00498
8	0.02432	0.00863	0.06499	0.04346	0.10732	0.03215	0.01876	0.04656	0.28442	0.07545	0.11614	0.07026	0.03705	0.00643	0.02233	0.00143	0.00379	0.00504	0.02594	0.00553
9	0.00606	0.00432	0.00509	0.00502	0.00607	0.00407	0.00375	0.04113	0.01004	0.01391	0.31000	0.15093	0.23739	0.00964	0.03272	0.00150	0.00246	0.02641	0.12574	0.00376
10	0.00828	0.00742	0.02670	0.00741	0.00899	0.05923	0.03964	0.03502	0.17425	0.02815	0.23607	0.02144	0.10448	0.00798	0.04220	0.00158	0.08956	0.03837	0.05858	0.00467
11	0.00966	0.00774	0.00932	0.00800	0.07448	0.00686	0.00582	0.14413	0.02703	0.03181	0.07223	0.01100	0.00909	0.00434	0.01676	0.00093	0.00341	0.00323	0.02534	0.52880
12	0.00541	0.00410	0.00484	0.00469	0.00579	0.00365	0.00351	0.00694	0.01042	0.01400	0.47465	0.05655	0.34491	0.00908	0.00474	0.00131	0.00198	0.00782	0.03195	0.00365
13	0.00694	0.00460	0.00575	0.00550	0.00641	0.00467	0.00401	0.04335	0.00829	0.06211	0.09901	0.04922	0.13268	0.24268	0.24969	0.00352	0.00530	0.01935	0.04327	0.00365
14	0.03200	0.77645	0.05415	0.00721	0.01072	0.04338	0.00724	0.01231	0.00833	0.00990	0.00573	0.00662	0.00518	0.00352	0.00269	0.00090	0.00448	0.00222	0.00177	0.00520
15	0.07268	0.00486	0.00551	0.00605	0.00667	0.04201	0.00429	0.02241	0.00797	0.01113	0.01862	0.59448	0.02155	0.03388	0.09526	0.00217	0.00369	0.03983	0.00340	0.00354
16	0.00768	0.00719	0.01201	0.76992	0.04941	0.00889	0.01093	0.01030	0.00824	0.01068	0.04167	0.01157	0.00681	0.00429	0.00430	0.00135	0.02454	0.00376	0.00192	0.00453
17	0.00671	0.03249	0.16220	0.00650	0.00899	0.00565	0.01559	0.03853	0.00953	0.01285	0.12071	0.07648	0.32158	0.00762	0.00434	0.00127	0.00318	0.04115	0.02566	0.09897
18	0.00509	0.00385	0.00472	0.00521	0.00592	0.00348	0.00372	0.00612	0.00879	0.01141	0.13310	0.45453	0.27260	0.01131	0.00503	0.00153	0.00228	0.05403	0.00386	0.00343
19	0.07941	0.17020	0.12038	0.02816	0.01305	0.02871	0.12082	0.13745	0.07542	0.03126	0.00886	0.03367	0.00719	0.00618	0.06146	0.00157	0.03192	0.00361	0.00258	0.03809
20	0.01073	0.01948	0.08596	0.07709	0.09555	0.14430	0.09023	0.13020	0.05331	0.04468	0.05263	0.03318	0.07096	0.00519	0.00459	0.00126	0.04688	0.00429	0.00280	0.02670
21	0.05286	0.03759	0.04534	0.06447	0.05814	0.05534	0.05375	0.05811	0.04274	0.03538	0.03320	0.06210	0.01001	0.08997	0.17258	0.01193	0.09144	0.00445	0.01604	0.00455

[dist]
# distance from previous block
# <min> <max>
11	207

[block]
# block no. 4 follows, 66 sequences, length 16
# corresponding to MSA columns:
# 711-726
name=unknown_E
#
# <colnr> <probs for GDERKNQSTAVLIFYWHMCP>
#	G	D	E	R	K	N	Q	S	T	A	V	L	I	F	Y	W	H	M	C	P
0	0.04349	0.06561	0.05274	0.14297	0.16831	0.05385	0.08528	0.18317	0.04185	0.03052	0.02359	0.05821	0.02308	0.00478	0.00403	0.00126	0.00480	0.00415	0.00272	0.00560
1	0.00760	0.00524	0.00632	0.00629	0.00732	0.00527	0.00457	0.15355	0.02738	0.04506	0.06978	0.55377	0.03559	0.01021	0.00479	0.00149	0.00274	0.00906	0.03977	0.00420
2	0.02778	0.13099	0.05646	0.00765	0.02779	0.04254	0.03562	0.04926	0.00901	0.01315	0.00705	0.00826	0.00582	0.00338	0.00334	0.00080	0.02003	0.00260	0.00230	0.54615
3	0.00560	0.00428	0.00469	0.00469	0.00591	0.00381	0.00347	0.00708	0.03862	0.03516	0.11110	0.14177	0.54037	0.02603	0.02209	0.00153	0.00237	0.00829	0.02949	0.00365
4	0.01068	0.79861	0.05034	0.00724	0.01068	0.01568	0.00730	0.01209	0.00818	0.00967	0.00569	0.00667	0.00521	0.00362	0.00304	0.00092	0.03519	0.00225	0.00174	0.00521
5	0.00654	0.00544	0.00576	0.00574	0.00689	0.04434	0.00422	0.03710	0.10176	0.01266	0.13060	0.27397	0.27253	0.01040	0.03893	0.00162	0.00295	0.00809	0.02648	0.00398
6	0.00783	0.00734	0.01242	0.69189	0.10728	0.00878	0.02956	0.01042	0.00832	0.01086	0.03726	0.01188	0.00698	0.02760	0.00455	0.00141	0.00522	0.00383	0.00194	0.00464
7	0.03719	0.00938	0.01259	0.09811	0.28488	0.05346	0.02734	0.14240	0.05460	0.12640	0.00975	0.03183	0.00756	0.00436	0.00394	0.00119	0.00446	0.00376	0.00294	0.08389
8	0.00896	0.00835	0.07039	0.06416	0.10395	0.03094	0.02756	0.05973	0.08961	0.05648	0.07512	0.10291	0.07838	0.00590	0.00433	0.00122	0.02693	0.00502	0.04030	0.13975
9	0.00527	0.00388	0.00497	0.00557	0.00613	0.00364	0.00393	0.00653	0.02825	0.01162	0.15186	0.56659	0.11563	0.01148	0.00507	0.00157	0.00236	0.05825	0.00388	0.00350
10	0.03478	0.00677	0.00953	0.16102	0.06631	0.00717	0.04574	0.11806	0.03963	0.08898	0.05185	0.18329	0.04643	0.04901	0.03893	0.00172	0.00417	0.03858	0.00325	0.00480
11	0.02362	0.06534	0.28511	0.02895	0.09295	0.10993	0.06432	0.11751	0.05507	0.05965	0.00843	0.00940	0.00628	0.00406	0.00383	0.00119	0.00529	0.00328	0.00248	0.05331
12	0.01270	0.01458	0.01227	0.14948	0.05676	0.47029	0.04368	0.06856	0.03955	0.01170	0.00725	0.00889	0.00583	0.00439	0.00444	0.00119	0.06058	0.00315	0.01976	0.00496
13	0.00536	0.00435	0.00480	0.00480	0.00600	0.00395	0.00355	0.00724	0.06599	0.01231	0.18797	0.15065	0.50867	0.00991	0.00480	0.00139	0.00215	0.00847	0.00393	0.00369
14	0.00527	0.00408	0.00457	0.00462	0.00570	0.00361	0.00343	0.00650	0.00943	0.01216	0.21240	0.09874	0.47544	0.05486	0.00562	0.00151	0.00222	0.04665	0.03970	0.00348
15	0.00610	0.02965	0.00553	0.00511	0.00605	0.01561	0.00363	0.03315	0.03842	0.01135	0.11955	0.16512	0.29075	0.22718	0.00881	0.00205	0.00286	0.02213	0.00345	0.00350

[dist]
# distance from previous block
# <min> <max>
4	54

[block]
# block no. 5 follows, 66 sequences, length 13
# corresponding to MSA columns:
# 786-798
name=unknown_F
#
# <colnr> <probs for GDERKNQSTAVLIFYWHMCP>
#	G	D	E	R	K	N	Q	S	T	A	V	L	I	F	Y	W	H	M	C	P
0	0.00667	0.04667	0.06237	0.00871	0.11109	0.00574	0.00615	0.00888	0.06015	0.01247	0.16141	0.36694	0.04019	0.00913	0.00472	0.00146	0.00309	0.07641	0.00346	0.00429
1	0.53262	0.11115	0.00960	0.00720	0.03126	0.10034	0.00579	0.13461	0.00947	0.01726	0.00639	0.00723	0.00501	0.00394	0.00292	0.00118	0.00398	0.00250	0.00259	0.00496
2	0.02430	0.01773	0.01762	0.06890	0.00990	0.00647	0.00554	0.13987	0.01024	0.07369	0.07035	0.12603	0.01252	0.00867	0.10153	0.00175	0.00411	0.00480	0.11965	0.17635
3	0.00704	0.00405	0.00614	0.00679	0.06688	0.00404	0.00427	0.00606	0.00615	0.00835	0.06222	0.05383	0.01011	0.01340	0.04046	0.68790	0.00370	0.00419	0.00207	0.00238
4	0.01082	0.04768	0.02137	0.06589	0.01299	0.00852	0.17873	0.11660	0.13073	0.13826	0.04861	0.01510	0.04770	0.06115	0.00522	0.00144	0.00424	0.00456	0.07497	0.00544
5	0.51262	0.00821	0.00794	0.00754	0.06996	0.04686	0.00557	0.02942	0.00878	0.22736	0.00881	0.00907	0.00628	0.00415	0.00312	0.00123	0.00352	0.00288	0.03145	0.00523
6	0.32966	0.00686	0.00697	0.00595	0.00829	0.00716	0.00478	0.02880	0.09381	0.18799	0.04474	0.01180	0.00911	0.00538	0.03038	0.00134	0.00323	0.00341	0.14007	0.07027
7	0.01315	0.00966	0.01118	0.00887	0.01161	0.01044	0.04566	0.56384	0.05373	0.05426	0.06578	0.10948	0.01162	0.00597	0.00428	0.00129	0.00407	0.00492	0.00400	0.00619
8	0.00767	0.00547	0.00675	0.04532	0.00838	0.00559	0.00500	0.11422	0.02167	0.06990	0.05981	0.36712	0.18713	0.00963	0.00519	0.00148	0.04343	0.02826	0.00374	0.00424
9	0.00663	0.06842	0.00735	0.00631	0.00722	0.04033	0.00488	0.00792	0.00703	0.00979	0.01136	0.07096	0.01105	0.08858	0.56736	0.00496	0.00851	0.00467	0.06298	0.00368
10	0.04769	0.00712	0.00820	0.00690	0.00912	0.00731	0.00550	0.19775	0.10883	0.22187	0.09228	0.06895	0.07815	0.00735	0.04278	0.00151	0.00354	0.00508	0.07453	0.00555
11	0.02246	0.10782	0.11385	0.03495	0.08883	0.03117	0.09131	0.22028	0.05464	0.03824	0.01980	0.05026	0.01989	0.02399	0.02693	0.02994	0.00484	0.00407	0.01112	0.00559
12	0.00982	0.00845	0.02901	0.03230	0.02371	0.05276	0.01440	0.19810	0.16804	0.03016	0.03511	0.10269	0.09341	0.02757	0.08659	0.00192	0.06005	0.00529	0.01545	0.00516

[dist]
# distance from previous block
# <min> <max>
2	68

# created by:
# /usr/local/bin/augustus/scripts/msa2prfl.pl /tmp/new_cug2/without_ca_b/actin-related-protein-class-10.fasta
