[name]
unknown

[dist]
# distance from previous block
# <min> <max>
0	127

[block]
# block no. 0 follows, 77 sequences, length 8
# corresponding to MSA columns:
# 789-796
name=unknown_A
#
# <colnr> <probs for GDERKNQSTAVLIFYWHMCP>
#	G	D	E	R	K	N	Q	S	T	A	V	L	I	F	Y	W	H	M	C	P
0	0.00499	0.00358	0.00462	0.00511	0.00556	0.00343	0.00353	0.04976	0.00793	0.01071	0.14699	0.69518	0.02441	0.01030	0.00448	0.00139	0.00213	0.00928	0.00345	0.00316
1	0.00486	0.00350	0.00428	0.00459	0.00531	0.00314	0.00329	0.00580	0.00797	0.03643	0.15586	0.42299	0.28644	0.00972	0.00441	0.00133	0.00201	0.03148	0.00347	0.00314
2	0.00853	0.00726	0.00762	0.00683	0.00879	0.00819	0.00532	0.06792	0.66734	0.01472	0.01755	0.01631	0.13694	0.00548	0.00375	0.00121	0.00276	0.00455	0.00361	0.00532
3	0.00828	0.01678	0.61877	0.00968	0.01406	0.11791	0.01133	0.01294	0.13394	0.01161	0.00757	0.00833	0.00553	0.00367	0.00343	0.00112	0.00509	0.00283	0.00188	0.00523
4	0.01207	0.00980	0.18237	0.00828	0.01144	0.00771	0.06670	0.18932	0.01057	0.33917	0.01090	0.01072	0.03604	0.00434	0.00414	0.00114	0.05945	0.00345	0.00320	0.02919
5	0.00846	0.00578	0.00712	0.00565	0.00822	0.00464	0.00456	0.00995	0.00800	0.15470	0.01048	0.08505	0.00946	0.00463	0.00328	0.00085	0.00277	0.10919	0.00278	0.55441
6	0.00628	0.00468	0.00567	0.00542	0.00652	0.00447	0.00398	0.11330	0.00847	0.01161	0.08525	0.39146	0.03444	0.09437	0.02169	0.00153	0.00273	0.05732	0.00310	0.13772
7	0.08569	0.01235	0.00856	0.00789	0.00959	0.48497	0.00594	0.04682	0.14652	0.01106	0.00928	0.13784	0.00856	0.00503	0.00344	0.00108	0.00481	0.00380	0.00248	0.00429

[dist]
# distance from previous block
# <min> <max>
6	6

[block]
# block no. 1 follows, 77 sequences, length 21
# corresponding to MSA columns:
# 870-890
name=unknown_B
#
# <colnr> <probs for GDERKNQSTAVLIFYWHMCP>
#	G	D	E	R	K	N	Q	S	T	A	V	L	I	F	Y	W	H	M	C	P
0	0.00925	0.00993	0.05281	0.10552	0.36652	0.15995	0.08263	0.01145	0.02811	0.03541	0.03293	0.01058	0.02787	0.00389	0.00380	0.00110	0.02344	0.01976	0.01014	0.00492
1	0.00646	0.00487	0.00711	0.00899	0.15771	0.00486	0.00627	0.00825	0.02121	0.02040	0.01660	0.08666	0.03363	0.00825	0.00447	0.00146	0.00325	0.52897	0.06680	0.00378
2	0.00871	0.00439	0.00522	0.00489	0.00621	0.00429	0.00393	0.02906	0.04171	0.19013	0.01383	0.04205	0.01161	0.00550	0.00331	0.00108	0.00237	0.15068	0.46694	0.00407
3	0.00789	0.03244	0.37583	0.01041	0.01422	0.00797	0.27578	0.05008	0.00831	0.01226	0.00773	0.00932	0.00575	0.00347	0.00350	0.00110	0.00481	0.00330	0.16099	0.00484
4	0.00592	0.00500	0.00774	0.02141	0.00838	0.00467	0.15270	0.00783	0.04016	0.03538	0.21830	0.10778	0.27868	0.00751	0.00430	0.00126	0.00284	0.08326	0.00323	0.00366
5	0.00467	0.00341	0.00412	0.00454	0.00498	0.00318	0.00309	0.00530	0.00695	0.00901	0.04285	0.40624	0.20154	0.21937	0.00785	0.00190	0.00244	0.06267	0.00307	0.00281
6	0.00507	0.00346	0.00416	0.00431	0.00441	0.00349	0.00263	0.00531	0.00558	0.00751	0.01267	0.17392	0.01457	0.63178	0.10311	0.00336	0.00388	0.00598	0.00236	0.00242
7	0.00730	0.01614	0.69774	0.00939	0.01377	0.00772	0.01144	0.01059	0.00746	0.01102	0.00776	0.01104	0.00649	0.15908	0.00626	0.00164	0.00513	0.00326	0.00179	0.00498
8	0.00917	0.01025	0.16100	0.02598	0.09249	0.03460	0.05550	0.13878	0.35661	0.01443	0.01141	0.03239	0.03212	0.00448	0.00366	0.00117	0.00388	0.00380	0.00287	0.00542
9	0.00664	0.00595	0.00513	0.00497	0.00539	0.15630	0.00319	0.00692	0.00629	0.00751	0.01143	0.02051	0.05190	0.62972	0.06127	0.00305	0.00428	0.00475	0.00216	0.00263
10	0.17457	0.05066	0.00860	0.00727	0.00899	0.45030	0.00549	0.07209	0.00892	0.01082	0.00669	0.00954	0.00611	0.15897	0.00573	0.00142	0.00497	0.00282	0.00209	0.00393
11	0.00715	0.00651	0.00580	0.00543	0.00647	0.15676	0.00394	0.06568	0.02399	0.01147	0.25304	0.08172	0.14751	0.16899	0.00660	0.00156	0.00311	0.00557	0.03526	0.00345
12	0.02079	0.02665	0.00761	0.00552	0.00832	0.00536	0.02353	0.07436	0.00839	0.02709	0.01204	0.01247	0.15618	0.00401	0.00306	0.00074	0.00273	0.00326	0.00248	0.59539
13	0.01302	0.00604	0.00764	0.00593	0.00851	0.00533	0.00483	0.05071	0.03765	0.52999	0.01225	0.01142	0.00825	0.00411	0.00330	0.00098	0.00284	0.00332	0.11932	0.16456
14	0.00508	0.00342	0.00414	0.00446	0.00512	0.00317	0.00320	0.00616	0.00787	0.02091	0.15683	0.38969	0.17277	0.00885	0.00410	0.00125	0.00195	0.03549	0.16240	0.00315
15	0.00574	0.00490	0.00573	0.00561	0.00638	0.06676	0.00429	0.00684	0.00654	0.00869	0.01410	0.01757	0.15889	0.07492	0.53365	0.00416	0.04028	0.00446	0.02727	0.00322
16	0.00515	0.00388	0.00485	0.00476	0.00566	0.00379	0.00360	0.00694	0.04904	0.01185	0.37974	0.06744	0.19790	0.02349	0.15708	0.00204	0.00330	0.03589	0.03023	0.00335
17	0.04538	0.00829	0.02723	0.00703	0.00962	0.00849	0.00586	0.49525	0.01357	0.16755	0.01440	0.01379	0.15712	0.00514	0.00366	0.00111	0.00340	0.00402	0.00361	0.00547
18	0.00844	0.03264	0.00743	0.03222	0.00841	0.19367	0.00509	0.15675	0.01023	0.01223	0.09507	0.04065	0.29946	0.00660	0.00407	0.00115	0.02374	0.05521	0.00297	0.00398
19	0.00746	0.03394	0.05284	0.00862	0.01170	0.00654	0.28010	0.03294	0.00820	0.01149	0.01207	0.01304	0.15610	0.00403	0.00352	0.00093	0.00384	0.00386	0.00224	0.34652
20	0.03841	0.00695	0.01047	0.00787	0.01068	0.00634	0.15384	0.07290	0.00991	0.53093	0.01171	0.01162	0.00794	0.04618	0.00435	0.00121	0.00365	0.00365	0.00361	0.05778

[dist]
# distance from previous block
# <min> <max>
1	1

[block]
# block no. 2 follows, 77 sequences, length 6
# corresponding to MSA columns:
# 916-921
name=unknown_C
#
# <colnr> <probs for GDERKNQSTAVLIFYWHMCP>
#	G	D	E	R	K	N	Q	S	T	A	V	L	I	F	Y	W	H	M	C	P
0	0.00477	0.00342	0.00456	0.00501	0.00550	0.00321	0.00361	0.00587	0.00816	0.01115	0.30445	0.49553	0.02696	0.00979	0.00451	0.00137	0.00208	0.09338	0.00355	0.00312
1	0.01090	0.00702	0.00810	0.00683	0.00878	0.00733	0.00537	0.41274	0.01234	0.15972	0.01342	0.30534	0.01266	0.00673	0.00394	0.00122	0.00316	0.00570	0.00365	0.00502
2	0.00757	0.00551	0.00645	0.00613	0.00726	0.00575	0.00454	0.29133	0.01033	0.01381	0.01598	0.57515	0.01772	0.00888	0.00425	0.00133	0.00273	0.00783	0.00343	0.00402
3	0.00488	0.00361	0.00523	0.00552	0.00601	0.00396	0.00410	0.00594	0.00616	0.00864	0.01313	0.30834	0.01407	0.02159	0.56594	0.00430	0.00704	0.00604	0.00241	0.00311
4	0.14616	0.00603	0.00735	0.00620	0.00818	0.00628	0.00503	0.12993	0.00906	0.31763	0.01044	0.01140	0.00778	0.01200	0.29713	0.00271	0.00540	0.00339	0.00313	0.00478
5	0.05314	0.00723	0.00842	0.00684	0.00917	0.00743	0.00554	0.31986	0.05968	0.30500	0.05303	0.10108	0.01088	0.00539	0.00372	0.00116	0.00321	0.02994	0.00381	0.00544

[dist]
# distance from previous block
# <min> <max>
6	6

[block]
# block no. 3 follows, 77 sequences, length 24
# corresponding to MSA columns:
# 986-1009
name=unknown_D
#
# <colnr> <probs for GDERKNQSTAVLIFYWHMCP>
#	G	D	E	R	K	N	Q	S	T	A	V	L	I	F	Y	W	H	M	C	P
0	0.00662	0.00450	0.00565	0.00503	0.00621	0.00434	0.00387	0.09751	0.01092	0.06081	0.71295	0.02410	0.02957	0.00687	0.00414	0.00112	0.00202	0.00599	0.00395	0.00384
1	0.00477	0.00352	0.00446	0.00454	0.00526	0.00321	0.00328	0.00605	0.00897	0.01227	0.49862	0.26683	0.14749	0.00871	0.00434	0.00124	0.00183	0.00771	0.00370	0.00321
2	0.00889	0.55179	0.05761	0.00621	0.00900	0.01143	0.00597	0.08068	0.06724	0.01049	0.01131	0.01146	0.14632	0.00433	0.00289	0.00092	0.00352	0.00317	0.00216	0.00459
3	0.00977	0.15157	0.00886	0.00576	0.00777	0.00802	0.00482	0.30711	0.01115	0.03873	0.06987	0.01190	0.03108	0.00441	0.00307	0.00095	0.00290	0.00342	0.31422	0.00463
4	0.75114	0.00748	0.00621	0.00532	0.00766	0.00858	0.00439	0.14895	0.00792	0.01723	0.00561	0.00631	0.00427	0.00350	0.00246	0.00111	0.00298	0.00216	0.00246	0.00427
5	0.15757	0.48878	0.11994	0.00694	0.00968	0.01197	0.00694	0.01049	0.00687	0.01014	0.00514	0.00634	0.00450	0.00366	0.00391	0.00100	0.13779	0.00221	0.00166	0.00448
6	0.58377	0.15259	0.03579	0.07832	0.00942	0.00932	0.00530	0.06885	0.00722	0.01457	0.00543	0.00640	0.00427	0.00339	0.00249	0.00106	0.00330	0.00216	0.00213	0.00423
7	0.23064	0.00458	0.00508	0.00478	0.00593	0.00487	0.00367	0.00799	0.00763	0.03990	0.29474	0.01717	0.02648	0.07136	0.19343	0.00230	0.00389	0.00437	0.06771	0.00348
8	0.00870	0.00621	0.00669	0.00574	0.00744	0.00665	0.00453	0.25781	0.15864	0.01632	0.15328	0.01603	0.08398	0.00530	0.00348	0.00106	0.00258	0.00433	0.24666	0.00457
9	0.14791	0.00785	0.00915	0.00760	0.00916	0.00943	0.02015	0.26113	0.06643	0.02840	0.01774	0.00913	0.00637	0.00557	0.03351	0.00139	0.27832	0.00316	0.07292	0.00468
10	0.00831	0.00614	0.00734	0.00628	0.00771	0.00670	0.00502	0.17031	0.07560	0.08658	0.24223	0.01942	0.18566	0.00650	0.00528	0.00122	0.14688	0.00509	0.00338	0.00436
11	0.00620	0.00466	0.00545	0.00502	0.00628	0.00461	0.00384	0.02871	0.16752	0.04022	0.48217	0.02500	0.19216	0.00708	0.00410	0.00116	0.00204	0.00610	0.00379	0.00391
12	0.00763	0.00631	0.00731	0.00557	0.00825	0.00536	0.00442	0.06797	0.07955	0.01323	0.14801	0.01129	0.01064	0.00375	0.00308	0.00073	0.00261	0.00310	0.00267	0.60852
13	0.00550	0.00431	0.00510	0.00452	0.00592	0.00375	0.00345	0.03093	0.00937	0.01290	0.45709	0.02526	0.25611	0.00697	0.00396	0.00105	0.00196	0.00598	0.00347	0.15237
14	0.00503	0.00375	0.00506	0.00501	0.00573	0.00395	0.00378	0.00623	0.00700	0.00972	0.17731	0.02056	0.14464	0.09016	0.47593	0.00389	0.00623	0.00506	0.01783	0.00314
15	0.00810	0.35437	0.30777	0.00812	0.01156	0.03903	0.05445	0.01042	0.00732	0.00965	0.00643	0.00804	0.00537	0.00721	0.14596	0.00177	0.00554	0.00264	0.00162	0.00462
16	0.75006	0.00890	0.14718	0.00565	0.00839	0.00812	0.00546	0.01071	0.00637	0.01535	0.00525	0.00614	0.00401	0.00335	0.00242	0.00112	0.00321	0.00207	0.00211	0.00413
17	0.15473	0.00458	0.00570	0.00529	0.00605	0.00477	0.06187	0.00685	0.00598	0.00936	0.01083	0.05329	0.01171	0.48460	0.08798	0.00290	0.00403	0.07434	0.00228	0.00287
18	0.03690	0.00694	0.00861	0.00689	0.00904	0.00706	0.06357	0.23903	0.08976	0.23415	0.02902	0.01506	0.08039	0.14992	0.00614	0.00153	0.00343	0.00421	0.00341	0.00495
19	0.00603	0.00442	0.00533	0.00538	0.00622	0.00438	0.00390	0.14457	0.00910	0.01214	0.11940	0.53325	0.10226	0.00941	0.00436	0.00134	0.00234	0.01917	0.00346	0.00353
20	0.08318	0.00625	0.00698	0.00620	0.04105	0.03918	0.00453	0.02201	0.04371	0.05474	0.01035	0.22021	0.01017	0.00511	0.00327	0.00091	0.00280	0.00433	0.00262	0.43239
21	0.19551	0.00819	0.00834	0.00657	0.00928	0.04079	0.00534	0.28028	0.07350	0.10510	0.00824	0.00842	0.00606	0.00374	0.00307	0.00096	0.00331	0.00276	0.00298	0.22756
22	0.01278	0.00848	0.00951	0.00727	0.01011	0.00873	0.00597	0.50602	0.03254	0.17393	0.00951	0.00935	0.00670	0.00408	0.00342	0.00099	0.00348	0.00315	0.02941	0.15457
23	0.00723	0.00569	0.00625	0.02916	0.00763	0.00577	0.00455	0.21655	0.06933	0.01362	0.05273	0.02632	0.43105	0.00749	0.00411	0.00123	0.00268	0.10114	0.00340	0.00407

[dist]
# distance from previous block
# <min> <max>
1	2

[block]
# block no. 4 follows, 77 sequences, length 17
# corresponding to MSA columns:
# 1025-1041
name=unknown_E
#
# <colnr> <probs for GDERKNQSTAVLIFYWHMCP>
#	G	D	E	R	K	N	Q	S	T	A	V	L	I	F	Y	W	H	M	C	P
0	0.00643	0.00548	0.00657	0.15471	0.01005	0.05463	0.00566	0.06208	0.00873	0.01092	0.04700	0.07964	0.22616	0.00789	0.00431	0.00136	0.00329	0.29854	0.00298	0.00357
1	0.00945	0.50379	0.02832	0.05683	0.01028	0.16576	0.00658	0.01077	0.00800	0.00901	0.00764	0.01218	0.00742	0.00442	0.00303	0.00098	0.00431	0.14505	0.00191	0.00428
2	0.00571	0.15500	0.00688	0.00465	0.00602	0.00547	0.00370	0.00733	0.06302	0.01039	0.15644	0.10178	0.38104	0.04952	0.02636	0.00137	0.00252	0.00623	0.00306	0.00350
3	0.31119	0.00620	0.00664	0.00547	0.00780	0.00618	0.00447	0.06084	0.00891	0.37707	0.01463	0.01376	0.15276	0.00488	0.00326	0.00113	0.00280	0.00372	0.00346	0.00484
4	0.74600	0.00681	0.00582	0.00502	0.00734	0.00759	0.00414	0.01178	0.00684	0.16127	0.00660	0.00695	0.00476	0.00353	0.00247	0.00111	0.00283	0.00224	0.00261	0.00428
5	0.16937	0.00670	0.00945	0.54541	0.01853	0.00813	0.00814	0.06412	0.00765	0.03523	0.00701	0.00930	0.01828	0.00388	0.00381	0.00119	0.05436	0.00305	0.02223	0.00414
6	0.00988	0.59760	0.03541	0.15510	0.01207	0.01191	0.00688	0.01135	0.00767	0.11338	0.00641	0.00728	0.00518	0.00335	0.00272	0.00089	0.00395	0.00237	0.00191	0.00471
7	0.00545	0.15479	0.00666	0.00442	0.00582	0.00510	0.00359	0.00664	0.00859	0.01085	0.26138	0.04155	0.43982	0.00762	0.00393	0.00113	0.00217	0.02385	0.00320	0.00342
8	0.00839	0.00715	0.00750	0.00674	0.00867	0.00804	0.00524	0.06122	0.65475	0.01454	0.01809	0.01683	0.15606	0.00558	0.00376	0.00121	0.00273	0.00463	0.00360	0.00526
9	0.00842	0.05898	0.40200	0.09340	0.06892	0.06472	0.03080	0.02367	0.16580	0.02583	0.00803	0.00895	0.00599	0.00375	0.00355	0.00113	0.01582	0.00302	0.00206	0.00517
10	0.00784	0.01045	0.19426	0.01038	0.01312	0.05973	0.28494	0.03082	0.06277	0.01087	0.00861	0.06848	0.00756	0.06140	0.08060	0.00177	0.07577	0.00409	0.00204	0.00448
11	0.00644	0.00452	0.00560	0.00571	0.00654	0.00454	0.00420	0.15018	0.00903	0.03263	0.06979	0.57914	0.02075	0.00954	0.00440	0.00138	0.00251	0.07603	0.00345	0.00362
12	0.00907	0.00747	0.01376	0.01046	0.01301	0.00710	0.41029	0.09137	0.00924	0.13875	0.03370	0.21637	0.01117	0.00545	0.00417	0.00124	0.00434	0.00554	0.00281	0.00467
13	0.00806	0.06340	0.00739	0.02780	0.00756	0.06534	0.00454	0.19124	0.02153	0.02594	0.03743	0.19704	0.02466	0.25102	0.04062	0.00200	0.01254	0.00533	0.00278	0.00378
14	0.00759	0.03114	0.07034	0.00847	0.01022	0.14241	0.19888	0.02777	0.00779	0.00975	0.01114	0.23504	0.01173	0.15675	0.01859	0.00169	0.01907	0.02556	0.00233	0.00376
15	0.00597	0.00574	0.00513	0.00541	0.00621	0.15138	0.00387	0.00677	0.00792	0.00942	0.03999	0.45527	0.24357	0.00926	0.00427	0.00130	0.00280	0.02945	0.00309	0.00319
16	0.00623	0.00567	0.00910	0.55635	0.03130	0.00657	0.02974	0.00824	0.00752	0.00955	0.01349	0.04882	0.15365	0.00550	0.00391	0.00126	0.00405	0.09313	0.00216	0.00377

[dist]
# distance from previous block
# <min> <max>
4	10

[block]
# block no. 5 follows, 77 sequences, length 9
# corresponding to MSA columns:
# 1121-1129
name=unknown_F
#
# <colnr> <probs for GDERKNQSTAVLIFYWHMCP>
#	G	D	E	R	K	N	Q	S	T	A	V	L	I	F	Y	W	H	M	C	P
0	0.00877	0.00616	0.00710	0.00618	0.00781	0.01888	0.01870	0.25718	0.04175	0.08519	0.04168	0.19517	0.14232	0.03302	0.03699	0.02991	0.00322	0.01989	0.02305	0.01701
1	0.00619	0.00619	0.11537	0.00625	0.00753	0.00489	0.00530	0.11887	0.00840	0.01135	0.01611	0.51782	0.01810	0.04916	0.00498	0.00148	0.00295	0.09232	0.00308	0.00367
2	0.04217	0.00843	0.00981	0.02306	0.03592	0.17709	0.14643	0.07967	0.02666	0.01098	0.01044	0.07777	0.01031	0.13045	0.05157	0.00180	0.02140	0.12966	0.00242	0.00396
3	0.12631	0.00865	0.00949	0.12342	0.01205	0.00984	0.00663	0.43726	0.19833	0.01831	0.00920	0.00947	0.00673	0.00422	0.00343	0.00113	0.00367	0.00325	0.00316	0.00545
4	0.01276	0.01016	0.01199	0.00915	0.01205	0.04024	0.11440	0.66290	0.05642	0.02037	0.00865	0.00894	0.00622	0.00416	0.00367	0.00110	0.00426	0.00338	0.00331	0.00586
5	0.05949	0.01046	0.01005	0.00799	0.01065	0.14050	0.00648	0.54832	0.03567	0.12157	0.00881	0.00872	0.00624	0.00420	0.00348	0.00107	0.00415	0.00310	0.00337	0.00569
6	0.12375	0.09060	0.55801	0.00891	0.01330	0.00921	0.01058	0.12314	0.00864	0.01328	0.00644	0.00735	0.00469	0.00350	0.00319	0.00110	0.00468	0.00258	0.00189	0.00518
7	0.00636	0.00726	0.12304	0.14576	0.15479	0.00604	0.05196	0.00815	0.00734	0.00990	0.01372	0.14913	0.11913	0.11942	0.00597	0.00154	0.01875	0.04549	0.00229	0.00395
8	0.00719	0.07548	0.68276	0.00948	0.01404	0.00819	0.01179	0.01082	0.00767	0.01111	0.00806	0.01193	0.00674	0.00428	0.00355	0.00118	0.00494	0.11405	0.00176	0.00500

[dist]
# distance from previous block
# <min> <max>
1	1

[block]
# block no. 6 follows, 77 sequences, length 14
# corresponding to MSA columns:
# 1144-1157
name=unknown_G
#
# <colnr> <probs for GDERKNQSTAVLIFYWHMCP>
#	G	D	E	R	K	N	Q	S	T	A	V	L	I	F	Y	W	H	M	C	P
0	0.00560	0.00382	0.00480	0.00447	0.00550	0.00344	0.00338	0.00712	0.00980	0.06421	0.64118	0.02749	0.19062	0.00752	0.00421	0.00115	0.00180	0.00654	0.00387	0.00349
1	0.00670	0.00624	0.01060	0.63671	0.05496	0.00732	0.05966	0.00901	0.00781	0.01030	0.14533	0.01242	0.00967	0.00416	0.00374	0.00118	0.00434	0.00381	0.00201	0.00402
2	0.00829	0.00753	0.01851	0.14859	0.01149	0.08762	0.03690	0.12370	0.14340	0.02327	0.01351	0.15888	0.08013	0.00618	0.00438	0.00125	0.05654	0.05135	0.01413	0.00434
3	0.00455	0.00359	0.00415	0.00448	0.00536	0.00319	0.00338	0.00553	0.00795	0.00993	0.06274	0.25112	0.47878	0.00972	0.00445	0.00134	0.00211	0.13122	0.00336	0.00306
4	0.00814	0.00774	0.01280	0.01904	0.71172	0.00764	0.00967	0.01007	0.00819	0.01142	0.01165	0.01314	0.14475	0.00418	0.00367	0.00109	0.00387	0.00393	0.00204	0.00526
5	0.00749	0.01695	0.71650	0.01220	0.15324	0.00839	0.01292	0.01133	0.00769	0.01145	0.00651	0.00781	0.00474	0.00338	0.00344	0.00113	0.00514	0.00275	0.00156	0.00538
6	0.00838	0.01002	0.15190	0.20826	0.38781	0.03323	0.05214	0.03252	0.05939	0.01150	0.00715	0.00908	0.00560	0.00347	0.00358	0.00112	0.00462	0.00319	0.00186	0.00517
7	0.03434	0.00601	0.00873	0.05964	0.00979	0.03047	0.14191	0.03459	0.02842	0.14558	0.09359	0.10432	0.03541	0.02776	0.03325	0.00137	0.02637	0.02561	0.14865	0.00419
8	0.05383	0.00426	0.00406	0.00386	0.00491	0.02296	0.00295	0.05951	0.00810	0.01402	0.01106	0.01257	0.00865	0.00414	0.00258	0.00087	0.00198	0.00325	0.77287	0.00357
9	0.00563	0.00398	0.00534	0.03965	0.00627	0.00449	0.00393	0.00667	0.00610	0.00905	0.03453	0.01633	0.01043	0.24133	0.39587	0.00383	0.05047	0.00414	0.14892	0.00304
10	0.00511	0.00363	0.00448	0.00441	0.00514	0.00334	0.00316	0.00627	0.00863	0.02708	0.45428	0.12837	0.15821	0.15081	0.00660	0.00158	0.00211	0.02017	0.00349	0.00313
11	0.01206	0.02722	0.00863	0.00678	0.00912	0.07499	0.00548	0.34000	0.02230	0.23421	0.02516	0.03515	0.14660	0.00528	0.00366	0.00110	0.00342	0.00418	0.02946	0.00523
12	0.00972	0.01689	0.02368	0.02652	0.23457	0.01714	0.00698	0.18642	0.08732	0.09434	0.02466	0.10246	0.03935	0.00481	0.00361	0.00107	0.00345	0.00413	0.00288	0.11000
13	0.01001	0.50544	0.03869	0.00980	0.16798	0.09538	0.00741	0.06731	0.03208	0.01034	0.00594	0.00693	0.00510	0.00337	0.00298	0.00090	0.02121	0.00240	0.00181	0.00491

[dist]
# distance from previous block
# <min> <max>
8	39

[block]
# block no. 7 follows, 77 sequences, length 6
# corresponding to MSA columns:
# 1306-1311
name=unknown_H
#
# <colnr> <probs for GDERKNQSTAVLIFYWHMCP>
#	G	D	E	R	K	N	Q	S	T	A	V	L	I	F	Y	W	H	M	C	P
0	0.00912	0.03410	0.07933	0.05504	0.04801	0.03659	0.00599	0.17866	0.13626	0.07351	0.01111	0.03327	0.03227	0.21655	0.00714	0.00169	0.00370	0.00403	0.02908	0.00454
1	0.01069	0.04703	0.08592	0.03090	0.09866	0.03922	0.03727	0.27615	0.16000	0.02949	0.05034	0.02838	0.03488	0.00520	0.00410	0.00127	0.01785	0.03385	0.00318	0.00564
2	0.00726	0.00521	0.00618	0.00555	0.00648	0.00565	0.00404	0.20910	0.00846	0.01154	0.04819	0.01733	0.01114	0.37748	0.25721	0.00346	0.00530	0.00440	0.00253	0.00349
3	0.00747	0.00678	0.01102	0.07288	0.42780	0.00700	0.03074	0.00972	0.04774	0.01086	0.03107	0.04783	0.00821	0.00954	0.21239	0.00223	0.00536	0.00377	0.00204	0.04553
4	0.00549	0.00445	0.00672	0.00917	0.21160	0.00429	0.00522	0.00648	0.00720	0.00981	0.01664	0.66085	0.01938	0.00930	0.00434	0.00137	0.00262	0.00851	0.00296	0.00360
5	0.00671	0.00560	0.00666	0.00525	0.00772	0.00434	0.00404	0.00807	0.00732	0.01110	0.00967	0.21820	0.00983	0.00476	0.00313	0.00076	0.00252	0.00411	0.00243	0.67779

[dist]
# distance from previous block
# <min> <max>
1	1

[block]
# block no. 8 follows, 77 sequences, length 6
# corresponding to MSA columns:
# 1330-1335
name=unknown_I
#
# <colnr> <probs for GDERKNQSTAVLIFYWHMCP>
#	G	D	E	R	K	N	Q	S	T	A	V	L	I	F	Y	W	H	M	C	P
0	0.71417	0.18751	0.00811	0.00503	0.00743	0.00935	0.00437	0.01061	0.00637	0.01454	0.00501	0.00583	0.00405	0.00328	0.00224	0.00104	0.00300	0.00194	0.00208	0.00405
1	0.15070	0.00856	0.01251	0.06315	0.36519	0.04587	0.08624	0.03555	0.00766	0.01188	0.00612	0.00821	0.00511	0.00389	0.00502	0.00119	0.17341	0.00305	0.00186	0.00484
2	0.00727	0.03755	0.11370	0.00753	0.03553	0.04162	0.03468	0.04450	0.06345	0.01175	0.14461	0.03915	0.07861	0.03629	0.00556	0.00130	0.14090	0.07020	0.08173	0.00409
3	0.00485	0.00586	0.13957	0.00523	0.00673	0.00388	0.00468	0.00627	0.00788	0.01029	0.10839	0.30166	0.36397	0.00873	0.00423	0.00127	0.00245	0.00755	0.00311	0.00340
4	0.00776	0.04292	0.17746	0.05767	0.10948	0.05418	0.09781	0.03369	0.11918	0.01144	0.03225	0.01417	0.15550	0.00550	0.02962	0.00130	0.03901	0.00409	0.00234	0.00465
5	0.00514	0.00439	0.00683	0.00618	0.00726	0.00402	0.13614	0.00633	0.00782	0.01028	0.13071	0.38309	0.22201	0.04637	0.00500	0.00141	0.00267	0.00793	0.00313	0.00329

[dist]
# distance from previous block
# <min> <max>
1	2

[block]
# block no. 9 follows, 77 sequences, length 17
# corresponding to MSA columns:
# 1733-1749
name=unknown_J
#
# <colnr> <probs for GDERKNQSTAVLIFYWHMCP>
#	G	D	E	R	K	N	Q	S	T	A	V	L	I	F	Y	W	H	M	C	P
0	0.17851	0.04402	0.05482	0.00899	0.09846	0.11766	0.07823	0.07319	0.01720	0.13027	0.05276	0.00939	0.00722	0.00452	0.03148	0.00118	0.00416	0.00304	0.00253	0.08237
1	0.04458	0.11829	0.35289	0.00766	0.01106	0.00795	0.00833	0.06190	0.06118	0.10120	0.17757	0.01210	0.01141	0.00442	0.00345	0.00109	0.00383	0.00354	0.00261	0.00494
2	0.00670	0.00840	0.16984	0.34555	0.11991	0.00702	0.05533	0.00905	0.00744	0.01011	0.00970	0.18577	0.00935	0.00528	0.00385	0.00124	0.00429	0.03487	0.00204	0.00426
3	0.00649	0.00477	0.00626	0.16740	0.00899	0.00533	0.00455	0.07996	0.00678	0.00926	0.00948	0.01684	0.00960	0.42286	0.09353	0.05859	0.03274	0.00424	0.04927	0.00305
4	0.00722	0.00700	0.04894	0.45090	0.03226	0.00729	0.13940	0.00963	0.04221	0.03739	0.00808	0.01239	0.00686	0.16799	0.00647	0.00163	0.00462	0.00377	0.00192	0.00402
5	0.04447	0.00683	0.00880	0.16868	0.01210	0.00681	0.00616	0.15610	0.02482	0.34184	0.05430	0.01100	0.00831	0.00413	0.00346	0.00104	0.00340	0.00336	0.00332	0.13107
6	0.01034	0.00664	0.00780	0.00600	0.00875	0.00596	0.00483	0.08541	0.12473	0.22416	0.01003	0.00997	0.00733	0.00366	0.00311	0.00084	0.00284	0.00295	0.06095	0.41370
7	0.00726	0.01630	0.69479	0.00932	0.01424	0.00768	0.01158	0.01095	0.00757	0.01145	0.00644	0.00757	0.00470	0.00328	0.00328	0.00102	0.00481	0.00256	0.00163	0.17356
8	0.00517	0.00645	0.16480	0.00524	0.00708	0.00410	0.00493	0.00671	0.00804	0.03060	0.07732	0.16518	0.48477	0.00817	0.00413	0.00123	0.00255	0.00693	0.00306	0.00354
9	0.00450	0.00336	0.00427	0.00488	0.00537	0.00313	0.00345	0.00530	0.00720	0.00936	0.02274	0.57765	0.20168	0.01169	0.05796	0.00169	0.00259	0.06694	0.00325	0.00299
10	0.00507	0.00344	0.00407	0.00423	0.00430	0.00343	0.00252	0.00525	0.00557	0.00746	0.01285	0.18324	0.01489	0.66583	0.06021	0.00323	0.00355	0.00610	0.00239	0.00237
11	0.00974	0.03211	0.04559	0.04016	0.02241	0.29119	0.24709	0.06044	0.00877	0.01021	0.00738	0.01096	0.00657	0.16795	0.00656	0.00153	0.02164	0.00354	0.00197	0.00417
12	0.00859	0.00842	0.00798	0.00607	0.00902	0.16625	0.00477	0.01006	0.00798	0.01117	0.00624	0.00728	0.00520	0.00286	0.00277	0.00061	0.00339	0.00217	0.00208	0.72711
13	0.00843	0.05157	0.21927	0.03552	0.01406	0.02221	0.27034	0.06022	0.00857	0.03976	0.03820	0.02395	0.00665	0.00355	0.00365	0.00103	0.01429	0.00338	0.00208	0.17327
14	0.00694	0.00555	0.00877	0.00809	0.06131	0.00526	0.16187	0.07114	0.00860	0.06761	0.04768	0.36037	0.15631	0.00772	0.00425	0.00128	0.00312	0.00711	0.00307	0.00395
15	0.00502	0.00364	0.00416	0.00424	0.00508	0.00327	0.00302	0.00582	0.00761	0.04248	0.07990	0.18909	0.42746	0.15198	0.03038	0.00176	0.00244	0.02642	0.00319	0.00303
16	0.66320	0.00641	0.00529	0.00472	0.00680	0.00712	0.00384	0.03927	0.00706	0.04859	0.01144	0.01164	0.16402	0.00451	0.00271	0.00113	0.00265	0.00313	0.00257	0.00390

[dist]
# distance from previous block
# <min> <max>
1	1

[block]
# block no. 10 follows, 77 sequences, length 10
# corresponding to MSA columns:
# 1927-1936
name=unknown_K
#
# <colnr> <probs for GDERKNQSTAVLIFYWHMCP>
#	G	D	E	R	K	N	Q	S	T	A	V	L	I	F	Y	W	H	M	C	P
0	0.09240	0.10507	0.62961	0.00917	0.01379	0.00913	0.01122	0.06895	0.00807	0.01233	0.00632	0.00731	0.00461	0.00344	0.00320	0.00109	0.00483	0.00256	0.00173	0.00517
1	0.02933	0.04060	0.20963	0.00726	0.00969	0.08429	0.00690	0.15044	0.02825	0.05705	0.02509	0.01192	0.00790	0.13278	0.14911	0.00220	0.00516	0.00344	0.03452	0.00443
2	0.02717	0.13114	0.08809	0.00699	0.00965	0.07928	0.04549	0.14590	0.00944	0.01274	0.05781	0.06720	0.06350	0.00462	0.00332	0.00096	0.00362	0.02260	0.01845	0.20203
3	0.41037	0.00794	0.00737	0.00590	0.00854	0.04223	0.00480	0.20306	0.00917	0.01614	0.00626	0.00697	0.00484	0.00339	0.00271	0.00094	0.00317	0.00231	0.00250	0.25138
4	0.09655	0.00384	0.00429	0.00441	0.00532	0.00362	0.00322	0.00612	0.00814	0.01152	0.25268	0.27848	0.29169	0.00867	0.00414	0.00125	0.00197	0.00749	0.00340	0.00319
5	0.00883	0.05452	0.01186	0.00889	0.01090	0.05138	0.15982	0.13982	0.00870	0.01203	0.00774	0.09687	0.00714	0.00490	0.00569	0.00114	0.22851	0.00379	0.00224	0.17523
6	0.02349	0.18786	0.33401	0.02941	0.04810	0.02380	0.07132	0.04892	0.03224	0.06856	0.00688	0.00800	0.00525	0.00377	0.00413	0.00111	0.09334	0.00283	0.00194	0.00504
7	0.00615	0.00541	0.09258	0.00612	0.00741	0.00415	0.00538	0.00763	0.00791	0.07870	0.01958	0.30306	0.11306	0.00916	0.00450	0.00145	0.00293	0.31801	0.00323	0.00359
8	0.00589	0.00389	0.00458	0.00469	0.00557	0.00377	0.00347	0.00785	0.08010	0.04295	0.13794	0.28478	0.14343	0.00792	0.00392	0.00121	0.00206	0.04795	0.20453	0.00348
9	0.00825	0.00633	0.00773	0.00739	0.05030	0.03737	0.03258	0.12061	0.13945	0.06382	0.04984	0.06436	0.04715	0.09905	0.09926	0.04073	0.02150	0.09715	0.00295	0.00421

[dist]
# distance from previous block
# <min> <max>
1	1

[block]
# block no. 11 follows, 77 sequences, length 19
# corresponding to MSA columns:
# 1939-1957
name=unknown_L
#
# <colnr> <probs for GDERKNQSTAVLIFYWHMCP>
#	G	D	E	R	K	N	Q	S	T	A	V	L	I	F	Y	W	H	M	C	P
0	0.01250	0.00801	0.00906	0.00726	0.00965	0.00849	0.00587	0.50447	0.03715	0.19043	0.01167	0.13725	0.00951	0.00539	0.00372	0.00114	0.00341	0.00438	0.02507	0.00557
1	0.00590	0.00468	0.00498	0.00456	0.00597	0.00441	0.00351	0.14235	0.00981	0.01238	0.12701	0.06151	0.58334	0.00820	0.00416	0.00119	0.00217	0.00685	0.00346	0.00358
2	0.02322	0.01728	0.01809	0.03932	0.02573	0.06987	0.05528	0.22777	0.02038	0.10343	0.01425	0.07170	0.13341	0.00642	0.00477	0.06757	0.01828	0.07575	0.00301	0.00447
3	0.04503	0.00861	0.06870	0.12390	0.48655	0.00811	0.00969	0.05771	0.00874	0.13674	0.00783	0.00926	0.00593	0.00352	0.00351	0.00110	0.00415	0.00318	0.00225	0.00547
4	0.06741	0.00607	0.00750	0.00808	0.13207	0.01528	0.00536	0.02380	0.21887	0.08850	0.29033	0.04994	0.06047	0.00575	0.00380	0.00116	0.00267	0.00495	0.00341	0.00460
5	0.09783	0.62927	0.01560	0.00630	0.00909	0.04426	0.00589	0.01212	0.13119	0.01021	0.00645	0.00694	0.00549	0.00339	0.00253	0.00088	0.00369	0.00226	0.00193	0.00469
6	0.00581	0.13293	0.00686	0.00517	0.00630	0.00537	0.00401	0.02320	0.06851	0.01058	0.13105	0.33672	0.17414	0.00908	0.03585	0.00141	0.00266	0.03369	0.00313	0.00354
7	0.00839	0.57969	0.13677	0.00659	0.00946	0.02603	0.00669	0.00988	0.00732	0.00902	0.00789	0.16213	0.00807	0.00461	0.00290	0.00095	0.00379	0.00353	0.00187	0.00440
8	0.06496	0.13262	0.00650	0.00512	0.00602	0.00500	0.00380	0.00637	0.00697	0.00964	0.01686	0.62439	0.05166	0.00916	0.00402	0.00130	0.00240	0.00808	0.00296	0.03216
9	0.00633	0.00572	0.00935	0.68024	0.02049	0.00694	0.00848	0.00831	0.00702	0.00904	0.00871	0.13801	0.00816	0.06280	0.00473	0.00139	0.00431	0.00437	0.00189	0.00372
10	0.07316	0.00753	0.00890	0.15462	0.04366	0.03955	0.01605	0.12050	0.10185	0.04409	0.00804	0.02523	0.00634	0.00363	0.00317	0.00092	0.00348	0.00294	0.00249	0.33384
11	0.03440	0.00862	0.04717	0.07075	0.13433	0.02708	0.11608	0.20351	0.08917	0.03383	0.03177	0.02778	0.03348	0.00445	0.00394	0.00113	0.03130	0.03705	0.00265	0.06149
12	0.00516	0.00387	0.00481	0.00535	0.00584	0.00389	0.00371	0.00720	0.13079	0.00998	0.01852	0.66193	0.02113	0.06216	0.00529	0.00155	0.00233	0.03986	0.00332	0.00330
13	0.00556	0.00394	0.00521	0.00534	0.00585	0.00417	0.00384	0.06127	0.00681	0.00930	0.01329	0.29394	0.01455	0.16642	0.30416	0.05223	0.00517	0.03332	0.00257	0.00304
14	0.03497	0.01078	0.15175	0.02074	0.04390	0.07758	0.16469	0.27153	0.01068	0.03461	0.00785	0.00933	0.00601	0.00715	0.13023	0.00180	0.00559	0.00332	0.00242	0.00505
15	0.01202	0.04494	0.01227	0.03790	0.01250	0.31434	0.12990	0.29440	0.06213	0.01430	0.00739	0.00822	0.00565	0.00392	0.00371	0.00106	0.02475	0.00305	0.00252	0.00503
16	0.00571	0.00562	0.00478	0.00471	0.00591	0.12975	0.00353	0.00668	0.00853	0.00987	0.08080	0.08759	0.59394	0.00837	0.00415	0.00120	0.00256	0.02991	0.00316	0.00323
17	0.00478	0.00375	0.00435	0.00437	0.00531	0.00342	0.00321	0.00634	0.04819	0.01147	0.30798	0.18568	0.38068	0.00871	0.00428	0.00123	0.00188	0.00754	0.00357	0.00326
18	0.00440	0.00322	0.00408	0.00476	0.00511	0.00296	0.00320	0.00504	0.00701	0.00917	0.02192	0.71070	0.14552	0.04834	0.00514	0.00151	0.00211	0.00962	0.00329	0.00291

[dist]
# distance from previous block
# <min> <max>
1	1

[block]
# block no. 12 follows, 77 sequences, length 19
# corresponding to MSA columns:
# 2065-2083
name=unknown_M
#
# <colnr> <probs for GDERKNQSTAVLIFYWHMCP>
#	G	D	E	R	K	N	Q	S	T	A	V	L	I	F	Y	W	H	M	C	P
0	0.74072	0.00751	0.00627	0.00536	0.00771	0.00862	0.00442	0.15870	0.00805	0.01731	0.00566	0.00634	0.00429	0.00351	0.00247	0.00111	0.00299	0.00218	0.00247	0.00429
1	0.89899	0.00696	0.00529	0.00473	0.00696	0.00807	0.00390	0.01057	0.00612	0.01614	0.00501	0.00584	0.00390	0.00334	0.00223	0.00111	0.00278	0.00195	0.00223	0.00390
2	0.16965	0.00950	0.00838	0.00728	0.00946	0.14885	0.00574	0.17041	0.38711	0.01562	0.01025	0.01003	0.00773	0.00429	0.00330	0.00112	0.00362	0.00323	0.01929	0.00516
3	0.01002	0.00955	0.00866	0.00772	0.00977	0.16107	0.00598	0.06565	0.64764	0.01437	0.01267	0.01190	0.00956	0.00464	0.00358	0.00116	0.00356	0.00371	0.00333	0.00545
4	0.00627	0.00498	0.00641	0.00650	0.00757	0.00522	0.03426	0.00998	0.23818	0.01154	0.03770	0.29383	0.03470	0.00864	0.00443	0.00144	0.00283	0.27826	0.00338	0.00390
5	0.00484	0.00353	0.00430	0.00478	0.00520	0.00340	0.00323	0.00595	0.05222	0.00928	0.01988	0.53710	0.12100	0.16492	0.00693	0.00177	0.00237	0.02783	0.01849	0.00297
6	0.00767	0.00680	0.01080	0.18468	0.30006	0.00688	0.04794	0.02310	0.01747	0.03224	0.00926	0.16313	0.00881	0.00476	0.00380	0.00110	0.02020	0.00436	0.00219	0.14472
7	0.54688	0.00946	0.00802	0.00882	0.15878	0.19362	0.00584	0.01148	0.00738	0.01376	0.00544	0.00653	0.00438	0.00340	0.00269	0.00106	0.00386	0.00225	0.00207	0.00428
8	0.00667	0.00595	0.00515	0.00503	0.00542	0.15649	0.00323	0.00695	0.00629	0.00753	0.01100	0.03849	0.02528	0.63582	0.04452	0.00299	0.00418	0.02419	0.00218	0.00263
9	0.64841	0.04361	0.00577	0.00474	0.00659	0.00751	0.00376	0.03882	0.00643	0.01434	0.00643	0.00928	0.00577	0.15896	0.00516	0.00151	0.00297	0.00261	0.02363	0.00369
10	0.16895	0.42138	0.07231	0.00699	0.00989	0.07466	0.04194	0.10066	0.02209	0.01205	0.03564	0.00731	0.00582	0.00351	0.00275	0.00094	0.00397	0.00245	0.00204	0.00465
11	0.00730	0.16181	0.01223	0.71141	0.02200	0.00911	0.00930	0.00947	0.00721	0.00906	0.00614	0.00891	0.00476	0.00350	0.00337	0.00112	0.00463	0.00297	0.00159	0.00411
12	0.00525	0.00409	0.00577	0.15903	0.00921	0.00429	0.00497	0.00677	0.04314	0.00975	0.03305	0.50573	0.03900	0.02225	0.00462	0.00145	0.00280	0.13250	0.00303	0.00329
13	0.00482	0.00355	0.00460	0.00527	0.00579	0.00338	0.00388	0.00599	0.03077	0.00986	0.03708	0.55425	0.11469	0.01048	0.00460	0.00146	0.00234	0.19071	0.00335	0.00311
14	0.05105	0.00857	0.04001	0.01062	0.17320	0.08758	0.06350	0.14390	0.08155	0.02181	0.02213	0.16357	0.01750	0.00564	0.00462	0.02744	0.06551	0.00454	0.00259	0.00467
15	0.00778	0.11190	0.61196	0.01191	0.16425	0.00904	0.01210	0.01126	0.00767	0.01113	0.00635	0.00763	0.00477	0.00334	0.00332	0.00109	0.00497	0.00267	0.00157	0.00531
16	0.00520	0.00617	0.15649	0.00604	0.00733	0.00423	0.00530	0.00695	0.04307	0.01002	0.01775	0.58341	0.05595	0.00929	0.00431	0.00138	0.00274	0.05069	0.02019	0.00350
17	0.00761	0.05441	0.09542	0.11679	0.36735	0.00772	0.07168	0.00998	0.03726	0.01083	0.00946	0.17705	0.00912	0.00488	0.00374	0.00117	0.00407	0.00456	0.00209	0.00479
18	0.05478	0.04845	0.02770	0.02835	0.28461	0.07407	0.02347	0.08943	0.05301	0.10461	0.02515	0.07602	0.05626	0.02552	0.00400	0.00117	0.01185	0.00400	0.00260	0.00496

[dist]
# distance from previous block
# <min> <max>
5	27

[block]
# block no. 13 follows, 77 sequences, length 11
# corresponding to MSA columns:
# 2251-2261
name=unknown_N
#
# <colnr> <probs for GDERKNQSTAVLIFYWHMCP>
#	G	D	E	R	K	N	Q	S	T	A	V	L	I	F	Y	W	H	M	C	P
0	0.00825	0.05603	0.01274	0.03320	0.52162	0.02578	0.04324	0.01043	0.02985	0.01128	0.00968	0.02900	0.00920	0.00481	0.00383	0.00119	0.00410	0.17862	0.00217	0.00499
1	0.00549	0.00466	0.00637	0.00805	0.18526	0.00432	0.00486	0.00682	0.00841	0.01100	0.17503	0.12323	0.38245	0.00782	0.00418	0.00122	0.00243	0.05160	0.00312	0.00367
2	0.00800	0.00755	0.01143	0.06629	0.51629	0.05452	0.00875	0.00996	0.00867	0.01194	0.18686	0.01486	0.01265	0.00461	0.00379	0.00112	0.00381	0.06169	0.00235	0.00485
3	0.00525	0.00464	0.00603	0.00770	0.18502	0.00420	0.00456	0.00640	0.00807	0.01010	0.02852	0.11001	0.59022	0.00806	0.00414	0.00121	0.00237	0.00691	0.00301	0.00359
4	0.00570	0.00495	0.00563	0.08741	0.00759	0.06426	0.00426	0.00658	0.00691	0.00865	0.01801	0.06157	0.27665	0.13988	0.22058	0.04336	0.02719	0.00533	0.00242	0.00308
5	0.01349	0.00614	0.00811	0.00650	0.00884	0.00586	0.00531	0.11879	0.01017	0.56892	0.01252	0.01219	0.00857	0.00923	0.18575	0.00210	0.00457	0.00362	0.00381	0.00550
6	0.00990	0.00655	0.00781	0.00595	0.00872	0.00563	0.00476	0.12905	0.00936	0.19224	0.00966	0.09141	0.00797	0.00411	0.00318	0.00082	0.00288	0.00338	0.00295	0.49366
7	0.00868	0.00676	0.00834	0.00679	0.05574	0.00577	0.00511	0.04724	0.00806	0.09267	0.00714	0.00808	0.00568	0.00319	0.00349	0.00072	0.06354	0.00245	0.00236	0.65819
8	0.00740	0.06291	0.62881	0.00898	0.01372	0.00792	0.01098	0.01086	0.00755	0.01130	0.00636	0.00747	0.00472	0.00324	0.00320	0.00099	0.00467	0.00251	0.00165	0.19477
9	0.00688	0.00899	0.19047	0.68302	0.02281	0.00807	0.01069	0.00966	0.00728	0.00966	0.00641	0.00917	0.00474	0.00356	0.00356	0.00119	0.00491	0.00308	0.00158	0.00428
10	0.00852	0.00784	0.01272	0.35648	0.44151	0.00858	0.01022	0.08965	0.00863	0.01178	0.00680	0.00915	0.00538	0.00347	0.00358	0.00112	0.00445	0.00320	0.00188	0.00506

[dist]
# distance from previous block
# <min> <max>
1	1

[block]
# block no. 14 follows, 77 sequences, length 17
# corresponding to MSA columns:
# 2322-2338
name=unknown_O
#
# <colnr> <probs for GDERKNQSTAVLIFYWHMCP>
#	G	D	E	R	K	N	Q	S	T	A	V	L	I	F	Y	W	H	M	C	P
0	0.00933	0.00767	0.00804	0.00698	0.00878	0.06993	0.00552	0.30115	0.16515	0.01479	0.01260	0.05654	0.07694	0.01101	0.22615	0.00235	0.00515	0.00419	0.00301	0.00473
1	0.01086	0.00740	0.00813	0.00671	0.00895	0.00794	0.00537	0.26927	0.28779	0.12884	0.02702	0.01173	0.00906	0.00447	0.00341	0.00107	0.00300	0.00358	0.14490	0.05049
2	0.00679	0.00438	0.00546	0.00525	0.00578	0.00469	0.00365	0.00852	0.22314	0.00865	0.00922	0.01354	0.00854	0.14432	0.01202	0.52432	0.00311	0.00370	0.00220	0.00273
3	0.00493	0.00352	0.00414	0.00411	0.00494	0.00314	0.00300	0.00533	0.00759	0.00956	0.15336	0.02738	0.48867	0.00974	0.00681	0.23366	0.00217	0.02226	0.00297	0.00271
4	0.66639	0.00610	0.00486	0.00445	0.00641	0.00676	0.00359	0.00917	0.00666	0.01447	0.01318	0.01332	0.22378	0.00484	0.00275	0.00114	0.00253	0.00341	0.00252	0.00367
5	0.85233	0.00691	0.00545	0.00482	0.00707	0.00792	0.00397	0.01094	0.00634	0.06040	0.00549	0.00618	0.00416	0.00340	0.00230	0.00111	0.00280	0.00204	0.00234	0.00401
6	0.24383	0.00926	0.00936	0.00735	0.01006	0.01035	0.00607	0.62375	0.01411	0.02097	0.00769	0.00791	0.00554	0.00406	0.00324	0.00109	0.00365	0.00290	0.00324	0.00554
7	0.00683	0.00534	0.00568	0.00503	0.00663	0.00522	0.00397	0.22220	0.01065	0.01354	0.10167	0.02738	0.52772	0.00774	0.00411	0.00119	0.00242	0.03535	0.00346	0.00388
8	0.00435	0.00326	0.00404	0.00465	0.00512	0.00295	0.00318	0.00505	0.00723	0.00932	0.02414	0.65374	0.23850	0.01071	0.00450	0.00140	0.00202	0.00954	0.00334	0.00295
9	0.02599	0.00657	0.00780	0.00661	0.00864	0.00669	0.00520	0.22158	0.12357	0.29766	0.01416	0.23470	0.01227	0.00623	0.00385	0.00121	0.00300	0.00527	0.00380	0.00519
10	0.48064	0.00805	0.02279	0.00602	0.00851	0.06613	0.00501	0.11713	0.00887	0.23410	0.00792	0.00794	0.00554	0.00378	0.00285	0.00110	0.00330	0.00258	0.00294	0.00480
11	0.23696	0.00412	0.00446	0.00494	0.00567	0.00426	0.00348	0.00646	0.00669	0.01099	0.01597	0.64626	0.01862	0.00921	0.00398	0.00137	0.00227	0.00807	0.00305	0.00317
12	0.01073	0.00793	0.00877	0.00729	0.00935	0.00866	0.00579	0.55851	0.04312	0.01830	0.01180	0.23329	0.01100	0.00709	0.03960	0.00138	0.00367	0.00511	0.00346	0.00515
13	0.04719	0.00813	0.00857	0.00734	0.00955	0.00925	0.00582	0.23142	0.55897	0.01705	0.04816	0.01243	0.01040	0.00477	0.00361	0.00118	0.00308	0.00387	0.00360	0.00563
14	0.00625	0.00465	0.00519	0.00505	0.00565	0.00497	0.00342	0.00904	0.22373	0.00941	0.01289	0.02244	0.01322	0.57011	0.01330	0.00273	0.00331	0.07880	0.00267	0.00319
15	0.00800	0.00802	0.03421	0.12535	0.31645	0.06945	0.11312	0.02632	0.00763	0.01014	0.00791	0.01268	0.00737	0.22957	0.00746	0.00172	0.00455	0.00378	0.00190	0.00434
16	0.00864	0.00870	0.01299	0.15619	0.50810	0.09770	0.05337	0.01063	0.00809	0.01075	0.00738	0.05264	0.00647	0.00465	0.03726	0.00129	0.00479	0.00355	0.00185	0.00498

[dist]
# distance from previous block
# <min> <max>
1	1

[block]
# block no. 15 follows, 77 sequences, length 8
# corresponding to MSA columns:
# 2435-2442
name=unknown_P
#
# <colnr> <probs for GDERKNQSTAVLIFYWHMCP>
#	G	D	E	R	K	N	Q	S	T	A	V	L	I	F	Y	W	H	M	C	P
0	0.00631	0.00357	0.00497	0.00499	0.00531	0.00357	0.00357	0.03853	0.00618	0.00835	0.05940	0.05651	0.02957	0.01117	0.01099	0.61410	0.00297	0.09700	0.03074	0.00221
1	0.00563	0.00422	0.00527	0.00528	0.03001	0.00411	0.00377	0.00782	0.10495	0.01257	0.47365	0.04810	0.14112	0.03477	0.00550	0.08184	0.00215	0.02232	0.00347	0.00346
2	0.01002	0.03706	0.00941	0.02599	0.06882	0.03808	0.00627	0.21334	0.42063	0.03431	0.08706	0.01257	0.01091	0.00472	0.00363	0.00114	0.00331	0.00387	0.00338	0.00547
3	0.00906	0.00758	0.01135	0.18310	0.35976	0.00812	0.00867	0.12522	0.08466	0.05460	0.04864	0.03784	0.00823	0.00488	0.03157	0.00128	0.00413	0.00371	0.00245	0.00516
4	0.04040	0.05972	0.15149	0.04078	0.10024	0.03843	0.07695	0.30865	0.01143	0.12496	0.00818	0.00876	0.00587	0.00382	0.00349	0.00109	0.00434	0.00312	0.00274	0.00554
5	0.00868	0.12823	0.43852	0.00994	0.01404	0.03634	0.14638	0.03430	0.04160	0.06354	0.00772	0.00949	0.00591	0.00372	0.00349	0.00112	0.00493	0.03495	0.00197	0.00512
6	0.00582	0.00483	0.08167	0.00554	0.00626	0.00415	0.00448	0.00600	0.00541	0.00758	0.00801	0.01297	0.00774	0.09347	0.33498	0.39739	0.00583	0.00355	0.00175	0.00258
7	0.00771	0.04583	0.13507	0.07396	0.03313	0.05754	0.15612	0.00971	0.00760	0.05432	0.01000	0.12484	0.00953	0.02130	0.09050	0.00175	0.07784	0.07681	0.00221	0.00422

[dist]
# distance from previous block
# <min> <max>
1	15

# created by:
# /usr/local/bin/augustus/scripts/msa2prfl.pl /tmp/new_cug2/without_ca_b/actin-related-protein-class-1.fasta
