[name]
unknown

[dist]
# distance from previous block
# <min> <max>
0	29

[block]
# block no. 0 follows, 83 sequences, length 15
# corresponding to MSA columns:
# 409-413,463-472
name=unknown_A
#
# <colnr> <probs for GDERKNQSTAVLIFYWHMCP>
#	G	D	E	R	K	N	Q	S	T	A	V	L	I	F	Y	W	H	M	C	P
0	0.00493	0.00328	0.00369	0.00369	0.00369	0.00328	0.00205	0.00493	0.00493	0.00657	0.01067	0.02217	0.01232	0.88095	0.01724	0.00328	0.00328	0.00493	0.00205	0.00205
1	0.00702	0.00602	0.00702	0.00502	0.00803	0.00452	0.00401	0.00853	0.00702	0.01104	0.00602	0.00702	0.00502	0.00251	0.00251	0.00050	0.00251	0.00201	0.00201	0.90166
2	0.01288	0.00949	0.01017	0.00779	0.01051	0.01051	0.00644	0.84852	0.01593	0.02135	0.00813	0.00813	0.00576	0.00407	0.00339	0.00102	0.00373	0.00305	0.00339	0.00576
3	0.00423	0.00346	0.00377	0.00395	0.00496	0.00301	0.00305	0.00517	0.00764	0.00926	0.03067	0.09908	0.66885	0.00885	0.00413	0.00122	0.00194	0.13072	0.00314	0.00289
4	0.00479	0.00346	0.00453	0.00426	0.00506	0.00320	0.00320	0.00639	0.00959	0.01358	0.85803	0.02530	0.03196	0.00693	0.00400	0.00107	0.00160	0.00613	0.00373	0.00320
5	0.90488	0.00655	0.00498	0.00445	0.00655	0.00760	0.00367	0.00996	0.00576	0.01520	0.00472	0.00550	0.00367	0.00314	0.00210	0.00105	0.00262	0.00183	0.00210	0.00367
6	0.00640	0.00602	0.01016	0.87281	0.02333	0.00753	0.00941	0.00866	0.00677	0.00866	0.00602	0.00903	0.00452	0.00339	0.00339	0.00113	0.00452	0.00301	0.00151	0.00376
7	0.00702	0.00602	0.00702	0.00502	0.00803	0.00452	0.00401	0.00853	0.00702	0.01104	0.00602	0.00702	0.00502	0.00251	0.00251	0.00050	0.00251	0.00201	0.00201	0.90166
8	0.00400	0.00343	0.00343	0.00343	0.00458	0.00286	0.00257	0.00486	0.00772	0.00915	0.03432	0.03260	0.85844	0.00858	0.00400	0.00114	0.00172	0.00715	0.00315	0.00286
9	0.00413	0.00295	0.00393	0.00472	0.00491	0.00275	0.00314	0.00472	0.00649	0.00865	0.01867	0.87874	0.02240	0.01061	0.00432	0.00138	0.00197	0.00963	0.00314	0.00275
10	0.00640	0.00602	0.01016	0.87281	0.02333	0.00753	0.00941	0.00866	0.00677	0.00866	0.00602	0.00903	0.00452	0.00339	0.00339	0.00113	0.00452	0.00301	0.00151	0.00376
11	0.01520	0.00576	0.00786	0.00603	0.00865	0.00498	0.00498	0.01651	0.00970	0.86216	0.01336	0.01153	0.00839	0.00419	0.00341	0.00105	0.00288	0.00341	0.00419	0.00576
12	0.03562	0.04488	0.80885	0.00937	0.01421	0.00804	0.01202	0.01068	0.00710	0.01078	0.00599	0.00704	0.00427	0.00321	0.00315	0.00106	0.00489	0.00246	0.00145	0.00494
13	0.00689	0.05473	0.82704	0.00949	0.01440	0.00811	0.01223	0.01070	0.00714	0.01061	0.00602	0.00708	0.00429	0.00320	0.00317	0.00106	0.00495	0.00247	0.00143	0.00498
14	0.00688	0.00652	0.01024	0.79133	0.04464	0.03494	0.00924	0.03940	0.00722	0.00917	0.00608	0.00889	0.00458	0.00341	0.00338	0.00111	0.00452	0.00299	0.00159	0.00388

[dist]
# distance from previous block
# <min> <max>
1	9

[block]
# block no. 1 follows, 83 sequences, length 6
# corresponding to MSA columns:
# 482-487
name=unknown_B
#
# <colnr> <probs for GDERKNQSTAVLIFYWHMCP>
#	G	D	E	R	K	N	Q	S	T	A	V	L	I	F	Y	W	H	M	C	P
0	0.16223	0.08673	0.02442	0.00526	0.00692	0.02308	0.00427	0.11008	0.05684	0.04094	0.12596	0.17950	0.13124	0.00603	0.00337	0.00108	0.00259	0.00497	0.00288	0.02160
1	0.00979	0.31993	0.05221	0.00953	0.17348	0.10467	0.00701	0.11811	0.09537	0.04670	0.02819	0.00799	0.00619	0.00348	0.00293	0.00091	0.00387	0.00265	0.00215	0.00484
2	0.00661	0.16103	0.00788	0.00577	0.03386	0.00667	0.00448	0.01022	0.25562	0.01120	0.16820	0.04096	0.17420	0.04612	0.00415	0.00118	0.00255	0.05240	0.00294	0.00397
3	0.00664	0.00990	0.33200	0.00702	0.03754	0.00558	0.00720	0.00896	0.00739	0.03833	0.03944	0.01241	0.15742	0.00407	0.00315	0.00089	0.00335	0.00332	0.00211	0.31327
4	0.00558	0.00553	0.00469	0.00479	0.00573	0.15646	0.00346	0.00635	0.00765	0.00883	0.02407	0.30230	0.43553	0.00833	0.00394	0.00117	0.00258	0.00707	0.00290	0.00301
5	0.00742	0.00693	0.01163	0.10646	0.62098	0.00705	0.00900	0.00921	0.00740	0.01039	0.00852	0.16313	0.00831	0.00441	0.00353	0.00108	0.00371	0.00419	0.00192	0.00473

[dist]
# distance from previous block
# <min> <max>
0	1

[block]
# block no. 2 follows, 83 sequences, length 49
# corresponding to MSA columns:
# 523-527,529-535,659-674,688-701,710-716
name=unknown_C
#
# <colnr> <probs for GDERKNQSTAVLIFYWHMCP>
#	G	D	E	R	K	N	Q	S	T	A	V	L	I	F	Y	W	H	M	C	P
0	0.00906	0.88299	0.01775	0.00580	0.00869	0.01340	0.00580	0.01014	0.00688	0.00797	0.00471	0.00543	0.00435	0.00290	0.00217	0.00072	0.00362	0.00181	0.00145	0.00435
1	0.00407	0.00343	0.00352	0.00350	0.00461	0.00289	0.00262	0.00498	0.00787	0.00950	0.09921	0.03203	0.79333	0.00845	0.00400	0.00114	0.00171	0.00707	0.00319	0.00289
2	0.00546	0.00390	0.00546	0.00624	0.00702	0.00390	0.00546	0.00702	0.00780	0.01014	0.01794	0.03821	0.01950	0.00936	0.00468	0.00156	0.00312	0.83702	0.00312	0.00312
3	0.00546	0.00334	0.00344	0.00339	0.00434	0.00308	0.00254	0.00670	0.00747	0.02818	0.06352	0.02147	0.34921	0.02832	0.00350	0.00101	0.00170	0.00495	0.45530	0.00306
4	0.90488	0.00655	0.00498	0.00445	0.00655	0.00760	0.00367	0.00996	0.00576	0.01520	0.00472	0.00550	0.00367	0.00314	0.00210	0.00105	0.00262	0.00183	0.00210	0.00367
5	0.02185	0.56010	0.07104	0.00675	0.02305	0.03369	0.00637	0.18006	0.01847	0.01109	0.00579	0.00652	0.00485	0.00398	0.03268	0.00099	0.00397	0.00222	0.00190	0.00464
6	0.00688	0.03937	0.81938	0.00968	0.01459	0.00803	0.03457	0.01072	0.00717	0.01066	0.00606	0.00716	0.00432	0.00320	0.00321	0.00107	0.00499	0.00253	0.00144	0.00498
7	0.01520	0.00576	0.00786	0.00603	0.00865	0.00498	0.00498	0.01651	0.00970	0.86216	0.01336	0.01153	0.00839	0.00419	0.00341	0.00105	0.00288	0.00341	0.00419	0.00576
8	0.01257	0.00955	0.01087	0.00830	0.01103	0.04814	0.07949	0.69317	0.01462	0.06572	0.00818	0.00832	0.00579	0.00394	0.00343	0.00102	0.00396	0.00311	0.00321	0.00558
9	0.01019	0.23436	0.26593	0.00833	0.04091	0.02410	0.07517	0.03999	0.00822	0.24954	0.00790	0.00816	0.00561	0.00341	0.00307	0.00097	0.00406	0.00273	0.00231	0.00503
10	0.00539	0.00361	0.00472	0.00441	0.00533	0.00331	0.00337	0.00694	0.00946	0.06160	0.74760	0.02529	0.05890	0.00692	0.00399	0.00109	0.00174	0.03930	0.00371	0.00333
11	0.00640	0.00602	0.01016	0.87281	0.02333	0.00753	0.00941	0.00866	0.00677	0.00866	0.00602	0.00903	0.00452	0.00339	0.00339	0.00113	0.00452	0.00301	0.00151	0.00376
12	0.01254	0.00963	0.00995	0.00777	0.01038	0.04992	0.00636	0.74810	0.07804	0.02021	0.00842	0.00838	0.00604	0.00408	0.00338	0.00102	0.00376	0.00307	0.00332	0.00565
13	0.00612	0.00398	0.00540	0.00541	0.00622	0.00414	0.00417	0.04979	0.00701	0.08851	0.01388	0.21679	0.04293	0.06061	0.34450	0.00305	0.00517	0.12635	0.00267	0.00331
14	0.00413	0.00295	0.00393	0.00472	0.00491	0.00275	0.00314	0.00472	0.00649	0.00865	0.01867	0.87874	0.02240	0.01061	0.00432	0.00138	0.00197	0.00963	0.00314	0.00275
15	0.00798	0.03578	0.05012	0.01386	0.01732	0.00869	0.79225	0.01083	0.00793	0.01076	0.00676	0.00895	0.00509	0.00287	0.00391	0.00113	0.00562	0.00388	0.00170	0.00458
16	0.00410	0.00344	0.00357	0.00354	0.00464	0.00290	0.00265	0.00505	0.00795	0.00970	0.13694	0.03169	0.75547	0.00837	0.00400	0.00113	0.00170	0.00702	0.00322	0.00290
17	0.03443	0.01009	0.00993	0.00779	0.01037	0.10294	0.00636	0.72023	0.03289	0.01964	0.00786	0.00795	0.00566	0.00399	0.00332	0.00100	0.00394	0.00294	0.00318	0.00550
18	0.00484	0.00363	0.00544	0.00544	0.00605	0.00423	0.00423	0.00605	0.00544	0.00786	0.00907	0.01331	0.00847	0.02541	0.86753	0.00544	0.00907	0.00363	0.00181	0.00302
19	0.00702	0.00602	0.00702	0.00502	0.00803	0.00452	0.00401	0.00853	0.00702	0.01104	0.00602	0.00702	0.00502	0.00251	0.00251	0.00050	0.00251	0.00201	0.00201	0.90166
20	0.00546	0.00390	0.00546	0.00624	0.00702	0.00390	0.00546	0.00702	0.00780	0.01014	0.01794	0.03821	0.01950	0.00936	0.00468	0.00156	0.00312	0.83702	0.00312	0.00312
21	0.00679	0.01752	0.86340	0.00966	0.01466	0.00787	0.01252	0.01073	0.00715	0.01073	0.00608	0.00715	0.00429	0.00322	0.00322	0.00107	0.00501	0.00250	0.00143	0.00501
22	0.01265	0.01614	0.00960	0.00873	0.01047	0.86735	0.00655	0.01353	0.00960	0.00829	0.00524	0.00611	0.00436	0.00349	0.00305	0.00087	0.00611	0.00218	0.00175	0.00393
23	0.90488	0.00655	0.00498	0.00445	0.00655	0.00760	0.00367	0.00996	0.00576	0.01520	0.00472	0.00550	0.00367	0.00314	0.00210	0.00105	0.00262	0.00183	0.00210	0.00367
24	0.00405	0.00343	0.00350	0.00348	0.00460	0.00288	0.00261	0.00495	0.00783	0.00941	0.08308	0.03217	0.80952	0.00848	0.00400	0.00114	0.00171	0.00709	0.00318	0.00288
25	0.00400	0.00343	0.00343	0.00343	0.00458	0.00286	0.00257	0.00486	0.00772	0.00915	0.03432	0.03260	0.85844	0.00858	0.00400	0.00114	0.00172	0.00715	0.00315	0.00286
26	0.00789	0.00754	0.01285	0.23443	0.65007	0.00792	0.01015	0.00996	0.00748	0.01046	0.00628	0.00855	0.00515	0.00311	0.00336	0.00104	0.00415	0.00302	0.00163	0.00496
27	0.01249	0.02940	0.00974	0.00869	0.01041	0.83630	0.00655	0.01336	0.00947	0.00828	0.00521	0.00613	0.00436	0.00353	0.00321	0.00088	0.02413	0.00219	0.00174	0.00393
28	0.00588	0.00294	0.00441	0.00441	0.00441	0.00294	0.00294	0.00441	0.00441	0.00588	0.00588	0.01030	0.00588	0.01177	0.01324	0.90144	0.00294	0.00294	0.00147	0.00147
29	0.00889	0.01269	0.46848	0.00840	0.01216	0.00767	0.02279	0.05697	0.20175	0.15247	0.00916	0.00921	0.00644	0.00373	0.00332	0.00108	0.00407	0.00301	0.00245	0.00525
30	0.00906	0.88299	0.01775	0.00580	0.00869	0.01340	0.00580	0.01014	0.00688	0.00797	0.00471	0.00543	0.00435	0.00290	0.00217	0.00072	0.00362	0.00181	0.00145	0.00435
31	0.00546	0.00390	0.00546	0.00624	0.00702	0.00390	0.00546	0.00702	0.00780	0.01014	0.01794	0.03821	0.01950	0.00936	0.00468	0.00156	0.00312	0.83702	0.00312	0.00312
32	0.08123	0.01632	0.76292	0.00939	0.01410	0.00787	0.04086	0.01067	0.00707	0.01110	0.00599	0.00708	0.00427	0.00320	0.00315	0.00107	0.00483	0.00250	0.00150	0.00488
33	0.00610	0.00564	0.00795	0.00731	0.00745	0.00727	0.02082	0.00682	0.00576	0.00840	0.01022	0.35848	0.01169	0.00776	0.00825	0.00143	0.50748	0.00567	0.00216	0.00334
34	0.00413	0.00295	0.00393	0.00472	0.00491	0.00275	0.00314	0.00472	0.00649	0.00865	0.01867	0.87874	0.02240	0.01061	0.00432	0.00138	0.00197	0.00963	0.00314	0.00275
35	0.00588	0.00294	0.00441	0.00441	0.00441	0.00294	0.00294	0.00441	0.00441	0.00588	0.00588	0.01030	0.00588	0.01177	0.01324	0.90144	0.00294	0.00294	0.00147	0.00147
36	0.00933	0.81614	0.01712	0.00602	0.00883	0.07925	0.00585	0.01040	0.00709	0.00799	0.00475	0.00549	0.00435	0.00294	0.00224	0.00074	0.00381	0.00184	0.00147	0.00431
37	0.00502	0.00389	0.00578	0.00568	0.00624	0.00466	0.00445	0.00619	0.00543	0.00788	0.00876	0.01290	0.00819	0.02407	0.80870	0.00517	0.06853	0.00358	0.00179	0.00307
38	0.01499	0.00611	0.00807	0.00619	0.00882	0.00549	0.00511	0.09284	0.01027	0.78502	0.01288	0.01122	0.00814	0.00418	0.00340	0.00105	0.00296	0.00337	0.00412	0.00576
39	0.00493	0.00328	0.00369	0.00369	0.00369	0.00328	0.00205	0.00493	0.00493	0.00657	0.01067	0.02217	0.01232	0.88095	0.01724	0.00328	0.00328	0.00493	0.00205	0.00205
40	0.00486	0.00355	0.00502	0.00502	0.00548	0.00401	0.00371	0.00578	0.00532	0.00755	0.00946	0.01544	0.00939	0.23132	0.66288	0.00492	0.00768	0.00394	0.00187	0.00279
41	0.00778	0.16761	0.62966	0.00889	0.01320	0.09635	0.01074	0.01091	0.00735	0.01000	0.00576	0.00675	0.00431	0.00319	0.00302	0.00099	0.00488	0.00235	0.00147	0.00478
42	0.00761	0.00786	0.01468	0.31937	0.24446	0.02185	0.31424	0.01000	0.00751	0.01009	0.00640	0.00885	0.00497	0.00310	0.00359	0.00110	0.00484	0.00336	0.00163	0.00449
43	0.00536	0.00383	0.00535	0.00613	0.00686	0.00381	0.00529	0.00685	0.00770	0.01003	0.01799	0.10017	0.01971	0.00945	0.00465	0.00155	0.00303	0.77603	0.00312	0.00309
44	0.00853	0.00856	0.01434	0.01941	0.71458	0.04823	0.11518	0.01060	0.00784	0.01091	0.00638	0.00837	0.00529	0.00302	0.00342	0.00102	0.00433	0.00310	0.00168	0.00520
45	0.00433	0.00400	0.04792	0.00458	0.00546	0.00318	0.01415	0.00528	0.00716	0.00920	0.06390	0.42828	0.34518	0.02319	0.00434	0.00129	0.00209	0.02048	0.00305	0.00295
46	0.00880	0.26851	0.02514	0.00631	0.00910	0.16372	0.02848	0.02863	0.00768	0.00985	0.00556	0.00647	0.00471	0.00286	0.00258	0.00067	0.00365	0.00207	0.00181	0.41342
47	0.00910	0.01947	0.00813	0.00659	0.00891	0.01837	0.00525	0.21586	0.41636	0.01489	0.01128	0.01090	0.03926	0.00413	0.00323	0.00097	0.00292	0.00332	0.00306	0.19799
48	0.00823	0.03146	0.06043	0.08319	0.01165	0.01866	0.12078	0.04858	0.48781	0.01278	0.02352	0.01097	0.00836	0.00416	0.00380	0.00113	0.04229	0.00357	0.00275	0.01590

[dist]
# distance from previous block
# <min> <max>
0	1

[block]
# block no. 3 follows, 83 sequences, length 37
# corresponding to MSA columns:
# 785-796,860-864,869-888
name=unknown_D
#
# <colnr> <probs for GDERKNQSTAVLIFYWHMCP>
#	G	D	E	R	K	N	Q	S	T	A	V	L	I	F	Y	W	H	M	C	P
0	0.70004	0.05412	0.00667	0.00539	0.00750	0.14287	0.02095	0.01055	0.00647	0.01365	0.00484	0.00567	0.00384	0.00318	0.00229	0.00101	0.00328	0.00193	0.00200	0.00376
1	0.37024	0.00803	0.06800	0.12791	0.15631	0.00796	0.16715	0.02666	0.00695	0.01251	0.00574	0.00735	0.00445	0.00316	0.00306	0.00108	0.01463	0.00269	0.00184	0.00427
2	0.00838	0.00805	0.01375	0.02079	0.85982	0.00805	0.01040	0.01040	0.00771	0.01107	0.00637	0.00838	0.00537	0.00302	0.00335	0.00101	0.00402	0.00302	0.00168	0.00537
3	0.00437	0.00345	0.00394	0.00381	0.00480	0.00301	0.00286	0.00556	0.00858	0.01119	0.41261	0.02925	0.47888	0.00782	0.00400	0.00111	0.00166	0.00668	0.00341	0.00301
4	0.00419	0.00299	0.00399	0.00474	0.00498	0.00280	0.00321	0.00484	0.00662	0.00885	0.04615	0.82739	0.02264	0.01046	0.00432	0.00137	0.00199	0.03253	0.00316	0.00278
5	0.00413	0.00295	0.00393	0.00472	0.00491	0.00275	0.00314	0.00472	0.00649	0.00865	0.01867	0.87874	0.02240	0.01061	0.00432	0.00138	0.00197	0.00963	0.00314	0.00275
6	0.00843	0.00728	0.00766	0.00689	0.00881	0.00843	0.00536	0.01800	0.85370	0.01417	0.01379	0.01264	0.01034	0.00460	0.00345	0.00115	0.00268	0.00383	0.00345	0.00536
7	0.00679	0.01752	0.86340	0.00966	0.01466	0.00787	0.01252	0.01073	0.00715	0.01073	0.00608	0.00715	0.00429	0.00322	0.00322	0.00107	0.00501	0.00250	0.00143	0.00501
8	0.00726	0.00601	0.00705	0.00505	0.00805	0.00453	0.00404	0.00876	0.00710	0.03558	0.00623	0.00715	0.00511	0.00256	0.00253	0.00052	0.00252	0.00205	0.00207	0.87582
9	0.00702	0.00602	0.00702	0.00502	0.00803	0.00452	0.00401	0.00853	0.00702	0.01104	0.00602	0.00702	0.00502	0.00251	0.00251	0.00050	0.00251	0.00201	0.00201	0.90166
10	0.00540	0.00386	0.00539	0.00617	0.00693	0.00385	0.00536	0.00692	0.00774	0.01007	0.01797	0.07511	0.01962	0.00941	0.00466	0.00155	0.00307	0.80070	0.00312	0.00310
11	0.01265	0.01614	0.00960	0.00873	0.01047	0.86735	0.00655	0.01353	0.00960	0.00829	0.00524	0.00611	0.00436	0.00349	0.00305	0.00087	0.00611	0.00218	0.00175	0.00393
12	0.00702	0.00602	0.00702	0.00502	0.00803	0.00452	0.00401	0.00853	0.00702	0.01104	0.00602	0.00702	0.00502	0.00251	0.00251	0.00050	0.00251	0.00201	0.00201	0.90166
13	0.00425	0.00309	0.00402	0.00464	0.00497	0.00289	0.00315	0.00509	0.01976	0.00922	0.09857	0.73815	0.06951	0.01006	0.00426	0.00133	0.00193	0.00907	0.00320	0.00284
14	0.00841	0.00791	0.01318	0.11092	0.72619	0.00812	0.01008	0.05410	0.00804	0.01135	0.00643	0.00844	0.00530	0.00311	0.00336	0.00102	0.00406	0.00302	0.00175	0.00522
15	0.01265	0.01614	0.00960	0.00873	0.01047	0.86735	0.00655	0.01353	0.00960	0.00829	0.00524	0.00611	0.00436	0.00349	0.00305	0.00087	0.00611	0.00218	0.00175	0.00393
16	0.00640	0.00602	0.01016	0.87281	0.02333	0.00753	0.00941	0.00866	0.00677	0.00866	0.00602	0.00903	0.00452	0.00339	0.00339	0.00113	0.00452	0.00301	0.00151	0.00376
17	0.00679	0.01752	0.86340	0.00966	0.01466	0.00787	0.01252	0.01073	0.00715	0.01073	0.00608	0.00715	0.00429	0.00322	0.00322	0.00107	0.00501	0.00250	0.00143	0.00501
18	0.00786	0.00756	0.01211	0.09126	0.30885	0.02077	0.16856	0.01190	0.22539	0.01146	0.02084	0.03592	0.01966	0.00404	0.00360	0.00111	0.00392	0.03810	0.00227	0.00482
19	0.00546	0.00390	0.00546	0.00624	0.00702	0.00390	0.00546	0.00702	0.00780	0.01014	0.01794	0.03821	0.01950	0.00936	0.00468	0.00156	0.00312	0.83702	0.00312	0.00312
20	0.00620	0.00318	0.00326	0.00324	0.00403	0.00316	0.00243	0.00778	0.00729	0.01270	0.07588	0.01360	0.01046	0.00417	0.00249	0.00081	0.00158	0.00338	0.83117	0.00316
21	0.00761	0.21657	0.56311	0.00917	0.01344	0.03541	0.08896	0.01069	0.00724	0.01003	0.00581	0.00691	0.00439	0.00312	0.00305	0.00099	0.00479	0.00247	0.00147	0.00478
22	0.00493	0.00365	0.00463	0.00437	0.00524	0.00343	0.00330	0.00687	0.04885	0.01333	0.76407	0.02528	0.07221	0.00694	0.00398	0.00108	0.00168	0.01918	0.00368	0.00328
23	0.00546	0.00390	0.00546	0.00624	0.00702	0.00390	0.00546	0.00702	0.00780	0.01014	0.01794	0.03821	0.01950	0.00936	0.00468	0.00156	0.00312	0.83702	0.00312	0.00312
24	0.00488	0.00328	0.00369	0.00372	0.00375	0.00326	0.00210	0.00492	0.00505	0.00670	0.01155	0.04800	0.03551	0.83139	0.01650	0.00317	0.00320	0.00513	0.00211	0.00210
25	0.00679	0.01752	0.86340	0.00966	0.01466	0.00787	0.01252	0.01073	0.00715	0.01073	0.00608	0.00715	0.00429	0.00322	0.00322	0.00107	0.00501	0.00250	0.00143	0.00501
26	0.00845	0.00828	0.01371	0.03280	0.77701	0.03373	0.03763	0.01043	0.00771	0.01088	0.00631	0.00833	0.00530	0.00309	0.00352	0.00102	0.02185	0.00302	0.00167	0.00524
27	0.00484	0.00363	0.00544	0.00544	0.00605	0.00423	0.00423	0.00605	0.00544	0.00786	0.00907	0.01331	0.00847	0.02541	0.86753	0.00544	0.00907	0.00363	0.00181	0.00302
28	0.17043	0.38832	0.02457	0.00766	0.02064	0.15644	0.12759	0.01070	0.00724	0.00982	0.00514	0.00625	0.00436	0.00319	0.00303	0.00091	0.04560	0.00227	0.00166	0.00418
29	0.00493	0.00328	0.00369	0.00369	0.00369	0.00328	0.00205	0.00493	0.00493	0.00657	0.01067	0.02217	0.01232	0.88095	0.01724	0.00328	0.00328	0.00493	0.00205	0.00205
30	0.73499	0.05596	0.00637	0.00506	0.00715	0.04891	0.00420	0.05553	0.00654	0.01457	0.00492	0.00573	0.00388	0.00329	0.00251	0.00103	0.03148	0.00195	0.00209	0.00383
31	0.87084	0.00658	0.00518	0.00462	0.00664	0.00770	0.00381	0.00989	0.00574	0.01493	0.00471	0.00558	0.00370	0.00325	0.00244	0.00106	0.03570	0.00188	0.00207	0.00367
32	0.00496	0.00360	0.00462	0.00434	0.00518	0.00339	0.00326	0.00686	0.04122	0.01359	0.81021	0.02459	0.03071	0.00678	0.00394	0.00106	0.00164	0.00598	0.02079	0.00328
33	0.00484	0.00363	0.00544	0.00544	0.00605	0.00423	0.00423	0.00605	0.00544	0.00786	0.00907	0.01331	0.00847	0.02541	0.86753	0.00544	0.00907	0.00363	0.00181	0.00302
34	0.00479	0.00346	0.00453	0.00426	0.00506	0.00320	0.00320	0.00639	0.00959	0.01358	0.85803	0.02530	0.03196	0.00693	0.00400	0.00107	0.00160	0.00613	0.00373	0.00320
35	0.03573	0.00578	0.00779	0.00599	0.00860	0.00504	0.00495	0.01636	0.00960	0.84262	0.01316	0.01139	0.00828	0.00417	0.00338	0.00105	0.00288	0.00337	0.00414	0.00572
36	0.00400	0.00343	0.00343	0.00343	0.00458	0.00286	0.00257	0.00486	0.00772	0.00915	0.03432	0.03260	0.85844	0.00858	0.00400	0.00114	0.00172	0.00715	0.00315	0.00286

[dist]
# distance from previous block
# <min> <max>
0	253

# created by:
# /usr/local/bin/augustus/scripts/msa2prfl.pl /tmp/new_cug2/without_ca_b/actin-related-protein-class-2.fasta
