[name]
unknown

[dist]
# distance from previous block
# <min> <max>
0	43

[block]
# block no. 0 follows, 79 sequences, length 7
# corresponding to MSA columns:
# 407-413
name=unknown_A
#
# <colnr> <probs for GDERKNQSTAVLIFYWHMCP>
#	G	D	E	R	K	N	Q	S	T	A	V	L	I	F	Y	W	H	M	C	P
0	0.03613	0.00366	0.00429	0.00443	0.00515	0.00354	0.00318	0.03606	0.00802	0.01168	0.20830	0.35045	0.09943	0.03007	0.00422	0.00124	0.00198	0.00698	0.17800	0.00319
1	0.00619	0.02936	0.02408	0.00504	0.00637	0.00484	0.00403	0.10135	0.06008	0.01355	0.41423	0.05517	0.20063	0.00702	0.00397	0.00113	0.00220	0.02927	0.02777	0.00374
2	0.00468	0.00341	0.00388	0.00410	0.00472	0.00313	0.00284	0.00542	0.00712	0.00931	0.06817	0.24044	0.32208	0.20619	0.00729	0.00174	0.00226	0.03790	0.06251	0.00281
3	0.00933	0.03306	0.00845	0.00620	0.00907	0.08339	0.00498	0.13505	0.06087	0.05602	0.00737	0.00795	0.00577	0.00318	0.00290	0.00071	0.00320	0.00245	0.00247	0.55758
4	0.01168	0.00910	0.00945	0.00753	0.01013	0.05216	0.00609	0.47417	0.21575	0.05272	0.00971	0.00950	0.00710	0.00416	0.00342	0.00102	0.00356	0.00322	0.00333	0.10620
5	0.04060	0.05238	0.01034	0.00809	0.02458	0.14997	0.12709	0.19696	0.02293	0.06616	0.13136	0.03590	0.07920	0.00487	0.00373	0.00107	0.01763	0.00408	0.01853	0.00454
6	0.00504	0.00375	0.00552	0.00552	0.00610	0.00433	0.00423	0.00620	0.00562	0.00808	0.00957	0.01457	0.00913	0.09316	0.79587	0.00549	0.00897	0.00388	0.00191	0.00307

[dist]
# distance from previous block
# <min> <max>
9	30

[block]
# block no. 1 follows, 79 sequences, length 6
# corresponding to MSA columns:
# 530-535
name=unknown_B
#
# <colnr> <probs for GDERKNQSTAVLIFYWHMCP>
#	G	D	E	R	K	N	Q	S	T	A	V	L	I	F	Y	W	H	M	C	P
0	0.00731	0.18022	0.16130	0.05459	0.03116	0.05079	0.00664	0.02818	0.05681	0.00966	0.02929	0.03983	0.06225	0.08793	0.12237	0.03245	0.02955	0.00364	0.00203	0.00400
1	0.03794	0.07663	0.24930	0.00781	0.02454	0.07328	0.05236	0.05451	0.02605	0.06787	0.01375	0.06970	0.16857	0.00532	0.00381	0.00113	0.02925	0.03134	0.00242	0.00443
2	0.00619	0.09026	0.00780	0.00649	0.02696	0.02833	0.05732	0.00756	0.00787	0.01017	0.07500	0.08477	0.17605	0.03538	0.00475	0.00133	0.02777	0.28214	0.00280	0.06105
3	0.00765	0.08363	0.08972	0.03571	0.00956	0.05405	0.07567	0.04127	0.02594	0.06238	0.03995	0.17331	0.08695	0.01749	0.00428	0.00116	0.05307	0.03108	0.02699	0.08014
4	0.00952	0.21425	0.12048	0.03191	0.04230	0.09051	0.05346	0.08761	0.06093	0.08683	0.03364	0.00989	0.03505	0.00555	0.06256	0.00135	0.04403	0.00312	0.00229	0.00472
5	0.04727	0.05274	0.12035	0.05257	0.01089	0.15372	0.02959	0.08763	0.02164	0.08019	0.00793	0.00939	0.02247	0.00532	0.05946	0.00128	0.04930	0.01972	0.00225	0.16628

[dist]
# distance from previous block
# <min> <max>
13	31

[block]
# block no. 2 follows, 79 sequences, length 13
# corresponding to MSA columns:
# 688-700
name=unknown_C
#
# <colnr> <probs for GDERKNQSTAVLIFYWHMCP>
#	G	D	E	R	K	N	Q	S	T	A	V	L	I	F	Y	W	H	M	C	P
0	0.00649	0.00391	0.00536	0.00552	0.04079	0.00404	0.00358	0.03580	0.06304	0.00767	0.00763	0.01268	0.00750	0.14366	0.03282	0.60860	0.00332	0.00346	0.00185	0.00227
1	0.00906	0.51618	0.17101	0.00806	0.06187	0.07756	0.02498	0.01078	0.00750	0.02493	0.00616	0.03632	0.00550	0.02301	0.00310	0.00095	0.00423	0.00255	0.00168	0.00460
2	0.05284	0.00781	0.00848	0.06113	0.02716	0.14780	0.00585	0.02476	0.00940	0.48391	0.04135	0.02494	0.00884	0.00461	0.00386	0.00111	0.04122	0.03645	0.00340	0.00510
3	0.00580	0.00396	0.00495	0.00519	0.00607	0.00379	0.00396	0.00745	0.07300	0.06817	0.07165	0.31537	0.19487	0.00919	0.00466	0.03181	0.00238	0.18100	0.00334	0.00338
4	0.02171	0.05885	0.33942	0.07871	0.02319	0.00724	0.00845	0.07254	0.01870	0.14709	0.07399	0.04590	0.05322	0.00446	0.00346	0.00109	0.00390	0.00364	0.00251	0.03194
5	0.03019	0.06323	0.09996	0.09837	0.11027	0.00798	0.10499	0.02108	0.00747	0.08531	0.00814	0.06677	0.00714	0.00492	0.01786	0.00123	0.15188	0.03718	0.00211	0.07392
6	0.00811	0.00864	0.01055	0.00871	0.01035	0.21710	0.23872	0.02583	0.00798	0.00968	0.01082	0.17382	0.04305	0.11351	0.03187	0.00157	0.03467	0.00494	0.03636	0.00373
7	0.00574	0.00314	0.00441	0.00448	0.00463	0.00309	0.00301	0.00482	0.00518	0.00692	0.01010	0.09150	0.07261	0.06555	0.02991	0.64979	0.00299	0.00417	0.02607	0.00188
8	0.05047	0.03702	0.16927	0.22742	0.13209	0.11552	0.11466	0.02957	0.00817	0.07299	0.00684	0.00846	0.00512	0.00343	0.00342	0.00109	0.00483	0.00299	0.00191	0.00473
9	0.00590	0.00487	0.00743	0.00677	0.00733	0.00590	0.05000	0.00684	0.00563	0.00817	0.00805	0.01245	0.00767	0.06155	0.51381	0.08060	0.19839	0.00365	0.00179	0.00320
10	0.00530	0.00389	0.00455	0.00446	0.00552	0.00353	0.00340	0.03905	0.00884	0.04111	0.25969	0.13312	0.39708	0.00842	0.00421	0.00122	0.00202	0.06781	0.00349	0.00330
11	0.00504	0.00367	0.00503	0.00503	0.00557	0.00405	0.00372	0.00600	0.00578	0.00814	0.01183	0.01736	0.07261	0.21213	0.58512	0.00468	0.00730	0.00433	0.02972	0.00291
12	0.00920	0.16718	0.24017	0.05551	0.13132	0.04465	0.07964	0.06663	0.09748	0.06396	0.00760	0.00849	0.00575	0.00352	0.00329	0.00104	0.00441	0.00294	0.00210	0.00513

[dist]
# distance from previous block
# <min> <max>
7	11

[block]
# block no. 3 follows, 79 sequences, length 12
# corresponding to MSA columns:
# 785-796
name=unknown_D
#
# <colnr> <probs for GDERKNQSTAVLIFYWHMCP>
#	G	D	E	R	K	N	Q	S	T	A	V	L	I	F	Y	W	H	M	C	P
0	0.00756	0.17958	0.66642	0.00948	0.01421	0.00930	0.04500	0.01105	0.00742	0.01063	0.00609	0.00719	0.00451	0.00327	0.00318	0.00105	0.00497	0.00253	0.00150	0.00506
1	0.00533	0.00408	0.00532	0.00543	0.00590	0.00445	0.00395	0.02012	0.05686	0.00917	0.03430	0.33086	0.04147	0.15061	0.21208	0.00274	0.06966	0.03186	0.00267	0.00313
2	0.00806	0.00624	0.00739	0.00531	0.00841	0.00474	0.00427	0.00961	0.00756	0.08661	0.00694	0.00772	0.00553	0.00277	0.00269	0.00057	0.00264	0.00222	0.00229	0.81842
3	0.00441	0.00316	0.00419	0.00483	0.00514	0.00294	0.00328	0.00520	0.00729	0.00986	0.15865	0.73217	0.02497	0.01040	0.00444	0.00138	0.00198	0.00941	0.00337	0.00294
4	0.00609	0.00394	0.00492	0.00477	0.00578	0.00374	0.00370	0.00798	0.04948	0.07306	0.41480	0.08544	0.10019	0.00726	0.00400	0.00117	0.00205	0.10908	0.10899	0.00355
5	0.00617	0.00390	0.00468	0.00452	0.00571	0.00342	0.00346	0.00727	0.00849	0.13665	0.17034	0.15554	0.40385	0.00832	0.00417	0.00123	0.00208	0.06319	0.00354	0.00349
6	0.00907	0.00742	0.00775	0.00691	0.00881	0.03964	0.00537	0.06033	0.61713	0.06326	0.09010	0.04558	0.01267	0.00514	0.00365	0.00117	0.00286	0.00429	0.00358	0.00526
7	0.00591	0.00943	0.32128	0.00750	0.01010	0.00552	0.06912	0.00835	0.00807	0.01126	0.18643	0.13616	0.09640	0.00645	0.00399	0.00123	0.00354	0.10262	0.00262	0.00402
8	0.00915	0.00902	0.04831	0.00762	0.01056	0.14786	0.12055	0.01087	0.00808	0.08296	0.00685	0.00787	0.00537	0.00312	0.00330	0.00078	0.02997	0.00258	0.00215	0.48303
9	0.01038	0.03315	0.00822	0.00638	0.00858	0.03134	0.00516	0.21323	0.06581	0.19600	0.14636	0.03569	0.03081	0.00523	0.01729	0.00110	0.02980	0.01336	0.00334	0.13875
10	0.00736	0.12451	0.06738	0.00573	0.00710	0.02772	0.00482	0.05619	0.07876	0.02146	0.04141	0.01402	0.07341	0.02878	0.00811	0.37616	0.00328	0.04840	0.00219	0.00321
11	0.04264	0.01002	0.00777	0.00742	0.02919	0.36029	0.00540	0.06139	0.07536	0.04099	0.04241	0.19829	0.04003	0.04398	0.00435	0.00121	0.01798	0.00467	0.00262	0.00399

[dist]
# distance from previous block
# <min> <max>
5	49

[block]
# block no. 4 follows, 79 sequences, length 9
# corresponding to MSA columns:
# 869-877
name=unknown_E
#
# <colnr> <probs for GDERKNQSTAVLIFYWHMCP>
#	G	D	E	R	K	N	Q	S	T	A	V	L	I	F	Y	W	H	M	C	P
0	0.00920	0.00952	0.17985	0.02099	0.13314	0.07235	0.04133	0.06008	0.01957	0.15433	0.09969	0.07339	0.02329	0.00501	0.00408	0.00115	0.04630	0.03925	0.00268	0.00478
1	0.00919	0.00902	0.05204	0.12941	0.42141	0.06579	0.07941	0.03085	0.07249	0.06703	0.00760	0.00919	0.00592	0.00351	0.00370	0.00109	0.02188	0.00323	0.00207	0.00517
2	0.00626	0.00443	0.00561	0.00547	0.00634	0.00472	0.00408	0.03957	0.11507	0.05390	0.05366	0.16343	0.04920	0.14284	0.29369	0.00306	0.00496	0.03741	0.00277	0.00352
3	0.00826	0.00608	0.04089	0.00649	0.03977	0.03515	0.00503	0.07632	0.07395	0.11839	0.07221	0.06011	0.01185	0.08030	0.08902	0.00176	0.04306	0.06686	0.16038	0.00411
4	0.00809	0.11453	0.47600	0.01117	0.05669	0.04185	0.20033	0.03098	0.00795	0.01104	0.00638	0.00775	0.00477	0.00325	0.00341	0.00108	0.00517	0.00290	0.00163	0.00502
5	0.00527	0.00409	0.00536	0.00538	0.00616	0.00406	0.02749	0.00657	0.03702	0.03192	0.09878	0.35915	0.23638	0.00904	0.00486	0.00134	0.06478	0.08586	0.00320	0.00327
6	0.01082	0.00479	0.00638	0.00546	0.00721	0.00423	0.00427	0.01206	0.00917	0.47503	0.15031	0.19963	0.04499	0.00640	0.00382	0.00116	0.00248	0.00551	0.04160	0.00468
7	0.00485	0.00334	0.00397	0.00419	0.00433	0.00329	0.00256	0.00511	0.00573	0.00760	0.01448	0.25298	0.05624	0.56569	0.04815	0.00286	0.00321	0.00650	0.00249	0.00241
8	0.15262	0.17525	0.39839	0.00816	0.04515	0.03451	0.00875	0.01046	0.00725	0.01135	0.02798	0.02955	0.00594	0.00420	0.02524	0.00115	0.00431	0.00271	0.04245	0.00459

[dist]
# distance from previous block
# <min> <max>
0	1

[block]
# block no. 5 follows, 79 sequences, length 24
# corresponding to MSA columns:
# 879-890,915-921,943-947
name=unknown_F
#
# <colnr> <probs for GDERKNQSTAVLIFYWHMCP>
#	G	D	E	R	K	N	Q	S	T	A	V	L	I	F	Y	W	H	M	C	P
0	0.00468	0.00328	0.00421	0.00469	0.00489	0.00322	0.00309	0.00519	0.00618	0.00828	0.01581	0.49083	0.01851	0.29302	0.08498	0.00246	0.00319	0.03804	0.00278	0.00267
1	0.15934	0.01222	0.28123	0.08815	0.16813	0.11178	0.10861	0.01114	0.00768	0.01153	0.00613	0.00767	0.00469	0.00330	0.00327	0.00109	0.00478	0.00278	0.00173	0.00474
2	0.00536	0.00386	0.00472	0.00441	0.00535	0.00358	0.00329	0.03712	0.00954	0.02874	0.60056	0.02657	0.17954	0.06584	0.00505	0.00128	0.00191	0.00631	0.00365	0.00333
3	0.00731	0.00626	0.00731	0.00522	0.00835	0.00470	0.00418	0.00887	0.00731	0.01148	0.00626	0.00731	0.00522	0.00261	0.00261	0.00052	0.00261	0.00209	0.00209	0.89768
4	0.00601	0.00410	0.00503	0.00485	0.00595	0.00384	0.00374	0.03323	0.03600	0.07883	0.32269	0.11950	0.24163	0.00835	0.02248	0.00132	0.00228	0.09308	0.00356	0.00354
5	0.00491	0.00341	0.00402	0.00415	0.00439	0.00331	0.00261	0.00530	0.00617	0.00823	0.09779	0.17046	0.07844	0.54450	0.02665	0.00268	0.00298	0.02491	0.00261	0.00248
6	0.01092	0.00954	0.01427	0.03728	0.01404	0.04095	0.33201	0.39192	0.03906	0.04016	0.00813	0.00920	0.00595	0.00426	0.02466	0.00122	0.00487	0.00357	0.00271	0.00529
7	0.00459	0.00352	0.00419	0.00458	0.00526	0.00325	0.00330	0.00572	0.03560	0.00962	0.05902	0.39821	0.31793	0.05044	0.00500	0.00143	0.00213	0.07995	0.00325	0.00301
8	0.00479	0.00355	0.00457	0.00463	0.00528	0.00336	0.00337	0.00602	0.00862	0.01187	0.48205	0.26887	0.11074	0.02519	0.00472	0.00127	0.02393	0.02047	0.00354	0.00315
9	0.00868	0.00926	0.04858	0.02585	0.36743	0.17243	0.00784	0.05396	0.00904	0.01158	0.12104	0.02501	0.09359	0.00452	0.00357	0.00104	0.00400	0.00387	0.00230	0.02639
10	0.00911	0.01380	0.39807	0.09953	0.05597	0.11483	0.00999	0.13105	0.09495	0.02827	0.00749	0.00839	0.00549	0.00368	0.00341	0.00109	0.00477	0.00288	0.00211	0.00512
11	0.00803	0.00694	0.00957	0.00688	0.01005	0.00568	0.13284	0.05309	0.00803	0.03626	0.00673	0.00784	0.00538	0.00280	0.00292	0.00067	0.00320	0.00250	0.00218	0.68839
12	0.00466	0.00339	0.00434	0.00488	0.00530	0.00319	0.00335	0.03362	0.00749	0.01000	0.10344	0.70421	0.07839	0.01029	0.00441	0.00137	0.00205	0.00925	0.00334	0.00302
13	0.06151	0.00536	0.00632	0.00519	0.00713	0.00518	0.00419	0.10106	0.00952	0.37829	0.03320	0.01207	0.00890	0.00426	0.00307	0.00099	0.00253	0.00339	0.34309	0.00478
14	0.00773	0.00742	0.00940	0.00774	0.00972	0.09865	0.18369	0.01158	0.23268	0.04007	0.10041	0.02866	0.23575	0.00567	0.00389	0.00115	0.00347	0.00505	0.00298	0.00431
15	0.01087	0.00613	0.00743	0.00639	0.00830	0.00616	0.00504	0.16116	0.14753	0.31738	0.03523	0.21419	0.01304	0.00625	0.00384	0.00120	0.00288	0.03819	0.00377	0.00502
16	0.00470	0.00342	0.00478	0.00515	0.00553	0.00361	0.00368	0.00555	0.00611	0.00843	0.01416	0.40819	0.01581	0.09737	0.39226	0.00352	0.00550	0.00676	0.00254	0.00292
17	0.16474	0.00861	0.00961	0.09448	0.01143	0.03528	0.02621	0.42503	0.01198	0.11575	0.00792	0.00842	0.00567	0.00408	0.00377	0.00111	0.05477	0.00299	0.00298	0.00520
18	0.00662	0.00477	0.00671	0.00638	0.00745	0.00485	0.06352	0.03627	0.06108	0.06311	0.08855	0.26072	0.03938	0.00799	0.00459	0.00134	0.04497	0.22268	0.06533	0.00369
19	0.70139	0.00726	0.00609	0.00524	0.00747	0.02316	0.00429	0.12429	0.00780	0.04471	0.03679	0.00708	0.00537	0.00359	0.00250	0.00108	0.00292	0.00231	0.00249	0.00417
20	0.00787	0.00748	0.01257	0.36993	0.48635	0.00816	0.01023	0.01031	0.03319	0.01058	0.00671	0.00914	0.00538	0.00335	0.00351	0.00110	0.00436	0.00316	0.00173	0.00490
21	0.01143	0.00866	0.00970	0.00824	0.07462	0.03802	0.00620	0.46839	0.01283	0.07186	0.03907	0.00902	0.00691	0.00386	0.00332	0.00093	0.00355	0.00302	0.00306	0.21731
22	0.01138	0.00987	0.00933	0.00780	0.01008	0.13717	0.00618	0.38072	0.33761	0.01695	0.01035	0.01029	0.00777	0.02361	0.00382	0.00114	0.00382	0.00340	0.00326	0.00546
23	0.31995	0.00809	0.00804	0.00646	0.00899	0.04668	0.00530	0.29564	0.01088	0.24455	0.00857	0.00838	0.00591	0.00391	0.00305	0.00107	0.00336	0.00280	0.00321	0.00516

[dist]
# distance from previous block
# <min> <max>
0	1

[block]
# block no. 6 follows, 79 sequences, length 26
# corresponding to MSA columns:
# 985-1010
name=unknown_G
#
# <colnr> <probs for GDERKNQSTAVLIFYWHMCP>
#	G	D	E	R	K	N	Q	S	T	A	V	L	I	F	Y	W	H	M	C	P
0	0.00434	0.00323	0.00397	0.00450	0.00494	0.00294	0.00305	0.00500	0.00703	0.00911	0.04465	0.59283	0.22038	0.07010	0.00534	0.00150	0.00207	0.00897	0.00321	0.00285
1	0.00481	0.00360	0.00447	0.00425	0.00516	0.00325	0.00319	0.00631	0.00956	0.01314	0.67711	0.02796	0.20906	0.00757	0.00416	0.00113	0.00169	0.00660	0.00375	0.00325
2	0.00460	0.00357	0.00418	0.00406	0.00503	0.00315	0.00303	0.00588	0.00900	0.01190	0.46028	0.05727	0.39916	0.00810	0.00417	0.00116	0.00173	0.00697	0.00359	0.00315
3	0.00947	0.79776	0.05953	0.00636	0.00943	0.05112	0.00641	0.01074	0.00730	0.00845	0.00499	0.00577	0.00452	0.00306	0.00236	0.00078	0.00395	0.00194	0.00152	0.00454
4	0.00463	0.00354	0.00407	0.00424	0.00511	0.00317	0.00317	0.00566	0.00798	0.01028	0.15603	0.15488	0.43300	0.05423	0.00495	0.00136	0.00205	0.10121	0.03743	0.00301
5	0.71725	0.08565	0.05129	0.00530	0.00772	0.04084	0.00469	0.03294	0.00661	0.01480	0.00510	0.00591	0.00400	0.00329	0.00232	0.00105	0.00312	0.00199	0.00211	0.00402
6	0.09827	0.11867	0.01014	0.00702	0.00935	0.05353	0.00588	0.22835	0.02640	0.28429	0.00897	0.00907	0.00643	0.01653	0.00433	0.00112	0.10037	0.00299	0.00308	0.00520
7	0.03366	0.13199	0.01105	0.05492	0.02506	0.07048	0.02465	0.36365	0.04088	0.16635	0.00875	0.00888	0.00629	0.00395	0.00327	0.00102	0.00384	0.00301	0.03297	0.00534
8	0.29461	0.00606	0.01872	0.04717	0.07558	0.01389	0.00480	0.04184	0.07833	0.02599	0.16543	0.04475	0.05648	0.08209	0.02910	0.00145	0.00304	0.00407	0.00270	0.00392
9	0.00798	0.00481	0.00548	0.00497	0.00637	0.00484	0.00383	0.03141	0.18088	0.14150	0.16169	0.06206	0.09107	0.00563	0.00344	0.00106	0.00218	0.00473	0.27188	0.00419
10	0.01162	0.01029	0.01071	0.06659	0.08316	0.15250	0.03379	0.42182	0.14468	0.01663	0.00854	0.00896	0.00636	0.00404	0.00349	0.00107	0.00427	0.00318	0.00291	0.00540
11	0.00490	0.00360	0.00459	0.00434	0.00521	0.00329	0.00325	0.00648	0.00976	0.01363	0.76320	0.02715	0.12266	0.00739	0.00416	0.00112	0.00168	0.00649	0.00381	0.00329
12	0.00930	0.09227	0.00923	0.00720	0.00934	0.04315	0.00574	0.07087	0.67978	0.01436	0.01270	0.01185	0.00960	0.00453	0.00344	0.00113	0.00310	0.00366	0.00331	0.00544
13	0.04181	0.00616	0.00712	0.00530	0.00815	0.00497	0.00423	0.00971	0.05263	0.05294	0.06641	0.00912	0.00760	0.00316	0.00280	0.00065	0.00258	0.00255	0.00241	0.70972
14	0.00438	0.00358	0.00387	0.00380	0.00489	0.00307	0.00285	0.00548	0.00854	0.01073	0.24963	0.03193	0.63804	0.00848	0.00416	0.00117	0.00175	0.00716	0.00343	0.00307
15	0.00574	0.00468	0.00507	0.00491	0.00592	0.03446	0.00365	0.09459	0.00882	0.01132	0.15289	0.24863	0.33853	0.02235	0.02092	0.00135	0.02245	0.00711	0.00326	0.00337
16	0.01019	0.67130	0.03523	0.00678	0.00959	0.19878	0.00636	0.01133	0.00778	0.00843	0.00505	0.00585	0.00453	0.00316	0.00249	0.00080	0.00437	0.00198	0.00157	0.00444
17	0.90103	0.00682	0.00518	0.00463	0.00682	0.00791	0.00382	0.01036	0.00600	0.01581	0.00491	0.00573	0.00382	0.00327	0.00218	0.00109	0.00273	0.00191	0.00218	0.00382
18	0.00794	0.00675	0.00783	0.03049	0.10190	0.04257	0.00557	0.11335	0.22936	0.02592	0.20441	0.01773	0.14677	0.00570	0.00407	0.00114	0.03602	0.00474	0.00320	0.00454
19	0.00464	0.00352	0.00414	0.00411	0.00501	0.00314	0.00304	0.00589	0.00877	0.01172	0.41022	0.12273	0.35247	0.00819	0.00414	0.00117	0.00175	0.00709	0.03513	0.00314
20	0.00565	0.00457	0.00721	0.00630	0.00753	0.00420	0.14733	0.00702	0.00816	0.04227	0.22567	0.24629	0.18294	0.05112	0.00494	0.00136	0.00272	0.03815	0.00315	0.00342
21	0.00920	0.01681	0.01144	0.11858	0.30255	0.04495	0.04150	0.15158	0.10641	0.02520	0.00801	0.00963	0.00637	0.02011	0.04579	0.00132	0.01872	0.00324	0.00231	0.05628
22	0.02561	0.02449	0.01338	0.01584	0.44922	0.14549	0.10199	0.07460	0.04968	0.02503	0.00702	0.00853	0.00565	0.00342	0.00360	0.00104	0.01911	0.00310	0.00203	0.02114
23	0.40881	0.00624	0.00617	0.00526	0.00723	0.00675	0.00423	0.11491	0.00815	0.17396	0.00845	0.00973	0.00649	0.06259	0.06475	0.00154	0.00333	0.00286	0.09425	0.00429
24	0.00819	0.00592	0.00677	0.04863	0.00802	0.02926	0.00470	0.18386	0.03718	0.09204	0.22011	0.04460	0.18102	0.03700	0.00468	0.00121	0.04332	0.00510	0.03424	0.00416
25	0.02647	0.00467	0.00643	0.02887	0.07920	0.00472	0.02764	0.03909	0.00796	0.02852	0.18367	0.12013	0.06765	0.14883	0.03734	0.00176	0.02313	0.13201	0.02844	0.00347

[dist]
# distance from previous block
# <min> <max>
0	2

[block]
# block no. 7 follows, 79 sequences, length 17
# corresponding to MSA columns:
# 1026-1042
name=unknown_H
#
# <colnr> <probs for GDERKNQSTAVLIFYWHMCP>
#	G	D	E	R	K	N	Q	S	T	A	V	L	I	F	Y	W	H	M	C	P
0	0.00868	0.00828	0.01315	0.14010	0.63617	0.03209	0.01009	0.03987	0.03292	0.01155	0.00683	0.00884	0.00558	0.00328	0.00347	0.00105	0.00423	0.00311	0.00185	0.02887
1	0.00500	0.00358	0.00457	0.00457	0.00494	0.00378	0.00312	0.00560	0.00563	0.00765	0.01278	0.02030	0.09173	0.44251	0.36480	0.00413	0.00574	0.00479	0.00214	0.00263
2	0.41005	0.00636	0.00684	0.00554	0.00803	0.00639	0.00457	0.01414	0.00827	0.48215	0.00990	0.00920	0.00654	0.00388	0.00294	0.00109	0.00288	0.00282	0.00339	0.00503
3	0.90103	0.00682	0.00518	0.00463	0.00682	0.00791	0.00382	0.01036	0.00600	0.01581	0.00491	0.00573	0.00382	0.00327	0.00218	0.00109	0.00273	0.00191	0.00218	0.00382
4	0.01056	0.60084	0.04352	0.00648	0.00932	0.09899	0.00613	0.01179	0.00790	0.13951	0.00682	0.03230	0.00572	0.00353	0.00266	0.00085	0.00391	0.00244	0.00203	0.00468
5	0.00517	0.00344	0.00409	0.00409	0.00417	0.00351	0.00245	0.00523	0.00516	0.00695	0.01065	0.02135	0.01200	0.73238	0.11491	0.05121	0.00409	0.00486	0.00207	0.00222
6	0.00499	0.00339	0.00439	0.00489	0.00537	0.00315	0.00337	0.02055	0.00739	0.04592	0.08008	0.69827	0.08458	0.01020	0.00439	0.00137	0.00207	0.00917	0.00337	0.00309
7	0.01122	0.42196	0.01403	0.03262	0.01042	0.39465	0.00652	0.05407	0.00890	0.00917	0.00537	0.00622	0.00461	0.00337	0.00277	0.00085	0.00496	0.00216	0.00175	0.00438
8	0.00552	0.00356	0.00475	0.00491	0.00540	0.00350	0.00342	0.00607	0.00636	0.05397	0.04035	0.35768	0.01593	0.18062	0.16930	0.08036	0.00387	0.01876	0.00268	0.03300
9	0.00764	0.00829	0.04550	0.01109	0.06906	0.03825	0.29115	0.00927	0.00684	0.00956	0.00729	0.05241	0.00692	0.12064	0.00839	0.00159	0.29621	0.00402	0.00181	0.00406
10	0.00680	0.00432	0.00509	0.00462	0.00598	0.00397	0.00356	0.03057	0.05690	0.14181	0.29305	0.05259	0.33753	0.00724	0.00398	0.00114	0.00205	0.00615	0.02886	0.00379
11	0.01765	0.00544	0.00650	0.03528	0.04454	0.05373	0.00499	0.05118	0.02924	0.06943	0.02483	0.32661	0.03687	0.00785	0.01310	0.00134	0.07182	0.11538	0.08050	0.00372
12	0.00947	0.10312	0.28669	0.06873	0.15003	0.22308	0.02598	0.03078	0.03455	0.02638	0.00646	0.00765	0.00501	0.00344	0.00326	0.00102	0.00502	0.00267	0.00179	0.00487
13	0.00692	0.00593	0.02323	0.04292	0.13238	0.02230	0.06231	0.05090	0.01884	0.03691	0.01014	0.06509	0.03225	0.12663	0.31126	0.00306	0.03868	0.00422	0.00217	0.00384
14	0.00444	0.00324	0.00418	0.00477	0.00513	0.00306	0.00327	0.00513	0.00680	0.00898	0.03252	0.61849	0.11922	0.07239	0.06349	0.00183	0.00264	0.03443	0.00311	0.00286
15	0.04016	0.02749	0.16161	0.03855	0.16877	0.06026	0.17060	0.07292	0.06845	0.06681	0.00876	0.08399	0.00731	0.00415	0.00361	0.00113	0.00441	0.00381	0.00228	0.00495
16	0.04681	0.03547	0.15782	0.04688	0.16950	0.03526	0.00826	0.20473	0.07502	0.04756	0.00772	0.01879	0.00596	0.00388	0.00383	0.00107	0.05693	0.00302	0.00240	0.06908

[dist]
# distance from previous block
# <min> <max>
9	48

[block]
# block no. 8 follows, 79 sequences, length 6
# corresponding to MSA columns:
# 1144-1149
name=unknown_I
#
# <colnr> <probs for GDERKNQSTAVLIFYWHMCP>
#	G	D	E	R	K	N	Q	S	T	A	V	L	I	F	Y	W	H	M	C	P
0	0.00579	0.00380	0.00531	0.00529	0.00565	0.00417	0.00388	0.00625	0.04555	0.00775	0.00925	0.01584	0.00924	0.12889	0.28176	0.34576	0.03612	0.07518	0.00197	0.00255
1	0.00674	0.00669	0.06347	0.07228	0.06885	0.00637	0.19034	0.00857	0.00702	0.04083	0.02990	0.09868	0.02539	0.02886	0.27076	0.00265	0.06212	0.00443	0.00209	0.00396
2	0.00768	0.09287	0.11162	0.00721	0.04709	0.09089	0.03153	0.05978	0.08981	0.03178	0.09947	0.01881	0.24857	0.00578	0.00367	0.00111	0.00339	0.04196	0.00276	0.00423
3	0.05081	0.00937	0.04239	0.00734	0.00988	0.09892	0.00612	0.38876	0.10212	0.15619	0.01179	0.01137	0.07990	0.00458	0.00349	0.00108	0.00370	0.00352	0.00333	0.00536
4	0.00943	0.00971	0.03126	0.12794	0.08260	0.18255	0.11781	0.09843	0.07236	0.02611	0.02813	0.00932	0.00638	0.00517	0.03721	0.02612	0.11959	0.00325	0.00213	0.00449
5	0.00834	0.05040	0.09319	0.02490	0.02505	0.08809	0.04076	0.06470	0.27539	0.01222	0.07430	0.05481	0.03807	0.03293	0.01902	0.00131	0.08518	0.00405	0.00269	0.00461

[dist]
# distance from previous block
# <min> <max>
0	1

[block]
# block no. 9 follows, 79 sequences, length 6
# corresponding to MSA columns:
# 1151-1156
name=unknown_J
#
# <colnr> <probs for GDERKNQSTAVLIFYWHMCP>
#	G	D	E	R	K	N	Q	S	T	A	V	L	I	F	Y	W	H	M	C	P
0	0.00437	0.00327	0.00408	0.00464	0.00515	0.00298	0.00326	0.00516	0.00730	0.00946	0.06285	0.57634	0.23229	0.01026	0.00442	0.00137	0.00203	0.05455	0.00330	0.00293
1	0.04283	0.04356	0.04483	0.04626	0.15326	0.03748	0.23389	0.01126	0.07770	0.05723	0.00778	0.02602	0.00635	0.02415	0.02389	0.00128	0.09540	0.00348	0.00209	0.06125
2	0.03483	0.24716	0.25351	0.00933	0.01278	0.06022	0.18697	0.03414	0.02734	0.01078	0.03122	0.00801	0.00572	0.00345	0.00351	0.00102	0.03787	0.00287	0.00179	0.02747
3	0.00515	0.00349	0.00413	0.00418	0.00429	0.00355	0.00257	0.00537	0.00537	0.00720	0.01144	0.02329	0.01293	0.74210	0.09474	0.00351	0.00396	0.05824	0.00218	0.00230
4	0.00852	0.00817	0.01394	0.10500	0.77238	0.00832	0.01071	0.01064	0.00793	0.01127	0.00659	0.00879	0.00550	0.00318	0.00349	0.00106	0.00424	0.00314	0.00173	0.00542
5	0.01077	0.02579	0.04741	0.11769	0.05932	0.21280	0.04903	0.13740	0.03782	0.13017	0.00841	0.05259	0.00673	0.00484	0.02407	0.00121	0.06333	0.00338	0.00249	0.00474

[dist]
# distance from previous block
# <min> <max>
83	204

[block]
# block no. 10 follows, 79 sequences, length 32
# corresponding to MSA columns:
# 1950-1957,2064-2087
name=unknown_K
#
# <colnr> <probs for GDERKNQSTAVLIFYWHMCP>
#	G	D	E	R	K	N	Q	S	T	A	V	L	I	F	Y	W	H	M	C	P
0	0.02587	0.07953	0.16226	0.00890	0.02533	0.07298	0.15494	0.11018	0.04348	0.12175	0.01028	0.12603	0.02422	0.00478	0.00362	0.00112	0.00419	0.01316	0.00258	0.00480
1	0.00429	0.00308	0.00408	0.00487	0.00510	0.00287	0.00326	0.00491	0.00678	0.00901	0.01985	0.85180	0.04508	0.01099	0.00449	0.00142	0.00204	0.00995	0.00327	0.00287
2	0.00447	0.00347	0.02495	0.00493	0.00527	0.00304	0.00343	0.00517	0.00674	0.00910	0.03492	0.76681	0.02212	0.06325	0.00524	0.00153	0.00219	0.00933	0.02113	0.00289
3	0.08477	0.02419	0.01007	0.00926	0.09486	0.18950	0.02521	0.27350	0.22524	0.01537	0.00876	0.00899	0.00664	0.00401	0.00335	0.00106	0.00410	0.00308	0.00282	0.00521
4	0.04171	0.01574	0.00978	0.00878	0.01068	0.76429	0.00664	0.04661	0.01012	0.04595	0.00591	0.00666	0.00475	0.00368	0.00318	0.00093	0.00600	0.00235	0.00200	0.00423
5	0.00478	0.00381	0.00431	0.00418	0.00524	0.00346	0.00313	0.00652	0.05984	0.01167	0.36060	0.06002	0.44356	0.00806	0.00414	0.00117	0.00181	0.00690	0.00353	0.00327
6	0.00454	0.00341	0.00417	0.00435	0.00504	0.00308	0.00310	0.00559	0.00822	0.01095	0.32766	0.31774	0.24660	0.03335	0.00466	0.00131	0.00187	0.00787	0.00346	0.00304
7	0.00434	0.00354	0.00378	0.00378	0.00480	0.00304	0.00277	0.00529	0.00810	0.01003	0.15391	0.07297	0.64777	0.05422	0.00490	0.00131	0.00187	0.00729	0.00330	0.00298
8	0.00860	0.00752	0.00877	0.00792	0.03658	0.00846	0.05514	0.03791	0.69701	0.01449	0.04976	0.01367	0.02862	0.00480	0.00365	0.00118	0.00298	0.00412	0.00342	0.00539
9	0.90103	0.00682	0.00518	0.00463	0.00682	0.00791	0.00382	0.01036	0.00600	0.01581	0.00491	0.00573	0.00382	0.00327	0.00218	0.00109	0.00273	0.00191	0.00218	0.00382
10	0.50177	0.04031	0.07326	0.01892	0.00899	0.04049	0.00554	0.22157	0.00908	0.02811	0.00619	0.00683	0.00464	0.00356	0.00270	0.00106	0.00340	0.00236	0.01671	0.00454
11	0.07287	0.00773	0.00778	0.00691	0.00884	0.05513	0.00542	0.13312	0.48237	0.03732	0.04886	0.05819	0.01115	0.00513	0.00356	0.00117	0.00306	0.03394	0.01236	0.00509
12	0.01318	0.00929	0.01010	0.00785	0.01058	0.01019	0.00645	0.68663	0.09583	0.09898	0.00953	0.00924	0.00670	0.00430	0.00353	0.00107	0.00369	0.00329	0.00361	0.00595
13	0.05636	0.00472	0.00538	0.04253	0.00678	0.04956	0.00403	0.04072	0.00723	0.05137	0.01510	0.53215	0.01705	0.08984	0.04215	0.00171	0.01972	0.00741	0.00293	0.00327
14	0.02181	0.00432	0.00505	0.00475	0.00609	0.00397	0.00359	0.00870	0.07879	0.17203	0.09162	0.20166	0.36820	0.00791	0.00403	0.00121	0.00216	0.00676	0.00354	0.00379
15	0.00924	0.04278	0.09667	0.00817	0.01116	0.12837	0.12095	0.11145	0.05996	0.02388	0.02110	0.00831	0.00597	0.00340	0.00337	0.00088	0.02339	0.00280	0.00224	0.31592
16	0.75050	0.02929	0.04851	0.00550	0.00787	0.06789	0.02556	0.01069	0.00644	0.01478	0.00507	0.00595	0.00396	0.00329	0.00236	0.00107	0.00321	0.00202	0.00209	0.00395
17	0.00467	0.00333	0.00433	0.00492	0.00528	0.00316	0.00348	0.00545	0.00705	0.00936	0.08098	0.52820	0.06033	0.12480	0.00629	0.00169	0.00237	0.13828	0.00316	0.00287
18	0.00863	0.01367	0.50004	0.00871	0.01285	0.00783	0.02365	0.10220	0.08190	0.08402	0.00844	0.00894	0.02118	0.00367	0.00335	0.00105	0.00434	0.00293	0.00224	0.10035
19	0.00929	0.21657	0.09310	0.01020	0.01319	0.05697	0.30201	0.07926	0.05355	0.03247	0.00687	0.00821	0.00539	0.00357	0.00412	0.00107	0.08208	0.00314	0.00198	0.01696
20	0.00734	0.00655	0.01056	0.67056	0.02095	0.00811	0.02436	0.03903	0.00740	0.04026	0.02595	0.00965	0.00555	0.00396	0.00448	0.00121	0.10498	0.00324	0.00179	0.00406
21	0.00446	0.00348	0.00405	0.00412	0.00499	0.00307	0.00301	0.00555	0.00842	0.01093	0.30002	0.19622	0.42154	0.00878	0.00423	0.00121	0.00180	0.00760	0.00347	0.00307
22	0.00500	0.00374	0.00433	0.00446	0.02007	0.00339	0.00321	0.00603	0.00804	0.03836	0.14355	0.18004	0.47420	0.00845	0.00427	0.00120	0.02368	0.00718	0.05760	0.00319
23	0.09762	0.01251	0.02821	0.06117	0.07775	0.44125	0.07174	0.06152	0.00914	0.03017	0.00616	0.00750	0.00495	0.00443	0.03291	0.00118	0.04279	0.00268	0.00197	0.00436
24	0.00902	0.58820	0.24847	0.00728	0.01087	0.02843	0.00799	0.04666	0.00770	0.00969	0.00546	0.00628	0.00457	0.00317	0.00263	0.00087	0.00422	0.00215	0.00160	0.00477
25	0.00438	0.00323	0.00409	0.00471	0.00513	0.00297	0.00326	0.00510	0.00709	0.00924	0.04321	0.64164	0.17001	0.03150	0.00478	0.00144	0.00208	0.05001	0.00326	0.00290
26	0.01056	0.00761	0.01001	0.17697	0.09475	0.01781	0.02731	0.32658	0.01130	0.13367	0.05100	0.01099	0.02420	0.00603	0.07391	0.00147	0.00433	0.00352	0.00290	0.00507
27	0.00756	0.00582	0.00817	0.21783	0.07030	0.03897	0.04340	0.00952	0.04430	0.12258	0.08027	0.11747	0.13625	0.00658	0.02704	0.00132	0.00354	0.05223	0.00279	0.00406
28	0.00759	0.00582	0.00800	0.13435	0.03275	0.01847	0.05923	0.10459	0.08041	0.07182	0.01294	0.21240	0.03880	0.08746	0.07761	0.00181	0.00393	0.03523	0.00277	0.00402
29	0.00669	0.00431	0.00510	0.00495	0.00582	0.00424	0.00352	0.02557	0.10157	0.10976	0.03838	0.20032	0.12942	0.28663	0.00854	0.00196	0.00274	0.05395	0.00309	0.00342
30	0.02650	0.00808	0.01057	0.00838	0.04116	0.06845	0.15325	0.07922	0.05540	0.01215	0.00696	0.00825	0.00561	0.00383	0.02462	0.00097	0.05418	0.00280	0.00217	0.42747
31	0.00933	0.17112	0.01631	0.01260	0.15249	0.09367	0.33310	0.05970	0.06709	0.01133	0.00726	0.00915	0.00587	0.00345	0.00363	0.00106	0.01555	0.02045	0.00198	0.00487

[dist]
# distance from previous block
# <min> <max>
5	23

[block]
# block no. 11 follows, 79 sequences, length 10
# corresponding to MSA columns:
# 2252-2261
name=unknown_L
#
# <colnr> <probs for GDERKNQSTAVLIFYWHMCP>
#	G	D	E	R	K	N	Q	S	T	A	V	L	I	F	Y	W	H	M	C	P
0	0.11246	0.00617	0.00630	0.00586	0.00693	0.07231	0.00437	0.07457	0.12855	0.01092	0.01020	0.07823	0.00983	0.21478	0.20964	0.00276	0.03585	0.00418	0.00244	0.00364
1	0.01120	0.13738	0.05916	0.00648	0.00888	0.00770	0.00561	0.21479	0.02890	0.27463	0.01182	0.08868	0.03906	0.07022	0.00451	0.00124	0.00333	0.00399	0.01740	0.00500
2	0.04134	0.01129	0.00887	0.00853	0.07275	0.39548	0.00609	0.08611	0.10413	0.02985	0.01031	0.05840	0.07662	0.00456	0.00336	0.00100	0.00448	0.00347	0.00245	0.07091
3	0.00931	0.00803	0.01128	0.00858	0.01119	0.10106	0.23850	0.03716	0.00867	0.13739	0.06760	0.01116	0.03707	0.00507	0.05113	0.00122	0.02279	0.00353	0.00250	0.22675
4	0.00901	0.25796	0.09565	0.00679	0.00938	0.10453	0.02257	0.03031	0.10875	0.07117	0.06924	0.02565	0.06701	0.00443	0.00319	0.00097	0.00365	0.02597	0.00246	0.08130
5	0.00740	0.00568	0.00731	0.02673	0.05196	0.02619	0.04223	0.05639	0.09238	0.08438	0.13092	0.13933	0.13886	0.00717	0.02711	0.00130	0.02702	0.06727	0.00312	0.05725
6	0.00606	0.02694	0.05287	0.00553	0.00673	0.02983	0.02060	0.02564	0.02576	0.00968	0.07484	0.18209	0.11636	0.05590	0.00666	0.17734	0.00291	0.09172	0.00260	0.07991
7	0.00921	0.50574	0.21171	0.05511	0.01186	0.01123	0.05604	0.01122	0.00754	0.08206	0.00621	0.00704	0.00493	0.00323	0.00280	0.00092	0.00421	0.00239	0.00177	0.00479
8	0.08404	0.00686	0.01107	0.57476	0.23735	0.00798	0.00954	0.00959	0.00721	0.01024	0.00624	0.00891	0.00485	0.00340	0.00340	0.00113	0.00440	0.00303	0.00167	0.00434
9	0.03119	0.00908	0.02888	0.03214	0.23989	0.07449	0.16633	0.12153	0.11472	0.04111	0.00880	0.02689	0.01981	0.00406	0.00408	0.00114	0.05275	0.01568	0.00238	0.00507

[dist]
# distance from previous block
# <min> <max>
0	3

[block]
# block no. 12 follows, 79 sequences, length 12
# corresponding to MSA columns:
# 2322-2333
name=unknown_M
#
# <colnr> <probs for GDERKNQSTAVLIFYWHMCP>
#	G	D	E	R	K	N	Q	S	T	A	V	L	I	F	Y	W	H	M	C	P
0	0.13263	0.13069	0.05974	0.00994	0.01302	0.00921	0.34814	0.13142	0.00906	0.07739	0.00765	0.04182	0.00602	0.00364	0.00345	0.00109	0.00448	0.00349	0.00229	0.00482
1	0.12005	0.00844	0.00880	0.00703	0.00954	0.05932	0.00572	0.37630	0.07204	0.24281	0.04747	0.01008	0.00793	0.00429	0.00338	0.00107	0.00348	0.00327	0.00351	0.00547
2	0.00614	0.00333	0.00484	0.00470	0.00495	0.00326	0.00322	0.00499	0.00484	0.00662	0.00633	0.01066	0.00622	0.01242	0.06362	0.78186	0.00341	0.00304	0.00159	0.06396
3	0.00698	0.00594	0.00790	0.00706	0.02004	0.05289	0.10842	0.00903	0.08894	0.06923	0.08117	0.22630	0.17075	0.02598	0.00509	0.00131	0.08495	0.02124	0.00295	0.00383
4	0.59033	0.00703	0.00654	0.00545	0.00783	0.00770	0.00449	0.12018	0.00828	0.20200	0.00735	0.00746	0.00518	0.00364	0.00266	0.00109	0.00294	0.00243	0.00284	0.00458
5	0.16582	0.00599	0.00732	0.00592	0.00833	0.00566	0.00489	0.03031	0.02478	0.58814	0.01247	0.01274	0.00864	0.00452	0.00335	0.00111	0.00292	0.05698	0.04479	0.00531
6	0.05538	0.00702	0.00704	0.00610	0.00776	0.08284	0.00478	0.22918	0.09438	0.04034	0.27754	0.05535	0.01623	0.00551	0.00360	0.00108	0.00291	0.01624	0.08231	0.00440
7	0.00933	0.00786	0.00729	0.00640	0.00815	0.15244	0.00497	0.13907	0.19291	0.08676	0.15159	0.04498	0.13821	0.00567	0.00368	0.00110	0.00319	0.00461	0.02727	0.00452
8	0.00475	0.00347	0.00451	0.00517	0.00571	0.00328	0.00390	0.00570	0.00731	0.00948	0.02128	0.45139	0.14524	0.04379	0.00509	0.00153	0.00244	0.26978	0.00322	0.00297
9	0.06293	0.00679	0.00794	0.00636	0.00871	0.00684	0.00517	0.24034	0.07012	0.39336	0.01194	0.05043	0.00855	0.00457	0.00339	0.00108	0.00302	0.00365	0.09940	0.00541
10	0.01169	0.07176	0.01152	0.04644	0.10161	0.27391	0.04200	0.28640	0.04064	0.03670	0.00736	0.02034	0.00577	0.00393	0.00356	0.00102	0.02490	0.00297	0.00248	0.00501
11	0.00528	0.00382	0.00502	0.03540	0.00652	0.00379	0.00417	0.04737	0.00778	0.01039	0.07612	0.46973	0.04331	0.04401	0.00496	0.00149	0.00253	0.20344	0.02173	0.00316

[dist]
# distance from previous block
# <min> <max>
9	53

# created by:
# /usr/local/bin/augustus/scripts/msa2prfl.pl /tmp/new_cug2/without_ca_b/actin-related-protein-class-7.fasta
