[name]
unknown

[dist]
# distance from previous block
# <min> <max>
0	10

[block]
# block no. 0 follows, 82 sequences, length 14
# corresponding to MSA columns:
# 350-357,360-365
name=unknown_A
#
# <colnr> <probs for GDERKNQSTAVLIFYWHMCP>
#	G	D	E	R	K	N	Q	S	T	A	V	L	I	F	Y	W	H	M	C	P
0	0.00435	0.00325	0.00397	0.00434	0.00489	0.00296	0.00305	0.00516	0.00728	0.00950	0.14360	0.42866	0.24870	0.07202	0.00518	0.00143	0.00201	0.04362	0.00318	0.00284
1	0.00473	0.00350	0.00418	0.00406	0.00500	0.00310	0.00302	0.00597	0.00870	0.03217	0.44985	0.09481	0.35272	0.00787	0.00405	0.00113	0.00172	0.00680	0.00350	0.00312
2	0.00426	0.00339	0.00382	0.00402	0.00488	0.00297	0.00296	0.00516	0.00763	0.00955	0.10763	0.21942	0.51840	0.03170	0.00451	0.00128	0.00191	0.06042	0.00320	0.00289
3	0.00900	0.82675	0.07174	0.00610	0.00916	0.01318	0.00629	0.01028	0.00697	0.00823	0.00484	0.00560	0.00439	0.00295	0.00226	0.00075	0.00375	0.00187	0.00146	0.00443
4	0.01278	0.01630	0.00969	0.00881	0.01058	0.86605	0.00661	0.01366	0.00969	0.00837	0.00529	0.00617	0.00441	0.00353	0.00308	0.00088	0.00617	0.00220	0.00176	0.00397
5	0.90395	0.00662	0.00503	0.00450	0.00662	0.00767	0.00370	0.01006	0.00582	0.01535	0.00476	0.00556	0.00370	0.00318	0.00212	0.00106	0.00265	0.00185	0.00212	0.00370
6	0.01283	0.00897	0.01037	0.00794	0.01067	0.00968	0.05093	0.65492	0.05454	0.13008	0.00910	0.00893	0.00635	0.00408	0.00346	0.00104	0.00371	0.00322	0.00344	0.00573
7	0.00526	0.00423	0.00558	0.00554	0.00616	0.04430	0.00424	0.00639	0.00566	0.00788	0.00909	0.01368	0.00861	0.07988	0.77116	0.00514	0.00865	0.00368	0.00184	0.00303
8	0.00931	0.03083	0.41290	0.02409	0.05568	0.15680	0.03034	0.07745	0.08221	0.07713	0.00741	0.00805	0.00539	0.00354	0.00328	0.00104	0.00471	0.00276	0.00207	0.00499
9	0.00419	0.00344	0.00368	0.00368	0.00472	0.00294	0.00274	0.00517	0.00805	0.00998	0.17459	0.07660	0.67140	0.00849	0.00406	0.00115	0.00173	0.00718	0.00328	0.00294
10	0.00847	0.00813	0.01388	0.02100	0.85844	0.00813	0.01050	0.01050	0.00779	0.01118	0.00643	0.00847	0.00542	0.00305	0.00339	0.00102	0.00406	0.00305	0.00169	0.00542
11	0.00782	0.00434	0.00533	0.00481	0.00576	0.00420	0.00344	0.06209	0.00740	0.20449	0.05636	0.05819	0.04574	0.42450	0.04296	0.00235	0.00326	0.05070	0.00289	0.00339
12	0.78385	0.05983	0.00612	0.00477	0.00698	0.00807	0.00399	0.04549	0.00645	0.04211	0.00519	0.00586	0.00399	0.00323	0.00222	0.00104	0.00276	0.00195	0.00220	0.00390
13	0.00663	0.01548	0.02722	0.04268	0.00757	0.04536	0.00449	0.04859	0.05350	0.00964	0.01827	0.03776	0.00870	0.21914	0.19161	0.00246	0.04414	0.00364	0.02060	0.19253

[dist]
# distance from previous block
# <min> <max>
16	26

[block]
# block no. 1 follows, 82 sequences, length 9
# corresponding to MSA columns:
# 523-531
name=unknown_B
#
# <colnr> <probs for GDERKNQSTAVLIFYWHMCP>
#	G	D	E	R	K	N	Q	S	T	A	V	L	I	F	Y	W	H	M	C	P
0	0.00806	0.00780	0.09159	0.22325	0.11829	0.04264	0.00747	0.07948	0.09749	0.07538	0.06976	0.06800	0.05909	0.00472	0.00378	0.00112	0.03118	0.00398	0.00247	0.00446
1	0.00568	0.00426	0.00515	0.00489	0.00591	0.00427	0.00369	0.06728	0.05266	0.02967	0.16204	0.15476	0.23912	0.03415	0.15472	0.01693	0.01979	0.00591	0.00298	0.02614
2	0.00617	0.00512	0.00722	0.00670	0.00707	0.00648	0.00533	0.00713	0.00575	0.03460	0.00905	0.14783	0.00918	0.01409	0.33476	0.00296	0.34969	0.00434	0.03317	0.00337
3	0.00434	0.00345	0.00438	0.00450	0.00525	0.00308	0.03191	0.00521	0.00735	0.00943	0.10625	0.40340	0.35314	0.03626	0.00460	0.00132	0.00202	0.00804	0.00315	0.00291
4	0.50096	0.05675	0.00772	0.00583	0.00823	0.00891	0.00487	0.30355	0.00966	0.05581	0.00637	0.00676	0.00470	0.00354	0.00264	0.00103	0.00311	0.00235	0.00263	0.00458
5	0.06203	0.08294	0.06263	0.00851	0.01070	0.61780	0.03266	0.06586	0.00947	0.00981	0.00550	0.00637	0.00447	0.00346	0.00302	0.00091	0.00554	0.00229	0.00184	0.00419
6	0.00849	0.10161	0.11632	0.01107	0.01413	0.05064	0.42763	0.07921	0.04048	0.01125	0.00786	0.00935	0.03990	0.00357	0.00412	0.00110	0.06322	0.00351	0.00192	0.00461
7	0.00484	0.00361	0.00453	0.00468	0.00536	0.00356	0.00345	0.00597	0.02847	0.02371	0.11127	0.25753	0.23626	0.07776	0.14026	0.00209	0.02326	0.05745	0.00293	0.00301
8	0.00860	0.07450	0.04009	0.07534	0.17422	0.12749	0.05065	0.09201	0.05521	0.03408	0.02739	0.12597	0.04256	0.00517	0.01773	0.00115	0.03708	0.00406	0.00230	0.00441

[dist]
# distance from previous block
# <min> <max>
3	14

[block]
# block no. 2 follows, 82 sequences, length 30
# corresponding to MSA columns:
# 658-674,688-700
name=unknown_C
#
# <colnr> <probs for GDERKNQSTAVLIFYWHMCP>
#	G	D	E	R	K	N	Q	S	T	A	V	L	I	F	Y	W	H	M	C	P
0	0.00514	0.00444	0.02090	0.00511	0.00617	0.00430	0.03162	0.00696	0.08233	0.00959	0.07985	0.09978	0.30396	0.07875	0.19323	0.00228	0.03124	0.00567	0.00271	0.02596
1	0.01284	0.00905	0.00978	0.00758	0.01021	0.02156	0.00623	0.69738	0.04924	0.10434	0.03100	0.00916	0.00694	0.00421	0.00344	0.00103	0.00361	0.00322	0.00349	0.00571
2	0.44851	0.00907	0.03024	0.00679	0.00916	0.11013	0.05509	0.25115	0.00939	0.01579	0.00597	0.00669	0.00451	0.00352	0.00293	0.00104	0.02076	0.00242	0.00240	0.00443
3	0.00531	0.00355	0.00427	0.00426	0.00521	0.00316	0.00317	0.00638	0.00811	0.07909	0.23097	0.22508	0.33592	0.00823	0.00403	0.00118	0.00190	0.03285	0.03411	0.00320
4	0.00695	0.00588	0.00793	0.00677	0.00821	0.03168	0.11304	0.05110	0.15163	0.04464	0.19671	0.09474	0.11399	0.02332	0.06278	0.00150	0.05689	0.01532	0.00296	0.00395
5	0.00477	0.00354	0.00424	0.00408	0.00459	0.00337	0.02439	0.00528	0.00625	0.00810	0.07979	0.03642	0.25176	0.49024	0.05682	0.00257	0.00310	0.00567	0.00250	0.00252
6	0.00758	0.00742	0.01249	0.43118	0.37170	0.02947	0.07158	0.00976	0.00740	0.00991	0.00627	0.00878	0.00496	0.00323	0.00344	0.00108	0.00448	0.00310	0.00161	0.00454
7	0.00646	0.00608	0.01026	0.87156	0.02356	0.00760	0.00950	0.00874	0.00684	0.00874	0.00608	0.00912	0.00456	0.00342	0.00342	0.00114	0.00456	0.00304	0.00152	0.00380
8	0.00729	0.00607	0.00711	0.00509	0.00812	0.00457	0.00408	0.00881	0.00716	0.03150	0.00626	0.00720	0.00515	0.00257	0.00256	0.00052	0.00254	0.00206	0.00208	0.87926
9	0.00602	0.00525	0.00679	0.00635	0.02705	0.00627	0.00480	0.04131	0.00642	0.00880	0.01445	0.04689	0.22253	0.17123	0.09815	0.00213	0.31540	0.00473	0.00220	0.00324
10	0.00719	0.12674	0.65413	0.07304	0.02714	0.00865	0.02231	0.01072	0.02073	0.01039	0.00610	0.00727	0.00448	0.00324	0.00314	0.00104	0.00480	0.00253	0.00149	0.00488
11	0.00706	0.00675	0.01131	0.06726	0.17561	0.02847	0.21507	0.04512	0.00749	0.01017	0.01014	0.25863	0.01042	0.03304	0.01440	0.01095	0.07665	0.00525	0.00219	0.00402
12	0.84379	0.00709	0.00536	0.00476	0.00688	0.04231	0.00390	0.03301	0.00626	0.01524	0.00488	0.00565	0.00379	0.00321	0.00219	0.00105	0.00282	0.00190	0.00214	0.00377
13	0.00845	0.00959	0.01622	0.01222	0.01459	0.11957	0.52657	0.01053	0.00760	0.00995	0.00646	0.03049	0.00537	0.00387	0.00555	0.00120	0.20205	0.00371	0.00172	0.00429
14	0.00433	0.00299	0.00391	0.00465	0.00489	0.00281	0.00312	0.00500	0.00660	0.00903	0.01829	0.81373	0.02160	0.01022	0.00422	0.00135	0.00196	0.00924	0.06927	0.00281
15	0.00724	0.00607	0.00664	0.00608	0.00762	0.00680	0.00467	0.01409	0.57115	0.01315	0.15076	0.01655	0.06864	0.04062	0.06300	0.00153	0.00293	0.00449	0.00334	0.00461
16	0.01167	0.00935	0.01138	0.00873	0.01138	0.04879	0.14021	0.60080	0.02487	0.03295	0.00866	0.05946	0.00675	0.00428	0.00356	0.00106	0.00406	0.00360	0.00308	0.00536
17	0.00594	0.00297	0.00446	0.00446	0.00446	0.00297	0.00297	0.00446	0.00446	0.00594	0.00594	0.01040	0.00594	0.01188	0.01337	0.90048	0.00297	0.00297	0.00149	0.00149
18	0.00783	0.05657	0.61317	0.00896	0.01311	0.07152	0.01060	0.07670	0.03600	0.01127	0.00665	0.00792	0.00501	0.02633	0.03286	0.00126	0.00499	0.00266	0.00172	0.00487
19	0.00572	0.00439	0.00514	0.00530	0.00619	0.00452	0.00388	0.02861	0.21896	0.02223	0.04481	0.45026	0.11544	0.00844	0.00405	0.00128	0.00223	0.04889	0.01606	0.00360
20	0.00706	0.01630	0.72362	0.01052	0.01531	0.00806	0.14968	0.01085	0.00736	0.01085	0.00627	0.00755	0.00447	0.00319	0.00338	0.00109	0.00517	0.00278	0.00149	0.00498
21	0.02426	0.00874	0.04090	0.07663	0.40993	0.03543	0.00877	0.19282	0.06934	0.01320	0.00709	0.00852	0.00562	0.00370	0.00405	0.00108	0.07956	0.00304	0.00217	0.00516
22	0.03872	0.00777	0.09987	0.00813	0.01081	0.00640	0.22493	0.05114	0.03326	0.09337	0.00887	0.06368	0.00724	0.00389	0.00348	0.00098	0.02469	0.01468	0.11465	0.18343
23	0.00418	0.00345	0.00366	0.00365	0.00471	0.00294	0.00272	0.00516	0.00806	0.00995	0.16794	0.06206	0.69277	0.00847	0.00405	0.00115	0.00172	0.00714	0.00327	0.00294
24	0.00594	0.00297	0.00446	0.00446	0.00446	0.00297	0.00297	0.00446	0.00446	0.00594	0.00594	0.01040	0.00594	0.01188	0.01337	0.90048	0.00297	0.00297	0.00149	0.00149
25	0.00926	0.85502	0.01767	0.00594	0.00884	0.03995	0.00588	0.01035	0.00704	0.00806	0.00477	0.00551	0.00439	0.00295	0.00222	0.00074	0.00374	0.00184	0.00147	0.00438
26	0.03784	0.02808	0.03567	0.02674	0.00762	0.08098	0.00506	0.05010	0.03539	0.00926	0.00849	0.01172	0.00760	0.01925	0.61543	0.00419	0.00779	0.00335	0.00194	0.00350
27	0.07329	0.00559	0.02729	0.00515	0.00674	0.00567	0.00417	0.08341	0.20491	0.08893	0.03255	0.03975	0.03856	0.00467	0.00304	0.00101	0.00238	0.02479	0.34387	0.00423
28	0.00478	0.00331	0.00396	0.00418	0.00438	0.00319	0.00259	0.00508	0.00568	0.00760	0.01380	0.30602	0.02762	0.52898	0.01209	0.00251	0.00282	0.02596	0.00248	0.03296
29	0.05356	0.19487	0.00807	0.00534	0.00662	0.07842	0.00426	0.00813	0.04462	0.00904	0.07601	0.03563	0.05790	0.16917	0.20915	0.00246	0.00469	0.02650	0.00217	0.00338

[dist]
# distance from previous block
# <min> <max>
4	33

[block]
# block no. 3 follows, 82 sequences, length 44
# corresponding to MSA columns:
# 785-797,860-864,870-889,916-921
name=unknown_D
#
# <colnr> <probs for GDERKNQSTAVLIFYWHMCP>
#	G	D	E	R	K	N	Q	S	T	A	V	L	I	F	Y	W	H	M	C	P
0	0.16823	0.34345	0.13156	0.01853	0.04524	0.08372	0.03118	0.06959	0.03905	0.01120	0.00644	0.00720	0.02501	0.00336	0.00270	0.00093	0.00391	0.00239	0.00187	0.00447
1	0.00864	0.00694	0.00932	0.02728	0.15054	0.01499	0.05059	0.15363	0.12439	0.06699	0.06314	0.03627	0.06130	0.02495	0.02967	0.00128	0.09942	0.00390	0.03776	0.02899
2	0.01778	0.10329	0.03448	0.01928	0.02448	0.18459	0.00710	0.08753	0.00769	0.05471	0.00560	0.00730	0.00480	0.00471	0.00693	0.00119	0.41971	0.00272	0.00188	0.00422
3	0.00418	0.00299	0.00398	0.00475	0.00496	0.00279	0.00318	0.00480	0.00661	0.00884	0.03629	0.85981	0.02283	0.01064	0.00436	0.00138	0.00198	0.00965	0.00319	0.00279
4	0.00486	0.00385	0.00443	0.00436	0.00534	0.00364	0.00324	0.00697	0.10418	0.01140	0.33425	0.15275	0.33228	0.00789	0.00402	0.00116	0.00184	0.00683	0.00343	0.00328
5	0.00630	0.00373	0.00496	0.00502	0.00580	0.00358	0.00366	0.00746	0.02881	0.14468	0.10051	0.44081	0.03929	0.03402	0.12392	0.00191	0.00315	0.01871	0.02029	0.00341
6	0.02680	0.00770	0.00818	0.00685	0.00898	0.00861	0.00550	0.36722	0.35863	0.01701	0.03338	0.01230	0.03894	0.00465	0.00342	0.00109	0.00303	0.02177	0.06071	0.00522
7	0.00691	0.01735	0.82820	0.00994	0.01493	0.00797	0.04615	0.01084	0.00726	0.01084	0.00617	0.00730	0.00437	0.00324	0.00328	0.00109	0.00508	0.00259	0.00146	0.00504
8	0.00949	0.00753	0.00881	0.00736	0.00954	0.00825	0.05152	0.23603	0.41707	0.04642	0.01168	0.02106	0.00914	0.00545	0.03822	0.00129	0.00343	0.05113	0.00323	0.05335
9	0.00674	0.00487	0.00553	0.00437	0.00645	0.00397	0.00341	0.00822	0.00725	0.02764	0.03719	0.02756	0.04174	0.01412	0.00283	0.00071	0.00218	0.00295	0.28899	0.50327
10	0.00496	0.00351	0.00451	0.00488	0.00532	0.00347	0.00363	0.00580	0.00664	0.00879	0.06579	0.16537	0.06095	0.29809	0.07069	0.00235	0.00329	0.27651	0.00274	0.00272
11	0.00894	0.00802	0.01100	0.00886	0.01118	0.00878	0.20053	0.13276	0.49558	0.01429	0.01134	0.01177	0.00863	0.00431	0.00384	0.00116	0.02726	0.02356	0.00300	0.00519
12	0.00425	0.00311	0.00398	0.00459	0.00495	0.00291	0.00314	0.00490	0.00664	0.00871	0.02032	0.66138	0.14020	0.05391	0.03733	0.00161	0.00231	0.02991	0.00307	0.00278
13	0.00766	0.00648	0.00775	0.05066	0.03371	0.00545	0.00477	0.08454	0.02635	0.01203	0.00645	0.00746	0.00524	0.00278	0.00270	0.00062	0.00280	0.00224	0.00215	0.72815
14	0.00760	0.01233	0.35468	0.01274	0.14063	0.03516	0.31093	0.01065	0.00784	0.01102	0.05782	0.00920	0.00649	0.00332	0.00360	0.00109	0.00499	0.00336	0.00173	0.00481
15	0.00440	0.00307	0.00392	0.00450	0.00473	0.00290	0.00296	0.00497	0.00647	0.00873	0.05131	0.65863	0.03815	0.15140	0.00640	0.00167	0.00217	0.00854	0.03240	0.00270
16	0.02709	0.00948	0.01154	0.00871	0.01154	0.01029	0.12184	0.71826	0.01481	0.02000	0.00798	0.00831	0.00570	0.00392	0.00348	0.00104	0.00402	0.00319	0.00317	0.00562
17	0.00950	0.00851	0.01066	0.05254	0.31004	0.13498	0.04362	0.10335	0.05371	0.08227	0.01038	0.01319	0.06060	0.00442	0.00356	0.00108	0.00404	0.08634	0.00243	0.00478
18	0.03398	0.01363	0.00986	0.00881	0.01043	0.63243	0.05737	0.01228	0.00893	0.00888	0.00659	0.00969	0.00597	0.00428	0.00398	0.00102	0.08048	0.08562	0.00189	0.00390
19	0.00840	0.00644	0.00716	0.00656	0.00831	0.00710	0.00525	0.08163	0.49711	0.06949	0.01560	0.02821	0.06693	0.00580	0.00374	0.00122	0.00281	0.16017	0.01326	0.00483
20	0.00915	0.88184	0.01793	0.00585	0.00878	0.01354	0.00585	0.01024	0.00695	0.00805	0.00476	0.00549	0.00439	0.00293	0.00219	0.00073	0.00366	0.00183	0.00146	0.00439
21	0.00782	0.00969	0.09125	0.01355	0.01694	0.00843	0.72463	0.01066	0.00788	0.01080	0.00721	0.03925	0.00571	0.00326	0.00416	0.00116	0.02719	0.00408	0.00175	0.00457
22	0.00474	0.00356	0.00413	0.00399	0.00502	0.00312	0.00302	0.00597	0.00868	0.03439	0.39308	0.02928	0.44909	0.00784	0.00404	0.00113	0.00175	0.03058	0.00346	0.00312
23	0.00454	0.00340	0.00418	0.00418	0.00494	0.00308	0.00305	0.00575	0.00853	0.01152	0.47746	0.17026	0.23386	0.03505	0.00451	0.00122	0.00178	0.01619	0.00346	0.00303
24	0.00497	0.00332	0.00373	0.00373	0.00373	0.00332	0.00207	0.00497	0.00497	0.00663	0.01078	0.02239	0.01244	0.87978	0.01741	0.00332	0.00332	0.00497	0.00207	0.00207
25	0.00686	0.01769	0.86206	0.00975	0.01481	0.00794	0.01264	0.01083	0.00722	0.01083	0.00614	0.00722	0.00433	0.00325	0.00325	0.00108	0.00506	0.00253	0.00144	0.00506
26	0.00686	0.01769	0.86206	0.00975	0.01481	0.00794	0.01264	0.01083	0.00722	0.01083	0.00614	0.00722	0.00433	0.00325	0.00325	0.00108	0.00506	0.00253	0.00144	0.00506
27	0.00489	0.00363	0.00534	0.00534	0.00590	0.00419	0.00408	0.00601	0.00545	0.00782	0.00931	0.01423	0.00890	0.10141	0.79094	0.00530	0.00864	0.00378	0.00185	0.00297
28	0.47275	0.04825	0.28495	0.00665	0.00975	0.07099	0.00697	0.01085	0.00677	0.04690	0.00560	0.00638	0.00418	0.00326	0.00261	0.00104	0.00374	0.00216	0.00193	0.00428
29	0.00488	0.00336	0.00387	0.00384	0.00404	0.00330	0.00233	0.00518	0.00577	0.00772	0.11314	0.02328	0.08062	0.67914	0.04346	0.00295	0.00319	0.00525	0.00235	0.00231
30	0.20428	0.18062	0.09578	0.00852	0.08309	0.13700	0.06638	0.06265	0.03104	0.07807	0.00641	0.00718	0.00496	0.00338	0.00300	0.00098	0.01754	0.00250	0.00208	0.00457
31	0.03486	0.01059	0.10483	0.00899	0.04828	0.06392	0.05809	0.53498	0.05584	0.01766	0.00777	0.00819	0.00566	0.00389	0.00353	0.00105	0.02057	0.00303	0.00285	0.00541
32	0.00463	0.00335	0.00465	0.00506	0.00551	0.00348	0.00372	0.00559	0.00636	0.00877	0.04069	0.40060	0.03756	0.02951	0.33638	0.00298	0.00483	0.06797	0.02543	0.00293
33	0.00536	0.00379	0.00523	0.00514	0.00563	0.00421	0.00381	0.00626	0.00580	0.03504	0.05375	0.02624	0.01123	0.25486	0.48785	0.00418	0.04144	0.03516	0.00212	0.00291
34	0.00741	0.00705	0.01198	0.46835	0.41933	0.00785	0.00997	0.00957	0.00729	0.00989	0.00625	0.00881	0.00497	0.00324	0.00340	0.00108	0.00432	0.00304	0.00160	0.00457
35	0.10910	0.00597	0.00628	0.00534	0.00710	0.02924	0.00426	0.16599	0.07573	0.17672	0.01030	0.01076	0.00760	0.00524	0.05219	0.00122	0.00301	0.00312	0.31641	0.00442
36	0.00825	0.00697	0.04169	0.00578	0.00849	0.00598	0.00483	0.16723	0.08368	0.04651	0.01119	0.01135	0.11678	0.00391	0.00305	0.00079	0.00279	0.00314	0.00263	0.46497
37	0.03229	0.00575	0.00663	0.00551	0.00742	0.02889	0.00437	0.10092	0.06200	0.18854	0.27372	0.03260	0.05193	0.00522	0.00350	0.00099	0.00255	0.02676	0.00336	0.15707
38	0.07389	0.00649	0.01784	0.00628	0.00901	0.00579	0.02931	0.09102	0.00965	0.57540	0.01112	0.01017	0.00729	0.00387	0.00324	0.00098	0.00303	0.00311	0.00361	0.12890
39	0.16780	0.00788	0.02582	0.00697	0.00929	0.04970	0.07496	0.29276	0.01067	0.16721	0.07437	0.01059	0.00827	0.05498	0.00407	0.00117	0.00349	0.00331	0.02192	0.00477
40	0.00459	0.00321	0.00411	0.00447	0.00467	0.00320	0.00292	0.00509	0.00595	0.00804	0.04602	0.41421	0.01734	0.33184	0.12606	0.00264	0.00343	0.00702	0.00261	0.00257
41	0.00611	0.00405	0.00496	0.00457	0.00575	0.00374	0.00355	0.03412	0.03160	0.09981	0.46385	0.02585	0.23708	0.00712	0.00398	0.00112	0.00196	0.05361	0.00361	0.00354
42	0.00783	0.00621	0.00747	0.00543	0.00834	0.00495	0.01338	0.02600	0.00742	0.07238	0.00661	0.00748	0.00531	0.00280	0.00292	0.00060	0.03119	0.00220	0.00219	0.77930
43	0.00550	0.00362	0.03223	0.00428	0.00444	0.00330	0.00285	0.00492	0.00480	0.00644	0.00829	0.01610	0.00904	0.43225	0.01500	0.43614	0.00321	0.00393	0.00177	0.00189

[dist]
# distance from previous block
# <min> <max>
3	52

[block]
# block no. 4 follows, 82 sequences, length 71
# corresponding to MSA columns:
# 982-1010,1024-1044,1120-1127,1143-1155
name=unknown_E
#
# <colnr> <probs for GDERKNQSTAVLIFYWHMCP>
#	G	D	E	R	K	N	Q	S	T	A	V	L	I	F	Y	W	H	M	C	P
0	0.00913	0.70961	0.02393	0.00695	0.04263	0.05716	0.04154	0.01038	0.00718	0.00851	0.00503	0.00590	0.00450	0.00294	0.00239	0.00076	0.00384	0.00201	0.00153	0.05407
1	0.00554	0.00355	0.00410	0.00401	0.00427	0.00362	0.00248	0.00614	0.03490	0.03513	0.01088	0.02025	0.01165	0.68591	0.08002	0.00313	0.00359	0.00464	0.07371	0.00247
2	0.00890	0.00856	0.02754	0.01084	0.02497	0.05428	0.44986	0.09105	0.09097	0.05713	0.03301	0.01088	0.00732	0.00366	0.00369	0.00109	0.00456	0.02340	0.08364	0.00465
3	0.00421	0.00300	0.00399	0.00475	0.00496	0.00281	0.00318	0.00482	0.00658	0.00878	0.03074	0.83558	0.02250	0.02958	0.00465	0.00143	0.00202	0.02045	0.00316	0.00277
4	0.00465	0.00349	0.00431	0.00411	0.00500	0.00315	0.00308	0.00609	0.00924	0.01266	0.66332	0.02729	0.22626	0.00739	0.00404	0.00109	0.00164	0.00643	0.00363	0.00315
5	0.00430	0.00348	0.00382	0.00374	0.00478	0.00300	0.00280	0.00541	0.00841	0.01069	0.30027	0.03054	0.59054	0.00812	0.00404	0.00113	0.00169	0.00689	0.00337	0.00300
6	0.00915	0.88184	0.01793	0.00585	0.00878	0.01354	0.00585	0.01024	0.00695	0.00805	0.00476	0.00549	0.00439	0.00293	0.00219	0.00073	0.00366	0.00183	0.00146	0.00439
7	0.01194	0.00829	0.00899	0.00705	0.00944	0.00903	0.00577	0.65806	0.01422	0.06924	0.01665	0.04172	0.00719	0.00437	0.00334	0.00101	0.00337	0.00339	0.11156	0.00536
8	0.90395	0.00662	0.00503	0.00450	0.00662	0.00767	0.00370	0.01006	0.00582	0.01535	0.00476	0.00556	0.00370	0.00318	0.00212	0.00106	0.00265	0.00185	0.00212	0.00370
9	0.00504	0.00352	0.00427	0.00423	0.00434	0.00373	0.00265	0.00529	0.00508	0.00692	0.01028	0.02026	0.01147	0.69507	0.17230	0.00366	0.03292	0.00467	0.00201	0.00231
10	0.04100	0.14095	0.05619	0.00826	0.01060	0.48177	0.03048	0.15902	0.02185	0.01115	0.00592	0.00664	0.00473	0.00351	0.00302	0.00091	0.00515	0.00238	0.00203	0.00444
11	0.03172	0.00546	0.00625	0.00514	0.00699	0.01629	0.00414	0.14634	0.00960	0.33531	0.01135	0.01135	0.00801	0.00407	0.00296	0.00094	0.00252	0.00322	0.38370	0.00463
12	0.00862	0.00741	0.00780	0.00698	0.00894	0.00856	0.00544	0.03934	0.83091	0.01449	0.01378	0.01265	0.01032	0.00463	0.00348	0.00116	0.00273	0.00385	0.00348	0.00542
13	0.00677	0.00428	0.00555	0.00527	0.00553	0.04054	0.00377	0.00622	0.03678	0.03648	0.00649	0.01030	0.00615	0.02262	0.03610	0.66833	0.09192	0.00304	0.00169	0.00217
14	0.00460	0.00352	0.00406	0.00390	0.00492	0.00308	0.00293	0.00582	0.00871	0.02491	0.42042	0.02912	0.45612	0.00781	0.00403	0.00112	0.00170	0.00667	0.00347	0.00309
15	0.00484	0.00395	0.00504	0.00466	0.00578	0.00362	0.04483	0.00656	0.05102	0.01139	0.36258	0.06363	0.37908	0.00761	0.00405	0.00115	0.00199	0.03162	0.00336	0.00324
16	0.00740	0.00607	0.00712	0.00510	0.00813	0.00458	0.00409	0.00892	0.00719	0.04302	0.00636	0.00726	0.00519	0.00260	0.00257	0.00053	0.00255	0.00208	0.00211	0.86713
17	0.00478	0.00358	0.00450	0.00453	0.00541	0.00329	0.00356	0.00620	0.00882	0.01186	0.47321	0.03828	0.22793	0.00795	0.00419	0.00120	0.00197	0.18213	0.00349	0.00313
18	0.00418	0.00338	0.00376	0.00390	0.00480	0.00296	0.00285	0.00508	0.00763	0.00952	0.11139	0.20623	0.56708	0.00964	0.04055	0.00138	0.00209	0.00749	0.00318	0.00291
19	0.03689	0.00767	0.03912	0.02100	0.33143	0.11896	0.00720	0.00906	0.00697	0.00951	0.00736	0.01052	0.00664	0.06334	0.29277	0.00265	0.01984	0.00320	0.00177	0.00412
20	0.57373	0.00808	0.00953	0.00802	0.04803	0.07416	0.21218	0.01058	0.00676	0.01354	0.00541	0.00664	0.00420	0.00312	0.00272	0.00107	0.00375	0.00247	0.00198	0.00403
21	0.00667	0.00575	0.00785	0.08481	0.09264	0.03774	0.07402	0.04621	0.07944	0.02401	0.24021	0.06220	0.13542	0.00591	0.00380	0.00112	0.00296	0.05115	0.03420	0.00390
22	0.00595	0.00467	0.00562	0.00461	0.00643	0.00386	0.00357	0.00756	0.02123	0.02805	0.39087	0.01819	0.10470	0.00523	0.00339	0.00085	0.00205	0.00448	0.00299	0.37571
23	0.00541	0.00431	0.00619	0.00599	0.00643	0.00523	0.00470	0.00641	0.00558	0.00803	0.00924	0.02877	0.00919	0.09672	0.54394	0.02027	0.16244	0.06617	0.00191	0.00306
24	0.00558	0.00397	0.03288	0.00530	0.00576	0.00400	0.00408	0.00574	0.01847	0.00734	0.00824	0.04909	0.00811	0.01634	0.33374	0.41669	0.03570	0.03474	0.00178	0.00245
25	0.00860	0.04566	0.09453	0.05468	0.46310	0.02139	0.06084	0.01069	0.00773	0.07052	0.00676	0.00830	0.00536	0.00314	0.00336	0.00097	0.01555	0.00290	0.00187	0.11404
26	0.37397	0.00638	0.00691	0.00556	0.00800	0.00645	0.00459	0.06655	0.00859	0.46634	0.00964	0.00897	0.00638	0.00380	0.00290	0.00106	0.00286	0.00278	0.00333	0.00497
27	0.00473	0.00352	0.00436	0.00416	0.00500	0.00322	0.00309	0.00621	0.01785	0.01256	0.65180	0.03562	0.18735	0.04006	0.00454	0.00118	0.00172	0.00635	0.00358	0.00314
28	0.00762	0.00733	0.01264	0.37160	0.48105	0.00793	0.04289	0.00979	0.00741	0.01016	0.00631	0.00877	0.00506	0.00319	0.00343	0.00107	0.00434	0.00308	0.00162	0.00472
29	0.00825	0.00790	0.01349	0.11414	0.76702	0.00807	0.01039	0.01031	0.00769	0.01091	0.00640	0.00854	0.00532	0.00309	0.00339	0.00103	0.00412	0.00305	0.00167	0.00524
30	0.00453	0.00317	0.00411	0.00474	0.00509	0.00300	0.00334	0.00531	0.00680	0.00918	0.04558	0.60240	0.05640	0.06864	0.00516	0.00149	0.00218	0.11497	0.05109	0.00282
31	0.00891	0.35085	0.05918	0.00618	0.00911	0.11365	0.00562	0.02804	0.00762	0.03112	0.00570	0.00650	0.00478	0.00292	0.00255	0.00070	0.00359	0.00206	0.00183	0.34909
32	0.00432	0.00346	0.00376	0.00375	0.00471	0.00302	0.00276	0.00527	0.00789	0.00988	0.18877	0.04186	0.58927	0.08681	0.00527	0.00135	0.00190	0.02988	0.00319	0.00289
33	0.80019	0.00652	0.00537	0.00468	0.00686	0.00736	0.00386	0.01083	0.00628	0.11407	0.00578	0.00627	0.00426	0.00330	0.00227	0.00106	0.00268	0.00204	0.00236	0.00395
34	0.90395	0.00662	0.00503	0.00450	0.00662	0.00767	0.00370	0.01006	0.00582	0.01535	0.00476	0.00556	0.00370	0.00318	0.00212	0.00106	0.00265	0.00185	0.00212	0.00370
35	0.00804	0.00746	0.01133	0.46981	0.29763	0.05940	0.00937	0.02841	0.00763	0.04648	0.00649	0.00879	0.00503	0.00339	0.00350	0.00108	0.01693	0.00301	0.00175	0.00448
36	0.00532	0.00377	0.00460	0.00463	0.00488	0.00394	0.00305	0.01595	0.03332	0.02536	0.04960	0.27968	0.01561	0.46164	0.01155	0.00237	0.06327	0.00624	0.00255	0.00268
37	0.00427	0.00306	0.00401	0.00469	0.00496	0.00286	0.00317	0.00491	0.00666	0.00885	0.04652	0.74170	0.05683	0.05703	0.00505	0.00148	0.00207	0.03597	0.00313	0.00277
38	0.01085	0.04839	0.00937	0.03805	0.01034	0.43430	0.00623	0.06501	0.31924	0.01134	0.00864	0.00879	0.00671	0.00394	0.00322	0.00100	0.00459	0.00288	0.00247	0.00462
39	0.75626	0.00810	0.00581	0.00520	0.00727	0.13392	0.00418	0.02625	0.00658	0.01444	0.00490	0.00570	0.00385	0.00324	0.00228	0.00103	0.00318	0.00193	0.00209	0.00378
40	0.00451	0.00320	0.00434	0.00479	0.00512	0.00319	0.00334	0.00519	0.00633	0.00859	0.06472	0.51178	0.03370	0.08299	0.19153	0.04041	0.00367	0.01709	0.00276	0.00276
41	0.00426	0.00304	0.00406	0.00485	0.00508	0.00286	0.00331	0.00491	0.00661	0.00880	0.01870	0.81262	0.02230	0.02202	0.00456	0.00143	0.00208	0.06255	0.00316	0.00279
42	0.00750	0.00717	0.01226	0.42624	0.44718	0.00788	0.02334	0.00967	0.00734	0.01001	0.00627	0.00879	0.00501	0.00322	0.00341	0.00108	0.00433	0.00306	0.00161	0.00463
43	0.00690	0.03318	0.84693	0.00968	0.01470	0.00804	0.01252	0.01082	0.00722	0.01078	0.00611	0.00719	0.00433	0.00324	0.00323	0.00108	0.00503	0.00252	0.00144	0.00504
44	0.00658	0.00524	0.00616	0.00604	0.01840	0.00559	0.01162	0.01811	0.34870	0.02815	0.12525	0.14406	0.10921	0.00732	0.02058	0.00132	0.00260	0.12765	0.00333	0.00410
45	0.00420	0.00337	0.00374	0.00386	0.00477	0.00292	0.00281	0.00513	0.00786	0.00987	0.16542	0.19740	0.55906	0.00879	0.00410	0.00119	0.00176	0.00754	0.00327	0.00292
46	0.01300	0.00951	0.01014	0.00781	0.01052	0.02263	0.00644	0.79299	0.03081	0.04876	0.00845	0.00838	0.00597	0.00411	0.00342	0.00103	0.00375	0.00309	0.00343	0.00578
47	0.00493	0.00334	0.00393	0.00397	0.00404	0.00340	0.00236	0.00509	0.00510	0.00686	0.01094	0.05756	0.01245	0.75066	0.10867	0.00347	0.00389	0.00503	0.00209	0.00221
48	0.00671	0.00648	0.01024	0.83769	0.02305	0.04130	0.00939	0.00893	0.00695	0.00873	0.00605	0.00900	0.00455	0.00342	0.00341	0.00113	0.00462	0.00301	0.00153	0.00381
49	0.00733	0.00725	0.01018	0.00877	0.00881	0.01010	0.00729	0.00810	0.00525	0.00821	0.00477	0.00785	0.00474	0.00718	0.06316	0.00174	0.82102	0.00303	0.00152	0.00370
50	0.00485	0.00366	0.00542	0.00542	0.00605	0.00422	0.00421	0.00606	0.00559	0.00799	0.01016	0.01420	0.04186	0.02499	0.83238	0.00533	0.00887	0.00380	0.00189	0.00305
51	0.01128	0.37419	0.01310	0.00759	0.00983	0.51355	0.00630	0.01225	0.00856	0.00824	0.00507	0.00589	0.00440	0.00328	0.00272	0.00082	0.00513	0.00205	0.00164	0.00414
52	0.00479	0.00355	0.00452	0.00461	0.00544	0.00329	0.00361	0.00617	0.00869	0.01171	0.44932	0.09013	0.19109	0.00813	0.00421	0.00122	0.00200	0.19092	0.00347	0.00311
53	0.00880	0.00614	0.00731	0.00677	0.00842	0.00654	0.00567	0.22113	0.16548	0.08837	0.02701	0.02364	0.01371	0.00673	0.00405	0.00131	0.00318	0.38789	0.00338	0.00447
54	0.00898	0.66523	0.12641	0.00683	0.01001	0.01210	0.04850	0.01086	0.03884	0.03675	0.00567	0.00637	0.00478	0.00307	0.00251	0.00082	0.00388	0.00216	0.00164	0.00457
55	0.00712	0.11654	0.76550	0.00930	0.01412	0.00858	0.01186	0.01077	0.00719	0.01051	0.00598	0.00702	0.00434	0.00321	0.00313	0.00104	0.00490	0.00245	0.00145	0.00498
56	0.00828	0.00680	0.00750	0.00627	0.00858	0.00693	0.00494	0.04117	0.47952	0.04283	0.01125	0.02479	0.00881	0.00410	0.00320	0.00094	0.00269	0.02141	0.00300	0.30698
57	0.00494	0.00362	0.00417	0.00413	0.00507	0.00327	0.00305	0.02244	0.00791	0.04192	0.17064	0.14050	0.43885	0.07616	0.03300	0.00149	0.00223	0.03034	0.00319	0.00305
58	0.00417	0.00304	0.00393	0.00461	0.00493	0.00280	0.00312	0.00482	0.00675	0.00890	0.03879	0.76904	0.11170	0.01042	0.00432	0.00136	0.00195	0.00938	0.00319	0.00280
59	0.00473	0.00350	0.00425	0.00408	0.00501	0.00313	0.00306	0.00606	0.00896	0.02603	0.54741	0.06213	0.29385	0.00763	0.00404	0.00111	0.00169	0.00661	0.00356	0.00314
60	0.01269	0.01613	0.00965	0.00878	0.01054	0.84901	0.00659	0.01375	0.02644	0.00849	0.00546	0.00630	0.00453	0.00355	0.00309	0.00089	0.00610	0.00224	0.00180	0.00399
61	0.01032	0.02608	0.10714	0.04899	0.04436	0.37806	0.00720	0.03000	0.25514	0.03355	0.00824	0.00864	0.00634	0.00385	0.00337	0.00102	0.01789	0.00285	0.00230	0.00465
62	0.00413	0.00347	0.00359	0.00356	0.00468	0.00293	0.00267	0.00508	0.00801	0.00975	0.12768	0.03209	0.76371	0.00847	0.00404	0.00115	0.00172	0.00710	0.00324	0.00293
63	0.00847	0.00813	0.01388	0.02100	0.85844	0.00813	0.01050	0.01050	0.00779	0.01118	0.00643	0.00847	0.00542	0.00305	0.00339	0.00102	0.00406	0.00305	0.00169	0.00542
64	0.00700	0.04729	0.78593	0.00991	0.03823	0.00821	0.01220	0.01073	0.00718	0.01068	0.00605	0.00720	0.00437	0.00331	0.00343	0.00108	0.02820	0.00253	0.00145	0.00501
65	0.00947	0.00911	0.03888	0.06278	0.36002	0.04390	0.21171	0.17380	0.00954	0.03685	0.00702	0.00860	0.00541	0.00329	0.00354	0.00106	0.00453	0.00325	0.00210	0.00515
66	0.00823	0.00569	0.00612	0.00545	0.00700	0.00621	0.00425	0.09701	0.35368	0.05675	0.08846	0.01340	0.01126	0.00455	0.00314	0.00101	0.00234	0.00374	0.31723	0.00450
67	0.00618	0.00368	0.00408	0.00415	0.00493	0.00372	0.00308	0.05967	0.02806	0.01205	0.02236	0.23177	0.01956	0.02515	0.00346	0.00107	0.00197	0.04772	0.51405	0.00328
68	0.00495	0.00340	0.00416	0.00416	0.00431	0.00355	0.00261	0.00525	0.00510	0.00695	0.01038	0.02020	0.01149	0.67107	0.22483	0.00385	0.00474	0.00465	0.00201	0.00231
69	0.00482	0.00352	0.00459	0.00467	0.00544	0.00329	0.00362	0.00624	0.00879	0.01203	0.51509	0.12498	0.10847	0.00807	0.00421	0.00122	0.00197	0.17235	0.00352	0.00313
70	0.01313	0.03549	0.00910	0.00679	0.00945	0.00777	0.00561	0.34258	0.08461	0.37834	0.01072	0.00991	0.00726	0.00407	0.00334	0.00101	0.00323	0.00320	0.00363	0.06077

[dist]
# distance from previous block
# <min> <max>
0	1

[block]
# block no. 5 follows, 82 sequences, length 10
# corresponding to MSA columns:
# 1159-1168
name=unknown_F
#
# <colnr> <probs for GDERKNQSTAVLIFYWHMCP>
#	G	D	E	R	K	N	Q	S	T	A	V	L	I	F	Y	W	H	M	C	P
0	0.00850	0.07315	0.06673	0.00892	0.09355	0.05241	0.11311	0.09193	0.15571	0.05417	0.13345	0.03427	0.03023	0.00454	0.00351	0.00105	0.00355	0.02627	0.00270	0.04226
1	0.01145	0.39414	0.01337	0.00700	0.00966	0.15165	0.00612	0.27986	0.01054	0.07660	0.00661	0.00694	0.00516	0.00350	0.00283	0.00088	0.00405	0.00241	0.00235	0.00489
2	0.00492	0.00352	0.00476	0.00476	0.00512	0.00388	0.00336	0.00564	0.00528	0.00740	0.00984	0.01717	0.01017	0.38194	0.51216	0.00459	0.00672	0.00421	0.00193	0.00264
3	0.03440	0.06184	0.10737	0.00775	0.05203	0.23502	0.05675	0.00996	0.01832	0.04064	0.00815	0.01191	0.02408	0.21159	0.03999	0.00168	0.00459	0.01291	0.00196	0.05906
4	0.00887	0.16560	0.15293	0.01295	0.25945	0.05043	0.19186	0.02713	0.00796	0.06253	0.00686	0.02598	0.00551	0.00330	0.00330	0.00101	0.00451	0.00308	0.00184	0.00491
5	0.01092	0.14402	0.04182	0.00692	0.00940	0.02207	0.00600	0.36459	0.10340	0.12174	0.04237	0.01170	0.02329	0.00447	0.00332	0.00103	0.00341	0.05447	0.01991	0.00513
6	0.00454	0.00319	0.00400	0.00444	0.00468	0.00305	0.00293	0.00507	0.00635	0.00846	0.06840	0.46937	0.05021	0.29272	0.00859	0.00200	0.00245	0.05410	0.00285	0.00260
7	0.04004	0.04910	0.06082	0.06305	0.28626	0.06336	0.16677	0.08219	0.00846	0.07089	0.00716	0.03111	0.00575	0.00360	0.00380	0.00107	0.04642	0.00326	0.00204	0.00487
8	0.00920	0.05193	0.03120	0.06352	0.14797	0.20897	0.05857	0.07896	0.05097	0.03937	0.01829	0.04996	0.06052	0.00449	0.00387	0.00106	0.05714	0.02404	0.03560	0.00437
9	0.00766	0.00649	0.01011	0.13034	0.36147	0.02884	0.03879	0.00941	0.00775	0.07456	0.04406	0.04518	0.08822	0.00592	0.05675	0.00137	0.00397	0.04884	0.02584	0.00441

[dist]
# distance from previous block
# <min> <max>
0	25

[block]
# block no. 6 follows, 82 sequences, length 8
# corresponding to MSA columns:
# 1304-1311
name=unknown_G
#
# <colnr> <probs for GDERKNQSTAVLIFYWHMCP>
#	G	D	E	R	K	N	Q	S	T	A	V	L	I	F	Y	W	H	M	C	P
0	0.00740	0.03920	0.05495	0.00757	0.06158	0.05953	0.01851	0.03212	0.16864	0.04592	0.04440	0.15690	0.05684	0.00825	0.10271	0.00168	0.10421	0.02290	0.00260	0.00411
1	0.03354	0.00705	0.03949	0.04853	0.08988	0.00681	0.03885	0.19360	0.07657	0.14353	0.08876	0.01442	0.06908	0.00477	0.00352	0.00107	0.00322	0.05891	0.01722	0.06118
2	0.00573	0.00375	0.00455	0.02358	0.03685	0.00363	0.00340	0.00740	0.04199	0.03693	0.20678	0.17151	0.13967	0.00652	0.00349	0.00106	0.00193	0.00564	0.29224	0.00335
3	0.00821	0.14436	0.51068	0.00957	0.01368	0.09682	0.11333	0.04568	0.00791	0.01063	0.00603	0.00714	0.00452	0.00322	0.00318	0.00102	0.00500	0.00260	0.00160	0.00482
4	0.00491	0.00357	0.00499	0.00499	0.00543	0.00400	0.00365	0.00578	0.00535	0.00757	0.00962	0.01599	0.00966	0.26971	0.62369	0.00487	0.00749	0.00404	0.00190	0.00277
5	0.00531	0.00360	0.00458	0.00432	0.00525	0.00326	0.00324	0.00674	0.00923	0.06326	0.63802	0.07938	0.14629	0.00730	0.00402	0.00111	0.00173	0.00639	0.00367	0.00331
6	0.00417	0.00298	0.00397	0.00476	0.00496	0.00278	0.00318	0.00476	0.00655	0.00873	0.01885	0.87755	0.02262	0.01072	0.00437	0.00139	0.00198	0.00972	0.00318	0.00278
7	0.00709	0.00608	0.00709	0.00507	0.00811	0.00456	0.00405	0.00861	0.00709	0.01115	0.00608	0.00709	0.00507	0.00253	0.00253	0.00051	0.00253	0.00203	0.00203	0.90069

[dist]
# distance from previous block
# <min> <max>
0	4

[block]
# block no. 7 follows, 82 sequences, length 7
# corresponding to MSA columns:
# 1329-1335
name=unknown_H
#
# <colnr> <probs for GDERKNQSTAVLIFYWHMCP>
#	G	D	E	R	K	N	Q	S	T	A	V	L	I	F	Y	W	H	M	C	P
0	0.00865	0.61183	0.01473	0.09928	0.00992	0.08076	0.00585	0.00973	0.00692	0.00798	0.00566	0.00796	0.00537	0.10817	0.00422	0.00110	0.00392	0.00237	0.00157	0.00401
1	0.00659	0.00468	0.00520	0.00496	0.00553	0.06126	0.00345	0.00712	0.00621	0.09958	0.01215	0.12107	0.04819	0.41465	0.13877	0.00282	0.04743	0.00500	0.00240	0.00295
2	0.11579	0.00801	0.01171	0.05922	0.32308	0.04420	0.12851	0.05571	0.09907	0.01202	0.00847	0.02483	0.04256	0.00383	0.00377	0.00109	0.04789	0.00339	0.00211	0.00473
3	0.01016	0.08890	0.00912	0.00692	0.00911	0.03382	0.00558	0.18106	0.46074	0.10615	0.01183	0.04326	0.00903	0.00453	0.00337	0.00108	0.00310	0.00365	0.00330	0.00530
4	0.05809	0.09716	0.00992	0.00731	0.00943	0.01001	0.00603	0.33247	0.29986	0.01577	0.00919	0.00927	0.00698	0.00435	0.00418	0.00110	0.10762	0.00315	0.00294	0.00517
5	0.10459	0.00659	0.00642	0.00604	0.02908	0.08960	0.00438	0.11010	0.14842	0.03123	0.02394	0.03180	0.06179	0.24705	0.05202	0.00194	0.00363	0.03498	0.00262	0.00378
6	0.00610	0.00559	0.04367	0.02522	0.08315	0.00520	0.05308	0.00882	0.14717	0.03637	0.03819	0.18679	0.25415	0.00787	0.04696	0.00141	0.01794	0.02562	0.00285	0.00385

[dist]
# distance from previous block
# <min> <max>
11	50

[block]
# block no. 8 follows, 82 sequences, length 25
# corresponding to MSA columns:
# 1725-1749
name=unknown_I
#
# <colnr> <probs for GDERKNQSTAVLIFYWHMCP>
#	G	D	E	R	K	N	Q	S	T	A	V	L	I	F	Y	W	H	M	C	P
0	0.07147	0.44135	0.09680	0.00716	0.00982	0.17371	0.02470	0.03628	0.02315	0.02716	0.00548	0.00633	0.00460	0.00337	0.00313	0.00090	0.05630	0.00220	0.00172	0.00438
1	0.01037	0.06240	0.00892	0.05865	0.00963	0.00688	0.04911	0.18264	0.08091	0.25935	0.08181	0.10201	0.02101	0.00515	0.00356	0.00110	0.00313	0.03038	0.01816	0.00482
2	0.00819	0.00881	0.01896	0.01365	0.01693	0.00824	0.77420	0.01091	0.00808	0.04534	0.00772	0.04816	0.00610	0.00329	0.00403	0.00116	0.00548	0.00427	0.00190	0.00458
3	0.00738	0.00583	0.00633	0.00561	0.00719	0.00616	0.00435	0.19951	0.23210	0.01387	0.12952	0.09630	0.24659	0.01858	0.00397	0.00117	0.00248	0.00546	0.00337	0.00424
4	0.00417	0.00313	0.00388	0.00442	0.00489	0.00283	0.00304	0.00489	0.00703	0.00913	0.06943	0.62302	0.22770	0.01001	0.00427	0.00131	0.00190	0.00891	0.00321	0.00283
5	0.00844	0.00764	0.02784	0.06353	0.33214	0.04070	0.02479	0.05974	0.20868	0.04749	0.05671	0.06042	0.03792	0.00442	0.00353	0.00109	0.00351	0.00393	0.00256	0.00493
6	0.00417	0.00298	0.00397	0.00476	0.00496	0.00278	0.00318	0.00476	0.00655	0.00873	0.01885	0.87755	0.02262	0.01072	0.00437	0.00139	0.00198	0.00972	0.00318	0.00278
7	0.05641	0.00666	0.04436	0.06359	0.07168	0.00691	0.03448	0.10341	0.19695	0.03861	0.01014	0.02087	0.02342	0.05402	0.22869	0.00237	0.01433	0.01629	0.00248	0.00433
8	0.00962	0.76970	0.01689	0.00619	0.00901	0.08658	0.00595	0.04684	0.00758	0.00866	0.00495	0.00566	0.00445	0.00303	0.00232	0.00076	0.00388	0.00192	0.00157	0.00442
9	0.00686	0.01769	0.86206	0.00975	0.01481	0.00794	0.01264	0.01083	0.00722	0.01083	0.00614	0.00722	0.00433	0.00325	0.00325	0.00108	0.00506	0.00253	0.00144	0.00506
10	0.00568	0.00503	0.00809	0.57254	0.01714	0.00595	0.00731	0.00740	0.00682	0.00883	0.02432	0.27676	0.02892	0.00583	0.00373	0.00122	0.00366	0.00523	0.00210	0.00346
11	0.00491	0.00333	0.00371	0.00371	0.00379	0.00329	0.00211	0.00497	0.00516	0.00680	0.01231	0.02306	0.06675	0.82377	0.01655	0.00318	0.00321	0.00512	0.00214	0.00213
12	0.01125	0.00804	0.00929	0.00749	0.00987	0.00873	0.04226	0.39717	0.27350	0.12945	0.02394	0.02900	0.00860	0.00452	0.00352	0.00110	0.00333	0.01998	0.00347	0.00549
13	0.02421	0.00374	0.00446	0.00427	0.00525	0.00349	0.00324	0.00666	0.04672	0.01246	0.55123	0.02697	0.25206	0.00734	0.00399	0.00112	0.00177	0.03425	0.00354	0.00324
14	0.00713	0.00612	0.00711	0.00512	0.00813	0.00467	0.00409	0.00888	0.03106	0.01124	0.00630	0.00725	0.00522	0.00259	0.00256	0.00053	0.00254	0.00208	0.00207	0.87530
15	0.00686	0.01769	0.86206	0.00975	0.01481	0.00794	0.01264	0.01083	0.00722	0.01083	0.00614	0.00722	0.00433	0.00325	0.00325	0.00108	0.00506	0.00253	0.00144	0.00506
16	0.02331	0.00623	0.00694	0.00618	0.00785	0.00674	0.00479	0.15428	0.34938	0.08859	0.08492	0.17970	0.04209	0.00598	0.00367	0.00116	0.00262	0.00509	0.01581	0.00468
17	0.00453	0.00323	0.00398	0.00431	0.00458	0.00315	0.00281	0.00500	0.00599	0.00792	0.01657	0.36881	0.11158	0.33934	0.10027	0.00252	0.00322	0.00701	0.00262	0.00255
18	0.00488	0.00338	0.00398	0.00398	0.00417	0.00343	0.00245	0.00514	0.00529	0.00705	0.01257	0.02193	0.08390	0.67581	0.14513	0.00346	0.00407	0.00497	0.00213	0.00229
19	0.00790	0.05187	0.01064	0.06922	0.01013	0.07311	0.03198	0.03503	0.00619	0.00870	0.00525	0.00825	0.00498	0.04134	0.03371	0.00155	0.59173	0.00301	0.00162	0.00380
20	0.00739	0.00607	0.00712	0.00510	0.00813	0.00458	0.00409	0.00891	0.00719	0.04219	0.00635	0.00726	0.00519	0.00260	0.00257	0.00053	0.00255	0.00208	0.00211	0.86800
21	0.00756	0.04768	0.67736	0.00966	0.01413	0.00852	0.05500	0.08248	0.00793	0.01155	0.00624	0.00736	0.00451	0.00341	0.00361	0.00109	0.04261	0.00265	0.00163	0.00502
22	0.00490	0.06027	0.00516	0.00477	0.03986	0.03095	0.00344	0.00584	0.00768	0.00925	0.03961	0.12990	0.59895	0.00816	0.00393	0.00116	0.00217	0.03790	0.00297	0.00312
23	0.00936	0.00546	0.00642	0.00540	0.00726	0.00524	0.00433	0.17238	0.03119	0.25705	0.10280	0.04494	0.26388	0.00617	0.00372	0.00110	0.00255	0.03570	0.01842	0.01664
24	0.15337	0.03744	0.01935	0.05577	0.05445	0.09812	0.23398	0.06044	0.02045	0.01096	0.00768	0.04725	0.00706	0.17228	0.00603	0.00151	0.00427	0.00365	0.00203	0.00391

[dist]
# distance from previous block
# <min> <max>
2	17

[block]
# block no. 9 follows, 82 sequences, length 8
# corresponding to MSA columns:
# 1929-1936
name=unknown_J
#
# <colnr> <probs for GDERKNQSTAVLIFYWHMCP>
#	G	D	E	R	K	N	Q	S	T	A	V	L	I	F	Y	W	H	M	C	P
0	0.00845	0.00687	0.00997	0.03955	0.24739	0.00674	0.06701	0.06043	0.09944	0.09039	0.01110	0.01178	0.09837	0.00403	0.00357	0.00098	0.02999	0.00351	0.03044	0.16997
1	0.38341	0.00832	0.00742	0.00741	0.09985	0.14919	0.00523	0.10011	0.02725	0.07467	0.00946	0.00981	0.09690	0.00402	0.00289	0.00103	0.00342	0.00291	0.00245	0.00426
2	0.08759	0.00494	0.00457	0.00473	0.00562	0.09669	0.00342	0.00638	0.00744	0.00982	0.08149	0.37464	0.28367	0.00833	0.00390	0.00121	0.00239	0.00714	0.00297	0.00306
3	0.00578	0.00602	0.09761	0.00528	0.00702	0.00488	0.00456	0.00913	0.20179	0.01127	0.10993	0.11350	0.29936	0.00658	0.00369	0.00111	0.00238	0.00558	0.03608	0.06845
4	0.00785	0.22013	0.22390	0.00792	0.07356	0.00824	0.03037	0.02698	0.11079	0.03967	0.08599	0.03717	0.00897	0.00402	0.00308	0.00098	0.00350	0.00328	0.09904	0.00455
5	0.00730	0.10024	0.00801	0.00708	0.08514	0.00656	0.00501	0.01108	0.26478	0.06417	0.16543	0.18961	0.04145	0.00609	0.00379	0.00113	0.02052	0.00523	0.00308	0.00429
6	0.00500	0.00439	0.00586	0.00524	0.00655	0.00405	0.09411	0.00695	0.08532	0.01038	0.12938	0.13380	0.48057	0.00772	0.00403	0.00118	0.00227	0.00676	0.00312	0.00333
7	0.00643	0.00576	0.00711	0.00688	0.05426	0.09735	0.07951	0.00776	0.00835	0.04212	0.28035	0.20276	0.12313	0.00697	0.00419	0.00116	0.03001	0.02940	0.00298	0.00352

[dist]
# distance from previous block
# <min> <max>
0	1

[block]
# block no. 10 follows, 82 sequences, length 20
# corresponding to MSA columns:
# 1938-1957
name=unknown_K
#
# <colnr> <probs for GDERKNQSTAVLIFYWHMCP>
#	G	D	E	R	K	N	Q	S	T	A	V	L	I	F	Y	W	H	M	C	P
0	0.07852	0.14158	0.45240	0.00875	0.02365	0.00853	0.09322	0.04937	0.00742	0.02142	0.00648	0.00841	0.00519	0.07601	0.00427	0.00122	0.00449	0.00277	0.00171	0.00461
