[name]
unknown

[dist]
# distance from previous block
# <min> <max>
0	26

[block]
# block no. 0 follows, 81 sequences, length 7
# corresponding to MSA columns:
# 32-38
name=unknown_A
#
# <colnr> <probs for GDERKNQSTAVLIFYWHMCP>
#	G	D	E	R	K	N	Q	S	T	A	V	L	I	F	Y	W	H	M	C	P
0	0.00637	0.01877	0.00685	0.02912	0.02391	0.01878	0.00493	0.05570	0.04488	0.02090	0.05680	0.12963	0.08393	0.03048	0.24135	0.00245	0.12698	0.03758	0.00245	0.05814
1	0.00588	0.02720	0.02294	0.03213	0.06752	0.00492	0.02096	0.03824	0.02633	0.01036	0.11551	0.23491	0.12616	0.08352	0.03973	0.00150	0.03737	0.00580	0.00269	0.09632
2	0.00614	0.09273	0.05835	0.10986	0.12326	0.00600	0.00594	0.00814	0.06545	0.00992	0.04018	0.26701	0.13820	0.00660	0.00372	0.00116	0.00299	0.02583	0.00254	0.02598
3	0.00861	0.33616	0.13479	0.08804	0.08738	0.04079	0.02242	0.04299	0.00768	0.05663	0.00727	0.07293	0.00649	0.02983	0.00341	0.00101	0.00392	0.00307	0.00192	0.04462
4	0.00837	0.29128	0.18278	0.00729	0.03959	0.05138	0.00692	0.03956	0.05720	0.05566	0.06946	0.01148	0.03264	0.02927	0.04640	0.00126	0.00404	0.03845	0.00217	0.02481
5	0.00714	0.07152	0.02398	0.02019	0.02695	0.00586	0.03886	0.03103	0.04084	0.04262	0.10098	0.02702	0.03282	0.08098	0.08834	0.00152	0.03741	0.00350	0.00235	0.31610
6	0.05056	0.04275	0.03672	0.00599	0.02630	0.00551	0.02981	0.04915	0.02969	0.17470	0.07539	0.05326	0.10527	0.03423	0.00374	0.00100	0.00281	0.00387	0.00284	0.26640

[dist]
# distance from previous block
# <min> <max>
13	17

[block]
# block no. 1 follows, 81 sequences, length 17
# corresponding to MSA columns:
# 56-72
name=unknown_B
#
# <colnr> <probs for GDERKNQSTAVLIFYWHMCP>
#	G	D	E	R	K	N	Q	S	T	A	V	L	I	F	Y	W	H	M	C	P
0	0.01927	0.00488	0.00566	0.00512	0.00638	0.01831	0.00392	0.08060	0.10851	0.06888	0.48229	0.07517	0.09402	0.00662	0.00390	0.00111	0.00215	0.00571	0.00363	0.00387
1	0.00739	0.00617	0.00728	0.02641	0.00861	0.00481	0.00429	0.00918	0.03169	0.03168	0.00655	0.00749	0.00534	0.00268	0.00263	0.00056	0.00262	0.00216	0.00213	0.83032
2	0.00408	0.00350	0.00350	0.00350	0.00467	0.00292	0.00262	0.00496	0.00787	0.00933	0.03500	0.03325	0.85564	0.00875	0.00408	0.00117	0.00175	0.00729	0.00321	0.00292
3	0.06249	0.00565	0.00743	0.00582	0.00826	0.00502	0.00478	0.01537	0.00958	0.71925	0.08065	0.01259	0.01023	0.00443	0.00342	0.00106	0.00278	0.00360	0.03212	0.00547
4	0.00419	0.00344	0.00370	0.00384	0.00483	0.00295	0.00285	0.00509	0.00778	0.00952	0.07351	0.15962	0.66011	0.00900	0.00416	0.00121	0.00183	0.03619	0.00324	0.00293
5	0.00924	0.88067	0.01810	0.00591	0.00887	0.01367	0.00591	0.01034	0.00702	0.00813	0.00480	0.00554	0.00443	0.00296	0.00222	0.00074	0.00369	0.00185	0.00148	0.00443
6	0.00471	0.00328	0.00379	0.00399	0.00418	0.00316	0.00243	0.00496	0.00575	0.00753	0.01574	0.23305	0.11507	0.56281	0.01275	0.00261	0.00283	0.00647	0.00250	0.00237
7	0.90299	0.00668	0.00508	0.00454	0.00668	0.00775	0.00374	0.01015	0.00588	0.01550	0.00481	0.00561	0.00374	0.00321	0.00214	0.00107	0.00267	0.00187	0.00214	0.00374
8	0.03062	0.00824	0.00948	0.09498	0.05601	0.00919	0.00656	0.41448	0.24182	0.05841	0.00980	0.00986	0.00715	0.00415	0.00342	0.00108	0.00349	0.00331	0.02251	0.00543
9	0.02714	0.02382	0.00899	0.00731	0.00921	0.06430	0.00593	0.42882	0.07016	0.02650	0.00846	0.00991	0.00673	0.00847	0.16027	0.02270	0.07483	0.01582	0.01586	0.00480
10	0.03397	0.02282	0.14857	0.03755	0.08774	0.09913	0.10362	0.20729	0.13642	0.01369	0.00857	0.03221	0.00685	0.00439	0.01685	0.00116	0.00438	0.02738	0.00245	0.00497
11	0.00533	0.00397	0.00481	0.00483	0.00559	0.00395	0.00353	0.00749	0.13067	0.01096	0.27320	0.19698	0.11936	0.09270	0.00601	0.05773	0.00224	0.06421	0.00322	0.00322
12	0.00693	0.00656	0.01110	0.69829	0.19258	0.00778	0.00980	0.00919	0.00710	0.00932	0.00621	0.00908	0.00478	0.00338	0.00345	0.00113	0.00450	0.00307	0.00157	0.00417
13	0.01054	0.00481	0.00623	0.00514	0.00706	0.00418	0.00412	0.01184	0.00941	0.47754	0.20815	0.01976	0.20458	0.00591	0.00375	0.00109	0.00238	0.00496	0.00393	0.00462
14	0.90299	0.00668	0.00508	0.00454	0.00668	0.00775	0.00374	0.01015	0.00588	0.01550	0.00481	0.00561	0.00374	0.00321	0.00214	0.00107	0.00267	0.00187	0.00214	0.00374
15	0.00462	0.00335	0.00451	0.00489	0.00529	0.00341	0.00349	0.00543	0.00633	0.00857	0.04415	0.39024	0.06232	0.12632	0.26785	0.00290	0.00441	0.04640	0.00267	0.00284
16	0.04761	0.00649	0.02562	0.00619	0.00810	0.00672	0.00497	0.04871	0.41310	0.15499	0.20270	0.01545	0.03414	0.00513	0.00358	0.00112	0.00259	0.00429	0.00359	0.00492

[dist]
# distance from previous block
# <min> <max>
1	2

[block]
# block no. 2 follows, 81 sequences, length 22
# corresponding to MSA columns:
# 75-96
name=unknown_C
#
# <colnr> <probs for GDERKNQSTAVLIFYWHMCP>
#	G	D	E	R	K	N	Q	S	T	A	V	L	I	F	Y	W	H	M	C	P
0	0.02516	0.14538	0.06892	0.02229	0.09852	0.09434	0.03859	0.17094	0.07318	0.12971	0.00880	0.01780	0.02737	0.00380	0.00319	0.00097	0.00387	0.00301	0.00257	0.06157
1	0.03577	0.18743	0.18406	0.03199	0.08166	0.02962	0.03117	0.10725	0.11067	0.03871	0.03858	0.06162	0.01560	0.00430	0.00326	0.00105	0.00380	0.02633	0.00234	0.00477
2	0.00735	0.00612	0.00730	0.00556	0.03065	0.00467	0.00427	0.00887	0.00724	0.03266	0.00661	0.02578	0.00559	0.00279	0.00264	0.00056	0.00260	0.00228	0.00212	0.83433
3	0.01123	0.00962	0.00879	0.03437	0.01844	0.22172	0.00591	0.29339	0.10095	0.09489	0.00924	0.04566	0.00745	0.05401	0.02962	0.00130	0.01704	0.00341	0.02820	0.00477
4	0.00879	0.00922	0.00861	0.00783	0.00868	0.26602	0.00613	0.07657	0.00793	0.00962	0.00880	0.17940	0.00918	0.01969	0.01729	0.00135	0.30124	0.04771	0.00218	0.00376
5	0.00623	0.00526	0.00605	0.01917	0.04182	0.06652	0.02872	0.02265	0.05469	0.03865	0.44091	0.02324	0.21945	0.00660	0.00391	0.00110	0.00240	0.00569	0.00333	0.00362
6	0.00502	0.00337	0.00387	0.00387	0.00391	0.00341	0.00222	0.00509	0.00505	0.00678	0.01079	0.02207	0.01233	0.82831	0.06755	0.00348	0.00370	0.00495	0.00208	0.00215
7	0.00751	0.00620	0.00723	0.00527	0.00824	0.00486	0.00421	0.02360	0.04059	0.03513	0.00687	0.01922	0.00568	0.00283	0.00266	0.00057	0.00259	0.00228	0.00221	0.81226
8	0.04870	0.01062	0.00888	0.00767	0.00978	0.27448	0.00599	0.19716	0.33615	0.05049	0.00969	0.00947	0.00726	0.00414	0.00332	0.00105	0.00406	0.00311	0.00294	0.00505
9	0.00570	0.00464	0.00684	0.16963	0.07949	0.00471	0.03133	0.00735	0.02510	0.03202	0.21611	0.18255	0.17292	0.00693	0.00397	0.00119	0.00274	0.04035	0.00290	0.00355
10	0.00545	0.00411	0.00491	0.00490	0.00583	0.00406	0.00365	0.04386	0.09606	0.02365	0.19238	0.26593	0.21371	0.02052	0.06064	0.00154	0.00258	0.03953	0.00328	0.00341
11	0.03964	0.00778	0.00880	0.00698	0.00946	0.00824	0.00569	0.39655	0.15267	0.26583	0.05381	0.01089	0.00873	0.00439	0.00346	0.00107	0.00323	0.00347	0.00368	0.00561
12	0.00733	0.00698	0.01173	0.50948	0.33172	0.00803	0.00986	0.00946	0.00718	0.00971	0.00619	0.00888	0.00492	0.00345	0.00386	0.00112	0.05099	0.00307	0.00160	0.00444
13	0.00545	0.00411	0.00574	0.00554	0.00603	0.00479	0.00419	0.02864	0.00587	0.00836	0.04410	0.02667	0.00992	0.16476	0.53686	0.04266	0.08732	0.00400	0.00199	0.00299
14	0.00685	0.00647	0.01094	0.73565	0.15592	0.00776	0.00975	0.00911	0.00706	0.00922	0.00620	0.00911	0.00474	0.00339	0.00345	0.00113	0.00453	0.00307	0.00156	0.00410
15	0.00889	0.77126	0.10040	0.00629	0.00939	0.01285	0.00654	0.01028	0.00700	0.00840	0.00507	0.00594	0.00455	0.00364	0.02670	0.00091	0.00399	0.00197	0.00149	0.00446
16	0.00663	0.00625	0.01056	0.82471	0.06852	0.00770	0.00965	0.00892	0.00696	0.00896	0.00616	0.00917	0.00465	0.00343	0.00345	0.00114	0.00458	0.00307	0.00154	0.00393
17	0.00820	0.00779	0.01309	0.10424	0.71424	0.00796	0.01005	0.01048	0.03263	0.01124	0.04184	0.00946	0.00666	0.00333	0.00345	0.00105	0.00401	0.00323	0.00183	0.00522
18	0.02060	0.00554	0.00629	0.02943	0.04267	0.06310	0.00457	0.06650	0.06125	0.13406	0.07694	0.33730	0.10404	0.00739	0.00391	0.00121	0.00274	0.02534	0.00322	0.00392
19	0.04158	0.01105	0.01030	0.00928	0.06625	0.35893	0.09941	0.13129	0.02292	0.07610	0.00836	0.08343	0.00725	0.00437	0.00344	0.00103	0.00471	0.02810	0.00241	0.02978
20	0.03512	0.00731	0.01184	0.21070	0.44536	0.02027	0.05053	0.01034	0.04042	0.03721	0.07830	0.01040	0.00781	0.00391	0.01507	0.00113	0.00406	0.00340	0.00201	0.00478
21	0.00951	0.00786	0.00793	0.00696	0.00896	0.09302	0.00550	0.08686	0.45787	0.08750	0.01216	0.01325	0.00955	0.00573	0.04554	0.00132	0.00353	0.06383	0.00319	0.06994

[dist]
# distance from previous block
# <min> <max>
0	4

[block]
# block no. 3 follows, 81 sequences, length 13
# corresponding to MSA columns:
# 101-113
name=unknown_D
#
# <colnr> <probs for GDERKNQSTAVLIFYWHMCP>
#	G	D	E	R	K	N	Q	S	T	A	V	L	I	F	Y	W	H	M	C	P
0	0.00570	0.00402	0.00525	0.00534	0.00591	0.00421	0.00392	0.05456	0.00704	0.04466	0.02868	0.39558	0.04276	0.11667	0.15202	0.00231	0.05279	0.06260	0.00281	0.00316
1	0.00855	0.00727	0.00759	0.00677	0.00862	0.03467	0.00526	0.06291	0.62114	0.03060	0.03195	0.06296	0.04504	0.00514	0.00368	0.00115	0.01697	0.00426	0.00337	0.03209
2	0.00488	0.00344	0.00406	0.00433	0.00471	0.00337	0.00287	0.00579	0.04127	0.00859	0.01691	0.31260	0.11816	0.33475	0.03647	0.00219	0.00275	0.03266	0.05748	0.00271
3	0.00539	0.00371	0.00442	0.00417	0.00522	0.00335	0.00315	0.00690	0.02540	0.06124	0.46085	0.04198	0.29583	0.00730	0.00394	0.00110	0.00177	0.00627	0.05467	0.00333
4	0.90299	0.00668	0.00508	0.00454	0.00668	0.00775	0.00374	0.01015	0.00588	0.01550	0.00481	0.00561	0.00374	0.00321	0.00214	0.00107	0.00267	0.00187	0.00214	0.00374
5	0.01112	0.01331	0.00954	0.03357	0.07360	0.60863	0.00673	0.03433	0.00901	0.00896	0.00608	0.00764	0.00518	0.00684	0.12849	0.00160	0.02696	0.00257	0.00182	0.00402
6	0.00933	0.78124	0.06577	0.00625	0.00932	0.01318	0.00634	0.05848	0.00757	0.00907	0.00508	0.00580	0.00451	0.00304	0.00235	0.00078	0.00378	0.00196	0.00159	0.00455
7	0.00655	0.00495	0.00548	0.00512	0.00631	0.04016	0.00391	0.00963	0.17823	0.06152	0.39970	0.07024	0.11141	0.00660	0.00385	0.00112	0.00220	0.03165	0.04755	0.00382
8	0.03166	0.01834	0.00576	0.00545	0.00617	0.09054	0.00395	0.06975	0.00683	0.00904	0.01059	0.17553	0.01118	0.20646	0.27543	0.05796	0.00522	0.00483	0.00225	0.00306
9	0.02138	0.00414	0.00561	0.16804	0.00892	0.00434	0.00460	0.04192	0.02395	0.01001	0.07848	0.48167	0.07918	0.02580	0.00435	0.00133	0.00261	0.02752	0.00291	0.00324
10	0.00903	0.67893	0.16695	0.00678	0.01005	0.06077	0.00717	0.01064	0.00722	0.00864	0.00508	0.00589	0.00442	0.00305	0.00246	0.00081	0.00409	0.00199	0.00149	0.00453
11	0.03326	0.00850	0.01136	0.00856	0.01137	0.06239	0.19740	0.27114	0.01079	0.16260	0.00852	0.02547	0.00630	0.00402	0.01631	0.00105	0.00408	0.00327	0.00281	0.15078
12	0.09015	0.00751	0.00870	0.00700	0.00931	0.03041	0.05359	0.27167	0.13458	0.20607	0.06677	0.04727	0.03049	0.00465	0.00346	0.00108	0.00325	0.00381	0.00338	0.01686

[dist]
# distance from previous block
# <min> <max>
0	4

[block]
# block no. 4 follows, 81 sequences, length 33
# corresponding to MSA columns:
# 118-150
name=unknown_E
#
# <colnr> <probs for GDERKNQSTAVLIFYWHMCP>
#	G	D	E	R	K	N	Q	S	T	A	V	L	I	F	Y	W	H	M	C	P
0	0.00649	0.00461	0.00523	0.00495	0.00602	0.02626	0.00367	0.05883	0.07368	0.08193	0.23900	0.20130	0.17399	0.08322	0.00517	0.00137	0.00234	0.01503	0.00336	0.00357
1	0.00710	0.00666	0.01125	0.51587	0.30690	0.00761	0.00954	0.00923	0.00713	0.00961	0.00649	0.00931	0.00520	0.00500	0.06779	0.00144	0.00478	0.00312	0.00162	0.00434
2	0.03763	0.00844	0.01028	0.00883	0.07358	0.01758	0.07328	0.45257	0.11448	0.08096	0.03418	0.03657	0.02674	0.00440	0.00353	0.00108	0.00362	0.00365	0.00320	0.00538
3	0.05601	0.07509	0.01403	0.01013	0.01286	0.14173	0.32333	0.16265	0.09579	0.04465	0.00761	0.00860	0.00575	0.00355	0.00365	0.00107	0.02307	0.00327	0.00233	0.00482
4	0.01095	0.00625	0.00742	0.00615	0.00823	0.00619	0.00500	0.25183	0.03818	0.30778	0.04427	0.05516	0.15388	0.00585	0.00375	0.00114	0.00292	0.07648	0.00368	0.00491
5	0.00774	0.00738	0.01256	0.35947	0.52509	0.00800	0.01020	0.00989	0.00748	0.01031	0.00636	0.00881	0.00513	0.00323	0.00343	0.00108	0.00430	0.00307	0.00164	0.00482
6	0.02315	0.00935	0.00960	0.02693	0.01049	0.06111	0.00629	0.55606	0.19795	0.02848	0.00930	0.00918	0.00677	0.00417	0.00341	0.00105	0.00368	0.00319	0.00329	0.02656
7	0.00769	0.00615	0.00721	0.00520	0.00820	0.00474	0.00417	0.02868	0.00754	0.05753	0.00722	0.00800	0.02368	0.00282	0.00266	0.00057	0.00259	0.00226	0.00223	0.81085
8	0.00499	0.00347	0.00437	0.00437	0.00458	0.00368	0.00285	0.00541	0.00520	0.00715	0.01033	0.01954	0.01123	0.58958	0.30478	0.00410	0.00535	0.00458	0.00201	0.00243
9	0.00911	0.78813	0.04400	0.00612	0.00907	0.01311	0.00609	0.01096	0.07006	0.00869	0.00554	0.00615	0.00489	0.00310	0.00235	0.00078	0.00367	0.00202	0.00163	0.00453
10	0.81315	0.07222	0.00617	0.00476	0.00695	0.03041	0.00398	0.01026	0.00607	0.01477	0.00482	0.00562	0.00381	0.00320	0.00217	0.00104	0.00284	0.00188	0.00208	0.00380
11	0.00991	0.00772	0.00940	0.00712	0.00991	0.03269	0.08074	0.25692	0.05546	0.08965	0.00836	0.02820	0.00652	0.00363	0.00318	0.00086	0.00337	0.01383	0.00274	0.36978
12	0.00481	0.00342	0.00440	0.00489	0.00530	0.00331	0.00356	0.00561	0.00681	0.00899	0.06212	0.33690	0.06836	0.21751	0.02739	0.00198	0.00277	0.22617	0.00293	0.00277
13	0.00434	0.00347	0.00388	0.00386	0.00484	0.00301	0.00287	0.00542	0.00836	0.01068	0.28502	0.09734	0.53793	0.00840	0.00411	0.00116	0.00173	0.00717	0.00339	0.00301
14	0.01006	0.00837	0.00818	0.00714	0.00918	0.10587	0.00559	0.09589	0.55990	0.09846	0.04449	0.01207	0.01005	0.00456	0.00348	0.00111	0.00321	0.00368	0.00340	0.00530
15	0.01290	0.01646	0.00979	0.00890	0.01068	0.86472	0.00667	0.01379	0.00979	0.00845	0.00534	0.00623	0.00445	0.00356	0.00311	0.00089	0.00623	0.00222	0.00178	0.00400
16	0.00600	0.00300	0.00450	0.00450	0.00450	0.00300	0.00300	0.00450	0.00450	0.00600	0.00600	0.01050	0.00600	0.01200	0.01350	0.89949	0.00300	0.00300	0.00150	0.00150
17	0.00897	0.55932	0.22880	0.00720	0.01056	0.08887	0.00769	0.01105	0.03300	0.00906	0.00548	0.00627	0.00461	0.00314	0.00260	0.00085	0.00425	0.00212	0.00156	0.00460
18	0.00687	0.00507	0.00642	0.00598	0.00699	0.04334	0.01514	0.07680	0.01665	0.07251	0.06916	0.05933	0.01110	0.05252	0.48134	0.00368	0.02534	0.03570	0.00244	0.00358
19	0.00630	0.00450	0.00535	0.00497	0.00620	0.00444	0.00382	0.00942	0.18223	0.07521	0.43065	0.04782	0.16336	0.00684	0.00395	0.00114	0.00204	0.03427	0.00364	0.00383
20	0.00706	0.06641	0.81329	0.00962	0.01461	0.00834	0.01238	0.01091	0.00728	0.01078	0.00612	0.00719	0.00438	0.00326	0.00322	0.00107	0.00503	0.00251	0.00146	0.00507
21	0.00813	0.19127	0.16179	0.00805	0.07839	0.03411	0.02609	0.08895	0.07603	0.03489	0.02053	0.01146	0.07016	0.04866	0.10719	0.01259	0.00447	0.00333	0.00947	0.00444
22	0.00449	0.00359	0.00408	0.00426	0.00524	0.00320	0.00329	0.00567	0.02056	0.00995	0.10660	0.12029	0.53664	0.00888	0.00423	0.00126	0.00203	0.14946	0.00326	0.00302
23	0.00449	0.00319	0.00422	0.00493	0.00521	0.00303	0.00345	0.00520	0.00673	0.00896	0.03594	0.66274	0.02173	0.08665	0.00561	0.00159	0.00228	0.12810	0.00312	0.00281
24	0.02813	0.65332	0.10382	0.00707	0.01026	0.01221	0.07797	0.02829	0.00741	0.03625	0.00549	0.00630	0.00464	0.00306	0.00255	0.00084	0.00398	0.00219	0.00164	0.00458
25	0.00494	0.00369	0.00550	0.00550	0.00610	0.00429	0.00425	0.00613	0.00554	0.00798	0.00930	0.01384	0.00875	0.05123	0.83974	0.00549	0.00908	0.00374	0.00186	0.00305
26	0.06824	0.00783	0.00822	0.00688	0.00910	0.00874	0.00551	0.32321	0.39081	0.04065	0.01310	0.01242	0.08050	0.00473	0.00345	0.00111	0.00305	0.00376	0.00340	0.00530
27	0.00488	0.00329	0.00381	0.00395	0.00398	0.00326	0.00228	0.00499	0.00530	0.00706	0.01228	0.16836	0.01432	0.73044	0.01533	0.00302	0.00312	0.00584	0.00228	0.00221
28	0.00898	0.01896	0.20887	0.01723	0.02744	0.09883	0.00789	0.15396	0.00871	0.05755	0.03166	0.09448	0.00757	0.00510	0.00558	0.00120	0.23561	0.00362	0.00225	0.00452
29	0.00807	0.00830	0.01090	0.01040	0.10280	0.07413	0.00783	0.00898	0.00591	0.00865	0.00481	0.00757	0.00463	0.00553	0.00985	0.00141	0.71173	0.00297	0.00155	0.00398
30	0.00430	0.00307	0.00394	0.00461	0.00494	0.00284	0.00312	0.00498	0.00682	0.00912	0.03530	0.74218	0.10641	0.01028	0.00429	0.00135	0.00196	0.00924	0.03841	0.00284
31	0.65236	0.03580	0.00661	0.03162	0.00802	0.03546	0.00453	0.10408	0.07035	0.01546	0.00595	0.00658	0.00456	0.00343	0.00246	0.00106	0.00301	0.00221	0.00234	0.00414
32	0.00571	0.00400	0.00505	0.00465	0.00566	0.00382	0.00353	0.01807	0.07264	0.05091	0.72391	0.02420	0.05091	0.00677	0.00400	0.00109	0.00180	0.00594	0.00378	0.00356

[dist]
# distance from previous block
# <min> <max>
5	11

[block]
# block no. 5 follows, 81 sequences, length 26
# corresponding to MSA columns:
# 163-188
name=unknown_F
#
# <colnr> <probs for GDERKNQSTAVLIFYWHMCP>
#	G	D	E	R	K	N	Q	S	T	A	V	L	I	F	Y	W	H	M	C	P
0	0.00739	0.00624	0.00733	0.00536	0.00826	0.00500	0.00429	0.00926	0.04429	0.02694	0.00657	0.00751	0.00540	0.00281	0.00293	0.00059	0.03339	0.00219	0.00213	0.81210
1	0.00427	0.00342	0.00382	0.00393	0.00486	0.00297	0.00289	0.00524	0.00798	0.01005	0.17634	0.18431	0.54698	0.00884	0.00415	0.00120	0.00180	0.02067	0.00331	0.00296
2	0.00434	0.00340	0.00393	0.00402	0.00488	0.00299	0.00293	0.00537	0.00815	0.01051	0.26519	0.21198	0.44258	0.00871	0.00415	0.00119	0.00177	0.00754	0.00338	0.00299
3	0.00490	0.00358	0.00472	0.00535	0.00600	0.00343	0.00427	0.00605	0.00752	0.00975	0.04525	0.29463	0.14247	0.02890	0.00482	0.00150	0.00257	0.41809	0.00319	0.00301
4	0.01032	0.01030	0.00865	0.00767	0.00966	0.26026	0.00593	0.10024	0.51983	0.01343	0.01092	0.01047	0.00829	0.00430	0.00339	0.00108	0.00387	0.00333	0.00300	0.00508
5	0.00693	0.01787	0.86069	0.00985	0.01495	0.00802	0.01276	0.01094	0.00729	0.01094	0.00620	0.00729	0.00438	0.00328	0.00328	0.00109	0.00511	0.00255	0.00146	0.00511
6	0.00762	0.00639	0.00947	0.18190	0.22284	0.00622	0.02564	0.03223	0.02272	0.05810	0.05046	0.06386	0.04599	0.00406	0.00333	0.00095	0.00337	0.00361	0.00225	0.24898
7	0.00513	0.00356	0.00465	0.00499	0.00569	0.00324	0.00367	0.00609	0.00738	0.04434	0.10417	0.52465	0.06834	0.00932	0.00425	0.00131	0.00220	0.13103	0.00323	0.06275
8	0.17354	0.00627	0.00748	0.00597	0.00844	0.00608	0.00489	0.04493	0.09717	0.57114	0.03093	0.01097	0.00835	0.00419	0.00325	0.00108	0.00287	0.00328	0.00377	0.00539
9	0.01032	0.00616	0.00683	0.00580	0.00768	0.02252	0.00460	0.10750	0.25792	0.24074	0.03999	0.01237	0.00963	0.00439	0.00321	0.00102	0.00263	0.00356	0.24821	0.00491
10	0.00625	0.00515	0.00597	0.00498	0.00695	0.00442	0.00382	0.02631	0.08455	0.01145	0.11827	0.14876	0.13202	0.00550	0.00336	0.00089	0.00229	0.00471	0.00277	0.42160
11	0.00736	0.00677	0.01157	0.00918	0.01094	0.03515	0.32745	0.04969	0.00768	0.04806	0.02407	0.20292	0.01085	0.09369	0.06167	0.00173	0.06625	0.01873	0.00235	0.00388
12	0.03126	0.00849	0.01004	0.00798	0.01033	0.06815	0.09900	0.41080	0.04069	0.11760	0.02824	0.06793	0.00832	0.00576	0.04879	0.00133	0.00414	0.02296	0.00312	0.00508
13	0.00793	0.00890	0.01910	0.01378	0.01697	0.00850	0.76459	0.01064	0.00789	0.01076	0.00709	0.00973	0.00552	0.02312	0.03962	0.00140	0.03417	0.00405	0.00175	0.00451
14	0.00656	0.00618	0.01037	0.84338	0.02333	0.00777	0.00953	0.00881	0.00686	0.00881	0.00609	0.00916	0.00460	0.00353	0.00370	0.00116	0.03172	0.00307	0.00153	0.00384
15	0.01044	0.01807	0.02994	0.09297	0.30280	0.04550	0.02277	0.17424	0.09743	0.14577	0.02038	0.00960	0.00677	0.00375	0.00344	0.00106	0.00387	0.00323	0.00265	0.00533
16	0.17389	0.01225	0.00953	0.00820	0.01021	0.45392	0.06788	0.09979	0.06242	0.01168	0.00634	0.00726	0.00505	0.00439	0.03209	0.00115	0.02502	0.00256	0.00212	0.00426
17	0.00558	0.00345	0.00489	0.00533	0.00570	0.00343	0.00412	0.00574	0.00628	0.00826	0.01306	0.11451	0.01424	0.04970	0.00885	0.36561	0.00299	0.37341	0.00245	0.00241
18	0.00569	0.00462	0.00741	0.00670	0.00775	0.00507	0.10149	0.03345	0.02546	0.00914	0.00970	0.02831	0.00899	0.02073	0.65059	0.00448	0.00801	0.04440	0.01460	0.00341
19	0.00754	0.01335	0.42390	0.01205	0.01617	0.00847	0.40782	0.01088	0.00761	0.01088	0.00650	0.00827	0.00479	0.00323	0.00401	0.00115	0.04363	0.00330	0.00160	0.00484
20	0.00443	0.00332	0.00413	0.00465	0.00514	0.00311	0.00321	0.00555	0.04403	0.00952	0.08246	0.63084	0.16701	0.00992	0.00429	0.00133	0.00196	0.00886	0.00326	0.00297
21	0.00427	0.00307	0.00406	0.00481	0.00508	0.00286	0.00327	0.00493	0.00677	0.00899	0.03704	0.80076	0.05081	0.01063	0.00440	0.00140	0.00203	0.03876	0.00322	0.00283
22	0.00501	0.00339	0.00396	0.00396	0.00403	0.00346	0.00234	0.00515	0.00508	0.00684	0.01070	0.02161	0.01213	0.78454	0.11104	0.00359	0.00400	0.00488	0.00207	0.00220
23	0.00707	0.07185	0.80798	0.00960	0.01457	0.00838	0.01234	0.01090	0.00728	0.01076	0.00611	0.00718	0.00438	0.00326	0.00322	0.00107	0.00502	0.00251	0.00146	0.00506
24	0.05487	0.00648	0.00749	0.00621	0.00830	0.03331	0.03282	0.08038	0.20925	0.31088	0.02641	0.01255	0.04606	0.00468	0.01245	0.00110	0.00294	0.00363	0.13521	0.00498
25	0.00495	0.00364	0.00523	0.00523	0.00573	0.00414	0.00391	0.00596	0.00546	0.00778	0.00955	0.01521	0.00935	0.18071	0.71108	0.00515	0.00818	0.00394	0.00189	0.00290

[dist]
# distance from previous block
# <min> <max>
0	1

[block]
# block no. 6 follows, 81 sequences, length 10
# corresponding to MSA columns:
# 190-199
name=unknown_G
#
# <colnr> <probs for GDERKNQSTAVLIFYWHMCP>
#	G	D	E	R	K	N	Q	S	T	A	V	L	I	F	Y	W	H	M	C	P
0	0.00729	0.00600	0.09217	0.00556	0.00726	0.00486	0.00482	0.08782	0.04609	0.12072	0.45392	0.06442	0.07248	0.00625	0.00385	0.00111	0.00243	0.00537	0.00351	0.00408
1	0.00712	0.00609	0.00799	0.02950	0.03087	0.00512	0.06060	0.05316	0.00824	0.01225	0.17233	0.01110	0.01053	0.00359	0.00305	0.00073	0.00276	0.00312	0.00242	0.56945
2	0.06032	0.00929	0.03937	0.01402	0.40457	0.12420	0.05154	0.07113	0.02208	0.05072	0.00686	0.00824	0.00547	0.00377	0.02263	0.00107	0.00430	0.00287	0.00205	0.09551
3	0.00648	0.00558	0.08665	0.00678	0.09255	0.00441	0.00506	0.00836	0.02192	0.09288	0.46984	0.10634	0.03751	0.00631	0.00385	0.00110	0.00239	0.00556	0.03254	0.00389
4	0.01016	0.00642	0.00746	0.00621	0.00818	0.00669	0.00495	0.20465	0.21726	0.20872	0.23811	0.01504	0.01488	0.00509	0.00361	0.00108	0.00270	0.00423	0.02957	0.00500
5	0.00591	0.00441	0.00504	0.00495	0.00562	0.00463	0.00347	0.03722	0.17153	0.00971	0.04280	0.11332	0.05665	0.41031	0.03294	0.00235	0.00310	0.08013	0.00274	0.00317
6	0.68161	0.00599	0.00497	0.00447	0.00622	0.00675	0.00349	0.00950	0.00592	0.05734	0.00645	0.00925	0.00571	0.17441	0.00523	0.00151	0.00282	0.00257	0.00224	0.00353
7	0.18058	0.00419	0.00429	0.00410	0.00536	0.00403	0.00313	0.00692	0.00791	0.04852	0.21733	0.08404	0.38171	0.00711	0.00366	0.00113	0.00197	0.00590	0.02482	0.00329
8	0.00797	0.61340	0.10878	0.00588	0.00872	0.01094	0.00603	0.00936	0.00722	0.00868	0.01086	0.01115	0.17085	0.00412	0.00270	0.00086	0.00347	0.00299	0.00181	0.00421
9	0.13164	0.18666	0.01069	0.00676	0.00934	0.05570	0.00575	0.41014	0.01168	0.09006	0.00755	0.00776	0.00558	0.00375	0.00296	0.00097	0.00359	0.00268	0.04166	0.00508

[dist]
# distance from previous block
# <min> <max>
0	1

[block]
# block no. 7 follows, 81 sequences, length 6
# corresponding to MSA columns:
# 201-206
name=unknown_H
#
# <colnr> <probs for GDERKNQSTAVLIFYWHMCP>
#	G	D	E	R	K	N	Q	S	T	A	V	L	I	F	Y	W	H	M	C	P
0	0.00468	0.00357	0.00530	0.00559	0.00613	0.00337	0.05769	0.00564	0.00713	0.00956	0.08630	0.64872	0.02215	0.00985	0.00440	0.00138	0.00236	0.10999	0.00316	0.00301
1	0.00493	0.00338	0.00410	0.00417	0.00430	0.00346	0.00258	0.00520	0.00526	0.00713	0.01137	0.10173	0.01286	0.64986	0.16215	0.00354	0.00424	0.00525	0.00216	0.00233
2	0.14516	0.00776	0.00868	0.00675	0.00939	0.00809	0.00557	0.40143	0.01225	0.34533	0.00985	0.00924	0.00660	0.00406	0.00327	0.00105	0.00330	0.00307	0.00358	0.00556
3	0.00500	0.00345	0.00430	0.00430	0.00449	0.00364	0.00276	0.00537	0.00518	0.00709	0.01040	0.01990	0.01138	0.62287	0.27170	0.00401	0.00512	0.00463	0.00202	0.00239
4	0.00573	0.00432	0.00632	0.05232	0.00734	0.00515	0.00480	0.00686	0.00571	0.04026	0.00886	0.01337	0.00829	0.09587	0.61556	0.00450	0.10590	0.00370	0.00191	0.00322
5	0.14670	0.00834	0.04293	0.00788	0.03775	0.13726	0.09385	0.01286	0.00829	0.32990	0.00903	0.00952	0.00647	0.00624	0.09917	0.00156	0.03169	0.00307	0.00275	0.00472

[dist]
# distance from previous block
# <min> <max>
3	180

[block]
# block no. 8 follows, 81 sequences, length 21
# corresponding to MSA columns:
# 389-409
name=unknown_I
#
# <colnr> <probs for GDERKNQSTAVLIFYWHMCP>
#	G	D	E	R	K	N	Q	S	T	A	V	L	I	F	Y	W	H	M	C	P
0	0.01011	0.06965	0.36008	0.13013	0.01360	0.03797	0.00904	0.04086	0.00842	0.27444	0.00845	0.00883	0.00576	0.00363	0.00330	0.00106	0.00426	0.00287	0.00243	0.00511
1	0.60896	0.02755	0.07811	0.00522	0.00746	0.07533	0.00463	0.00978	0.00662	0.01351	0.00924	0.00971	0.12445	0.00402	0.00259	0.00106	0.00305	0.00272	0.00219	0.00378
2	0.00486	0.00328	0.00382	0.00398	0.00402	0.00324	0.00232	0.00498	0.00535	0.00713	0.01255	0.19641	0.01465	0.70193	0.01490	0.00295	0.00308	0.00600	0.00232	0.00224
3	0.00872	0.56033	0.19869	0.00812	0.06319	0.01170	0.03977	0.02813	0.03556	0.00954	0.00567	0.00655	0.00475	0.00311	0.00266	0.00087	0.00408	0.00226	0.00161	0.00472
4	0.06218	0.55728	0.01490	0.00652	0.00932	0.05319	0.00600	0.23250	0.00954	0.01220	0.00576	0.00631	0.00478	0.00332	0.00258	0.00084	0.00378	0.00220	0.00206	0.00476
5	0.00622	0.02804	0.57351	0.00821	0.01181	0.00657	0.00973	0.00922	0.00733	0.01059	0.05970	0.16534	0.02501	0.00557	0.01581	0.00123	0.00423	0.04546	0.00203	0.00441
6	0.14659	0.07084	0.08469	0.17155	0.04378	0.10540	0.08572	0.09381	0.00866	0.14651	0.00725	0.00820	0.00527	0.00351	0.00317	0.00105	0.00423	0.00282	0.00229	0.00465
7	0.03279	0.56982	0.12790	0.00611	0.00890	0.01083	0.00618	0.01002	0.00690	0.05488	0.00633	0.00853	0.00578	0.12703	0.00460	0.00118	0.00377	0.00248	0.00173	0.00425
8	0.00532	0.00397	0.00535	0.00662	0.12502	0.00391	0.00373	0.00584	0.00597	0.00806	0.01275	0.25234	0.01462	0.48651	0.01152	0.00243	0.00309	0.03776	0.00238	0.00281
9	0.00922	0.16988	0.08351	0.02443	0.27310	0.20194	0.01817	0.02683	0.02786	0.00994	0.00708	0.05522	0.01770	0.00392	0.00367	0.00101	0.05701	0.00307	0.00183	0.00461
10	0.00812	0.01989	0.01262	0.07124	0.56472	0.03416	0.06089	0.02707	0.01988	0.01160	0.12672	0.01102	0.00927	0.00371	0.00353	0.00105	0.00393	0.00356	0.00206	0.00495
11	0.00627	0.00552	0.00738	0.00823	0.12718	0.05878	0.00557	0.00804	0.05235	0.00887	0.00865	0.01208	0.00783	0.01917	0.60105	0.00419	0.04978	0.00350	0.00190	0.00364
12	0.00572	0.00435	0.00504	0.00496	0.00605	0.00422	0.00384	0.12444	0.00899	0.01162	0.11587	0.20144	0.33487	0.00870	0.01635	0.00131	0.00240	0.13314	0.00329	0.00339
13	0.02850	0.02345	0.02037	0.03145	0.09580	0.04266	0.00613	0.09801	0.10801	0.18259	0.03379	0.03168	0.01005	0.01958	0.08618	0.00163	0.05151	0.12105	0.00292	0.00462
14	0.12184	0.03700	0.01017	0.00837	0.01055	0.46977	0.05821	0.19591	0.03546	0.01258	0.00627	0.00698	0.00490	0.00362	0.00312	0.00097	0.00506	0.00253	0.00223	0.00448
15	0.00485	0.00376	0.00545	0.00711	0.12562	0.00359	0.00426	0.00570	0.00692	0.00938	0.05206	0.71811	0.02079	0.00957	0.00426	0.00134	0.00229	0.00872	0.00302	0.00320
16	0.00728	0.06451	0.63304	0.01127	0.13365	0.00826	0.04640	0.01073	0.00747	0.01092	0.03118	0.00800	0.00540	0.00333	0.00330	0.00107	0.00481	0.00276	0.00158	0.00505
17	0.00751	0.00738	0.01166	0.25877	0.41687	0.04489	0.05466	0.00946	0.00770	0.01018	0.01041	0.01217	0.12551	0.00400	0.00355	0.00108	0.00410	0.00369	0.00188	0.00454
18	0.01234	0.00792	0.00910	0.00713	0.00958	0.00837	0.01777	0.48827	0.07050	0.21332	0.08597	0.01138	0.00938	0.02788	0.00391	0.00112	0.00335	0.00359	0.00362	0.00549
19	0.00458	0.00527	0.12514	0.00513	0.00632	0.00359	0.00439	0.00577	0.00716	0.00941	0.04573	0.48720	0.25934	0.00905	0.00415	0.00128	0.00236	0.00796	0.00298	0.00318
20	0.00797	0.00766	0.03732	0.03822	0.67636	0.00737	0.00949	0.00987	0.00769	0.02659	0.00839	0.13142	0.00794	0.00421	0.00356	0.00109	0.00383	0.00402	0.00196	0.00505

[dist]
# distance from previous block
# <min> <max>
14	27

[block]
# block no. 9 follows, 81 sequences, length 102
# corresponding to MSA columns:
# 439-540
name=unknown_J
#
# <colnr> <probs for GDERKNQSTAVLIFYWHMCP>
#	G	D	E	R	K	N	Q	S	T	A	V	L	I	F	Y	W	H	M	C	P
0	0.01051	0.09665	0.04541	0.01226	0.31104	0.03136	0.03237	0.13134	0.08152	0.17108	0.01817	0.00995	0.00697	0.00378	0.00336	0.00104	0.00378	0.02144	0.00262	0.00535
1	0.00551	0.00357	0.00428	0.00422	0.00438	0.00368	0.00261	0.00590	0.06667	0.00713	0.00993	0.01882	0.01077	0.58903	0.03768	0.21373	0.00338	0.00443	0.00205	0.00223
2	0.00863	0.23540	0.10608	0.00635	0.00953	0.04142	0.00594	0.11267	0.00836	0.01160	0.00603	0.00686	0.00492	0.00298	0.00268	0.00072	0.00343	0.00219	0.00200	0.42221
3	0.00421	0.00302	0.00399	0.00477	0.00500	0.00281	0.00319	0.00481	0.00665	0.00883	0.01951	0.85142	0.04747	0.01076	0.00440	0.00140	0.00200	0.00975	0.00321	0.00281
4	0.00559	0.00357	0.00462	0.00459	0.00541	0.00324	0.00335	0.00675	0.00850	0.09261	0.40055	0.31696	0.11455	0.00826	0.00413	0.00120	0.00190	0.00732	0.00358	0.00332
5	0.00919	0.66606	0.16072	0.00675	0.01000	0.05891	0.00710	0.01079	0.00729	0.02881	0.00528	0.00602	0.00452	0.00308	0.00248	0.00082	0.00405	0.00203	0.00156	0.00456
6	0.00479	0.00399	0.00471	0.01838	0.05586	0.00363	0.00349	0.00632	0.04209	0.01089	0.25749	0.02855	0.53192	0.00770	0.00401	0.00114	0.00194	0.00655	0.00327	0.00328
7	0.00793	0.02476	0.00778	0.00544	0.00849	0.00494	0.02415	0.00947	0.00741	0.08224	0.00676	0.00757	0.00539	0.00272	0.00266	0.00058	0.00269	0.00221	0.00221	0.78460
8	0.00946	0.82918	0.01763	0.00606	0.00898	0.03874	0.00595	0.03533	0.00738	0.00854	0.00492	0.00564	0.00448	0.00301	0.00228	0.00075	0.00377	0.00190	0.00155	0.00446
9	0.00919	0.30273	0.40775	0.00797	0.01188	0.00989	0.00908	0.09789	0.00839	0.09529	0.00669	0.00726	0.00496	0.00336	0.00296	0.00097	0.00429	0.00247	0.00195	0.00504
10	0.00818	0.14622	0.26352	0.01177	0.03529	0.03697	0.41833	0.01955	0.00786	0.01061	0.00637	0.00802	0.00485	0.00306	0.00351	0.00107	0.00524	0.00320	0.00164	0.00476
11	0.00421	0.00301	0.00401	0.00481	0.00501	0.00281	0.00321	0.00481	0.00661	0.00882	0.01904	0.87634	0.02285	0.01082	0.00441	0.00140	0.00200	0.00982	0.00321	0.00281
12	0.01077	0.17143	0.01070	0.00760	0.00976	0.31434	0.00611	0.11050	0.30041	0.01200	0.00859	0.00864	0.00672	0.00391	0.00313	0.00098	0.00428	0.00284	0.00252	0.00480
13	0.00803	0.19768	0.44804	0.00819	0.01227	0.00860	0.04146	0.02987	0.00757	0.04830	0.00630	0.00720	0.00477	0.00314	0.00298	0.00092	0.00428	0.00243	0.00174	0.15624
14	0.00774	0.29803	0.54471	0.00839	0.01261	0.00978	0.01014	0.02898	0.00738	0.01021	0.00614	0.03015	0.00493	0.00340	0.00297	0.00099	0.00453	0.00253	0.00156	0.00484
15	0.00785	0.01028	0.13591	0.01328	0.01680	0.02238	0.66974	0.01075	0.00798	0.01088	0.00751	0.05598	0.00606	0.00340	0.00397	0.00116	0.00552	0.00415	0.00179	0.00461
16	0.00466	0.00404	0.00519	0.01781	0.06493	0.00360	0.03916	0.00570	0.00768	0.00953	0.04000	0.17688	0.57594	0.00838	0.00410	0.00120	0.00220	0.02280	0.00303	0.00317
17	0.00831	0.00798	0.01368	0.12077	0.74808	0.00815	0.02159	0.01040	0.00776	0.01099	0.00646	0.00864	0.00537	0.00312	0.00343	0.00104	0.00419	0.00309	0.00169	0.00527
18	0.00719	0.01707	0.78895	0.01007	0.01502	0.00801	0.06570	0.01107	0.00740	0.02896	0.00641	0.00752	0.00452	0.00328	0.00334	0.00110	0.00511	0.00267	0.00154	0.00509
19	0.00855	0.00821	0.01402	0.02120	0.85704	0.00821	0.01060	0.01060	0.00787	0.01129	0.00650	0.00855	0.00547	0.00308	0.00342	0.00103	0.00410	0.00308	0.00171	0.00547
20	0.00684	0.00646	0.01092	0.73968	0.15197	0.00776	0.00975	0.00910	0.00706	0.00920	0.00620	0.00911	0.00474	0.00340	0.00345	0.00113	0.00453	0.00307	0.00156	0.00409
21	0.00859	0.00753	0.01240	0.11315	0.59074	0.00785	0.00945	0.01060	0.01833	0.07289	0.04793	0.00968	0.00691	0.00363	0.00402	0.00108	0.06489	0.00327	0.00199	0.00509
22	0.00792	0.00894	0.01941	0.01398	0.01728	0.00838	0.79456	0.01069	0.00806	0.01093	0.00770	0.06078	0.00629	0.00338	0.00410	0.00118	0.00560	0.00442	0.00183	0.00455
23	0.00750	0.00714	0.01213	0.46123	0.42522	0.00793	0.01008	0.00968	0.00737	0.01001	0.00631	0.00889	0.00502	0.00327	0.00344	0.00109	0.00436	0.00307	0.00162	0.00463
24	0.00431	0.00306	0.00397	0.00466	0.00485	0.00288	0.00306	0.00484	0.00643	0.00856	0.01825	0.75486	0.03439	0.12105	0.00608	0.00165	0.00217	0.00917	0.00307	0.00272
25	0.00502	0.00403	0.00598	0.00608	0.00670	0.00405	0.06542	0.00604	0.00700	0.00931	0.01792	0.51871	0.06905	0.00951	0.00493	0.00142	0.06377	0.18899	0.00298	0.00310
26	0.00831	0.00793	0.01350	0.04339	0.79899	0.00797	0.01027	0.01031	0.00779	0.01112	0.00701	0.04484	0.00617	0.00341	0.00346	0.00105	0.00403	0.00336	0.00177	0.00532
27	0.06333	0.00657	0.00826	0.00637	0.00903	0.00619	0.00526	0.15830	0.01076	0.67021	0.01224	0.01083	0.00783	0.00420	0.00340	0.00106	0.00307	0.00332	0.00402	0.00576
28	0.10572	0.01411	0.00941	0.00829	0.01023	0.61310	0.00637	0.15209	0.01035	0.01141	0.00576	0.00654	0.00462	0.00368	0.00326	0.00095	0.02539	0.00235	0.00209	0.00428
29	0.00578	0.00442	0.00695	0.00625	0.00715	0.00460	0.10438	0.01545	0.00630	0.03179	0.01872	0.05860	0.04558	0.18201	0.36010	0.05053	0.01775	0.06834	0.00219	0.00310
30	0.00850	0.57843	0.27748	0.00776	0.04619	0.01170	0.00822	0.01054	0.00714	0.00913	0.00530	0.00621	0.00446	0.00306	0.00260	0.00086	0.00415	0.00212	0.00148	0.00468
31	0.01543	0.00599	0.00809	0.00620	0.00888	0.00525	0.00512	0.04152	0.01008	0.83448	0.01347	0.01166	0.00847	0.00427	0.00347	0.00107	0.00297	0.00346	0.00425	0.00588
32	0.00664	0.00626	0.01058	0.81989	0.07325	0.00771	0.00965	0.00893	0.00696	0.00897	0.00616	0.00917	0.00466	0.00343	0.00345	0.00114	0.00458	0.00307	0.00155	0.00393
33	0.00695	0.00869	0.16439	0.04559	0.08113	0.01981	0.27054	0.00927	0.00781	0.02964	0.03472	0.09593	0.10096	0.00529	0.00400	0.00120	0.01158	0.09601	0.00225	0.00422
34	0.00713	0.00672	0.01136	0.54071	0.31094	0.00766	0.00968	0.00927	0.00723	0.00968	0.00680	0.04522	0.00567	0.00363	0.00348	0.00112	0.00432	0.00335	0.00167	0.00436
35	0.01382	0.00739	0.00794	0.00647	0.00878	0.14144	0.00519	0.02568	0.02493	0.61043	0.01306	0.03364	0.03218	0.02317	0.00380	0.00112	0.00343	0.02858	0.00372	0.00526
36	0.00828	0.00805	0.01338	0.13199	0.68563	0.02627	0.02941	0.01033	0.00776	0.01083	0.00688	0.00900	0.01929	0.00326	0.00354	0.00105	0.01504	0.00315	0.00171	0.00514
37	0.00710	0.01433	0.59371	0.02166	0.09307	0.00751	0.08286	0.01043	0.00744	0.02950	0.01690	0.08551	0.00661	0.00397	0.00348	0.00112	0.00470	0.00345	0.00175	0.00488
38	0.00688	0.01516	0.69578	0.00884	0.01318	0.00712	0.01096	0.01028	0.00739	0.04688	0.00954	0.07971	0.06472	0.00431	0.00344	0.00112	0.00453	0.00351	0.00184	0.00480
39	0.00854	0.00823	0.01415	0.02107	0.83995	0.00822	0.02759	0.01061	0.00787	0.01128	0.00651	0.00857	0.00547	0.00307	0.00343	0.00103	0.00414	0.00310	0.00171	0.00546
40	0.00665	0.02169	0.37565	0.15222	0.12376	0.00688	0.02759	0.00928	0.00725	0.02003	0.00937	0.17320	0.01607	0.00495	0.00360	0.00117	0.00419	0.03010	0.00194	0.00442
41	0.00773	0.02075	0.17836	0.20599	0.17101	0.00765	0.20262	0.02070	0.00775	0.05414	0.01827	0.06293	0.01869	0.00384	0.00362	0.00112	0.00455	0.00372	0.00192	0.00463
42	0.00856	0.01048	0.34937	0.05783	0.03041	0.00635	0.07501	0.01110	0.00809	0.21049	0.06548	0.09214	0.03593	0.00472	0.00361	0.00113	0.00395	0.01804	0.00255	0.00475
43	0.00881	0.00963	0.22124	0.03623	0.24790	0.00696	0.11891	0.01117	0.00806	0.17195	0.01063	0.05219	0.07229	0.00415	0.00358	0.00110	0.00409	0.00380	0.00232	0.00498
44	0.00780	0.01087	0.30188	0.05815	0.28058	0.00745	0.11801	0.01047	0.00769	0.06014	0.01909	0.08715	0.00713	0.00397	0.00356	0.00111	0.00440	0.00370	0.00193	0.00491
45	0.00773	0.01121	0.40034	0.13228	0.05008	0.00682	0.00922	0.03348	0.03533	0.11328	0.01008	0.13356	0.03218	0.00472	0.00353	0.00114	0.00407	0.00400	0.00224	0.00467
46	0.00858	0.01864	0.22452	0.09862	0.14643	0.00651	0.05254	0.01078	0.00796	0.19311	0.04377	0.11464	0.03965	0.00474	0.00368	0.00113	0.01332	0.00415	0.00249	0.00473
47	0.00774	0.03288	0.53401	0.00912	0.03919	0.00711	0.05307	0.02224	0.00769	0.10682	0.00939	0.11968	0.02691	0.00446	0.00349	0.00113	0.00434	0.00378	0.00209	0.00483
48	0.00725	0.03653	0.52458	0.03195	0.07872	0.00784	0.15549	0.01050	0.00750	0.02613	0.00797	0.05031	0.03215	0.00375	0.00349	0.00111	0.00481	0.00336	0.00172	0.00484
49	0.00839	0.01876	0.14666	0.09416	0.10946	0.00598	0.05592	0.01030	0.00774	0.20182	0.05411	0.11156	0.01012	0.04360	0.09221	0.00168	0.00426	0.01628	0.00256	0.00444
50	0.00786	0.01018	0.27251	0.21308	0.18494	0.01523	0.05081	0.02193	0.00776	0.08644	0.00921	0.03659	0.06043	0.00395	0.00349	0.00111	0.00431	0.00347	0.00199	0.00472
51	0.00703	0.00706	0.07678	0.25403	0.26112	0.00658	0.05117	0.00900	0.00750	0.04555	0.03523	0.15653	0.05779	0.00498	0.00368	0.00115	0.00380	0.00457	0.00215	0.00430
52	0.00774	0.01101	0.27960	0.13430	0.43461	0.00810	0.05418	0.01049	0.00757	0.01083	0.00638	0.00829	0.00500	0.00319	0.00342	0.00107	0.00458	0.00296	0.00161	0.00509
53	0.00853	0.49934	0.22205	0.00850	0.01206	0.02348	0.16207	0.01067	0.00733	0.00935	0.00555	0.00667	0.00457	0.00304	0.00283	0.00091	0.00446	0.00243	0.00153	0.00463
54	0.00755	0.02271	0.36158	0.05733	0.10336	0.00756	0.18614	0.01076	0.04298	0.05153	0.01919	0.01139	0.08158	0.00392	0.00358	0.00112	0.00454	0.01642	0.00198	0.00478
55	0.00754	0.02477	0.55779	0.02294	0.12848	0.01756	0.16107	0.01098	0.00757	0.01996	0.00643	0.00786	0.00473	0.00320	0.00343	0.00109	0.00507	0.00290	0.00158	0.00505
56	0.00593	0.00321	0.00448	0.00451	0.00454	0.01436	0.00298	0.00468	0.00471	0.00622	0.00699	0.04900	0.00729	0.08841	0.01333	0.76960	0.00303	0.00346	0.00163	0.00164
57	0.00652	0.00614	0.01036	0.87029	0.02379	0.00768	0.00959	0.00883	0.00691	0.00883	0.00614	0.00921	0.00461	0.00345	0.00345	0.00115	0.00461	0.00307	0.00154	0.00384
58	0.00803	0.07377	0.43285	0.01190	0.21521	0.04118	0.03956	0.03079	0.00788	0.03918	0.00796	0.00948	0.04159	0.00363	0.00334	0.00106	0.00455	0.02124	0.00180	0.00500
59	0.00940	0.04072	0.06104	0.21650	0.03851	0.18012	0.05855	0.10135	0.19077	0.03341	0.00887	0.00974	0.02806	0.00390	0.00340	0.00107	0.00438	0.00319	0.00234	0.00466
60	0.00977	0.75375	0.01688	0.00635	0.00913	0.13866	0.00602	0.01085	0.00743	0.00818	0.00488	0.00564	0.00444	0.00304	0.00235	0.00076	0.00407	0.00190	0.00152	0.00437
61	0.00438	0.00314	0.00409	0.00479	0.00504	0.00295	0.00320	0.01788	0.00673	0.00895	0.01895	0.80811	0.04282	0.04508	0.00491	0.00147	0.00208	0.00946	0.00317	0.00283
62	0.02977	0.15372	0.21296	0.01064	0.14656	0.13226	0.07804	0.09313	0.04057	0.05113	0.00678	0.00770	0.00521	0.00338	0.00317	0.00099	0.00454	0.00273	0.00200	0.01472
63	0.51110	0.15269	0.05760	0.03276	0.00880	0.03473	0.00533	0.13978	0.00790	0.01457	0.00549	0.00624	0.00427	0.00333	0.00249	0.00101	0.00332	0.00215	0.00216	0.00428
64	0.00600	0.00300	0.00450	0.00450	0.00450	0.00300	0.00300	0.00450	0.00450	0.00600	0.00600	0.01050	0.00600	0.01200	0.01350	0.89949	0.00300	0.00300	0.00150	0.00150
65	0.00493	0.00355	0.00374	0.00375	0.00475	0.00322	0.00279	0.02303	0.01764	0.01065	0.06736	0.12227	0.49255	0.00763	0.00370	0.00110	0.00179	0.00643	0.21601	0.00308
66	0.02017	0.04868	0.05274	0.03258	0.38771	0.06194	0.02943	0.05918	0.09944	0.08411	0.03299	0.01993	0.00706	0.00381	0.00376	0.00106	0.04475	0.00325	0.00228	0.00512
67	0.00948	0.43986	0.07266	0.00679	0.00952	0.01045	0.04121	0.06499	0.12265	0.10028	0.04519	0.03575	0.00763	0.00390	0.00303	0.00094	0.01558	0.00298	0.00234	0.00476
68	0.00804	0.00766	0.01303	0.20055	0.66105	0.00798	0.01022	0.01013	0.00771	0.01082	0.02596	0.00909	0.00591	0.00325	0.00344	0.00105	0.00415	0.00315	0.00172	0.00508
69	0.00672	0.00636	0.01062	0.76332	0.07957	0.00788	0.00955	0.00892	0.00688	0.00896	0.00607	0.00907	0.00466	0.00358	0.00390	0.00116	0.05422	0.00307	0.00155	0.00395
70	0.08265	0.04891	0.13862	0.01759	0.11241	0.01814	0.06904	0.06412	0.02989	0.07785	0.05254	0.17343	0.03523	0.03772	0.00416	0.00122	0.01299	0.01664	0.00252	0.00432
71	0.01655	0.00892	0.12198	0.11453	0.44239	0.00783	0.11862	0.01008	0.00758	0.01945	0.00762	0.06039	0.01784	0.00376	0.00376	0.00111	0.02733	0.00359	0.00180	0.00488
72	0.00438	0.00317	0.00434	0.04719	0.00592	0.00306	0.00352	0.00503	0.00664	0.00886	0.03514	0.79660	0.02177	0.01041	0.00457	0.02206	0.00215	0.00926	0.00310	0.00284
73	0.04903	0.07551	0.03649	0.02083	0.07216	0.24943	0.02698	0.07579	0.05097	0.26501	0.01649	0.00883	0.00641	0.00385	0.00344	0.00101	0.02722	0.00289	0.00272	0.00494
74	0.04104	0.03813	0.21035	0.03157	0.17826	0.10691	0.09357	0.03756	0.05162	0.11874	0.04112	0.00953	0.01881	0.00368	0.00338	0.00105	0.00435	0.00315	0.00224	0.00494
