[name]
unknown

[dist]
# distance from previous block
# <min> <max>
54	246

[block]
# block no. 0 follows, 84 sequences, length 25
# corresponding to MSA columns:
# 986-1010
name=unknown_A
#
# <colnr> <probs for GDERKNQSTAVLIFYWHMCP>
#	G	D	E	R	K	N	Q	S	T	A	V	L	I	F	Y	W	H	M	C	P
0	0.00467	0.00342	0.00438	0.00416	0.00497	0.00313	0.00311	0.00616	0.00927	0.01296	0.76902	0.04223	0.10585	0.00708	0.00396	0.00107	0.00160	0.00623	0.00363	0.00313
1	0.00468	0.00338	0.00441	0.00424	0.00499	0.00312	0.00315	0.00616	0.00920	0.01295	0.77100	0.09913	0.04655	0.00721	0.00399	0.00108	0.00162	0.00639	0.00363	0.00312
2	0.00910	0.85274	0.01729	0.00585	0.00867	0.04419	0.00577	0.01017	0.00691	0.00790	0.00468	0.00541	0.00431	0.00289	0.00218	0.00072	0.00368	0.00181	0.00145	0.00429
3	0.00424	0.00334	0.00383	0.00391	0.00478	0.00293	0.00288	0.00526	0.00795	0.01021	0.25763	0.17037	0.47264	0.00840	0.00403	0.00116	0.00174	0.02851	0.00327	0.00291
4	0.90579	0.00649	0.00493	0.00441	0.00649	0.00753	0.00363	0.00986	0.00571	0.01505	0.00467	0.00545	0.00363	0.00311	0.00208	0.00104	0.00260	0.00182	0.00208	0.00363
5	0.00799	0.02987	0.01029	0.00850	0.00888	0.01011	0.00710	0.07964	0.00620	0.03094	0.00503	0.00756	0.00469	0.00596	0.02611	0.00147	0.74114	0.00294	0.00170	0.00390
6	0.00912	0.72614	0.08107	0.00674	0.04884	0.01212	0.00641	0.01047	0.00704	0.05826	0.00534	0.00600	0.00458	0.00297	0.00236	0.00078	0.00367	0.00199	0.00160	0.00448
7	0.00733	0.00595	0.00720	0.00668	0.04623	0.01639	0.04400	0.16309	0.20830	0.01361	0.20587	0.12662	0.09990	0.00595	0.00368	0.00110	0.00263	0.00516	0.02610	0.00421
8	0.00789	0.00467	0.00554	0.00496	0.00636	0.00465	0.00389	0.03961	0.15491	0.17484	0.25700	0.03167	0.05943	0.00551	0.00344	0.00104	0.00216	0.04342	0.18495	0.00407
9	0.01210	0.00907	0.00970	0.00759	0.01016	0.01010	0.00622	0.72735	0.13946	0.02010	0.00888	0.00871	0.00637	0.00410	0.00336	0.00103	0.00354	0.00313	0.00336	0.00565
10	0.00580	0.00373	0.00479	0.00437	0.00538	0.00343	0.00333	0.02111	0.00947	0.09053	0.70928	0.02370	0.07259	0.00660	0.00387	0.00105	0.00174	0.00577	0.02006	0.00342
11	0.00950	0.00759	0.00809	0.00687	0.00893	0.00859	0.00545	0.27991	0.52378	0.01621	0.05111	0.01169	0.00975	0.00447	0.00339	0.00108	0.00290	0.00363	0.03178	0.00527
12	0.00746	0.00595	0.00701	0.00503	0.00799	0.00450	0.00403	0.00893	0.00712	0.06344	0.00641	0.00723	0.00517	0.00259	0.00254	0.00053	0.00251	0.00207	0.00212	0.84737
13	0.00461	0.00342	0.00429	0.00407	0.00492	0.00310	0.00305	0.00606	0.00916	0.01266	0.70932	0.02637	0.18223	0.00716	0.00396	0.00107	0.00160	0.00625	0.00359	0.00310
14	0.00438	0.00339	0.00405	0.00399	0.00486	0.00306	0.00297	0.00556	0.00824	0.01092	0.40274	0.09433	0.36887	0.00895	0.05732	0.00138	0.00212	0.00660	0.00329	0.00298
15	0.00897	0.88411	0.01758	0.00574	0.00861	0.01327	0.00574	0.01005	0.00682	0.00789	0.00466	0.00538	0.00431	0.00287	0.00215	0.00072	0.00359	0.00179	0.00144	0.00431
16	0.90579	0.00649	0.00493	0.00441	0.00649	0.00753	0.00363	0.00986	0.00571	0.01505	0.00467	0.00545	0.00363	0.00311	0.00208	0.00104	0.00260	0.00182	0.00208	0.00363
17	0.00465	0.00346	0.00439	0.00492	0.00560	0.00326	0.00388	0.00569	0.00724	0.00923	0.02205	0.25265	0.24889	0.04894	0.00492	0.00146	0.00242	0.36039	0.00305	0.00288
18	0.00788	0.00568	0.00602	0.00532	0.00684	0.00620	0.00416	0.15853	0.30358	0.01447	0.08435	0.01372	0.05034	0.00462	0.00311	0.00098	0.00232	0.00377	0.31376	0.00433
19	0.00413	0.00295	0.00392	0.00469	0.00489	0.00276	0.00314	0.00473	0.00642	0.00856	0.01831	0.84325	0.02192	0.02812	0.00455	0.00140	0.00200	0.02844	0.00309	0.00272
20	0.00904	0.00691	0.00846	0.05854	0.13902	0.03585	0.00602	0.29225	0.03455	0.07393	0.06138	0.14181	0.06434	0.00593	0.02633	0.00120	0.00339	0.02360	0.00291	0.00455
21	0.00879	0.00866	0.01292	0.05855	0.70734	0.08531	0.00973	0.04856	0.00813	0.01106	0.00627	0.00812	0.00520	0.00310	0.00330	0.00099	0.00418	0.00292	0.00174	0.00513
22	0.01129	0.00998	0.01113	0.00911	0.04966	0.15599	0.12320	0.43536	0.04079	0.03690	0.00744	0.00801	0.00552	0.00366	0.00343	0.00098	0.01610	0.00297	0.00267	0.06580
23	0.01000	0.00738	0.00810	0.00672	0.00881	0.00813	0.00538	0.33537	0.34712	0.07892	0.13543	0.01256	0.01150	0.00466	0.00347	0.00107	0.00291	0.00380	0.00349	0.00518
24	0.00594	0.00476	0.00690	0.23366	0.05655	0.00522	0.00605	0.01657	0.07072	0.00991	0.04016	0.10635	0.01367	0.06931	0.00488	0.00143	0.00327	0.30846	0.03268	0.00346

[dist]
# distance from previous block
# <min> <max>
1	1

[block]
# block no. 1 follows, 84 sequences, length 17
# corresponding to MSA columns:
# 1025-1041
name=unknown_B
#
# <colnr> <probs for GDERKNQSTAVLIFYWHMCP>
#	G	D	E	R	K	N	Q	S	T	A	V	L	I	F	Y	W	H	M	C	P
0	0.01026	0.01057	0.00843	0.00747	0.00933	0.33438	0.00575	0.11844	0.37868	0.01267	0.06176	0.01028	0.00875	0.00421	0.00329	0.00101	0.00400	0.00322	0.00279	0.00469
1	0.03284	0.02690	0.00766	0.05755	0.05244	0.09055	0.02114	0.00763	0.00602	0.00822	0.02227	0.02266	0.00807	0.32125	0.03468	0.00201	0.21220	0.00361	0.00183	0.06047
2	0.00451	0.00344	0.00456	0.00464	0.00529	0.00358	0.00347	0.00548	0.00618	0.00829	0.04473	0.11661	0.22610	0.08061	0.46270	0.00356	0.00569	0.00532	0.00236	0.00286
3	0.12765	0.00665	0.00775	0.00608	0.00858	0.04191	0.00499	0.10766	0.00979	0.62698	0.01124	0.01007	0.00726	0.00398	0.00319	0.00103	0.00305	0.00309	0.00370	0.00537
4	0.90579	0.00649	0.00493	0.00441	0.00649	0.00753	0.00363	0.00986	0.00571	0.01505	0.00467	0.00545	0.00363	0.00311	0.00208	0.00104	0.00260	0.00182	0.00208	0.00363
5	0.05600	0.07709	0.01236	0.12944	0.36192	0.03517	0.08078	0.05234	0.00808	0.13190	0.00710	0.00842	0.00541	0.00329	0.00333	0.00101	0.01645	0.00295	0.00208	0.00487
6	0.00477	0.00332	0.00430	0.00442	0.00468	0.00351	0.00298	0.00534	0.00536	0.00746	0.01119	0.14617	0.01220	0.41674	0.32085	0.00366	0.00507	0.00506	0.03041	0.00252
7	0.00415	0.00308	0.00388	0.00445	0.00488	0.00281	0.00309	0.00487	0.00688	0.00897	0.06367	0.63199	0.19377	0.00987	0.00421	0.00131	0.00192	0.04028	0.00314	0.00278
8	0.01313	0.11082	0.01127	0.00885	0.01100	0.52020	0.00683	0.19289	0.04670	0.01266	0.02452	0.00898	0.00673	0.00454	0.00364	0.00115	0.00546	0.00292	0.00263	0.00509
9	0.02785	0.13400	0.10418	0.07046	0.09137	0.09368	0.11279	0.05449	0.02866	0.05761	0.03166	0.02249	0.00605	0.00391	0.00446	0.00107	0.14590	0.00301	0.00193	0.00442
10	0.00731	0.00731	0.07010	0.00955	0.03981	0.00634	0.26551	0.00858	0.00796	0.01106	0.02983	0.37050	0.05274	0.00748	0.00493	0.00147	0.05163	0.00665	0.03689	0.00435
11	0.00413	0.00327	0.00367	0.00384	0.00464	0.00286	0.00275	0.00496	0.00743	0.00934	0.12669	0.25202	0.50669	0.04655	0.00461	0.00128	0.00182	0.00751	0.00314	0.00281
12	0.02223	0.04290	0.21077	0.11664	0.18599	0.02272	0.12830	0.04960	0.02915	0.06600	0.01758	0.00965	0.03384	0.02259	0.01890	0.00117	0.01217	0.00320	0.00195	0.00465
13	0.03255	0.27523	0.07462	0.01099	0.21908	0.08651	0.10878	0.03127	0.02635	0.05202	0.00660	0.03469	0.00555	0.00339	0.00314	0.00095	0.01897	0.00284	0.00184	0.00464
14	0.00700	0.00542	0.00735	0.01701	0.08470	0.03206	0.04612	0.05824	0.02680	0.06485	0.03988	0.08596	0.01050	0.18465	0.16120	0.02595	0.06087	0.04728	0.00232	0.03184
15	0.00440	0.00310	0.00390	0.00438	0.00477	0.00286	0.00295	0.00502	0.00662	0.02632	0.05014	0.61215	0.14852	0.10154	0.00555	0.00151	0.00205	0.00842	0.00304	0.00275
16	0.00836	0.06080	0.15773	0.03305	0.23102	0.04562	0.07526	0.02832	0.04282	0.10008	0.04342	0.06161	0.04049	0.00413	0.00358	0.00104	0.02867	0.00359	0.00220	0.02821

[dist]
# distance from previous block
# <min> <max>
1	57

[block]
# block no. 2 follows, 84 sequences, length 10
# corresponding to MSA columns:
# 1121-1130
name=unknown_C
#
# <colnr> <probs for GDERKNQSTAVLIFYWHMCP>
#	G	D	E	R	K	N	Q	S	T	A	V	L	I	F	Y	W	H	M	C	P
0	0.00632	0.07244	0.10172	0.00539	0.00707	0.02593	0.00472	0.06106	0.07786	0.04097	0.11989	0.16488	0.24033	0.03472	0.02057	0.00125	0.00277	0.00555	0.00285	0.00369
1	0.00701	0.00655	0.09792	0.02863	0.00819	0.02326	0.02069	0.02579	0.03911	0.08812	0.11570	0.06072	0.15100	0.00487	0.00327	0.00091	0.00270	0.00410	0.03437	0.27708
2	0.03619	0.00658	0.00811	0.00700	0.06491	0.03306	0.05686	0.10580	0.04827	0.04196	0.00980	0.05428	0.07239	0.00507	0.05168	0.00107	0.00333	0.00330	0.00238	0.38796
3	0.00605	0.00501	0.00709	0.07197	0.11008	0.01563	0.03140	0.03786	0.03325	0.00944	0.02916	0.18331	0.03269	0.13625	0.14631	0.00216	0.06924	0.01694	0.05272	0.00342
4	0.00671	0.00535	0.00749	0.04164	0.13172	0.03008	0.04634	0.07231	0.00707	0.03978	0.03499	0.06333	0.01001	0.23543	0.22999	0.00275	0.00497	0.02433	0.00218	0.00351
5	0.00668	0.00606	0.06269	0.05396	0.16296	0.00531	0.06601	0.04370	0.00834	0.06503	0.20732	0.05257	0.17252	0.03195	0.00414	0.00116	0.00299	0.03994	0.00273	0.00395
6	0.00642	0.05195	0.00781	0.03537	0.23073	0.00544	0.00541	0.05478	0.00848	0.03361	0.21997	0.05319	0.26182	0.00591	0.00364	0.00106	0.00261	0.00513	0.00277	0.00390
7	0.00948	0.01925	0.04583	0.14110	0.29265	0.03802	0.03731	0.11896	0.08795	0.13346	0.00851	0.03818	0.00659	0.00376	0.00337	0.00105	0.00383	0.00331	0.00241	0.00499
8	0.00942	0.05046	0.01331	0.03171	0.41660	0.03629	0.12477	0.20639	0.05469	0.01319	0.00705	0.00837	0.00554	0.00331	0.00336	0.00101	0.00413	0.00309	0.00214	0.00517
9	0.00830	0.00812	0.08108	0.19208	0.33743	0.02872	0.00856	0.06694	0.11203	0.05919	0.00891	0.02671	0.03955	0.00378	0.00337	0.00106	0.00384	0.00333	0.00216	0.00482

[dist]
# distance from previous block
# <min> <max>
19	33

[block]
# block no. 3 follows, 84 sequences, length 10
# corresponding to MSA columns:
# 1164-1173
name=unknown_D
#
# <colnr> <probs for GDERKNQSTAVLIFYWHMCP>
#	G	D	E	R	K	N	Q	S	T	A	V	L	I	F	Y	W	H	M	C	P
0	0.00903	0.01035	0.06152	0.01114	0.07277	0.20244	0.33427	0.04208	0.09261	0.02535	0.06173	0.00951	0.00715	0.00363	0.00387	0.00106	0.04153	0.00343	0.00208	0.00448
1	0.00765	0.03574	0.10139	0.13708	0.13285	0.13222	0.05285	0.04625	0.02885	0.02195	0.04068	0.03777	0.14036	0.00522	0.02690	0.00118	0.02258	0.02225	0.00214	0.00410
2	0.02206	0.02252	0.21262	0.16964	0.03706	0.02597	0.09510	0.04871	0.06752	0.03857	0.09304	0.11217	0.00985	0.00463	0.00369	0.00111	0.02522	0.00405	0.00223	0.00425
3	0.12219	0.00756	0.07883	0.25321	0.22374	0.04085	0.05422	0.00923	0.00698	0.02895	0.00756	0.10611	0.00683	0.02123	0.00371	0.01530	0.00391	0.00360	0.00187	0.00412
4	0.00657	0.00594	0.00630	0.00563	0.00689	0.09058	0.05788	0.06763	0.12965	0.01041	0.06359	0.06986	0.27136	0.16829	0.00620	0.00151	0.00299	0.02249	0.00278	0.00347
5	0.00494	0.00463	0.08965	0.00491	0.00567	0.00372	0.00392	0.00561	0.00576	0.00786	0.03333	0.19077	0.07179	0.23851	0.19243	0.12224	0.00418	0.00523	0.00218	0.00268
6	0.00743	0.00787	0.04493	0.05021	0.05476	0.04013	0.25064	0.02446	0.02486	0.00965	0.00744	0.01207	0.00684	0.06094	0.00695	0.00139	0.28303	0.08629	0.01617	0.00396
7	0.00741	0.01438	0.55199	0.01213	0.15857	0.04169	0.14518	0.01070	0.00741	0.01061	0.00616	0.00756	0.00457	0.00311	0.00333	0.00105	0.00495	0.00279	0.00151	0.00491
8	0.00574	0.00572	0.14464	0.00502	0.00627	0.00408	0.00448	0.00700	0.00646	0.03934	0.01323	0.04831	0.07984	0.33530	0.00860	0.00193	0.00306	0.13354	0.14439	0.00306
9	0.00801	0.00761	0.01272	0.04175	0.63848	0.00773	0.06837	0.01068	0.09158	0.01090	0.00734	0.00967	0.00620	0.05948	0.00426	0.00117	0.00394	0.00326	0.00186	0.00500

[dist]
# distance from previous block
# <min> <max>
15	98

[block]
# block no. 4 follows, 84 sequences, length 13
# corresponding to MSA columns:
# 1306-1311,1329-1335
name=unknown_E
#
# <colnr> <probs for GDERKNQSTAVLIFYWHMCP>
#	G	D	E	R	K	N	Q	S	T	A	V	L	I	F	Y	W	H	M	C	P
0	0.00617	0.00576	0.00960	0.81122	0.02178	0.00712	0.00885	0.00830	0.00673	0.00859	0.00745	0.04006	0.03714	0.00380	0.00341	0.00113	0.00428	0.00336	0.00161	0.00366
1	0.00893	0.00665	0.00768	0.00680	0.03337	0.01938	0.00521	0.35657	0.07950	0.03329	0.03413	0.11426	0.00959	0.00856	0.13220	0.05641	0.00402	0.02996	0.00286	0.05065
2	0.00463	0.00337	0.00400	0.00409	0.00455	0.00331	0.00280	0.00518	0.00595	0.00772	0.01724	0.06233	0.23142	0.41937	0.14633	0.00283	0.00368	0.06628	0.00240	0.00250
3	0.00673	0.01735	0.86471	0.00956	0.01452	0.00779	0.01240	0.01062	0.00708	0.01062	0.00602	0.00708	0.00425	0.00319	0.00319	0.00106	0.00496	0.00248	0.00142	0.00496
4	0.00736	0.00448	0.00539	0.00508	0.00609	0.00445	0.00366	0.06797	0.10715	0.16460	0.01512	0.32177	0.05332	0.20956	0.00689	0.00168	0.00261	0.00610	0.00310	0.00362
5	0.00681	0.00590	0.00734	0.00537	0.00819	0.00454	0.04278	0.00830	0.00697	0.01077	0.00684	0.06545	0.00613	0.00304	0.00267	0.00058	0.00259	0.00258	0.00205	0.80110
6	0.00904	0.12490	0.00833	0.00622	0.00759	0.20767	0.00481	0.04599	0.15905	0.05370	0.00741	0.00898	0.00619	0.00658	0.00663	0.32485	0.00372	0.00277	0.00209	0.00350
7	0.66958	0.00783	0.00613	0.00576	0.03907	0.12552	0.00440	0.01100	0.03556	0.06115	0.00559	0.00621	0.00428	0.00326	0.00237	0.00102	0.00314	0.00206	0.00217	0.00390
8	0.00630	0.01014	0.32619	0.00906	0.01181	0.00673	0.20402	0.00870	0.00686	0.00974	0.00972	0.16906	0.04221	0.00681	0.07996	0.00155	0.08073	0.00444	0.00190	0.00408
9	0.01016	0.08697	0.17534	0.03462	0.02080	0.17286	0.00726	0.25655	0.07510	0.05175	0.03644	0.00899	0.02967	0.00387	0.00319	0.00098	0.00415	0.00292	0.00245	0.01594
10	0.00464	0.00361	0.00411	0.00406	0.00496	0.00331	0.00297	0.03069	0.03212	0.01057	0.25865	0.15621	0.40872	0.05447	0.00467	0.00125	0.00187	0.00684	0.00323	0.00302
11	0.00694	0.03524	0.17497	0.00635	0.02754	0.05837	0.00580	0.02173	0.08273	0.04076	0.23998	0.01493	0.09627	0.00474	0.00333	0.00094	0.00298	0.00393	0.00263	0.16985
12	0.00470	0.00327	0.00397	0.00414	0.00437	0.00322	0.00268	0.00515	0.00588	0.00789	0.08874	0.18547	0.05130	0.50064	0.06750	0.00266	0.00316	0.05038	0.00247	0.00242

[dist]
# distance from previous block
# <min> <max>
0	3

[block]
# block no. 5 follows, 84 sequences, length 12
# corresponding to MSA columns:
# 1734-1745
name=unknown_F
#
# <colnr> <probs for GDERKNQSTAVLIFYWHMCP>
#	G	D	E	R	K	N	Q	S	T	A	V	L	I	F	Y	W	H	M	C	P
0	0.00860	0.17863	0.28378	0.00796	0.02555	0.00896	0.04018	0.10155	0.21128	0.05459	0.04071	0.00916	0.00715	0.00371	0.00313	0.00101	0.00379	0.00297	0.00234	0.00496
1	0.00634	0.00606	0.01042	0.78698	0.02205	0.00734	0.06156	0.00856	0.00682	0.00873	0.00709	0.00984	0.03721	0.00352	0.00342	0.00112	0.00444	0.00320	0.00157	0.00374
2	0.00519	0.00393	0.00538	0.00519	0.00569	0.00441	0.01930	0.00646	0.04765	0.00812	0.03257	0.05607	0.01056	0.26294	0.43796	0.00387	0.05161	0.00427	0.02595	0.00290
3	0.22523	0.02062	0.12042	0.04287	0.14646	0.01759	0.07672	0.14311	0.02827	0.04726	0.03756	0.03237	0.03989	0.00385	0.00312	0.00105	0.00360	0.00317	0.00230	0.00454
4	0.00512	0.00359	0.00413	0.00419	0.00472	0.00349	0.00280	0.00620	0.06693	0.03664	0.03303	0.20405	0.19122	0.38914	0.00970	0.00211	0.00256	0.02493	0.00271	0.00275
5	0.24896	0.00645	0.00719	0.00579	0.00812	0.00658	0.00474	0.14249	0.06198	0.41133	0.05575	0.01013	0.00805	0.00403	0.00306	0.00104	0.00283	0.00308	0.00341	0.00500
6	0.00829	0.19870	0.52669	0.00859	0.01250	0.17053	0.00989	0.01102	0.00748	0.00960	0.00558	0.00653	0.00427	0.00317	0.00294	0.00095	0.00488	0.00228	0.00148	0.00462
7	0.01973	0.00933	0.08403	0.00979	0.02183	0.02357	0.28882	0.31280	0.04597	0.07072	0.02233	0.00921	0.00624	0.02301	0.00391	0.00110	0.01471	0.00338	0.00255	0.02696
8	0.00410	0.00301	0.00385	0.00448	0.00483	0.00276	0.00304	0.00476	0.00672	0.00883	0.05465	0.72907	0.13743	0.01009	0.00423	0.00132	0.00190	0.00906	0.00314	0.00276
9	0.00476	0.00324	0.00365	0.00370	0.00380	0.00319	0.00214	0.00486	0.00518	0.00682	0.01281	0.07637	0.07600	0.76248	0.01530	0.00298	0.00306	0.00533	0.00218	0.00214
10	0.00846	0.14725	0.10500	0.04088	0.04917	0.18744	0.03379	0.07224	0.06368	0.01889	0.08664	0.09580	0.04192	0.00489	0.01294	0.00106	0.01977	0.00375	0.00225	0.00416
11	0.00693	0.00592	0.00690	0.00500	0.00788	0.00455	0.00399	0.00868	0.03413	0.01111	0.03432	0.00773	0.00602	0.00269	0.00256	0.00054	0.00246	0.00218	0.00209	0.84432

[dist]
# distance from previous block
# <min> <max>
68	226

# created by:
# /usr/local/bin/augustus/scripts/msa2prfl.pl /tmp/new_cug2/without_ca_b/actin-related-protein-class-4.fasta
