[name]
unknown

[dist]
# distance from previous block
# <min> <max>
1	8

[block]
# block no. 0 follows, 75 sequences, length 34
# corresponding to MSA columns:
# 8-41
name=unknown_A
#
# <colnr> <probs for GDERKNQSTAVLIFYWHMCP>
#	G	D	E	R	K	N	Q	S	T	A	V	L	I	F	Y	W	H	M	C	P
0	0.04394	0.08580	0.09420	0.01446	0.01859	0.02096	0.00601	0.13575	0.11375	0.12128	0.11458	0.05461	0.09565	0.02571	0.00410	0.00119	0.01270	0.00441	0.00318	0.02915
1	0.00487	0.00357	0.00449	0.00504	0.00551	0.00334	0.00343	0.03273	0.00747	0.00986	0.02112	0.69866	0.11336	0.04346	0.00511	0.00151	0.00223	0.00955	0.00335	0.02137
2	0.00534	0.00406	0.00575	0.00585	0.00644	0.00460	0.00441	0.00687	0.04485	0.00899	0.01220	0.19552	0.01249	0.04854	0.58857	0.00457	0.02993	0.00535	0.00235	0.00332
3	0.01357	0.01699	0.01035	0.00937	0.01130	0.80570	0.00705	0.03663	0.03810	0.00958	0.00607	0.00692	0.00499	0.00384	0.00334	0.00096	0.00643	0.00245	0.00200	0.00436
4	0.00863	0.01003	0.03631	0.01528	0.01896	0.00931	0.80452	0.01171	0.00860	0.01171	0.00737	0.00983	0.00554	0.00317	0.00446	0.00124	0.02225	0.00428	0.00185	0.00494
5	0.00762	0.00653	0.00762	0.00544	0.00870	0.00490	0.00435	0.00925	0.00762	0.01197	0.00653	0.00762	0.00544	0.00272	0.00272	0.00054	0.00272	0.00218	0.00218	0.89338
6	0.00481	0.00371	0.00438	0.00427	0.00526	0.00329	0.00318	0.00616	0.00940	0.01248	0.47120	0.06972	0.37201	0.00844	0.00435	0.00121	0.00180	0.00728	0.00375	0.00329
7	0.00516	0.00375	0.00486	0.00458	0.00547	0.00345	0.00344	0.00686	0.01031	0.01453	0.81310	0.02776	0.06775	0.00758	0.00433	0.00116	0.00174	0.00669	0.00402	0.00345
8	0.00448	0.00354	0.00396	0.00423	0.00504	0.00311	0.00298	0.00529	0.00781	0.00974	0.05970	0.30517	0.49536	0.06590	0.00539	0.00147	0.00205	0.00843	0.00336	0.00302
9	0.00982	0.87313	0.01925	0.00628	0.00943	0.01453	0.00628	0.01100	0.00746	0.00864	0.00511	0.00589	0.00471	0.00314	0.00236	0.00079	0.00393	0.00196	0.00157	0.00471
10	0.01372	0.01750	0.01041	0.00946	0.01135	0.85618	0.00710	0.01467	0.01041	0.00899	0.00568	0.00662	0.00473	0.00378	0.00331	0.00095	0.00662	0.00237	0.00189	0.00426
11	0.89687	0.00710	0.00540	0.00483	0.00710	0.00824	0.00398	0.01080	0.00625	0.01648	0.00511	0.00597	0.00398	0.00341	0.00227	0.00114	0.00284	0.00199	0.00227	0.00398
12	0.01344	0.01003	0.01073	0.00835	0.01119	0.01115	0.00685	0.74760	0.10628	0.02231	0.00948	0.00935	0.00678	0.00447	0.00368	0.00112	0.00392	0.00340	0.00368	0.00620
13	0.66315	0.00738	0.00615	0.00533	0.00760	0.04002	0.00435	0.06087	0.00761	0.10726	0.00678	0.00732	0.00501	0.00366	0.00257	0.00111	0.00302	0.00235	0.05411	0.00434
14	0.00797	0.00829	0.04595	0.00646	0.00815	0.17319	0.00520	0.05037	0.17342	0.01249	0.18101	0.04697	0.22155	0.00661	0.00398	0.00118	0.00332	0.03646	0.00322	0.00420
15	0.00441	0.00354	0.00394	0.00424	0.00511	0.00307	0.00303	0.00526	0.00795	0.00986	0.05330	0.33060	0.53275	0.01003	0.00446	0.00133	0.00195	0.00867	0.00343	0.00307
16	0.00885	0.00848	0.01447	0.11742	0.75504	0.00866	0.01115	0.01106	0.00825	0.01170	0.00687	0.00917	0.00571	0.00332	0.00364	0.00111	0.00442	0.00327	0.00180	0.00562
17	0.04831	0.00633	0.00809	0.00636	0.00892	0.00584	0.00520	0.09667	0.01073	0.63283	0.04095	0.03781	0.00993	0.00478	0.00362	0.00113	0.00304	0.00387	0.05981	0.00580
18	0.89687	0.00710	0.00540	0.00483	0.00710	0.00824	0.00398	0.01080	0.00625	0.01648	0.00511	0.00597	0.00398	0.00341	0.00227	0.00114	0.00284	0.00199	0.00227	0.00398
19	0.00534	0.00358	0.00410	0.00410	0.00413	0.00361	0.00234	0.00540	0.00537	0.00719	0.01149	0.02356	0.01314	0.82885	0.06049	0.00368	0.00387	0.00527	0.00221	0.00228
20	0.05863	0.00742	0.00888	0.00692	0.00964	0.00736	0.00569	0.25975	0.04376	0.48928	0.03200	0.01152	0.00869	0.00453	0.00360	0.00112	0.00330	0.00357	0.02837	0.00598
21	0.84244	0.00718	0.00574	0.03231	0.00781	0.00833	0.00426	0.03506	0.00661	0.01645	0.00527	0.00617	0.00407	0.00345	0.00236	0.00114	0.00294	0.00207	0.00229	0.00405
22	0.00874	0.22654	0.45686	0.00980	0.01418	0.01036	0.10962	0.08347	0.02616	0.01200	0.00670	0.00777	0.00505	0.00347	0.00333	0.00108	0.00498	0.00281	0.00182	0.00527
23	0.00846	0.34015	0.43373	0.00882	0.01299	0.02678	0.04361	0.01158	0.03935	0.01054	0.00672	0.02975	0.00547	0.00361	0.00313	0.00103	0.00473	0.00275	0.00171	0.00507
24	0.00853	0.00843	0.01370	0.17595	0.44431	0.04761	0.11257	0.01116	0.05354	0.01131	0.00805	0.05495	0.00690	0.00439	0.02172	0.00126	0.00471	0.00380	0.00198	0.00511
25	0.00762	0.00653	0.00762	0.00544	0.00870	0.00490	0.00435	0.00925	0.00762	0.01197	0.00653	0.00762	0.00544	0.00272	0.00272	0.00054	0.00272	0.00218	0.00218	0.89338
26	0.00938	0.04368	0.01379	0.17324	0.51747	0.03079	0.03697	0.04950	0.00871	0.05644	0.00746	0.02295	0.00606	0.00360	0.00363	0.00111	0.00444	0.00337	0.00203	0.00538
27	0.03675	0.00535	0.00606	0.00540	0.00684	0.00551	0.00415	0.09063	0.12158	0.11929	0.13933	0.07516	0.09592	0.06279	0.00483	0.00130	0.02282	0.00500	0.18702	0.00427
28	0.00631	0.00526	0.00572	0.00571	0.00630	0.07561	0.00407	0.03160	0.04217	0.00918	0.01316	0.21689	0.02685	0.26088	0.22389	0.00314	0.02936	0.02815	0.00255	0.00320
29	0.04955	0.01153	0.36486	0.00821	0.01158	0.00714	0.02821	0.04667	0.02137	0.21052	0.00947	0.01994	0.00726	0.08435	0.08031	0.00180	0.02620	0.00344	0.00254	0.00505
30	0.00875	0.00694	0.00868	0.00712	0.00907	0.00741	0.02514	0.25988	0.00979	0.01386	0.00830	0.01053	0.00699	0.01253	0.31225	0.00276	0.07931	0.00330	0.00250	0.20492
31	0.01370	0.01058	0.00972	0.00796	0.01043	0.21492	0.00635	0.34947	0.06932	0.20662	0.01013	0.02988	0.00738	0.00449	0.00358	0.00108	0.00427	0.00339	0.03114	0.00557
32	0.00476	0.00356	0.00425	0.00451	0.00527	0.00322	0.00326	0.00566	0.00800	0.01038	0.14807	0.28620	0.35040	0.02613	0.02262	0.03782	0.00224	0.04647	0.02410	0.00307
33	0.00520	0.00387	0.00462	0.00450	0.00550	0.00351	0.00335	0.00681	0.03589	0.03039	0.44083	0.11612	0.30911	0.00839	0.00434	0.00122	0.00188	0.00727	0.00376	0.00343

[dist]
# distance from previous block
# <min> <max>
13	45

[block]
# block no. 1 follows, 75 sequences, length 6
# corresponding to MSA columns:
# 89-94
name=unknown_B
#
# <colnr> <probs for GDERKNQSTAVLIFYWHMCP>
#	G	D	E	R	K	N	Q	S	T	A	V	L	I	F	Y	W	H	M	C	P
0	0.01064	0.01043	0.06545	0.05937	0.15787	0.18183	0.09459	0.12061	0.03212	0.10189	0.03922	0.05880	0.02682	0.00459	0.00377	0.00114	0.00461	0.01857	0.00263	0.00504
1	0.01527	0.00675	0.00862	0.00667	0.00942	0.00624	0.00549	0.15255	0.01149	0.65849	0.01504	0.01339	0.06342	0.00483	0.00373	0.00114	0.00319	0.00389	0.00433	0.00604
2	0.00987	0.00934	0.06388	0.04727	0.01688	0.00827	0.56499	0.01261	0.00880	0.17080	0.00879	0.01046	0.00631	0.00441	0.03872	0.00140	0.00566	0.00406	0.00235	0.00512
3	0.00881	0.04758	0.26319	0.04752	0.12496	0.03760	0.25083	0.03416	0.02553	0.05793	0.00866	0.04365	0.02467	0.00391	0.00380	0.00117	0.00504	0.00376	0.00207	0.00514
4	0.00851	0.01059	0.15823	0.07749	0.03274	0.17320	0.02418	0.08088	0.00893	0.01137	0.07365	0.12349	0.04282	0.00662	0.03896	0.00141	0.09946	0.02078	0.00238	0.00432
5	0.00806	0.00835	0.01092	0.72086	0.02299	0.14863	0.00969	0.01026	0.00785	0.00932	0.00639	0.00927	0.00487	0.00369	0.00361	0.00118	0.00518	0.00312	0.00168	0.00411

[dist]
# distance from previous block
# <min> <max>
1	1

[block]
# block no. 2 follows, 75 sequences, length 15
# corresponding to MSA columns:
# 97-111
name=unknown_C
#
# <colnr> <probs for GDERKNQSTAVLIFYWHMCP>
#	G	D	E	R	K	N	Q	S	T	A	V	L	I	F	Y	W	H	M	C	P
0	0.13887	0.00439	0.00482	0.00510	0.00598	0.00448	0.00365	0.00761	0.09714	0.01131	0.04973	0.48838	0.12805	0.02770	0.00447	0.00141	0.00230	0.00789	0.00327	0.00345
1	0.00447	0.00320	0.00426	0.00511	0.00533	0.00298	0.00341	0.00511	0.00703	0.00938	0.02024	0.86853	0.02429	0.01151	0.00469	0.00149	0.00213	0.01044	0.00341	0.00298
2	0.00840	0.00793	0.01196	0.18680	0.33261	0.05873	0.05151	0.02616	0.00803	0.03354	0.00880	0.13802	0.00831	0.00501	0.00473	0.00123	0.09704	0.00435	0.00211	0.00473
3	0.00516	0.00404	0.00584	0.00768	0.13172	0.00385	0.00457	0.00604	0.00728	0.00979	0.01885	0.70979	0.05095	0.01019	0.00452	0.00142	0.00246	0.00927	0.00317	0.00341
4	0.00870	0.00955	0.10109	0.27781	0.07262	0.09814	0.04215	0.13262	0.05197	0.01228	0.01185	0.01306	0.13171	0.00467	0.00385	0.00117	0.01588	0.00388	0.00235	0.00466
5	0.00799	0.00631	0.00826	0.04194	0.00904	0.00752	0.00597	0.22082	0.00885	0.01238	0.00866	0.01180	0.00758	0.01734	0.47115	0.00381	0.14041	0.00363	0.00234	0.00419
6	0.00726	0.00614	0.00736	0.00551	0.00838	0.00485	0.00439	0.00884	0.00736	0.01145	0.00702	0.00864	0.00600	0.00644	0.13077	0.00135	0.00379	0.00244	0.00214	0.75986
7	0.00542	0.00421	0.00519	0.00513	0.00631	0.00382	0.00401	0.00663	0.00781	0.01040	0.07492	0.12271	0.24815	0.06217	0.09703	0.00190	0.00332	0.19113	0.00303	0.13669
8	0.00888	0.04130	0.33103	0.02294	0.07395	0.03398	0.06544	0.17505	0.01940	0.03191	0.01212	0.02669	0.13191	0.00467	0.00371	0.00115	0.00443	0.00388	0.00243	0.00514
9	0.00865	0.01069	0.13691	0.08308	0.01213	0.11349	0.00870	0.01117	0.09679	0.01003	0.00643	0.00858	0.00548	0.00527	0.00808	0.00139	0.46366	0.00314	0.00187	0.00446
10	0.61522	0.06019	0.00764	0.00614	0.00808	0.10050	0.00506	0.01093	0.00668	0.01406	0.00513	0.00634	0.00423	0.00389	0.00386	0.00117	0.13252	0.00221	0.00209	0.00406
11	0.14036	0.00561	0.04153	0.05645	0.00792	0.00523	0.00465	0.00906	0.03625	0.10311	0.25389	0.02202	0.24865	0.00659	0.00412	0.00120	0.03036	0.01573	0.00331	0.00396
12	0.00481	0.00374	0.00437	0.00421	0.00525	0.00330	0.00316	0.00617	0.00947	0.01253	0.47658	0.03105	0.40552	0.00833	0.00434	0.00119	0.00179	0.00715	0.00375	0.00330
13	0.00824	0.05609	0.18459	0.00899	0.05526	0.07212	0.06659	0.04786	0.17668	0.01306	0.16640	0.01634	0.01356	0.00526	0.00387	0.00120	0.00396	0.09232	0.00281	0.00481
14	0.01201	0.26309	0.01320	0.00872	0.02812	0.42779	0.00702	0.10155	0.00982	0.01046	0.00580	0.00683	0.00492	0.00389	0.00387	0.00098	0.08290	0.00245	0.00196	0.00461

[dist]
# distance from previous block
# <min> <max>
1	1

[block]
# block no. 3 follows, 75 sequences, length 13
# corresponding to MSA columns:
# 114-126
name=unknown_D
#
# <colnr> <probs for GDERKNQSTAVLIFYWHMCP>
#	G	D	E	R	K	N	Q	S	T	A	V	L	I	F	Y	W	H	M	C	P
0	0.01027	0.33893	0.09796	0.02527	0.01027	0.14432	0.00680	0.12079	0.02056	0.03061	0.00645	0.00775	0.00537	0.00494	0.00467	0.13391	0.00437	0.00257	0.00202	0.02218
1	0.07475	0.41857	0.09138	0.02469	0.01061	0.01187	0.00699	0.19246	0.04293	0.06334	0.00703	0.00755	0.00552	0.00372	0.00314	0.00098	0.02439	0.00258	0.00235	0.00517
2	0.00647	0.13358	0.00755	0.00620	0.00737	0.00551	0.00532	0.00784	0.00812	0.03565	0.01847	0.17652	0.07361	0.00911	0.00451	0.00148	0.00314	0.48281	0.00315	0.00358
3	0.00722	0.01631	0.68102	0.01019	0.01484	0.00793	0.05672	0.01104	0.00791	0.01154	0.00855	0.01289	0.00716	0.00446	0.00377	0.00125	0.00516	0.12510	0.00184	0.00510
4	0.00758	0.07362	0.14806	0.10356	0.13837	0.00758	0.10978	0.02981	0.04199	0.03099	0.01122	0.22909	0.02185	0.00574	0.00400	0.00124	0.01414	0.01441	0.00237	0.00459
5	0.00521	0.00431	0.00572	0.00707	0.13079	0.00395	0.00433	0.00635	0.00825	0.01074	0.14044	0.28017	0.36141	0.00881	0.00434	0.00128	0.00230	0.00774	0.00326	0.00352
6	0.00610	0.00319	0.00471	0.00483	0.00487	0.00316	0.00322	0.00483	0.00512	0.00683	0.00845	0.13895	0.00905	0.01257	0.01291	0.76025	0.00303	0.00427	0.00187	0.00180
7	0.05622	0.08597	0.01054	0.00816	0.02969	0.11439	0.06713	0.20608	0.06586	0.03744	0.00786	0.00954	0.00640	0.00777	0.08929	0.14250	0.04505	0.00318	0.00245	0.00448
8	0.00770	0.04745	0.03078	0.00835	0.00949	0.04626	0.07462	0.06730	0.00716	0.01001	0.00747	0.01081	0.00680	0.02791	0.33707	0.00316	0.28819	0.00352	0.00193	0.00402
9	0.00629	0.00503	0.00627	0.00583	0.00681	0.00545	0.00456	0.00896	0.12880	0.02890	0.38314	0.06347	0.14146	0.00752	0.00544	0.00129	0.13060	0.05282	0.00349	0.00386
10	0.00561	0.00421	0.00515	0.00523	0.00583	0.00444	0.00365	0.00773	0.13086	0.00970	0.05362	0.24147	0.04857	0.26368	0.19053	0.00297	0.00428	0.00635	0.00284	0.00327
11	0.00887	0.04528	0.04306	0.02096	0.03926	0.14887	0.08925	0.07679	0.17405	0.01178	0.01985	0.07384	0.00922	0.04265	0.16756	0.00216	0.01540	0.00410	0.00252	0.00454
12	0.00942	0.09512	0.11130	0.06028	0.11541	0.10374	0.16243	0.05600	0.13275	0.01185	0.00771	0.00910	0.00607	0.00399	0.00453	0.00117	0.09866	0.00330	0.00213	0.00506

[dist]
# distance from previous block
# <min> <max>
7	19

[block]
# block no. 4 follows, 75 sequences, length 11
# corresponding to MSA columns:
# 151-161
name=unknown_E
#
# <colnr> <probs for GDERKNQSTAVLIFYWHMCP>
#	G	D	E	R	K	N	Q	S	T	A	V	L	I	F	Y	W	H	M	C	P
0	0.00791	0.01015	0.17341	0.00980	0.01085	0.01072	0.00910	0.00938	0.00604	0.00938	0.00516	0.00798	0.00479	0.00586	0.01040	0.00152	0.69855	0.00312	0.00160	0.00429
1	0.00805	0.00705	0.00850	0.00649	0.00904	0.00663	0.00526	0.04371	0.05589	0.01202	0.00678	0.00810	0.00569	0.00364	0.00462	0.00081	0.16896	0.00254	0.00222	0.63401
2	0.00537	0.00414	0.00512	0.00496	0.00612	0.00360	0.00369	0.00659	0.00826	0.01139	0.22932	0.29527	0.13550	0.02512	0.00447	0.00124	0.00223	0.06941	0.00331	0.17489
3	0.00494	0.00354	0.00461	0.00519	0.00559	0.00338	0.00356	0.03864	0.00783	0.01054	0.11489	0.73719	0.02476	0.01076	0.00461	0.00144	0.00216	0.00972	0.00349	0.00317
4	0.00483	0.00355	0.00429	0.00461	0.00536	0.00318	0.00330	0.00577	0.00810	0.02901	0.14378	0.41262	0.32027	0.00996	0.00450	0.00135	0.00203	0.02680	0.00352	0.00318
5	0.00844	0.00720	0.00755	0.00680	0.00875	0.00808	0.00529	0.05579	0.64130	0.01469	0.01895	0.01764	0.17211	0.00579	0.00385	0.00124	0.00276	0.00481	0.00367	0.00531
6	0.00831	0.01671	0.60890	0.00979	0.01424	0.08950	0.01146	0.01344	0.16881	0.01210	0.00812	0.00879	0.00593	0.00381	0.00352	0.00116	0.00506	0.00296	0.00201	0.00539
7	0.01214	0.01017	0.20627	0.00846	0.01164	0.00780	0.05404	0.14499	0.01024	0.35168	0.01095	0.01084	0.03290	0.00450	0.00451	0.00118	0.08914	0.00349	0.00319	0.02186
8	0.00911	0.00604	0.00743	0.00577	0.00852	0.00481	0.00466	0.01064	0.00826	0.18702	0.01030	0.06695	0.00891	0.00437	0.00327	0.00084	0.00283	0.08134	0.00287	0.56606
9	0.00622	0.00467	0.00566	0.00539	0.00652	0.00435	0.00391	0.08543	0.00819	0.01131	0.06830	0.38976	0.03117	0.12074	0.01926	0.00159	0.00276	0.04670	0.00306	0.17501
10	0.06779	0.01226	0.00863	0.00798	0.00966	0.46461	0.00599	0.06082	0.13136	0.01129	0.00999	0.17400	0.00949	0.00546	0.00359	0.00112	0.00482	0.00421	0.00258	0.00434

[dist]
# distance from previous block
# <min> <max>
6	6

[block]
# block no. 5 follows, 75 sequences, length 21
# corresponding to MSA columns:
# 170-190
name=unknown_F
#
# <colnr> <probs for GDERKNQSTAVLIFYWHMCP>
#	G	D	E	R	K	N	Q	S	T	A	V	L	I	F	Y	W	H	M	C	P
0	0.00941	0.01014	0.05325	0.10630	0.36497	0.15956	0.08345	0.01166	0.02827	0.03245	0.03390	0.01083	0.02812	0.00397	0.00388	0.00113	0.02356	0.01991	0.01022	0.00502
1	0.00659	0.00497	0.00725	0.00917	0.15727	0.00496	0.00639	0.00842	0.02139	0.02067	0.01694	0.08746	0.03405	0.00842	0.00456	0.00149	0.00331	0.52448	0.06833	0.00386
2	0.00890	0.00447	0.00532	0.00499	0.00634	0.00435	0.00401	0.02612	0.04201	0.19208	0.01414	0.04244	0.01187	0.00562	0.00338	0.00110	0.00241	0.15010	0.46622	0.00416
3	0.00806	0.03271	0.37444	0.01063	0.01452	0.00814	0.27464	0.05049	0.00849	0.01252	0.00789	0.00951	0.00588	0.00354	0.00358	0.00112	0.00491	0.00337	0.16062	0.00494
4	0.00604	0.00511	0.00789	0.02158	0.00855	0.00476	0.15214	0.00799	0.04041	0.03559	0.21661	0.10881	0.28101	0.00767	0.00438	0.00128	0.00290	0.08024	0.00329	0.00374
5	0.00477	0.00348	0.00421	0.00464	0.00508	0.00325	0.00316	0.00542	0.00710	0.00919	0.04332	0.40187	0.20144	0.22109	0.00806	0.00195	0.00250	0.06349	0.00313	0.00286
6	0.00518	0.00353	0.00425	0.00440	0.00451	0.00357	0.00268	0.00543	0.00570	0.00767	0.01294	0.17382	0.01487	0.62941	0.10366	0.00344	0.00396	0.00610	0.00241	0.00247
7	0.00700	0.01624	0.70050	0.00931	0.01377	0.00764	0.01154	0.01051	0.00732	0.01083	0.00748	0.01066	0.00621	0.15837	0.00620	0.00159	0.00509	0.00318	0.00167	0.00486
8	0.00937	0.01047	0.16065	0.02620	0.09263	0.03498	0.05636	0.14092	0.35119	0.01474	0.01162	0.03279	0.03225	0.00458	0.00373	0.00119	0.00397	0.00388	0.00293	0.00553
9	0.00678	0.00608	0.00524	0.00507	0.00551	0.15583	0.00325	0.00707	0.00642	0.00767	0.01167	0.02094	0.05202	0.62758	0.06163	0.00311	0.00437	0.00485	0.00221	0.00269
10	0.17534	0.05126	0.00878	0.00741	0.00917	0.44700	0.00560	0.07249	0.00911	0.01107	0.00683	0.00974	0.00624	0.15856	0.00585	0.00145	0.00507	0.00288	0.00214	0.00401
11	0.00731	0.00665	0.00593	0.00554	0.00660	0.15630	0.00403	0.06589	0.02426	0.01172	0.25315	0.07767	0.14927	0.16954	0.00676	0.00159	0.00318	0.00566	0.03542	0.00352
12	0.02110	0.02680	0.00778	0.00564	0.00850	0.00549	0.02362	0.07528	0.00858	0.02740	0.01230	0.01274	0.15571	0.00409	0.00313	0.00075	0.00279	0.00333	0.00254	0.59244
13	0.01325	0.00616	0.00778	0.00604	0.00867	0.00543	0.00492	0.05104	0.03794	0.52487	0.01250	0.01167	0.00843	0.00419	0.00337	0.00100	0.00290	0.00339	0.12220	0.16426
14	0.00518	0.00349	0.00422	0.00455	0.00522	0.00323	0.00326	0.00629	0.00803	0.02117	0.15504	0.38908	0.17365	0.00904	0.00419	0.00128	0.00200	0.03578	0.16206	0.00321
15	0.00587	0.00501	0.00586	0.00573	0.00652	0.06715	0.00438	0.00699	0.00668	0.00888	0.01440	0.01794	0.15847	0.07525	0.53101	0.00425	0.04046	0.00455	0.02733	0.00328
16	0.00526	0.00396	0.00494	0.00485	0.00577	0.00387	0.00368	0.00708	0.04910	0.01207	0.37396	0.06822	0.20162	0.02376	0.15663	0.00209	0.00337	0.03606	0.03030	0.00342
17	0.04567	0.00846	0.02742	0.00717	0.00982	0.00865	0.00598	0.49104	0.01384	0.16951	0.01472	0.01409	0.15667	0.00525	0.00374	0.00114	0.00347	0.00411	0.00369	0.00558
18	0.00859	0.03302	0.00757	0.03231	0.00856	0.18968	0.00519	0.15626	0.01044	0.01250	0.09676	0.04140	0.29939	0.00676	0.00416	0.00117	0.02381	0.05535	0.00304	0.00406
19	0.00762	0.03410	0.05302	0.00883	0.01197	0.00669	0.28094	0.03311	0.00838	0.01174	0.01233	0.01332	0.15562	0.00412	0.00360	0.00095	0.00393	0.00394	0.00228	0.34350
20	0.03870	0.00710	0.01069	0.00803	0.01091	0.00648	0.15332	0.07332	0.01012	0.52850	0.01195	0.01187	0.00811	0.04619	0.00444	0.00124	0.00373	0.00372	0.00369	0.05791

[dist]
# distance from previous block
# <min> <max>
1	1

[block]
# block no. 6 follows, 75 sequences, length 6
# corresponding to MSA columns:
# 193-198
name=unknown_G
#
# <colnr> <probs for GDERKNQSTAVLIFYWHMCP>
#	G	D	E	R	K	N	Q	S	T	A	V	L	I	F	Y	W	H	M	C	P
0	0.00487	0.00349	0.00466	0.00512	0.00562	0.00328	0.00369	0.00600	0.00833	0.01138	0.30363	0.49423	0.02752	0.00999	0.00461	0.00140	0.00212	0.09325	0.00362	0.00319
1	0.01114	0.00716	0.00827	0.00697	0.00896	0.00747	0.00548	0.40943	0.01259	0.16128	0.01372	0.30455	0.01293	0.00687	0.00403	0.00124	0.00323	0.00582	0.00373	0.00513
2	0.00773	0.00563	0.00658	0.00626	0.00741	0.00587	0.00464	0.29024	0.01055	0.01410	0.01632	0.57343	0.01810	0.00907	0.00434	0.00136	0.00279	0.00799	0.00350	0.00410
3	0.00498	0.00368	0.00534	0.00563	0.00614	0.00404	0.00419	0.00606	0.00629	0.00882	0.01341	0.30760	0.01437	0.02204	0.56403	0.00439	0.00719	0.00617	0.00246	0.00318
4	0.14622	0.00617	0.00751	0.00633	0.00835	0.00642	0.00513	0.13078	0.00925	0.31538	0.01065	0.01164	0.00793	0.01225	0.29616	0.00277	0.00552	0.00346	0.00319	0.00488
5	0.05354	0.00738	0.00859	0.00699	0.00936	0.00758	0.00566	0.31780	0.06022	0.30419	0.05322	0.10112	0.01112	0.00551	0.00380	0.00119	0.00328	0.03001	0.00389	0.00556

[dist]
# distance from previous block
# <min> <max>
6	6

[block]
# block no. 7 follows, 75 sequences, length 24
# corresponding to MSA columns:
# 207-230
name=unknown_H
#
# <colnr> <probs for GDERKNQSTAVLIFYWHMCP>
#	G	D	E	R	K	N	Q	S	T	A	V	L	I	F	Y	W	H	M	C	P
0	0.00677	0.00460	0.00577	0.00514	0.00634	0.00443	0.00395	0.09745	0.01115	0.06132	0.70979	0.02460	0.03018	0.00701	0.00423	0.00115	0.00206	0.00612	0.00403	0.00392
1	0.00488	0.00359	0.00456	0.00463	0.00537	0.00328	0.00336	0.00619	0.00917	0.01256	0.50183	0.26456	0.14467	0.00888	0.00443	0.00126	0.00186	0.00786	0.00378	0.00328
2	0.00908	0.54937	0.05844	0.00634	0.00919	0.01166	0.00611	0.08064	0.06723	0.01071	0.01155	0.01171	0.14590	0.00443	0.00296	0.00094	0.00360	0.00324	0.00221	0.00469
3	0.01001	0.15129	0.00908	0.00591	0.00797	0.00822	0.00494	0.30963	0.01143	0.03926	0.07026	0.01214	0.03142	0.00451	0.00314	0.00097	0.00297	0.00349	0.30862	0.00474
4	0.74940	0.00763	0.00634	0.00543	0.00782	0.00877	0.00448	0.14859	0.00809	0.01759	0.00573	0.00644	0.00436	0.00358	0.00251	0.00113	0.00304	0.00221	0.00251	0.00436
5	0.15740	0.48927	0.11791	0.00708	0.00987	0.01223	0.00707	0.01071	0.00701	0.01035	0.00525	0.00647	0.00460	0.00374	0.00399	0.00102	0.13754	0.00225	0.00169	0.00457
6	0.58205	0.15231	0.03613	0.07823	0.00962	0.00952	0.00541	0.06888	0.00737	0.01488	0.00554	0.00654	0.00436	0.00346	0.00254	0.00108	0.00337	0.00221	0.00218	0.00432
7	0.23026	0.00468	0.00519	0.00488	0.00606	0.00498	0.00375	0.00816	0.00780	0.04034	0.29718	0.01759	0.02712	0.07144	0.19202	0.00234	0.00397	0.00448	0.06422	0.00355
8	0.00892	0.00638	0.00687	0.00589	0.00763	0.00683	0.00465	0.26011	0.15982	0.01670	0.15301	0.01635	0.08400	0.00541	0.00356	0.00108	0.00265	0.00442	0.24104	0.00468
9	0.14786	0.00801	0.00933	0.00776	0.00935	0.00961	0.02063	0.25868	0.06672	0.02881	0.01794	0.00934	0.00651	0.00569	0.03380	0.00142	0.27680	0.00322	0.07373	0.00478
10	0.00846	0.00624	0.00747	0.00639	0.00785	0.00680	0.00511	0.16729	0.07284	0.08829	0.24388	0.01991	0.18661	0.00665	0.00540	0.00124	0.14646	0.00521	0.00346	0.00444
11	0.00634	0.00477	0.00557	0.00513	0.00642	0.00472	0.00392	0.02895	0.16778	0.04072	0.47936	0.02551	0.19207	0.00722	0.00418	0.00119	0.00208	0.00622	0.00387	0.00399
12	0.00779	0.00645	0.00746	0.00569	0.00843	0.00547	0.00451	0.06798	0.07949	0.01350	0.14763	0.01153	0.01087	0.00383	0.00314	0.00074	0.00266	0.00317	0.00273	0.60692
13	0.00562	0.00440	0.00521	0.00462	0.00605	0.00383	0.00353	0.03105	0.00957	0.01318	0.45650	0.02578	0.25469	0.00712	0.00405	0.00108	0.00200	0.00611	0.00354	0.15208
14	0.00513	0.00383	0.00518	0.00512	0.00586	0.00404	0.00387	0.00637	0.00715	0.00993	0.17702	0.02095	0.14452	0.08699	0.47729	0.00398	0.00638	0.00516	0.01803	0.00321
15	0.00826	0.34873	0.31111	0.00832	0.01184	0.03922	0.05479	0.01065	0.00747	0.00986	0.00657	0.00822	0.00549	0.00736	0.14554	0.00180	0.00566	0.00270	0.00166	0.00472
16	0.74830	0.00909	0.14678	0.00577	0.00857	0.00829	0.00558	0.01094	0.00650	0.01567	0.00536	0.00626	0.00409	0.00342	0.00248	0.00114	0.00327	0.00211	0.00215	0.00422
17	0.15449	0.00468	0.00583	0.00540	0.00618	0.00487	0.06176	0.00700	0.00611	0.00956	0.01105	0.05372	0.01195	0.48143	0.08945	0.00297	0.00413	0.07417	0.00233	0.00293
18	0.03713	0.00708	0.00879	0.00703	0.00922	0.00721	0.06349	0.23684	0.09119	0.23276	0.02975	0.01539	0.08037	0.14958	0.00627	0.00156	0.00350	0.00430	0.00348	0.00506
19	0.00615	0.00451	0.00544	0.00550	0.00635	0.00447	0.00399	0.14412	0.00930	0.01240	0.11992	0.53018	0.10337	0.00960	0.00445	0.00136	0.00239	0.01936	0.00353	0.00360
20	0.08320	0.00639	0.00713	0.00634	0.04126	0.03949	0.00463	0.02227	0.04446	0.05511	0.01058	0.21990	0.01040	0.00523	0.00334	0.00094	0.00286	0.00443	0.00268	0.42938
21	0.19615	0.00836	0.00851	0.00671	0.00947	0.04127	0.00545	0.27806	0.07427	0.10301	0.00840	0.00859	0.00618	0.00381	0.00314	0.00098	0.00338	0.00282	0.00303	0.22843
22	0.01306	0.00865	0.00970	0.00742	0.01031	0.00890	0.00609	0.50151	0.03289	0.17608	0.00973	0.00956	0.00685	0.00416	0.00349	0.00101	0.00355	0.00321	0.02950	0.15433
23	0.00738	0.00580	0.00637	0.02925	0.00778	0.00589	0.00464	0.21587	0.06937	0.01391	0.05328	0.02685	0.43197	0.00764	0.00419	0.00125	0.00273	0.09818	0.00347	0.00416

[dist]
# distance from previous block
# <min> <max>
1	2

[block]
# block no. 8 follows, 75 sequences, length 17
# corresponding to MSA columns:
# 234-250
name=unknown_I
#
# <colnr> <probs for GDERKNQSTAVLIFYWHMCP>
#	G	D	E	R	K	N	Q	S	T	A	V	L	I	F	Y	W	H	M	C	P
0	0.00657	0.00559	0.00671	0.15432	0.01026	0.05463	0.00578	0.06208	0.00891	0.01115	0.04757	0.08022	0.22522	0.00806	0.00440	0.00138	0.00336	0.29708	0.00304	0.00365
1	0.00965	0.50158	0.02866	0.05688	0.01050	0.16603	0.00672	0.01100	0.00817	0.00920	0.00780	0.01244	0.00757	0.00451	0.00310	0.00100	0.00441	0.14446	0.00195	0.00437
2	0.00582	0.15462	0.00702	0.00475	0.00615	0.00559	0.00378	0.00749	0.06304	0.01060	0.15459	0.10267	0.38059	0.04969	0.02657	0.00140	0.00258	0.00637	0.00312	0.00357
3	0.31004	0.00633	0.00679	0.00559	0.00796	0.00630	0.00456	0.06097	0.00910	0.37643	0.01495	0.01405	0.15233	0.00498	0.00333	0.00115	0.00286	0.00380	0.00353	0.00494
4	0.74430	0.00696	0.00594	0.00513	0.00750	0.00775	0.00422	0.01203	0.00699	0.16102	0.00674	0.00710	0.00486	0.00361	0.00252	0.00114	0.00289	0.00228	0.00267	0.00437
5	0.16921	0.00684	0.00965	0.54265	0.01890	0.00830	0.00830	0.06417	0.00781	0.03588	0.00717	0.00951	0.01851	0.00396	0.00389	0.00121	0.05436	0.00312	0.02231	0.00423
6	0.01009	0.59543	0.03594	0.15472	0.01232	0.01215	0.00702	0.01159	0.00783	0.11331	0.00655	0.00743	0.00529	0.00342	0.00278	0.00091	0.00403	0.00242	0.00195	0.00481
7	0.00557	0.15440	0.00680	0.00451	0.00595	0.00521	0.00366	0.00678	0.00876	0.01107	0.25932	0.04219	0.43989	0.00778	0.00402	0.00115	0.00222	0.02396	0.00327	0.00349
8	0.00857	0.00730	0.00766	0.00688	0.00886	0.00821	0.00535	0.06178	0.65186	0.01485	0.01847	0.01719	0.15570	0.00570	0.00384	0.00124	0.00279	0.00473	0.00368	0.00537
9	0.00860	0.05946	0.40172	0.09361	0.06673	0.06478	0.03111	0.02399	0.16545	0.02608	0.00820	0.00914	0.00612	0.00383	0.00363	0.00115	0.01595	0.00308	0.00210	0.00527
10	0.00802	0.01069	0.19412	0.01061	0.01342	0.06022	0.28402	0.03120	0.06280	0.01111	0.00879	0.06873	0.00770	0.05862	0.08079	0.00180	0.07651	0.00417	0.00208	0.00458
11	0.00658	0.00462	0.00572	0.00583	0.00668	0.00463	0.00429	0.14970	0.00922	0.03290	0.07037	0.57683	0.02119	0.00974	0.00450	0.00141	0.00256	0.07602	0.00352	0.00369
12	0.00928	0.00762	0.01402	0.01067	0.01326	0.00724	0.40670	0.09218	0.00945	0.13935	0.03401	0.21597	0.01142	0.00557	0.00426	0.00127	0.00443	0.00566	0.00287	0.00477
13	0.00824	0.06344	0.00755	0.02804	0.00772	0.06549	0.00464	0.19074	0.02180	0.02622	0.03781	0.19525	0.02492	0.25034	0.04092	0.00204	0.01270	0.00544	0.00283	0.00386
14	0.00776	0.03133	0.07058	0.00864	0.01043	0.14356	0.19700	0.02797	0.00795	0.00995	0.01136	0.23356	0.01195	0.15640	0.01876	0.00172	0.01920	0.02566	0.00237	0.00384
15	0.00609	0.00586	0.00524	0.00552	0.00634	0.15091	0.00395	0.00692	0.00809	0.00962	0.04057	0.45186	0.24504	0.00944	0.00436	0.00133	0.00286	0.02959	0.00316	0.00326
16	0.00636	0.00579	0.00929	0.55389	0.03172	0.00671	0.02989	0.00841	0.00768	0.00975	0.01378	0.04925	0.15325	0.00562	0.00399	0.00129	0.00413	0.09315	0.00220	0.00384

[dist]
# distance from previous block
# <min> <max>
4	10

[block]
# block no. 9 follows, 75 sequences, length 9
# corresponding to MSA columns:
# 261-269
name=unknown_J
#
# <colnr> <probs for GDERKNQSTAVLIFYWHMCP>
#	G	D	E	R	K	N	Q	S	T	A	V	L	I	F	Y	W	H	M	C	P
0	0.00894	0.00628	0.00724	0.00631	0.00796	0.01907	0.01898	0.25358	0.04217	0.08589	0.04212	0.19513	0.14218	0.03331	0.03703	0.03014	0.00328	0.02000	0.02319	0.01720
1	0.00632	0.00632	0.11508	0.00638	0.00769	0.00499	0.00541	0.11855	0.00858	0.01159	0.01644	0.51588	0.01847	0.04931	0.00509	0.00151	0.00301	0.09246	0.00315	0.00375
2	0.04233	0.00863	0.01005	0.02335	0.03620	0.17679	0.14730	0.08003	0.02683	0.01123	0.01064	0.07621	0.01048	0.12901	0.05182	0.00183	0.02152	0.12923	0.00246	0.00405
3	0.12625	0.00883	0.00969	0.12319	0.01230	0.01004	0.00677	0.43498	0.19848	0.01868	0.00940	0.00967	0.00688	0.00431	0.00351	0.00116	0.00375	0.00332	0.00323	0.00556
4	0.01303	0.01037	0.01225	0.00935	0.01231	0.04045	0.11409	0.66016	0.05660	0.02080	0.00883	0.00912	0.00635	0.00425	0.00375	0.00112	0.00435	0.00345	0.00338	0.00599
5	0.06003	0.01067	0.01026	0.00816	0.01087	0.14039	0.00662	0.54512	0.03600	0.12203	0.00900	0.00891	0.00637	0.00429	0.00355	0.00109	0.00423	0.00316	0.00344	0.00581
6	0.12364	0.09075	0.55600	0.00910	0.01358	0.00940	0.01080	0.12291	0.00882	0.01356	0.00657	0.00750	0.00479	0.00357	0.00326	0.00112	0.00477	0.00263	0.00193	0.00529
7	0.00650	0.00741	0.12279	0.14211	0.15508	0.00616	0.05220	0.00831	0.00749	0.01011	0.01404	0.15028	0.11897	0.11992	0.00611	0.00157	0.01885	0.04572	0.00234	0.00403
8	0.00734	0.07583	0.68016	0.00968	0.01433	0.00836	0.01203	0.01104	0.00783	0.01134	0.00823	0.01218	0.00689	0.00437	0.00363	0.00121	0.00505	0.11362	0.00180	0.00510

[dist]
# distance from previous block
# <min> <max>
1	1

[block]
# block no. 10 follows, 75 sequences, length 14
# corresponding to MSA columns:
# 272-285
name=unknown_K
#
# <colnr> <probs for GDERKNQSTAVLIFYWHMCP>
#	G	D	E	R	K	N	Q	S	T	A	V	L	I	F	Y	W	H	M	C	P
0	0.00572	0.00390	0.00490	0.00456	0.00562	0.00351	0.00345	0.00728	0.01001	0.06475	0.63842	0.02806	0.19064	0.00768	0.00429	0.00117	0.00184	0.00668	0.00395	0.00356
1	0.00684	0.00637	0.01082	0.63444	0.05541	0.00748	0.05971	0.00920	0.00797	0.01052	0.14493	0.01268	0.00988	0.00425	0.00382	0.00121	0.00443	0.00389	0.00205	0.00410
2	0.00847	0.00770	0.01874	0.14826	0.01174	0.08785	0.03719	0.12376	0.14154	0.02361	0.01375	0.15991	0.07835	0.00631	0.00448	0.00128	0.05652	0.05188	0.01424	0.00443
3	0.00465	0.00366	0.00424	0.00458	0.00548	0.00326	0.00345	0.00565	0.00812	0.01014	0.06331	0.25119	0.47566	0.00993	0.00454	0.00137	0.00216	0.13205	0.00343	0.00313
4	0.00831	0.00790	0.01306	0.01944	0.70911	0.00780	0.00987	0.01028	0.00836	0.01166	0.01190	0.01342	0.14434	0.00427	0.00375	0.00112	0.00395	0.00401	0.00208	0.00537
5	0.00765	0.01731	0.71399	0.01246	0.15300	0.00856	0.01319	0.01157	0.00785	0.01169	0.00664	0.00797	0.00484	0.00345	0.00351	0.00115	0.00525	0.00281	0.00159	0.00549
6	0.00856	0.01023	0.15164	0.20858	0.38524	0.03338	0.05258	0.03282	0.05943	0.01174	0.00730	0.00927	0.00571	0.00354	0.00365	0.00115	0.00472	0.00326	0.00190	0.00528
7	0.03450	0.00614	0.00891	0.05968	0.00999	0.03077	0.14144	0.03498	0.02881	0.14318	0.09155	0.10460	0.03556	0.02804	0.03345	0.00140	0.02657	0.02575	0.15041	0.00427
8	0.05397	0.00435	0.00415	0.00394	0.00502	0.02311	0.00301	0.05955	0.00827	0.01431	0.01129	0.01283	0.00883	0.00423	0.00264	0.00089	0.00202	0.00332	0.77063	0.00364
9	0.00575	0.00406	0.00545	0.03981	0.00640	0.00458	0.00401	0.00681	0.00623	0.00924	0.03474	0.01669	0.01066	0.24262	0.39257	0.00391	0.05053	0.00423	0.14860	0.00310
10	0.00522	0.00371	0.00458	0.00450	0.00525	0.00341	0.00322	0.00640	0.00881	0.02733	0.45230	0.12646	0.16059	0.15052	0.00674	0.00161	0.00215	0.02044	0.00357	0.00320
11	0.01230	0.02740	0.00882	0.00693	0.00932	0.07507	0.00561	0.34244	0.02265	0.22942	0.02556	0.03541	0.14622	0.00539	0.00373	0.00112	0.00349	0.00426	0.02953	0.00533
12	0.00992	0.01715	0.02404	0.02352	0.23690	0.01734	0.00713	0.18598	0.08454	0.09454	0.02508	0.10346	0.03971	0.00491	0.00368	0.00109	0.00352	0.00423	0.00294	0.11029
13	0.01023	0.50205	0.03916	0.01002	0.16762	0.09674	0.00757	0.06746	0.03222	0.01056	0.00607	0.00708	0.00521	0.00344	0.00304	0.00092	0.02130	0.00245	0.00185	0.00502

[dist]
# distance from previous block
# <min> <max>
8	39

[block]
# block no. 11 follows, 75 sequences, length 6
# corresponding to MSA columns:
# 325-330
name=unknown_L
#
# <colnr> <probs for GDERKNQSTAVLIFYWHMCP>
#	G	D	E	R	K	N	Q	S	T	A	V	L	I	F	Y	W	H	M	C	P
0	0.00931	0.03459	0.08059	0.05523	0.04824	0.03674	0.00613	0.17764	0.13314	0.07391	0.01133	0.03365	0.03265	0.21597	0.00729	0.00173	0.00378	0.00412	0.02934	0.00463
1	0.01094	0.04724	0.08628	0.03147	0.09961	0.03960	0.03766	0.27627	0.16120	0.02989	0.04763	0.02852	0.03168	0.00527	0.00418	0.00130	0.01802	0.03426	0.00323	0.00576
2	0.00741	0.00532	0.00631	0.00567	0.00662	0.00577	0.00413	0.20837	0.00865	0.01179	0.04832	0.01767	0.01137	0.37343	0.25956	0.00354	0.00543	0.00449	0.00259	0.00357
3	0.00762	0.00692	0.01124	0.07335	0.42527	0.00715	0.03090	0.00993	0.04802	0.01109	0.03121	0.04803	0.00838	0.00974	0.21173	0.00228	0.00547	0.00385	0.00208	0.04572
4	0.00560	0.00455	0.00686	0.00937	0.21092	0.00438	0.00533	0.00662	0.00736	0.01002	0.01699	0.65885	0.01978	0.00950	0.00443	0.00139	0.00268	0.00869	0.00302	0.00367
5	0.00685	0.00572	0.00680	0.00536	0.00788	0.00443	0.00412	0.00824	0.00747	0.01134	0.00987	0.21765	0.01004	0.00486	0.00320	0.00078	0.00258	0.00419	0.00248	0.67615

[dist]
# distance from previous block
# <min> <max>
1	1

[block]
# block no. 12 follows, 75 sequences, length 6
# corresponding to MSA columns:
# 333-338
name=unknown_M
#
# <colnr> <probs for GDERKNQSTAVLIFYWHMCP>
#	G	D	E	R	K	N	Q	S	T	A	V	L	I	F	Y	W	H	M	C	P
0	0.71227	0.18732	0.00828	0.00513	0.00759	0.00955	0.00446	0.01084	0.00650	0.01485	0.00511	0.00595	0.00413	0.00335	0.00229	0.00106	0.00307	0.00198	0.00213	0.00413
1	0.15051	0.00875	0.01277	0.06407	0.36010	0.04641	0.08678	0.03583	0.00781	0.01212	0.00624	0.00838	0.00522	0.00398	0.00514	0.00122	0.17473	0.00312	0.00190	0.00493
2	0.00744	0.03794	0.11433	0.00771	0.03573	0.04198	0.03519	0.04504	0.06533	0.01198	0.13982	0.03961	0.07937	0.03770	0.00570	0.00133	0.14053	0.07066	0.07842	0.00419
3	0.00495	0.00599	0.13915	0.00534	0.00687	0.00396	0.00478	0.00640	0.00805	0.01051	0.10910	0.29914	0.36438	0.00891	0.00432	0.00130	0.00250	0.00770	0.00318	0.00347
4	0.00792	0.03898	0.17558	0.05802	0.11024	0.05491	0.09849	0.03414	0.12010	0.01170	0.03266	0.01450	0.15520	0.00563	0.02988	0.00133	0.03939	0.00419	0.00239	0.00475
5	0.00524	0.00448	0.00698	0.00631	0.00741	0.00411	0.13566	0.00646	0.00799	0.01050	0.13202	0.38126	0.22115	0.04651	0.00511	0.00144	0.00272	0.00809	0.00320	0.00336

[dist]
# distance from previous block
# <min> <max>
1	2

[block]
# block no. 13 follows, 75 sequences, length 17
# corresponding to MSA columns:
# 341-357
name=unknown_N
#
# <colnr> <probs for GDERKNQSTAVLIFYWHMCP>
#	G	D	E	R	K	N	Q	S	T	A	V	L	I	F	Y	W	H	M	C	P
0	0.17827	0.04416	0.05489	0.00918	0.09953	0.11190	0.07847	0.07344	0.01742	0.13175	0.05362	0.00963	0.00741	0.00462	0.03151	0.00121	0.00423	0.00311	0.00259	0.08304
1	0.04500	0.11669	0.35239	0.00783	0.01129	0.00811	0.00851	0.06212	0.06124	0.10127	0.17715	0.01236	0.01166	0.00452	0.00352	0.00111	0.00391	0.00361	0.00267	0.00505
2	0.00683	0.00857	0.16943	0.34605	0.11767	0.00716	0.05566	0.00923	0.00760	0.01032	0.00991	0.18567	0.00955	0.00539	0.00393	0.00127	0.00439	0.03494	0.00208	0.00434
3	0.00663	0.00487	0.00639	0.16695	0.00917	0.00544	0.00465	0.07993	0.00693	0.00946	0.00969	0.01721	0.00981	0.42282	0.09202	0.05859	0.03278	0.00433	0.04923	0.00311
4	0.00737	0.00716	0.04952	0.44822	0.03263	0.00745	0.13930	0.00984	0.04258	0.03755	0.00825	0.01265	0.00701	0.16755	0.00661	0.00166	0.00472	0.00385	0.00196	0.00410
5	0.04473	0.00698	0.00899	0.16825	0.01235	0.00696	0.00629	0.15729	0.02512	0.33831	0.05485	0.01123	0.00850	0.00422	0.00353	0.00107	0.00347	0.00343	0.00338	0.13104
6	0.01056	0.00678	0.00797	0.00613	0.00894	0.00609	0.00494	0.08626	0.12529	0.22376	0.01025	0.01019	0.00749	0.00374	0.00318	0.00086	0.00290	0.00301	0.06096	0.41067
7	0.00741	0.01664	0.69234	0.00952	0.01454	0.00784	0.01183	0.01118	0.00773	0.01169	0.00658	0.00773	0.00480	0.00334	0.00334	0.00105	0.00492	0.00261	0.00167	0.17324
8	0.00528	0.00659	0.16429	0.00534	0.00722	0.00418	0.00503	0.00685	0.00820	0.03078	0.07494	0.16555	0.48549	0.00835	0.00422	0.00126	0.00260	0.00708	0.00312	0.00362
9	0.00460	0.00343	0.00436	0.00498	0.00549	0.00320	0.00353	0.00542	0.00735	0.00956	0.02321	0.57575	0.20142	0.01194	0.05795	0.00173	0.00264	0.06709	0.00332	0.00306
10	0.00517	0.00351	0.00415	0.00432	0.00439	0.00351	0.00257	0.00536	0.00569	0.00762	0.01312	0.18312	0.01520	0.66386	0.06039	0.00329	0.00362	0.00623	0.00244	0.00242
11	0.00995	0.03237	0.04574	0.04051	0.02269	0.29338	0.24410	0.05868	0.00894	0.01039	0.00752	0.01118	0.00671	0.16751	0.00670	0.00156	0.02218	0.00361	0.00201	0.00425
12	0.00877	0.00860	0.00814	0.00620	0.00920	0.16578	0.00487	0.01027	0.00814	0.01140	0.00637	0.00743	0.00531	0.00292	0.00283	0.00062	0.00346	0.00221	0.00212	0.72535
13	0.00860	0.05197	0.22000	0.03614	0.01434	0.02245	0.26633	0.06039	0.00875	0.03995	0.03834	0.02422	0.00679	0.00363	0.00373	0.00106	0.01480	0.00345	0.00212	0.17294
14	0.00709	0.00566	0.00895	0.00826	0.06137	0.00537	0.16130	0.07112	0.00878	0.06772	0.04802	0.35953	0.15567	0.00788	0.00434	0.00131	0.00319	0.00725	0.00314	0.00404
15	0.00513	0.00371	0.00425	0.00433	0.00519	0.00334	0.00309	0.00595	0.00777	0.04259	0.08079	0.18909	0.42475	0.15195	0.03050	0.00180	0.00249	0.02694	0.00326	0.00309
16	0.66121	0.00654	0.00541	0.00482	0.00694	0.00727	0.00392	0.03945	0.00722	0.04912	0.01169	0.01188	0.16349	0.00460	0.00277	0.00115	0.00271	0.00319	0.00263	0.00398

[dist]
# distance from previous block
# <min> <max>
1	1

[block]
# block no. 14 follows, 75 sequences, length 10
# corresponding to MSA columns:
# 360-369
name=unknown_O
#
# <colnr> <probs for GDERKNQSTAVLIFYWHMCP>
#	G	D	E	R	K	N	Q	S	T	A	V	L	I	F	Y	W	H	M	C	P
0	0.09059	0.10514	0.62894	0.00937	0.01410	0.00932	0.01147	0.06911	0.00825	0.01258	0.00646	0.00747	0.00471	0.00351	0.00327	0.00112	0.00494	0.00261	0.00177	0.00528
1	0.02950	0.04097	0.20954	0.00743	0.00992	0.08453	0.00706	0.15145	0.02843	0.05719	0.02532	0.01213	0.00805	0.13005	0.14809	0.00224	0.00527	0.00350	0.03478	0.00453
2	0.02735	0.12983	0.08501	0.00713	0.00983	0.07960	0.04586	0.14605	0.00965	0.01301	0.05798	0.06741	0.06355	0.00472	0.00339	0.00098	0.00369	0.02262	0.01869	0.20364
3	0.41037	0.00810	0.00752	0.00602	0.00871	0.04259	0.00490	0.20112	0.00934	0.01646	0.00638	0.00711	0.00494	0.00346	0.00276	0.00096	0.00324	0.00236	0.00255	0.25108
4	0.09642	0.00392	0.00439	0.00450	0.00544	0.00370	0.00329	0.00625	0.00831	0.01177	0.25341	0.27968	0.28817	0.00886	0.00423	0.00128	0.00201	0.00766	0.00347	0.00326
5	0.00901	0.05458	0.01213	0.00909	0.01115	0.05146	0.16034	0.13879	0.00887	0.01227	0.00790	0.09675	0.00729	0.00500	0.00582	0.00117	0.22920	0.00387	0.00228	0.17300
6	0.02380	0.18763	0.33147	0.02958	0.04828	0.02442	0.07153	0.04906	0.03233	0.06900	0.00703	0.00817	0.00536	0.00385	0.00422	0.00113	0.09314	0.00289	0.00198	0.00515
7	0.00628	0.00552	0.09235	0.00624	0.00756	0.00423	0.00549	0.00778	0.00808	0.07878	0.02003	0.30388	0.11462	0.00935	0.00459	0.00147	0.00299	0.31381	0.00330	0.00366
8	0.00601	0.00398	0.00468	0.00480	0.00570	0.00385	0.00355	0.00801	0.08054	0.04328	0.13868	0.28604	0.14414	0.00811	0.00402	0.00124	0.00211	0.04796	0.19975	0.00356
9	0.00843	0.00645	0.00787	0.00752	0.05033	0.03751	0.03286	0.12134	0.13914	0.06430	0.05000	0.06513	0.04733	0.10047	0.10085	0.04112	0.01635	0.09570	0.00301	0.00430

[dist]
# distance from previous block
# <min> <max>
1	1

[block]
# block no. 15 follows, 75 sequences, length 19
# corresponding to MSA columns:
# 372-390
name=unknown_P
#
# <colnr> <probs for GDERKNQSTAVLIFYWHMCP>
#	G	D	E	R	K	N	Q	S	T	A	V	L	I	F	Y	W	H	M	C	P
0	0.01277	0.00817	0.00925	0.00741	0.00985	0.00865	0.00599	0.50066	0.03739	0.19186	0.01193	0.13708	0.00972	0.00550	0.00380	0.00117	0.00348	0.00447	0.02517	0.00568
1	0.00603	0.00478	0.00508	0.00466	0.00609	0.00450	0.00358	0.14205	0.01002	0.01264	0.12756	0.06217	0.58060	0.00837	0.00424	0.00122	0.00221	0.00699	0.00353	0.00366
2	0.02356	0.01746	0.01833	0.03950	0.02597	0.07050	0.05612	0.22519	0.02061	0.10404	0.01457	0.07219	0.13316	0.00654	0.00485	0.06561	0.01839	0.07577	0.00308	0.00456
3	0.04521	0.00879	0.06887	0.12419	0.48418	0.00828	0.00989	0.05792	0.00892	0.13656	0.00800	0.00946	0.00606	0.00359	0.00359	0.00112	0.00424	0.00325	0.00230	0.00559
4	0.06758	0.00621	0.00767	0.00826	0.13179	0.01545	0.00548	0.02410	0.22014	0.08872	0.28665	0.05022	0.06087	0.00586	0.00388	0.00118	0.00273	0.00504	0.00348	0.00470
5	0.09804	0.62704	0.01592	0.00643	0.00929	0.04452	0.00602	0.01238	0.13088	0.01043	0.00658	0.00708	0.00560	0.00347	0.00259	0.00089	0.00377	0.00231	0.00197	0.00479
6	0.00594	0.13267	0.00701	0.00528	0.00643	0.00549	0.00410	0.02338	0.06874	0.01081	0.13131	0.33407	0.17453	0.00926	0.03594	0.00144	0.00271	0.03408	0.00320	0.00362
7	0.00857	0.57715	0.13717	0.00674	0.00966	0.02637	0.00684	0.01009	0.00748	0.00921	0.00806	0.16190	0.00824	0.00471	0.00296	0.00097	0.00387	0.00361	0.00191	0.00450
8	0.06506	0.13235	0.00664	0.00522	0.00615	0.00511	0.00388	0.00651	0.00712	0.00985	0.01722	0.62218	0.05197	0.00935	0.00410	0.00132	0.00245	0.00825	0.00302	0.03226
9	0.00646	0.00584	0.00955	0.67785	0.02092	0.00709	0.00866	0.00848	0.00716	0.00923	0.00890	0.13785	0.00833	0.06285	0.00483	0.00142	0.00440	0.00447	0.00193	0.00379
10	0.07338	0.00769	0.00910	0.15440	0.04510	0.03999	0.01622	0.12131	0.09916	0.04463	0.00819	0.02544	0.00646	0.00371	0.00324	0.00094	0.00356	0.00301	0.00254	0.33193
