[name]
unknown

[dist]
# distance from previous block
# <min> <max>
0	18

[block]
# block no. 0 follows, 82 sequences, length 13
# corresponding to MSA columns:
# 74-86
name=unknown_A
#
# <colnr> <probs for GDERKNQSTAVLIFYWHMCP>
#	G	D	E	R	K	N	Q	S	T	A	V	L	I	F	Y	W	H	M	C	P
0	0.00892	0.09905	0.01342	0.03632	0.45947	0.00821	0.10301	0.05857	0.00842	0.07594	0.05096	0.01002	0.01907	0.00352	0.00338	0.00101	0.00392	0.01278	0.00211	0.02189
1	0.00547	0.00440	0.00685	0.00720	0.09529	0.00452	0.07764	0.00644	0.00602	0.00834	0.02633	0.13813	0.01162	0.29456	0.28846	0.00328	0.00529	0.00496	0.00211	0.00308
2	0.00807	0.61690	0.10966	0.00622	0.00894	0.01113	0.00631	0.00951	0.00670	0.00834	0.00576	0.00721	0.00518	0.00733	0.16819	0.00169	0.00487	0.00226	0.00153	0.00421
3	0.01367	0.09806	0.00928	0.00639	0.00901	0.00703	0.00535	0.12829	0.09834	0.56992	0.01191	0.01065	0.00789	0.00412	0.00331	0.00103	0.00308	0.00327	0.00376	0.00563
4	0.05202	0.00678	0.00827	0.00639	0.00897	0.00659	0.00527	0.24257	0.01124	0.56364	0.01159	0.01049	0.00755	0.00414	0.00334	0.00104	0.00308	0.00326	0.03810	0.00563
5	0.00659	0.00357	0.00469	0.00489	0.00564	0.00329	0.00352	0.00746	0.00728	0.17279	0.01697	0.59287	0.01833	0.00871	0.00399	0.00127	0.00216	0.03268	0.09988	0.00342
6	0.00823	0.49504	0.11411	0.03693	0.00943	0.04647	0.00631	0.04113	0.00741	0.02376	0.00798	0.17347	0.00801	0.00457	0.00289	0.00094	0.00363	0.00356	0.00193	0.00420
7	0.00513	0.17174	0.00664	0.00489	0.00568	0.00486	0.00366	0.00586	0.00677	0.00875	0.03678	0.64440	0.06442	0.00902	0.00392	0.00124	0.00228	0.00799	0.00286	0.00310
8	0.00427	0.00306	0.00396	0.00464	0.00489	0.00287	0.00311	0.00486	0.00652	0.00862	0.01902	0.72940	0.06929	0.08738	0.00551	0.00155	0.00212	0.03310	0.00308	0.00273
9	0.02120	0.00574	0.00874	0.52615	0.04689	0.00674	0.00757	0.08881	0.00767	0.01024	0.00912	0.19044	0.00864	0.00548	0.02201	0.00126	0.00393	0.00444	0.02113	0.00381
10	0.00656	0.00618	0.01045	0.82808	0.06624	0.00763	0.00955	0.00883	0.00689	0.00886	0.00610	0.00909	0.00460	0.00340	0.00342	0.00113	0.00453	0.00304	0.00153	0.00388
11	0.00463	0.00359	0.00520	0.17115	0.00854	0.00372	0.00439	0.00558	0.00671	0.00889	0.04316	0.68362	0.01946	0.00920	0.00417	0.00133	0.00247	0.00833	0.00288	0.00299
12	0.00875	0.54393	0.01366	0.00623	0.00835	0.15369	0.00551	0.00970	0.00728	0.00824	0.00754	0.17307	0.00790	0.00461	0.00302	0.00090	0.02834	0.00344	0.00184	0.00399

[dist]
# distance from previous block
# <min> <max>
0	1

[block]
# block no. 1 follows, 82 sequences, length 16
# corresponding to MSA columns:
# 88-103
name=unknown_B
#
# <colnr> <probs for GDERKNQSTAVLIFYWHMCP>
#	G	D	E	R	K	N	Q	S	T	A	V	L	I	F	Y	W	H	M	C	P
0	0.00753	0.00606	0.00712	0.00517	0.00811	0.00467	0.00413	0.02684	0.00740	0.05062	0.00679	0.02935	0.00568	0.00285	0.00264	0.00057	0.00256	0.00231	0.00219	0.81742
1	0.00839	0.04877	0.05549	0.12383	0.25554	0.05426	0.08307	0.05905	0.17567	0.01169	0.02602	0.01000	0.02308	0.00379	0.00365	0.00107	0.03153	0.00332	0.01697	0.00483
2	0.01033	0.02654	0.02867	0.07587	0.19741	0.26466	0.05456	0.11400	0.07147	0.05596	0.00726	0.00854	0.00572	0.01873	0.01911	0.00114	0.03022	0.00294	0.00217	0.00471
3	0.00447	0.00353	0.00405	0.00414	0.00502	0.00320	0.00302	0.00585	0.04684	0.01042	0.22570	0.23495	0.41933	0.00858	0.00409	0.00119	0.00181	0.00743	0.00333	0.00306
4	0.04369	0.00999	0.12934	0.04991	0.11007	0.05106	0.11553	0.26232	0.11641	0.03024	0.03017	0.00915	0.00659	0.00374	0.00342	0.00106	0.00413	0.00320	0.00252	0.01746
5	0.00962	0.07967	0.19013	0.02782	0.14039	0.02055	0.05073	0.14614	0.12428	0.11951	0.02236	0.02634	0.00696	0.00388	0.00346	0.00106	0.01618	0.00323	0.00252	0.00517
6	0.01185	0.04177	0.01039	0.00893	0.01056	0.70466	0.03412	0.01279	0.00900	0.00843	0.00522	0.00641	0.00444	0.00379	0.00411	0.00096	0.11452	0.00235	0.00172	0.00397
7	0.00421	0.00305	0.00399	0.00465	0.00495	0.00282	0.00315	0.00491	0.00688	0.00917	0.08767	0.75882	0.07250	0.01029	0.00432	0.00135	0.00194	0.00929	0.00322	0.00282
8	0.04148	0.04550	0.06414	0.02397	0.06088	0.24959	0.17963	0.08917	0.06563	0.07677	0.00853	0.04133	0.03016	0.00391	0.00340	0.00103	0.00466	0.00335	0.00228	0.00459
9	0.01157	0.07592	0.02876	0.05517	0.07144	0.41388	0.02667	0.12072	0.05258	0.08436	0.00694	0.00763	0.00534	0.00366	0.00334	0.00096	0.02160	0.00265	0.00223	0.00460
10	0.00416	0.00329	0.00374	0.00401	0.00479	0.00288	0.00286	0.00499	0.00751	0.00945	0.10054	0.33837	0.48281	0.00926	0.00416	0.00123	0.00181	0.00804	0.00323	0.00288
11	0.00528	0.00344	0.00345	0.00343	0.00444	0.00319	0.00258	0.00674	0.03093	0.01106	0.02283	0.02271	0.42745	0.00631	0.00324	0.00098	0.00169	0.00520	0.43194	0.00310
12	0.04255	0.00967	0.15731	0.11204	0.12459	0.02614	0.05012	0.18764	0.14131	0.08940	0.00843	0.00910	0.00616	0.00375	0.00349	0.00108	0.01647	0.00311	0.00251	0.00513
13	0.00418	0.00305	0.00394	0.00461	0.00493	0.00281	0.00312	0.00485	0.00681	0.00900	0.05747	0.75414	0.10779	0.01034	0.00432	0.00135	0.00194	0.00931	0.00320	0.00281
14	0.00734	0.05044	0.31847	0.00783	0.01079	0.07252	0.09884	0.00967	0.00801	0.07259	0.11157	0.07066	0.13677	0.00503	0.00357	0.00109	0.00390	0.00430	0.00235	0.00426
15	0.02650	0.01951	0.00914	0.03674	0.01000	0.00573	0.11196	0.03815	0.03430	0.02881	0.00661	0.00769	0.00529	0.00278	0.00282	0.00068	0.00309	0.00244	0.00210	0.64567

[dist]
# distance from previous block
# <min> <max>
0	13

[block]
# block no. 2 follows, 82 sequences, length 18
# corresponding to MSA columns:
# 119-133,143-145
name=unknown_C
#
# <colnr> <probs for GDERKNQSTAVLIFYWHMCP>
#	G	D	E	R	K	N	Q	S	T	A	V	L	I	F	Y	W	H	M	C	P
0	0.04195	0.19557	0.36921	0.00835	0.01199	0.08516	0.04659	0.09806	0.03659	0.06617	0.00671	0.00737	0.00499	0.00339	0.00305	0.00099	0.00446	0.00256	0.00197	0.00489
1	0.00421	0.00305	0.00399	0.00470	0.00500	0.00283	0.00320	0.00487	0.00674	0.00892	0.03771	0.77418	0.08418	0.01045	0.00435	0.00137	0.00199	0.03228	0.00319	0.00281
2	0.01251	0.00585	0.00746	0.00596	0.00821	0.00548	0.00483	0.08969	0.08297	0.54949	0.15245	0.01430	0.03536	0.00483	0.00356	0.00107	0.00272	0.00400	0.00399	0.00528
3	0.07025	0.06819	0.45051	0.00942	0.01345	0.00819	0.16070	0.05543	0.00798	0.09426	0.00692	0.00784	0.00495	0.00328	0.00326	0.00105	0.00460	0.00282	0.00193	0.02498
4	0.05055	0.70216	0.13529	0.00634	0.00952	0.01231	0.00669	0.01045	0.00699	0.02632	0.00513	0.00586	0.00443	0.00301	0.00236	0.00080	0.00379	0.00196	0.00155	0.00448
5	0.00416	0.00300	0.00394	0.00470	0.00494	0.00278	0.00315	0.00477	0.00661	0.00876	0.01964	0.83546	0.06421	0.01061	0.00435	0.00138	0.00197	0.00960	0.00318	0.00278
6	0.00417	0.00298	0.00397	0.00476	0.00496	0.00278	0.00318	0.00476	0.00655	0.00873	0.01885	0.87755	0.02262	0.01072	0.00437	0.00139	0.00198	0.00972	0.00318	0.00278
7	0.01299	0.00944	0.00989	0.00770	0.01034	0.05104	0.00631	0.68774	0.05686	0.09939	0.00885	0.00866	0.00623	0.00412	0.00341	0.00103	0.00375	0.00311	0.00342	0.00571
8	0.01274	0.05103	0.01031	0.00758	0.01028	0.01019	0.00629	0.69432	0.06387	0.08544	0.00879	0.00861	0.00622	0.00409	0.00337	0.00102	0.00363	0.00309	0.00339	0.00573
9	0.00473	0.00358	0.00438	0.00416	0.00508	0.00327	0.00313	0.00636	0.02997	0.01263	0.63283	0.02706	0.23548	0.00735	0.00402	0.00110	0.00167	0.00638	0.00361	0.00320
10	0.00915	0.88184	0.01793	0.00585	0.00878	0.01354	0.00585	0.01024	0.00695	0.00805	0.00476	0.00549	0.00439	0.00293	0.00219	0.00073	0.00366	0.00183	0.00146	0.00439
11	0.00694	0.00580	0.00762	0.00679	0.02816	0.00607	0.08638	0.01196	0.35934	0.03256	0.31344	0.04142	0.06763	0.00566	0.00379	0.00113	0.00258	0.00503	0.00336	0.00435
12	0.00714	0.00612	0.00711	0.00513	0.00813	0.00469	0.00410	0.00893	0.03509	0.01125	0.00634	0.00728	0.00524	0.00260	0.00256	0.00053	0.00254	0.00209	0.00207	0.87103
13	0.00417	0.00298	0.00397	0.00476	0.00496	0.00278	0.00318	0.00476	0.00655	0.00873	0.01885	0.87755	0.02262	0.01072	0.00437	0.00139	0.00198	0.00972	0.00318	0.00278
14	0.03349	0.01870	0.09396	0.03976	0.28000	0.01893	0.09554	0.17398	0.14569	0.01366	0.03511	0.02089	0.00716	0.00376	0.00345	0.00107	0.00395	0.00337	0.00239	0.00515
15	0.00568	0.00428	0.00505	0.00470	0.00581	0.00419	0.00356	0.04335	0.12238	0.02919	0.48410	0.06634	0.19412	0.00702	0.00394	0.00112	0.00192	0.00607	0.00357	0.00359
16	0.00969	0.00792	0.02712	0.06643	0.29347	0.02250	0.17921	0.10153	0.02120	0.15963	0.01859	0.04298	0.02593	0.00385	0.00359	0.00108	0.00409	0.00369	0.00245	0.00505
17	0.00839	0.00797	0.01249	0.25395	0.34154	0.04213	0.10217	0.05952	0.07894	0.02509	0.00714	0.00901	0.00558	0.00345	0.00368	0.00109	0.02793	0.00320	0.00194	0.00481

[dist]
# distance from previous block
# <min> <max>
3	6

[block]
# block no. 3 follows, 82 sequences, length 25
# corresponding to MSA columns:
# 161-172,199-211
name=unknown_D
#
# <colnr> <probs for GDERKNQSTAVLIFYWHMCP>
#	G	D	E	R	K	N	Q	S	T	A	V	L	I	F	Y	W	H	M	C	P
0	0.00787	0.00750	0.01266	0.27457	0.58908	0.00798	0.01008	0.01016	0.02752	0.01052	0.00651	0.00876	0.00528	0.00320	0.00340	0.00106	0.00418	0.00306	0.00168	0.00494
1	0.00816	0.13677	0.36226	0.00873	0.03480	0.03247	0.07644	0.05916	0.05830	0.04850	0.01918	0.04477	0.00664	0.00382	0.00324	0.00102	0.00422	0.02407	0.00203	0.06542
2	0.00492	0.00352	0.00478	0.00478	0.00515	0.00389	0.00339	0.00565	0.00529	0.00741	0.00981	0.01705	0.01012	0.37048	0.52354	0.00462	0.00680	0.00419	0.00193	0.00266
3	0.00417	0.00298	0.00397	0.00476	0.00496	0.00278	0.00318	0.00476	0.00655	0.00873	0.01885	0.87755	0.02262	0.01072	0.00437	0.00139	0.00198	0.00972	0.00318	0.00278
4	0.00696	0.00382	0.00395	0.00376	0.00479	0.00390	0.00287	0.02302	0.09227	0.04460	0.01224	0.01330	0.03664	0.00422	0.00261	0.00086	0.00180	0.00340	0.73146	0.00354
5	0.00638	0.00319	0.00319	0.00319	0.00399	0.00319	0.00239	0.00797	0.00717	0.01275	0.01116	0.01275	0.00877	0.00399	0.00239	0.00080	0.00159	0.00319	0.89877	0.00319
6	0.00915	0.88184	0.01793	0.00585	0.00878	0.01354	0.00585	0.01024	0.00695	0.00805	0.00476	0.00549	0.00439	0.00293	0.00219	0.00073	0.00366	0.00183	0.00146	0.00439
7	0.00489	0.00367	0.00550	0.00550	0.00611	0.00428	0.00428	0.00611	0.00550	0.00794	0.00916	0.01344	0.00855	0.02566	0.86623	0.00550	0.00916	0.00367	0.00183	0.00305
8	0.01268	0.04076	0.00993	0.00873	0.01052	0.84197	0.00659	0.01356	0.00962	0.00836	0.00527	0.00615	0.00441	0.00351	0.00306	0.00088	0.00610	0.00219	0.00175	0.00398
9	0.00646	0.00608	0.01026	0.87156	0.02356	0.00760	0.00950	0.00874	0.00684	0.00874	0.00608	0.00912	0.00456	0.00342	0.00342	0.00114	0.00456	0.00304	0.00152	0.00380
10	0.00915	0.88184	0.01793	0.00585	0.00878	0.01354	0.00585	0.01024	0.00695	0.00805	0.00476	0.00549	0.00439	0.00293	0.00219	0.00073	0.00366	0.00183	0.00146	0.00439
11	0.47782	0.00523	0.00462	0.00427	0.00595	0.00553	0.00338	0.00835	0.00688	0.06159	0.05197	0.06689	0.27504	0.00557	0.00301	0.00111	0.00229	0.00428	0.00271	0.00349
12	0.00915	0.88184	0.01793	0.00585	0.00878	0.01354	0.00585	0.01024	0.00695	0.00805	0.00476	0.00549	0.00439	0.00293	0.00219	0.00073	0.00366	0.00183	0.00146	0.00439
13	0.01282	0.00961	0.01001	0.00779	0.01041	0.04897	0.00638	0.76555	0.01538	0.04255	0.00850	0.03101	0.00626	0.00426	0.00343	0.00103	0.00380	0.00322	0.00336	0.00565
14	0.00532	0.00418	0.00585	0.00562	0.00599	0.00502	0.00425	0.00617	0.00533	0.00767	0.00882	0.01466	0.00885	0.22846	0.52727	0.00434	0.14357	0.00388	0.00184	0.00293
15	0.00646	0.00608	0.01026	0.87156	0.02356	0.00760	0.00950	0.00874	0.00684	0.00874	0.00608	0.00912	0.00456	0.00342	0.00342	0.00114	0.00456	0.00304	0.00152	0.00380
16	0.01300	0.00958	0.01027	0.00787	0.01061	0.01061	0.00650	0.84704	0.01608	0.02156	0.00821	0.00821	0.00582	0.00411	0.00342	0.00103	0.00376	0.00308	0.00342	0.00582
17	0.00709	0.00608	0.00709	0.00507	0.00811	0.00456	0.00405	0.00861	0.00709	0.01115	0.00608	0.00709	0.00507	0.00253	0.00253	0.00051	0.00253	0.00203	0.00203	0.90069
18	0.00583	0.00300	0.00436	0.00438	0.00440	0.00300	0.00289	0.00457	0.00459	0.00618	0.00669	0.02775	0.00686	0.08517	0.01334	0.79071	0.00296	0.00327	0.01845	0.00159
19	0.01264	0.04897	0.01051	0.00774	0.01045	0.01065	0.00643	0.77454	0.05061	0.02064	0.00829	0.00828	0.00595	0.00408	0.00337	0.00102	0.00372	0.00306	0.00334	0.00574
20	0.05206	0.01588	0.00949	0.00862	0.01040	0.82821	0.00648	0.01350	0.00952	0.00868	0.00526	0.00614	0.00438	0.00351	0.00304	0.00089	0.00601	0.00219	0.00178	0.00395
21	0.00779	0.03844	0.20910	0.01198	0.25719	0.02901	0.08324	0.01162	0.16350	0.02265	0.10778	0.01133	0.02330	0.00395	0.00347	0.00107	0.00390	0.00355	0.00226	0.00490
22	0.00489	0.00365	0.00543	0.00543	0.00602	0.00424	0.00419	0.00607	0.00548	0.00789	0.00922	0.01378	0.00870	0.05788	0.83420	0.00542	0.00894	0.00371	0.00184	0.00302
23	0.00525	0.01572	0.04302	0.00517	0.00592	0.00423	0.01730	0.00626	0.00607	0.02129	0.08625	0.04669	0.04282	0.27204	0.37783	0.00366	0.01623	0.01908	0.00220	0.00295
24	0.05434	0.02569	0.00734	0.00522	0.00815	0.04391	0.00419	0.00895	0.00714	0.01117	0.00595	0.00694	0.00495	0.00262	0.00253	0.00056	0.00273	0.00202	0.00201	0.79359

[dist]
# distance from previous block
# <min> <max>
3	14

[block]
# block no. 4 follows, 82 sequences, length 16
# corresponding to MSA columns:
# 258-273
name=unknown_E
#
# <colnr> <probs for GDERKNQSTAVLIFYWHMCP>
#	G	D	E	R	K	N	Q	S	T	A	V	L	I	F	Y	W	H	M	C	P
0	0.09190	0.00747	0.00843	0.00663	0.00918	0.00762	0.00548	0.38585	0.01176	0.23783	0.00975	0.01098	0.00725	0.00425	0.00329	0.00101	0.00324	0.06478	0.00332	0.11996
1	0.00688	0.00586	0.00687	0.00511	0.00787	0.00463	0.00407	0.00866	0.03855	0.01096	0.00758	0.00866	0.03468	0.00454	0.06680	0.00092	0.00301	0.00239	0.00211	0.76985
2	0.00561	0.00418	0.00564	0.00599	0.06580	0.00454	0.00390	0.00648	0.02086	0.02284	0.06573	0.01791	0.01160	0.41358	0.25651	0.00340	0.06419	0.01618	0.00213	0.00292
3	0.00709	0.00608	0.00709	0.00507	0.00811	0.00456	0.00405	0.00861	0.00709	0.01115	0.00608	0.00709	0.00507	0.00253	0.00253	0.00051	0.00253	0.00203	0.00203	0.90069
4	0.03849	0.00991	0.00998	0.00781	0.01043	0.07402	0.00639	0.73084	0.04573	0.02014	0.00810	0.00815	0.00582	0.00406	0.00336	0.00102	0.00387	0.00301	0.00326	0.00560
5	0.02188	0.26576	0.17369	0.03837	0.08577	0.03989	0.00751	0.09460	0.02807	0.17896	0.01964	0.00819	0.00596	0.00351	0.00300	0.00095	0.00387	0.00268	0.00233	0.01537
6	0.02225	0.02197	0.12674	0.00726	0.05259	0.03649	0.01639	0.05700	0.06533	0.15102	0.03594	0.05190	0.08641	0.02005	0.03537	0.00121	0.05067	0.00371	0.00262	0.15506
7	0.00418	0.00304	0.00394	0.00462	0.00493	0.00280	0.00312	0.00483	0.00677	0.00894	0.04664	0.76592	0.10689	0.01039	0.00432	0.00136	0.00195	0.00936	0.00319	0.00280
8	0.00646	0.00608	0.01026	0.87156	0.02356	0.00760	0.00950	0.00874	0.00684	0.00874	0.00608	0.00912	0.00456	0.00342	0.00342	0.00114	0.00456	0.00304	0.00152	0.00380
9	0.00825	0.03710	0.22244	0.02240	0.17957	0.02003	0.24972	0.02085	0.03855	0.07467	0.00814	0.07322	0.00671	0.00384	0.00371	0.00111	0.01912	0.00371	0.00202	0.00484
10	0.00471	0.00324	0.00439	0.00499	0.00537	0.00311	0.00356	0.00551	0.00681	0.03071	0.05227	0.63896	0.02105	0.03002	0.06870	0.00174	0.00269	0.10615	0.00310	0.00292
11	0.00686	0.01769	0.86206	0.00975	0.01481	0.00794	0.01264	0.01083	0.00722	0.01083	0.00614	0.00722	0.00433	0.00325	0.00325	0.00108	0.00506	0.00253	0.00144	0.00506
12	0.00535	0.00535	0.07673	0.00601	0.06966	0.00418	0.02661	0.01871	0.02298	0.03093	0.16957	0.06561	0.46022	0.00722	0.00392	0.00114	0.00237	0.01692	0.00302	0.00351
13	0.00610	0.00463	0.00661	0.00831	0.18893	0.00459	0.00489	0.00747	0.04824	0.05540	0.02801	0.37849	0.06378	0.12517	0.03844	0.00168	0.01646	0.00649	0.00271	0.00358
14	0.01270	0.00521	0.00688	0.00557	0.00764	0.00465	0.00447	0.01404	0.02233	0.62725	0.01330	0.02849	0.00968	0.09638	0.00488	0.00130	0.00282	0.04068	0.08674	0.00501
15	0.01278	0.01630	0.00969	0.00881	0.01058	0.86605	0.00661	0.01366	0.00969	0.00837	0.00529	0.00617	0.00441	0.00353	0.00308	0.00088	0.00617	0.00220	0.00176	0.00397

[dist]
# distance from previous block
# <min> <max>
0	202

# created by:
# /usr/local/bin/augustus/scripts/msa2prfl.pl /tmp/new_cug2/without_ca_b/capping-protein-class-2.fasta
