[name]
unknown

[dist]
# distance from previous block
# <min> <max>
0	18

[block]
# block no. 0 follows, 80 sequences, length 13
# corresponding to MSA columns:
# 18-30
name=unknown_A
#
# <colnr> <probs for GDERKNQSTAVLIFYWHMCP>
#	G	D	E	R	K	N	Q	S	T	A	V	L	I	F	Y	W	H	M	C	P
0	0.00911	0.09897	0.01363	0.03667	0.46049	0.00836	0.09776	0.05946	0.00860	0.07695	0.05125	0.01023	0.01925	0.00360	0.00345	0.00103	0.00399	0.01287	0.00216	0.02218
1	0.00557	0.00449	0.00700	0.00735	0.09514	0.00461	0.07749	0.00657	0.00614	0.00851	0.02654	0.13859	0.01185	0.29087	0.29014	0.00335	0.00541	0.00506	0.00216	0.00315
2	0.00823	0.61476	0.11009	0.00635	0.00912	0.01135	0.00644	0.00971	0.00684	0.00851	0.00587	0.00735	0.00529	0.00747	0.16777	0.00172	0.00497	0.00231	0.00156	0.00429
3	0.01394	0.09797	0.00946	0.00652	0.00919	0.00718	0.00546	0.12870	0.09832	0.56752	0.01215	0.01086	0.00805	0.00420	0.00338	0.00105	0.00315	0.00333	0.00383	0.00574
4	0.05225	0.00693	0.00844	0.00653	0.00916	0.00674	0.00538	0.24409	0.01148	0.55971	0.01181	0.01069	0.00770	0.00423	0.00341	0.00106	0.00315	0.00333	0.03819	0.00574
5	0.00673	0.00365	0.00479	0.00499	0.00576	0.00336	0.00359	0.00762	0.00742	0.17247	0.01731	0.59088	0.01869	0.00888	0.00407	0.00129	0.00220	0.03286	0.09998	0.00349
6	0.00840	0.49296	0.11433	0.03708	0.00962	0.04659	0.00644	0.04140	0.00756	0.02398	0.00814	0.17317	0.00818	0.00466	0.00294	0.00096	0.00370	0.00363	0.00197	0.00428
7	0.00524	0.17140	0.00677	0.00499	0.00579	0.00496	0.00373	0.00598	0.00691	0.00892	0.03712	0.64136	0.06581	0.00920	0.00400	0.00127	0.00233	0.00815	0.00292	0.00317
8	0.00436	0.00312	0.00404	0.00473	0.00499	0.00292	0.00317	0.00496	0.00665	0.00879	0.01941	0.72679	0.06989	0.08759	0.00562	0.00158	0.00216	0.03328	0.00314	0.00279
9	0.02144	0.00585	0.00891	0.52387	0.04722	0.00687	0.00772	0.08891	0.00782	0.01045	0.00930	0.19020	0.00882	0.00559	0.02209	0.00129	0.00401	0.00453	0.02121	0.00388
10	0.00669	0.00631	0.01065	0.82562	0.06659	0.00778	0.00974	0.00901	0.00703	0.00904	0.00622	0.00927	0.00470	0.00347	0.00349	0.00116	0.00463	0.00310	0.00156	0.00396
11	0.00472	0.00366	0.00530	0.17080	0.00871	0.00379	0.00448	0.00569	0.00684	0.00907	0.04352	0.68157	0.01985	0.00938	0.00426	0.00136	0.00252	0.00849	0.00293	0.00305
12	0.00891	0.54639	0.01397	0.00634	0.00851	0.14951	0.00562	0.00988	0.00742	0.00840	0.00769	0.17276	0.00806	0.00470	0.00307	0.00092	0.02840	0.00351	0.00188	0.00407

[dist]
# distance from previous block
# <min> <max>
0	1

[block]
# block no. 1 follows, 80 sequences, length 16
# corresponding to MSA columns:
# 32-47
name=unknown_B
#
# <colnr> <probs for GDERKNQSTAVLIFYWHMCP>
#	G	D	E	R	K	N	Q	S	T	A	V	L	I	F	Y	W	H	M	C	P
0	0.00768	0.00619	0.00726	0.00527	0.00827	0.00476	0.00421	0.02708	0.00755	0.05089	0.00693	0.02958	0.00580	0.00291	0.00269	0.00058	0.00261	0.00236	0.00223	0.81513
1	0.00856	0.04892	0.05586	0.12431	0.25604	0.05499	0.08321	0.05958	0.17141	0.01191	0.02615	0.01018	0.02322	0.00386	0.00372	0.00109	0.03161	0.00338	0.01707	0.00492
2	0.01054	0.02678	0.02899	0.07685	0.19856	0.26542	0.05466	0.11415	0.06642	0.05613	0.00736	0.00868	0.00580	0.01884	0.01917	0.00116	0.03048	0.00300	0.00221	0.00480
3	0.00456	0.00361	0.00413	0.00422	0.00512	0.00327	0.00308	0.00597	0.04694	0.01063	0.22642	0.23159	0.42041	0.00874	0.00417	0.00122	0.00185	0.00756	0.00340	0.00312
4	0.04392	0.01020	0.12999	0.05005	0.11057	0.05146	0.11116	0.26274	0.11680	0.03063	0.03037	0.00933	0.00673	0.00382	0.00348	0.00108	0.00420	0.00326	0.00258	0.01764
5	0.00983	0.07980	0.18647	0.02811	0.14089	0.02075	0.05097	0.14654	0.12460	0.11978	0.02256	0.02654	0.00711	0.00396	0.00353	0.00108	0.01635	0.00330	0.00258	0.00527
6	0.01208	0.04199	0.01060	0.00910	0.01077	0.70117	0.03421	0.01303	0.00917	0.00860	0.00533	0.00654	0.00453	0.00387	0.00420	0.00098	0.11562	0.00240	0.00175	0.00405
7	0.00430	0.00311	0.00407	0.00474	0.00505	0.00288	0.00321	0.00501	0.00701	0.00935	0.08790	0.75651	0.07295	0.01050	0.00441	0.00138	0.00198	0.00948	0.00329	0.00288
8	0.04160	0.04580	0.06475	0.02424	0.06219	0.24439	0.18052	0.08948	0.06573	0.07688	0.00872	0.04169	0.03032	0.00399	0.00348	0.00106	0.00474	0.00342	0.00233	0.00469
9	0.01179	0.07631	0.02894	0.05572	0.07177	0.41031	0.02695	0.12105	0.05269	0.08462	0.00708	0.00779	0.00545	0.00373	0.00340	0.00098	0.02173	0.00271	0.00227	0.00469
10	0.00424	0.00336	0.00382	0.00408	0.00488	0.00294	0.00292	0.00509	0.00766	0.00964	0.10113	0.33523	0.48380	0.00944	0.00424	0.00126	0.00185	0.00819	0.00329	0.00294
11	0.00539	0.00351	0.00352	0.00350	0.00452	0.00325	0.00263	0.00688	0.03102	0.01129	0.02324	0.02312	0.42437	0.00643	0.00330	0.00100	0.00173	0.00529	0.43284	0.00316
12	0.04311	0.00982	0.15292	0.11261	0.12497	0.02630	0.05078	0.18807	0.14147	0.08972	0.00860	0.00929	0.00629	0.00383	0.00356	0.00111	0.01656	0.00318	0.00257	0.00523
13	0.00427	0.00311	0.00402	0.00470	0.00503	0.00287	0.00318	0.00495	0.00695	0.00919	0.05793	0.75176	0.10810	0.01055	0.00440	0.00138	0.00198	0.00950	0.00327	0.00287
14	0.00748	0.05083	0.32032	0.00796	0.01097	0.07261	0.09426	0.00985	0.00817	0.07280	0.11183	0.07086	0.13709	0.00514	0.00364	0.00111	0.00397	0.00439	0.00240	0.00435
15	0.02674	0.01964	0.00933	0.03680	0.01020	0.00585	0.11216	0.03834	0.03442	0.02901	0.00675	0.00785	0.00540	0.00284	0.00288	0.00069	0.00316	0.00249	0.00215	0.64332

[dist]
# distance from previous block
# <min> <max>
0	13

[block]
# block no. 2 follows, 80 sequences, length 18
# corresponding to MSA columns:
# 61-78
name=unknown_C
#
# <colnr> <probs for GDERKNQSTAVLIFYWHMCP>
#	G	D	E	R	K	N	Q	S	T	A	V	L	I	F	Y	W	H	M	C	P
0	0.04223	0.19720	0.37221	0.00851	0.01224	0.07743	0.04693	0.09874	0.03694	0.06639	0.00685	0.00752	0.00509	0.00345	0.00311	0.00101	0.00453	0.00261	0.00201	0.00500
1	0.00429	0.00311	0.00407	0.00479	0.00510	0.00288	0.00326	0.00497	0.00688	0.00910	0.03817	0.77133	0.08486	0.01066	0.00443	0.00140	0.00203	0.03255	0.00325	0.00286
2	0.01273	0.00596	0.00760	0.00608	0.00837	0.00559	0.00493	0.09000	0.08392	0.54482	0.15378	0.01461	0.03566	0.00493	0.00363	0.00109	0.00278	0.00409	0.00407	0.00538
3	0.07077	0.06848	0.45338	0.00957	0.01368	0.00834	0.15417	0.05587	0.00814	0.09512	0.00706	0.00798	0.00504	0.00335	0.00332	0.00107	0.00468	0.00286	0.00197	0.02513
4	0.05091	0.69927	0.13586	0.00647	0.00972	0.01254	0.00682	0.01066	0.00713	0.02656	0.00523	0.00598	0.00452	0.00307	0.00241	0.00082	0.00387	0.00200	0.00158	0.00457
5	0.00424	0.00306	0.00402	0.00479	0.00504	0.00284	0.00321	0.00487	0.00674	0.00893	0.02004	0.83309	0.06457	0.01083	0.00444	0.00141	0.00201	0.00979	0.00324	0.00284
6	0.00425	0.00304	0.00405	0.00486	0.00506	0.00283	0.00324	0.00486	0.00668	0.00891	0.01923	0.87510	0.02308	0.01093	0.00445	0.00142	0.00202	0.00992	0.00324	0.00283
7	0.01325	0.00962	0.01009	0.00786	0.01055	0.05116	0.00644	0.68436	0.05706	0.10034	0.00904	0.00884	0.00636	0.00420	0.00348	0.00105	0.00382	0.00317	0.00349	0.00582
8	0.01299	0.05115	0.01051	0.00773	0.01048	0.01039	0.00642	0.69072	0.06446	0.08622	0.00897	0.00879	0.00635	0.00417	0.00344	0.00104	0.00370	0.00316	0.00346	0.00584
9	0.00483	0.00366	0.00446	0.00424	0.00518	0.00334	0.00319	0.00649	0.03020	0.01287	0.62927	0.02761	0.23677	0.00750	0.00410	0.00112	0.00170	0.00651	0.00368	0.00326
10	0.00933	0.87948	0.01828	0.00597	0.00896	0.01381	0.00597	0.01045	0.00709	0.00821	0.00485	0.00560	0.00448	0.00299	0.00224	0.00075	0.00373	0.00187	0.00149	0.00448
11	0.00710	0.00594	0.00780	0.00695	0.02852	0.00622	0.08660	0.01225	0.36181	0.03284	0.30758	0.04185	0.06814	0.00576	0.00386	0.00115	0.00264	0.00512	0.00342	0.00445
12	0.00728	0.00624	0.00726	0.00523	0.00830	0.00479	0.00418	0.00911	0.03525	0.01148	0.00647	0.00743	0.00535	0.00266	0.00262	0.00054	0.00259	0.00213	0.00212	0.86899
13	0.00425	0.00304	0.00405	0.00486	0.00506	0.00283	0.00324	0.00486	0.00668	0.00891	0.01923	0.87510	0.02308	0.01093	0.00445	0.00142	0.00202	0.00992	0.00324	0.00283
14	0.03376	0.01894	0.09432	0.04050	0.28180	0.01914	0.09623	0.16692	0.14711	0.01385	0.03538	0.02115	0.00732	0.00383	0.00352	0.00109	0.00403	0.00344	0.00243	0.00524
15	0.00577	0.00434	0.00512	0.00477	0.00590	0.00423	0.00361	0.04345	0.11474	0.02948	0.48675	0.06708	0.19697	0.00719	0.00402	0.00114	0.00195	0.00622	0.00365	0.00364
16	0.00991	0.00807	0.02774	0.06746	0.29483	0.02268	0.17155	0.10258	0.02144	0.16122	0.01888	0.04327	0.02610	0.00394	0.00365	0.00110	0.00415	0.00376	0.00251	0.00516
17	0.00855	0.00812	0.01274	0.25561	0.33564	0.04246	0.10344	0.05971	0.07962	0.02535	0.00729	0.00920	0.00570	0.00352	0.00376	0.00111	0.02804	0.00326	0.00198	0.00489

[dist]
# distance from previous block
# <min> <max>
3	6

[block]
# block no. 3 follows, 80 sequences, length 25
# corresponding to MSA columns:
# 86-110
name=unknown_D
#
# <colnr> <probs for GDERKNQSTAVLIFYWHMCP>
#	G	D	E	R	K	N	Q	S	T	A	V	L	I	F	Y	W	H	M	C	P
0	0.00804	0.00767	0.01294	0.26615	0.59495	0.00814	0.01029	0.01038	0.02775	0.01076	0.00664	0.00893	0.00540	0.00326	0.00347	0.00108	0.00426	0.00313	0.00172	0.00505
1	0.00835	0.13817	0.35483	0.00889	0.03524	0.03290	0.07750	0.05982	0.05871	0.04926	0.01945	0.04512	0.00680	0.00390	0.00330	0.00104	0.00429	0.02432	0.00208	0.06602
2	0.00502	0.00359	0.00487	0.00487	0.00524	0.00396	0.00344	0.00576	0.00539	0.00755	0.01002	0.01743	0.01034	0.37376	0.51817	0.00470	0.00691	0.00428	0.00197	0.00271
3	0.00425	0.00304	0.00405	0.00486	0.00506	0.00283	0.00324	0.00486	0.00668	0.00891	0.01923	0.87510	0.02308	0.01093	0.00445	0.00142	0.00202	0.00992	0.00324	0.00283
4	0.00711	0.00390	0.00404	0.00384	0.00489	0.00399	0.00293	0.02331	0.09339	0.04518	0.01250	0.01357	0.03701	0.00430	0.00267	0.00088	0.00183	0.00347	0.72756	0.00362
5	0.00650	0.00325	0.00325	0.00325	0.00407	0.00325	0.00244	0.00813	0.00732	0.01301	0.01138	0.01301	0.00894	0.00407	0.00244	0.00081	0.00163	0.00325	0.89675	0.00325
6	0.00933	0.87948	0.01828	0.00597	0.00896	0.01381	0.00597	0.01045	0.00709	0.00821	0.00485	0.00560	0.00448	0.00299	0.00224	0.00075	0.00373	0.00187	0.00149	0.00448
7	0.00498	0.00374	0.00561	0.00561	0.00623	0.00436	0.00436	0.00623	0.00561	0.00810	0.00935	0.01371	0.00872	0.02617	0.86355	0.00561	0.00935	0.00374	0.00187	0.00312
8	0.01293	0.04129	0.01013	0.00890	0.01073	0.83909	0.00672	0.01383	0.00981	0.00853	0.00538	0.00627	0.00449	0.00358	0.00312	0.00089	0.00622	0.00224	0.00179	0.00406
9	0.00659	0.00620	0.01047	0.86899	0.02403	0.00775	0.00969	0.00891	0.00698	0.00891	0.00620	0.00930	0.00465	0.00349	0.00349	0.00116	0.00465	0.00310	0.00155	0.00388
10	0.00933	0.87948	0.01828	0.00597	0.00896	0.01381	0.00597	0.01045	0.00709	0.00821	0.00485	0.00560	0.00448	0.00299	0.00224	0.00075	0.00373	0.00187	0.00149	0.00448
11	0.48322	0.00536	0.00473	0.00437	0.00608	0.00568	0.00346	0.00856	0.00700	0.06204	0.05257	0.06770	0.26639	0.00564	0.00306	0.00113	0.00234	0.00433	0.00275	0.00357
12	0.00933	0.87948	0.01828	0.00597	0.00896	0.01381	0.00597	0.01045	0.00709	0.00821	0.00485	0.00560	0.00448	0.00299	0.00224	0.00075	0.00373	0.00187	0.00149	0.00448
13	0.01308	0.00981	0.01021	0.00794	0.01062	0.04922	0.00651	0.76239	0.01568	0.04299	0.00867	0.03123	0.00639	0.00434	0.00350	0.00105	0.00388	0.00329	0.00343	0.00577
14	0.00543	0.00428	0.00601	0.00576	0.00614	0.00515	0.00437	0.00631	0.00544	0.00784	0.00896	0.01483	0.00897	0.21865	0.53267	0.00444	0.14593	0.00394	0.00187	0.00300
15	0.00659	0.00620	0.01047	0.86899	0.02403	0.00775	0.00969	0.00891	0.00698	0.00891	0.00620	0.00930	0.00465	0.00349	0.00349	0.00116	0.00465	0.00310	0.00155	0.00388
16	0.01326	0.00977	0.01047	0.00803	0.01082	0.01082	0.00663	0.84398	0.01640	0.02199	0.00838	0.00838	0.00593	0.00419	0.00349	0.00105	0.00384	0.00314	0.00349	0.00593
17	0.00724	0.00620	0.00724	0.00517	0.00827	0.00465	0.00413	0.00879	0.00724	0.01137	0.00620	0.00724	0.00517	0.00258	0.00258	0.00052	0.00258	0.00207	0.00207	0.89871
18	0.00595	0.00306	0.00445	0.00446	0.00448	0.00306	0.00294	0.00466	0.00468	0.00631	0.00683	0.02808	0.00700	0.08586	0.01360	0.78798	0.00301	0.00334	0.01858	0.00162
19	0.01289	0.04921	0.01072	0.00790	0.01066	0.01087	0.00655	0.77117	0.05122	0.02105	0.00846	0.00845	0.00607	0.00416	0.00344	0.00104	0.00379	0.00312	0.00340	0.00585
20	0.05263	0.01619	0.00968	0.00879	0.01061	0.82526	0.00661	0.01377	0.00971	0.00886	0.00537	0.00626	0.00446	0.00358	0.00310	0.00091	0.00613	0.00223	0.00181	0.00403
21	0.00793	0.03900	0.21180	0.01230	0.26054	0.02938	0.08437	0.01175	0.15244	0.02303	0.10886	0.01153	0.02356	0.00402	0.00354	0.00109	0.00399	0.00361	0.00229	0.00499
22	0.00499	0.00372	0.00554	0.00554	0.00614	0.00432	0.00428	0.00619	0.00559	0.00805	0.00941	0.01405	0.00887	0.05858	0.83135	0.00552	0.00912	0.00379	0.00188	0.00308
23	0.00536	0.01599	0.04339	0.00527	0.00603	0.00431	0.01744	0.00638	0.00620	0.02155	0.08708	0.04739	0.04328	0.27721	0.36850	0.00370	0.01640	0.01926	0.00225	0.00300
24	0.05465	0.02590	0.00749	0.00533	0.00832	0.04406	0.00427	0.00913	0.00728	0.01140	0.00606	0.00707	0.00505	0.00267	0.00258	0.00057	0.00278	0.00206	0.00205	0.79127

[dist]
# distance from previous block
# <min> <max>
3	14

[block]
# block no. 4 follows, 80 sequences, length 16
# corresponding to MSA columns:
# 128-143
name=unknown_E
#
# <colnr> <probs for GDERKNQSTAVLIFYWHMCP>
#	G	D	E	R	K	N	Q	S	T	A	V	L	I	F	Y	W	H	M	C	P
0	0.09241	0.00760	0.00859	0.00675	0.00935	0.00775	0.00558	0.38088	0.01196	0.23917	0.00995	0.01121	0.00740	0.00433	0.00336	0.00103	0.00330	0.06467	0.00338	0.12132
1	0.00701	0.00598	0.00701	0.00522	0.00802	0.00472	0.00415	0.00883	0.03870	0.01118	0.00774	0.00884	0.03482	0.00463	0.06674	0.00094	0.00307	0.00244	0.00215	0.76780
2	0.00573	0.00427	0.00577	0.00613	0.06616	0.00465	0.00400	0.00662	0.02110	0.02306	0.06594	0.01823	0.01182	0.40877	0.25827	0.00347	0.06451	0.01637	0.00217	0.00299
3	0.00724	0.00620	0.00724	0.00517	0.00827	0.00465	0.00413	0.00879	0.00724	0.01137	0.00620	0.00724	0.00517	0.00258	0.00258	0.00052	0.00258	0.00207	0.00207	0.89871
4	0.03878	0.01011	0.01018	0.00797	0.01064	0.07409	0.00652	0.72798	0.04602	0.02054	0.00827	0.00831	0.00594	0.00414	0.00343	0.00104	0.00395	0.00307	0.00333	0.00572
5	0.02217	0.26709	0.17518	0.03865	0.08655	0.04029	0.00769	0.09567	0.02847	0.17188	0.01982	0.00832	0.00605	0.00357	0.00306	0.00097	0.00395	0.00273	0.00236	0.01555
6	0.02265	0.02232	0.12737	0.00743	0.05309	0.03685	0.01661	0.05778	0.06567	0.15164	0.03645	0.05268	0.08736	0.02023	0.03547	0.00124	0.05106	0.00380	0.00268	0.14763
7	0.00426	0.00310	0.00402	0.00471	0.00503	0.00286	0.00318	0.00493	0.00691	0.00912	0.04707	0.76331	0.10747	0.01060	0.00441	0.00138	0.00199	0.00955	0.00326	0.00286
8	0.00659	0.00620	0.01047	0.86899	0.02403	0.00775	0.00969	0.00891	0.00698	0.00891	0.00620	0.00930	0.00465	0.00349	0.00349	0.00116	0.00465	0.00310	0.00155	0.00388
9	0.00842	0.03767	0.22471	0.02265	0.17200	0.02029	0.25202	0.02115	0.03870	0.07508	0.00831	0.07328	0.00684	0.00392	0.00379	0.00113	0.01926	0.00379	0.00206	0.00493
10	0.00481	0.00331	0.00448	0.00509	0.00548	0.00318	0.00363	0.00563	0.00694	0.03101	0.05286	0.63580	0.02147	0.03029	0.06867	0.00177	0.00275	0.10669	0.00316	0.00298
11	0.00700	0.01805	0.85930	0.00994	0.01510	0.00810	0.01289	0.01105	0.00737	0.01105	0.00626	0.00737	0.00442	0.00331	0.00331	0.00110	0.00516	0.00258	0.00147	0.00516
12	0.00547	0.00547	0.07695	0.00614	0.06966	0.00427	0.02683	0.01890	0.02318	0.03136	0.17139	0.06632	0.45539	0.00735	0.00400	0.00116	0.00242	0.01708	0.00308	0.00359
13	0.00624	0.00474	0.00677	0.00852	0.19080	0.00471	0.00501	0.00764	0.04849	0.05580	0.02834	0.37259	0.06430	0.12587	0.03887	0.00171	0.01659	0.00659	0.00276	0.00367
14	0.01293	0.00531	0.00701	0.00568	0.00778	0.00474	0.00456	0.01430	0.02266	0.62328	0.01356	0.02887	0.00988	0.09659	0.00498	0.00133	0.00288	0.04107	0.08750	0.00510
15	0.01303	0.01663	0.00989	0.00899	0.01079	0.86337	0.00674	0.01393	0.00989	0.00854	0.00539	0.00629	0.00449	0.00360	0.00315	0.00090	0.00629	0.00225	0.00180	0.00404

[dist]
# distance from previous block
# <min> <max>
0	202

# created by:
# /usr/local/bin/augustus/scripts/msa2prfl.pl /tmp/new_cug2/without_ca_b/capping-protein-class-2.fasta
