[name]
unknown

[dist]
# distance from previous block
# <min> <max>
2	13

[block]
# block no. 0 follows, 80 sequences, length 6
# corresponding to MSA columns:
# 75-80
name=unknown_A
#
# <colnr> <probs for GDERKNQSTAVLIFYWHMCP>
#	G	D	E	R	K	N	Q	S	T	A	V	L	I	F	Y	W	H	M	C	P
0	0.06668	0.00501	0.00548	0.00589	0.05495	0.04354	0.00385	0.03912	0.07377	0.01004	0.05171	0.23273	0.06634	0.29134	0.00839	0.00193	0.00296	0.03032	0.00271	0.00324
1	0.04517	0.09724	0.22146	0.01031	0.07994	0.06911	0.17969	0.05104	0.06715	0.07880	0.02881	0.01004	0.00681	0.00376	0.00344	0.00108	0.00450	0.03457	0.00220	0.00490
2	0.02836	0.11685	0.18586	0.03198	0.10733	0.00865	0.03819	0.18224	0.07526	0.08855	0.00969	0.06802	0.03523	0.00432	0.00338	0.00107	0.00385	0.00357	0.00254	0.00506
3	0.00621	0.00477	0.00477	0.00456	0.00577	0.07144	0.00342	0.00722	0.00846	0.10068	0.15619	0.13702	0.46066	0.00794	0.00402	0.00116	0.00227	0.00671	0.00333	0.00339
4	0.00618	0.00451	0.00553	0.00575	0.06329	0.00424	0.00397	0.08590	0.00912	0.06099	0.22449	0.16593	0.33136	0.00768	0.00404	0.00117	0.00221	0.00662	0.00337	0.00364
5	0.17173	0.13227	0.03111	0.07161	0.09680	0.10735	0.03319	0.12439	0.06274	0.12584	0.00755	0.00812	0.00564	0.00361	0.00305	0.00102	0.00390	0.00274	0.00246	0.00485

[dist]
# distance from previous block
# <min> <max>
0	1

[block]
# block no. 1 follows, 80 sequences, length 10
# corresponding to MSA columns:
# 82-91
name=unknown_B
#
# <colnr> <probs for GDERKNQSTAVLIFYWHMCP>
#	G	D	E	R	K	N	Q	S	T	A	V	L	I	F	Y	W	H	M	C	P
0	0.00453	0.00337	0.00415	0.00453	0.00512	0.00310	0.00325	0.00541	0.00746	0.00972	0.13672	0.37744	0.24024	0.08339	0.00549	0.00150	0.00215	0.09632	0.00322	0.00291
1	0.00558	0.00375	0.00446	0.00421	0.00534	0.00329	0.00318	0.00679	0.00882	0.09464	0.35026	0.08215	0.39889	0.00786	0.00408	0.00115	0.00185	0.00674	0.00358	0.00337
2	0.00956	0.15763	0.13314	0.02629	0.13089	0.06695	0.08934	0.13173	0.00908	0.08345	0.02340	0.01066	0.00700	0.06907	0.00442	0.00121	0.00426	0.03487	0.00226	0.00479
3	0.04457	0.41402	0.01397	0.00714	0.00976	0.03493	0.05610	0.12746	0.10660	0.09493	0.00744	0.00783	0.00583	0.00368	0.00333	0.00096	0.05157	0.00266	0.00234	0.00488
4	0.01242	0.00684	0.00812	0.00636	0.00886	0.00670	0.00518	0.24154	0.08031	0.37770	0.02768	0.01163	0.03681	0.00434	0.00338	0.00101	0.00300	0.00347	0.06126	0.09340
5	0.00781	0.00626	0.00732	0.00536	0.00830	0.00494	0.00428	0.05506	0.00784	0.04840	0.00719	0.04357	0.00610	0.00309	0.00275	0.00061	0.00265	0.00252	0.00229	0.77368
6	0.00884	0.00658	0.00756	0.00571	0.00840	0.00585	0.00459	0.18223	0.02580	0.06920	0.05334	0.02582	0.00770	0.00356	0.00296	0.00074	0.00276	0.00286	0.05202	0.52347
7	0.59182	0.02646	0.11495	0.02667	0.00920	0.00794	0.05926	0.02481	0.03941	0.04469	0.02329	0.00718	0.00506	0.00342	0.00263	0.00109	0.00329	0.00240	0.00221	0.00420
8	0.00737	0.05772	0.66045	0.00914	0.01344	0.05719	0.01107	0.03542	0.00770	0.01088	0.00748	0.09260	0.00631	0.00409	0.00337	0.00110	0.00481	0.00326	0.00173	0.00485
9	0.04338	0.03564	0.00669	0.00572	0.00703	0.03786	0.08609	0.00751	0.02575	0.06415	0.09223	0.29286	0.26613	0.00776	0.00399	0.00121	0.00263	0.00683	0.00306	0.00349

[dist]
# distance from previous block
# <min> <max>
0	4

[block]
# block no. 2 follows, 80 sequences, length 7
# corresponding to MSA columns:
# 96-102
name=unknown_C
#
# <colnr> <probs for GDERKNQSTAVLIFYWHMCP>
#	G	D	E	R	K	N	Q	S	T	A	V	L	I	F	Y	W	H	M	C	P
0	0.06857	0.17915	0.15222	0.04107	0.14176	0.12108	0.08805	0.05439	0.02815	0.05736	0.00748	0.00845	0.03054	0.00352	0.00316	0.00100	0.00442	0.00285	0.00200	0.00478
1	0.00998	0.54321	0.01442	0.00648	0.00899	0.11814	0.00582	0.10649	0.00859	0.04593	0.00720	0.09686	0.00676	0.00408	0.00278	0.00088	0.00385	0.00297	0.00206	0.00448
2	0.00427	0.00319	0.00397	0.00451	0.00499	0.00289	0.00310	0.00501	0.00720	0.00937	0.07831	0.61767	0.22249	0.01018	0.00435	0.00134	0.00194	0.00907	0.00328	0.00289
3	0.02530	0.02496	0.01058	0.03755	0.29393	0.03600	0.06432	0.13153	0.02216	0.05656	0.04373	0.06055	0.13471	0.00531	0.02047	0.00119	0.01961	0.00428	0.00254	0.00470
4	0.00911	0.00629	0.00747	0.00741	0.08889	0.02584	0.00520	0.09003	0.21884	0.18060	0.07588	0.10837	0.14926	0.00592	0.00375	0.00115	0.00280	0.00503	0.00342	0.00475
5	0.00464	0.00369	0.00420	0.00434	0.00523	0.00341	0.00315	0.00625	0.07336	0.01034	0.14966	0.28919	0.41205	0.00891	0.00418	0.00124	0.00191	0.00773	0.00335	0.00316
6	0.07774	0.00560	0.00633	0.00572	0.00726	0.00585	0.00440	0.09219	0.21987	0.12354	0.16394	0.19407	0.06622	0.00646	0.00375	0.00118	0.00248	0.00551	0.00350	0.00437

[dist]
# distance from previous block
# <min> <max>
3	19

[block]
# block no. 3 follows, 80 sequences, length 10
# corresponding to MSA columns:
# 122-131
name=unknown_D
#
# <colnr> <probs for GDERKNQSTAVLIFYWHMCP>
#	G	D	E	R	K	N	Q	S	T	A	V	L	I	F	Y	W	H	M	C	P
0	0.00608	0.00436	0.00502	0.00469	0.00587	0.00416	0.00358	0.07321	0.00868	0.08035	0.11730	0.15649	0.45755	0.00809	0.00444	0.00120	0.04533	0.00677	0.00333	0.00349
1	0.04518	0.06747	0.08141	0.00864	0.09789	0.10336	0.06763	0.07762	0.04874	0.10280	0.02650	0.15370	0.09362	0.00538	0.00358	0.00111	0.00367	0.00459	0.00266	0.00447
2	0.03991	0.29548	0.12040	0.00795	0.05667	0.05106	0.04357	0.14440	0.03158	0.02823	0.07201	0.04741	0.02135	0.00409	0.00310	0.00097	0.00381	0.00322	0.00228	0.02250
3	0.03430	0.00764	0.07791	0.00655	0.00869	0.06124	0.00562	0.14759	0.00978	0.29420	0.03922	0.11424	0.09394	0.00554	0.00402	0.00113	0.05036	0.00444	0.02884	0.00476
4	0.00487	0.00398	0.00499	0.07085	0.04175	0.00382	0.00392	0.00627	0.04474	0.00984	0.08930	0.26994	0.36512	0.03928	0.00462	0.00132	0.00228	0.02684	0.00307	0.00321
5	0.02952	0.10903	0.43677	0.00976	0.06784	0.00833	0.08583	0.02911	0.03657	0.10347	0.02099	0.02123	0.00606	0.00359	0.00330	0.00107	0.00444	0.00299	0.01503	0.00505
6	0.00861	0.05748	0.18597	0.06073	0.10325	0.09170	0.10511	0.09481	0.06624	0.02023	0.05383	0.03243	0.00753	0.00499	0.03954	0.00129	0.05603	0.00341	0.00214	0.00471
7	0.00549	0.00443	0.00641	0.03058	0.00694	0.00518	0.03022	0.00651	0.00578	0.00822	0.01036	0.03403	0.05102	0.16902	0.46426	0.00396	0.12781	0.00417	0.02248	0.00310
8	0.03996	0.00985	0.00753	0.00692	0.00838	0.37456	0.01985	0.01087	0.07271	0.04524	0.06897	0.12535	0.14354	0.00617	0.01898	0.00116	0.02896	0.00457	0.00259	0.00384
9	0.00797	0.04078	0.07013	0.00824	0.08242	0.12456	0.07040	0.05127	0.05589	0.05665	0.16280	0.18090	0.06153	0.00594	0.00377	0.00113	0.00349	0.00518	0.00280	0.00417

[dist]
# distance from previous block
# <min> <max>
8	22

[block]
# block no. 4 follows, 80 sequences, length 9
# corresponding to MSA columns:
# 163-171
name=unknown_E
#
# <colnr> <probs for GDERKNQSTAVLIFYWHMCP>
#	G	D	E	R	K	N	Q	S	T	A	V	L	I	F	Y	W	H	M	C	P
0	0.03407	0.00570	0.02029	0.00566	0.00721	0.00577	0.00450	0.18881	0.07158	0.07882	0.15624	0.05473	0.15828	0.04784	0.14263	0.00194	0.00374	0.00491	0.00317	0.00412
1	0.00457	0.00383	0.00448	0.00507	0.06778	0.00338	0.00334	0.00555	0.00788	0.00981	0.09995	0.11488	0.60821	0.03998	0.00460	0.00126	0.00202	0.00713	0.00314	0.00312
2	0.00724	0.00444	0.00540	0.00493	0.00619	0.00422	0.00373	0.04992	0.05037	0.16672	0.20006	0.11514	0.22297	0.07303	0.06808	0.00165	0.00282	0.00589	0.00341	0.00378
3	0.03454	0.01030	0.00980	0.00782	0.01033	0.13600	0.00633	0.62088	0.05651	0.01898	0.00886	0.00895	0.02649	0.00421	0.00340	0.00103	0.00402	0.00312	0.02297	0.00545
4	0.00792	0.00973	0.17437	0.05530	0.47181	0.02384	0.04987	0.02524	0.02367	0.01116	0.00792	0.09443	0.00708	0.00398	0.00354	0.00109	0.00422	0.00371	0.00189	0.01922
5	0.00625	0.07010	0.00700	0.00592	0.00673	0.09050	0.00460	0.00728	0.00656	0.00862	0.07201	0.08470	0.03932	0.08128	0.41558	0.00344	0.08040	0.00431	0.00213	0.00328
6	0.01207	0.07796	0.01085	0.00980	0.09436	0.58748	0.00699	0.08675	0.06272	0.01036	0.00628	0.00708	0.00511	0.00363	0.00317	0.00093	0.00545	0.00249	0.00203	0.00448
7	0.00849	0.09468	0.01492	0.03726	0.42691	0.02254	0.19211	0.01048	0.00776	0.02751	0.02492	0.02254	0.00625	0.00396	0.02023	0.00117	0.06815	0.00338	0.00182	0.00492
8	0.00926	0.22242	0.11650	0.04786	0.04875	0.00949	0.05881	0.20688	0.02709	0.03193	0.00814	0.04349	0.03129	0.00395	0.00342	0.00098	0.03075	0.00313	0.00228	0.09357

[dist]
# distance from previous block
# <min> <max>
6	11

[block]
# block no. 5 follows, 80 sequences, length 16
# corresponding to MSA columns:
# 206-221
name=unknown_F
#
# <colnr> <probs for GDERKNQSTAVLIFYWHMCP>
#	G	D	E	R	K	N	Q	S	T	A	V	L	I	F	Y	W	H	M	C	P
0	0.08171	0.04037	0.03423	0.01916	0.15213	0.23395	0.03557	0.11095	0.05185	0.06354	0.00901	0.08107	0.03380	0.00447	0.00363	0.00107	0.03297	0.00353	0.00239	0.00461
1	0.24735	0.02108	0.04665	0.02119	0.22057	0.11022	0.03695	0.17173	0.00924	0.03251	0.00675	0.00825	0.00536	0.00364	0.00321	0.00106	0.01568	0.02115	0.01263	0.00479
2	0.00641	0.00643	0.06303	0.02194	0.23730	0.02102	0.05195	0.01724	0.02314	0.01158	0.23512	0.11371	0.14505	0.00600	0.00384	0.00113	0.00301	0.00539	0.02264	0.00408
3	0.00738	0.00632	0.01947	0.04122	0.24724	0.00626	0.03781	0.10590	0.06261	0.03024	0.05138	0.19422	0.13821	0.00622	0.00387	0.00118	0.00316	0.03016	0.00277	0.00438
4	0.00507	0.00340	0.00389	0.00388	0.00392	0.00341	0.00222	0.00516	0.00524	0.00704	0.03779	0.02266	0.01321	0.82360	0.04322	0.00338	0.00351	0.00507	0.00216	0.00218
5	0.02762	0.08328	0.04889	0.00836	0.04728	0.23926	0.01724	0.26062	0.05055	0.07942	0.00779	0.00903	0.00617	0.06728	0.00455	0.00118	0.03109	0.00296	0.00256	0.00483
6	0.00549	0.00402	0.00503	0.00470	0.00558	0.00398	0.00352	0.06700	0.00900	0.01246	0.49469	0.02322	0.10231	0.10231	0.13922	0.00205	0.00320	0.00565	0.00327	0.00330
7	0.00946	0.71189	0.01631	0.00618	0.00891	0.08214	0.00586	0.04276	0.00788	0.00919	0.06665	0.00725	0.00660	0.00338	0.00250	0.00080	0.00379	0.00227	0.00177	0.00441
8	0.00683	0.00631	0.00753	0.00675	0.00721	0.06893	0.01595	0.01912	0.01929	0.00885	0.05555	0.09322	0.07349	0.17543	0.00998	0.03624	0.35354	0.00453	0.01210	0.01915
9	0.01846	0.09549	0.00854	0.01666	0.06040	0.01599	0.05618	0.04958	0.04170	0.02422	0.08547	0.32802	0.08182	0.00719	0.00465	0.00123	0.09173	0.00615	0.00274	0.00378
10	0.04223	0.05553	0.04425	0.05915	0.13497	0.15425	0.01749	0.08663	0.17742	0.04391	0.00931	0.09575	0.00802	0.00463	0.00385	0.00111	0.05057	0.00371	0.00248	0.00472
11	0.02679	0.02377	0.08423	0.19446	0.05517	0.04969	0.15939	0.06464	0.00784	0.01057	0.00926	0.17257	0.00894	0.03906	0.01426	0.00133	0.04572	0.01704	0.01119	0.00408
12	0.00822	0.02572	0.06806	0.19066	0.39689	0.00796	0.03572	0.02062	0.10665	0.04429	0.03961	0.01039	0.02241	0.00370	0.00350	0.00109	0.00402	0.00339	0.00211	0.00501
13	0.20666	0.00604	0.00706	0.00651	0.06904	0.00593	0.00478	0.08436	0.00913	0.28034	0.13216	0.01410	0.10246	0.00478	0.00331	0.00106	0.00273	0.00383	0.00328	0.05245
14	0.07075	0.00467	0.00531	0.00497	0.00621	0.00459	0.02677	0.10074	0.03264	0.01160	0.07679	0.18680	0.36565	0.04158	0.01857	0.00137	0.00248	0.03195	0.00313	0.00345
15	0.00915	0.69439	0.03952	0.00619	0.00898	0.05075	0.00597	0.04247	0.00756	0.00898	0.00613	0.06895	0.00590	0.00363	0.00253	0.00082	0.00373	0.00254	0.00173	0.03007

[dist]
# distance from previous block
# <min> <max>
26	105

[block]
# block no. 6 follows, 80 sequences, length 23
# corresponding to MSA columns:
# 493-501,547-560
name=unknown_G
#
# <colnr> <probs for GDERKNQSTAVLIFYWHMCP>
#	G	D	E	R	K	N	Q	S	T	A	V	L	I	F	Y	W	H	M	C	P
0	0.00907	0.00655	0.05021	0.08381	0.05547	0.00632	0.03473	0.07236	0.06159	0.21260	0.17639	0.01484	0.05512	0.02268	0.04695	0.00140	0.07043	0.00417	0.01074	0.00456
1	0.00431	0.00348	0.00379	0.00383	0.00480	0.00301	0.00280	0.00527	0.00805	0.01006	0.17394	0.11879	0.59600	0.04048	0.00465	0.00127	0.00183	0.00736	0.00330	0.00296
2	0.00458	0.00353	0.00395	0.00393	0.00493	0.00309	0.00291	0.00562	0.00820	0.02460	0.21477	0.10856	0.53781	0.02233	0.01980	0.00129	0.00194	0.00713	0.01799	0.00306
3	0.00450	0.00357	0.00383	0.00387	0.00496	0.00305	0.00291	0.00544	0.00802	0.02814	0.08509	0.10171	0.68241	0.00883	0.00416	0.00121	0.00186	0.04011	0.00330	0.00303
4	0.00574	0.00444	0.00526	0.00530	0.04104	0.02277	0.00377	0.03329	0.04442	0.03451	0.44349	0.06192	0.23539	0.02543	0.00432	0.00118	0.00211	0.01865	0.00347	0.00351
5	0.39142	0.12097	0.00869	0.00597	0.00840	0.02572	0.00503	0.28329	0.00985	0.04815	0.00775	0.00809	0.04049	0.00381	0.00276	0.00102	0.00323	0.00262	0.01812	0.00462
6	0.02103	0.03415	0.18708	0.01848	0.04240	0.10029	0.17580	0.05932	0.20841	0.01205	0.02645	0.04107	0.00752	0.00426	0.00398	0.02080	0.02621	0.00357	0.00231	0.00480
7	0.00831	0.00813	0.01291	0.21785	0.60425	0.05024	0.01014	0.01037	0.00785	0.01073	0.02242	0.00900	0.00579	0.00330	0.00346	0.00106	0.00432	0.00312	0.00173	0.00503
8	0.00695	0.00551	0.00685	0.00702	0.06403	0.04954	0.01429	0.08990	0.02884	0.04508	0.03151	0.23494	0.02339	0.07666	0.25839	0.00268	0.04283	0.00533	0.00258	0.00368
9	0.01308	0.01535	0.01000	0.00881	0.01079	0.70411	0.00672	0.16899	0.01111	0.01105	0.00595	0.00668	0.00476	0.00371	0.00321	0.00093	0.00583	0.00241	0.00211	0.00440
10	0.00783	0.11552	0.04597	0.00779	0.05971	0.03121	0.08482	0.04312	0.03065	0.02278	0.05046	0.08516	0.00831	0.00453	0.02023	0.00099	0.05283	0.00343	0.00220	0.32245
11	0.13541	0.09711	0.09994	0.00772	0.04803	0.10346	0.00656	0.21782	0.01014	0.16998	0.00807	0.02979	0.00605	0.00385	0.00311	0.00100	0.00384	0.00287	0.00271	0.04251
12	0.01280	0.07431	0.01049	0.00873	0.01067	0.75458	0.00668	0.06392	0.01009	0.00933	0.00554	0.00637	0.00458	0.00359	0.00311	0.00090	0.00597	0.00228	0.00188	0.00419
13	0.00505	0.00349	0.00435	0.00435	0.00454	0.00368	0.00280	0.00542	0.00524	0.00717	0.01049	0.02007	0.01148	0.61921	0.27429	0.00406	0.00519	0.00467	0.00204	0.00242
14	0.00561	0.00332	0.00493	0.00493	0.00517	0.00356	0.00351	0.00522	0.00498	0.00688	0.00753	0.01228	0.00735	0.05131	0.34315	0.51757	0.00549	0.00338	0.00168	0.00216
15	0.01130	0.01219	0.00914	0.00812	0.01010	0.42508	0.00624	0.10629	0.34977	0.01245	0.00928	0.00924	0.00714	0.00412	0.00335	0.00103	0.00460	0.00303	0.00269	0.00485
16	0.84260	0.00680	0.00539	0.00475	0.00694	0.00780	0.00391	0.03332	0.00638	0.04921	0.00531	0.00599	0.00403	0.00331	0.00225	0.00108	0.00274	0.00199	0.00228	0.00392
17	0.00813	0.02572	0.02309	0.13305	0.13210	0.03703	0.13638	0.11717	0.00846	0.02654	0.04363	0.03320	0.02344	0.02570	0.10890	0.00175	0.09300	0.01619	0.00216	0.00436
18	0.00606	0.00303	0.00455	0.00455	0.00455	0.00303	0.00303	0.00455	0.00455	0.00606	0.00606	0.01061	0.00606	0.01212	0.01364	0.89848	0.00303	0.00303	0.00152	0.00152
19	0.00810	0.00774	0.02779	0.19407	0.38665	0.02399	0.10508	0.03835	0.00811	0.02948	0.05786	0.02547	0.00741	0.00408	0.01685	0.00117	0.02793	0.00353	0.02158	0.00476
20	0.01342	0.00953	0.01032	0.00791	0.01070	0.01046	0.00654	0.79145	0.01600	0.07510	0.00872	0.00860	0.00611	0.00420	0.00349	0.00105	0.00378	0.00316	0.00354	0.00593
21	0.00738	0.00942	0.23166	0.00858	0.08291	0.04174	0.04581	0.07881	0.02452	0.02713	0.18559	0.03323	0.03984	0.08750	0.02202	0.00142	0.05300	0.00416	0.01099	0.00428
22	0.00498	0.00374	0.00561	0.00561	0.00623	0.00436	0.00436	0.00623	0.00561	0.00810	0.00935	0.01371	0.00872	0.02617	0.86355	0.00561	0.00935	0.00374	0.00187	0.00312

[dist]
# distance from previous block
# <min> <max>
7	12

[block]
# block no. 7 follows, 80 sequences, length 23
# corresponding to MSA columns:
# 638-660
name=unknown_H
#
# <colnr> <probs for GDERKNQSTAVLIFYWHMCP>
#	G	D	E	R	K	N	Q	S	T	A	V	L	I	F	Y	W	H	M	C	P
0	0.02688	0.06674	0.17133	0.04520	0.09275	0.06102	0.08359	0.10224	0.12461	0.03297	0.06053	0.02474	0.00795	0.01579	0.00422	0.00114	0.06775	0.00341	0.00233	0.00482
1	0.00478	0.00361	0.00404	0.00391	0.00498	0.00313	0.00292	0.00587	0.00848	0.03909	0.27429	0.04514	0.54489	0.03388	0.00451	0.00122	0.00182	0.00690	0.00342	0.00312
2	0.04238	0.21418	0.03791	0.04115	0.17662	0.10085	0.03987	0.19286	0.03088	0.04918	0.00688	0.00793	0.00545	0.01426	0.00349	0.00102	0.02511	0.00277	0.00222	0.00498
3	0.00504	0.00383	0.00454	0.00456	0.00543	0.00367	0.00334	0.00712	0.09748	0.01170	0.33647	0.24338	0.20950	0.00811	0.00408	0.00120	0.00189	0.00710	0.03824	0.00333
4	0.00896	0.44930	0.01620	0.03662	0.13018	0.05462	0.14415	0.03726	0.00786	0.00977	0.02316	0.02405	0.01699	0.00369	0.01278	0.00098	0.01426	0.00286	0.00176	0.00457
5	0.00541	0.00386	0.00462	0.00433	0.00542	0.00352	0.00328	0.00716	0.04673	0.05807	0.49990	0.02720	0.30260	0.00744	0.00406	0.00113	0.00181	0.00640	0.00365	0.00342
6	0.00763	0.00763	0.01069	0.00916	0.00916	0.01069	0.00763	0.00840	0.00534	0.00840	0.00458	0.00763	0.00458	0.00611	0.01145	0.00153	0.87099	0.00305	0.00153	0.00382
7	0.00499	0.00373	0.00556	0.00556	0.00616	0.00433	0.00430	0.00620	0.00559	0.00806	0.00939	0.01396	0.00883	0.04953	0.84034	0.00555	0.00918	0.00377	0.00188	0.00309
8	0.00502	0.00361	0.00497	0.00497	0.00537	0.00401	0.00357	0.00582	0.00542	0.00763	0.00993	0.01694	0.01013	0.32762	0.56402	0.00482	0.00723	0.00421	0.00196	0.00276
9	0.00700	0.01805	0.85930	0.00994	0.01510	0.00810	0.01289	0.01105	0.00737	0.01105	0.00626	0.00737	0.00442	0.00331	0.00331	0.00110	0.00516	0.00258	0.00147	0.00516
10	0.03099	0.71296	0.15948	0.00660	0.00993	0.01270	0.00708	0.01054	0.00711	0.00887	0.00509	0.00590	0.00445	0.00305	0.00242	0.00081	0.00395	0.00199	0.00151	0.00457
11	0.90202	0.00675	0.00513	0.00459	0.00675	0.00783	0.00378	0.01026	0.00594	0.01565	0.00486	0.00567	0.00378	0.00324	0.00216	0.00108	0.00270	0.00189	0.00216	0.00378
12	0.01292	0.04280	0.01014	0.00890	0.01073	0.83760	0.00672	0.01383	0.00980	0.00853	0.00538	0.00627	0.00449	0.00358	0.00312	0.00089	0.00621	0.00224	0.00179	0.00406
13	0.00494	0.00356	0.00463	0.00437	0.00516	0.00330	0.00325	0.00653	0.00970	0.01373	0.82358	0.02595	0.03220	0.03831	0.00460	0.00118	0.00171	0.00627	0.00378	0.00325
14	0.02070	0.00770	0.00992	0.35625	0.08195	0.07409	0.02781	0.17667	0.05083	0.03978	0.06506	0.01151	0.05434	0.00422	0.00354	0.00110	0.00407	0.00356	0.00242	0.00451
15	0.00471	0.00326	0.00408	0.00451	0.00467	0.00319	0.00291	0.00512	0.00601	0.00802	0.01522	0.42908	0.01784	0.38903	0.04367	0.00245	0.00296	0.04805	0.00269	0.00255
16	0.00985	0.02090	0.03447	0.03980	0.30611	0.26286	0.12800	0.03589	0.03824	0.02511	0.00733	0.03244	0.01581	0.00371	0.00367	0.00105	0.02480	0.00324	0.00195	0.00477
17	0.02249	0.00731	0.00817	0.00681	0.00864	0.00812	0.00537	0.37180	0.16784	0.06578	0.01037	0.02274	0.00862	0.14604	0.07600	0.00185	0.03763	0.01649	0.00310	0.00483
18	0.14445	0.09920	0.09669	0.00833	0.07751	0.10859	0.02319	0.10310	0.09954	0.02938	0.06294	0.02205	0.01561	0.01331	0.00391	0.00109	0.06912	0.00313	0.01428	0.00458
19	0.00859	0.05622	0.27285	0.01455	0.38878	0.03388	0.02239	0.05444	0.02462	0.03050	0.00686	0.02086	0.00551	0.00354	0.00371	0.00107	0.04158	0.00300	0.00184	0.00522
20	0.00939	0.14244	0.18732	0.02161	0.17517	0.04203	0.03020	0.13451	0.06028	0.06444	0.02804	0.01912	0.00663	0.02101	0.00366	0.00106	0.01668	0.00305	0.00226	0.03108
21	0.01577	0.01591	0.04469	0.00542	0.04291	0.01394	0.00402	0.01662	0.05164	0.01104	0.24098	0.15745	0.28778	0.05731	0.00477	0.00129	0.00230	0.00645	0.00314	0.01656
22	0.04728	0.10361	0.21375	0.00898	0.07585	0.16438	0.03239	0.10660	0.02948	0.02295	0.03112	0.02540	0.04731	0.00400	0.00344	0.00101	0.02683	0.00307	0.00213	0.05042

[dist]
# distance from previous block
# <min> <max>
5	22

[block]
# block no. 8 follows, 80 sequences, length 8
# corresponding to MSA columns:
# 733-740
name=unknown_I
#
# <colnr> <probs for GDERKNQSTAVLIFYWHMCP>
#	G	D	E	R	K	N	Q	S	T	A	V	L	I	F	Y	W	H	M	C	P
0	0.00552	0.00411	0.00489	0.00444	0.00581	0.00347	0.00334	0.00674	0.00826	0.04903	0.26496	0.15542	0.27807	0.00721	0.00384	0.00105	0.00199	0.00622	0.00323	0.18242
1	0.00485	0.04017	0.00488	0.00425	0.00522	0.00360	0.00322	0.00619	0.00901	0.01213	0.53383	0.08561	0.25894	0.00769	0.00406	0.00113	0.00179	0.00666	0.00353	0.00321
2	0.01036	0.12060	0.04905	0.00973	0.12518	0.26776	0.06391	0.09624	0.02909	0.06139	0.05801	0.02353	0.02879	0.00400	0.00329	0.00098	0.00444	0.00319	0.03584	0.00461
3	0.01004	0.06013	0.00865	0.00753	0.08116	0.00728	0.00543	0.14537	0.18634	0.19486	0.05487	0.03105	0.01014	0.12404	0.01915	0.00147	0.02222	0.00389	0.02155	0.00485
4	0.00419	0.00347	0.00367	0.00376	0.00479	0.00295	0.00277	0.00508	0.00790	0.00964	0.08346	0.14465	0.69361	0.00901	0.00417	0.00120	0.00179	0.00764	0.00328	0.00295
5	0.01049	0.06075	0.03264	0.09320	0.28372	0.17280	0.03959	0.16087	0.02541	0.06145	0.00707	0.00828	0.00548	0.00358	0.00350	0.00103	0.01996	0.00294	0.00220	0.00505
6	0.02283	0.09573	0.13965	0.03709	0.22911	0.08550	0.07020	0.09327	0.02848	0.06911	0.04795	0.00995	0.02155	0.03010	0.00380	0.00110	0.00425	0.00322	0.00221	0.00491
7	0.00649	0.00473	0.03136	0.00525	0.00640	0.00425	0.03788	0.03388	0.04821	0.09743	0.17034	0.17009	0.14090	0.18367	0.02519	0.00172	0.00278	0.00603	0.01989	0.00349

[dist]
# distance from previous block
# <min> <max>
0	3

[block]
# block no. 9 follows, 80 sequences, length 41
# corresponding to MSA columns:
# 745-764,766-777,798-806
name=unknown_J
#
# <colnr> <probs for GDERKNQSTAVLIFYWHMCP>
#	G	D	E	R	K	N	Q	S	T	A	V	L	I	F	Y	W	H	M	C	P
0	0.00713	0.06852	0.81002	0.00971	0.01474	0.00844	0.01249	0.01101	0.00735	0.01088	0.00618	0.00726	0.00442	0.00330	0.00325	0.00108	0.00507	0.00254	0.00147	0.00512
1	0.01107	0.09884	0.01086	0.03339	0.10151	0.34530	0.01757	0.11704	0.14124	0.03749	0.01571	0.00844	0.00626	0.00382	0.00333	0.00099	0.01638	0.00284	0.02318	0.00475
2	0.03519	0.19378	0.14361	0.00942	0.10904	0.12624	0.04133	0.14099	0.01787	0.12265	0.00781	0.00833	0.02155	0.00363	0.00315	0.00099	0.00428	0.00280	0.00232	0.00503
3	0.00533	0.00378	0.00462	0.00469	0.01853	0.00379	0.00313	0.00633	0.03990	0.02925	0.08695	0.06553	0.13753	0.40426	0.15405	0.00292	0.00390	0.02009	0.00257	0.00284
4	0.00757	0.02821	0.52071	0.01007	0.01420	0.00815	0.15985	0.01204	0.12673	0.02672	0.02350	0.00980	0.00648	0.00370	0.00353	0.00114	0.00477	0.02580	0.00196	0.00504
5	0.00780	0.05114	0.05224	0.06829	0.14729	0.13810	0.03968	0.02679	0.04889	0.03384	0.05092	0.19100	0.09110	0.00589	0.00372	0.00114	0.00370	0.03184	0.00250	0.00413
6	0.02461	0.13897	0.17661	0.02731	0.22121	0.09683	0.08083	0.06674	0.00847	0.07162	0.00696	0.01665	0.00554	0.02229	0.00373	0.00108	0.02070	0.00294	0.00198	0.00494
7	0.00432	0.00325	0.00401	0.00450	0.00504	0.00294	0.00315	0.00514	0.00738	0.00959	0.10416	0.53567	0.25335	0.00995	0.00434	0.00133	0.00195	0.03371	0.00330	0.00292
8	0.03698	0.20478	0.00935	0.00607	0.00774	0.12300	0.05372	0.03890	0.00825	0.01025	0.12315	0.12524	0.16097	0.04236	0.00411	0.00116	0.00331	0.03441	0.00256	0.00369
9	0.03173	0.08217	0.16570	0.05620	0.16497	0.03494	0.00763	0.09738	0.04316	0.07907	0.08850	0.06733	0.03254	0.02896	0.00384	0.00114	0.00372	0.00383	0.00248	0.00471
10	0.04303	0.03919	0.06194	0.01164	0.19131	0.09202	0.12295	0.28863	0.05696	0.01475	0.00775	0.03201	0.00612	0.00380	0.00346	0.00106	0.00434	0.00328	0.00246	0.01329
11	0.00499	0.00340	0.00382	0.00381	0.00394	0.00334	0.00221	0.00513	0.00551	0.00728	0.04739	0.02385	0.08321	0.76993	0.01607	0.00311	0.00318	0.00531	0.00228	0.00223
12	0.03526	0.02146	0.01016	0.03916	0.01088	0.26278	0.11331	0.15201	0.12461	0.05199	0.04518	0.06214	0.00855	0.04193	0.00412	0.00117	0.00442	0.00370	0.00262	0.00454
13	0.06696	0.22794	0.17595	0.02217	0.06208	0.13336	0.04216	0.04419	0.01785	0.03757	0.02712	0.02908	0.00621	0.00519	0.05976	0.00130	0.03185	0.00284	0.00192	0.00450
14	0.00436	0.00312	0.00418	0.00499	0.00524	0.00293	0.00343	0.00505	0.00679	0.00903	0.01917	0.80662	0.02283	0.01083	0.00448	0.00143	0.00212	0.07729	0.00324	0.00287
15	0.04557	0.01608	0.00973	0.00880	0.01064	0.80831	0.00663	0.03693	0.00992	0.00917	0.00546	0.00633	0.00451	0.00360	0.00312	0.00091	0.00609	0.00226	0.00186	0.00409
16	0.00747	0.07139	0.57850	0.01088	0.01540	0.00870	0.22302	0.01100	0.00754	0.01086	0.00635	0.00778	0.00465	0.00324	0.00358	0.00111	0.01908	0.00293	0.00155	0.00498
17	0.04971	0.04739	0.03591	0.05355	0.38125	0.06624	0.11014	0.02166	0.12014	0.01983	0.00818	0.02863	0.01986	0.00370	0.00358	0.00108	0.01870	0.00338	0.00207	0.00499
18	0.04220	0.02163	0.07193	0.01082	0.09111	0.00784	0.29416	0.13473	0.01767	0.03624	0.06205	0.05181	0.02725	0.00621	0.08212	0.00155	0.02968	0.00405	0.00234	0.00461
19	0.00507	0.00338	0.00381	0.00381	0.00381	0.00338	0.00211	0.00507	0.00507	0.00677	0.01099	0.02283	0.01268	0.87738	0.01776	0.00338	0.00338	0.00507	0.00211	0.00211
20	0.00882	0.00814	0.01384	0.04647	0.80091	0.00816	0.01048	0.01087	0.00799	0.04092	0.00680	0.00877	0.00561	0.00316	0.00346	0.00104	0.00412	0.00312	0.00181	0.00549
21	0.04792	0.01180	0.01089	0.00929	0.04068	0.36530	0.10936	0.19705	0.05486	0.08444	0.01738	0.02127	0.00620	0.00389	0.00340	0.00102	0.00490	0.00305	0.00253	0.00480
22	0.00425	0.00304	0.00405	0.00486	0.00506	0.00283	0.00324	0.00486	0.00668	0.00891	0.01923	0.87510	0.02308	0.01093	0.00445	0.00142	0.00202	0.00992	0.00324	0.00283
23	0.00659	0.00620	0.01047	0.86899	0.02403	0.00775	0.00969	0.00891	0.00698	0.00891	0.00620	0.00930	0.00465	0.00349	0.00349	0.00116	0.00465	0.00310	0.00155	0.00388
24	0.00659	0.00620	0.01047	0.86899	0.02403	0.00775	0.00969	0.00891	0.00698	0.00891	0.00620	0.00930	0.00465	0.00349	0.00349	0.00116	0.00465	0.00310	0.00155	0.00388
25	0.00644	0.00623	0.01150	0.30874	0.06269	0.00654	0.24207	0.00839	0.00733	0.00975	0.02124	0.27177	0.01082	0.00561	0.00396	0.00124	0.00414	0.00549	0.00216	0.00388
26	0.00432	0.00309	0.00413	0.00494	0.00517	0.00289	0.00336	0.00498	0.00675	0.00899	0.01919	0.83210	0.02292	0.01086	0.00447	0.00143	0.00209	0.05223	0.00324	0.00285
27	0.00724	0.00620	0.00724	0.00517	0.00827	0.00465	0.00413	0.00879	0.00724	0.01137	0.00620	0.00724	0.00517	0.00258	0.00258	0.00052	0.00258	0.00207	0.00207	0.89871
28	0.00465	0.00356	0.00426	0.00409	0.00504	0.00317	0.00307	0.00603	0.00920	0.01238	0.56453	0.02872	0.32317	0.00774	0.00412	0.00113	0.00169	0.00668	0.00363	0.00317
29	0.00959	0.00891	0.00834	0.00742	0.00943	0.12608	0.00577	0.07525	0.67630	0.01428	0.01259	0.01177	0.00948	0.00454	0.00349	0.00113	0.00332	0.00366	0.00331	0.00535
30	0.00679	0.00641	0.01084	0.78396	0.10746	0.00781	0.00979	0.00909	0.00707	0.00916	0.00624	0.00924	0.00474	0.00345	0.00348	0.00115	0.00460	0.00310	0.00157	0.00404
31	0.01364	0.00918	0.01010	0.00775	0.01052	0.00994	0.00640	0.71543	0.01541	0.15195	0.00921	0.00892	0.00635	0.00421	0.00349	0.00105	0.00370	0.00320	0.00362	0.00593
32	0.00851	0.00817	0.01394	0.07148	0.80649	0.00826	0.01065	0.01060	0.00789	0.01125	0.00654	0.00867	0.00548	0.00313	0.00346	0.00104	0.00417	0.00311	0.00172	0.00543
33	0.00446	0.00356	0.00400	0.00391	0.00495	0.00310	0.00295	0.00564	0.00866	0.01113	0.33553	0.03095	0.53398	0.00823	0.00414	0.00116	0.00176	0.02538	0.00346	0.00308
34	0.01144	0.01457	0.06680	0.03718	0.01293	0.56656	0.17154	0.04827	0.00953	0.00980	0.00592	0.00717	0.00471	0.00350	0.00348	0.00099	0.01676	0.00271	0.00183	0.00432
35	0.00606	0.00303	0.00455	0.00455	0.00455	0.00303	0.00303	0.00455	0.00455	0.00606	0.00606	0.01061	0.00606	0.01212	0.01364	0.89848	0.00303	0.00303	0.00152	0.00152
36	0.83400	0.03871	0.00572	0.00474	0.00692	0.00808	0.00393	0.01059	0.03937	0.01534	0.00523	0.00596	0.00408	0.00329	0.00222	0.00107	0.00274	0.00197	0.00219	0.00387
37	0.00948	0.03645	0.01362	0.10760	0.45431	0.07433	0.09369	0.14546	0.00936	0.01250	0.00672	0.00847	0.00536	0.00334	0.00347	0.00105	0.00448	0.00311	0.00200	0.00519
38	0.11936	0.00656	0.00807	0.00627	0.00892	0.00622	0.00518	0.12937	0.01039	0.64476	0.01198	0.01067	0.00770	0.00417	0.00335	0.00108	0.00306	0.00327	0.00395	0.00568
39	0.00421	0.00356	0.00368	0.00370	0.00484	0.00302	0.00281	0.00515	0.00795	0.00954	0.05327	0.03318	0.78798	0.00920	0.02265	0.00129	0.00198	0.03582	0.00322	0.00297
40	0.76978	0.00702	0.00583	0.01964	0.02084	0.02378	0.00423	0.04350	0.00671	0.06455	0.00557	0.00625	0.00420	0.00335	0.00235	0.00108	0.00288	0.00208	0.00231	0.00402

[dist]
# distance from previous block
# <min> <max>
0	3

[block]
# block no. 10 follows, 80 sequences, length 7
# corresponding to MSA columns:
# 812-818
name=unknown_K
#
# <colnr> <probs for GDERKNQSTAVLIFYWHMCP>
#	G	D	E	R	K	N	Q	S	T	A	V	L	I	F	Y	W	H	M	C	P
0	0.00424	0.00308	0.00400	0.00474	0.00503	0.00284	0.00319	0.00487	0.00679	0.00895	0.02063	0.80179	0.09549	0.01075	0.00442	0.00140	0.00200	0.00970	0.00324	0.00284
1	0.90202	0.00675	0.00513	0.00459	0.00675	0.00783	0.00378	0.01026	0.00594	0.01565	0.00486	0.00567	0.00378	0.00324	0.00216	0.00108	0.00270	0.00189	0.00216	0.00378
2	0.00925	0.00857	0.01429	0.11981	0.40844	0.00885	0.18211	0.18137	0.00962	0.01322	0.00699	0.00882	0.00546	0.00334	0.00360	0.00108	0.00450	0.00332	0.00207	0.00524
3	0.00976	0.64438	0.01565	0.00646	0.00907	0.14001	0.00594	0.05579	0.00799	0.00905	0.00609	0.06423	0.00581	0.00368	0.00259	0.00083	0.00401	0.00253	0.00176	0.00438
4	0.00887	0.00489	0.00602	0.00516	0.00684	0.00455	0.00406	0.03933	0.08430	0.28845	0.29689	0.02132	0.20230	0.00628	0.00385	0.00112	0.00228	0.00531	0.00383	0.00437
5	0.13325	0.00636	0.00698	0.00579	0.00782	0.05106	0.00464	0.09891	0.03483	0.33868	0.23020	0.01480	0.04189	0.00501	0.00348	0.00108	0.00281	0.00405	0.00362	0.00474
6	0.18668	0.01100	0.16596	0.00889	0.03712	0.15997	0.12935	0.08216	0.02529	0.01237	0.03469	0.00953	0.05179	0.00440	0.02044	0.00118	0.04952	0.00312	0.00211	0.00442

[dist]
# distance from previous block
# <min> <max>
0	6

# created by:
# /usr/local/bin/augustus/scripts/msa2prfl.pl /tmp/new_cug2/without_ca_b/capping-protein-class-1.fasta
