[name]
unknown

[dist]
# distance from previous block
# <min> <max>
20	77

[block]
# block no. 0 follows, 43 sequences, length 9
# corresponding to MSA columns:
# 327-335
name=unknown_A
#
# <colnr> <probs for GDERKNQSTAVLIFYWHMCP>
#	G	D	E	R	K	N	Q	S	T	A	V	L	I	F	Y	W	H	M	C	P
0	0.00943	0.00696	0.00875	0.00805	0.00998	0.00654	0.01985	0.04841	0.03260	0.04588	0.22400	0.14469	0.16283	0.05380	0.07003	0.00255	0.00456	0.04753	0.00499	0.08857
1	0.03319	0.11750	0.25424	0.05323	0.04921	0.02973	0.05051	0.08351	0.06712	0.06497	0.04079	0.01926	0.06154	0.00686	0.00541	0.00173	0.00642	0.04352	0.00368	0.00758
2	0.01527	0.05277	0.13560	0.03112	0.14166	0.03360	0.07014	0.16548	0.10091	0.08572	0.03225	0.01686	0.04903	0.00635	0.00549	0.00167	0.00624	0.00541	0.00412	0.04033
3	0.01658	0.06310	0.06422	0.01193	0.05281	0.06856	0.00951	0.15810	0.08689	0.19655	0.05783	0.15496	0.01767	0.00854	0.00569	0.00176	0.00536	0.00711	0.00506	0.00779
4	0.05502	0.01049	0.01540	0.34659	0.10947	0.02974	0.04054	0.04594	0.06188	0.07670	0.06066	0.03743	0.01291	0.02683	0.04529	0.00223	0.00673	0.00572	0.00359	0.00683
5	0.01456	0.07692	0.16875	0.16793	0.06793	0.03488	0.01318	0.06623	0.09288	0.13000	0.01315	0.01482	0.00978	0.00796	0.04578	0.00212	0.05689	0.00486	0.00367	0.00771
6	0.01211	0.04266	0.01716	0.13212	0.20298	0.03050	0.09466	0.01486	0.01265	0.06891	0.11780	0.09438	0.06906	0.00809	0.00669	0.00181	0.05574	0.00720	0.00380	0.00683
7	0.00801	0.00661	0.04516	0.00700	0.00774	0.00573	0.00494	0.00878	0.00923	0.01223	0.02259	0.10098	0.09408	0.54425	0.04840	0.00453	0.00540	0.05662	0.00373	0.00399
8	0.03875	0.01704	0.27291	0.07462	0.03261	0.04908	0.01334	0.07689	0.03833	0.12484	0.04380	0.06675	0.01375	0.00763	0.00643	0.00186	0.05636	0.05358	0.00392	0.00750

[dist]
# distance from previous block
# <min> <max>
22	36

[block]
# block no. 1 follows, 43 sequences, length 15
# corresponding to MSA columns:
# 416-430
name=unknown_B
#
# <colnr> <probs for GDERKNQSTAVLIFYWHMCP>
#	G	D	E	R	K	N	Q	S	T	A	V	L	I	F	Y	W	H	M	C	P
0	0.01368	0.13640	0.12896	0.04881	0.25398	0.01301	0.08208	0.03127	0.01273	0.08597	0.01496	0.03014	0.06425	0.00613	0.00534	0.00163	0.00635	0.01567	0.00332	0.04531
1	0.01257	0.21592	0.19954	0.01592	0.04137	0.02957	0.24702	0.01638	0.01206	0.01617	0.01171	0.07026	0.01033	0.00599	0.00536	0.00164	0.00731	0.02279	0.00284	0.05526
2	0.01198	0.01445	0.14713	0.33133	0.35473	0.01277	0.01694	0.01596	0.01185	0.01644	0.01011	0.01379	0.00793	0.00523	0.00547	0.00174	0.00717	0.00479	0.00256	0.00764
3	0.00789	0.10102	0.00905	0.00748	0.00851	0.00673	0.00537	0.00898	0.01090	0.01417	0.06925	0.50284	0.11127	0.09958	0.00883	0.00239	0.00369	0.01264	0.00467	0.00475
4	0.01405	0.03267	0.13942	0.01189	0.05539	0.01041	0.01014	0.13102	0.09226	0.14108	0.14384	0.15375	0.02218	0.00901	0.00588	0.00181	0.00500	0.00768	0.00502	0.00751
5	0.01051	0.01280	0.14938	0.51148	0.03074	0.01168	0.01488	0.01524	0.05480	0.01588	0.05274	0.01944	0.01205	0.00662	0.00570	0.00188	0.00693	0.05771	0.00301	0.00654
6	0.00725	0.00622	0.00714	0.00713	0.00844	0.00611	0.00535	0.00854	0.01169	0.01459	0.04477	0.20942	0.52015	0.01422	0.00805	0.00202	0.09754	0.01174	0.00482	0.00480
7	0.02924	0.01449	0.12749	0.19402	0.26352	0.01295	0.08616	0.04161	0.10207	0.05591	0.01235	0.01476	0.00936	0.00555	0.00555	0.00176	0.00684	0.00512	0.00328	0.00798
8	0.01320	0.07268	0.18933	0.27235	0.11351	0.09450	0.05736	0.07043	0.01309	0.01696	0.01049	0.03251	0.00835	0.00569	0.00537	0.00171	0.00755	0.00482	0.00281	0.00728
9	0.01192	0.02502	0.60246	0.06200	0.11361	0.01310	0.01923	0.05677	0.01254	0.01835	0.01017	0.01219	0.00738	0.00531	0.00532	0.00174	0.00784	0.00429	0.00257	0.00821
10	0.10705	0.00569	0.00683	0.00768	0.00849	0.00563	0.00539	0.00916	0.01087	0.01604	0.08282	0.58284	0.03331	0.04288	0.00736	0.00227	0.00347	0.05255	0.00494	0.00473
11	0.01177	0.11133	0.39983	0.09033	0.06023	0.01383	0.06701	0.03364	0.01170	0.01656	0.01062	0.04287	0.00869	0.00719	0.03186	0.00200	0.06561	0.00484	0.00262	0.00747
12	0.06023	0.13872	0.44255	0.01674	0.11443	0.01456	0.04816	0.07030	0.01271	0.01862	0.00984	0.01163	0.00742	0.00521	0.00501	0.00165	0.00733	0.00414	0.00271	0.00803
13	0.10764	0.00604	0.00666	0.00700	0.00846	0.00569	0.00505	0.00979	0.01147	0.05402	0.03671	0.39421	0.29921	0.01415	0.00637	0.00202	0.00327	0.01223	0.00502	0.00499
14	0.01377	0.01398	0.07839	0.08482	0.21904	0.05426	0.13481	0.11830	0.01417	0.03783	0.01294	0.01819	0.01086	0.01041	0.09870	0.00263	0.00818	0.05778	0.00339	0.00755

[dist]
# distance from previous block
# <min> <max>
55	84

[block]
# block no. 2 follows, 43 sequences, length 18
# corresponding to MSA columns:
# 625-642
name=unknown_C
#
# <colnr> <probs for GDERKNQSTAVLIFYWHMCP>
#	G	D	E	R	K	N	Q	S	T	A	V	L	I	F	Y	W	H	M	C	P
0	0.04440	0.03846	0.13795	0.04752	0.15122	0.02684	0.08106	0.16096	0.01519	0.09261	0.01669	0.01779	0.08893	0.00703	0.01793	0.00180	0.00646	0.00554	0.00390	0.03774
1	0.01236	0.05939	0.12274	0.31115	0.11934	0.01301	0.09747	0.04403	0.03059	0.04500	0.02792	0.01609	0.03873	0.00601	0.00597	0.00178	0.03288	0.00530	0.00305	0.00719
2	0.00702	0.00521	0.00637	0.00691	0.00775	0.00475	0.00476	0.00829	0.01175	0.01545	0.16646	0.41303	0.21440	0.09070	0.00886	0.00237	0.00321	0.01301	0.00514	0.00456
3	0.01163	0.01101	0.11420	0.01100	0.02608	0.00875	0.07813	0.08405	0.05035	0.07960	0.08889	0.22066	0.08714	0.01006	0.00599	0.00184	0.00481	0.00889	0.09036	0.00656
4	0.11525	0.13030	0.14315	0.04209	0.08977	0.18007	0.01187	0.10007	0.01417	0.05763	0.03033	0.04055	0.00995	0.00607	0.00492	0.00160	0.00687	0.00455	0.00341	0.00737
5	0.00898	0.00579	0.00799	0.07491	0.01123	0.00558	0.00630	0.01040	0.01151	0.09291	0.06766	0.59225	0.05341	0.01485	0.00674	0.00212	0.00368	0.01335	0.00514	0.00519
6	0.09744	0.21172	0.45246	0.01271	0.01890	0.01427	0.01503	0.01634	0.01126	0.01692	0.01093	0.07831	0.00947	0.00616	0.00482	0.00166	0.00682	0.00471	0.00270	0.00739
7	0.01705	0.08415	0.10187	0.03575	0.07059	0.10340	0.13874	0.12050	0.04393	0.15576	0.01275	0.01392	0.00934	0.00602	0.00632	0.00171	0.06130	0.00496	0.00390	0.00802
8	0.01200	0.01198	0.05048	0.46928	0.19763	0.01260	0.11035	0.01579	0.01185	0.03987	0.01053	0.01456	0.00801	0.00532	0.00564	0.00180	0.00740	0.00512	0.00270	0.00709
9	0.00778	0.08810	0.00873	0.00716	0.00869	0.00656	0.00547	0.00930	0.01224	0.01558	0.13962	0.29719	0.30544	0.01388	0.00647	0.00195	0.00336	0.05253	0.00499	0.00497
10	0.01829	0.01497	0.07898	0.01164	0.01530	0.11395	0.01003	0.26451	0.04208	0.16701	0.01456	0.01509	0.01055	0.00735	0.02135	0.00180	0.06273	0.00491	0.11690	0.00800
11	0.04504	0.04431	0.13700	0.05522	0.15813	0.03122	0.01197	0.04829	0.04252	0.08129	0.03014	0.14146	0.03590	0.00946	0.03459	0.00210	0.07368	0.00676	0.00376	0.00716
12	0.00885	0.00564	0.00725	0.00779	0.00895	0.00514	0.00570	0.01025	0.01193	0.09315	0.05929	0.47552	0.16947	0.01522	0.00686	0.00214	0.00348	0.09289	0.00535	0.00513
13	0.01068	0.02423	0.63164	0.01415	0.02090	0.01138	0.01755	0.01587	0.01157	0.01712	0.07473	0.01476	0.01115	0.00722	0.00706	0.08796	0.00736	0.00467	0.00267	0.00734
14	0.10291	0.02769	0.01582	0.22210	0.08772	0.05441	0.02938	0.19663	0.08408	0.05121	0.03200	0.03291	0.01081	0.00642	0.00559	0.00175	0.02185	0.00519	0.00398	0.00753
15	0.01322	0.01149	0.01453	0.12496	0.09557	0.09077	0.06724	0.09751	0.04251	0.06806	0.05391	0.05417	0.11004	0.04029	0.07589	0.00254	0.00687	0.01968	0.00405	0.00671
16	0.00730	0.00564	0.00737	0.07414	0.01055	0.00539	0.00583	0.00902	0.01239	0.01639	0.22341	0.37531	0.19871	0.01407	0.00669	0.00200	0.00333	0.01246	0.00516	0.00487
17	0.66852	0.00998	0.00877	0.00839	0.03771	0.01131	0.00638	0.01557	0.00954	0.05169	0.00880	0.01079	0.00704	0.00789	0.03198	0.08816	0.00480	0.00345	0.00341	0.00582

[dist]
# distance from previous block
# <min> <max>
5	17

[block]
# block no. 3 follows, 43 sequences, length 16
# corresponding to MSA columns:
# 682-697
name=unknown_D
#
# <colnr> <probs for GDERKNQSTAVLIFYWHMCP>
#	G	D	E	R	K	N	Q	S	T	A	V	L	I	F	Y	W	H	M	C	P
0	0.00838	0.00630	0.00715	0.00709	0.00870	0.00582	0.00522	0.07179	0.01357	0.03362	0.12406	0.27138	0.38869	0.01393	0.00659	0.00195	0.00323	0.01201	0.00532	0.00519
1	0.12791	0.01207	0.01566	0.03465	0.01667	0.06965	0.15577	0.07003	0.12906	0.09180	0.05398	0.06457	0.03617	0.00906	0.04034	0.00215	0.03031	0.02872	0.00433	0.00708
2	0.07426	0.03259	0.01377	0.01123	0.01430	0.06708	0.02096	0.21464	0.18190	0.08691	0.01634	0.08721	0.01371	0.04302	0.00743	0.00194	0.06743	0.00610	0.00476	0.03442
3	0.01231	0.01097	0.06154	0.03322	0.11713	0.01044	0.05367	0.05951	0.15916	0.05924	0.08706	0.02682	0.05678	0.07674	0.02161	0.01680	0.02769	0.07763	0.02473	0.00697
4	0.00768	0.00616	0.00746	0.00751	0.00863	0.00613	0.00555	0.00959	0.03503	0.01614	0.18216	0.24617	0.29193	0.04880	0.00863	0.00217	0.07040	0.02990	0.00503	0.00493
5	0.04917	0.06569	0.05479	0.05482	0.01814	0.43855	0.03875	0.05427	0.01494	0.12015	0.01072	0.01185	0.00816	0.00588	0.00546	0.00156	0.03243	0.00410	0.00346	0.00710
6	0.01384	0.34740	0.26637	0.01278	0.04082	0.05163	0.01317	0.05270	0.09950	0.01709	0.02971	0.01238	0.00951	0.00553	0.00464	0.00151	0.00660	0.00407	0.00301	0.00773
7	0.00688	0.00514	0.00642	0.00722	0.00803	0.00467	0.00504	0.00818	0.01170	0.01531	0.11987	0.52542	0.20445	0.01586	0.00691	0.00211	0.00310	0.03381	0.00525	0.00464
8	0.01152	0.02721	0.09659	0.05124	0.01360	0.02802	0.00898	0.05652	0.01154	0.08776	0.04889	0.02370	0.03072	0.15625	0.24874	0.00461	0.05504	0.02944	0.00366	0.00595
9	0.03533	0.01204	0.08151	0.46648	0.14184	0.01230	0.03080	0.01592	0.04505	0.04331	0.01151	0.03982	0.00913	0.00601	0.00583	0.00183	0.02619	0.00526	0.00291	0.00692
10	0.01402	0.01403	0.03918	0.10835	0.37680	0.02660	0.20883	0.09288	0.02944	0.01933	0.01107	0.01414	0.00870	0.00518	0.00576	0.00173	0.00738	0.00535	0.00307	0.00817
11	0.00814	0.00608	0.00713	0.00715	0.00880	0.00538	0.00526	0.01006	0.03546	0.04317	0.08693	0.29294	0.31975	0.02704	0.00686	0.00198	0.00330	0.04363	0.00509	0.07583
12	0.01594	0.07900	0.05909	0.01702	0.14822	0.17031	0.11135	0.11740	0.01542	0.07701	0.07745	0.03757	0.03648	0.00659	0.00554	0.00164	0.00693	0.00565	0.00384	0.00755
13	0.00695	0.00525	0.00644	0.00712	0.00808	0.00475	0.00507	0.00834	0.01199	0.01558	0.13544	0.43912	0.25669	0.01546	0.00687	0.00209	0.00311	0.05171	0.00527	0.00468
14	0.00826	0.00585	0.00720	0.00741	0.00887	0.00515	0.00541	0.00974	0.01197	0.05558	0.08520	0.39658	0.22915	0.01425	0.00660	0.00198	0.00333	0.05656	0.00514	0.07579
15	0.01365	0.06175	0.12893	0.03598	0.08616	0.06590	0.13401	0.08615	0.16094	0.01906	0.01400	0.06395	0.01166	0.00780	0.02838	0.00201	0.06256	0.00584	0.00363	0.00764

[dist]
# distance from previous block
# <min> <max>
1	8

[block]
# block no. 4 follows, 43 sequences, length 20
# corresponding to MSA columns:
# 724-743
name=unknown_E
#
# <colnr> <probs for GDERKNQSTAVLIFYWHMCP>
#	G	D	E	R	K	N	Q	S	T	A	V	L	I	F	Y	W	H	M	C	P
0	0.05586	0.16605	0.15512	0.02714	0.06984	0.04394	0.01124	0.04941	0.09438	0.01800	0.04019	0.01417	0.01079	0.00869	0.07028	0.00212	0.02915	0.00444	0.00329	0.12591
1	0.03967	0.07065	0.06068	0.01493	0.10629	0.03624	0.09487	0.16768	0.07249	0.06048	0.06297	0.10823	0.03993	0.00787	0.00608	0.00177	0.03056	0.00676	0.00429	0.00755
2	0.00876	0.00754	0.04594	0.00958	0.01129	0.00634	0.09015	0.01053	0.01146	0.05211	0.05839	0.41677	0.12130	0.09169	0.00886	0.00240	0.00440	0.03259	0.00469	0.00521
3	0.03033	0.09476	0.10710	0.05345	0.04598	0.11619	0.09911	0.08589	0.08671	0.08844	0.01448	0.01546	0.04645	0.00614	0.00556	0.00162	0.02484	0.00501	0.00374	0.06872
4	0.03049	0.05321	0.08929	0.01707	0.15909	0.06464	0.11462	0.10650	0.06452	0.06231	0.05371	0.10639	0.01468	0.00721	0.00566	0.00172	0.00629	0.00645	0.00395	0.03220
5	0.01087	0.01103	0.08490	0.01292	0.11243	0.03979	0.05393	0.07771	0.01306	0.01752	0.13749	0.05232	0.09223	0.22525	0.01206	0.00275	0.00554	0.02825	0.00402	0.00595
6	0.01151	0.01338	0.12366	0.07221	0.15307	0.02890	0.09311	0.04324	0.05817	0.01741	0.04525	0.05145	0.12412	0.04274	0.00767	0.00195	0.06199	0.00669	0.00355	0.03993
7	0.03089	0.10145	0.16909	0.07422	0.05193	0.05756	0.06224	0.19533	0.05410	0.04122	0.04257	0.01617	0.01140	0.04775	0.00653	0.00187	0.00670	0.01752	0.00377	0.00769
8	0.01202	0.01368	0.10734	0.12321	0.26954	0.03458	0.08404	0.04207	0.03981	0.01733	0.01789	0.05628	0.11328	0.00721	0.00626	0.00180	0.03661	0.00642	0.00330	0.00732
9	0.00825	0.00750	0.04506	0.00926	0.01089	0.00656	0.05193	0.01136	0.07803	0.01648	0.10838	0.41437	0.11771	0.01393	0.00676	0.00210	0.00398	0.07705	0.00501	0.00538
10	0.04279	0.08082	0.08409	0.09251	0.16038	0.05899	0.05003	0.05473	0.07312	0.03166	0.05638	0.11417	0.05213	0.00782	0.00560	0.00176	0.00595	0.01622	0.00375	0.00709
11	0.01371	0.09177	0.21188	0.03433	0.16734	0.01297	0.10676	0.08881	0.01395	0.07204	0.05898	0.03904	0.01312	0.00655	0.00561	0.00174	0.00670	0.04332	0.00356	0.00783
12	0.01039	0.01156	0.11566	0.01210	0.09412	0.04868	0.00925	0.07817	0.04199	0.01782	0.06888	0.26505	0.18150	0.01137	0.00621	0.00190	0.00480	0.00984	0.00448	0.00625
13	0.01474	0.02974	0.02734	0.01414	0.09645	0.18392	0.04598	0.17310	0.03624	0.01977	0.03625	0.12468	0.06152	0.00988	0.03990	0.00203	0.00675	0.03312	0.00411	0.04035
14	0.06321	0.07021	0.23549	0.01614	0.15100	0.01171	0.06747	0.01689	0.05474	0.07088	0.07549	0.06527	0.02555	0.04438	0.00652	0.00191	0.00616	0.00599	0.00358	0.00740
15	0.06427	0.16953	0.22403	0.04639	0.09864	0.11284	0.06947	0.03090	0.02927	0.01682	0.01146	0.04575	0.00996	0.00620	0.00512	0.00166	0.00716	0.04030	0.00294	0.00728
16	0.01166	0.01002	0.04929	0.00927	0.01129	0.09107	0.00740	0.04604	0.04075	0.08822	0.05202	0.15986	0.09024	0.08791	0.16789	0.00361	0.00708	0.03088	0.02967	0.00582
17	0.01263	0.16744	0.39974	0.04563	0.08097	0.04291	0.01537	0.01696	0.01221	0.05368	0.05726	0.04826	0.01158	0.00615	0.00514	0.00165	0.00694	0.00491	0.00298	0.00760
18	0.01266	0.05313	0.05645	0.21789	0.12606	0.10064	0.05583	0.05098	0.07743	0.01689	0.01589	0.10451	0.04583	0.00751	0.00566	0.00178	0.00655	0.02272	0.01472	0.00687
19	0.05076	0.01140	0.01322	0.03002	0.09960	0.03943	0.00916	0.28750	0.03172	0.02383	0.08531	0.18904	0.01918	0.01005	0.02945	0.00197	0.00542	0.00763	0.00473	0.05059

[dist]
# distance from previous block
# <min> <max>
4	40

[block]
# block no. 5 follows, 43 sequences, length 75
# corresponding to MSA columns:
# 814-888
name=unknown_F
#
# <colnr> <probs for GDERKNQSTAVLIFYWHMCP>
#	G	D	E	R	K	N	Q	S	T	A	V	L	I	F	Y	W	H	M	C	P
0	0.01333	0.01388	0.05227	0.09803	0.56791	0.04319	0.07042	0.01674	0.01253	0.01739	0.01096	0.03809	0.00935	0.00540	0.00559	0.00169	0.00695	0.00530	0.00278	0.00820
1	0.00709	0.00567	0.00630	0.00631	0.00784	0.00501	0.00463	0.00901	0.02935	0.01668	0.22523	0.13047	0.47279	0.03976	0.00730	0.00200	0.00292	0.01148	0.00533	0.00484
2	0.01545	0.26603	0.11059	0.04637	0.07247	0.17773	0.01183	0.05649	0.04180	0.03420	0.01004	0.01175	0.00821	0.00581	0.00578	0.00154	0.07450	0.00400	0.03819	0.00724
3	0.01307	0.10881	0.40374	0.01444	0.05359	0.05356	0.03305	0.07355	0.02925	0.04833	0.01356	0.04753	0.03932	0.00767	0.03518	0.00197	0.00744	0.00508	0.00315	0.00772
4	0.00745	0.00530	0.00646	0.00708	0.00811	0.00473	0.00496	0.00867	0.01168	0.04531	0.06762	0.49460	0.27662	0.01560	0.00682	0.00208	0.00312	0.01378	0.00525	0.00478
5	0.00927	0.00813	0.00949	0.00938	0.01053	0.08686	0.00724	0.01108	0.00992	0.01315	0.01682	0.05483	0.04298	0.05486	0.57515	0.00711	0.03064	0.03430	0.00320	0.00506
6	0.05080	0.10898	0.19179	0.04153	0.21596	0.11035	0.03430	0.11036	0.01416	0.01903	0.01122	0.01415	0.01818	0.00578	0.00518	0.00164	0.00714	0.02850	0.00311	0.00783
7	0.01370	0.01131	0.01522	0.03143	0.26639	0.04429	0.01131	0.14078	0.01449	0.05152	0.01756	0.02419	0.06419	0.03617	0.07810	0.00257	0.03777	0.09761	0.03413	0.00727
8	0.00781	0.00618	0.00775	0.00819	0.00895	0.03019	0.00591	0.00918	0.01039	0.01390	0.05665	0.36309	0.08735	0.06671	0.26645	0.00455	0.02695	0.01084	0.00422	0.00473
9	0.12222	0.05783	0.01403	0.04105	0.04700	0.08922	0.00878	0.14156	0.04613	0.09475	0.02930	0.01424	0.01035	0.00576	0.00477	0.00142	0.00544	0.01939	0.00408	0.24267
10	0.01221	0.03329	0.14478	0.01155	0.03925	0.04284	0.02207	0.12505	0.07570	0.04315	0.07705	0.11458	0.12276	0.02801	0.00656	0.00195	0.00536	0.08246	0.00455	0.00683
11	0.00805	0.00596	0.00687	0.00742	0.00828	0.02948	0.00513	0.00918	0.01137	0.03961	0.08266	0.44882	0.16401	0.11625	0.00954	0.00251	0.00369	0.03156	0.00496	0.00467
12	0.03997	0.04708	0.09629	0.04777	0.28620	0.14892	0.08467	0.01794	0.04225	0.01724	0.01071	0.01370	0.00880	0.00532	0.00524	0.00157	0.00716	0.01942	0.00294	0.09679
13	0.01382	0.07509	0.07480	0.16225	0.17858	0.09837	0.12042	0.06221	0.05225	0.01722	0.01080	0.01374	0.00862	0.00704	0.03677	0.00200	0.05072	0.00491	0.00297	0.00742
14	0.00850	0.00638	0.00850	0.00860	0.00962	0.02244	0.00652	0.01049	0.02620	0.02647	0.03634	0.11071	0.04224	0.10868	0.48948	0.00663	0.01090	0.05272	0.00363	0.00494
15	0.09510	0.03907	0.08997	0.06150	0.03339	0.08017	0.07353	0.14054	0.06025	0.17534	0.01662	0.01692	0.05939	0.00653	0.00532	0.00170	0.00615	0.00529	0.02544	0.00780
16	0.03568	0.15904	0.13486	0.01463	0.08083	0.07325	0.07482	0.12644	0.03335	0.09616	0.01208	0.03713	0.00956	0.00603	0.00560	0.00160	0.03765	0.00479	0.00364	0.05284
17	0.03693	0.00864	0.03546	0.00989	0.03952	0.00816	0.02743	0.07957	0.05001	0.06715	0.21707	0.17011	0.15922	0.01120	0.00673	0.00190	0.03437	0.02533	0.00515	0.00616
18	0.00906	0.00608	0.00746	0.00754	0.00882	0.00572	0.00540	0.03813	0.03311	0.07260	0.17278	0.36900	0.16403	0.06397	0.00800	0.00221	0.00341	0.01205	0.00536	0.00526
19	0.04716	0.03991	0.01216	0.00835	0.01319	0.00845	0.00677	0.03736	0.01185	0.01868	0.00978	0.01134	0.00811	0.00425	0.00410	0.00090	0.00424	0.00331	0.00332	0.74677
20	0.05425	0.02996	0.01671	0.07044	0.12769	0.01175	0.12178	0.10519	0.06122	0.04752	0.04411	0.13192	0.03646	0.03476	0.00743	0.00200	0.05574	0.03004	0.00404	0.00699
21	0.00687	0.00519	0.00630	0.00693	0.00784	0.00467	0.00482	0.00816	0.01182	0.01536	0.13576	0.45186	0.26053	0.03787	0.00744	0.00216	0.00307	0.01353	0.00522	0.00462
22	0.01083	0.00773	0.00894	0.00820	0.01031	0.00770	0.00626	0.07881	0.14027	0.07697	0.26437	0.13483	0.20012	0.01133	0.00630	0.00185	0.00349	0.00973	0.00569	0.00628
23	0.04048	0.16762	0.16491	0.04407	0.10696	0.09237	0.02771	0.09671	0.12188	0.03474	0.01262	0.04406	0.01025	0.00614	0.00508	0.00163	0.00658	0.00487	0.00351	0.00781
24	0.01046	0.00984	0.01661	0.79205	0.03814	0.01230	0.01538	0.01415	0.01107	0.01415	0.00984	0.01477	0.00738	0.00554	0.00554	0.00185	0.00738	0.00492	0.00246	0.00615
25	0.00723	0.00530	0.00679	0.00769	0.00848	0.00494	0.00559	0.00861	0.01154	0.01510	0.08361	0.46793	0.15337	0.04940	0.00795	0.00234	0.00353	0.14085	0.00512	0.00463
26	0.01330	0.01487	0.11154	0.11324	0.50934	0.01327	0.07723	0.04793	0.01294	0.01828	0.01048	0.01367	0.00841	0.00509	0.00555	0.00170	0.00706	0.00497	0.00279	0.00834
27	0.03851	0.01406	0.03754	0.01241	0.01621	0.01524	0.02839	0.40875	0.22634	0.04957	0.01601	0.04024	0.01217	0.00727	0.00628	0.00179	0.04962	0.00565	0.00520	0.00872
28	0.00691	0.00503	0.00645	0.00743	0.00797	0.00472	0.00505	0.00793	0.01064	0.01399	0.03204	0.60848	0.12331	0.07584	0.03841	0.00270	0.00381	0.02990	0.00493	0.00447
29	0.01786	0.03933	0.02029	0.04720	0.04424	0.37417	0.17693	0.14016	0.01607	0.01815	0.00996	0.01202	0.00786	0.00577	0.00607	0.00163	0.04724	0.00461	0.00323	0.00721
30	0.07954	0.10326	0.04580	0.01635	0.18549	0.03324	0.06299	0.10224	0.12667	0.02043	0.08248	0.04603	0.01512	0.04896	0.00654	0.00188	0.00573	0.00583	0.00393	0.00749
31	0.00724	0.00547	0.00674	0.00720	0.00837	0.00498	0.00536	0.00896	0.01277	0.01674	0.22431	0.28717	0.26312	0.01455	0.00685	0.00204	0.00318	0.10476	0.00538	0.00481
32	0.01401	0.07024	0.01866	0.01454	0.01620	0.13831	0.08450	0.05512	0.01140	0.01502	0.01029	0.01364	0.03968	0.00823	0.01273	0.00206	0.46113	0.00498	0.00281	0.00645
33	0.01603	0.03405	0.03304	0.03079	0.01576	0.19095	0.05715	0.11012	0.08247	0.11715	0.07998	0.05766	0.01757	0.02489	0.00652	0.00187	0.01978	0.09255	0.00456	0.00710
34	0.04863	0.13753	0.26530	0.07600	0.18805	0.05701	0.03180	0.05154	0.01266	0.03388	0.01079	0.04316	0.00887	0.00571	0.00510	0.00165	0.00702	0.00469	0.00289	0.00773
35	0.01167	0.00733	0.00956	0.00866	0.01082	0.00694	0.02823	0.04195	0.06236	0.15301	0.27913	0.12558	0.13823	0.01139	0.00644	0.00190	0.00377	0.08106	0.00574	0.00624
36	0.15328	0.02834	0.06159	0.06035	0.06264	0.04466	0.02453	0.11123	0.03610	0.13268	0.06050	0.07777	0.08793	0.00793	0.00571	0.00177	0.02502	0.00638	0.00446	0.00714
37	0.06049	0.09218	0.28772	0.01398	0.01894	0.22223	0.04284	0.06601	0.01343	0.04065	0.00987	0.01163	0.00765	0.00687	0.03032	0.00188	0.05895	0.00410	0.00293	0.00734
38	0.03549	0.01245	0.01333	0.01089	0.01438	0.03711	0.00879	0.36697	0.13634	0.10768	0.11506	0.02071	0.03356	0.00769	0.00563	0.00172	0.00509	0.02194	0.03694	0.00825
39	0.00920	0.00712	0.00874	0.00829	0.00971	0.02398	0.00637	0.03004	0.04609	0.03610	0.30735	0.07676	0.13086	0.04241	0.15588	0.00333	0.05231	0.03513	0.00489	0.00543
40	0.06990	0.17210	0.14546	0.01445	0.05003	0.14050	0.09447	0.14232	0.04815	0.01955	0.01081	0.02891	0.00871	0.00585	0.00534	0.00161	0.02638	0.00454	0.00332	0.00759
41	0.01081	0.00831	0.00899	0.00858	0.01024	0.02980	0.00626	0.05372	0.20321	0.04447	0.05661	0.15433	0.11021	0.21450	0.01187	0.00283	0.00449	0.05003	0.00487	0.00587
42	0.01220	0.00824	0.00958	0.00862	0.01091	0.00834	0.00663	0.09857	0.15625	0.10976	0.22517	0.14254	0.12751	0.01060	0.00612	0.00183	0.00369	0.00909	0.03767	0.00668
43	0.08336	0.03396	0.06315	0.08368	0.13927	0.15482	0.14133	0.05363	0.05934	0.04781	0.01181	0.04354	0.00965	0.00613	0.00604	0.00174	0.04484	0.00523	0.00332	0.00735
44	0.14424	0.08575	0.16068	0.06354	0.01827	0.13429	0.03079	0.12039	0.11299	0.04800	0.01208	0.02465	0.00927	0.00600	0.00497	0.00167	0.00665	0.00450	0.00369	0.00756
45	0.00713	0.00549	0.00644	0.00687	0.00800	0.00500	0.00490	0.00882	0.03021	0.01557	0.13259	0.32672	0.31907	0.06330	0.00808	0.00223	0.00320	0.03650	0.00516	0.00471
46	0.01506	0.44522	0.12501	0.05159	0.06179	0.16375	0.01199	0.01756	0.01214	0.01409	0.00841	0.01014	0.00722	0.00520	0.00472	0.00140	0.03157	0.00350	0.00248	0.00714
47	0.01630	0.07172	0.03857	0.04155	0.07224	0.03265	0.23425	0.27786	0.07348	0.04274	0.03480	0.01495	0.01066	0.00592	0.00571	0.00171	0.00700	0.00551	0.00412	0.00825
48	0.01319	0.03927	0.04903	0.09024	0.06297	0.06319	0.11591	0.13195	0.07795	0.01975	0.07405	0.04228	0.08685	0.00804	0.00676	0.00184	0.06031	0.04534	0.00403	0.00705
49	0.00732	0.00561	0.00672	0.00726	0.00838	0.00519	0.00529	0.00927	0.03917	0.01573	0.11758	0.34155	0.27775	0.04448	0.00763	0.00220	0.00333	0.08555	0.00519	0.00481
50	0.05252	0.04832	0.03837	0.01321	0.04475	0.10904	0.05532	0.24022	0.17533	0.09640	0.01650	0.01722	0.03641	0.00682	0.00546	0.00171	0.00614	0.02329	0.00474	0.00823
51	0.05163	0.26430	0.09220	0.01252	0.04502	0.04393	0.05577	0.13767	0.08931	0.06789	0.01261	0.04592	0.01032	0.00670	0.00558	0.03637	0.00609	0.00483	0.00372	0.00761
52	0.00789	0.00595	0.00747	0.00811	0.00933	0.00571	0.00628	0.01046	0.05373	0.01668	0.13973	0.27632	0.18795	0.01466	0.00698	0.00217	0.00367	0.22658	0.00529	0.00505
53	0.03462	0.12340	0.13380	0.07341	0.07526	0.04665	0.14169	0.05951	0.07239	0.04176	0.03243	0.04267	0.01087	0.00643	0.00660	0.00176	0.08067	0.00536	0.00331	0.00742
54	0.06484	0.11669	0.16164	0.04330	0.08145	0.01417	0.04880	0.21713	0.03281	0.06120	0.01437	0.05343	0.03411	0.00677	0.00532	0.00170	0.00623	0.02421	0.00394	0.00790
55	0.01410	0.28056	0.09777	0.07278	0.02191	0.01639	0.25525	0.05065	0.05460	0.04664	0.01085	0.01292	0.00846	0.00529	0.00554	0.00163	0.02931	0.00482	0.00302	0.00752
56	0.03893	0.00921	0.06298	0.00941	0.01191	0.02352	0.03612	0.03684	0.03689	0.10500	0.10700	0.09499	0.18002	0.06261	0.00781	0.00220	0.00465	0.15895	0.00495	0.00598
57	0.01522	0.08607	0.10263	0.06544	0.25989	0.08681	0.10181	0.10773	0.05794	0.04669	0.01148	0.01347	0.00889	0.00546	0.00539	0.00165	0.00714	0.00484	0.00332	0.00814
58	0.01329	0.01506	0.10341	0.08401	0.26246	0.10395	0.13411	0.01674	0.01325	0.04573	0.10581	0.04948	0.01496	0.00645	0.00578	0.00172	0.00698	0.00604	0.00337	0.00741
59	0.00962	0.00481	0.00722	0.00722	0.00722	0.00481	0.00481	0.00722	0.00722	0.00962	0.00962	0.01684	0.00962	0.01924	0.02165	0.83886	0.00481	0.00481	0.00241	0.00241
60	0.01396	0.21117	0.16025	0.03619	0.07410	0.12312	0.06966	0.06745	0.04272	0.01683	0.01313	0.07332	0.02269	0.01763	0.00552	0.00169	0.00693	0.03324	0.00321	0.00720
61	0.04174	0.08007	0.15551	0.01655	0.13034	0.07512	0.10632	0.09421	0.10721	0.03623	0.04282	0.01612	0.03498	0.00613	0.00536	0.00167	0.00660	0.00525	0.02997	0.00779
62	0.01482	0.01095	0.01330	0.01203	0.04609	0.01166	0.03575	0.24044	0.18611	0.07978	0.07248	0.11946	0.03874	0.00942	0.00610	0.00190	0.00497	0.08291	0.00538	0.00772
63	0.00696	0.00522	0.00642	0.00731	0.00803	0.00484	0.00498	0.00841	0.03293	0.01445	0.03527	0.59146	0.19154	0.04496	0.00768	0.00227	0.00324	0.01432	0.00509	0.00462
64	0.01567	0.22938	0.10814	0.01486	0.06191	0.23957	0.10409	0.04657	0.06759	0.01620	0.01187	0.01322	0.03631	0.00570	0.00499	0.00153	0.00761	0.00447	0.00304	0.00729
65	0.01341	0.11493	0.10548	0.06761	0.20332	0.03521	0.07339	0.10682	0.05612	0.01891	0.03194	0.06632	0.05086	0.00686	0.00578	0.00171	0.02433	0.00592	0.00349	0.00761
66	0.00818	0.00573	0.00741	0.00787	0.00886	0.00548	0.00575	0.01046	0.04528	0.03831	0.24497	0.38106	0.06157	0.04787	0.00775	0.00223	0.00343	0.09731	0.00541	0.00506
67	0.01445	0.11996	0.30752	0.01502	0.04701	0.17013	0.07071	0.08124	0.03329	0.01782	0.03426	0.01301	0.00937	0.00695	0.03425	0.00188	0.00809	0.00445	0.00300	0.00757
68	0.01431	0.07470	0.17548	0.10377	0.10885	0.01275	0.11054	0.08036	0.05551	0.11736	0.03276	0.06373	0.01205	0.00649	0.00559	0.00175	0.00660	0.00578	0.00377	0.00785
69	0.06157	0.01467	0.05208	0.08705	0.40918	0.09987	0.09091	0.03551	0.01293	0.01783	0.01134	0.04296	0.00981	0.00582	0.00553	0.00171	0.00708	0.02342	0.00298	0.00775
70	0.00708	0.00520	0.00649	0.00727	0.00796	0.00487	0.00503	0.00818	0.01084	0.01414	0.04995	0.46424	0.17571	0.11867	0.04231	0.00286	0.00400	0.05590	0.00484	0.00446
71	0.01498	0.30416	0.14623	0.03209	0.03680	0.12075	0.04269	0.07019	0.05179	0.04876	0.02532	0.03823	0.03344	0.00614	0.00484	0.00153	0.00669	0.00470	0.00328	0.00738
72	0.01506	0.08802	0.26458	0.01759	0.15699	0.08985	0.05048	0.10407	0.04934	0.07169	0.01213	0.03438	0.00944	0.00588	0.00531	0.00166	0.00713	0.00484	0.00340	0.00815
73	0.01269	0.04628	0.04931	0.09958	0.02064	0.04064	0.21983	0.06260	0.08279	0.03796	0.02921	0.06409	0.01238	0.01147	0.10848	0.00279	0.08262	0.00625	0.00347	0.00691
74	0.01199	0.07109	0.50029	0.06251	0.07332	0.01287	0.05307	0.03688	0.01235	0.04245	0.01348	0.01508	0.05877	0.00588	0.00535	0.00173	0.00741	0.00483	0.00282	0.00784

[dist]
# distance from previous block
# <min> <max>
0	33

# created by:
# /usr/local/bin/augustus/scripts/msa2prfl.pl /tmp/new_cug2/without_ca_b/dynactin2-p50.fasta
