[name]
unknown

[dist]
# distance from previous block
# <min> <max>
3	11

[block]
# block no. 0 follows, 25 sequences, length 24
# corresponding to MSA columns:
# 11-34
name=unknown_A
#
# <colnr> <probs for GDERKNQSTAVLIFYWHMCP>
#	G	D	E	R	K	N	Q	S	T	A	V	L	I	F	Y	W	H	M	C	P
0	0.01869	0.01295	0.01569	0.01175	0.01783	0.01012	0.00936	0.02195	0.01741	0.14078	0.05528	0.06097	0.01857	0.00805	0.00653	0.00155	0.00570	0.00669	0.00584	0.55429
1	0.00973	0.00788	0.00864	0.00845	0.01082	0.00679	0.00634	0.01223	0.01901	0.02413	0.26554	0.06938	0.48702	0.01845	0.00916	0.00256	0.00384	0.01563	0.00762	0.00679
2	0.00994	0.00730	0.00933	0.01006	0.01127	0.00668	0.00707	0.01218	0.01768	0.02388	0.26773	0.40931	0.13742	0.02076	0.00954	0.00283	0.00413	0.01853	0.00766	0.00668
3	0.01919	0.01842	0.03147	0.04759	0.67914	0.01842	0.02380	0.02380	0.01765	0.02533	0.01458	0.01919	0.01228	0.00691	0.00768	0.00230	0.00921	0.00691	0.00384	0.01228
4	0.03412	0.01427	0.01866	0.01430	0.02033	0.01299	0.01182	0.11514	0.02398	0.60463	0.02908	0.02541	0.01844	0.00956	0.00779	0.00239	0.00684	0.00769	0.00937	0.01319
5	0.02715	0.01998	0.02165	0.01682	0.02248	0.02194	0.01380	0.57302	0.03463	0.04663	0.10111	0.02355	0.02072	0.01013	0.00793	0.00234	0.00792	0.00787	0.00785	0.01245
6	0.02073	0.73217	0.04063	0.01327	0.01990	0.03068	0.01327	0.02322	0.01575	0.01824	0.01078	0.01244	0.00995	0.00663	0.00498	0.00166	0.00829	0.00415	0.00332	0.00995
7	0.01027	0.00780	0.00965	0.01081	0.01243	0.00718	0.00834	0.01251	0.01676	0.02124	0.05487	0.30095	0.26992	0.02178	0.00988	0.00309	0.00510	0.20359	0.00718	0.00664
8	0.06771	0.08523	0.02003	0.01419	0.01991	0.01698	0.01170	0.10364	0.19180	0.24385	0.02403	0.02257	0.01708	0.00883	0.00708	0.00220	0.00670	0.00694	0.00734	0.12219
9	0.01838	0.41369	0.30835	0.01686	0.02551	0.02454	0.01948	0.02361	0.01602	0.02117	0.01221	0.01423	0.00996	0.00690	0.00600	0.00197	0.00950	0.00482	0.00335	0.04343
10	0.01840	0.18100	0.41313	0.02271	0.10257	0.02130	0.02352	0.08538	0.01834	0.02568	0.01379	0.01608	0.01045	0.00735	0.00694	0.00226	0.01026	0.00565	0.00378	0.01140
11	0.01125	0.00858	0.01063	0.01171	0.01341	0.00837	0.00904	0.01533	0.07645	0.02228	0.04893	0.31922	0.18198	0.02111	0.00981	0.00312	0.00535	0.20901	0.00724	0.00717
12	0.01909	0.01940	0.03702	0.12900	0.19306	0.01943	0.35175	0.08505	0.01952	0.02659	0.01544	0.02025	0.01183	0.00706	0.00847	0.00251	0.01133	0.00809	0.00421	0.01090
13	0.01724	0.09408	0.21079	0.10664	0.03057	0.01895	0.11555	0.05166	0.15931	0.02568	0.02033	0.07939	0.01685	0.00941	0.00779	0.00251	0.00938	0.00833	0.00492	0.01061
14	0.01849	0.16096	0.18439	0.08372	0.19419	0.01844	0.01924	0.02329	0.01724	0.08688	0.02321	0.02499	0.09516	0.00890	0.00728	0.00229	0.00875	0.00736	0.00455	0.01068
15	0.00968	0.00782	0.00861	0.00853	0.01082	0.00675	0.00635	0.01208	0.01871	0.02369	0.24137	0.10377	0.47700	0.01883	0.00920	0.00260	0.00388	0.01601	0.00757	0.00675
16	0.01058	0.00738	0.00851	0.00893	0.00937	0.00711	0.00544	0.01114	0.01292	0.01690	0.03555	0.21216	0.11505	0.47269	0.02868	0.00587	0.00635	0.01445	0.00560	0.00531
17	0.04191	0.11787	0.32839	0.06066	0.09305	0.03689	0.04685	0.04256	0.08065	0.05602	0.01613	0.01815	0.01202	0.00769	0.00718	0.00235	0.00992	0.00621	0.00430	0.01120
18	0.00972	0.00744	0.00886	0.00986	0.01127	0.00671	0.00707	0.01146	0.01608	0.02034	0.05582	0.37130	0.29642	0.05701	0.01115	0.00320	0.00468	0.07814	0.00707	0.00640
19	0.02769	0.01681	0.01937	0.01542	0.02083	0.01757	0.01254	0.29254	0.13447	0.24822	0.08848	0.02664	0.02268	0.01024	0.00793	0.00241	0.00704	0.00822	0.00844	0.01247
20	0.01852	0.04564	0.16491	0.09003	0.13811	0.03979	0.04385	0.09729	0.01996	0.06120	0.06671	0.06021	0.02190	0.01073	0.00816	0.00256	0.00901	0.08571	0.00533	0.01038
21	0.01877	0.19250	0.16177	0.02612	0.07980	0.04800	0.28186	0.02425	0.01711	0.02273	0.01370	0.01747	0.01086	0.00715	0.00845	0.00235	0.04608	0.00689	0.00363	0.01051
22	0.03448	0.01369	0.01830	0.01403	0.02004	0.01213	0.01159	0.07329	0.02302	0.64784	0.02990	0.02594	0.01885	0.00958	0.00779	0.00239	0.00671	0.00775	0.00949	0.01319
23	0.01087	0.00813	0.01028	0.01128	0.01265	0.00789	0.00829	0.01456	0.06769	0.02299	0.13277	0.41372	0.11375	0.02113	0.00969	0.00302	0.00486	0.11193	0.00743	0.00706

[dist]
# distance from previous block
# <min> <max>
0	1

[block]
# block no. 1 follows, 25 sequences, length 58
# corresponding to MSA columns:
# 36-93
name=unknown_B
#
# <colnr> <probs for GDERKNQSTAVLIFYWHMCP>
#	G	D	E	R	K	N	Q	S	T	A	V	L	I	F	Y	W	H	M	C	P
0	0.02114	0.02502	0.13085	0.02709	0.19042	0.13162	0.07272	0.08815	0.17956	0.02806	0.01870	0.02037	0.01436	0.00824	0.00770	0.00239	0.00987	0.00706	0.00515	0.01153
1	0.01248	0.01032	0.01330	0.01292	0.01411	0.04380	0.00984	0.01471	0.01270	0.01767	0.01997	0.03147	0.01943	0.14974	0.50969	0.01045	0.07796	0.00845	0.00416	0.00683
2	0.02008	0.02039	0.06438	0.03284	0.26026	0.01963	0.21621	0.10809	0.12283	0.02930	0.01810	0.02106	0.01392	0.00770	0.00816	0.00246	0.00995	0.00785	0.00498	0.01179
3	0.00960	0.00721	0.00891	0.00987	0.01110	0.00652	0.00688	0.01146	0.01665	0.02180	0.14748	0.45369	0.21703	0.02181	0.00959	0.00290	0.00422	0.01936	0.00740	0.00652
4	0.01555	0.04011	0.68733	0.02210	0.03356	0.01801	0.02865	0.02455	0.01637	0.02455	0.01391	0.01637	0.00982	0.00737	0.00737	0.00246	0.01146	0.00573	0.00327	0.01146
5	0.01666	0.01584	0.02690	0.41566	0.33086	0.01776	0.02254	0.02158	0.01646	0.02226	0.01414	0.02001	0.01120	0.00738	0.00772	0.00246	0.00984	0.00690	0.00362	0.01024
6	0.01963	0.58560	0.17760	0.01514	0.02279	0.02800	0.01652	0.02350	0.01588	0.01958	0.01144	0.01327	0.00992	0.00679	0.00548	0.00183	0.00896	0.00448	0.00331	0.01027
7	0.00959	0.00794	0.00857	0.00860	0.01104	0.00691	0.00656	0.01183	0.01773	0.02174	0.12398	0.07118	0.55501	0.02170	0.05029	0.00324	0.00507	0.04522	0.00713	0.00666
8	0.03447	0.01370	0.01831	0.01404	0.02005	0.01215	0.01160	0.07453	0.02304	0.64656	0.02987	0.02593	0.01883	0.00958	0.00779	0.00239	0.00671	0.00775	0.00949	0.01319
9	0.24432	0.01657	0.04257	0.01400	0.01967	0.01647	0.01185	0.13004	0.11306	0.28133	0.02256	0.02121	0.01545	0.00891	0.00693	0.00242	0.00685	0.00670	0.00745	0.01163
10	0.01480	0.01085	0.01369	0.01355	0.03992	0.01177	0.00966	0.02201	0.17776	0.06034	0.11339	0.03719	0.02923	0.16917	0.23486	0.00670	0.01090	0.00971	0.00609	0.00843
11	0.00988	0.00736	0.00919	0.00983	0.01119	0.00668	0.00695	0.01210	0.01774	0.02367	0.25366	0.36938	0.19284	0.02058	0.00950	0.00281	0.00411	0.01824	0.00763	0.00668
12	0.01919	0.01842	0.03147	0.04759	0.67914	0.01842	0.02380	0.02380	0.01765	0.02533	0.01458	0.01919	0.01228	0.00691	0.00768	0.00230	0.00921	0.00691	0.00384	0.01228
13	0.01919	0.01842	0.03147	0.04759	0.67914	0.01842	0.02380	0.02380	0.01765	0.02533	0.01458	0.01919	0.01228	0.00691	0.00768	0.00230	0.00921	0.00691	0.00384	0.01228
14	0.01744	0.03204	0.43870	0.02429	0.03422	0.01781	0.20683	0.02518	0.01724	0.06155	0.01535	0.01823	0.01097	0.00719	0.00784	0.00245	0.01143	0.00679	0.00387	0.04057
15	0.00979	0.00699	0.00939	0.01119	0.01179	0.00659	0.00779	0.01139	0.01518	0.02018	0.04255	0.65113	0.05053	0.02397	0.00999	0.00320	0.00480	0.08998	0.00719	0.00639
16	0.02073	0.73217	0.04063	0.01327	0.01990	0.03068	0.01327	0.02322	0.01575	0.01824	0.01078	0.01244	0.00995	0.00663	0.00498	0.00166	0.00829	0.00415	0.00332	0.00995
17	0.01674	0.01522	0.02514	0.01954	0.02403	0.01538	0.22625	0.11244	0.05280	0.02987	0.22687	0.06752	0.06666	0.01194	0.00989	0.00259	0.05009	0.01115	0.00640	0.00946
18	0.01581	0.01439	0.02368	0.11192	0.26159	0.01473	0.08260	0.04438	0.04829	0.02441	0.04527	0.22811	0.02601	0.01264	0.00855	0.00264	0.00801	0.01191	0.00528	0.00976
19	0.01211	0.00966	0.01422	0.01331	0.01447	0.01129	0.03418	0.01428	0.01235	0.01769	0.02010	0.03295	0.01993	0.19877	0.44397	0.00989	0.10110	0.00881	0.00417	0.00676
20	0.73971	0.05508	0.01303	0.01037	0.01527	0.01814	0.00867	0.02282	0.01334	0.03386	0.01080	0.01259	0.00848	0.00717	0.00481	0.00236	0.00613	0.00420	0.00472	0.00848
21	0.02175	0.02178	0.04606	0.01788	0.05829	0.20052	0.03710	0.05609	0.01958	0.07912	0.06065	0.01979	0.01599	0.00812	0.00792	0.00192	0.04598	0.00620	0.00509	0.27017
22	0.01976	0.01689	0.01780	0.01587	0.02034	0.01951	0.01239	0.06960	0.63596	0.03320	0.03096	0.02845	0.02318	0.01046	0.00788	0.00262	0.00625	0.00868	0.00788	0.01232
23	0.01347	0.00673	0.01010	0.01010	0.01010	0.00673	0.00673	0.01010	0.01010	0.01347	0.01347	0.02357	0.01347	0.02694	0.03030	0.77441	0.00673	0.00673	0.00337	0.00337
24	0.01696	0.01696	0.02375	0.02036	0.02036	0.02375	0.01696	0.01866	0.01187	0.01866	0.01018	0.01696	0.01018	0.01357	0.02545	0.00339	0.71332	0.00679	0.00339	0.00848
25	0.01121	0.00788	0.01015	0.00958	0.01141	0.00731	0.00718	0.01487	0.02155	0.03094	0.63005	0.05591	0.06947	0.01538	0.00889	0.00239	0.00365	0.01355	0.06131	0.00731
26	0.00925	0.00786	0.00797	0.00795	0.01053	0.00658	0.00596	0.01129	0.01788	0.02143	0.10692	0.07383	0.64732	0.01946	0.00916	0.00261	0.00391	0.01625	0.00726	0.00658
27	0.01097	0.00793	0.01036	0.00975	0.01158	0.00732	0.00732	0.01463	0.02195	0.03109	0.67505	0.05792	0.07316	0.01585	0.00914	0.00244	0.00366	0.01402	0.00854	0.00732
28	0.78228	0.01499	0.01140	0.01020	0.01499	0.01739	0.00840	0.02279	0.01320	0.03479	0.01080	0.01260	0.00840	0.00720	0.00480	0.00240	0.00600	0.00420	0.00480	0.00840
29	0.01795	0.01716	0.02923	0.22784	0.50858	0.01810	0.02318	0.02271	0.01707	0.02383	0.01437	0.01959	0.01175	0.00714	0.00770	0.00238	0.00952	0.00690	0.00373	0.01128
30	0.02927	0.02778	0.02275	0.01869	0.02402	0.29171	0.01483	0.40553	0.03069	0.03697	0.01598	0.01677	0.01191	0.00878	0.00745	0.00220	0.01070	0.00619	0.00626	0.01152
31	0.01128	0.00752	0.00846	0.00846	0.00846	0.00752	0.00470	0.01128	0.01128	0.01503	0.02443	0.05074	0.02819	0.72751	0.03946	0.00752	0.00752	0.01128	0.00470	0.00470
32	0.78228	0.01499	0.01140	0.01020	0.01499	0.01739	0.00840	0.02279	0.01320	0.03479	0.01080	0.01260	0.00840	0.00720	0.00480	0.00240	0.00600	0.00420	0.00480	0.00840
33	0.02947	0.02172	0.02327	0.01784	0.02404	0.02404	0.01474	0.65329	0.03646	0.04887	0.01862	0.01862	0.01319	0.00931	0.00776	0.00233	0.00853	0.00698	0.00776	0.01319
34	0.01108	0.00831	0.01246	0.01246	0.01385	0.00969	0.00969	0.01385	0.01246	0.01800	0.02077	0.03046	0.01938	0.05815	0.69678	0.01246	0.02077	0.00831	0.00415	0.00692
35	0.01097	0.00793	0.01036	0.00975	0.01158	0.00732	0.00732	0.01463	0.02195	0.03109	0.67505	0.05792	0.07316	0.01585	0.00914	0.00244	0.00366	0.01402	0.00854	0.00732
36	0.01929	0.01666	0.01753	0.01578	0.02016	0.01929	0.01227	0.04120	0.66513	0.03243	0.03156	0.02893	0.02367	0.01052	0.00789	0.00263	0.00614	0.00877	0.00789	0.01227
37	0.01696	0.01696	0.02375	0.02036	0.02036	0.02375	0.01696	0.01866	0.01187	0.01866	0.01018	0.01696	0.01018	0.01357	0.02545	0.00339	0.71332	0.00679	0.00339	0.00848
38	0.01555	0.04011	0.68733	0.02210	0.03356	0.01801	0.02865	0.02455	0.01637	0.02455	0.01391	0.01637	0.00982	0.00737	0.00737	0.00246	0.01146	0.00573	0.00327	0.01146
39	0.01878	0.01900	0.03454	0.03907	0.39336	0.01917	0.21981	0.02502	0.06235	0.02527	0.01584	0.02027	0.01278	0.00744	0.00922	0.00249	0.05225	0.00773	0.00412	0.01148
40	0.72943	0.01523	0.01279	0.01279	0.06099	0.01747	0.00946	0.02286	0.01350	0.03413	0.01106	0.01305	0.00867	0.00718	0.00500	0.00239	0.00622	0.00439	0.00473	0.00867
41	0.01426	0.01280	0.01854	0.05625	0.05335	0.01641	0.01375	0.01653	0.01254	0.01849	0.01584	0.02545	0.01539	0.09757	0.27008	0.00700	0.31641	0.00778	0.00382	0.00776
42	0.01128	0.00752	0.00846	0.00846	0.00846	0.00752	0.00470	0.01128	0.01128	0.01503	0.02443	0.05074	0.02819	0.72751	0.03946	0.00752	0.00752	0.01128	0.00470	0.00470
43	0.01236	0.00883	0.01030	0.00992	0.01235	0.00827	0.00757	0.01681	0.07340	0.05695	0.28429	0.09169	0.26899	0.01670	0.00888	0.00257	0.00431	0.04472	0.05343	0.00767
44	0.01108	0.00831	0.01246	0.01246	0.01385	0.00969	0.00969	0.01385	0.01246	0.01800	0.02077	0.03046	0.01938	0.05815	0.69678	0.01246	0.02077	0.00831	0.00415	0.00692
45	0.01127	0.00756	0.00866	0.00866	0.00873	0.00763	0.00495	0.01140	0.01133	0.01518	0.02425	0.04973	0.02775	0.69405	0.07232	0.00776	0.00818	0.01113	0.00467	0.00481
46	0.01108	0.00831	0.01246	0.01246	0.01385	0.00969	0.00969	0.01385	0.01246	0.01800	0.02077	0.03046	0.01938	0.05815	0.69678	0.01246	0.02077	0.00831	0.00415	0.00692
47	0.00965	0.00782	0.00856	0.00848	0.01080	0.00674	0.00632	0.01203	0.01866	0.02355	0.23280	0.09930	0.49048	0.01886	0.00919	0.00260	0.00388	0.01601	0.00755	0.00674
48	0.78228	0.01499	0.01140	0.01020	0.01499	0.01739	0.00840	0.02279	0.01320	0.03479	0.01080	0.01260	0.00840	0.00720	0.00480	0.00240	0.00600	0.00420	0.00480	0.00840
49	0.01807	0.12927	0.14847	0.01651	0.02425	0.01701	0.08152	0.07591	0.01806	0.02604	0.01397	0.01631	0.01112	0.00657	0.00646	0.00172	0.00820	0.00542	0.00435	0.37075
50	0.00990	0.00716	0.00946	0.01113	0.01194	0.00672	0.00793	0.01163	0.01551	0.02040	0.04496	0.57936	0.09352	0.02352	0.00997	0.00318	0.00487	0.11522	0.00719	0.00645
51	0.03479	0.01320	0.01799	0.01380	0.01979	0.01140	0.01140	0.03779	0.02219	0.68451	0.03059	0.02639	0.01919	0.00960	0.00780	0.00240	0.00660	0.00780	0.00960	0.01320
52	0.01103	0.00750	0.00844	0.00854	0.00874	0.00739	0.00491	0.01124	0.01191	0.01569	0.02914	0.08773	0.07427	0.64149	0.03581	0.00695	0.00711	0.01219	0.00500	0.00491
53	0.00945	0.00675	0.00900	0.01080	0.01125	0.00630	0.00720	0.01080	0.01484	0.01979	0.04274	0.72245	0.05128	0.02429	0.00990	0.00315	0.00450	0.02204	0.00720	0.00630
54	0.01161	0.00815	0.01011	0.00949	0.01169	0.00732	0.00716	0.01484	0.02094	0.05798	0.50468	0.06047	0.21372	0.01647	0.00909	0.00248	0.00385	0.01430	0.00827	0.00740
55	0.01128	0.00752	0.00846	0.00846	0.00846	0.00752	0.00470	0.01128	0.01128	0.01503	0.02443	0.05074	0.02819	0.72751	0.03946	0.00752	0.00752	0.01128	0.00470	0.00470
56	0.01900	0.01823	0.03114	0.07462	0.65356	0.01837	0.02370	0.02363	0.01757	0.02511	0.01455	0.01925	0.01220	0.00694	0.00768	0.00231	0.00926	0.00691	0.00382	0.01213
57	0.02310	0.01855	0.01968	0.01655	0.02161	0.02107	0.01319	0.27021	0.42991	0.03858	0.02672	0.02507	0.01975	0.01007	0.00784	0.00252	0.00703	0.00810	0.00784	0.01261

[dist]
# distance from previous block
# <min> <max>
0	1

# created by:
# /usr/local/bin/augustus/scripts/msa2prfl.pl /tmp/new_cug2/without_ca_b/dynein-light-chain-8.fasta
