[name]
unknown

[dist]
# distance from previous block
# <min> <max>
0	549

[block]
# block no. 0 follows, 65 sequences, length 18
# corresponding to MSA columns:
# 615-632
name=unknown_A
#
# <colnr> <probs for GDERKNQSTAVLIFYWHMCP>
#	G	D	E	R	K	N	Q	S	T	A	V	L	I	F	Y	W	H	M	C	P
0	0.01033	0.41309	0.27000	0.01017	0.05480	0.08398	0.03427	0.01296	0.02163	0.01114	0.00661	0.00785	0.00546	0.00388	0.00371	0.00110	0.03892	0.00274	0.00184	0.00553
1	0.03671	0.20825	0.16229	0.03829	0.07761	0.10577	0.02608	0.05083	0.01796	0.05460	0.06941	0.02163	0.03436	0.01399	0.01329	0.00129	0.02635	0.03345	0.00253	0.00529
2	0.00994	0.01010	0.02192	0.01209	0.14890	0.15701	0.13102	0.08431	0.05617	0.01365	0.08488	0.08213	0.08659	0.01685	0.03685	0.00153	0.02230	0.00519	0.01349	0.00509
3	0.00626	0.00504	0.00555	0.00572	0.00667	0.04921	0.00417	0.00778	0.03733	0.03044	0.18438	0.33164	0.21926	0.01148	0.05298	0.00176	0.00308	0.02967	0.00381	0.00377
4	0.01014	0.01086	0.05480	0.08157	0.48068	0.05757	0.17730	0.03315	0.00962	0.01316	0.00784	0.01031	0.00634	0.00435	0.02337	0.00138	0.00567	0.00383	0.00207	0.00599
5	0.04277	0.37554	0.18002	0.00784	0.01118	0.01143	0.00794	0.05918	0.03852	0.06188	0.00919	0.06891	0.00825	0.06101	0.03877	0.00153	0.00470	0.00366	0.00242	0.00527
6	0.00710	0.00540	0.00564	0.00557	0.00644	0.05683	0.00397	0.03241	0.02900	0.03053	0.13387	0.15323	0.12996	0.23577	0.01845	0.00213	0.00327	0.05590	0.08088	0.00364
7	0.00881	0.00798	0.00778	0.00761	0.04299	0.10414	0.00547	0.04239	0.27477	0.02664	0.08919	0.07796	0.21950	0.05974	0.00544	0.00151	0.00344	0.00612	0.00367	0.00488
8	0.00983	0.01066	0.04987	0.00812	0.00977	0.26555	0.00642	0.05442	0.08612	0.02234	0.06160	0.23171	0.05179	0.00909	0.05618	0.00169	0.02268	0.03449	0.00314	0.00455
9	0.00661	0.00552	0.00815	0.00748	0.00873	0.00541	0.11459	0.01976	0.10535	0.01243	0.10311	0.38073	0.08850	0.06512	0.00602	0.00169	0.00324	0.04986	0.00361	0.00409
10	0.00860	0.00469	0.00595	0.00572	0.00707	0.00418	0.00428	0.00977	0.00955	0.22043	0.09665	0.30746	0.20542	0.03283	0.00523	0.00153	0.00265	0.04107	0.02256	0.00435
11	0.00775	0.00730	0.01231	0.84587	0.02827	0.00912	0.01140	0.01049	0.00821	0.01049	0.00730	0.01094	0.00547	0.00410	0.00410	0.00137	0.00547	0.00365	0.00182	0.00456
12	0.03998	0.04176	0.70258	0.01189	0.06353	0.00947	0.01396	0.01263	0.00860	0.01303	0.00789	0.04232	0.00613	0.00423	0.00388	0.00130	0.00570	0.00336	0.00186	0.00590
13	0.00665	0.08269	0.00736	0.00653	0.03761	0.00544	0.00470	0.03068	0.02061	0.01285	0.20389	0.37247	0.04377	0.00979	0.02396	0.00151	0.00287	0.03677	0.05402	0.03582
14	0.00758	0.00549	0.00670	0.00694	0.03083	0.00553	0.00502	0.06472	0.13391	0.05833	0.08200	0.36956	0.11940	0.00976	0.00487	0.00152	0.00284	0.07661	0.00396	0.00445
15	0.00790	0.00745	0.01258	0.79519	0.07779	0.00916	0.01147	0.01062	0.00828	0.01067	0.00732	0.01090	0.00554	0.00408	0.00410	0.00136	0.00544	0.00365	0.00184	0.00468
16	0.01014	0.05828	0.01568	0.15943	0.56897	0.01022	0.01156	0.06220	0.03925	0.01361	0.00799	0.01025	0.00651	0.00387	0.00399	0.00123	0.00487	0.00361	0.00219	0.00614
17	0.00936	0.00987	0.04356	0.52948	0.10742	0.11292	0.03988	0.05276	0.00942	0.01173	0.00833	0.01107	0.02824	0.00426	0.00409	0.00131	0.00558	0.00368	0.00206	0.00497

[dist]
# distance from previous block
# <min> <max>
6	26

[block]
# block no. 1 follows, 65 sequences, length 27
# corresponding to MSA columns:
# 659-685
name=unknown_B
#
# <colnr> <probs for GDERKNQSTAVLIFYWHMCP>
#	G	D	E	R	K	N	Q	S	T	A	V	L	I	F	Y	W	H	M	C	P
0	0.06034	0.05597	0.22366	0.01195	0.11931	0.04575	0.09641	0.02977	0.07286	0.01310	0.03173	0.03699	0.03115	0.00744	0.08798	0.00184	0.06198	0.00405	0.00236	0.00537
1	0.00725	0.04397	0.02790	0.00610	0.00746	0.00578	0.00491	0.03595	0.00935	0.06949	0.14972	0.10874	0.28744	0.04537	0.07599	0.00195	0.08266	0.02238	0.00350	0.00411
2	0.06272	0.00705	0.03607	0.03762	0.10250	0.01744	0.03397	0.09838	0.03203	0.06512	0.08529	0.28824	0.07160	0.00842	0.01718	0.01770	0.00358	0.00691	0.00343	0.00473
3	0.01106	0.05069	0.07860	0.07233	0.21730	0.03852	0.02592	0.17127	0.09346	0.06612	0.01038	0.03457	0.00841	0.02127	0.05526	0.00164	0.00503	0.01627	0.01600	0.00590
4	0.00882	0.07143	0.00971	0.00825	0.05754	0.06365	0.06465	0.07566	0.10176	0.02740	0.02517	0.09833	0.07582	0.28282	0.00967	0.00217	0.00414	0.00564	0.00298	0.00439
5	0.00713	0.00628	0.01000	0.45684	0.06951	0.00718	0.03078	0.00897	0.00785	0.01022	0.01194	0.10083	0.05316	0.19306	0.00798	0.00197	0.00466	0.00527	0.00230	0.00407
6	0.01025	0.04492	0.05338	0.28904	0.20246	0.06441	0.03613	0.12145	0.03824	0.02840	0.00940	0.02376	0.03256	0.00453	0.00427	0.00129	0.02369	0.00386	0.00243	0.00553
7	0.03982	0.04840	0.06781	0.13022	0.06414	0.06500	0.10164	0.10504	0.05541	0.04019	0.04321	0.11335	0.02209	0.00626	0.02001	0.00145	0.04774	0.02022	0.00282	0.00518
8	0.02667	0.03103	0.01173	0.06895	0.09591	0.13494	0.01994	0.01109	0.00792	0.03858	0.00831	0.01185	0.02997	0.07572	0.06185	0.00201	0.35295	0.00382	0.00214	0.00462
9	0.00959	0.05427	0.18908	0.01056	0.03543	0.06668	0.04068	0.02774	0.05789	0.03775	0.01837	0.01120	0.01976	0.05095	0.02659	0.00172	0.33070	0.00374	0.00222	0.00509
10	0.01021	0.09095	0.24043	0.01197	0.09855	0.10122	0.11874	0.09212	0.01024	0.03109	0.02196	0.02539	0.07312	0.02881	0.00477	0.00133	0.02710	0.00406	0.00242	0.00551
11	0.00743	0.07903	0.09280	0.01829	0.00859	0.10069	0.00574	0.02356	0.00846	0.01059	0.01703	0.34762	0.07936	0.13675	0.02800	0.00194	0.00404	0.02318	0.00297	0.00392
12	0.00838	0.03525	0.00876	0.03013	0.08331	0.02174	0.03624	0.05772	0.02441	0.09041	0.06586	0.33936	0.05063	0.03309	0.02669	0.00168	0.01621	0.06212	0.00351	0.00452
13	0.02802	0.05298	0.09749	0.04110	0.04935	0.04114	0.05907	0.06436	0.03540	0.08235	0.07619	0.16202	0.09571	0.00752	0.01597	0.00146	0.02540	0.05631	0.00323	0.00491
14	0.01060	0.02461	0.03201	0.05869	0.05293	0.00857	0.01939	0.11061	0.22397	0.12934	0.08417	0.02908	0.07798	0.04212	0.00561	0.00147	0.06036	0.01924	0.00366	0.00559
15	0.03374	0.00516	0.00598	0.00586	0.00710	0.00505	0.00434	0.08105	0.05573	0.06745	0.09538	0.34039	0.20193	0.02836	0.00509	0.00152	0.00266	0.02299	0.02604	0.00419
16	0.03260	0.02065	0.09787	0.01008	0.11867	0.03100	0.03558	0.05873	0.06663	0.03538	0.07632	0.13582	0.15013	0.00772	0.02355	0.00151	0.06882	0.02087	0.00312	0.00493
17	0.03997	0.08008	0.08843	0.08743	0.07063	0.12640	0.00836	0.13412	0.09443	0.05931	0.04385	0.04634	0.03801	0.00530	0.00457	0.00128	0.05900	0.00408	0.00291	0.00549
18	0.00876	0.03984	0.00750	0.02822	0.02109	0.11489	0.00504	0.03454	0.04771	0.08795	0.10251	0.16811	0.23649	0.02121	0.00467	0.00135	0.00334	0.00671	0.03865	0.02141
19	0.08109	0.03799	0.00814	0.02855	0.00898	0.09135	0.00544	0.11015	0.04110	0.07590	0.08628	0.23400	0.06136	0.06401	0.01599	0.00161	0.03377	0.00632	0.00344	0.00456
20	0.02437	0.05879	0.05419	0.04426	0.08221	0.03162	0.02849	0.07916	0.03212	0.03969	0.01501	0.19081	0.07828	0.04246	0.09418	0.00199	0.00463	0.03044	0.00297	0.06435
21	0.08692	0.09062	0.14184	0.05889	0.05048	0.07470	0.03377	0.11587	0.02639	0.05585	0.03088	0.11084	0.00955	0.00596	0.02512	0.00138	0.01654	0.00430	0.00277	0.05735
22	0.05317	0.09924	0.07043	0.00976	0.04986	0.07419	0.08351	0.09574	0.15423	0.12853	0.01215	0.01320	0.04294	0.02087	0.00443	0.00130	0.01973	0.02451	0.00317	0.03904
23	0.06588	0.13681	0.06786	0.00817	0.03806	0.06979	0.00671	0.10418	0.08823	0.01331	0.02073	0.08146	0.01009	0.06162	0.18434	0.00254	0.01700	0.00433	0.01398	0.00488
24	0.03986	0.10458	0.13128	0.02266	0.03916	0.11369	0.00790	0.07472	0.07305	0.06212	0.04177	0.06099	0.04558	0.01911	0.04916	0.00160	0.06189	0.02465	0.00281	0.02342
25	0.00976	0.06319	0.15383	0.02684	0.11932	0.05121	0.07138	0.09988	0.04471	0.04505	0.05454	0.05880	0.04876	0.04171	0.04687	0.00166	0.03413	0.00454	0.00274	0.02111
26	0.02626	0.18981	0.11653	0.03465	0.06725	0.05443	0.00797	0.12694	0.03555	0.05470	0.01167	0.06342	0.06074	0.01930	0.03292	0.00143	0.02323	0.02416	0.00275	0.04629

[dist]
# distance from previous block
# <min> <max>
13	44

[block]
# block no. 2 follows, 65 sequences, length 33
# corresponding to MSA columns:
# 744-776
name=unknown_C
#
# <colnr> <probs for GDERKNQSTAVLIFYWHMCP>
#	G	D	E	R	K	N	Q	S	T	A	V	L	I	F	Y	W	H	M	C	P
0	0.01108	0.09684	0.04875	0.06692	0.09808	0.12695	0.02516	0.12205	0.01092	0.09943	0.07562	0.08584	0.04662	0.03445	0.01968	0.00143	0.01720	0.00470	0.00303	0.00525
1	0.00742	0.00438	0.00601	0.04184	0.00706	0.00435	0.00418	0.04235	0.00724	0.04031	0.04085	0.16145	0.03716	0.07074	0.01191	0.47425	0.00339	0.00544	0.00259	0.02708
2	0.01083	0.07835	0.08497	0.03443	0.07466	0.17446	0.04977	0.07892	0.03376	0.08061	0.11698	0.08952	0.02443	0.00638	0.02237	0.00138	0.00485	0.02512	0.00303	0.00519
3	0.01162	0.19832	0.03486	0.02260	0.04437	0.06358	0.14008	0.10157	0.07815	0.12161	0.05329	0.04808	0.02321	0.00501	0.00432	0.00123	0.03525	0.00422	0.00301	0.00564
4	0.01216	0.00871	0.02273	0.00783	0.01002	0.12799	0.04079	0.07750	0.04898	0.26173	0.08539	0.07543	0.08924	0.05083	0.01874	0.00154	0.01920	0.03210	0.00381	0.00528
5	0.01000	0.01442	0.36024	0.03273	0.11948	0.00981	0.06640	0.19194	0.02518	0.01602	0.06289	0.02333	0.00862	0.00518	0.02294	0.00141	0.01692	0.00388	0.00260	0.00600
6	0.01161	0.02926	0.04346	0.09855	0.14333	0.06431	0.10142	0.12991	0.10248	0.10674	0.00993	0.01157	0.00761	0.00525	0.02068	0.00143	0.08716	0.01653	0.00290	0.00587
7	0.05133	0.10144	0.11556	0.02266	0.02469	0.03791	0.11755	0.03069	0.06662	0.07658	0.03794	0.08945	0.07945	0.06273	0.00550	0.00148	0.02643	0.02179	0.00288	0.02729
8	0.19147	0.00530	0.00651	0.00630	0.00733	0.00619	0.00490	0.00838	0.00666	0.01142	0.00984	0.01464	0.00919	0.08738	0.54567	0.00494	0.04472	0.00401	0.02136	0.00378
9	0.01091	0.02199	0.03551	0.04424	0.15919	0.20042	0.10187	0.13042	0.02305	0.01378	0.03173	0.07952	0.01761	0.02071	0.05392	0.00164	0.00567	0.03988	0.00269	0.00525
10	0.01032	0.02894	0.11139	0.07545	0.21075	0.07298	0.14166	0.06912	0.02452	0.07093	0.01126	0.07767	0.04379	0.02725	0.00469	0.00137	0.00509	0.00462	0.00262	0.00557
11	0.01006	0.02173	0.01120	0.25002	0.09228	0.05933	0.03175	0.09772	0.03124	0.09231	0.12746	0.03695	0.04913	0.00557	0.00477	0.00132	0.05313	0.00465	0.01423	0.00514
12	0.00694	0.00472	0.00603	0.00625	0.02921	0.00472	0.00437	0.03797	0.03970	0.03382	0.06784	0.12881	0.11896	0.18637	0.07871	0.14759	0.00391	0.08749	0.00312	0.00348
13	0.04058	0.04661	0.06412	0.02711	0.02665	0.09914	0.06509	0.18175	0.07751	0.03938	0.04346	0.12021	0.04107	0.08298	0.00592	0.00156	0.02344	0.00513	0.00315	0.00514
14	0.02126	0.13970	0.07636	0.05344	0.07619	0.04788	0.02985	0.11083	0.03663	0.04715	0.08478	0.09973	0.04102	0.02158	0.00452	0.00137	0.00419	0.09534	0.00308	0.00509
15	0.00748	0.00650	0.04213	0.02211	0.00811	0.05717	0.00516	0.05031	0.02719	0.05285	0.16430	0.30524	0.15770	0.00925	0.00502	0.00144	0.03023	0.02204	0.02158	0.00417
16	0.00893	0.01899	0.66084	0.01121	0.01647	0.04519	0.03286	0.07161	0.00961	0.01377	0.02884	0.02906	0.00683	0.00489	0.02214	0.00141	0.00595	0.00345	0.00206	0.00589
17	0.02676	0.09258	0.07714	0.09585	0.06578	0.17128	0.06252	0.10554	0.09849	0.04604	0.01005	0.01200	0.02838	0.03024	0.01852	0.00142	0.02861	0.02069	0.00267	0.00543
18	0.01136	0.03847	0.03192	0.04213	0.29179	0.05178	0.04036	0.08558	0.07967	0.13619	0.03644	0.04895	0.05454	0.00518	0.00441	0.00128	0.02646	0.00447	0.00308	0.00594
19	0.00545	0.00412	0.00522	0.00558	0.00633	0.00403	0.00408	0.00670	0.02683	0.01075	0.05135	0.32138	0.24033	0.04047	0.18183	0.02179	0.00427	0.05258	0.00342	0.00350
20	0.00865	0.00752	0.00943	0.04182	0.02500	0.07392	0.10669	0.09175	0.05038	0.04535	0.08374	0.14776	0.21206	0.00781	0.00464	0.00139	0.00379	0.05156	0.02214	0.00460
21	0.05125	0.05902	0.13786	0.00999	0.06615	0.15871	0.03368	0.12592	0.09350	0.06343	0.04985	0.06283	0.05948	0.00542	0.00402	0.00125	0.00472	0.00436	0.00303	0.00553
22	0.04339	0.00630	0.02200	0.06697	0.07131	0.00629	0.04754	0.01990	0.07405	0.04369	0.12406	0.10882	0.15399	0.07820	0.01837	0.00172	0.03199	0.07365	0.00333	0.00440
23	0.00575	0.00428	0.00591	0.00609	0.00670	0.00416	0.03887	0.00691	0.02461	0.01089	0.08130	0.42797	0.06733	0.14002	0.07584	0.01681	0.00357	0.05092	0.01864	0.00345
24	0.03122	0.05866	0.05079	0.17298	0.09054	0.20228	0.03853	0.09828	0.01053	0.07990	0.00908	0.05373	0.00762	0.00499	0.00454	0.00128	0.05298	0.02418	0.00259	0.00530
25	0.03735	0.08683	0.05853	0.09189	0.08594	0.12140	0.10449	0.15534	0.03879	0.06442	0.02981	0.01143	0.00786	0.05430	0.02267	0.00150	0.01546	0.00377	0.00272	0.00550
26	0.00826	0.07852	0.07036	0.08630	0.10431	0.02509	0.02024	0.04620	0.06299	0.03919	0.11010	0.15481	0.10531	0.03478	0.03405	0.00160	0.00402	0.00597	0.00310	0.00478
27	0.00648	0.00652	0.06512	0.00656	0.00758	0.07205	0.02602	0.00761	0.00839	0.01084	0.08353	0.41644	0.06923	0.15639	0.00767	0.00195	0.00344	0.03725	0.00331	0.00362
28	0.02263	0.20073	0.13098	0.02974	0.06907	0.05475	0.05351	0.14648	0.06608	0.10328	0.00928	0.02312	0.00719	0.00526	0.02876	0.00137	0.03560	0.00351	0.00278	0.00587
29	0.04978	0.07752	0.03602	0.06955	0.08154	0.12728	0.03640	0.18376	0.02266	0.06531	0.03985	0.13745	0.01075	0.00634	0.02185	0.00139	0.01940	0.00476	0.00304	0.00535
30	0.03997	0.09513	0.01845	0.01535	0.03921	0.00702	0.00521	0.11650	0.01078	0.10954	0.13158	0.07341	0.10108	0.00626	0.00386	0.00119	0.00299	0.00515	0.21248	0.00485
31	0.04795	0.02735	0.07179	0.08878	0.14587	0.02955	0.04116	0.12441	0.07443	0.03568	0.07020	0.01491	0.07732	0.00617	0.02947	0.00147	0.06705	0.01852	0.00290	0.02501
32	0.01165	0.04792	0.04524	0.05450	0.06397	0.16051	0.02814	0.17804	0.14266	0.04902	0.03998	0.05183	0.00995	0.02463	0.01950	0.00139	0.00474	0.00419	0.05657	0.00555

[dist]
# distance from previous block
# <min> <max>
0	17

[block]
# block no. 3 follows, 65 sequences, length 12
# corresponding to MSA columns:
# 800-811
name=unknown_D
#
# <colnr> <probs for GDERKNQSTAVLIFYWHMCP>
#	G	D	E	R	K	N	Q	S	T	A	V	L	I	F	Y	W	H	M	C	P
0	0.00852	0.00651	0.00774	0.00751	0.07025	0.00630	0.00514	0.14107	0.05255	0.03757	0.05848	0.11130	0.16558	0.15614	0.00719	0.00170	0.00330	0.00593	0.00336	0.14384
1	0.02581	0.05149	0.07868	0.03681	0.16241	0.20033	0.00839	0.11433	0.08681	0.03649	0.01185	0.05024	0.06490	0.04786	0.00485	0.00137	0.00494	0.00421	0.00279	0.00544
2	0.03169	0.15271	0.28266	0.05214	0.06061	0.03145	0.05693	0.07327	0.03460	0.06637	0.04176	0.07944	0.00915	0.00493	0.00391	0.00125	0.00487	0.00409	0.00256	0.00561
3	0.00763	0.00574	0.03963	0.00799	0.07593	0.00517	0.00585	0.00934	0.02629	0.08923	0.08253	0.12810	0.07199	0.14158	0.07280	0.00233	0.00409	0.21615	0.00343	0.00418
4	0.00666	0.00439	0.00555	0.00602	0.04249	0.00417	0.00380	0.00736	0.00782	0.07071	0.06411	0.25791	0.11686	0.34550	0.03616	0.00263	0.00340	0.00768	0.00329	0.00347
5	0.02709	0.11751	0.06530	0.06467	0.03750	0.08419	0.06399	0.20509	0.05160	0.06785	0.02361	0.03718	0.02890	0.00634	0.04342	0.00152	0.04272	0.02297	0.00296	0.00558
6	0.05216	0.02521	0.04523	0.02968	0.05675	0.05025	0.02080	0.07389	0.02195	0.03857	0.12535	0.11742	0.19197	0.00917	0.06043	0.00172	0.05080	0.02083	0.00328	0.00453
7	0.00858	0.00587	0.00667	0.00630	0.00718	0.04718	0.00447	0.04946	0.03223	0.11901	0.01551	0.23578	0.03073	0.30675	0.05702	0.00264	0.05071	0.00672	0.00325	0.00395
8	0.00941	0.06554	0.20612	0.04919	0.09456	0.02350	0.04790	0.10425	0.02710	0.05227	0.07125	0.10630	0.03554	0.00675	0.02962	0.01469	0.02793	0.01992	0.00282	0.00534
9	0.01045	0.01038	0.04877	0.10803	0.28734	0.07529	0.08480	0.10062	0.12141	0.01445	0.00958	0.01179	0.00769	0.04680	0.00491	0.00139	0.00495	0.00392	0.04167	0.00577
10	0.00742	0.00545	0.00674	0.00688	0.04782	0.00580	0.00453	0.10411	0.04908	0.01143	0.01313	0.11037	0.01377	0.40432	0.18771	0.00368	0.00536	0.00580	0.00282	0.00377
11	0.02255	0.00976	0.02199	0.09155	0.21609	0.09921	0.04845	0.09470	0.05118	0.10046	0.02690	0.02828	0.06698	0.00488	0.00424	0.00122	0.02050	0.00415	0.00290	0.08399

[dist]
# distance from previous block
# <min> <max>
1	3

[block]
# block no. 4 follows, 65 sequences, length 13
# corresponding to MSA columns:
# 815-827
name=unknown_E
#
# <colnr> <probs for GDERKNQSTAVLIFYWHMCP>
#	G	D	E	R	K	N	Q	S	T	A	V	L	I	F	Y	W	H	M	C	P
0	0.00761	0.00602	0.00738	0.06555	0.05570	0.03830	0.00583	0.07713	0.03446	0.03550	0.03357	0.32993	0.11618	0.02933	0.00526	0.00159	0.00340	0.13948	0.00355	0.00424
1	0.05262	0.07881	0.13900	0.00819	0.02950	0.05903	0.00725	0.08204	0.07209	0.05402	0.04314	0.16542	0.08513	0.02675	0.00493	0.00143	0.03073	0.05181	0.00315	0.00495
2	0.04862	0.03223	0.02876	0.02947	0.05362	0.10674	0.00597	0.11129	0.06244	0.03035	0.04976	0.07486	0.18853	0.07066	0.06412	0.00185	0.00438	0.00545	0.00316	0.02774
3	0.00887	0.03381	0.03411	0.18441	0.04287	0.06970	0.00727	0.10489	0.04579	0.01316	0.06447	0.01635	0.03836	0.07797	0.13260	0.00231	0.02205	0.03253	0.06386	0.00462
4	0.00996	0.02178	0.03542	0.00922	0.08724	0.00815	0.01919	0.15119	0.07489	0.02734	0.00936	0.01098	0.01899	0.02650	0.04878	0.02925	0.05240	0.00340	0.00278	0.35318
5	0.00998	0.03008	0.03828	0.22371	0.12657	0.08845	0.05558	0.09250	0.05885	0.04389	0.01110	0.08723	0.03641	0.03839	0.00523	0.00144	0.03985	0.00462	0.00265	0.00518
6	0.00575	0.00540	0.05136	0.00546	0.00650	0.02940	0.00417	0.00685	0.00859	0.01108	0.12777	0.25392	0.27107	0.16022	0.03210	0.00205	0.00313	0.00822	0.00345	0.00350
7	0.00868	0.04028	0.01037	0.20866	0.12272	0.03248	0.01984	0.08222	0.00936	0.03387	0.05146	0.06730	0.07661	0.16010	0.00748	0.00178	0.02783	0.00505	0.00270	0.03120
8	0.11719	0.01926	0.00868	0.02923	0.02535	0.08159	0.04674	0.10235	0.03276	0.05478	0.08328	0.19996	0.03368	0.06654	0.02623	0.00164	0.00397	0.01835	0.00327	0.04515
9	0.06208	0.03844	0.01047	0.02553	0.10631	0.06816	0.04107	0.13383	0.05595	0.14623	0.03090	0.14513	0.06658	0.01968	0.00452	0.00137	0.00399	0.03088	0.00348	0.00539
10	0.03325	0.02641	0.04962	0.00784	0.07084	0.06108	0.00572	0.00893	0.02911	0.01264	0.20355	0.21620	0.09895	0.04260	0.03359	0.00169	0.02175	0.05817	0.01393	0.00414
11	0.03064	0.10507	0.05851	0.12572	0.05398	0.05419	0.14799	0.04964	0.03683	0.01253	0.04246	0.06836	0.08847	0.02128	0.03425	0.00156	0.02270	0.03836	0.00261	0.00487
12	0.02673	0.21433	0.26391	0.05693	0.06999	0.02794	0.07519	0.09942	0.00996	0.03394	0.00788	0.00977	0.00624	0.00406	0.00369	0.00117	0.00513	0.02401	0.00225	0.05749

[dist]
# distance from previous block
# <min> <max>
0	1

[block]
# block no. 5 follows, 65 sequences, length 17
# corresponding to MSA columns:
# 829-845
name=unknown_F
#
# <colnr> <probs for GDERKNQSTAVLIFYWHMCP>
#	G	D	E	R	K	N	Q	S	T	A	V	L	I	F	Y	W	H	M	C	P
0	0.00915	0.03048	0.04426	0.11562	0.10108	0.05231	0.27993	0.04819	0.02070	0.01248	0.01074	0.07777	0.03335	0.02475	0.03970	0.00166	0.05615	0.03421	0.00239	0.00507
1	0.03358	0.07794	0.02290	0.07728	0.07863	0.00921	0.10397	0.05688	0.07032	0.03294	0.06109	0.15514	0.03389	0.00691	0.01731	0.00150	0.14730	0.00543	0.00282	0.00495
2	0.06765	0.03038	0.05133	0.06415	0.09341	0.03003	0.12857	0.06946	0.00968	0.03782	0.03917	0.19573	0.13120	0.01758	0.00465	0.00141	0.00411	0.01589	0.00302	0.00477
3	0.00818	0.04264	0.02971	0.03426	0.04847	0.05461	0.01970	0.04324	0.03916	0.08054	0.04569	0.42573	0.05602	0.02792	0.02312	0.00162	0.00356	0.00797	0.00348	0.00439
4	0.00735	0.02847	0.04244	0.00725	0.03684	0.00551	0.03126	0.05661	0.03077	0.05829	0.04462	0.38663	0.13161	0.02583	0.05312	0.00179	0.00353	0.00806	0.00350	0.03653
5	0.01860	0.04510	0.05813	0.00934	0.08388	0.08251	0.04744	0.09288	0.05276	0.04597	0.04086	0.18179	0.14609	0.01756	0.04017	0.00160	0.02113	0.00614	0.00318	0.00486
6	0.01092	0.07897	0.08712	0.00952	0.04611	0.14499	0.07572	0.13673	0.02578	0.07272	0.02929	0.09566	0.05786	0.08532	0.02381	0.00162	0.00493	0.00486	0.00295	0.00513
7	0.00840	0.07439	0.05395	0.00739	0.05161	0.03239	0.00579	0.03829	0.03332	0.09327	0.20567	0.09282	0.16924	0.03303	0.02997	0.00157	0.00348	0.05723	0.00360	0.00459
8	0.01017	0.06107	0.10373	0.04962	0.28173	0.03751	0.05013	0.03160	0.06162	0.09885	0.02662	0.05167	0.05524	0.00653	0.05451	0.00159	0.00498	0.00440	0.00272	0.00571
9	0.03321	0.09185	0.08754	0.06506	0.08506	0.05006	0.06545	0.04264	0.05262	0.05967	0.05912	0.06924	0.08720	0.00759	0.06284	0.00169	0.06653	0.00479	0.00277	0.00506
10	0.03159	0.16420	0.38080	0.01217	0.12688	0.03959	0.04099	0.05019	0.02871	0.03906	0.00834	0.04468	0.00676	0.00430	0.00377	0.00122	0.00524	0.00347	0.00219	0.00585
11	0.00769	0.08835	0.06872	0.00760	0.06281	0.00685	0.00587	0.06799	0.07654	0.03073	0.08068	0.20392	0.23253	0.03508	0.00498	0.00144	0.00320	0.00699	0.00343	0.00458
12	0.01973	0.07958	0.08329	0.05010	0.04747	0.10230	0.05272	0.04669	0.04393	0.05396	0.12632	0.15486	0.09729	0.00685	0.00443	0.00132	0.01538	0.00582	0.00313	0.00482
13	0.00968	0.00900	0.06124	0.03118	0.05875	0.03830	0.16551	0.08456	0.07226	0.08350	0.01537	0.09569	0.11461	0.06784	0.01865	0.00165	0.05854	0.00551	0.00305	0.00511
14	0.03264	0.00769	0.07438	0.02905	0.08304	0.08665	0.00626	0.03410	0.00908	0.01197	0.05499	0.44063	0.08179	0.00931	0.00469	0.00147	0.00354	0.02124	0.00327	0.00420
15	0.00872	0.02386	0.14465	0.03087	0.09023	0.03022	0.10396	0.10737	0.03654	0.01356	0.01480	0.17847	0.09471	0.00759	0.03122	0.00157	0.05326	0.02046	0.00285	0.00508
16	0.00880	0.04621	0.08323	0.04451	0.08355	0.04524	0.15618	0.05347	0.05583	0.03678	0.06457	0.14407	0.10423	0.03340	0.00514	0.00144	0.01956	0.00587	0.00295	0.00497

[dist]
# distance from previous block
# <min> <max>
0	1

[block]
# block no. 6 follows, 65 sequences, length 9
# corresponding to MSA columns:
# 847-855
name=unknown_G
#
# <colnr> <probs for GDERKNQSTAVLIFYWHMCP>
#	G	D	E	R	K	N	Q	S	T	A	V	L	I	F	Y	W	H	M	C	P
0	0.00807	0.07572	0.04098	0.00734	0.04491	0.07379	0.00542	0.02653	0.03400	0.04456	0.05879	0.21646	0.06069	0.19083	0.02855	0.00207	0.02111	0.03676	0.01932	0.00409
1	0.02544	0.06910	0.09300	0.04048	0.03351	0.11519	0.05157	0.15989	0.05186	0.03613	0.02605	0.12154	0.06197	0.00687	0.03167	0.00147	0.03917	0.00492	0.02497	0.00520
2	0.02999	0.05323	0.06207	0.09028	0.09045	0.05671	0.08437	0.12278	0.04395	0.03772	0.02534	0.09169	0.03648	0.03855	0.05418	0.01849	0.03541	0.00473	0.01848	0.00510
3	0.00908	0.03626	0.01257	0.06826	0.11212	0.03252	0.16591	0.08509	0.02416	0.03881	0.04003	0.09866	0.07796	0.03826	0.06605	0.01903	0.02634	0.02373	0.02028	0.00489
4	0.06675	0.02939	0.02876	0.03808	0.11240	0.03615	0.09653	0.08078	0.09803	0.04385	0.03479	0.06385	0.02555	0.02216	0.03868	0.00156	0.04133	0.04133	0.02493	0.07512
5	0.08837	0.03486	0.06079	0.02630	0.09112	0.06616	0.09006	0.09575	0.05825	0.03068	0.02116	0.07679	0.00963	0.04863	0.03287	0.01155	0.05470	0.03259	0.00273	0.06704
6	0.03819	0.06475	0.07271	0.00797	0.03963	0.10072	0.02160	0.08827	0.04388	0.06865	0.08757	0.14020	0.12476	0.04380	0.00493	0.00140	0.00388	0.00572	0.01853	0.02284
7	0.00939	0.03533	0.17726	0.06768	0.09727	0.07036	0.04234	0.09868	0.04580	0.03538	0.04981	0.13434	0.07885	0.00623	0.00458	0.00134	0.03198	0.00525	0.00286	0.00525
8	0.02773	0.09761	0.19113	0.02365	0.07541	0.05613	0.10253	0.06661	0.00959	0.06748	0.02415	0.09150	0.02541	0.02311	0.03131	0.00154	0.05719	0.02002	0.00258	0.00532

[dist]
# distance from previous block
# <min> <max>
4	27

[block]
# block no. 7 follows, 65 sequences, length 8
# corresponding to MSA columns:
# 883-890
name=unknown_H
#
# <colnr> <probs for GDERKNQSTAVLIFYWHMCP>
#	G	D	E	R	K	N	Q	S	T	A	V	L	I	F	Y	W	H	M	C	P
0	0.04313	0.00783	0.00889	0.00787	0.03348	0.03320	0.00600	0.23088	0.07165	0.13160	0.09659	0.05708	0.07531	0.06136	0.08373	0.00198	0.03528	0.00508	0.00371	0.00533
1	0.08173	0.01019	0.05072	0.03930	0.02627	0.06001	0.02351	0.28233	0.07136	0.15583	0.04027	0.01174	0.00875	0.02568	0.02000	0.00143	0.04711	0.00380	0.00352	0.03645
2	0.01069	0.03894	0.08053	0.08949	0.17124	0.07631	0.05678	0.07423	0.08405	0.10229	0.03570	0.04000	0.04552	0.04622	0.00500	0.00142	0.00466	0.02845	0.00295	0.00555
3	0.00587	0.00423	0.00487	0.00496	0.00607	0.00375	0.00366	0.00693	0.00907	0.05640	0.08427	0.19093	0.46610	0.06066	0.03327	0.00177	0.00269	0.04706	0.00380	0.00363
4	0.03116	0.00747	0.03778	0.00758	0.04384	0.06559	0.00574	0.11282	0.05345	0.05630	0.09478	0.18287	0.13556	0.03465	0.03534	0.00166	0.00372	0.05496	0.03012	0.00462
5	0.00808	0.00695	0.05532	0.03694	0.00905	0.06580	0.04459	0.05275	0.00762	0.00994	0.00977	0.09384	0.00974	0.03987	0.08359	0.40102	0.02728	0.03228	0.00227	0.00329
6	0.01001	0.06820	0.06571	0.08237	0.04876	0.10112	0.04702	0.07352	0.03861	0.08808	0.03336	0.04482	0.09158	0.07815	0.04232	0.00175	0.00478	0.05266	0.02228	0.00490
7	0.00820	0.02288	0.00966	0.10551	0.18539	0.03495	0.00726	0.06074	0.00937	0.03275	0.05342	0.16016	0.11026	0.05617	0.06326	0.00190	0.02589	0.04466	0.00296	0.00462

[dist]
# distance from previous block
# <min> <max>
0	1

[block]
# block no. 8 follows, 65 sequences, length 17
# corresponding to MSA columns:
# 892-908
name=unknown_I
#
# <colnr> <probs for GDERKNQSTAVLIFYWHMCP>
#	G	D	E	R	K	N	Q	S	T	A	V	L	I	F	Y	W	H	M	C	P
0	0.00677	0.00449	0.00565	0.02407	0.00706	0.00420	0.00424	0.00828	0.03112	0.09160	0.18509	0.27333	0.21525	0.04589	0.03380	0.00175	0.00285	0.04670	0.00393	0.00394
1	0.02107	0.01067	0.14908	0.09252	0.16733	0.03665	0.08497	0.08617	0.06941	0.01389	0.03502	0.12018	0.05485	0.00580	0.00463	0.00136	0.03320	0.00509	0.00271	0.00540
2	0.01200	0.05786	0.02938	0.06681	0.20723	0.15666	0.00859	0.12366	0.04524	0.10806	0.02580	0.02984	0.02930	0.01703	0.04690	0.00153	0.02163	0.00392	0.00288	0.00568
3	0.03832	0.00913	0.01487	0.23930	0.35818	0.02288	0.08947	0.04428	0.00922	0.01299	0.03518	0.01087	0.00712	0.00432	0.00503	0.00133	0.08600	0.00383	0.00214	0.00553
4	0.00601	0.00430	0.00517	0.00541	0.00635	0.00395	0.00390	0.02470	0.02943	0.04743	0.11566	0.41562	0.27985	0.01088	0.00498	0.00151	0.00238	0.02473	0.00396	0.00376
5	0.01141	0.20452	0.13682	0.03218	0.09665	0.13996	0.07994	0.09915	0.03059	0.05006	0.00877	0.04211	0.00738	0.00460	0.00397	0.00120	0.01803	0.02461	0.00246	0.00560
6	0.00835	0.01672	0.02845	0.05320	0.09979	0.09117	0.04374	0.03288	0.03301	0.03293	0.01422	0.10496	0.06651	0.25288	0.06635	0.00247	0.00486	0.04058	0.00275	0.00419
7	0.00576	0.00446	0.00575	0.00633	0.04302	0.00438	0.00432	0.02737	0.00840	0.01106	0.06033	0.27774	0.25060	0.07251	0.19567	0.00282	0.00451	0.00802	0.00332	0.00365
8	0.00806	0.04617	0.00896	0.10712	0.05059	0.00707	0.02382	0.07997	0.12081	0.02963	0.10580	0.22606	0.07990	0.02418	0.00491	0.00148	0.00344	0.06385	0.00350	0.00467
9	0.01102	0.11718	0.08281	0.07955	0.08887	0.06490	0.12649	0.18534	0.06328	0.03294	0.02795	0.04673	0.01768	0.03176	0.00459	0.00133	0.00499	0.00416	0.00278	0.00566
10	0.02313	0.05996	0.08002	0.17399	0.12380	0.08259	0.07468	0.08118	0.01935	0.01270	0.03097	0.01189	0.02053	0.03005	0.10348	0.00198	0.05846	0.00385	0.00229	0.00511
11	0.00561	0.00399	0.00513	0.00579	0.00636	0.00379	0.00416	0.02474	0.00873	0.01174	0.08068	0.57821	0.08463	0.01163	0.00510	0.00161	0.00253	0.10912	0.04290	0.00354
12	0.03494	0.05229	0.36980	0.05659	0.06837	0.01935	0.09413	0.06404	0.06596	0.01385	0.02067	0.01061	0.00696	0.00495	0.02499	0.00142	0.03495	0.01587	0.00226	0.03801
13	0.00898	0.02956	0.00871	0.05303	0.09483	0.05446	0.00621	0.09727	0.05384	0.07548	0.07341	0.23102	0.13729	0.00848	0.02027	0.00149	0.00364	0.03371	0.00353	0.00478
14	0.00608	0.00419	0.00523	0.00545	0.00630	0.00384	0.00393	0.02071	0.00942	0.05234	0.21140	0.39228	0.19014	0.03299	0.00542	0.00157	0.00240	0.03858	0.00400	0.00372
15	0.00566	0.00440	0.00505	0.00565	0.00604	0.03868	0.00380	0.00637	0.00800	0.01040	0.05914	0.58190	0.06802	0.14949	0.00770	0.00199	0.00285	0.02800	0.00356	0.00330
16	0.70027	0.04591	0.00714	0.00581	0.00833	0.00950	0.00479	0.03935	0.08208	0.01803	0.00718	0.00792	0.00556	0.00404	0.00276	0.00125	0.00323	0.00256	0.03957	0.00473

[dist]
# distance from previous block
# <min> <max>
0	1

[block]
# block no. 9 follows, 65 sequences, length 12
# corresponding to MSA columns:
# 910-921
name=unknown_J
#
# <colnr> <probs for GDERKNQSTAVLIFYWHMCP>
#	G	D	E	R	K	N	Q	S	T	A	V	L	I	F	Y	W	H	M	C	P
0	0.06437	0.20306	0.04891	0.01113	0.10747	0.33133	0.02425	0.09495	0.01088	0.04273	0.00710	0.00814	0.00574	0.00410	0.00370	0.00110	0.02041	0.00287	0.00234	0.00543
1	0.00686	0.00363	0.00521	0.00521	0.00537	0.00355	0.00351	0.00541	0.00581	0.00759	0.01115	0.01563	0.10285	0.01381	0.01474	0.77811	0.00339	0.00416	0.00202	0.00198
2	0.02445	0.04046	0.10026	0.07357	0.11324	0.12675	0.04501	0.11675	0.02985	0.05108	0.02442	0.01593	0.13056	0.02818	0.00456	0.00132	0.00473	0.02873	0.00283	0.03734
3	0.01120	0.26816	0.09364	0.03110	0.10664	0.11321	0.07139	0.12466	0.03707	0.01330	0.00823	0.05349	0.00713	0.00457	0.00409	0.00118	0.03942	0.00358	0.00237	0.00557
4	0.11063	0.00685	0.00793	0.00724	0.00884	0.00788	0.00568	0.11587	0.20256	0.01447	0.01181	0.03366	0.01015	0.04671	0.36826	0.00373	0.02559	0.00432	0.00299	0.00483
5	0.01171	0.01008	0.04224	0.00818	0.01093	0.10516	0.00675	0.24177	0.06434	0.07670	0.02389	0.08811	0.01021	0.00558	0.00427	0.00117	0.02855	0.04504	0.00336	0.21197
6	0.00829	0.13273	0.46088	0.00979	0.03863	0.00928	0.01092	0.03253	0.03848	0.01294	0.06048	0.03633	0.10110	0.00534	0.00399	0.00127	0.00481	0.02436	0.00240	0.00546
7	0.73795	0.00743	0.00603	0.00539	0.00767	0.00844	0.00430	0.01176	0.00711	0.05893	0.00709	0.00940	0.00596	0.10316	0.00476	0.00159	0.00329	0.00276	0.00266	0.00435
8	0.03300	0.02818	0.02639	0.09042	0.18118	0.02232	0.12661	0.13200	0.04203	0.07677	0.03235	0.12949	0.01079	0.00569	0.00462	0.00135	0.03037	0.01788	0.00298	0.00556
9	0.01042	0.02378	0.09531	0.11630	0.25795	0.10601	0.03800	0.08335	0.06118	0.03665	0.04282	0.02292	0.04516	0.01739	0.00458	0.00131	0.02460	0.00408	0.00259	0.00563
10	0.00504	0.00401	0.00441	0.00462	0.00559	0.00350	0.00328	0.00597	0.00886	0.01102	0.08334	0.23350	0.51987	0.08055	0.00627	0.00166	0.00230	0.00909	0.00375	0.00338
11	0.00958	0.11575	0.09191	0.05233	0.05388	0.02062	0.05782	0.17688	0.01092	0.01471	0.10581	0.03477	0.03565	0.04010	0.07719	0.00186	0.04942	0.04281	0.00288	0.00512

[dist]
# distance from previous block
# <min> <max>
0	2

[block]
# block no. 10 follows, 65 sequences, length 21
# corresponding to MSA columns:
# 924-944
name=unknown_K
#
# <colnr> <probs for GDERKNQSTAVLIFYWHMCP>
#	G	D	E	R	K	N	Q	S	T	A	V	L	I	F	Y	W	H	M	C	P
0	0.04304	0.03543	0.04224	0.00989	0.06622	0.11372	0.03257	0.16083	0.17342	0.12506	0.02835	0.04378	0.00995	0.03477	0.00511	0.00140	0.04532	0.01967	0.00341	0.00582
1	0.02206	0.05432	0.26361	0.06380	0.20500	0.00942	0.03441	0.08976	0.05226	0.03302	0.04273	0.04917	0.00870	0.00461	0.00399	0.00125	0.00479	0.00395	0.01700	0.03615
2	0.00701	0.00493	0.00547	0.00534	0.00659	0.00487	0.00406	0.04015	0.09271	0.03167	0.05562	0.07749	0.28609	0.07474	0.04313	0.00178	0.00299	0.07109	0.18024	0.00403
3	0.01087	0.03668	0.10685	0.05148	0.04037	0.11641	0.03128	0.21556	0.08587	0.03435	0.06206	0.08540	0.07321	0.01621	0.00443	0.00133	0.00452	0.01444	0.00324	0.00546
4	0.01087	0.04276	0.03373	0.02121	0.09048	0.07320	0.06577	0.21531	0.10611	0.04675	0.07362	0.12253	0.03746	0.03552	0.00487	0.00140	0.00425	0.00528	0.00339	0.00551
5	0.00545	0.00416	0.00539	0.00557	0.00626	0.00387	0.03162	0.00631	0.00811	0.01050	0.05299	0.36731	0.22588	0.17922	0.02709	0.00215	0.00303	0.04828	0.00348	0.00332
6	0.00758	0.04695	0.10610	0.12807	0.11889	0.02381	0.02112	0.02484	0.05542	0.01213	0.03389	0.21348	0.12946	0.00753	0.00449	0.00141	0.00396	0.05323	0.00294	0.00470
7	0.01093	0.04914	0.12917	0.02425	0.22095	0.04847	0.10522	0.14672	0.06122	0.05917	0.04875	0.01287	0.05522	0.00470	0.00415	0.00126	0.00486	0.00415	0.00284	0.00598
8	0.02858	0.06394	0.09138	0.08883	0.29198	0.04310	0.00985	0.14476	0.06210	0.01494	0.02610	0.04659	0.03563	0.00495	0.00415	0.00127	0.01332	0.02005	0.00267	0.00582
9	0.00711	0.00550	0.00640	0.00683	0.02996	0.03033	0.00472	0.05150	0.11406	0.03037	0.03853	0.48912	0.06233	0.07576	0.00613	0.00173	0.00298	0.02879	0.00371	0.00411
10	0.03518	0.38181	0.01527	0.02402	0.03380	0.27497	0.00719	0.04652	0.02843	0.01149	0.06922	0.00952	0.00825	0.00518	0.03226	0.00122	0.00537	0.00300	0.00228	0.00504
11	0.00889	0.00745	0.04366	0.00669	0.00917	0.00665	0.00543	0.07563	0.18625	0.05519	0.03852	0.09439	0.11855	0.04875	0.00484	0.00129	0.00316	0.00514	0.02715	0.25319
12	0.01062	0.24596	0.09164	0.02843	0.10832	0.08725	0.15798	0.05571	0.05044	0.02403	0.03467	0.03097	0.00776	0.00433	0.00409	0.00118	0.03029	0.00368	0.00232	0.02033
13	0.03996	0.13483	0.09554	0.02324	0.11387	0.09191	0.05712	0.04614	0.08951	0.09147	0.02725	0.05715	0.04040	0.00564	0.02616	0.00134	0.00472	0.00411	0.00281	0.04683
14	0.00772	0.00542	0.03117	0.02836	0.01942	0.00476	0.00476	0.04515	0.01002	0.12232	0.16883	0.20354	0.25615	0.02059	0.02799	0.00157	0.00293	0.00760	0.02740	0.00429
15	0.00637	0.00457	0.00560	0.00552	0.00607	0.00474	0.00382	0.05116	0.00784	0.01059	0.08026	0.11353	0.07325	0.40079	0.15693	0.00352	0.02010	0.03909	0.00296	0.00330
16	0.04045	0.10274	0.22769	0.03324	0.07071	0.04251	0.07120	0.14104	0.04117	0.02575	0.01047	0.12241	0.01915	0.00543	0.00430	0.00130	0.02769	0.00452	0.00265	0.00556
17	0.01178	0.07743	0.10361	0.04415	0.09431	0.15956	0.10059	0.13951	0.08579	0.05048	0.04009	0.01067	0.00794	0.00458	0.00453	0.00125	0.05158	0.00369	0.00273	0.00575
18	0.00739	0.00426	0.00562	0.00557	0.00568	0.03789	0.00376	0.00588	0.00566	0.00735	0.00738	0.01280	0.00738	0.03909	0.04045	0.79244	0.00396	0.00362	0.00183	0.00198
19	0.00591	0.00446	0.00565	0.00641	0.05326	0.00421	0.00422	0.03368	0.00907	0.01215	0.13577	0.38582	0.20017	0.05976	0.02318	0.00172	0.00272	0.00890	0.03922	0.00372
20	0.03758	0.13415	0.05661	0.04410	0.06928	0.12854	0.05401	0.15896	0.11760	0.03991	0.04278	0.02580	0.00902	0.00574	0.02936	0.01573	0.00498	0.01737	0.00291	0.00559

[dist]
# distance from previous block
# <min> <max>
10	14

[block]
# block no. 11 follows, 65 sequences, length 6
# corresponding to MSA columns:
# 959-964
name=unknown_L
#
# <colnr> <probs for GDERKNQSTAVLIFYWHMCP>
#	G	D	E	R	K	N	Q	S	T	A	V	L	I	F	Y	W	H	M	C	P
0	0.05497	0.00614	0.05900	0.03654	0.04811	0.00514	0.03832	0.00795	0.00898	0.01239	0.15206	0.14852	0.26915	0.08137	0.00599	0.00160	0.00310	0.02332	0.00333	0.03403
1	0.00825	0.00717	0.05922	0.00727	0.04098	0.05194	0.00543	0.08340	0.04260	0.06373	0.09898	0.24922	0.09470	0.15936	0.00752	0.00186	0.00351	0.00709	0.00347	0.00432
2	0.04911	0.02580	0.06388	0.07838	0.26555	0.05531	0.04275	0.06583	0.03384	0.01408	0.12896	0.04393	0.06422	0.00656	0.04285	0.00152	0.00466	0.00472	0.00277	0.00529
3	0.00680	0.04565	0.03261	0.05522	0.00916	0.02824	0.03244	0.00885	0.06030	0.01168	0.07538	0.13297	0.29421	0.05555	0.00593	0.00154	0.04414	0.05200	0.00327	0.04407
4	0.00857	0.00790	0.06500	0.00951	0.12547	0.02231	0.00676	0.12393	0.04827	0.03302	0.11234	0.11501	0.15632	0.04340	0.05381	0.00175	0.03245	0.00599	0.00331	0.02489
5	0.05349	0.03029	0.13526	0.11818	0.09320	0.11347	0.02314	0.06601	0.05745	0.05298	0.01234	0.02606	0.09587	0.01696	0.00451	0.00129	0.03316	0.00407	0.01645	0.04580

[dist]
# distance from previous block
# <min> <max>
0	13

[block]
# block no. 12 follows, 65 sequences, length 27
# corresponding to MSA columns:
# 978-1004
name=unknown_M
#
# <colnr> <probs for GDERKNQSTAVLIFYWHMCP>
#	G	D	E	R	K	N	Q	S	T	A	V	L	I	F	Y	W	H	M	C	P
0	0.18852	0.17617	0.09257	0.00962	0.07163	0.14834	0.02784	0.11549	0.04087	0.03473	0.00753	0.00854	0.00596	0.01339	0.00357	0.00116	0.00479	0.00291	0.00251	0.04382
1	0.05409	0.10841	0.07871	0.13816	0.07092	0.05502	0.03492	0.10451	0.05770	0.02446	0.03238	0.02655	0.04223	0.03107	0.02825	0.00148	0.03749	0.01844	0.02310	0.03211
2	0.00644	0.00529	0.02024	0.04922	0.00802	0.03013	0.00485	0.02694	0.00763	0.01035	0.03551	0.21967	0.03655	0.17139	0.29534	0.01534	0.00609	0.00640	0.00276	0.04183
3	0.07828	0.16489	0.24938	0.04239	0.10349	0.03079	0.08502	0.05240	0.04845	0.06578	0.02091	0.01020	0.02231	0.00417	0.00375	0.00122	0.00499	0.00342	0.00240	0.00575
4	0.00525	0.00389	0.00490	0.00540	0.00600	0.00362	0.00381	0.00623	0.00853	0.01123	0.12272	0.46294	0.18582	0.06206	0.04433	0.00194	0.00283	0.05136	0.00374	0.00341
5	0.01077	0.05836	0.09287	0.01136	0.13704	0.04691	0.05458	0.15301	0.05545	0.08336	0.03018	0.08613	0.05358	0.04691	0.00560	0.00145	0.05907	0.00479	0.00304	0.00556
6	0.00622	0.00462	0.00568	0.00548	0.00655	0.00439	0.00411	0.05490	0.02600	0.01516	0.49713	0.16192	0.15200	0.00923	0.00487	0.00138	0.00226	0.02991	0.00425	0.00395
7	0.01461	0.01712	0.01135	0.01045	0.03520	0.65174	0.00774	0.06498	0.07186	0.03893	0.00876	0.00940	0.03105	0.00457	0.00382	0.00111	0.00656	0.00311	0.00254	0.00511
8	0.05839	0.00472	0.00534	0.00521	0.00579	0.00480	0.00343	0.05754	0.00763	0.03114	0.03732	0.13518	0.03690	0.49875	0.02944	0.02721	0.00370	0.02342	0.02085	0.00323
9	0.01184	0.48766	0.09557	0.00848	0.01182	0.18878	0.00804	0.07170	0.00981	0.01136	0.00634	0.00733	0.00542	0.00390	0.00343	0.00100	0.03111	0.00253	0.00202	0.03185
10	0.00881	0.03308	0.04218	0.04200	0.01061	0.02311	0.08144	0.12771	0.06811	0.02421	0.04031	0.06142	0.05970	0.19237	0.06113	0.00218	0.00458	0.02371	0.00297	0.09036
11	0.02522	0.08113	0.13026	0.01011	0.03574	0.12962	0.09369	0.16599	0.05632	0.10219	0.05865	0.02847	0.01619	0.03067	0.00456	0.00132	0.00497	0.01615	0.00306	0.00569
12	0.03270	0.08100	0.00870	0.00832	0.09561	0.03848	0.00565	0.06388	0.03312	0.03727	0.07159	0.26670	0.09012	0.06892	0.00593	0.02127	0.00342	0.05965	0.00331	0.00436
13	0.09903	0.03188	0.00674	0.01700	0.02318	0.02857	0.00468	0.00991	0.07451	0.08300	0.06931	0.23408	0.16837	0.06758	0.04007	0.00181	0.00334	0.02918	0.00353	0.00422
14	0.05178	0.11123	0.18368	0.00969	0.01303	0.05508	0.10199	0.09747	0.12392	0.06263	0.04901	0.02294	0.01793	0.00629	0.05323	0.00158	0.02616	0.00392	0.00283	0.00562
15	0.01460	0.00516	0.00612	0.00586	0.00696	0.02370	0.03078	0.04680	0.02398	0.05640	0.05649	0.27631	0.22700	0.14699	0.02585	0.00197	0.00317	0.00796	0.03006	0.00382
16	0.04081	0.00524	0.00620	0.02612	0.00722	0.00556	0.00428	0.06441	0.05921	0.01143	0.01528	0.05604	0.09704	0.30750	0.22526	0.00359	0.00544	0.00548	0.02553	0.02837
17	0.01056	0.05756	0.07248	0.10585	0.34711	0.06716	0.06507	0.08949	0.04120	0.03051	0.00960	0.01129	0.04184	0.00435	0.00431	0.00125	0.02829	0.00381	0.00239	0.00588
18	0.01009	0.09819	0.35193	0.01223	0.03657	0.10461	0.19543	0.03274	0.06625	0.02184	0.00825	0.00961	0.00621	0.00397	0.00398	0.00125	0.00587	0.00349	0.02175	0.00574
19	0.05119	0.00508	0.03102	0.00571	0.00686	0.00454	0.00438	0.01902	0.03242	0.05290	0.29350	0.27540	0.11294	0.05686	0.00568	0.00158	0.00259	0.03043	0.00392	0.00395
20	0.03553	0.00892	0.05853	0.40074	0.11489	0.07074	0.02744	0.02134	0.03016	0.02596	0.04156	0.05830	0.07848	0.00525	0.00418	0.00133	0.00486	0.00455	0.00241	0.00485
21	0.01143	0.05698	0.03949	0.05119	0.06055	0.24001	0.09197	0.07012	0.02895	0.06335	0.02912	0.03148	0.02880	0.04985	0.01725	0.00144	0.05164	0.00399	0.06737	0.00503
22	0.00514	0.00371	0.00479	0.00551	0.00585	0.00352	0.00369	0.00585	0.00772	0.01021	0.02255	0.64869	0.09308	0.10143	0.05581	0.00217	0.00303	0.01039	0.00358	0.00328
23	0.01747	0.03393	0.01126	0.09106	0.08950	0.02436	0.08464	0.14711	0.11781	0.02866	0.01535	0.10144	0.09433	0.00696	0.02330	0.00148	0.01795	0.05264	0.03551	0.00523
24	0.03913	0.00857	0.00861	0.00838	0.05690	0.15539	0.00595	0.11755	0.00957	0.05509	0.01132	0.05705	0.04788	0.08669	0.14290	0.14112	0.03652	0.00441	0.00270	0.00427
25	0.00705	0.00521	0.00730	0.00723	0.00834	0.02052	0.06429	0.02671	0.00905	0.05979	0.02138	0.37493	0.08818	0.02255	0.03483	0.00184	0.00361	0.22958	0.00365	0.00396
26	0.62864	0.04157	0.01994	0.00768	0.04989	0.02702	0.05304	0.03442	0.03091	0.05264	0.00687	0.00782	0.00527	0.00396	0.00311	0.00127	0.01575	0.00268	0.00263	0.00491

[dist]
# distance from previous block
# <min> <max>
2	9

[block]
# block no. 13 follows, 65 sequences, length 37
# corresponding to MSA columns:
# 1014-1050
name=unknown_N
#
# <colnr> <probs for GDERKNQSTAVLIFYWHMCP>
#	G	D	E	R	K	N	Q	S	T	A	V	L	I	F	Y	W	H	M	C	P
0	0.01175	0.03087	0.01147	0.05564	0.01224	0.03883	0.04225	0.32081	0.07669	0.05842	0.04837	0.04984	0.02598	0.02299	0.00603	0.00144	0.13258	0.04475	0.00342	0.00563
1	0.03079	0.09405	0.07504	0.00909	0.02039	0.14202	0.00776	0.18974	0.07716	0.08270	0.01036	0.03325	0.02439	0.02395	0.00547	0.00134	0.11227	0.02421	0.00301	0.03301
2	0.04720	0.00484	0.00515	0.00521	0.00626	0.03007	0.00380	0.00746	0.03470	0.01256	0.21588	0.20955	0.31840	0.05766	0.00569	0.00157	0.00251	0.02404	0.00380	0.00366
