[name]
unknown

[dist]
# distance from previous block
# <min> <max>
39	1435

[block]
# block no. 0 follows, 56 sequences, length 30
# corresponding to MSA columns:
# 2298-2327
name=unknown_A
#
# <colnr> <probs for GDERKNQSTAVLIFYWHMCP>
#	G	D	E	R	K	N	Q	S	T	A	V	L	I	F	Y	W	H	M	C	P
0	0.01107	0.01090	0.02898	0.06695	0.68857	0.03056	0.01334	0.01373	0.01035	0.01461	0.00918	0.04206	0.00801	0.00450	0.00455	0.00137	0.00542	0.00435	0.00234	0.02914
1	0.00600	0.00475	0.00572	0.00609	0.03217	0.00423	0.00425	0.00749	0.01101	0.01437	0.29602	0.18297	0.38610	0.01114	0.00547	0.00157	0.00243	0.00965	0.00446	0.00411
2	0.01485	0.01138	0.01241	0.04723	0.01409	0.01279	0.00831	0.44759	0.31607	0.04470	0.01398	0.01351	0.01017	0.00575	0.00462	0.00145	0.00453	0.00454	0.00453	0.00748
3	0.00640	0.00441	0.00514	0.00529	0.00553	0.00428	0.00322	0.00680	0.00784	0.01045	0.08975	0.16910	0.06960	0.57258	0.01766	0.00356	0.00381	0.00810	0.00333	0.00315
4	0.00558	0.00405	0.00527	0.00624	0.00662	0.00374	0.00419	0.00641	0.00894	0.01178	0.02721	0.76433	0.10046	0.01413	0.00582	0.00184	0.00263	0.01275	0.00426	0.00374
5	0.03320	0.01123	0.01324	0.01002	0.01377	0.01157	0.05511	0.48365	0.02885	0.12762	0.01136	0.01146	0.00808	0.00505	0.00440	0.00128	0.00473	0.00401	0.00424	0.15714
6	0.00927	0.00902	0.01403	0.71087	0.07524	0.04727	0.01254	0.01214	0.00934	0.01187	0.00805	0.01192	0.00617	0.00471	0.00499	0.00152	0.03972	0.00403	0.00207	0.00523
7	0.01200	0.76875	0.09434	0.00832	0.01250	0.01750	0.00866	0.01382	0.00936	0.01113	0.00655	0.00757	0.00588	0.00397	0.00307	0.00102	0.00508	0.00254	0.00196	0.00597
8	0.00614	0.00442	0.00554	0.00608	0.00687	0.00404	0.00435	0.00730	0.00990	0.02871	0.13244	0.45325	0.20836	0.03235	0.00613	0.00181	0.00271	0.07130	0.00436	0.00394
9	0.01835	0.00989	0.01185	0.00919	0.01263	0.01003	0.00757	0.36665	0.01657	0.41434	0.01459	0.01371	0.00978	0.00734	0.05380	0.00176	0.00492	0.00442	0.00500	0.00759
10	0.01078	0.01220	0.02609	0.01879	0.02308	0.01180	0.73335	0.01443	0.01054	0.01443	0.00904	0.01220	0.00689	0.00419	0.00616	0.00158	0.07074	0.00531	0.00230	0.00610
11	0.01034	0.01220	0.06542	0.06675	0.02276	0.01126	0.62457	0.01393	0.01036	0.01417	0.00971	0.04957	0.00787	0.00466	0.00589	0.00158	0.05513	0.00550	0.00236	0.00598
12	0.00656	0.00447	0.00498	0.00498	0.00511	0.00440	0.00285	0.00667	0.00702	0.00922	0.01735	0.03132	0.08802	0.76412	0.02175	0.00419	0.00426	0.00695	0.00292	0.00288
13	0.71032	0.01091	0.10290	0.00718	0.01055	0.01061	0.00665	0.06737	0.00898	0.02045	0.00693	0.00797	0.00527	0.00436	0.00314	0.00142	0.00404	0.00271	0.00285	0.00538
14	0.00543	0.00465	0.00465	0.00465	0.00620	0.00388	0.00349	0.00659	0.01046	0.01240	0.04651	0.04418	0.80815	0.01163	0.00543	0.00155	0.00233	0.00969	0.00426	0.00388
15	0.01715	0.02188	0.01301	0.01183	0.01419	0.82022	0.00887	0.01833	0.01301	0.01124	0.00710	0.00828	0.00591	0.00473	0.00414	0.00118	0.00828	0.00296	0.00237	0.00532
16	0.00569	0.00404	0.00530	0.00627	0.00651	0.00379	0.00413	0.00642	0.00860	0.01147	0.02433	0.76306	0.02913	0.08867	0.00744	0.00210	0.00282	0.01248	0.00413	0.00364
17	0.01004	0.01004	0.01406	0.01205	0.01205	0.01406	0.01004	0.01105	0.00703	0.01105	0.00603	0.01004	0.00603	0.00804	0.01507	0.00201	0.83025	0.00402	0.00201	0.00502
18	0.00947	0.00668	0.00834	0.00829	0.00997	0.00686	0.00698	0.11059	0.08360	0.05567	0.09465	0.03963	0.07572	0.01048	0.00574	0.00184	0.00395	0.45196	0.00446	0.00512
19	0.00658	0.00455	0.00565	0.00572	0.00595	0.00475	0.00365	0.00706	0.00699	0.00953	0.01452	0.07365	0.01610	0.57746	0.23378	0.00508	0.00643	0.00658	0.00278	0.00319
20	0.06703	0.01450	0.01268	0.01032	0.01350	0.24111	0.00826	0.43531	0.01733	0.10229	0.02705	0.01099	0.00821	0.00532	0.00438	0.00133	0.00570	0.00384	0.00398	0.00687
21	0.02908	0.08971	0.01581	0.01175	0.01477	0.27719	0.11568	0.24571	0.01429	0.04500	0.00935	0.03541	0.00755	0.00532	0.00515	0.00136	0.06346	0.00403	0.00314	0.00624
22	0.00605	0.02194	0.00618	0.00657	0.00710	0.00450	0.00466	0.00712	0.00880	0.01186	0.06241	0.56253	0.04209	0.04232	0.15016	0.00288	0.00449	0.04059	0.00389	0.00386
23	0.09288	0.02624	0.01255	0.00963	0.01314	0.01290	0.00791	0.55046	0.11116	0.02548	0.01118	0.01123	0.00816	0.00527	0.00431	0.00133	0.00460	0.00396	0.00423	0.08338
24	0.00856	0.21809	0.13247	0.00754	0.01027	0.00907	0.00723	0.01150	0.04743	0.01584	0.43549	0.02323	0.04159	0.00716	0.00460	0.00134	0.00362	0.00598	0.00378	0.00522
25	0.01045	0.09623	0.39333	0.02727	0.05471	0.04306	0.01227	0.02560	0.01908	0.05652	0.01971	0.01563	0.00948	0.00552	0.00456	0.00141	0.01553	0.10317	0.00265	0.08383
26	0.01031	0.17816	0.54368	0.02898	0.04731	0.01207	0.05132	0.01451	0.00976	0.03855	0.00822	0.00968	0.00612	0.00435	0.00433	0.00137	0.01923	0.00340	0.00209	0.00657
27	0.00598	0.00428	0.00528	0.00576	0.00621	0.00401	0.00380	0.00679	0.00898	0.01196	0.13021	0.43421	0.11053	0.22823	0.01032	0.00245	0.00303	0.01040	0.00398	0.00358
28	0.00632	0.00467	0.00589	0.00562	0.00675	0.00425	0.00420	0.00830	0.01252	0.01736	0.67564	0.05312	0.15863	0.00983	0.00543	0.00147	0.00220	0.00861	0.00492	0.00425
29	0.03983	0.08521	0.03901	0.01189	0.13636	0.02163	0.02420	0.21983	0.04279	0.05174	0.01569	0.16110	0.05654	0.00744	0.00492	0.00150	0.01692	0.05358	0.00368	0.00614

[dist]
# distance from previous block
# <min> <max>
0	1

[block]
# block no. 1 follows, 56 sequences, length 37
# corresponding to MSA columns:
# 2329-2365
name=unknown_B
#
# <colnr> <probs for GDERKNQSTAVLIFYWHMCP>
#	G	D	E	R	K	N	Q	S	T	A	V	L	I	F	Y	W	H	M	C	P
0	0.00629	0.00587	0.05738	0.00591	0.00747	0.00457	0.00487	0.00828	0.01181	0.01597	0.48163	0.06749	0.28558	0.00998	0.00537	0.00150	0.00253	0.00862	0.00457	0.00432
1	0.00566	0.00407	0.00538	0.00637	0.00672	0.00379	0.00432	0.00655	0.00902	0.01200	0.05062	0.76559	0.05588	0.01409	0.00584	0.00185	0.00268	0.03153	0.00429	0.00376
2	0.01073	0.01108	0.03726	0.31639	0.18490	0.13010	0.01124	0.03565	0.02781	0.01335	0.01004	0.03751	0.00873	0.00561	0.00530	0.00150	0.06000	0.05377	0.03340	0.00563
3	0.00913	0.00483	0.00489	0.00468	0.00592	0.00492	0.00356	0.06086	0.01039	0.01787	0.01472	0.01673	0.01151	0.00536	0.00330	0.00109	0.00233	0.00427	0.80914	0.00450
4	0.01175	0.55872	0.12805	0.00894	0.01277	0.03200	0.00907	0.05945	0.01026	0.01288	0.05817	0.00981	0.00840	0.00471	0.00420	0.00117	0.05822	0.00317	0.00232	0.00596
5	0.01287	0.11053	0.01532	0.18439	0.12166	0.11319	0.03794	0.14801	0.01215	0.06333	0.00906	0.01094	0.00707	0.00568	0.03112	0.00151	0.03839	0.00376	0.00283	0.07025
6	0.01127	0.47386	0.26914	0.06243	0.01601	0.05185	0.03209	0.01410	0.00964	0.01215	0.00718	0.00858	0.00591	0.00414	0.00361	0.00119	0.00580	0.00295	0.00199	0.00610
7	0.00612	0.00482	0.00562	0.05767	0.00770	0.00449	0.00411	0.00733	0.00997	0.01272	0.18369	0.06355	0.40656	0.19481	0.00938	0.00218	0.00302	0.00850	0.00394	0.00379
8	0.00607	0.00456	0.00568	0.00619	0.00702	0.00425	0.00449	0.00768	0.03385	0.01352	0.17591	0.42301	0.19525	0.01247	0.00569	0.00173	0.00267	0.08152	0.00442	0.00402
9	0.02705	0.01473	0.16621	0.06742	0.09372	0.11300	0.23678	0.09010	0.06834	0.01578	0.01012	0.01316	0.00802	0.00492	0.00489	0.00148	0.01549	0.03972	0.00271	0.00633
10	0.01605	0.01899	0.01241	0.01118	0.01363	0.62690	0.00846	0.04581	0.14756	0.02724	0.01006	0.01062	0.02101	0.00515	0.00428	0.00126	0.00720	0.00352	0.00292	0.00576
11	0.00946	0.00824	0.01218	0.00944	0.01231	0.00774	0.15702	0.04284	0.05425	0.04148	0.16581	0.02015	0.12239	0.00638	0.00544	0.00130	0.06363	0.00558	0.00352	0.25083
12	0.04075	0.01250	0.01279	0.03345	0.01383	0.09001	0.00838	0.53754	0.03123	0.06995	0.06174	0.01251	0.01000	0.00574	0.00497	0.00140	0.03761	0.00428	0.00425	0.00707
13	0.00652	0.00467	0.00595	0.00574	0.00684	0.00426	0.00426	0.00842	0.01227	0.03053	0.62275	0.11405	0.13641	0.01009	0.00545	0.00150	0.00226	0.00888	0.00489	0.00428
14	0.00563	0.00419	0.00524	0.00597	0.00658	0.00381	0.00410	0.00660	0.00946	0.01236	0.08811	0.60711	0.19726	0.01342	0.00573	0.00177	0.00255	0.01198	0.00432	0.00381
15	0.03841	0.06628	0.66885	0.01401	0.09467	0.01108	0.01579	0.01442	0.00968	0.01458	0.00811	0.00965	0.00593	0.00431	0.00425	0.00142	0.00645	0.00338	0.00200	0.00672
16	0.00668	0.00445	0.00501	0.00501	0.00501	0.00445	0.00278	0.00668	0.00668	0.00890	0.01447	0.03004	0.01669	0.83866	0.02337	0.00445	0.00445	0.00668	0.00278	0.00278
17	0.00631	0.00429	0.00512	0.00548	0.00557	0.00420	0.00329	0.00658	0.00740	0.00987	0.01818	0.30581	0.02137	0.55650	0.01737	0.00357	0.00384	0.00886	0.00329	0.00311
18	0.09768	0.01299	0.01042	0.00906	0.01152	0.27436	0.00704	0.20763	0.04016	0.07046	0.01177	0.07863	0.00979	0.00587	0.00418	0.00132	0.00521	0.00441	0.13165	0.00584
19	0.07565	0.01140	0.01671	0.06329	0.58625	0.05308	0.01251	0.09752	0.01152	0.01654	0.00862	0.01092	0.00703	0.00431	0.00441	0.00137	0.00545	0.00392	0.00256	0.00695
20	0.01091	0.37570	0.26135	0.01013	0.01500	0.01332	0.06529	0.03249	0.00987	0.01334	0.00756	0.00887	0.00614	0.00400	0.00366	0.00112	0.00543	0.00303	0.00217	0.15060
21	0.01170	0.21303	0.46551	0.01121	0.01667	0.01211	0.03032	0.04276	0.02984	0.11192	0.00939	0.01016	0.00681	0.00450	0.00410	0.00134	0.00588	0.00344	0.00257	0.00673
22	0.00621	0.00447	0.00539	0.00580	0.00665	0.00404	0.00410	0.00725	0.00968	0.03531	0.09238	0.39052	0.28122	0.08297	0.00716	0.00195	0.00277	0.04401	0.00424	0.00388
23	0.00919	0.03381	0.05327	0.00770	0.00963	0.12062	0.00623	0.03038	0.14073	0.01600	0.32568	0.09012	0.10315	0.02659	0.00540	0.00152	0.00377	0.00699	0.00415	0.00508
24	0.01136	0.04860	0.48719	0.01235	0.01746	0.12090	0.03975	0.10158	0.02702	0.01543	0.00932	0.01060	0.02439	0.00490	0.00494	0.00143	0.05021	0.00366	0.00242	0.00650
25	0.00592	0.00463	0.00528	0.00524	0.00646	0.00409	0.00387	0.00736	0.01104	0.01428	0.30595	0.08459	0.44059	0.05532	0.00643	0.00170	0.00245	0.02636	0.00446	0.00397
26	0.05973	0.01034	0.01101	0.00845	0.01212	0.02961	0.00683	0.28336	0.09810	0.02045	0.01015	0.01071	0.00779	0.00451	0.00393	0.00107	0.00412	0.00346	0.00357	0.41068
27	0.04201	0.13318	0.01527	0.04135	0.09049	0.22355	0.09410	0.04126	0.07849	0.02521	0.08786	0.04227	0.01153	0.00546	0.00464	0.00133	0.02776	0.00445	0.00294	0.02684
28	0.08662	0.01434	0.01304	0.01065	0.01383	0.21053	0.03526	0.41605	0.11696	0.02220	0.01059	0.01088	0.00787	0.00525	0.00438	0.00136	0.00563	0.00389	0.00384	0.00684
29	0.00628	0.00454	0.00582	0.00648	0.00722	0.00428	0.00470	0.00781	0.03239	0.02377	0.11837	0.50932	0.12599	0.01289	0.00577	0.00179	0.00281	0.11134	0.00438	0.00404
30	0.01379	0.00819	0.03723	0.00896	0.02436	0.00750	0.05160	0.04869	0.13862	0.34427	0.06268	0.15069	0.03199	0.04254	0.00572	0.00165	0.00394	0.00645	0.00469	0.00644
31	0.00993	0.00938	0.01408	0.61546	0.12003	0.05082	0.01221	0.06571	0.01036	0.01326	0.00882	0.03391	0.00701	0.00486	0.00460	0.00149	0.00598	0.00427	0.00232	0.00551
32	0.01398	0.01591	0.01538	0.01649	0.22759	0.40110	0.08338	0.05494	0.01208	0.01353	0.00903	0.03489	0.00790	0.00583	0.02474	0.00149	0.02722	0.02605	0.00255	0.00594
33	0.00637	0.00442	0.00555	0.00582	0.00605	0.00451	0.00373	0.00689	0.00736	0.00997	0.01687	0.23753	0.01925	0.46958	0.17186	0.00434	0.00549	0.00800	0.00311	0.00328
34	0.03850	0.03942	0.28838	0.01161	0.05600	0.05753	0.03790	0.05232	0.09104	0.24786	0.01247	0.02703	0.00888	0.00514	0.00445	0.00143	0.00538	0.00416	0.00354	0.00696
35	0.00956	0.00934	0.06641	0.00792	0.03669	0.00659	0.00652	0.01185	0.00956	0.01493	0.00818	0.00959	0.00675	0.00349	0.00350	0.00076	0.00370	0.00281	0.00265	0.77920
36	0.00657	0.00489	0.00722	0.00722	0.00799	0.00565	0.00555	0.00810	0.00733	0.01054	0.01244	0.01882	0.01182	0.08702	0.76834	0.00719	0.01178	0.00503	0.00248	0.00401

[dist]
# distance from previous block
# <min> <max>
7	21

[block]
# block no. 2 follows, 56 sequences, length 10
# corresponding to MSA columns:
# 2387-2396
name=unknown_C
#
# <colnr> <probs for GDERKNQSTAVLIFYWHMCP>
#	G	D	E	R	K	N	Q	S	T	A	V	L	I	F	Y	W	H	M	C	P
0	0.01033	0.25177	0.46796	0.01184	0.05783	0.01253	0.01312	0.04431	0.01030	0.01432	0.05860	0.01074	0.00837	0.00459	0.00405	0.00131	0.00583	0.00351	0.00226	0.00644
1	0.00559	0.00400	0.00533	0.00639	0.00666	0.00373	0.00426	0.00639	0.00879	0.01172	0.02530	0.83566	0.03036	0.01438	0.00586	0.00186	0.00266	0.01305	0.00426	0.00373
2	0.01042	0.05720	0.28410	0.01743	0.08459	0.01157	0.43818	0.01455	0.01036	0.01448	0.00875	0.01117	0.00656	0.00405	0.00488	0.00147	0.00710	0.00450	0.00217	0.00646
3	0.00883	0.00833	0.01407	0.77893	0.07903	0.01024	0.01283	0.01187	0.00926	0.01193	0.00819	0.01219	0.00619	0.00456	0.00459	0.00152	0.00608	0.00408	0.00205	0.00523
4	0.01765	0.00883	0.01074	0.00818	0.01183	0.03687	0.00669	0.08403	0.01300	0.53438	0.01482	0.01357	0.00982	0.00511	0.00432	0.00124	0.00404	0.00408	0.00479	0.20604
5	0.01227	0.84142	0.02406	0.00786	0.01178	0.01817	0.00786	0.01375	0.00933	0.01080	0.00638	0.00736	0.00589	0.00393	0.00295	0.00098	0.00491	0.00245	0.00196	0.00589
6	0.00942	0.00951	0.01771	0.54264	0.05625	0.01076	0.23293	0.01263	0.00962	0.01266	0.00842	0.01217	0.00640	0.00449	0.00519	0.00155	0.03559	0.00446	0.00213	0.00548
7	0.00557	0.00451	0.00489	0.00509	0.00629	0.00389	0.00367	0.00667	0.01012	0.01248	0.08609	0.20664	0.57181	0.04360	0.00620	0.00172	0.00247	0.01019	0.00425	0.00383
8	0.00660	0.00475	0.00651	0.00651	0.00703	0.00527	0.00466	0.00764	0.00712	0.01002	0.01309	0.02242	0.01338	0.32806	0.52944	0.00631	0.00943	0.00556	0.00258	0.00362
9	0.00565	0.00404	0.00538	0.00635	0.00667	0.00377	0.00427	0.00653	0.00905	0.01213	0.07378	0.78600	0.03117	0.01407	0.00583	0.00184	0.00263	0.01276	0.00431	0.00377

[dist]
# distance from previous block
# <min> <max>
0	1

[block]
# block no. 3 follows, 56 sequences, length 65
# corresponding to MSA columns:
# 2398-2462
name=unknown_D
#
# <colnr> <probs for GDERKNQSTAVLIFYWHMCP>
#	G	D	E	R	K	N	Q	S	T	A	V	L	I	F	Y	W	H	M	C	P
0	0.00629	0.00435	0.00570	0.00657	0.00703	0.00414	0.00450	0.00753	0.03413	0.03373	0.02452	0.73151	0.02875	0.03928	0.00635	0.00193	0.00285	0.04263	0.00427	0.00394
1	0.00797	0.00510	0.00581	0.00580	0.00690	0.00504	0.00444	0.05628	0.01033	0.01505	0.07409	0.03059	0.13379	0.13465	0.00787	0.02696	0.00316	0.15892	0.30311	0.00413
2	0.00644	0.00474	0.00630	0.00624	0.00701	0.00497	0.00456	0.00776	0.00863	0.01191	0.16307	0.02681	0.11489	0.20298	0.39768	0.00494	0.00751	0.00650	0.00323	0.00383
3	0.01680	0.04758	0.01355	0.01224	0.04041	0.76798	0.00901	0.01805	0.01281	0.01135	0.00712	0.00835	0.00596	0.00468	0.00411	0.00118	0.00808	0.00298	0.00235	0.00540
4	0.00569	0.00406	0.00544	0.00650	0.00681	0.00381	0.00443	0.00656	0.00889	0.01183	0.02525	0.79338	0.03015	0.01429	0.00589	0.00188	0.00275	0.05437	0.00426	0.00376
5	0.00953	0.01097	0.08610	0.46276	0.05921	0.01073	0.26814	0.01303	0.00982	0.01307	0.00855	0.01204	0.00642	0.00432	0.00484	0.00152	0.00668	0.00446	0.00213	0.00569
6	0.03490	0.01018	0.01244	0.01017	0.01211	0.01203	0.02533	0.32532	0.02434	0.03434	0.00985	0.01310	0.00839	0.08796	0.06857	0.00229	0.26841	0.00436	0.00331	0.03258
7	0.00656	0.00492	0.00738	0.00738	0.00820	0.00574	0.00574	0.00820	0.00738	0.01066	0.01230	0.01804	0.01148	0.03443	0.82046	0.00738	0.01230	0.00492	0.00246	0.00410
8	0.00797	0.00399	0.00598	0.00598	0.00598	0.00399	0.00399	0.00598	0.00598	0.00797	0.00797	0.01396	0.00797	0.01595	0.01794	0.86643	0.00399	0.00399	0.00199	0.00199
9	0.13792	0.01101	0.01403	0.23957	0.27996	0.10345	0.01092	0.06348	0.01091	0.07374	0.00884	0.01097	0.00680	0.00453	0.00427	0.00140	0.00554	0.00376	0.00270	0.00619
10	0.01553	0.01111	0.04731	0.00992	0.01344	0.01091	0.05090	0.44032	0.01713	0.17097	0.07578	0.03206	0.03298	0.00597	0.00469	0.00139	0.00464	0.00486	0.00449	0.04559
11	0.00867	0.00816	0.01377	0.82762	0.03162	0.01020	0.01275	0.01173	0.00918	0.01173	0.00816	0.01224	0.00612	0.00459	0.00459	0.00153	0.00612	0.00408	0.00204	0.00510
12	0.01342	0.01036	0.01109	0.00945	0.01216	0.04029	0.00781	0.44383	0.07667	0.02232	0.01800	0.02438	0.08752	0.00785	0.00508	0.00158	0.00461	0.19274	0.00440	0.00644
13	0.00948	0.00892	0.01425	0.54614	0.16198	0.02418	0.02776	0.03327	0.02900	0.01303	0.01015	0.03251	0.02591	0.00519	0.00490	0.00152	0.02298	0.02091	0.00237	0.00554
14	0.03001	0.00812	0.01009	0.00800	0.01107	0.00780	0.00653	0.14897	0.03991	0.49838	0.03907	0.01559	0.01174	0.00662	0.03004	0.00156	0.00408	0.00460	0.11071	0.00710
15	0.00558	0.00405	0.00527	0.00625	0.00662	0.00374	0.00420	0.00641	0.00893	0.01178	0.02708	0.76917	0.09570	0.01415	0.00582	0.00184	0.00264	0.01277	0.00426	0.00374
16	0.00840	0.00718	0.00858	0.02351	0.07981	0.06230	0.02029	0.02777	0.12382	0.02662	0.02067	0.50654	0.03126	0.01123	0.01798	0.00178	0.00380	0.00965	0.00394	0.00489
17	0.00732	0.00557	0.00672	0.00675	0.00789	0.00563	0.00509	0.01084	0.14959	0.01521	0.27242	0.14831	0.09263	0.10901	0.00764	0.00200	0.00312	0.13536	0.00440	0.00452
18	0.00794	0.00584	0.00679	0.00659	0.00804	0.00576	0.00495	0.04682	0.13126	0.05099	0.18560	0.21712	0.23052	0.02961	0.00579	0.00168	0.00290	0.04248	0.00453	0.00480
19	0.01235	0.00970	0.01363	0.01150	0.04659	0.01014	0.15908	0.17157	0.23900	0.08839	0.03111	0.11490	0.01337	0.00651	0.00487	0.00151	0.00458	0.00590	0.04873	0.00657
20	0.01306	0.01135	0.01135	0.00983	0.01258	0.07018	0.00774	0.18449	0.56743	0.02051	0.01602	0.01509	0.01199	0.00600	0.00481	0.00150	0.01963	0.00479	0.00444	0.00720
21	0.00687	0.00530	0.00715	0.00712	0.00785	0.02766	0.00535	0.00823	0.00742	0.01039	0.01250	0.01969	0.01216	0.16203	0.67102	0.00674	0.01094	0.00515	0.00251	0.00392
22	0.01076	0.06253	0.60082	0.03078	0.05365	0.06273	0.01493	0.01514	0.01010	0.06932	0.00873	0.01003	0.00628	0.00451	0.00450	0.00142	0.02139	0.00346	0.00224	0.00667
23	0.01061	0.01014	0.01727	0.25231	0.59179	0.01071	0.01371	0.01343	0.01010	0.01408	0.00850	0.01161	0.00695	0.00423	0.00456	0.00141	0.00564	0.00409	0.00221	0.00666
24	0.01140	0.60751	0.25028	0.00935	0.01410	0.01602	0.01046	0.01397	0.00943	0.01187	0.00691	0.00803	0.00587	0.00405	0.00335	0.00112	0.00545	0.00272	0.00196	0.00615
25	0.00679	0.03860	0.00805	0.00740	0.00834	0.00624	0.00582	0.00842	0.00746	0.01066	0.01206	0.01761	0.01125	0.03320	0.78755	0.00712	0.01200	0.00482	0.00244	0.00417
26	0.01019	0.05206	0.06393	0.00996	0.01224	0.11205	0.10673	0.10092	0.01079	0.01399	0.05727	0.05478	0.02945	0.08392	0.23372	0.00334	0.03144	0.00522	0.00290	0.00511
27	0.01154	0.63632	0.18992	0.00912	0.01349	0.01642	0.00986	0.01381	0.00931	0.01160	0.00676	0.00796	0.00588	0.00418	0.00373	0.00112	0.03825	0.00271	0.00196	0.00604
28	0.00559	0.00410	0.00527	0.00617	0.00663	0.00379	0.00418	0.00646	0.00900	0.01179	0.02800	0.70916	0.13840	0.01440	0.02192	0.00193	0.00281	0.01242	0.00423	0.00376
29	0.00755	0.00630	0.03088	0.00842	0.07235	0.00576	0.00597	0.06717	0.02578	0.01581	0.26667	0.24245	0.14270	0.01038	0.00543	0.00162	0.00313	0.07261	0.00431	0.00472
30	0.01076	0.00904	0.04437	0.02698	0.12486	0.00910	0.07833	0.07884	0.11262	0.08676	0.01291	0.01650	0.02221	0.10460	0.19203	0.00316	0.05300	0.00493	0.00318	0.00582
31	0.01115	0.01084	0.01894	0.07797	0.70417	0.01091	0.07026	0.01399	0.01040	0.01477	0.00865	0.01149	0.00718	0.00411	0.00461	0.00139	0.00566	0.00419	0.00226	0.00706
32	0.00559	0.00402	0.00530	0.00632	0.00664	0.00374	0.00423	0.00640	0.00886	0.01175	0.02618	0.80296	0.06250	0.01427	0.00584	0.00185	0.00265	0.01291	0.00426	0.00374
33	0.01097	0.06734	0.03556	0.32584	0.02405	0.08075	0.27835	0.05610	0.03593	0.01385	0.00879	0.01162	0.00671	0.00447	0.00490	0.00147	0.02075	0.00435	0.00238	0.00579
34	0.01131	0.01015	0.01348	0.11707	0.31931	0.08287	0.01023	0.09530	0.04424	0.04437	0.01392	0.14109	0.04272	0.00662	0.00481	0.00148	0.00503	0.02671	0.00316	0.00614
35	0.00574	0.00459	0.00514	0.00515	0.00643	0.00399	0.00381	0.00714	0.01099	0.01400	0.25562	0.12627	0.51236	0.01130	0.00547	0.00155	0.00232	0.00966	0.00448	0.00399
36	0.01217	0.81257	0.05196	0.00804	0.01207	0.01790	0.00818	0.01377	0.00934	0.01093	0.00645	0.00745	0.00589	0.00394	0.00300	0.00100	0.00498	0.00249	0.00196	0.00592
37	0.01165	0.34631	0.14509	0.09393	0.15074	0.01314	0.01059	0.04509	0.01040	0.06700	0.03204	0.03774	0.00847	0.00477	0.00395	0.00126	0.00521	0.00378	0.00254	0.00628
38	0.15233	0.00808	0.00988	0.00780	0.01111	0.00762	0.00641	0.04580	0.04245	0.60170	0.01595	0.01432	0.01037	0.00546	0.00428	0.00141	0.00381	0.00428	0.03973	0.00721
39	0.00818	0.00707	0.00698	0.00657	0.00815	0.07560	0.00496	0.01197	0.15782	0.01617	0.32418	0.04628	0.22910	0.00879	0.00502	0.00145	0.00301	0.00743	0.06645	0.00483
40	0.09373	0.13855	0.10788	0.03756	0.09417	0.03015	0.10969	0.12817	0.06155	0.04774	0.01093	0.07714	0.00921	0.00538	0.00431	0.00139	0.00517	0.00457	0.02644	0.00627
41	0.01407	0.00881	0.01131	0.04289	0.03087	0.02219	0.05016	0.18792	0.03870	0.24079	0.06175	0.01820	0.04990	0.00641	0.00526	0.00146	0.05223	0.04335	0.10735	0.00639
42	0.00566	0.00437	0.00517	0.00559	0.00650	0.00388	0.00395	0.00681	0.01009	0.01298	0.14845	0.39371	0.35136	0.01252	0.00562	0.00167	0.00245	0.01098	0.00438	0.00388
43	0.01115	0.01221	0.05337	0.09042	0.36964	0.10084	0.16574	0.01414	0.02506	0.01396	0.00954	0.02878	0.00809	0.00593	0.03831	0.00169	0.01926	0.02316	0.00239	0.00633
44	0.02802	0.04380	0.15539	0.11018	0.07577	0.28299	0.05523	0.07934	0.03793	0.03741	0.00860	0.01022	0.00665	0.00481	0.00485	0.00138	0.04514	0.00363	0.00257	0.00608
45	0.04573	0.01261	0.01347	0.01036	0.01400	0.01393	0.00856	0.75104	0.02094	0.04679	0.01103	0.01101	0.00780	0.00547	0.00454	0.00138	0.00498	0.00409	0.00456	0.00771
46	0.01117	0.19553	0.29121	0.01281	0.11821	0.07617	0.02439	0.03333	0.04141	0.03216	0.03048	0.02298	0.00834	0.03525	0.00507	0.00143	0.02460	0.00378	0.00246	0.02924
47	0.04740	0.01333	0.01350	0.13576	0.16691	0.25261	0.01003	0.13782	0.01231	0.01526	0.00940	0.03903	0.00813	0.00652	0.03393	0.00163	0.05909	0.02866	0.00277	0.00589
48	0.00575	0.00411	0.00524	0.00607	0.00638	0.00385	0.00399	0.00645	0.00857	0.01133	0.02492	0.66262	0.07580	0.14176	0.00854	0.00225	0.00292	0.01186	0.00403	0.00359
49	0.01045	0.00993	0.01692	0.27904	0.49161	0.01056	0.04354	0.02855	0.01037	0.01434	0.03495	0.01243	0.00810	0.00444	0.00462	0.00143	0.00564	0.00428	0.00234	0.00646
50	0.07066	0.05354	0.05705	0.10098	0.04821	0.30080	0.13473	0.11234	0.01224	0.01495	0.00804	0.00988	0.00633	0.00473	0.00487	0.00137	0.04714	0.00368	0.00257	0.00589
51	0.00659	0.00472	0.00585	0.00580	0.00681	0.00436	0.00419	0.00840	0.02936	0.03361	0.43302	0.19751	0.16024	0.07047	0.00677	0.00177	0.00253	0.00922	0.00461	0.00417
52	0.00636	0.00438	0.00542	0.00595	0.00618	0.00428	0.00390	0.00692	0.00794	0.01055	0.01974	0.33521	0.02301	0.42844	0.01472	0.00319	0.00375	0.10324	0.00351	0.00331
53	0.12752	0.13983	0.10180	0.00814	0.01062	0.11664	0.00717	0.04332	0.03254	0.01347	0.01261	0.06031	0.04383	0.16164	0.06474	0.00236	0.00553	0.04017	0.00282	0.00494
54	0.00588	0.00465	0.00532	0.00532	0.00660	0.00408	0.00400	0.00740	0.01119	0.01440	0.29596	0.09688	0.46448	0.01113	0.00549	0.00156	0.00238	0.04471	0.00452	0.00403
55	0.00556	0.00465	0.00486	0.00493	0.00638	0.00395	0.00372	0.00680	0.01052	0.01272	0.08131	0.07588	0.70891	0.01167	0.00548	0.00158	0.00241	0.04047	0.00430	0.00391
56	0.00739	0.00611	0.00875	0.17939	0.07685	0.00650	0.00715	0.01018	0.08474	0.01358	0.11533	0.37596	0.05218	0.01000	0.00532	0.00167	0.00366	0.02673	0.00377	0.00472
57	0.01331	0.01394	0.30177	0.00996	0.01431	0.00912	0.01036	0.09976	0.09593	0.25527	0.07324	0.01606	0.05460	0.00584	0.00463	0.00145	0.00483	0.00473	0.00398	0.00691
58	0.00613	0.00469	0.00565	0.00558	0.00680	0.00421	0.00423	0.00788	0.01174	0.01564	0.44631	0.07135	0.31883	0.01063	0.00550	0.00155	0.00239	0.06209	0.00468	0.00414
59	0.87108	0.00888	0.00675	0.00604	0.00888	0.01030	0.00497	0.01350	0.00781	0.02060	0.00639	0.00746	0.00497	0.00426	0.00284	0.00142	0.00355	0.00249	0.00284	0.00497
60	0.01715	0.02188	0.01301	0.01183	0.01419	0.82022	0.00887	0.01833	0.01301	0.01124	0.00710	0.00828	0.00591	0.00473	0.00414	0.00118	0.00828	0.00296	0.00237	0.00532
61	0.00695	0.00517	0.00682	0.00663	0.00696	0.00588	0.00466	0.00770	0.00699	0.00981	0.01279	0.02331	0.01358	0.43620	0.34347	0.00540	0.08585	0.00572	0.00258	0.00352
62	0.00740	0.00528	0.00740	0.00845	0.00951	0.00528	0.00740	0.00951	0.01057	0.01374	0.02431	0.05179	0.02642	0.01268	0.00634	0.00211	0.00423	0.77912	0.00423	0.00423
63	0.01715	0.02188	0.01301	0.01183	0.01419	0.82022	0.00887	0.01833	0.01301	0.01124	0.00710	0.00828	0.00591	0.00473	0.00414	0.00118	0.00828	0.00296	0.00237	0.00532
64	0.01212	0.47573	0.08435	0.04932	0.12454	0.09190	0.02332	0.01492	0.06178	0.01239	0.00785	0.00914	0.00664	0.00424	0.00363	0.00116	0.00548	0.00311	0.00223	0.00616

[dist]
# distance from previous block
# <min> <max>
0	2

[block]
# block no. 4 follows, 56 sequences, length 21
# corresponding to MSA columns:
# 2465-2485
name=unknown_E
#
# <colnr> <probs for GDERKNQSTAVLIFYWHMCP>
#	G	D	E	R	K	N	Q	S	T	A	V	L	I	F	Y	W	H	M	C	P
0	0.04689	0.01042	0.01742	0.14561	0.66130	0.01078	0.01351	0.01372	0.01015	0.01475	0.00847	0.01133	0.00701	0.00417	0.00448	0.00139	0.00547	0.00402	0.00226	0.00685
1	0.01044	0.01096	0.02045	0.05229	0.04363	0.03334	0.48614	0.04596	0.01107	0.01486	0.01298	0.01666	0.07330	0.00508	0.00512	0.00146	0.00640	0.04864	0.00271	0.09851
2	0.01509	0.00685	0.00901	0.00737	0.01001	0.00617	0.00591	0.01764	0.06063	0.48769	0.26836	0.02256	0.04809	0.00708	0.00490	0.00144	0.00329	0.00598	0.00538	0.00655
3	0.02501	0.01068	0.04987	0.06078	0.16596	0.01034	0.26992	0.06519	0.06119	0.03957	0.01206	0.09886	0.01068	0.00594	0.00556	0.00156	0.04880	0.03650	0.00296	0.01858
4	0.87108	0.00888	0.00675	0.00604	0.00888	0.01030	0.00497	0.01350	0.00781	0.02060	0.00639	0.00746	0.00497	0.00426	0.00284	0.00142	0.00355	0.00249	0.00284	0.00497
5	0.00603	0.00455	0.00482	0.00482	0.00563	0.00415	0.00315	0.00663	0.00864	0.01072	0.03110	0.03738	0.42764	0.40924	0.01405	0.00294	0.00335	0.00824	0.00355	0.00335
6	0.01100	0.01069	0.01870	0.12375	0.65532	0.01088	0.07438	0.01385	0.01033	0.01458	0.00863	0.01155	0.00711	0.00413	0.00462	0.00140	0.00571	0.00419	0.00225	0.00693
7	0.00559	0.00402	0.00530	0.00632	0.00664	0.00374	0.00423	0.00640	0.00886	0.01175	0.02620	0.80213	0.06331	0.01427	0.00584	0.00185	0.00265	0.01291	0.00426	0.00374
8	0.01603	0.11384	0.04001	0.01263	0.12331	0.11072	0.00942	0.39269	0.01627	0.10565	0.01033	0.01074	0.00759	0.00501	0.00433	0.00131	0.00541	0.00381	0.00372	0.00717
9	0.01522	0.01150	0.01234	0.01000	0.01325	0.01286	0.00808	0.46586	0.32545	0.05409	0.01427	0.01357	0.01036	0.00580	0.00462	0.00145	0.00446	0.00456	0.00466	0.00760
10	0.00559	0.00403	0.00530	0.00631	0.00664	0.00374	0.00423	0.00640	0.00887	0.01175	0.02631	0.79823	0.06714	0.01425	0.00584	0.00185	0.00265	0.01289	0.00426	0.00374
11	0.03817	0.01349	0.01904	0.01456	0.01811	0.17948	0.38387	0.03918	0.12017	0.04158	0.01020	0.01189	0.00778	0.00465	0.00525	0.00144	0.04162	0.00455	0.00285	0.04213
12	0.01006	0.00958	0.01629	0.41409	0.43426	0.01057	0.01344	0.01295	0.00984	0.01342	0.00841	0.01179	0.00672	0.00433	0.00457	0.00144	0.00578	0.00409	0.00216	0.00622
13	0.00559	0.00400	0.00533	0.00639	0.00666	0.00373	0.00426	0.00639	0.00879	0.01172	0.02530	0.83566	0.03036	0.01438	0.00586	0.00186	0.00266	0.01305	0.00426	0.00373
14	0.01584	0.01042	0.01273	0.01271	0.16006	0.04294	0.00867	0.19184	0.17593	0.27929	0.01508	0.01445	0.02750	0.00555	0.00461	0.00142	0.00453	0.00457	0.00444	0.00741
15	0.00671	0.00453	0.00530	0.00543	0.00556	0.00454	0.00333	0.00697	0.00712	0.00949	0.01567	0.05666	0.01789	0.71579	0.04113	0.00423	0.00457	0.07915	0.00295	0.00298
16	0.00686	0.00530	0.00640	0.00643	0.00776	0.00510	0.00507	0.00977	0.09000	0.01559	0.32157	0.06567	0.24607	0.01058	0.00556	0.00165	0.00283	0.17874	0.00459	0.00446
17	0.01099	0.01053	0.01797	0.13815	0.70294	0.01081	0.01391	0.01377	0.01028	0.01455	0.00857	0.01148	0.00711	0.00416	0.00455	0.00139	0.00555	0.00409	0.00224	0.00697
18	0.04221	0.41811	0.01791	0.00881	0.01239	0.01533	0.00787	0.23137	0.14843	0.04137	0.01012	0.01029	0.00794	0.00482	0.00374	0.00122	0.00466	0.00345	0.00329	0.00668
19	0.01418	0.17999	0.12454	0.01052	0.01442	0.09439	0.04107	0.31929	0.08243	0.03449	0.01112	0.01151	0.03177	0.00514	0.00425	0.00132	0.00547	0.00390	0.00341	0.00681
20	0.03964	0.02755	0.01398	0.02583	0.24449	0.13925	0.03105	0.12753	0.11529	0.09585	0.08305	0.01391	0.01155	0.00531	0.00453	0.00138	0.00516	0.00445	0.00352	0.00667

[dist]
# distance from previous block
# <min> <max>
2	4

[block]
# block no. 5 follows, 56 sequences, length 153
# corresponding to MSA columns:
# 2490-2642
name=unknown_F
#
# <colnr> <probs for GDERKNQSTAVLIFYWHMCP>
#	G	D	E	R	K	N	Q	S	T	A	V	L	I	F	Y	W	H	M	C	P
0	0.01440	0.01160	0.01204	0.00998	0.01308	0.03549	0.00799	0.38438	0.41479	0.02353	0.01478	0.01402	0.01088	0.00585	0.00462	0.00146	0.00443	0.00463	0.00457	0.00746
1	0.00665	0.00444	0.00502	0.00505	0.00505	0.00443	0.00282	0.00667	0.00674	0.00898	0.01477	0.05257	0.01707	0.81561	0.02288	0.00438	0.00440	0.00685	0.00282	0.00281
2	0.00558	0.00403	0.00529	0.00630	0.00663	0.00374	0.00422	0.00640	0.00888	0.01176	0.02648	0.79166	0.07360	0.01423	0.00584	0.00185	0.00264	0.01286	0.00426	0.00374
3	0.01155	0.01259	0.01433	0.01228	0.01295	0.18148	0.03921	0.01270	0.00842	0.01122	0.00637	0.00977	0.00604	0.00719	0.01243	0.00182	0.62858	0.00385	0.00209	0.00513
4	0.00719	0.00524	0.00739	0.00712	0.00790	0.00591	0.00542	0.00866	0.00836	0.03418	0.14517	0.02177	0.01713	0.13604	0.50050	0.00547	0.06377	0.00565	0.00300	0.00413
5	0.00599	0.00461	0.00547	0.00539	0.00658	0.00410	0.00399	0.00763	0.01160	0.01541	0.43386	0.11203	0.34528	0.01073	0.00546	0.00152	0.00227	0.00929	0.00467	0.00410
6	0.00921	0.02375	0.81487	0.01309	0.01987	0.01066	0.01696	0.01454	0.00969	0.01454	0.00824	0.00969	0.00582	0.00436	0.00436	0.00145	0.00678	0.00339	0.00194	0.00678
7	0.01057	0.01016	0.01750	0.25774	0.56214	0.01073	0.03759	0.01343	0.01010	0.01405	0.00852	0.01165	0.00693	0.00423	0.00458	0.00142	0.00572	0.00413	0.00221	0.00661
8	0.00594	0.00473	0.00525	0.00523	0.00649	0.00421	0.00382	0.00756	0.03236	0.01376	0.22537	0.11093	0.48474	0.06114	0.00653	0.00173	0.00248	0.00935	0.00438	0.00400
9	0.00585	0.00459	0.00529	0.00527	0.00650	0.00403	0.00389	0.00735	0.01124	0.01459	0.33144	0.12758	0.43384	0.01108	0.00547	0.00154	0.00230	0.00954	0.00456	0.00403
10	0.00884	0.00825	0.01377	0.81134	0.03127	0.01028	0.01267	0.02733	0.00943	0.01207	0.00822	0.01222	0.00615	0.00461	0.00459	0.00153	0.00610	0.00408	0.00209	0.00515
11	0.02119	0.01303	0.13367	0.04114	0.01404	0.14964	0.07118	0.03782	0.19764	0.01528	0.08585	0.07449	0.06925	0.00672	0.00530	0.00150	0.04753	0.00553	0.00339	0.00581
12	0.01371	0.01315	0.01548	0.06123	0.21067	0.18392	0.08182	0.17179	0.05189	0.04664	0.01017	0.01287	0.00822	0.00531	0.00532	0.00144	0.05955	0.03727	0.00306	0.00649
13	0.00671	0.00475	0.00656	0.00656	0.00717	0.00531	0.00479	0.00794	0.00733	0.01058	0.01304	0.02119	0.01289	0.24784	0.55783	0.00621	0.00958	0.00535	0.05460	0.00376
14	0.01018	0.00833	0.01007	0.03066	0.03750	0.00667	0.00613	0.03843	0.01011	0.04465	0.00902	0.01094	0.00747	0.00383	0.00363	0.00081	0.00364	0.02140	0.00289	0.73365
15	0.02577	0.25585	0.37657	0.01909	0.01621	0.02078	0.02371	0.15562	0.01186	0.04202	0.00850	0.00947	0.00639	0.00448	0.00400	0.00130	0.00581	0.00331	0.00257	0.00668
16	0.00679	0.00480	0.00605	0.00609	0.00689	0.00478	0.00431	0.00827	0.03475	0.03467	0.14938	0.18644	0.12917	0.20846	0.18480	0.00352	0.00509	0.00811	0.00371	0.00394
17	0.13533	0.04782	0.00947	0.00819	0.00980	0.14314	0.02041	0.02096	0.03102	0.02451	0.01195	0.11628	0.01137	0.01568	0.26767	0.00335	0.05307	0.00505	0.06018	0.00475
18	0.24924	0.15653	0.06056	0.01021	0.06303	0.06877	0.02237	0.17515	0.04646	0.05057	0.01850	0.00988	0.00718	0.00484	0.00423	0.00135	0.03840	0.00340	0.00310	0.00622
19	0.00667	0.00446	0.00503	0.00503	0.00505	0.00445	0.00282	0.00672	0.00683	0.00913	0.03335	0.03014	0.01732	0.81891	0.02294	0.00438	0.00440	0.00672	0.00284	0.00282
20	0.00716	0.00535	0.00640	0.00634	0.00762	0.00517	0.00475	0.01026	0.11601	0.03700	0.31752	0.19440	0.20174	0.01053	0.00544	0.00160	0.00265	0.05082	0.00465	0.00459
21	0.01170	0.45069	0.18223	0.03183	0.07821	0.05880	0.05627	0.03459	0.02153	0.01278	0.00805	0.00937	0.01754	0.00427	0.00371	0.00119	0.00566	0.00320	0.00217	0.00619
22	0.03542	0.40089	0.39400	0.01072	0.01598	0.01416	0.04401	0.01415	0.00952	0.01299	0.00737	0.00866	0.00587	0.00414	0.00371	0.00124	0.00586	0.00302	0.00199	0.00630
23	0.00558	0.00403	0.00529	0.00630	0.00663	0.00374	0.00422	0.00640	0.00888	0.01176	0.02643	0.79351	0.07179	0.01424	0.00584	0.00185	0.00265	0.01287	0.00426	0.00374
24	0.01400	0.02754	0.26591	0.03455	0.10288	0.10641	0.01177	0.21389	0.02430	0.11943	0.01017	0.01095	0.00732	0.00495	0.00470	0.00140	0.02585	0.00381	0.00322	0.00696
25	0.03548	0.03124	0.01268	0.08543	0.23490	0.04669	0.00875	0.06482	0.01104	0.06329	0.06817	0.01333	0.01028	0.03277	0.00480	0.00128	0.00453	0.00402	0.03108	0.23544
26	0.00672	0.00452	0.00550	0.00561	0.00661	0.00413	0.00407	0.00828	0.01086	0.03818	0.30839	0.26426	0.17988	0.01060	0.00523	0.00153	0.00239	0.00929	0.11978	0.00417
27	0.01022	0.01187	0.13840	0.00994	0.01261	0.10932	0.07360	0.08857	0.11373	0.01555	0.06801	0.20665	0.03143	0.03077	0.00562	0.00162	0.01860	0.01805	0.02991	0.00553
28	0.05926	0.39258	0.14378	0.01084	0.06133	0.02382	0.05790	0.03443	0.02557	0.07932	0.02356	0.00991	0.00736	0.00458	0.00431	0.00126	0.04809	0.00336	0.00254	0.00623
29	0.00775	0.00519	0.00651	0.00649	0.00767	0.00491	0.00482	0.03873	0.03799	0.07661	0.27036	0.32266	0.12803	0.01111	0.00551	0.00165	0.00277	0.05206	0.00464	0.00455
30	0.24261	0.00977	0.03589	0.00926	0.01208	0.01021	0.08367	0.15605	0.08476	0.08860	0.14617	0.01501	0.01370	0.00591	0.00512	0.00149	0.06525	0.00464	0.00381	0.00601
31	0.01297	0.01407	0.01605	0.04615	0.47916	0.26632	0.01188	0.01561	0.04334	0.01376	0.00865	0.01084	0.00720	0.00527	0.02805	0.00149	0.00649	0.00380	0.00240	0.00650
32	0.00584	0.00453	0.00523	0.00534	0.00641	0.00406	0.00384	0.00709	0.01037	0.01337	0.21722	0.18362	0.40406	0.07501	0.03147	0.00198	0.00281	0.00960	0.00428	0.00388
33	0.01526	0.04552	0.01287	0.00975	0.01305	0.03283	0.00802	0.57319	0.07736	0.02496	0.03941	0.01496	0.05428	0.00609	0.00461	0.00138	0.00471	0.02619	0.00437	0.03120
34	0.00587	0.00459	0.00529	0.00534	0.00652	0.00405	0.00393	0.00730	0.01095	0.01416	0.28563	0.14499	0.41935	0.03525	0.00602	0.00166	0.00243	0.02822	0.00447	0.00398
35	0.06179	0.13750	0.61077	0.01227	0.01830	0.01175	0.05811	0.01437	0.00959	0.01439	0.00792	0.00938	0.00584	0.00427	0.00413	0.00139	0.00638	0.00332	0.00202	0.00652
36	0.01169	0.01243	0.02106	0.01588	0.01896	0.07847	0.44318	0.05976	0.02234	0.02762	0.00860	0.01145	0.00685	0.00525	0.00790	0.00163	0.23380	0.00474	0.00246	0.00594
37	0.00610	0.00444	0.00552	0.00580	0.00670	0.00401	0.00414	0.00745	0.01063	0.02742	0.28525	0.37159	0.22019	0.01195	0.00559	0.00164	0.00244	0.01056	0.00454	0.00403
38	0.01112	0.01654	0.39977	0.01215	0.01701	0.03118	0.12417	0.07729	0.03500	0.09500	0.10822	0.01413	0.01165	0.00574	0.01939	0.00156	0.00598	0.00454	0.00306	0.00651
39	0.01313	0.01207	0.01354	0.04471	0.03534	0.20130	0.13857	0.13015	0.06480	0.09056	0.04330	0.13267	0.02207	0.00654	0.00481	0.00145	0.00555	0.00570	0.02780	0.00592
40	0.01115	0.53173	0.30424	0.00999	0.01494	0.01535	0.03009	0.01405	0.00949	0.01222	0.00711	0.00831	0.00589	0.00408	0.00351	0.00116	0.00564	0.00286	0.00196	0.00622
41	0.00920	0.00462	0.00493	0.00471	0.00595	0.00447	0.00353	0.01112	0.00988	0.08303	0.03779	0.01991	0.06253	0.05621	0.00474	0.00134	0.00244	0.00489	0.66424	0.00446
42	0.01084	0.04372	0.10959	0.14164	0.25211	0.06962	0.09026	0.03563	0.03076	0.01385	0.00954	0.03327	0.02263	0.00523	0.00592	0.00149	0.11100	0.00436	0.00238	0.00615
43	0.01078	0.22481	0.56197	0.01144	0.01729	0.01224	0.01398	0.01490	0.00985	0.07056	0.00848	0.00954	0.00623	0.00435	0.00403	0.00133	0.00612	0.00325	0.00221	0.00664
44	0.00668	0.00468	0.00607	0.00614	0.00652	0.00500	0.00421	0.00744	0.00720	0.00989	0.01427	0.02685	0.01532	0.47767	0.32729	0.00542	0.00744	0.05579	0.00275	0.00338
45	0.04708	0.00964	0.04669	0.03085	0.01181	0.05557	0.03496	0.15533	0.06815	0.11325	0.05890	0.04417	0.06447	0.00817	0.04855	0.00178	0.06409	0.02883	0.10186	0.00585
46	0.01161	0.05866	0.09998	0.08305	0.23290	0.06227	0.26303	0.07169	0.03355	0.01522	0.00897	0.01130	0.00699	0.00433	0.00484	0.00143	0.01688	0.00432	0.00246	0.00652
47	0.02582	0.01234	0.04160	0.17311	0.19625	0.10083	0.02569	0.24032	0.05928	0.06492	0.01016	0.01158	0.00759	0.00489	0.00452	0.00140	0.00565	0.00405	0.00324	0.00675
48	0.00576	0.00466	0.00512	0.00500	0.00641	0.00402	0.00375	0.00724	0.01126	0.01428	0.28497	0.04108	0.56852	0.01092	0.00542	0.00152	0.00228	0.00925	0.00451	0.00402
49	0.04870	0.07869	0.13790	0.02873	0.18571	0.04504	0.00986	0.12254	0.03739	0.03962	0.11025	0.04060	0.04065	0.02941	0.00506	0.00149	0.00485	0.02409	0.00325	0.00616
50	0.03946	0.04570	0.01259	0.03134	0.03284	0.54245	0.00844	0.08745	0.01302	0.03934	0.01075	0.01238	0.05477	0.00606	0.02276	0.00141	0.00711	0.02377	0.00283	0.00554
51	0.00792	0.00524	0.00648	0.00616	0.00756	0.00485	0.00473	0.04125	0.01216	0.08213	0.39981	0.11594	0.18962	0.01001	0.00537	0.00154	0.00266	0.06463	0.02734	0.00460
52	0.00961	0.06058	0.24519	0.01376	0.13281	0.03701	0.13271	0.01353	0.06162	0.01493	0.13882	0.01748	0.06822	0.02755	0.00523	0.00151	0.00538	0.00516	0.00292	0.00600
53	0.01119	0.06361	0.03359	0.29929	0.01972	0.03834	0.05693	0.11926	0.17922	0.03808	0.01192	0.04679	0.00956	0.02632	0.02508	0.00169	0.00547	0.00471	0.00318	0.00603
54	0.01670	0.01269	0.01457	0.01118	0.01483	0.03307	0.07235	0.66986	0.01997	0.04721	0.01135	0.01237	0.00832	0.00557	0.00470	0.00141	0.00529	0.02666	0.00437	0.00751
55	0.00613	0.00460	0.00543	0.00572	0.00653	0.00428	0.00400	0.00749	0.03254	0.01268	0.14294	0.28261	0.25453	0.16422	0.00888	0.00219	0.00292	0.04439	0.00412	0.00381
56	0.01087	0.21022	0.39891	0.01237	0.03610	0.01256	0.10256	0.03047	0.09295	0.03737	0.00937	0.01047	0.00706	0.00445	0.00420	0.00136	0.00598	0.00366	0.00244	0.00662
57	0.00890	0.00821	0.03432	0.08663	0.16393	0.00805	0.04917	0.06319	0.06739	0.01552	0.13582	0.02456	0.23259	0.01941	0.00555	0.00153	0.03190	0.00641	0.03148	0.00544
58	0.87108	0.00888	0.00675	0.00604	0.00888	0.01030	0.00497	0.01350	0.00781	0.02060	0.00639	0.00746	0.00497	0.00426	0.00284	0.00142	0.00355	0.00249	0.00284	0.00497
59	0.01435	0.03548	0.01467	0.09307	0.25583	0.40990	0.01051	0.01621	0.01172	0.05860	0.00942	0.01102	0.02989	0.00476	0.00434	0.00129	0.00672	0.00368	0.00254	0.00601
60	0.00559	0.00400	0.00533	0.00639	0.00666	0.00373	0.00426	0.00639	0.00879	0.01172	0.02530	0.83566	0.03036	0.01438	0.00586	0.00186	0.00266	0.01305	0.00426	0.00373
61	0.01709	0.01267	0.01378	0.04382	0.01494	0.01407	0.00889	0.76284	0.02108	0.02823	0.01091	0.01107	0.00774	0.00547	0.00459	0.00138	0.00510	0.00413	0.00449	0.00770
62	0.01224	0.48121	0.06539	0.06040	0.10594	0.10731	0.03236	0.02307	0.00996	0.01193	0.00705	0.00867	0.00612	0.00433	0.00415	0.00118	0.04758	0.00303	0.00209	0.00597
63	0.01166	0.03914	0.09222	0.00981	0.04875	0.03228	0.03069	0.21610	0.05194	0.03398	0.11199	0.01562	0.05918	0.00556	0.00438	0.00122	0.00438	0.00456	0.00360	0.22293
64	0.07098	0.01433	0.19101	0.01358	0.12715	0.01218	0.05163	0.36113	0.05600	0.02158	0.01042	0.03088	0.00793	0.00514	0.00450	0.00143	0.00540	0.00419	0.00344	0.00711
65	0.01179	0.05748	0.08496	0.06655	0.40964	0.14190	0.03411	0.03951	0.01097	0.01422	0.02085	0.02589	0.00833	0.00560	0.02746	0.00154	0.00615	0.02419	0.00244	0.00643
66	0.00654	0.00475	0.00581	0.00600	0.00615	0.00495	0.00387	0.00693	0.00755	0.01013	0.01863	0.29113	0.05251	0.47121	0.01629	0.00330	0.06902	0.00866	0.00326	0.00331
67	0.01051	0.07803	0.01483	0.01170	0.01212	0.04721	0.00982	0.01156	0.00746	0.01104	0.00610	0.00975	0.00601	0.00757	0.01364	0.00189	0.72978	0.00385	0.00202	0.00510
68	0.00984	0.00835	0.00969	0.00695	0.01102	0.00645	0.00557	0.04343	0.01001	0.01553	0.00828	0.00958	0.00684	0.00349	0.00345	0.00071	0.00347	0.00278	0.00280	0.83176
69	0.01082	0.13952	0.14230	0.10462	0.13538	0.01141	0.07186	0.13373	0.01137	0.01535	0.01101	0.13453	0.01020	0.00618	0.00504	0.01231	0.03031	0.00518	0.00280	0.00607
70	0.01227	0.84142	0.02406	0.00786	0.01178	0.01817	0.00786	0.01375	0.00933	0.01080	0.00638	0.00736	0.00589	0.00393	0.00295	0.00098	0.00491	0.00245	0.00196	0.00589
71	0.01026	0.01035	0.04019	0.38391	0.25028	0.03319	0.13804	0.01328	0.01002	0.03290	0.00910	0.03151	0.00728	0.00459	0.00472	0.00148	0.00613	0.00447	0.00230	0.00598
72	0.00606	0.00466	0.00534	0.00527	0.00638	0.00420	0.00379	0.00755	0.02046	0.01414	0.31462	0.08620	0.36953	0.12223	0.00785	0.00192	0.00259	0.00893	0.00435	0.00393
