[name]
unknown

[dist]
# distance from previous block
# <min> <max>
0	120

[block]
# block no. 0 follows, 113 sequences, length 23
# corresponding to MSA columns:
# 120-142
name=unknown_A
#
# <colnr> <probs for GDERKNQSTAVLIFYWHMCP>
#	G	D	E	R	K	N	Q	S	T	A	V	L	I	F	Y	W	H	M	C	P
0	0.10431	0.08484	0.31557	0.00582	0.00813	0.05184	0.00605	0.12044	0.09505	0.02211	0.00682	0.03009	0.00588	0.01623	0.00268	0.00088	0.00304	0.11491	0.00176	0.00353
1	0.00664	0.02964	0.24792	0.00558	0.00764	0.01319	0.00546	0.30467	0.07563	0.01111	0.01792	0.13189	0.01352	0.00410	0.02028	0.00090	0.00281	0.01311	0.08434	0.00363
2	0.03334	0.01093	0.00740	0.05912	0.00856	0.68031	0.00512	0.11123	0.00773	0.02887	0.00448	0.00515	0.00357	0.00279	0.00252	0.00072	0.02157	0.00183	0.00154	0.00322
3	0.00318	0.00267	0.00277	0.00278	0.00364	0.00226	0.00211	0.00389	0.00606	0.00729	0.06981	0.02514	0.81056	0.00660	0.00312	0.00090	0.00137	0.04116	0.00246	0.00224
4	0.00686	0.00686	0.02333	0.02314	0.25451	0.09160	0.15561	0.09588	0.16851	0.00925	0.00645	0.03060	0.01118	0.00312	0.00329	0.00086	0.09075	0.01274	0.00172	0.00374
5	0.00371	0.00268	0.00351	0.00330	0.00392	0.00248	0.00248	0.00495	0.00743	0.01052	0.89005	0.01960	0.02475	0.00536	0.00309	0.00083	0.00124	0.00474	0.00289	0.00248
6	0.00548	0.00317	0.00420	0.00380	0.00472	0.00305	0.00295	0.02396	0.00636	0.19739	0.29673	0.03835	0.12805	0.02923	0.23853	0.00177	0.00306	0.00389	0.00247	0.00284
7	0.00451	0.00286	0.00372	0.00340	0.00418	0.00260	0.00259	0.00569	0.00735	0.10117	0.74878	0.01883	0.07374	0.00522	0.00305	0.00083	0.00135	0.00457	0.00290	0.00266
8	0.00495	0.00466	0.00787	0.90150	0.01807	0.00583	0.00729	0.00670	0.00525	0.00670	0.00466	0.00699	0.00350	0.00262	0.00262	0.00087	0.00350	0.00233	0.00117	0.00291
9	0.00496	0.00261	0.00266	0.00260	0.00320	0.00264	0.00191	0.03445	0.00557	0.00958	0.00846	0.01033	0.00690	0.08395	0.00289	0.00079	0.00139	0.00256	0.81010	0.00243
10	0.00509	0.00480	0.00812	0.82234	0.09615	0.00586	0.00735	0.00682	0.00531	0.00687	0.00469	0.00695	0.00356	0.00260	0.00262	0.00087	0.00346	0.00233	0.00118	0.00303
11	0.60028	0.00612	0.04168	0.00436	0.00618	0.03564	0.00372	0.18544	0.03221	0.05610	0.00478	0.00514	0.00354	0.00266	0.00197	0.00081	0.00238	0.00175	0.00191	0.00334
12	0.00505	0.00483	0.00838	0.77610	0.01703	0.00576	0.08525	0.00679	0.00533	0.00691	0.00491	0.02412	0.00382	0.00267	0.00266	0.00086	0.00349	0.00247	0.00122	0.03235
13	0.07669	0.00990	0.00673	0.00648	0.05918	0.59874	0.00466	0.04324	0.04365	0.00761	0.00717	0.00756	0.11123	0.00319	0.00244	0.00073	0.00384	0.00225	0.00160	0.00309
14	0.01357	0.20433	0.31844	0.02189	0.06339	0.00686	0.10010	0.05965	0.00602	0.06081	0.01307	0.00668	0.03324	0.00336	0.03581	0.00091	0.03689	0.00222	0.00144	0.01131
15	0.05980	0.00590	0.03641	0.45719	0.15446	0.08536	0.06429	0.00736	0.00562	0.00759	0.00530	0.02338	0.00438	0.00283	0.00258	0.00084	0.00337	0.03465	0.03555	0.00314
16	0.05945	0.04593	0.77623	0.00700	0.01062	0.00614	0.00885	0.00819	0.00546	0.00844	0.00460	0.00541	0.00332	0.00246	0.00239	0.00080	0.00366	0.00187	0.00116	0.03799
17	0.00458	0.03745	0.00509	0.00563	0.16006	0.03684	0.00355	0.00593	0.06314	0.02456	0.16126	0.08461	0.38686	0.00522	0.00291	0.00085	0.00189	0.00447	0.00225	0.00283
18	0.10896	0.08771	0.11263	0.03305	0.20935	0.05081	0.05633	0.08223	0.07796	0.10079	0.00569	0.00636	0.00432	0.00276	0.00274	0.00081	0.04983	0.00220	0.00171	0.00377
19	0.00724	0.14154	0.28610	0.00590	0.00835	0.00589	0.05698	0.07768	0.02803	0.21457	0.00788	0.06798	0.03046	0.00342	0.00259	0.00082	0.00295	0.04592	0.00197	0.00374
20	0.07089	0.10139	0.03865	0.04598	0.44213	0.22384	0.00655	0.01684	0.00619	0.01753	0.00455	0.00569	0.00377	0.00246	0.00238	0.00074	0.00343	0.00201	0.00134	0.00366
21	0.00909	0.00672	0.00748	0.00583	0.00776	0.00737	0.02658	0.69446	0.07970	0.03579	0.08572	0.00784	0.00659	0.00336	0.00268	0.00080	0.00270	0.00265	0.00263	0.00424
22	0.10760	0.00637	0.07763	0.08525	0.00835	0.01969	0.02833	0.24940	0.02412	0.03223	0.00527	0.00590	0.00399	0.00252	0.00227	0.00066	0.00263	0.00196	0.00184	0.33401

[dist]
# distance from previous block
# <min> <max>
1	3

[block]
# block no. 1 follows, 113 sequences, length 6
# corresponding to MSA columns:
# 146-151
name=unknown_B
#
# <colnr> <probs for GDERKNQSTAVLIFYWHMCP>
#	G	D	E	R	K	N	Q	S	T	A	V	L	I	F	Y	W	H	M	C	P
0	0.00377	0.00285	0.00355	0.00331	0.00411	0.00254	0.00253	0.00491	0.00697	0.00969	0.64168	0.01987	0.16185	0.00539	0.00303	0.00082	0.00136	0.04513	0.00269	0.07394
1	0.00350	0.00265	0.00324	0.00314	0.00381	0.00238	0.00234	0.00453	0.00685	0.00929	0.58682	0.08126	0.26876	0.00592	0.00311	0.00086	0.00128	0.00515	0.00273	0.00238
2	0.00767	0.18859	0.19462	0.02654	0.02590	0.07280	0.02779	0.19886	0.07205	0.09091	0.00584	0.00648	0.00446	0.03230	0.00296	0.00083	0.03365	0.00216	0.00180	0.00378
3	0.00475	0.00366	0.02475	0.00398	0.00482	0.00354	0.00304	0.04339	0.17379	0.04609	0.18144	0.24098	0.11340	0.07569	0.00381	0.00105	0.00180	0.03935	0.02790	0.00281
4	0.02412	0.03443	0.02175	0.07425	0.02611	0.01863	0.00396	0.08106	0.09453	0.04581	0.00712	0.07661	0.01876	0.00315	0.00236	0.00066	0.00226	0.03625	0.02721	0.40098
5	0.21704	0.37867	0.06157	0.00471	0.00663	0.07147	0.00436	0.11361	0.00620	0.00918	0.03951	0.00548	0.00437	0.00267	0.00213	0.00070	0.02651	0.00178	0.04014	0.00330

[dist]
# distance from previous block
# <min> <max>
12	63

[block]
# block no. 2 follows, 113 sequences, length 25
# corresponding to MSA columns:
# 221-245
name=unknown_C
#
# <colnr> <probs for GDERKNQSTAVLIFYWHMCP>
#	G	D	E	R	K	N	Q	S	T	A	V	L	I	F	Y	W	H	M	C	P
0	0.00616	0.00597	0.00981	0.25586	0.63142	0.02960	0.00777	0.00775	0.00581	0.00801	0.00484	0.00658	0.00396	0.00242	0.00260	0.00080	0.00326	0.00232	0.00126	0.00379
1	0.00640	0.00600	0.07491	0.04456	0.07887	0.00600	0.00488	0.06023	0.53805	0.03986	0.04491	0.01031	0.05762	0.00359	0.00269	0.00087	0.00234	0.01163	0.00238	0.00391
2	0.00376	0.00277	0.00402	0.00402	0.00442	0.00317	0.00304	0.00456	0.00416	0.00595	0.00720	0.01128	0.00698	0.14615	0.77152	0.00398	0.00639	0.00295	0.00143	0.00224
3	0.07785	0.00566	0.00696	0.02640	0.15727	0.02669	0.04668	0.04934	0.42745	0.05679	0.02124	0.03215	0.03811	0.00342	0.00263	0.00086	0.00245	0.01199	0.00224	0.00384
4	0.00375	0.00262	0.00327	0.00330	0.00361	0.00253	0.00227	0.00440	0.00555	0.00764	0.35967	0.10442	0.01670	0.37240	0.02811	0.00165	0.00202	0.07180	0.00225	0.00207
5	0.00701	0.90938	0.01375	0.00449	0.00673	0.01038	0.00449	0.00786	0.00533	0.00617	0.00365	0.00421	0.00337	0.00224	0.00168	0.00056	0.00281	0.00140	0.00112	0.00337
6	0.01637	0.00683	0.06183	0.18172	0.19424	0.04194	0.34834	0.00803	0.00583	0.03187	0.00500	0.00667	0.00388	0.00257	0.00324	0.00087	0.07337	0.00258	0.00132	0.00351
7	0.00416	0.00288	0.00361	0.00334	0.00410	0.00265	0.00253	0.02770	0.00734	0.05078	0.70062	0.01959	0.14995	0.00540	0.00306	0.00083	0.00134	0.00470	0.00283	0.00258
8	0.00380	0.00262	0.00325	0.00325	0.00339	0.00276	0.00208	0.00407	0.00393	0.00538	0.00791	0.01517	0.00867	0.64980	0.27017	0.00303	0.00385	0.00352	0.00154	0.00181
9	0.85546	0.00525	0.00417	0.00365	0.00531	0.00606	0.00301	0.07538	0.00507	0.01214	0.00386	0.00442	0.00297	0.00249	0.00170	0.00081	0.00210	0.00149	0.00170	0.00297
10	0.00739	0.00543	0.04427	0.00459	0.00675	0.00458	0.00387	0.19313	0.00738	0.16841	0.06250	0.00728	0.00584	0.01279	0.00244	0.00062	0.00224	0.00216	0.00215	0.45617
11	0.07783	0.16282	0.26089	0.00667	0.00923	0.04761	0.14753	0.13147	0.02562	0.06269	0.00557	0.01591	0.00434	0.00277	0.00245	0.00079	0.00334	0.02716	0.00162	0.00368
12	0.00976	0.02975	0.00653	0.00497	0.00681	0.00540	0.00408	0.30299	0.04831	0.42058	0.09952	0.02272	0.00785	0.00349	0.00266	0.00080	0.00233	0.00281	0.01450	0.00415
13	0.02216	0.66212	0.01171	0.00485	0.02212	0.05006	0.00443	0.08495	0.03151	0.00770	0.07268	0.00581	0.00526	0.00263	0.00195	0.00062	0.00275	0.00182	0.00146	0.00341
14	0.00619	0.00708	0.01548	0.01106	0.01371	0.00663	0.88191	0.00840	0.00619	0.00840	0.00531	0.00708	0.00398	0.00221	0.00310	0.00088	0.00442	0.00310	0.00133	0.00354
15	0.04692	0.08268	0.39725	0.02824	0.05213	0.04246	0.05182	0.10452	0.06653	0.02525	0.01178	0.01898	0.00468	0.00291	0.00255	0.00082	0.01057	0.03274	0.01349	0.00371
16	0.00499	0.00427	0.03450	0.01999	0.03020	0.00413	0.07170	0.09171	0.12271	0.01761	0.06329	0.35369	0.01994	0.00582	0.00313	0.00099	0.00224	0.14382	0.00234	0.00295
17	0.00337	0.00257	0.00303	0.00313	0.00370	0.00231	0.00225	0.00411	0.00599	0.00781	0.26213	0.23319	0.35445	0.07701	0.00397	0.00105	0.00147	0.02375	0.00250	0.00222
18	0.00380	0.00262	0.00326	0.00326	0.00340	0.00276	0.00209	0.00407	0.00393	0.00538	0.00790	0.01514	0.00866	0.64528	0.27467	0.00304	0.00387	0.00352	0.00154	0.00181
19	0.00691	0.24684	0.15408	0.04117	0.09151	0.13090	0.07437	0.08436	0.02999	0.02029	0.00551	0.07522	0.00483	0.00300	0.00252	0.00076	0.02033	0.00241	0.00149	0.00350
20	0.09330	0.16677	0.19268	0.00718	0.09857	0.09501	0.07528	0.09435	0.03980	0.07133	0.01702	0.00599	0.00423	0.00267	0.00250	0.00077	0.02518	0.00208	0.00160	0.00368
21	0.00491	0.00341	0.00401	0.00362	0.00460	0.00329	0.00279	0.07389	0.08121	0.07958	0.42569	0.03909	0.24293	0.00524	0.00298	0.00085	0.00154	0.00449	0.01302	0.00285
22	0.06019	0.00420	0.00551	0.00441	0.00614	0.00376	0.00357	0.02283	0.00721	0.68044	0.09427	0.07905	0.00885	0.00379	0.00268	0.00083	0.00208	0.00314	0.00305	0.00401
23	0.04128	0.03040	0.18774	0.03416	0.20696	0.04055	0.02537	0.07763	0.01931	0.06349	0.00755	0.12091	0.03883	0.00412	0.02649	0.00095	0.04135	0.02769	0.00173	0.00350
24	0.03921	0.03357	0.00618	0.00464	0.01668	0.15041	0.00365	0.05948	0.00619	0.02820	0.00472	0.00538	0.00384	0.00220	0.00206	0.00049	0.00250	0.00165	0.00161	0.62734

[dist]
# distance from previous block
# <min> <max>
0	1

[block]
# block no. 3 follows, 113 sequences, length 33
# corresponding to MSA columns:
# 247-279
name=unknown_D
#
# <colnr> <probs for GDERKNQSTAVLIFYWHMCP>
#	G	D	E	R	K	N	Q	S	T	A	V	L	I	F	Y	W	H	M	C	P
0	0.00358	0.00252	0.00301	0.00316	0.00341	0.00245	0.00206	0.00395	0.00461	0.00616	0.02911	0.25233	0.13509	0.40859	0.09281	0.00198	0.00246	0.00489	0.03589	0.00194
1	0.02993	0.11200	0.06790	0.05949	0.15924	0.10587	0.15616	0.09163	0.01328	0.03845	0.00540	0.04454	0.00455	0.00986	0.01885	0.00089	0.07443	0.00249	0.00152	0.00351
2	0.01958	0.42064	0.32190	0.00618	0.02731	0.02597	0.03154	0.09134	0.00612	0.00811	0.00435	0.00504	0.00348	0.00246	0.00223	0.00071	0.01633	0.00177	0.00128	0.00365
3	0.00398	0.00271	0.00322	0.00331	0.00354	0.00268	0.00223	0.00440	0.01460	0.01589	0.04985	0.01997	0.05500	0.62315	0.01021	0.00208	0.00239	0.17701	0.00188	0.00189
4	0.00332	0.00247	0.00301	0.00334	0.00372	0.00226	0.00232	0.00387	0.00535	0.00693	0.07325	0.47768	0.24846	0.10458	0.00436	0.00117	0.00161	0.04783	0.00237	0.00213
5	0.01845	0.14038	0.09677	0.09821	0.23003	0.11028	0.08720	0.04245	0.02857	0.05649	0.00501	0.00610	0.00396	0.00266	0.00286	0.00079	0.06255	0.00217	0.00144	0.00363
6	0.92633	0.00507	0.00386	0.00345	0.00507	0.00589	0.00284	0.00771	0.00446	0.01177	0.00365	0.00426	0.00284	0.00244	0.00162	0.00081	0.00203	0.00142	0.00162	0.00284
7	0.00388	0.00291	0.00403	0.00401	0.00451	0.00325	0.00304	0.01954	0.03194	0.00647	0.01841	0.05549	0.06357	0.10892	0.64409	0.00345	0.00560	0.01292	0.00163	0.00234
8	0.00980	0.01250	0.00743	0.00676	0.00811	0.89727	0.00507	0.01048	0.00743	0.00642	0.00406	0.00473	0.00338	0.00270	0.00237	0.00068	0.00473	0.00169	0.00135	0.00304
9	0.00451	0.00258	0.00288	0.00280	0.00342	0.00253	0.00210	0.00583	0.01942	0.00996	0.29097	0.01294	0.01252	0.00415	0.02109	0.00076	0.00136	0.00320	0.59449	0.00248
10	0.00715	0.00594	0.00628	0.00546	0.00706	0.00682	0.00430	0.17049	0.72913	0.01198	0.00989	0.00916	0.00737	0.00349	0.00266	0.00087	0.00222	0.00286	0.00266	0.00421
11	0.00348	0.00277	0.00315	0.00311	0.00389	0.00248	0.00237	0.00457	0.03399	0.00838	0.31196	0.04871	0.49752	0.00620	0.00312	0.00089	0.00139	0.05704	0.00259	0.00237
12	0.00355	0.00247	0.00311	0.00349	0.00363	0.00239	0.00232	0.00392	0.00468	0.00622	0.01204	0.46684	0.01412	0.35058	0.00719	0.00164	0.00201	0.10574	0.00211	0.00196
13	0.00949	0.00429	0.00558	0.00445	0.00611	0.00394	0.00361	0.09362	0.01779	0.57367	0.22569	0.01131	0.01080	0.00376	0.00274	0.00081	0.00204	0.00313	0.01323	0.00395
14	0.00375	0.00281	0.00422	0.00422	0.00468	0.00328	0.00328	0.00468	0.00422	0.00609	0.00703	0.01031	0.00656	0.01968	0.89741	0.00422	0.00703	0.00281	0.00141	0.00234
15	0.92633	0.00507	0.00386	0.00345	0.00507	0.00589	0.00284	0.00771	0.00446	0.01177	0.00365	0.00426	0.00284	0.00244	0.00162	0.00081	0.00203	0.00142	0.00162	0.00284
16	0.00612	0.00616	0.01207	0.00934	0.03878	0.00595	0.57363	0.09096	0.00674	0.00906	0.00732	0.01205	0.00653	0.00344	0.00315	0.00094	0.00378	0.19889	0.00169	0.00339
17	0.00638	0.00554	0.00612	0.09065	0.00789	0.00646	0.00445	0.01325	0.80279	0.01057	0.01010	0.00952	0.00758	0.00347	0.00266	0.00089	0.00221	0.00291	0.00253	0.00403
18	0.63235	0.00534	0.00466	0.00398	0.00555	0.00607	0.00320	0.20419	0.00617	0.01221	0.00469	0.00595	0.00384	0.08879	0.00297	0.00097	0.00227	0.00186	0.00185	0.00309
19	0.00739	0.00592	0.00631	0.00545	0.00707	0.00674	0.00430	0.18213	0.68496	0.04458	0.00982	0.00908	0.00727	0.00347	0.00266	0.00087	0.00224	0.00284	0.00268	0.00422
20	0.92633	0.00507	0.00386	0.00345	0.00507	0.00589	0.00284	0.00771	0.00446	0.01177	0.00365	0.00426	0.00284	0.00244	0.00162	0.00081	0.00203	0.00142	0.00162	0.00284
21	0.00649	0.00623	0.01065	0.01610	0.89144	0.00623	0.00805	0.00805	0.00597	0.00857	0.00493	0.00649	0.00416	0.00234	0.00260	0.00078	0.00312	0.00234	0.00130	0.00416
22	0.00684	0.00629	0.00608	0.00547	0.00694	0.09132	0.00424	0.01361	0.80299	0.01054	0.01005	0.00931	0.00757	0.00348	0.00264	0.00087	0.00233	0.00284	0.00254	0.00405
23	0.00393	0.00306	0.00449	0.00439	0.00479	0.00367	0.00341	0.00479	0.00418	0.00606	0.00677	0.01024	0.00643	0.06198	0.77499	0.00386	0.08642	0.00281	0.00139	0.00235
24	0.00667	0.00571	0.00601	0.00537	0.00688	0.00659	0.00419	0.04956	0.85085	0.01120	0.01050	0.00964	0.00786	0.00354	0.00267	0.00089	0.00211	0.00294	0.00267	0.00417
25	0.00410	0.00293	0.00408	0.00468	0.00523	0.00291	0.00400	0.00521	0.00591	0.00770	0.01396	0.14046	0.01538	0.00737	0.00359	0.00119	0.00230	0.76420	0.00242	0.00238
26	0.00689	0.00489	0.00533	0.00456	0.00587	0.00539	0.00362	0.29606	0.21860	0.02474	0.04620	0.00910	0.00705	0.00489	0.08762	0.00109	0.00254	0.00268	0.25934	0.00354
27	0.92633	0.00507	0.00386	0.00345	0.00507	0.00589	0.00284	0.00771	0.00446	0.01177	0.00365	0.00426	0.00284	0.00244	0.00162	0.00081	0.00203	0.00142	0.00162	0.00284
28	0.02210	0.58542	0.12335	0.00538	0.03770	0.07006	0.01256	0.00785	0.01774	0.00673	0.00479	0.02251	0.01237	0.04046	0.00246	0.00073	0.00302	0.02022	0.00126	0.00331
29	0.02750	0.08223	0.23589	0.00483	0.00651	0.04838	0.01562	0.01364	0.01584	0.00769	0.06832	0.13671	0.18044	0.01258	0.08797	0.00118	0.00296	0.02723	0.02159	0.00288
30	0.03407	0.07006	0.07540	0.05057	0.17572	0.18902	0.03481	0.18858	0.08041	0.02792	0.00567	0.02507	0.00451	0.00283	0.00248	0.00076	0.00330	0.00226	0.00174	0.02480
31	0.08067	0.08689	0.11682	0.01743	0.02109	0.05977	0.00426	0.08485	0.03479	0.00854	0.04786	0.21540	0.13353	0.01314	0.00298	0.00089	0.02594	0.04022	0.00198	0.00295
32	0.01379	0.07080	0.07813	0.00509	0.02281	0.11651	0.02784	0.02832	0.01933	0.02843	0.06784	0.22432	0.05959	0.00757	0.16163	0.01357	0.03137	0.01027	0.00185	0.01094

[dist]
# distance from previous block
# <min> <max>
0	33

[block]
# block no. 4 follows, 113 sequences, length 16
# corresponding to MSA columns:
# 313-328
name=unknown_E
#
# <colnr> <probs for GDERKNQSTAVLIFYWHMCP>
#	G	D	E	R	K	N	Q	S	T	A	V	L	I	F	Y	W	H	M	C	P
0	0.01918	0.11501	0.09503	0.07788	0.03540	0.19988	0.02599	0.10978	0.02175	0.07996	0.02191	0.00710	0.03070	0.00322	0.00333	0.00082	0.13015	0.01782	0.00166	0.00342
1	0.01073	0.00484	0.00623	0.00498	0.02120	0.00450	0.00400	0.14992	0.02165	0.66493	0.02735	0.02928	0.03097	0.00347	0.00267	0.00082	0.00229	0.00282	0.00306	0.00430
2	0.92633	0.00507	0.00386	0.00345	0.00507	0.00589	0.00284	0.00771	0.00446	0.01177	0.00365	0.00426	0.00284	0.00244	0.00162	0.00081	0.00203	0.00142	0.00162	0.00284
3	0.00316	0.00261	0.00278	0.00283	0.00361	0.00223	0.00209	0.00385	0.00599	0.00733	0.09777	0.13051	0.71275	0.00673	0.00313	0.00090	0.00134	0.00570	0.00247	0.00223
4	0.00350	0.00274	0.00289	0.00284	0.00374	0.00232	0.00216	0.00424	0.00615	0.04014	0.09438	0.02431	0.76593	0.00643	0.00310	0.00089	0.00138	0.02804	0.00250	0.00232
5	0.00544	0.00466	0.00544	0.00389	0.00622	0.00350	0.00311	0.00661	0.00544	0.00855	0.00466	0.00544	0.00389	0.00194	0.00194	0.00039	0.00194	0.00155	0.00155	0.92384
6	0.00495	0.00466	0.00787	0.90150	0.01807	0.00583	0.00729	0.00670	0.00525	0.00670	0.00466	0.00699	0.00350	0.00262	0.00262	0.00087	0.00350	0.00233	0.00117	0.00291
7	0.00448	0.00318	0.00379	0.00355	0.00434	0.00310	0.00267	0.03538	0.09979	0.04538	0.45019	0.07171	0.14941	0.06367	0.00366	0.00096	0.00155	0.01776	0.03274	0.00268
8	0.00322	0.00235	0.00305	0.00357	0.00382	0.00217	0.00243	0.00374	0.00522	0.00689	0.04503	0.77072	0.10464	0.00795	0.00332	0.00104	0.00151	0.02473	0.00245	0.00216
9	0.03416	0.00433	0.03666	0.02812	0.04778	0.01975	0.00349	0.12334	0.02428	0.00885	0.16749	0.05898	0.04695	0.22911	0.03493	0.01161	0.05414	0.00352	0.05982	0.00269
10	0.00626	0.10327	0.23566	0.08861	0.31723	0.03618	0.08875	0.03120	0.00594	0.02163	0.00501	0.02141	0.00405	0.00272	0.01139	0.00083	0.01254	0.00228	0.00131	0.00375
11	0.00319	0.00231	0.00302	0.00359	0.00379	0.00214	0.00241	0.00366	0.00508	0.00672	0.01524	0.84915	0.07379	0.00812	0.00333	0.00105	0.00151	0.00733	0.00244	0.00214
12	0.00382	0.00254	0.00286	0.00286	0.00286	0.00254	0.00159	0.00382	0.00382	0.00509	0.00827	0.01717	0.00954	0.90780	0.01335	0.00254	0.00254	0.00382	0.00159	0.00159
13	0.03945	0.17507	0.21227	0.05874	0.17810	0.07258	0.05979	0.11764	0.03576	0.00896	0.00489	0.00578	0.00383	0.00256	0.00246	0.00077	0.01411	0.00206	0.00144	0.00373
14	0.00715	0.04930	0.06283	0.08788	0.08264	0.04632	0.04777	0.17288	0.11828	0.08587	0.05293	0.00813	0.01332	0.00353	0.01641	0.00895	0.07290	0.01028	0.04898	0.00363
15	0.02167	0.00282	0.03228	0.00372	0.00411	0.00243	0.00267	0.00414	0.00513	0.01974	0.04502	0.70108	0.04548	0.06575	0.00389	0.00112	0.00169	0.02225	0.00234	0.01266

[dist]
# distance from previous block
# <min> <max>
0	32

[block]
# block no. 5 follows, 113 sequences, length 22
# corresponding to MSA columns:
# 361-382
name=unknown_F
#
# <colnr> <probs for GDERKNQSTAVLIFYWHMCP>
#	G	D	E	R	K	N	Q	S	T	A	V	L	I	F	Y	W	H	M	C	P
0	0.10686	0.10950	0.04098	0.01360	0.08810	0.21162	0.06156	0.07278	0.07290	0.07353	0.05286	0.00704	0.00544	0.01165	0.02014	0.00086	0.03602	0.00935	0.00176	0.00344
1	0.08931	0.15484	0.09360	0.01364	0.08351	0.14764	0.01414	0.08524	0.08046	0.05716	0.01929	0.04539	0.02210	0.00299	0.00232	0.00073	0.00292	0.00230	0.00951	0.07291
2	0.04647	0.62226	0.19717	0.00536	0.00790	0.04035	0.03397	0.00805	0.00544	0.00694	0.00394	0.00460	0.00336	0.00232	0.00192	0.00064	0.00312	0.00158	0.00116	0.00344
3	0.00432	0.00329	0.00449	0.00432	0.00474	0.02005	0.00330	0.00508	0.00439	0.03484	0.02445	0.03282	0.00723	0.14529	0.59282	0.00334	0.09832	0.00303	0.00152	0.00237
4	0.00590	0.00424	0.00492	0.00443	0.00556	0.00435	0.00356	0.26201	0.03708	0.04353	0.19933	0.07911	0.14944	0.01627	0.00317	0.00093	0.00206	0.16840	0.00261	0.00310
5	0.00362	0.00265	0.00339	0.00327	0.00388	0.00242	0.00243	0.00474	0.00711	0.00991	0.74224	0.08804	0.10513	0.00570	0.00311	0.00085	0.00127	0.00503	0.00281	0.00242
6	0.00639	0.00613	0.01046	0.07638	0.83198	0.00621	0.00800	0.00796	0.00592	0.00844	0.00492	0.00653	0.00411	0.00236	0.00260	0.00079	0.00314	0.00234	0.00129	0.00407
7	0.00420	0.00253	0.00271	0.00270	0.00335	0.00238	0.00201	0.00526	0.00593	0.00916	0.16867	0.05248	0.21445	0.00451	0.00241	0.00073	0.00126	0.00377	0.50909	0.00238
8	0.00979	0.00726	0.00777	0.00600	0.00806	0.00805	0.00494	0.83595	0.05938	0.01623	0.00653	0.00649	0.00465	0.00317	0.00263	0.00079	0.00284	0.00239	0.00263	0.00444
9	0.00386	0.00258	0.00307	0.00308	0.00320	0.00265	0.00191	0.00411	0.00402	0.00560	0.00822	0.03599	0.00903	0.67770	0.16206	0.00267	0.00319	0.00364	0.06163	0.00179
10	0.00337	0.00255	0.00312	0.00326	0.00381	0.00230	0.00236	0.00418	0.00617	0.00816	0.31919	0.30984	0.28656	0.00673	0.00319	0.00093	0.00139	0.02803	0.00259	0.00228
11	0.00526	0.01357	0.89421	0.00748	0.01135	0.00609	0.00969	0.00831	0.00554	0.00831	0.00471	0.00554	0.00332	0.00249	0.00249	0.00083	0.00388	0.00194	0.00111	0.00388
12	0.00317	0.00238	0.00294	0.00339	0.00373	0.00215	0.00232	0.00368	0.00528	0.00680	0.01772	0.66907	0.25226	0.00780	0.00328	0.00102	0.00147	0.00694	0.00244	0.00215
13	0.00375	0.00281	0.00422	0.00422	0.00468	0.00328	0.00328	0.00468	0.00422	0.00609	0.00703	0.01031	0.00656	0.01968	0.89741	0.00422	0.00703	0.00281	0.00141	0.00234
14	0.00949	0.01192	0.00773	0.00763	0.09050	0.81417	0.00535	0.01025	0.00730	0.00662	0.00414	0.00490	0.00345	0.00267	0.00239	0.00069	0.00458	0.00175	0.00135	0.00315
15	0.00532	0.04148	0.86678	0.00738	0.01121	0.00623	0.00953	0.00829	0.00553	0.00824	0.00467	0.00550	0.00332	0.00248	0.00247	0.00082	0.00384	0.00192	0.00111	0.00386
16	0.00603	0.11119	0.52638	0.06660	0.03764	0.10282	0.03626	0.02837	0.00598	0.00806	0.04370	0.00612	0.00437	0.00262	0.00245	0.00079	0.00368	0.00206	0.00127	0.00362
17	0.00319	0.00232	0.00301	0.00356	0.00378	0.00214	0.00239	0.00366	0.00511	0.00673	0.01560	0.82340	0.09931	0.00807	0.00333	0.00105	0.00150	0.00728	0.00244	0.00214
18	0.00588	0.00550	0.00903	0.26791	0.50318	0.00595	0.00717	0.00755	0.03051	0.02051	0.00632	0.00785	0.05736	0.00285	0.00296	0.00084	0.05107	0.00255	0.00139	0.00362
19	0.00701	0.90938	0.01375	0.00449	0.00673	0.01038	0.00449	0.00786	0.00533	0.00617	0.00365	0.00421	0.00337	0.00224	0.00168	0.00056	0.00281	0.00140	0.00112	0.00337
20	0.00320	0.00228	0.00304	0.00365	0.00381	0.00213	0.00244	0.00365	0.00502	0.00670	0.01446	0.90609	0.01735	0.00822	0.00335	0.00107	0.00152	0.00746	0.00244	0.00213
21	0.00347	0.00270	0.00321	0.00369	0.00394	0.03522	0.00250	0.00398	0.00526	0.00687	0.05646	0.77106	0.06274	0.02126	0.00344	0.00105	0.00163	0.00696	0.00240	0.00218

[dist]
# distance from previous block
# <min> <max>
16	164

[block]
# block no. 6 follows, 113 sequences, length 26
# corresponding to MSA columns:
# 589-614
name=unknown_G
#
# <colnr> <probs for GDERKNQSTAVLIFYWHMCP>
#	G	D	E	R	K	N	Q	S	T	A	V	L	I	F	Y	W	H	M	C	P
0	0.25619	0.00647	0.04117	0.00555	0.04502	0.04575	0.01085	0.33385	0.07700	0.08348	0.00689	0.04131	0.02910	0.00320	0.00239	0.00081	0.00259	0.00242	0.00221	0.00374
1	0.00356	0.00297	0.00315	0.00306	0.00396	0.00269	0.00230	0.00496	0.09163	0.00797	0.14843	0.04876	0.64182	0.00614	0.00305	0.00088	0.00140	0.00517	0.00251	0.01560
2	0.03667	0.00374	0.00508	0.02581	0.11413	0.00394	0.00381	0.04067	0.02823	0.04818	0.13553	0.05822	0.10943	0.07577	0.18986	0.00172	0.04279	0.07160	0.00202	0.00279
3	0.00346	0.00280	0.00309	0.00299	0.00382	0.00249	0.00225	0.00462	0.04535	0.00842	0.31788	0.02265	0.55868	0.00607	0.00308	0.00087	0.00133	0.00516	0.00260	0.00239
4	0.00628	0.09436	0.01392	0.01084	0.14849	0.00706	0.58563	0.00812	0.00589	0.00803	0.00493	0.00659	0.00390	0.00244	0.00336	0.00086	0.08172	0.00275	0.00129	0.00356
5	0.32209	0.03604	0.00643	0.00553	0.00701	0.50918	0.00430	0.05153	0.00654	0.00872	0.00400	0.00465	0.00325	0.00265	0.00221	0.00073	0.01894	0.00163	0.00150	0.00305
6	0.00356	0.00248	0.00331	0.00383	0.00414	0.00233	0.00276	0.00418	0.00533	0.02605	0.02752	0.68530	0.05262	0.00784	0.00337	0.00107	0.00168	0.15793	0.00246	0.00224
7	0.00591	0.03152	0.37337	0.05839	0.02268	0.01532	0.19871	0.05515	0.11980	0.00887	0.00638	0.00723	0.03239	0.00282	0.00285	0.00085	0.03362	0.00249	0.01795	0.00369
8	0.00548	0.03619	0.82888	0.00743	0.01119	0.00617	0.03207	0.00840	0.00559	0.02811	0.00482	0.00562	0.00341	0.00250	0.00249	0.00082	0.00383	0.00197	0.00116	0.00387
9	0.00445	0.00360	0.02446	0.04318	0.01678	0.00347	0.03087	0.04893	0.03511	0.02626	0.12879	0.04845	0.19469	0.27961	0.04264	0.00153	0.02277	0.03991	0.00207	0.00244
10	0.00484	0.00419	0.01763	0.00481	0.00546	0.01958	0.03122	0.01689	0.03873	0.00718	0.03500	0.01773	0.03511	0.10895	0.26242	0.00202	0.22433	0.00284	0.09190	0.06914
11	0.00317	0.00264	0.00277	0.00279	0.00360	0.00224	0.00207	0.00389	0.00609	0.00745	0.12159	0.07487	0.74463	0.00659	0.00311	0.00089	0.00133	0.00556	0.00249	0.00224
12	0.00712	0.06230	0.02324	0.16739	0.16990	0.23057	0.02676	0.04562	0.19190	0.00833	0.00626	0.00722	0.01762	0.00291	0.00259	0.00079	0.01185	0.01243	0.00165	0.00354
13	0.00907	0.13336	0.03333	0.00621	0.02069	0.31469	0.00506	0.36185	0.07238	0.01087	0.00541	0.00570	0.00416	0.00287	0.00240	0.00073	0.00348	0.00203	0.00192	0.00378
14	0.00873	0.00410	0.00538	0.00441	0.00587	0.00391	0.00354	0.04678	0.01822	0.50108	0.03507	0.02490	0.02416	0.04917	0.11309	0.00130	0.04249	0.00284	0.06909	0.03588
15	0.03373	0.01584	0.13000	0.07315	0.15719	0.10670	0.10448	0.04910	0.03598	0.06699	0.03774	0.01304	0.03940	0.00353	0.01984	0.00091	0.07073	0.03651	0.00166	0.00348
16	0.00564	0.12193	0.50802	0.00720	0.01013	0.00652	0.12648	0.02268	0.02255	0.01418	0.00559	0.04647	0.00466	0.00301	0.00287	0.00085	0.04780	0.03851	0.00132	0.00360
17	0.75974	0.00496	0.00426	0.00367	0.00537	0.00552	0.00303	0.00864	0.00502	0.17234	0.00487	0.00511	0.00351	0.00258	0.00181	0.00081	0.00207	0.00164	0.00192	0.00314
18	0.00343	0.00252	0.00311	0.00345	0.00383	0.00235	0.00245	0.00400	0.00529	0.00686	0.05352	0.41693	0.21227	0.14442	0.00484	0.00126	0.00174	0.12327	0.00232	0.00212
19	0.00726	0.03622	0.04647	0.12673	0.29305	0.16634	0.12743	0.08764	0.00672	0.03838	0.00509	0.00632	0.00399	0.00258	0.00268	0.00079	0.01843	0.00229	0.01792	0.00366
20	0.00390	0.00277	0.00355	0.00388	0.02001	0.00265	0.00271	0.00494	0.05368	0.04562	0.11045	0.51324	0.14269	0.00769	0.05006	0.00116	0.00186	0.02424	0.00246	0.00244
21	0.00352	0.00239	0.00318	0.00367	0.00391	0.00225	0.00249	0.00401	0.00506	0.03630	0.01407	0.79614	0.03317	0.03314	0.04211	0.00123	0.00181	0.00696	0.00239	0.00220
22	0.00637	0.00657	0.05091	0.08352	0.26350	0.03791	0.28366	0.03188	0.07346	0.03545	0.02187	0.00874	0.00546	0.00291	0.00292	0.00086	0.01631	0.06245	0.00159	0.00366
23	0.00589	0.05864	0.08497	0.11128	0.34646	0.02512	0.12224	0.01976	0.03541	0.00816	0.00723	0.00998	0.05592	0.00318	0.00274	0.00085	0.00320	0.09391	0.00151	0.00355
24	0.79056	0.00499	0.00404	0.00356	0.00516	0.00569	0.00292	0.04647	0.00501	0.04983	0.00436	0.00489	0.00331	0.00254	0.00172	0.00080	0.00203	0.00158	0.05761	0.00296
25	0.00507	0.00378	0.00481	0.00449	0.00526	0.00387	0.04094	0.19312	0.00673	0.02799	0.02820	0.50440	0.08101	0.04425	0.00373	0.00104	0.03061	0.00556	0.00238	0.00276

[dist]
# distance from previous block
# <min> <max>
0	4

[block]
# block no. 7 follows, 113 sequences, length 28
# corresponding to MSA columns:
# 619-646
name=unknown_H
#
# <colnr> <probs for GDERKNQSTAVLIFYWHMCP>
#	G	D	E	R	K	N	Q	S	T	A	V	L	I	F	Y	W	H	M	C	P
0	0.00588	0.03600	0.03367	0.08603	0.23095	0.09041	0.09766	0.02584	0.04683	0.02902	0.00893	0.10839	0.10450	0.00477	0.05852	0.00106	0.01202	0.01456	0.00169	0.00327
1	0.00668	0.01832	0.00906	0.16669	0.36594	0.10305	0.05328	0.00799	0.00583	0.06975	0.00567	0.01998	0.02458	0.00326	0.01990	0.00090	0.11167	0.00247	0.00144	0.00353
2	0.00547	0.00502	0.00816	0.74429	0.11038	0.00603	0.00721	0.06840	0.00582	0.00759	0.00481	0.00689	0.00363	0.00263	0.00262	0.00086	0.00341	0.00233	0.00128	0.00316
3	0.00641	0.00653	0.01213	0.03869	0.35951	0.00653	0.38814	0.03603	0.07841	0.00883	0.00556	0.00701	0.00437	0.00248	0.00298	0.00085	0.02755	0.00272	0.00146	0.00383
4	0.06951	0.00378	0.00424	0.00390	0.00491	0.00395	0.00299	0.00793	0.27362	0.03029	0.45923	0.01584	0.10010	0.00468	0.00285	0.00085	0.00158	0.00400	0.00270	0.00303
5	0.03804	0.00505	0.00639	0.00504	0.01806	0.00479	0.00409	0.16743	0.03516	0.67323	0.00937	0.00832	0.00604	0.00320	0.00261	0.00081	0.00235	0.00256	0.00305	0.00440
6	0.01046	0.00605	0.00702	0.00543	0.00745	0.00628	0.00447	0.48445	0.04680	0.36835	0.00812	0.00756	0.00546	0.00344	0.01537	0.00085	0.00265	0.00250	0.00286	0.00442
7	0.00704	0.00589	0.00622	0.00544	0.00702	0.00677	0.00428	0.14482	0.75498	0.01181	0.01002	0.00926	0.00747	0.00350	0.00266	0.00087	0.00220	0.00287	0.00266	0.00420
8	0.00681	0.07069	0.03827	0.05935	0.58272	0.12095	0.05789	0.00829	0.00606	0.00799	0.00472	0.00613	0.00392	0.00241	0.00259	0.00077	0.01311	0.00222	0.00128	0.00383
9	0.00497	0.00377	0.00433	0.00496	0.06705	0.07485	0.00364	0.00603	0.00591	0.02803	0.02821	0.16167	0.02222	0.00556	0.00294	0.00095	0.00218	0.34894	0.22116	0.00259
10	0.00951	0.01207	0.00808	0.00710	0.00856	0.82568	0.07556	0.01031	0.00733	0.00658	0.00416	0.00492	0.00343	0.00266	0.00242	0.00069	0.00471	0.00180	0.00135	0.00308
11	0.00666	0.64420	0.15401	0.00654	0.12703	0.00913	0.00580	0.00795	0.00545	0.00684	0.00399	0.00473	0.00347	0.00230	0.00194	0.00063	0.00302	0.00161	0.00114	0.00355
12	0.00432	0.00334	0.00416	0.03227	0.01983	0.02592	0.01184	0.01526	0.06423	0.02180	0.14097	0.26516	0.02892	0.20660	0.07741	0.00157	0.02644	0.04541	0.00213	0.00241
13	0.00997	0.00735	0.00787	0.00604	0.00814	0.00814	0.00499	0.88269	0.01233	0.01653	0.00630	0.00630	0.00446	0.00315	0.00262	0.00079	0.00289	0.00236	0.00262	0.00446
14	0.00973	0.00727	0.00807	0.00674	0.07020	0.00800	0.00520	0.82124	0.01189	0.01597	0.00620	0.00631	0.00444	0.00309	0.00262	0.00079	0.00290	0.00236	0.00253	0.00444
15	0.00495	0.00466	0.00787	0.90150	0.01807	0.00583	0.00729	0.00670	0.00525	0.00670	0.00466	0.00699	0.00350	0.00262	0.00262	0.00087	0.00350	0.00233	0.00117	0.00291
16	0.01012	0.00712	0.00773	0.00593	0.00802	0.00779	0.00490	0.81276	0.01195	0.08701	0.00662	0.00651	0.00462	0.00316	0.00263	0.00079	0.00283	0.00238	0.00267	0.00446
17	0.00608	0.00587	0.00802	0.00682	0.00699	0.00804	0.00568	0.07676	0.00469	0.00714	0.00367	0.00578	0.00353	0.00448	0.00813	0.00112	0.83064	0.00230	0.00127	0.00300
18	0.00755	0.00582	0.00629	0.00542	0.00704	0.00656	0.00430	0.18905	0.62055	0.07840	0.00985	0.00955	0.00737	0.00355	0.00268	0.00087	0.00226	0.02600	0.00270	0.00419
19	0.00325	0.00264	0.00288	0.00287	0.00365	0.00227	0.00214	0.00404	0.00627	0.00788	0.23211	0.07882	0.62913	0.00644	0.00311	0.00088	0.00132	0.00547	0.00254	0.00227
20	0.00380	0.00254	0.00287	0.00288	0.00289	0.00253	0.00161	0.00381	0.00385	0.00513	0.00843	0.04131	0.00975	0.88338	0.01308	0.00250	0.00252	0.00391	0.00161	0.00160
21	0.02285	0.00628	0.00618	0.00542	0.00696	0.07579	0.00424	0.13273	0.64550	0.02218	0.00937	0.00881	0.00702	0.00340	0.00260	0.00085	0.00237	0.00274	0.03069	0.00404
22	0.00317	0.00261	0.00278	0.00285	0.00361	0.00222	0.00210	0.00385	0.00597	0.00732	0.09725	0.14877	0.69492	0.00676	0.00313	0.00091	0.00135	0.00574	0.00247	0.00222
23	0.00680	0.00608	0.00678	0.00580	0.00728	0.09530	0.08518	0.06599	0.48089	0.04373	0.09277	0.01035	0.01599	0.00398	0.02235	0.00094	0.01596	0.02771	0.00239	0.00373
24	0.00370	0.00279	0.00347	0.00381	0.00422	0.00276	0.00266	0.00518	0.12363	0.00772	0.11436	0.65829	0.04295	0.00722	0.00322	0.00101	0.00156	0.00649	0.00252	0.00244
25	0.00504	0.00448	0.00501	0.00474	0.00533	0.11081	0.00368	0.05270	0.00525	0.00692	0.04538	0.01125	0.02448	0.08033	0.45986	0.02089	0.09631	0.05344	0.00159	0.00252
26	0.00549	0.00511	0.00827	0.12003	0.39138	0.00523	0.07645	0.00750	0.08789	0.00844	0.06994	0.02245	0.11338	0.00361	0.00282	0.00086	0.00276	0.06319	0.00175	0.00346
27	0.00616	0.00789	0.22742	0.06217	0.41324	0.05187	0.00743	0.02034	0.05433	0.02660	0.03304	0.00824	0.03057	0.00291	0.00263	0.00082	0.00320	0.03583	0.00150	0.00379

[dist]
# distance from previous block
# <min> <max>
4	23

[block]
# block no. 8 follows, 113 sequences, length 22
# corresponding to MSA columns:
# 670-691
name=unknown_I
#
# <colnr> <probs for GDERKNQSTAVLIFYWHMCP>
#	G	D	E	R	K	N	Q	S	T	A	V	L	I	F	Y	W	H	M	C	P
0	0.00432	0.00450	0.10914	0.01986	0.02543	0.00361	0.04099	0.04824	0.02569	0.00812	0.17660	0.16017	0.11930	0.11417	0.10187	0.00146	0.00274	0.02907	0.00207	0.00266
1	0.00395	0.00267	0.00335	0.00332	0.00363	0.00268	0.00224	0.00444	0.00482	0.03217	0.16129	0.07937	0.04634	0.44607	0.18107	0.00234	0.00306	0.01326	0.00193	0.00204
2	0.00549	0.00519	0.00875	0.54109	0.25838	0.00592	0.04403	0.02656	0.00568	0.00759	0.02451	0.00749	0.02358	0.00273	0.00278	0.00085	0.02227	0.00249	0.00131	0.00329
3	0.00402	0.00320	0.00399	0.00424	0.04998	0.01088	0.00303	0.00532	0.05431	0.00848	0.32168	0.05986	0.22839	0.06892	0.02007	0.00109	0.02349	0.12411	0.00243	0.00252
4	0.27127	0.00631	0.00649	0.00512	0.00707	0.00692	0.00422	0.51676	0.00945	0.13275	0.00609	0.00607	0.00427	0.00296	0.00234	0.00080	0.00255	0.00213	0.00242	0.00400
5	0.00644	0.00616	0.01035	0.04440	0.82447	0.00623	0.00786	0.00826	0.04437	0.00861	0.00518	0.00665	0.00430	0.00240	0.00260	0.00079	0.00308	0.00236	0.00135	0.00412
6	0.00370	0.00261	0.00349	0.00397	0.00437	0.00249	0.00306	0.00433	0.00537	0.00699	0.01471	0.38923	0.11364	0.00775	0.00405	0.08474	0.00191	0.33911	0.00231	0.00216
7	0.00982	0.01179	0.00749	0.00666	0.00811	0.77505	0.00506	0.13037	0.00811	0.00781	0.00436	0.00495	0.00353	0.00276	0.00240	0.00069	0.00448	0.00178	0.00153	0.00324
8	0.00335	0.00237	0.00301	0.00346	0.00361	0.00224	0.00226	0.00372	0.00479	0.00636	0.01340	0.66217	0.04153	0.21336	0.00563	0.00140	0.00176	0.02130	0.00224	0.00201
9	0.00397	0.00274	0.00359	0.00334	0.00401	0.00252	0.00252	0.00520	0.00743	0.03902	0.86166	0.01925	0.02416	0.00529	0.00308	0.00082	0.00127	0.00468	0.00290	0.00254
10	0.00740	0.78609	0.01288	0.00480	0.00692	0.13229	0.00457	0.00822	0.00562	0.00621	0.00370	0.00428	0.00337	0.00231	0.00178	0.00058	0.00307	0.00144	0.00115	0.00332
11	0.00328	0.00232	0.00302	0.00354	0.00368	0.00219	0.00232	0.00368	0.00486	0.00648	0.01361	0.78390	0.01628	0.13188	0.00472	0.00127	0.00166	0.00696	0.00232	0.00206
12	0.04012	0.00448	0.00602	0.00463	0.00665	0.00392	0.00382	0.01263	0.00741	0.86594	0.01014	0.00878	0.00638	0.00322	0.00261	0.00081	0.00223	0.00260	0.00320	0.00441
13	0.92633	0.00507	0.00386	0.00345	0.00507	0.00589	0.00284	0.00771	0.00446	0.01177	0.00365	0.00426	0.00284	0.00244	0.00162	0.00081	0.00203	0.00142	0.00162	0.00284
14	0.01014	0.00709	0.00771	0.00591	0.00801	0.00775	0.00488	0.80383	0.01190	0.09601	0.00667	0.00654	0.00465	0.00316	0.00263	0.00079	0.00283	0.00239	0.00268	0.00446
15	0.00526	0.01357	0.89421	0.00748	0.01135	0.00609	0.00969	0.00831	0.00554	0.00831	0.00471	0.00554	0.00332	0.00249	0.00249	0.00083	0.00388	0.00194	0.00111	0.00388
16	0.00849	0.06689	0.00741	0.00619	0.00740	0.58287	0.00481	0.03448	0.00669	0.03546	0.00465	0.00574	0.00395	0.00521	0.12594	0.00121	0.08622	0.00193	0.00142	0.00304
17	0.13069	0.00342	0.00338	0.00314	0.00421	0.00328	0.00243	0.08410	0.00649	0.00893	0.10832	0.02008	0.60111	0.00562	0.00285	0.00086	0.00156	0.00460	0.00239	0.00253
18	0.02754	0.13248	0.00851	0.00662	0.05952	0.28155	0.00511	0.26537	0.04429	0.02101	0.00501	0.00564	0.00400	0.00316	0.01098	0.00080	0.11104	0.00203	0.00175	0.00360
19	0.00621	0.00635	0.00833	0.55489	0.18482	0.15434	0.00700	0.03368	0.00596	0.00731	0.00466	0.00650	0.00363	0.00260	0.00258	0.00082	0.00361	0.00223	0.00127	0.00322
20	0.00937	0.00756	0.00729	0.00579	0.00768	0.12971	0.00470	0.66005	0.01096	0.03753	0.00794	0.00787	0.08468	0.00341	0.00263	0.00078	0.00298	0.00256	0.00245	0.00406
21	0.71640	0.00592	0.08485	0.00407	0.00588	0.00599	0.00364	0.00862	0.12584	0.01135	0.00471	0.00514	0.00360	0.00259	0.00185	0.00082	0.00220	0.00168	0.00172	0.00312

[dist]
# distance from previous block
# <min> <max>
11	61

[block]
# block no. 9 follows, 113 sequences, length 52
# corresponding to MSA columns:
# 755-806
name=unknown_J
#
# <colnr> <probs for GDERKNQSTAVLIFYWHMCP>
#	G	D	E	R	K	N	Q	S	T	A	V	L	I	F	Y	W	H	M	C	P
0	0.00320	0.00228	0.00304	0.00365	0.00381	0.00213	0.00244	0.00365	0.00502	0.00670	0.01446	0.90609	0.01735	0.00822	0.00335	0.00107	0.00152	0.00746	0.00244	0.00213
1	0.00653	0.00564	0.00593	0.00534	0.00682	0.00653	0.00415	0.01394	0.88670	0.01097	0.01068	0.00979	0.00801	0.00356	0.00267	0.00089	0.00208	0.00297	0.00267	0.00415
2	0.00494	0.00467	0.00799	0.64409	0.01510	0.00568	0.07891	0.00653	0.00510	0.00673	0.00497	0.00739	0.00397	0.00512	0.12943	0.00136	0.06146	0.00246	0.00121	0.00288
3	0.00318	0.00233	0.00300	0.00353	0.00377	0.00214	0.00238	0.00367	0.00514	0.00674	0.01593	0.79903	0.12346	0.00803	0.00332	0.00104	0.00150	0.00722	0.00244	0.00214
4	0.00318	0.00233	0.00299	0.00352	0.00377	0.00214	0.00238	0.00367	0.00515	0.00675	0.01604	0.79105	0.13137	0.00801	0.00332	0.00104	0.00150	0.00721	0.00244	0.00214
5	0.00619	0.00687	0.01453	0.01171	0.14830	0.00651	0.73190	0.00828	0.00612	0.00839	0.00528	0.00705	0.00405	0.00255	0.01916	0.00093	0.00427	0.00297	0.00132	0.00361
6	0.04383	0.77744	0.03424	0.00471	0.00689	0.08340	0.00460	0.00808	0.00547	0.00647	0.00371	0.00429	0.00335	0.00230	0.00176	0.00059	0.00296	0.00144	0.00116	0.00333
7	0.00951	0.00755	0.00758	0.00600	0.00796	0.08141	0.00488	0.69714	0.12613	0.01497	0.00668	0.00662	0.00484	0.00317	0.00261	0.00079	0.00293	0.00239	0.00253	0.00430
8	0.00324	0.00235	0.00299	0.00348	0.00370	0.00217	0.00232	0.00368	0.00503	0.00661	0.01526	0.73726	0.11122	0.08240	0.00415	0.00117	0.00159	0.00695	0.00237	0.00210
9	0.71922	0.08092	0.12100	0.01463	0.00618	0.00628	0.00392	0.00779	0.00469	0.01080	0.00380	0.00446	0.00296	0.00243	0.00175	0.00079	0.00235	0.00150	0.00151	0.00302
10	0.92633	0.00507	0.00386	0.00345	0.00507	0.00589	0.00284	0.00771	0.00446	0.01177	0.00365	0.00426	0.00284	0.00244	0.00162	0.00081	0.00203	0.00142	0.00162	0.00284
11	0.03627	0.00787	0.02820	0.11619	0.18176	0.31979	0.06486	0.01717	0.00638	0.01672	0.00699	0.00888	0.07768	0.00325	0.00278	0.00081	0.02961	0.05499	0.01660	0.00320
12	0.00698	0.00586	0.00619	0.00543	0.00699	0.00674	0.00426	0.12740	0.77250	0.01170	0.01011	0.00933	0.00754	0.00351	0.00266	0.00088	0.00218	0.00289	0.00266	0.00419
13	0.00628	0.00610	0.02266	0.10475	0.75878	0.00611	0.02008	0.00788	0.00589	0.00840	0.00499	0.00661	0.00413	0.00238	0.00259	0.00079	0.00314	0.00234	0.02210	0.00398
14	0.00698	0.00586	0.00619	0.00543	0.00699	0.00674	0.00426	0.12740	0.77250	0.01170	0.01011	0.00933	0.00754	0.00351	0.00266	0.00088	0.00218	0.00289	0.00266	0.00419
15	0.00587	0.00340	0.00398	0.00361	0.00464	0.00328	0.00278	0.03958	0.09577	0.17741	0.14348	0.10163	0.16903	0.00494	0.01882	0.00087	0.00172	0.00393	0.21226	0.00301
16	0.00330	0.00244	0.00290	0.00322	0.00354	0.00224	0.00214	0.00372	0.00502	0.00646	0.01631	0.48578	0.24438	0.19964	0.00542	0.00133	0.00169	0.00618	0.00226	0.00204
17	0.00317	0.00266	0.00275	0.00273	0.00359	0.00224	0.00205	0.00390	0.00614	0.00747	0.12276	0.02462	0.79395	0.00650	0.00310	0.00088	0.00132	0.00545	0.00249	0.00224
18	0.01047	0.00424	0.00570	0.00456	0.00632	0.00374	0.00369	0.03164	0.01650	0.73879	0.01993	0.12616	0.00807	0.00392	0.00274	0.00085	0.00214	0.00329	0.00312	0.00414
19	0.00736	0.00739	0.00632	0.00570	0.00715	0.23394	0.00439	0.01306	0.66222	0.00981	0.00899	0.00850	0.00683	0.00334	0.00259	0.00084	0.00275	0.00264	0.00233	0.00387
20	0.00318	0.00260	0.00281	0.00288	0.00363	0.00223	0.00212	0.00388	0.00600	0.00742	0.12294	0.15955	0.65816	0.00674	0.00314	0.00091	0.00135	0.00574	0.00249	0.00223
21	0.00957	0.00659	0.00762	0.12279	0.00923	0.00722	0.00513	0.64422	0.01072	0.14029	0.00666	0.00676	0.00463	0.00309	0.00263	0.00080	0.00287	0.00240	0.00252	0.00426
22	0.00523	0.00439	0.00510	0.00375	0.00578	0.00337	0.00291	0.00624	0.00523	0.00810	0.00513	0.00697	0.00462	0.12025	0.00343	0.00067	0.00202	0.00185	0.00156	0.80339
23	0.01004	0.00552	0.00602	0.00493	0.00663	0.12078	0.00393	0.07081	0.05791	0.55643	0.04692	0.08285	0.00771	0.00369	0.00268	0.00082	0.00249	0.00300	0.00284	0.00398
24	0.02004	0.00591	0.01012	0.08610	0.64576	0.00599	0.08039	0.01958	0.00596	0.02081	0.00592	0.03730	0.02882	0.00272	0.00273	0.00081	0.01311	0.00265	0.00141	0.00386
25	0.00496	0.13542	0.00605	0.00504	0.09721	0.00431	0.02750	0.00625	0.04392	0.05916	0.21322	0.05087	0.28207	0.00485	0.00281	0.00082	0.00192	0.03558	0.01513	0.00290
26	0.00861	0.17810	0.00912	0.00619	0.00802	0.28586	0.07721	0.27239	0.06454	0.01525	0.00539	0.00585	0.00420	0.00279	0.00241	0.00072	0.00898	0.00208	0.03865	0.00363
27	0.00484	0.00328	0.00410	0.00414	0.00478	0.00331	0.00311	0.10710	0.01940	0.06418	0.03070	0.47178	0.06158	0.02948	0.02731	0.00113	0.02328	0.11032	0.02352	0.00264
28	0.00617	0.34452	0.33651	0.00645	0.00910	0.00776	0.09528	0.04581	0.00573	0.00770	0.00483	0.00648	0.00407	0.01534	0.00281	0.00079	0.05516	0.04070	0.00127	0.00352
