[name]
unknown

[dist]
# distance from previous block
# <min> <max>
35	267

[block]
# block no. 0 follows, 74 sequences, length 14
# corresponding to MSA columns:
# 267-280
name=unknown_A
#
# <colnr> <probs for GDERKNQSTAVLIFYWHMCP>
#	G	D	E	R	K	N	Q	S	T	A	V	L	I	F	Y	W	H	M	C	P
0	0.01039	0.00910	0.00991	0.12889	0.07222	0.09976	0.00718	0.15896	0.34343	0.05054	0.01167	0.01183	0.03564	0.00466	0.00396	0.00119	0.02842	0.00374	0.00309	0.00541
1	0.00446	0.00376	0.00387	0.00384	0.00506	0.00317	0.00288	0.00547	0.00864	0.01045	0.10802	0.03502	0.77421	0.00924	0.00439	0.00125	0.00187	0.00774	0.00350	0.00317
2	0.01096	0.00950	0.01102	0.05247	0.17837	0.08066	0.02472	0.27117	0.24174	0.02989	0.02661	0.01121	0.02588	0.00444	0.00373	0.00115	0.00403	0.00368	0.00308	0.00568
3	0.00517	0.00379	0.00485	0.00458	0.00550	0.00347	0.00344	0.00685	0.01031	0.01443	0.76813	0.02848	0.11162	0.00776	0.00438	0.00118	0.00176	0.00682	0.00403	0.00347
4	0.07503	0.00767	0.00849	0.00690	0.00927	0.00812	0.00559	0.34087	0.11651	0.17516	0.09419	0.01452	0.08949	0.00582	0.02430	0.00128	0.00339	0.00419	0.00376	0.00545
5	0.00466	0.00377	0.00413	0.00404	0.00518	0.00325	0.00303	0.00585	0.00909	0.01153	0.28763	0.03324	0.59392	0.00884	0.00438	0.00123	0.00184	0.00749	0.00364	0.00325
6	0.00701	0.00660	0.01113	0.86063	0.02556	0.00825	0.01031	0.00948	0.00742	0.00948	0.00660	0.00990	0.00495	0.00371	0.00371	0.00124	0.00495	0.00330	0.00165	0.00412
7	0.00755	0.00582	0.00687	0.00533	0.00793	0.00461	0.00418	0.00922	0.02508	0.06956	0.08064	0.07228	0.10472	0.00469	0.00329	0.00080	0.00256	0.00393	0.00278	0.57815
8	0.00964	0.01006	0.01284	0.19991	0.46077	0.19020	0.00995	0.01162	0.00865	0.01096	0.00681	0.00897	0.00557	0.00354	0.00357	0.00109	0.00492	0.00311	0.03273	0.00508
9	0.00784	0.00673	0.00776	0.00569	0.00888	0.00535	0.00454	0.01033	0.08639	0.01242	0.00740	0.00828	0.00605	0.00297	0.00285	0.00062	0.00277	0.00239	0.00235	0.80841
10	0.00881	0.00792	0.01949	0.07237	0.01067	0.07208	0.05076	0.18451	0.06312	0.01326	0.05530	0.15066	0.02874	0.00752	0.05952	0.00157	0.14066	0.00482	0.02141	0.02680
11	0.15412	0.08999	0.05348	0.00746	0.02380	0.04747	0.00626	0.24315	0.12536	0.07332	0.04197	0.04642	0.00837	0.00456	0.00352	0.00111	0.01891	0.00346	0.00303	0.04424
12	0.08051	0.01807	0.07769	0.00746	0.04392	0.09973	0.00594	0.09295	0.10675	0.05319	0.08118	0.11581	0.07408	0.05148	0.02330	0.00142	0.02252	0.01482	0.00295	0.02622
13	0.06756	0.14976	0.07940	0.04654	0.08360	0.16910	0.02524	0.09029	0.07579	0.04190	0.04551	0.01039	0.02485	0.04183	0.00401	0.00116	0.00437	0.00320	0.00241	0.03308

[dist]
# distance from previous block
# <min> <max>
2	33

[block]
# block no. 1 follows, 74 sequences, length 7
# corresponding to MSA columns:
# 314-320
name=unknown_B
#
# <colnr> <probs for GDERKNQSTAVLIFYWHMCP>
#	G	D	E	R	K	N	Q	S	T	A	V	L	I	F	Y	W	H	M	C	P
0	0.02794	0.00831	0.00892	0.02652	0.00997	0.09299	0.02829	0.16494	0.04516	0.07034	0.04300	0.02537	0.00791	0.00480	0.00433	0.07342	0.00366	0.00321	0.00280	0.34812
1	0.00721	0.00354	0.00524	0.00508	0.00537	0.00353	0.00353	0.00609	0.00541	0.07734	0.00742	0.01166	0.00691	0.01341	0.08196	0.74515	0.00376	0.00333	0.00189	0.00215
2	0.00783	0.04036	0.11924	0.00750	0.03736	0.10455	0.00628	0.05266	0.00819	0.01090	0.08899	0.06357	0.03906	0.12489	0.06041	0.02082	0.08344	0.02134	0.00237	0.10023
3	0.02444	0.00601	0.07514	0.00629	0.02721	0.00473	0.07400	0.02151	0.00875	0.07153	0.12254	0.06163	0.42636	0.02632	0.02570	0.00140	0.00298	0.00637	0.00320	0.00387
4	0.02764	0.16609	0.07228	0.02846	0.01025	0.15647	0.02162	0.07442	0.18055	0.01214	0.04385	0.12098	0.03090	0.00534	0.00385	0.00114	0.03242	0.00423	0.00266	0.00472
5	0.07545	0.15947	0.19487	0.00950	0.04675	0.12638	0.09563	0.10075	0.02670	0.01260	0.00684	0.00800	0.00537	0.00368	0.00357	0.00105	0.03563	0.00282	0.03719	0.04775
6	0.02976	0.13130	0.11246	0.04076	0.01073	0.17190	0.04774	0.05031	0.02867	0.02495	0.00894	0.08221	0.02063	0.08404	0.05572	0.00159	0.03464	0.00377	0.00219	0.05767

[dist]
# distance from previous block
# <min> <max>
2	229

[block]
# block no. 2 follows, 74 sequences, length 13
# corresponding to MSA columns:
# 610-622
name=unknown_C
#
# <colnr> <probs for GDERKNQSTAVLIFYWHMCP>
#	G	D	E	R	K	N	Q	S	T	A	V	L	I	F	Y	W	H	M	C	P
0	0.00452	0.00323	0.00431	0.00517	0.00538	0.00301	0.00345	0.00517	0.00711	0.00948	0.02046	0.86713	0.02455	0.01163	0.00474	0.00151	0.00215	0.01055	0.00345	0.00301
1	0.01316	0.01014	0.01037	0.00820	0.01086	0.06463	0.00668	0.66865	0.05544	0.02105	0.00921	0.00947	0.00673	0.00529	0.03483	0.00128	0.00429	0.00335	0.05046	0.00590
2	0.00462	0.00331	0.00435	0.00514	0.00540	0.00310	0.00347	0.00529	0.00712	0.00945	0.02051	0.76731	0.04835	0.05341	0.00543	0.00161	0.00227	0.04348	0.00339	0.00300
3	0.00692	0.00346	0.00346	0.00346	0.00432	0.00346	0.00259	0.00865	0.00778	0.01384	0.01211	0.01384	0.00951	0.00432	0.00259	0.00086	0.00173	0.00346	0.89016	0.00346
4	0.00992	0.87178	0.01945	0.00635	0.00953	0.01469	0.00635	0.01111	0.00754	0.00873	0.00516	0.00595	0.00476	0.00318	0.00238	0.00079	0.00397	0.00198	0.00159	0.00476
5	0.00452	0.00323	0.00431	0.00517	0.00538	0.00301	0.00345	0.00517	0.00711	0.00948	0.02046	0.86713	0.02455	0.01163	0.00474	0.00151	0.00215	0.01055	0.00345	0.00301
6	0.01665	0.00632	0.00861	0.00660	0.00948	0.00546	0.00546	0.01809	0.01062	0.84897	0.01464	0.01263	0.00919	0.00459	0.00373	0.00115	0.00316	0.00373	0.00459	0.00632
7	0.89577	0.00718	0.00546	0.00488	0.00718	0.00833	0.00402	0.01091	0.00632	0.01665	0.00517	0.00603	0.00402	0.00345	0.00230	0.00115	0.00287	0.00201	0.00230	0.00402
8	0.01411	0.01040	0.01114	0.00854	0.01151	0.01151	0.00706	0.83402	0.01745	0.02339	0.00891	0.00891	0.00631	0.00446	0.00371	0.00111	0.00408	0.00334	0.00371	0.00631
9	0.00744	0.01920	0.85032	0.01058	0.01607	0.00862	0.01371	0.01176	0.00784	0.01176	0.00666	0.00784	0.00470	0.00353	0.00353	0.00118	0.00549	0.00274	0.00157	0.00549
10	0.00750	0.00710	0.01202	0.67253	0.20985	0.00838	0.01055	0.00991	0.00765	0.01008	0.00668	0.00974	0.00516	0.00362	0.00370	0.00121	0.00483	0.00330	0.00169	0.00452
11	0.10504	0.00631	0.00817	0.00636	0.00910	0.00568	0.00524	0.01697	0.01018	0.73533	0.04312	0.01250	0.00958	0.00458	0.00361	0.00115	0.00308	0.00366	0.00434	0.00599
12	0.01067	0.00737	0.00827	0.00707	0.00924	0.00797	0.00559	0.14979	0.42271	0.16647	0.09080	0.05062	0.03575	0.00549	0.00387	0.00122	0.00299	0.00457	0.00392	0.00561

[dist]
# distance from previous block
# <min> <max>
0	36

[block]
# block no. 3 follows, 74 sequences, length 30
# corresponding to MSA columns:
# 659-688
name=unknown_D
#
# <colnr> <probs for GDERKNQSTAVLIFYWHMCP>
#	G	D	E	R	K	N	Q	S	T	A	V	L	I	F	Y	W	H	M	C	P
0	0.18329	0.05609	0.01870	0.01740	0.00999	0.00957	0.02526	0.26560	0.12114	0.10356	0.00945	0.05210	0.00745	0.00481	0.00437	0.00121	0.09814	0.00353	0.00309	0.00525
1	0.01044	0.12483	0.01708	0.01201	0.04232	0.05752	0.36887	0.21008	0.01048	0.01381	0.00716	0.00881	0.00557	0.00383	0.00465	0.00117	0.09037	0.00355	0.00226	0.00519
2	0.00801	0.05568	0.05298	0.11003	0.01238	0.06243	0.15558	0.05579	0.04450	0.03846	0.05936	0.19208	0.06596	0.00635	0.01302	0.00131	0.05368	0.00540	0.00263	0.00432
3	0.10541	0.05106	0.65958	0.01023	0.05608	0.00870	0.01196	0.01149	0.00776	0.01228	0.02891	0.00816	0.00550	0.00360	0.00338	0.00115	0.00498	0.00277	0.00173	0.00526
4	0.00685	0.00630	0.01024	0.72374	0.02255	0.00772	0.00933	0.00952	0.04902	0.00979	0.00855	0.10450	0.00743	0.00465	0.00383	0.00127	0.00454	0.00414	0.00195	0.00409
5	0.00749	0.00723	0.01110	0.80150	0.02459	0.05065	0.01009	0.02577	0.00777	0.00973	0.00660	0.00972	0.00497	0.00373	0.00369	0.00122	0.00502	0.00325	0.00170	0.00417
6	0.01000	0.00855	0.01433	0.02055	0.72169	0.00847	0.02494	0.01232	0.02669	0.10436	0.00801	0.00968	0.00636	0.00348	0.00370	0.00111	0.00427	0.00339	0.00218	0.00591
7	0.00744	0.01920	0.85032	0.01058	0.01607	0.00862	0.01371	0.01176	0.00784	0.01176	0.00666	0.00784	0.00470	0.00353	0.00353	0.00118	0.00549	0.00274	0.00157	0.00549
8	0.89577	0.00718	0.00546	0.00488	0.00718	0.00833	0.00402	0.01091	0.00632	0.01665	0.00517	0.00603	0.00402	0.00345	0.00230	0.00115	0.00287	0.00201	0.00230	0.00402
9	0.14739	0.00846	0.00939	0.00730	0.01014	0.00888	0.00603	0.42014	0.01335	0.31610	0.01039	0.00980	0.00699	0.00435	0.00351	0.00113	0.00357	0.00328	0.00381	0.00597
10	0.00660	0.00404	0.00525	0.00503	0.00558	0.00418	0.00347	0.00724	0.00618	0.10042	0.01138	0.01948	0.01149	0.46858	0.32084	0.00419	0.00585	0.00470	0.00241	0.00308
11	0.00439	0.00376	0.00376	0.00376	0.00501	0.00313	0.00282	0.00533	0.00846	0.01003	0.03760	0.03572	0.84489	0.00940	0.00439	0.00125	0.00188	0.00783	0.00345	0.00313
12	0.01387	0.01769	0.01052	0.00956	0.01148	0.85465	0.00717	0.01482	0.01052	0.00908	0.00574	0.00669	0.00478	0.00383	0.00335	0.00096	0.00669	0.00239	0.00191	0.00430
13	0.00902	0.00865	0.01476	0.08743	0.78306	0.00878	0.01131	0.01124	0.00837	0.01192	0.00695	0.00924	0.00581	0.00334	0.00368	0.00111	0.00445	0.00331	0.00182	0.00574
14	0.01411	0.01040	0.01114	0.00854	0.01151	0.01151	0.00706	0.83402	0.01745	0.02339	0.00891	0.00891	0.00631	0.00446	0.00371	0.00111	0.00408	0.00334	0.00371	0.00631
15	0.00452	0.00323	0.00431	0.00517	0.00538	0.00301	0.00345	0.00517	0.00711	0.00948	0.02046	0.86713	0.02455	0.01163	0.00474	0.00151	0.00215	0.01055	0.00345	0.00301
16	0.00468	0.00335	0.00449	0.00535	0.00564	0.00315	0.00372	0.00545	0.00726	0.00966	0.02037	0.77624	0.02420	0.01148	0.00478	0.00153	0.00229	0.09985	0.00344	0.00306
17	0.01596	0.00647	0.00859	0.00669	0.00949	0.00581	0.00549	0.01824	0.08792	0.77126	0.01469	0.01275	0.00939	0.00464	0.00374	0.00116	0.00314	0.00378	0.00452	0.00628
18	0.00452	0.00323	0.00431	0.00517	0.00538	0.00301	0.00345	0.00517	0.00711	0.00948	0.02046	0.86713	0.02455	0.01163	0.00474	0.00151	0.00215	0.01055	0.00345	0.00301
19	0.55418	0.00820	0.00752	0.00619	0.00875	0.00923	0.00511	0.28483	0.01026	0.06492	0.00694	0.00735	0.00507	0.00384	0.00285	0.00114	0.00329	0.00255	0.00289	0.00491
20	0.00984	0.00910	0.00859	0.00774	0.00975	0.11795	0.00597	0.06345	0.64120	0.01480	0.01385	0.05984	0.01094	0.00521	0.00377	0.00123	0.00344	0.00427	0.00351	0.00554
21	0.00517	0.00379	0.00484	0.00458	0.00549	0.00346	0.00343	0.00683	0.01030	0.01439	0.76278	0.02854	0.11699	0.00777	0.00438	0.00118	0.00176	0.00683	0.00402	0.00346
22	0.00451	0.00376	0.00393	0.00389	0.00509	0.00318	0.00291	0.00556	0.00874	0.01070	0.14957	0.03461	0.73250	0.00915	0.00439	0.00124	0.00186	0.00768	0.00354	0.00318
23	0.06150	0.01068	0.01038	0.10222	0.01251	0.18944	0.02547	0.38129	0.04620	0.07291	0.04512	0.00969	0.00735	0.00432	0.00360	0.00111	0.00451	0.00329	0.00306	0.00535
24	0.00823	0.00775	0.01308	0.19104	0.58704	0.00806	0.01030	0.01032	0.00809	0.01130	0.00839	0.10382	0.00775	0.00431	0.00380	0.00117	0.00427	0.00410	0.00198	0.00521
25	0.00452	0.00323	0.00431	0.00517	0.00538	0.00301	0.00345	0.00517	0.00711	0.00948	0.02046	0.86713	0.02455	0.01163	0.00474	0.00151	0.00215	0.01055	0.00345	0.00301
26	0.01428	0.01088	0.01087	0.00850	0.01135	0.10389	0.00694	0.67962	0.01615	0.08676	0.00901	0.00896	0.00637	0.00440	0.00367	0.00110	0.00430	0.00327	0.00358	0.00609
27	0.01161	0.07049	0.13673	0.00844	0.02918	0.03229	0.05798	0.18888	0.02779	0.25002	0.01174	0.08039	0.02431	0.00532	0.01327	0.00123	0.00406	0.03758	0.00323	0.00545
28	0.05825	0.07188	0.14398	0.02159	0.01183	0.05480	0.07181	0.23359	0.10243	0.10572	0.01838	0.05214	0.00772	0.00444	0.00359	0.00113	0.00418	0.00361	0.00293	0.02597
29	0.12264	0.00982	0.02312	0.00901	0.06996	0.06352	0.02420	0.45086	0.10159	0.02902	0.05300	0.01000	0.00795	0.00440	0.00356	0.00113	0.00393	0.00340	0.00325	0.00563

[dist]
# distance from previous block
# <min> <max>
2	38

[block]
# block no. 4 follows, 74 sequences, length 34
# corresponding to MSA columns:
# 727-760
name=unknown_E
#
# <colnr> <probs for GDERKNQSTAVLIFYWHMCP>
#	G	D	E	R	K	N	Q	S	T	A	V	L	I	F	Y	W	H	M	C	P
0	0.00812	0.00812	0.01137	0.00975	0.00975	0.01137	0.00812	0.00893	0.00568	0.00893	0.00487	0.00812	0.00487	0.00650	0.01218	0.00162	0.86276	0.00325	0.00162	0.00406
1	0.00454	0.00374	0.00399	0.00397	0.00512	0.00319	0.00296	0.00561	0.00876	0.01084	0.17627	0.06822	0.67158	0.00918	0.00440	0.00125	0.00187	0.00775	0.00356	0.00319
2	0.00822	0.00716	0.00796	0.00579	0.00902	0.03420	0.00462	0.05032	0.00828	0.01255	0.00668	0.00772	0.00551	0.00287	0.00282	0.00059	0.00295	0.00226	0.00226	0.81819
3	0.00531	0.00396	0.00589	0.00589	0.00652	0.00460	0.00454	0.00658	0.00594	0.00856	0.01001	0.01498	0.00945	0.06213	0.82078	0.00587	0.00968	0.00403	0.00200	0.00327
4	0.00701	0.00660	0.01113	0.86063	0.02556	0.00825	0.01031	0.00948	0.00742	0.00948	0.00660	0.00990	0.00495	0.00371	0.00371	0.00124	0.00495	0.00330	0.00165	0.00412
5	0.00984	0.84214	0.04834	0.00650	0.00975	0.01448	0.00661	0.01114	0.00755	0.00884	0.00521	0.00602	0.00476	0.00319	0.00242	0.00081	0.00402	0.00201	0.00159	0.00479
6	0.01411	0.01040	0.01114	0.00854	0.01151	0.01151	0.00706	0.83402	0.01745	0.02339	0.00891	0.00891	0.00631	0.00446	0.00371	0.00111	0.00408	0.00334	0.00371	0.00631
7	0.00919	0.00882	0.01507	0.02278	0.84640	0.00882	0.01139	0.01139	0.00845	0.01213	0.00698	0.00919	0.00588	0.00331	0.00367	0.00110	0.00441	0.00331	0.00184	0.00588
8	0.00452	0.00323	0.00431	0.00517	0.00538	0.00301	0.00345	0.00517	0.00711	0.00948	0.02046	0.86713	0.02455	0.01163	0.00474	0.00151	0.00215	0.01055	0.00345	0.00301
9	0.00923	0.00797	0.00839	0.00755	0.00965	0.00923	0.00588	0.01972	0.83969	0.01553	0.01511	0.01385	0.01133	0.00504	0.00378	0.00126	0.00294	0.00420	0.00378	0.00588
10	0.00701	0.00660	0.01113	0.86063	0.02556	0.00825	0.01031	0.00948	0.00742	0.00948	0.00660	0.00990	0.00495	0.00371	0.00371	0.00124	0.00495	0.00330	0.00165	0.00412
11	0.00451	0.00337	0.00416	0.00479	0.00526	0.00306	0.00326	0.00521	0.00741	0.00957	0.02457	0.64205	0.22965	0.02836	0.00494	0.00149	0.00211	0.00977	0.00342	0.00303
12	0.00452	0.00323	0.00431	0.00517	0.00538	0.00301	0.00345	0.00517	0.00711	0.00948	0.02046	0.86713	0.02455	0.01163	0.00474	0.00151	0.00215	0.01055	0.00345	0.00301
13	0.00878	0.00996	0.02161	0.01595	0.05462	0.00936	0.79793	0.01187	0.00875	0.01190	0.00749	0.00998	0.00564	0.00314	0.00435	0.00125	0.00618	0.00433	0.00188	0.00504
14	0.00783	0.00671	0.00785	0.00566	0.00887	0.00523	0.00454	0.02477	0.00783	0.01223	0.00660	0.00773	0.00550	0.00288	0.00300	0.00059	0.02446	0.00225	0.00221	0.85327
15	0.01577	0.00701	0.00891	0.00686	0.00967	0.00657	0.00566	0.17848	0.01186	0.65340	0.01341	0.01195	0.00863	0.00456	0.00368	0.00113	0.00328	0.00364	0.03932	0.00620
16	0.00452	0.00323	0.00431	0.00517	0.00538	0.00301	0.00345	0.00517	0.00711	0.00948	0.02046	0.86713	0.02455	0.01163	0.00474	0.00151	0.00215	0.01055	0.00345	0.00301
17	0.01369	0.01036	0.01076	0.00837	0.01120	0.04438	0.00686	0.74716	0.04223	0.02225	0.00909	0.00915	0.00652	0.00444	0.00366	0.00110	0.00407	0.00333	0.03525	0.00612
18	0.86433	0.00755	0.00564	0.00505	0.00733	0.03850	0.00413	0.01105	0.00647	0.01638	0.00519	0.00605	0.00405	0.00346	0.00233	0.00114	0.00301	0.00202	0.00228	0.00403
19	0.04886	0.29890	0.06448	0.03149	0.07419	0.21490	0.04007	0.16341	0.01016	0.01243	0.00635	0.00730	0.00514	0.00362	0.00313	0.00098	0.00484	0.00261	0.00212	0.00503
20	0.08727	0.00989	0.01052	0.00812	0.01103	0.01089	0.00671	0.71751	0.01613	0.07176	0.00894	0.00889	0.00629	0.00438	0.00360	0.00112	0.00393	0.00325	0.00365	0.00612
21	0.00524	0.00377	0.00470	0.00518	0.02556	0.00339	0.00360	0.00622	0.00819	0.04598	0.12864	0.41225	0.29010	0.00987	0.00452	0.00136	0.00215	0.03242	0.00354	0.00333
22	0.00510	0.00379	0.00475	0.00451	0.00545	0.00344	0.00338	0.00672	0.01015	0.01405	0.70529	0.02911	0.17469	0.00790	0.00438	0.00118	0.00177	0.00691	0.00398	0.00344
23	0.01222	0.00874	0.00952	0.00774	0.01027	0.00964	0.00625	0.41610	0.30712	0.10591	0.02835	0.01159	0.00907	0.00473	0.00371	0.00116	0.00345	0.00376	0.03466	0.00600
24	0.00754	0.00573	0.00603	0.00555	0.00716	0.03865	0.00431	0.01121	0.22965	0.10133	0.13813	0.02548	0.35532	0.00730	0.00414	0.00124	0.00253	0.04071	0.00368	0.00431
25	0.00452	0.00344	0.00416	0.00466	0.00527	0.00308	0.00324	0.00533	0.00776	0.00997	0.07346	0.53604	0.30442	0.01064	0.00460	0.00140	0.00204	0.00941	0.00348	0.00308
26	0.00692	0.00346	0.00346	0.00346	0.00432	0.00346	0.00259	0.00865	0.00778	0.01384	0.01211	0.01384	0.00951	0.00432	0.00259	0.00086	0.00173	0.00346	0.89016	0.00346
27	0.00945	0.00792	0.00840	0.00753	0.00965	0.00912	0.00586	0.01968	0.81510	0.04025	0.01509	0.01381	0.01127	0.00502	0.00378	0.00126	0.00294	0.00418	0.00380	0.00589
28	0.00464	0.00377	0.00411	0.00403	0.00517	0.00324	0.00302	0.00582	0.00906	0.01145	0.27314	0.03339	0.60847	0.00887	0.00438	0.00123	0.00184	0.00751	0.00363	0.00324
29	0.00940	0.38507	0.01537	0.00844	0.01022	0.01258	0.05008	0.04539	0.00727	0.02962	0.00554	0.00742	0.00503	0.00474	0.00694	0.00121	0.38656	0.00277	0.00178	0.00457
30	0.04328	0.00560	0.00640	0.00627	0.00762	0.00590	0.00478	0.03667	0.28775	0.02655	0.01709	0.33269	0.03725	0.00799	0.00419	0.00135	0.00270	0.10572	0.00346	0.05673
31	0.27781	0.04286	0.00933	0.16795	0.07170	0.00902	0.00668	0.17285	0.06765	0.03158	0.00743	0.00875	0.00572	0.00433	0.00398	0.03627	0.03961	0.00294	0.02882	0.00472
32	0.08931	0.03005	0.01003	0.00839	0.04002	0.15573	0.06309	0.20999	0.05310	0.09415	0.01929	0.04357	0.03693	0.00473	0.00373	0.00111	0.02109	0.02783	0.03668	0.05118
33	0.05843	0.13730	0.22418	0.00810	0.01117	0.14552	0.01791	0.05253	0.16994	0.03221	0.01923	0.01930	0.04805	0.02475	0.00375	0.00115	0.00438	0.00332	0.00244	0.01635

[dist]
# distance from previous block
# <min> <max>
5	30

[block]
# block no. 5 follows, 74 sequences, length 8
# corresponding to MSA columns:
# 791-798
name=unknown_F
#
# <colnr> <probs for GDERKNQSTAVLIFYWHMCP>
#	G	D	E	R	K	N	Q	S	T	A	V	L	I	F	Y	W	H	M	C	P
0	0.00457	0.00334	0.00431	0.00498	0.00536	0.00307	0.00339	0.00535	0.00755	0.01001	0.09528	0.70628	0.11077	0.01104	0.00467	0.00145	0.00209	0.00993	0.00350	0.00307
1	0.00701	0.00660	0.01113	0.86063	0.02556	0.00825	0.01031	0.00948	0.00742	0.00948	0.00660	0.00990	0.00495	0.00371	0.00371	0.00124	0.00495	0.00330	0.00165	0.00412
2	0.00540	0.00360	0.00405	0.00405	0.00405	0.00360	0.00225	0.00540	0.00540	0.00720	0.01170	0.02429	0.01349	0.86955	0.01889	0.00360	0.00360	0.00540	0.00225	0.00225
3	0.14247	0.00644	0.00816	0.00636	0.00915	0.00587	0.00525	0.01706	0.01001	0.72985	0.01329	0.01169	0.00845	0.00443	0.00353	0.00115	0.00312	0.00349	0.00427	0.00599
4	0.01355	0.00834	0.00949	0.07040	0.01106	0.04911	0.00624	0.36309	0.01274	0.30735	0.01087	0.01178	0.00789	0.09461	0.00528	0.00139	0.00390	0.00364	0.00363	0.00563
5	0.00701	0.00660	0.01113	0.86063	0.02556	0.00825	0.01031	0.00948	0.00742	0.00948	0.00660	0.00990	0.00495	0.00371	0.00371	0.00124	0.00495	0.00330	0.00165	0.00412
6	0.01616	0.00660	0.00873	0.00675	0.00959	0.00594	0.00556	0.05862	0.05211	0.76668	0.01438	0.01251	0.00915	0.00461	0.00373	0.00115	0.00319	0.00374	0.00451	0.00629
7	0.00932	0.00870	0.01437	0.10908	0.69914	0.00896	0.01096	0.07196	0.00901	0.01268	0.00708	0.00924	0.00581	0.00343	0.00368	0.00112	0.00444	0.00331	0.00196	0.00573

[dist]
# distance from previous block
# <min> <max>
3	36

[block]
# block no. 6 follows, 74 sequences, length 11
# corresponding to MSA columns:
# 835-845
name=unknown_G
#
# <colnr> <probs for GDERKNQSTAVLIFYWHMCP>
#	G	D	E	R	K	N	Q	S	T	A	V	L	I	F	Y	W	H	M	C	P
0	0.00490	0.00510	0.08013	0.00487	0.00624	0.00376	0.00412	0.00621	0.00827	0.01056	0.12223	0.14636	0.47768	0.03773	0.03257	0.00152	0.00260	0.03852	0.00326	0.00336
1	0.07139	0.05796	0.34646	0.03450	0.02965	0.08480	0.16275	0.03189	0.02726	0.03815	0.00758	0.01982	0.00600	0.01748	0.00408	0.00122	0.02828	0.02375	0.00199	0.00500
2	0.00939	0.08192	0.27842	0.06697	0.10284	0.05959	0.08109	0.10627	0.06243	0.04638	0.02731	0.03314	0.00720	0.00413	0.00365	0.00115	0.00473	0.01582	0.00230	0.00528
3	0.00585	0.00437	0.00512	0.00560	0.00616	0.04279	0.00394	0.04240	0.00805	0.03686	0.05958	0.69023	0.02275	0.01048	0.00459	0.00144	0.00251	0.04045	0.00345	0.00336
4	0.00833	0.00783	0.01016	0.24043	0.14961	0.10960	0.04816	0.01108	0.10040	0.04389	0.06342	0.14249	0.03799	0.00544	0.00392	0.00122	0.00412	0.00482	0.00256	0.00451
5	0.00913	0.05037	0.03475	0.11735	0.29005	0.03368	0.05417	0.04517	0.03586	0.09563	0.01086	0.07319	0.04715	0.02135	0.02992	0.00137	0.01368	0.02886	0.00246	0.00499
6	0.00744	0.02498	0.17463	0.08357	0.02881	0.00787	0.24953	0.01091	0.10447	0.01145	0.02422	0.13866	0.06362	0.00538	0.00448	0.00128	0.04670	0.00500	0.00237	0.00465
7	0.00588	0.00615	0.08079	0.00561	0.00690	0.07246	0.00461	0.00713	0.00832	0.02825	0.10167	0.33161	0.27974	0.00899	0.00436	0.00132	0.00276	0.03670	0.00324	0.00351
8	0.00784	0.08293	0.39782	0.04868	0.01406	0.00845	0.13052	0.04274	0.00839	0.02724	0.04263	0.01183	0.08184	0.00504	0.02970	0.00132	0.03298	0.00367	0.01744	0.00491
9	0.00912	0.04295	0.33089	0.09701	0.12251	0.02934	0.07126	0.04987	0.07039	0.08890	0.00923	0.02444	0.02946	0.00403	0.00367	0.00117	0.00470	0.00346	0.00227	0.00535
10	0.00834	0.00994	0.10767	0.02894	0.04191	0.00846	0.54987	0.01155	0.04104	0.03077	0.00919	0.06732	0.00772	0.00471	0.02493	0.00138	0.00561	0.03362	0.00214	0.00490

[dist]
# distance from previous block
# <min> <max>
57	310

[block]
# block no. 7 follows, 74 sequences, length 7
# corresponding to MSA columns:
# 1217-1223
name=unknown_H
#
# <colnr> <probs for GDERKNQSTAVLIFYWHMCP>
#	G	D	E	R	K	N	Q	S	T	A	V	L	I	F	Y	W	H	M	C	P
0	0.00462	0.00327	0.00428	0.00504	0.00523	0.00308	0.00331	0.00519	0.00691	0.00922	0.01947	0.77172	0.02330	0.10875	0.00634	0.00174	0.00232	0.00997	0.00331	0.00293
1	0.00911	0.00886	0.01414	0.13407	0.11226	0.04741	0.28419	0.10878	0.13639	0.01313	0.00973	0.08732	0.00818	0.00448	0.00402	0.00123	0.00474	0.00442	0.00249	0.00506
2	0.01056	0.00864	0.01187	0.13717	0.20599	0.02694	0.06807	0.23863	0.12164	0.06911	0.01025	0.01111	0.03705	0.00423	0.00376	0.00116	0.00416	0.00369	0.02046	0.00552
3	0.01130	0.00671	0.00833	0.08354	0.01039	0.00694	0.00579	0.13843	0.18313	0.29126	0.14654	0.06617	0.01389	0.00549	0.00390	0.00120	0.00313	0.00462	0.00388	0.00538
4	0.09304	0.00997	0.01124	0.05626	0.26371	0.12368	0.00805	0.24486	0.10427	0.01550	0.00841	0.02974	0.00670	0.00413	0.00355	0.00112	0.00429	0.00335	0.00267	0.00546
5	0.00803	0.08566	0.06295	0.45281	0.18011	0.00881	0.00974	0.05882	0.00842	0.01116	0.03975	0.01117	0.00699	0.00403	0.00366	0.00118	0.00455	0.03552	0.00196	0.00468
6	0.00657	0.00456	0.00600	0.09253	0.00835	0.00456	0.00468	0.07471	0.00889	0.06912	0.12878	0.41432	0.09502	0.00893	0.00442	0.00137	0.00266	0.05736	0.00345	0.00372

[dist]
# distance from previous block
# <min> <max>
0	99

# created by:
# /usr/local/bin/augustus/scripts/msa2prfl.pl /tmp/new_cug2/without_ca_b/kinesin-class-15.fasta
