[name]
unknown

[dist]
# distance from previous block
# <min> <max>
0	116

[block]
# block no. 0 follows, 41 sequences, length 17
# corresponding to MSA columns:
# 116-132
name=unknown_A
#
# <colnr> <probs for GDERKNQSTAVLIFYWHMCP>
#	G	D	E	R	K	N	Q	S	T	A	V	L	I	F	Y	W	H	M	C	P
0	0.09714	0.16996	0.10224	0.01203	0.02675	0.12931	0.02528	0.12549	0.04744	0.05168	0.06724	0.01826	0.03174	0.00699	0.00521	0.00166	0.00642	0.04568	0.00399	0.02551
1	0.05519	0.08155	0.10122	0.03844	0.01541	0.13982	0.00977	0.08615	0.06501	0.06447	0.05377	0.06436	0.15274	0.00845	0.00559	0.00172	0.00593	0.00669	0.00430	0.03945
2	0.04581	0.16167	0.04441	0.01169	0.01514	0.23771	0.00968	0.10985	0.10111	0.05005	0.01177	0.01329	0.00948	0.00802	0.00744	0.12035	0.00695	0.00434	0.00366	0.02759
3	0.01823	0.02009	0.01715	0.04219	0.15525	0.39198	0.01208	0.10872	0.06461	0.01830	0.01097	0.01286	0.00890	0.00735	0.03155	0.00187	0.04195	0.00448	0.00344	0.02806
4	0.00834	0.00686	0.00765	0.00704	0.00935	0.00600	0.00542	0.01117	0.05857	0.01815	0.20365	0.04449	0.42117	0.01205	0.00639	0.00178	0.00324	0.03979	0.00528	0.12362
5	0.01433	0.01353	0.02205	0.04790	0.56381	0.01387	0.06275	0.04697	0.11920	0.01997	0.01270	0.01527	0.01023	0.00554	0.00576	0.00175	0.00666	0.00540	0.00337	0.00893
6	0.00793	0.00572	0.00750	0.00731	0.00851	0.00529	0.00538	0.01039	0.01544	0.02175	0.65622	0.15018	0.05167	0.01258	0.00683	0.00187	0.00279	0.01119	0.00616	0.00529
7	0.00755	0.00590	0.00712	0.00707	0.00856	0.00556	0.00536	0.00942	0.01284	0.01675	0.22043	0.04487	0.37099	0.04961	0.16926	0.00359	0.00565	0.03946	0.00501	0.00499
8	0.01237	0.00630	0.00771	0.00721	0.00903	0.00583	0.00545	0.01460	0.01364	0.17377	0.17893	0.16592	0.06092	0.01018	0.00565	0.00173	0.00325	0.00874	0.30266	0.00611
9	0.01128	0.01066	0.01802	0.67812	0.14276	0.01283	0.01612	0.01503	0.01166	0.01520	0.01025	0.01509	0.00783	0.00563	0.00571	0.00188	0.00751	0.00509	0.00258	0.00674
10	0.00772	0.00540	0.00641	0.00682	0.00718	0.00518	0.00426	0.00833	0.01005	0.01330	0.06792	0.28983	0.09324	0.42744	0.01868	0.00395	0.00442	0.01139	0.00440	0.00408
11	0.01119	0.01057	0.01786	0.69752	0.12404	0.01281	0.01608	0.01496	0.01162	0.01509	0.01024	0.01512	0.00779	0.00565	0.00571	0.00188	0.00753	0.00508	0.00258	0.00667
12	0.01210	0.01092	0.01499	0.01070	0.01589	0.00860	0.11184	0.01496	0.01210	0.01859	0.01037	0.01237	0.00850	0.00432	0.00460	0.00100	0.00501	0.00387	0.00332	0.71597
13	0.01326	0.06684	0.18525	0.01249	0.01671	0.01244	0.06398	0.15325	0.08046	0.03574	0.01802	0.13883	0.04557	0.06636	0.00791	0.00211	0.02809	0.00722	0.00416	0.04132
14	0.01777	0.09403	0.01615	0.05044	0.01683	0.26222	0.00997	0.22349	0.05721	0.03583	0.01587	0.07002	0.05672	0.00748	0.00546	0.00163	0.00703	0.00567	0.00422	0.04195
15	0.04653	0.06098	0.23236	0.01311	0.03624	0.03952	0.02442	0.20031	0.01631	0.11650	0.04715	0.01633	0.01191	0.05517	0.02156	0.00206	0.00674	0.00512	0.00421	0.04347
16	0.07404	0.03712	0.04629	0.05702	0.05251	0.04714	0.06206	0.05452	0.05823	0.11515	0.01556	0.05134	0.03092	0.00821	0.02596	0.03321	0.00596	0.03102	0.00409	0.18966

[dist]
# distance from previous block
# <min> <max>
18	53

[block]
# block no. 1 follows, 41 sequences, length 53
# corresponding to MSA columns:
# 214-266
name=unknown_B
#
# <colnr> <probs for GDERKNQSTAVLIFYWHMCP>
#	G	D	E	R	K	N	Q	S	T	A	V	L	I	F	Y	W	H	M	C	P
0	0.10357	0.03697	0.06794	0.06822	0.01681	0.15265	0.05432	0.04757	0.12025	0.06614	0.03401	0.03853	0.09344	0.04156	0.00651	0.00192	0.00629	0.00611	0.03019	0.00700
1	0.03236	0.03339	0.03525	0.07648	0.09981	0.12439	0.08457	0.13875	0.12892	0.03859	0.01536	0.03844	0.03102	0.02376	0.00703	0.00192	0.05212	0.02604	0.00406	0.00776
2	0.01016	0.00615	0.00774	0.00741	0.00814	0.00626	0.00493	0.01091	0.00941	0.09359	0.01784	0.03173	0.01845	0.52350	0.21402	0.00605	0.00792	0.00749	0.00376	0.00456
3	0.01476	0.01446	0.03341	0.11625	0.03897	0.09681	0.06049	0.06066	0.43622	0.02133	0.01774	0.01797	0.01341	0.00697	0.00607	0.00188	0.02385	0.00582	0.00464	0.00830
4	0.00976	0.00673	0.00769	0.00726	0.00785	0.00701	0.00460	0.08825	0.01041	0.01399	0.01731	0.03350	0.01900	0.64430	0.09460	0.00546	0.00652	0.00778	0.00367	0.00429
5	0.10461	0.71666	0.02764	0.00954	0.01429	0.02157	0.00940	0.01709	0.01142	0.01478	0.00795	0.00919	0.00722	0.00494	0.00366	0.00128	0.00593	0.00306	0.00257	0.00722
6	0.01173	0.01027	0.01689	0.43377	0.13529	0.01218	0.02945	0.01442	0.01102	0.03586	0.01055	0.01548	0.00859	0.00939	0.04485	0.09241	0.09357	0.00517	0.00273	0.00638
7	0.00980	0.00696	0.00943	0.01020	0.09064	0.00641	0.00676	0.01233	0.01533	0.07525	0.50701	0.04002	0.16549	0.01111	0.00656	0.00181	0.00333	0.00973	0.00581	0.00601
8	0.00841	0.00560	0.00652	0.00652	0.00669	0.00571	0.00389	0.00875	0.00858	0.01178	0.01776	0.03510	0.01982	0.68189	0.10898	0.00575	0.00648	0.00795	0.04013	0.00373
9	0.16519	0.28131	0.09556	0.01137	0.01599	0.09943	0.02624	0.12957	0.05055	0.02058	0.01027	0.01135	0.00819	0.00558	0.00450	0.00152	0.00640	0.00387	0.01885	0.03368
10	0.01393	0.01296	0.10333	0.01069	0.01504	0.01067	0.02200	0.12592	0.09585	0.05940	0.04869	0.01725	0.01305	0.00637	0.00558	0.00147	0.03276	0.02024	0.09387	0.29093
11	0.03688	0.17567	0.18974	0.01630	0.09955	0.13357	0.07312	0.03123	0.06427	0.03033	0.03868	0.01362	0.01020	0.00605	0.00606	0.00169	0.05752	0.00466	0.00314	0.00772
12	0.02068	0.01266	0.01506	0.01314	0.06887	0.01322	0.00992	0.29763	0.15212	0.27304	0.01835	0.01734	0.01273	0.00696	0.00567	0.00176	0.00539	0.00559	0.04049	0.00938
13	0.01692	0.01474	0.04288	0.03188	0.04472	0.05017	0.02517	0.26781	0.32186	0.03913	0.01696	0.01669	0.01260	0.00682	0.00564	0.00175	0.00578	0.00550	0.00513	0.06787
14	0.01341	0.07306	0.11320	0.02224	0.02825	0.01492	0.61211	0.01821	0.01321	0.01795	0.01117	0.01462	0.00843	0.00489	0.00639	0.00187	0.00926	0.00621	0.00281	0.00777
15	0.01387	0.17398	0.24661	0.04725	0.03746	0.05322	0.08620	0.09118	0.03910	0.03364	0.02881	0.08353	0.01241	0.00700	0.00551	0.00175	0.00707	0.02028	0.00345	0.00770
16	0.01396	0.31779	0.36918	0.01305	0.01937	0.01663	0.01494	0.03828	0.06357	0.05046	0.01135	0.01309	0.00890	0.00572	0.00487	0.00161	0.00702	0.01910	0.00302	0.00810
17	0.00729	0.00578	0.00647	0.00635	0.00796	0.00505	0.00469	0.00910	0.01386	0.01781	0.29677	0.06911	0.46662	0.04842	0.00776	0.00206	0.00296	0.01142	0.00557	0.00496
18	0.01060	0.00971	0.00936	0.00909	0.01008	0.14469	0.00648	0.01178	0.01013	0.01260	0.01516	0.02583	0.01546	0.31657	0.36074	0.00645	0.01080	0.00650	0.00319	0.00477
19	0.03091	0.24816	0.07300	0.01423	0.03408	0.14825	0.13652	0.08440	0.01403	0.01731	0.01273	0.11984	0.01202	0.00719	0.00563	0.00167	0.02351	0.00598	0.00334	0.00720
20	0.00935	0.00803	0.02814	0.00984	0.01109	0.00866	0.03874	0.01205	0.06271	0.01445	0.05307	0.02683	0.05000	0.21583	0.33507	0.00590	0.09440	0.00701	0.00353	0.00530
21	0.01634	0.01151	0.01276	0.01047	0.01375	0.01219	0.00839	0.38887	0.05255	0.07522	0.14458	0.07968	0.10126	0.00932	0.00606	0.00180	0.00482	0.00765	0.03484	0.00793
22	0.05043	0.00744	0.00837	0.00760	0.00987	0.00706	0.00586	0.06478	0.04783	0.09616	0.24385	0.07521	0.33021	0.01182	0.00641	0.00187	0.00345	0.00996	0.00574	0.00608
23	0.03889	0.01405	0.08487	0.07509	0.21199	0.05120	0.01258	0.10969	0.03510	0.18144	0.01430	0.01678	0.01095	0.06344	0.02423	0.00218	0.02292	0.00530	0.00421	0.02080
24	0.01553	0.09747	0.22203	0.01723	0.07329	0.09681	0.17081	0.09077	0.01465	0.07246	0.01198	0.01463	0.00922	0.00578	0.00560	0.00170	0.00782	0.02516	0.00339	0.04369
25	0.01442	0.01024	0.01183	0.01123	0.04121	0.01102	0.00855	0.03951	0.39332	0.12488	0.05675	0.02862	0.06316	0.00898	0.00601	0.00193	0.00448	0.09120	0.06461	0.00805
26	0.00794	0.00597	0.00741	0.00758	0.00882	0.00562	0.00555	0.01069	0.05496	0.01915	0.36802	0.26613	0.15635	0.01390	0.00690	0.00201	0.00311	0.03881	0.00579	0.00529
27	0.01617	0.29309	0.15661	0.08142	0.04007	0.24788	0.03366	0.04051	0.01362	0.01551	0.00918	0.01102	0.00751	0.00543	0.00482	0.00151	0.00806	0.00386	0.00272	0.00737
28	0.01529	0.57379	0.02612	0.01091	0.01532	0.05356	0.04377	0.08261	0.01303	0.01574	0.00948	0.01137	0.00837	0.00923	0.08780	0.00218	0.00748	0.00378	0.00285	0.00730
29	0.00791	0.00569	0.00707	0.00756	0.00821	0.00554	0.00512	0.00967	0.04319	0.01556	0.15070	0.37082	0.06235	0.22128	0.02886	0.00320	0.00414	0.03349	0.00497	0.00469
30	0.00923	0.00589	0.00716	0.00738	0.00808	0.00570	0.00507	0.01017	0.01052	0.05545	0.04173	0.14681	0.06745	0.42621	0.01861	0.00397	0.00484	0.12880	0.03250	0.00446
31	0.01687	0.03595	0.01900	0.01713	0.09978	0.27118	0.13357	0.11022	0.05003	0.04094	0.01391	0.10888	0.01247	0.00747	0.00633	0.00177	0.03698	0.00630	0.00379	0.00743
32	0.83938	0.01106	0.00841	0.00752	0.01106	0.01283	0.00619	0.01681	0.00973	0.02566	0.00796	0.00929	0.00619	0.00531	0.00354	0.00177	0.00442	0.00310	0.00354	0.00619
33	0.00861	0.00676	0.00972	0.00945	0.01029	0.00806	0.00731	0.01036	0.00918	0.01319	0.01599	0.02374	0.03639	0.10832	0.60229	0.00791	0.09784	0.00639	0.00311	0.00507
34	0.02137	0.02726	0.01621	0.01474	0.01768	0.77602	0.01105	0.02284	0.01621	0.01400	0.00884	0.01031	0.00737	0.00589	0.00516	0.00147	0.01031	0.00368	0.00295	0.00663
35	0.61939	0.01213	0.01060	0.00891	0.01272	0.01375	0.00735	0.18184	0.01390	0.05993	0.00990	0.01073	0.00734	0.00574	0.00413	0.00176	0.00487	0.00368	0.00419	0.00715
36	0.01434	0.01133	0.01226	0.01106	0.01406	0.01277	0.00856	0.05810	0.57930	0.06667	0.02360	0.10478	0.01907	0.00875	0.00593	0.00195	0.00444	0.00740	0.02709	0.00855
37	0.00740	0.00584	0.00679	0.00660	0.00824	0.00522	0.00497	0.00940	0.01404	0.01833	0.33947	0.04773	0.42130	0.01538	0.06161	0.00240	0.00370	0.01095	0.00555	0.00508
38	0.00715	0.00519	0.00659	0.00764	0.00817	0.00482	0.00517	0.00817	0.01105	0.01448	0.03348	0.60884	0.12430	0.08838	0.00924	0.00258	0.00354	0.04148	0.00514	0.00458
39	0.02179	0.00931	0.01186	0.00938	0.01310	0.00855	0.00765	0.09005	0.01642	0.52858	0.03815	0.01987	0.01479	0.00708	0.00541	0.00168	0.00449	0.00572	0.17740	0.00872
40	0.00844	0.00604	0.00877	0.00877	0.00983	0.00695	0.00681	0.01055	0.00950	0.01415	0.01568	0.02235	0.01434	0.03897	0.69261	0.00834	0.01395	0.00604	0.09276	0.00513
41	0.83938	0.01106	0.00841	0.00752	0.01106	0.01283	0.00619	0.01681	0.00973	0.02566	0.00796	0.00929	0.00619	0.00531	0.00354	0.00177	0.00442	0.00310	0.00354	0.00619
42	0.01350	0.01543	0.03375	0.02411	0.02989	0.01446	0.74253	0.01832	0.01350	0.01832	0.01157	0.01543	0.00868	0.00482	0.00675	0.00193	0.00964	0.00675	0.00289	0.00771
43	0.01423	0.01229	0.01293	0.01164	0.01487	0.01423	0.00905	0.03039	0.75297	0.02393	0.02328	0.02134	0.01746	0.00776	0.00582	0.00194	0.00453	0.00647	0.00582	0.00905
44	0.83938	0.01106	0.00841	0.00752	0.01106	0.01283	0.00619	0.01681	0.00973	0.02566	0.00796	0.00929	0.00619	0.00531	0.00354	0.00177	0.00442	0.00310	0.00354	0.00619
45	0.11018	0.01420	0.01523	0.01197	0.01627	0.01550	0.00983	0.49044	0.09576	0.13980	0.01534	0.01484	0.01076	0.00682	0.00550	0.00175	0.00571	0.00515	0.00569	0.00928
46	0.83938	0.01106	0.00841	0.00752	0.01106	0.01283	0.00619	0.01681	0.00973	0.02566	0.00796	0.00929	0.00619	0.00531	0.00354	0.00177	0.00442	0.00310	0.00354	0.00619
47	0.01416	0.01359	0.02322	0.03511	0.76330	0.01359	0.01755	0.01755	0.01302	0.01869	0.01076	0.01416	0.00906	0.00510	0.00566	0.00170	0.00680	0.00510	0.00283	0.00906
48	0.01879	0.01455	0.01550	0.01256	0.01661	0.01636	0.01016	0.46368	0.31225	0.03128	0.01749	0.01672	0.01277	0.00722	0.00576	0.00180	0.00560	0.00567	0.00576	0.00946
49	0.00899	0.00730	0.01063	0.01017	0.01096	0.00902	0.00801	0.01080	0.00908	0.01329	0.01397	0.02117	0.01328	0.06500	0.60733	0.00781	0.15895	0.00600	0.00297	0.00526
50	0.01423	0.01229	0.01293	0.01164	0.01487	0.01423	0.00905	0.03039	0.75297	0.02393	0.02328	0.02134	0.01746	0.00776	0.00582	0.00194	0.00453	0.00647	0.00582	0.00905
51	0.00906	0.00647	0.00903	0.01035	0.01160	0.00645	0.00894	0.01157	0.01301	0.01694	0.03037	0.11661	0.03327	0.01595	0.00786	0.00261	0.00513	0.67429	0.00527	0.00522
52	0.00997	0.00836	0.00900	0.00963	0.01069	0.08954	0.00752	0.01166	0.01188	0.01488	0.02440	0.14426	0.02684	0.18627	0.06689	0.00356	0.00634	0.34890	0.00447	0.00493

[dist]
# distance from previous block
# <min> <max>
0	73

[block]
# block no. 2 follows, 41 sequences, length 18
# corresponding to MSA columns:
# 340-357
name=unknown_C
#
# <colnr> <probs for GDERKNQSTAVLIFYWHMCP>
#	G	D	E	R	K	N	Q	S	T	A	V	L	I	F	Y	W	H	M	C	P
0	0.83938	0.01106	0.00841	0.00752	0.01106	0.01283	0.00619	0.01681	0.00973	0.02566	0.00796	0.00929	0.00619	0.00531	0.00354	0.00177	0.00442	0.00310	0.00354	0.00619
1	0.00830	0.00616	0.00798	0.00786	0.00945	0.00547	0.03788	0.00993	0.01278	0.05509	0.10961	0.31505	0.34573	0.01467	0.00693	0.00207	0.00349	0.03094	0.00539	0.00521
2	0.00884	0.00688	0.00727	0.00691	0.00910	0.00632	0.00526	0.01240	0.11278	0.05634	0.10079	0.04780	0.57251	0.01300	0.00658	0.00191	0.00320	0.01087	0.00554	0.00569
3	0.01254	0.01040	0.01204	0.00892	0.01361	0.00846	0.00710	0.08962	0.01335	0.02016	0.01206	0.06805	0.01070	0.00549	0.00461	0.00104	0.00438	0.00449	0.00377	0.68920
4	0.07027	0.01048	0.01697	0.67586	0.08928	0.01278	0.01531	0.01498	0.01143	0.01570	0.01005	0.01475	0.00763	0.00564	0.00556	0.00188	0.00734	0.00494	0.00263	0.00654
5	0.00724	0.00581	0.00636	0.00646	0.00807	0.00508	0.00483	0.00881	0.01302	0.01616	0.13904	0.08304	0.53437	0.07045	0.00847	0.00224	0.00326	0.06717	0.00530	0.00483
6	0.07595	0.00977	0.01103	0.00915	0.01205	0.00998	0.00713	0.18830	0.04831	0.21382	0.07254	0.02364	0.03806	0.15147	0.00974	0.00241	0.00482	0.00638	0.09809	0.00736
7	0.01434	0.26439	0.22016	0.01460	0.04025	0.10600	0.05541	0.01835	0.05519	0.01584	0.00977	0.01183	0.00806	0.00616	0.00716	0.00171	0.13625	0.00423	0.00274	0.00754
8	0.01420	0.17349	0.20574	0.03685	0.06030	0.03969	0.17761	0.03508	0.04446	0.06834	0.01335	0.03088	0.01103	0.00640	0.00564	0.00178	0.00743	0.05655	0.00336	0.00783
9	0.00693	0.00572	0.00611	0.00630	0.00798	0.00489	0.00469	0.00843	0.01293	0.01574	0.08528	0.14670	0.61316	0.01483	0.00687	0.00200	0.00303	0.03821	0.00535	0.00485
10	0.00832	0.00555	0.00624	0.00624	0.00624	0.00555	0.00347	0.00832	0.00832	0.01109	0.01802	0.03743	0.02080	0.79898	0.02911	0.00555	0.00555	0.00832	0.00347	0.00347
11	0.01482	0.09225	0.34270	0.01772	0.08555	0.04556	0.13190	0.09522	0.01427	0.06893	0.01135	0.01313	0.00837	0.00566	0.00590	0.00176	0.02855	0.00479	0.00321	0.00837
12	0.06447	0.03361	0.10267	0.22301	0.07758	0.01316	0.11835	0.08174	0.01315	0.01872	0.01351	0.01899	0.03150	0.00786	0.02716	0.00212	0.06407	0.05689	0.02431	0.00711
13	0.00697	0.00578	0.00583	0.00582	0.00771	0.00487	0.00436	0.00851	0.01309	0.01594	0.07856	0.05323	0.70703	0.01407	0.00664	0.00190	0.00288	0.01173	0.04021	0.00487
14	0.06704	0.12605	0.12272	0.01450	0.09420	0.05740	0.04288	0.06315	0.06914	0.15713	0.03425	0.03901	0.01260	0.02546	0.00641	0.00184	0.03447	0.01959	0.00417	0.00799
15	0.05029	0.09149	0.03663	0.05860	0.13625	0.16352	0.10257	0.02056	0.07216	0.13307	0.01364	0.04704	0.01089	0.00646	0.00593	0.00174	0.03215	0.00540	0.00382	0.00780
16	0.23528	0.01333	0.01277	0.04313	0.01518	0.09270	0.00869	0.23305	0.01693	0.14160	0.01676	0.04891	0.06417	0.00729	0.00520	0.00174	0.00564	0.00547	0.00483	0.02733
17	0.03758	0.15179	0.07701	0.06778	0.04930	0.01503	0.01095	0.24287	0.06821	0.02336	0.01178	0.01292	0.00910	0.00568	0.00495	0.00147	0.00591	0.00434	0.00396	0.19600

[dist]
# distance from previous block
# <min> <max>
0	4

[block]
# block no. 3 follows, 41 sequences, length 23
# corresponding to MSA columns:
# 362-384
name=unknown_D
#
# <colnr> <probs for GDERKNQSTAVLIFYWHMCP>
#	G	D	E	R	K	N	Q	S	T	A	V	L	I	F	Y	W	H	M	C	P
0	0.06252	0.32556	0.17550	0.06473	0.07468	0.06831	0.01298	0.06499	0.06892	0.01785	0.01037	0.01183	0.00832	0.00551	0.00470	0.00156	0.00682	0.00402	0.00304	0.00780
1	0.00947	0.00739	0.00839	0.00829	0.02548	0.00714	0.00622	0.08710	0.05654	0.01966	0.16126	0.09787	0.36929	0.01276	0.00662	0.00195	0.00362	0.07297	0.03217	0.00580
2	0.01187	0.02365	0.53300	0.01575	0.02263	0.01238	0.10079	0.01811	0.05518	0.04449	0.01473	0.07334	0.03490	0.00678	0.00580	0.00187	0.00767	0.00585	0.00314	0.00805
3	0.00830	0.00598	0.00846	0.00846	0.00930	0.00677	0.00631	0.00997	0.00913	0.01317	0.01598	0.02534	0.01558	0.18867	0.60034	0.00817	0.01292	0.00652	0.03583	0.00480
4	0.01392	0.01206	0.01275	0.01200	0.03902	0.03983	0.00899	0.07294	0.53997	0.02315	0.05240	0.06799	0.04730	0.00871	0.00599	0.00193	0.00473	0.02238	0.00557	0.00838
5	0.00772	0.00571	0.00721	0.00710	0.00838	0.00520	0.00523	0.00997	0.01492	0.02054	0.54337	0.15956	0.15777	0.01306	0.00683	0.00190	0.00282	0.01151	0.00600	0.00520
6	0.26984	0.01413	0.04459	0.03662	0.03181	0.05782	0.03374	0.27103	0.01719	0.09534	0.01245	0.01328	0.00904	0.00614	0.00493	0.00171	0.00582	0.00452	0.06207	0.00792
7	0.00829	0.00585	0.00727	0.00710	0.00855	0.00526	0.00525	0.01040	0.01461	0.04922	0.44756	0.16550	0.21755	0.01317	0.00680	0.00191	0.00293	0.01152	0.00594	0.00531
8	0.07395	0.01570	0.01661	0.01280	0.01731	0.01742	0.01057	0.69778	0.02580	0.03539	0.01336	0.01345	0.00950	0.00677	0.00558	0.00172	0.00617	0.00502	0.00558	0.00950
9	0.00805	0.00580	0.00774	0.00783	0.00851	0.00619	0.00553	0.00934	0.00967	0.01338	0.06710	0.09637	0.05489	0.28810	0.37872	0.00659	0.00968	0.00826	0.00370	0.00453
10	0.00859	0.00608	0.00822	0.00926	0.01020	0.00599	0.00745	0.01055	0.01225	0.01615	0.07108	0.20338	0.03347	0.12174	0.01058	0.00292	0.00477	0.44732	0.00509	0.00491
11	0.01162	0.02853	0.71421	0.01689	0.02514	0.01337	0.07520	0.01813	0.01218	0.01813	0.01036	0.01233	0.00735	0.00539	0.00553	0.00182	0.00854	0.00442	0.00245	0.00840
12	0.00691	0.00577	0.00602	0.00602	0.00783	0.00488	0.00449	0.00848	0.01331	0.01622	0.13223	0.07842	0.66119	0.01430	0.00678	0.00193	0.00289	0.01203	0.00542	0.00488
13	0.00860	0.00676	0.01001	0.00977	0.01069	0.00817	0.00768	0.01056	0.00915	0.01333	0.01455	0.02149	0.01363	0.03966	0.70167	0.00853	0.09151	0.00602	0.00301	0.00522
14	0.01190	0.01150	0.01251	0.01407	0.09941	0.16139	0.03401	0.01415	0.01343	0.01640	0.04398	0.18504	0.02578	0.01251	0.00691	0.00219	0.00616	0.31824	0.00448	0.00594
15	0.01206	0.14769	0.65635	0.01531	0.02322	0.01471	0.01940	0.01796	0.01201	0.01740	0.00991	0.01163	0.00726	0.00535	0.00516	0.00172	0.00810	0.00405	0.00242	0.00828
16	0.01355	0.01665	0.12437	0.06458	0.12720	0.06214	0.33148	0.04484	0.01361	0.01839	0.04161	0.01709	0.01106	0.00612	0.00700	0.00190	0.05598	0.03165	0.00311	0.00766
17	0.00709	0.00567	0.00635	0.00648	0.00801	0.00492	0.00474	0.00874	0.01338	0.01697	0.20915	0.17950	0.47994	0.01446	0.00685	0.00197	0.00293	0.01241	0.00553	0.00492
18	0.07466	0.01280	0.01676	0.32484	0.14698	0.11709	0.04069	0.01585	0.01203	0.01615	0.02748	0.01541	0.00966	0.01066	0.10550	0.00276	0.03606	0.00506	0.00288	0.00669
19	0.01529	0.80242	0.02997	0.00979	0.01468	0.02263	0.00979	0.01713	0.01162	0.01346	0.00795	0.00918	0.00734	0.00489	0.00367	0.00122	0.00612	0.00306	0.00245	0.00734
20	0.00703	0.00500	0.00662	0.00789	0.00820	0.00469	0.00523	0.00798	0.01083	0.01444	0.03091	0.76086	0.03706	0.05337	0.00829	0.00247	0.00342	0.01590	0.00523	0.00459
21	0.00693	0.00511	0.00650	0.00760	0.00820	0.00468	0.00515	0.00801	0.01130	0.01474	0.03594	0.67152	0.15871	0.01735	0.00721	0.00226	0.00325	0.01556	0.00531	0.00468
22	0.04856	0.20043	0.01986	0.01431	0.08406	0.14168	0.06389	0.10184	0.04145	0.06809	0.06649	0.01604	0.03342	0.00667	0.00602	0.00164	0.05526	0.00510	0.01766	0.00754

[dist]
# distance from previous block
# <min> <max>
9	46

[block]
# block no. 4 follows, 41 sequences, length 26
# corresponding to MSA columns:
# 452-477
name=unknown_E
#
# <colnr> <probs for GDERKNQSTAVLIFYWHMCP>
#	G	D	E	R	K	N	Q	S	T	A	V	L	I	F	Y	W	H	M	C	P
0	0.65467	0.01188	0.03207	0.00863	0.01210	0.03738	0.00737	0.05137	0.01123	0.02459	0.01086	0.01586	0.00945	0.00659	0.00425	0.00186	0.00492	0.08479	0.00379	0.00634
1	0.04833	0.09608	0.00959	0.00704	0.00909	0.00751	0.00558	0.01094	0.01432	0.01951	0.40609	0.04142	0.28107	0.01155	0.00625	0.00178	0.00323	0.00975	0.00540	0.00547
2	0.01096	0.00894	0.01330	0.01364	0.09702	0.01037	0.03190	0.01384	0.05194	0.04908	0.04983	0.02086	0.01461	0.05957	0.37420	0.00560	0.15858	0.00612	0.00343	0.00622
3	0.00801	0.00587	0.00769	0.00732	0.00867	0.00555	0.00552	0.01054	0.01517	0.02130	0.62490	0.04134	0.10104	0.01542	0.09370	0.00264	0.00414	0.00999	0.00586	0.00532
4	0.01396	0.01541	0.10297	0.11077	0.36032	0.01399	0.16527	0.07452	0.05008	0.01971	0.01165	0.01464	0.00909	0.00541	0.00588	0.00179	0.00750	0.00541	0.00314	0.00847
5	0.63625	0.03769	0.01087	0.00911	0.01246	0.10894	0.00743	0.04345	0.01116	0.02354	0.00825	0.00976	0.00658	0.00569	0.00468	0.00176	0.04918	0.00335	0.00345	0.00641
6	0.00860	0.00565	0.00738	0.00820	0.00897	0.00530	0.00566	0.03194	0.01196	0.06164	0.05177	0.68888	0.04889	0.01668	0.00713	0.00225	0.00348	0.01503	0.00546	0.00514
7	0.01690	0.13183	0.14361	0.01300	0.02914	0.06438	0.02409	0.22585	0.14137	0.07689	0.04783	0.01580	0.01250	0.00741	0.02280	0.00186	0.00660	0.00514	0.00450	0.00851
8	0.01283	0.01465	0.10391	0.04005	0.12264	0.05153	0.16830	0.01868	0.14924	0.03138	0.04638	0.02200	0.11588	0.00758	0.00709	0.00190	0.06784	0.00669	0.00386	0.00757
9	0.01243	0.00952	0.03202	0.09867	0.09259	0.02253	0.04961	0.01520	0.03169	0.14210	0.06022	0.07994	0.22596	0.03642	0.02322	0.00215	0.00532	0.03040	0.00469	0.02533
10	0.01094	0.00998	0.06885	0.01256	0.09658	0.00946	0.00909	0.10263	0.02736	0.01683	0.01498	0.02287	0.01408	0.19405	0.35766	0.00592	0.01038	0.00623	0.00346	0.00611
11	0.01126	0.00864	0.00898	0.00823	0.01012	0.09270	0.00624	0.01359	0.01572	0.09906	0.50082	0.05987	0.12041	0.01104	0.00648	0.00179	0.00383	0.00947	0.00587	0.00591
12	0.09582	0.01276	0.01358	0.01111	0.01477	0.03341	0.00895	0.33162	0.13272	0.13217	0.10091	0.05369	0.01740	0.00790	0.00571	0.00179	0.00521	0.00629	0.00569	0.00849
13	0.04290	0.12595	0.04125	0.01466	0.10057	0.12149	0.01106	0.31413	0.07180	0.02512	0.01267	0.01357	0.00971	0.00622	0.00516	0.00161	0.00651	0.00467	0.06257	0.00839
14	0.06551	0.01552	0.14710	0.01478	0.11616	0.05050	0.01177	0.19446	0.04101	0.05608	0.06555	0.09032	0.03945	0.00772	0.00566	0.00175	0.00595	0.00636	0.00438	0.05997
15	0.01270	0.18283	0.24534	0.01488	0.09220	0.06301	0.05334	0.01628	0.01285	0.03619	0.09763	0.11706	0.01696	0.00765	0.00554	0.00173	0.00658	0.00646	0.00346	0.00731
16	0.01341	0.26301	0.42421	0.01364	0.02025	0.01645	0.01584	0.05193	0.09632	0.01816	0.01119	0.01231	0.00854	0.00560	0.00495	0.00164	0.00720	0.00416	0.00296	0.00824
17	0.00733	0.00546	0.00683	0.00754	0.00849	0.00500	0.00542	0.00882	0.01240	0.01626	0.15148	0.42604	0.20630	0.03097	0.00756	0.00224	0.00334	0.07826	0.00543	0.00484
18	0.00974	0.04207	0.02469	0.00920	0.01045	0.05721	0.00698	0.01129	0.01114	0.04827	0.04368	0.38710	0.02566	0.04180	0.21868	0.00414	0.02748	0.01072	0.00435	0.00536
19	0.06154	0.14946	0.15525	0.07457	0.06532	0.08278	0.04687	0.09914	0.05244	0.06744	0.01264	0.05665	0.01039	0.00660	0.00576	0.00173	0.03486	0.00517	0.00360	0.00778
20	0.00983	0.00661	0.00853	0.09501	0.01232	0.00634	0.00653	0.01200	0.01359	0.09496	0.22544	0.11858	0.26283	0.01300	0.03658	0.00217	0.00410	0.00998	0.05593	0.00568
21	0.00908	0.00796	0.00809	0.00871	0.00977	0.09224	0.00637	0.01056	0.01253	0.01565	0.09870	0.39558	0.12710	0.04890	0.00797	0.00232	0.00440	0.12402	0.00505	0.00501
22	0.03518	0.05804	0.22027	0.09064	0.12581	0.09790	0.06312	0.05162	0.01290	0.01735	0.01298	0.02615	0.05050	0.00713	0.00732	0.03767	0.06990	0.00520	0.00298	0.00734
23	0.03523	0.01282	0.08932	0.07084	0.05869	0.03959	0.23755	0.01524	0.03532	0.03959	0.02079	0.22377	0.07721	0.00940	0.00643	0.00198	0.00660	0.00898	0.00389	0.00673
24	0.70140	0.01282	0.00956	0.00849	0.01201	0.09882	0.00687	0.01811	0.01084	0.06586	0.00888	0.00998	0.00677	0.00547	0.00385	0.00174	0.00511	0.00331	0.00367	0.00644
25	0.01632	0.10423	0.07502	0.01150	0.01501	0.14475	0.00981	0.19338	0.02688	0.09362	0.01836	0.16671	0.04722	0.01042	0.03895	0.00208	0.00665	0.00715	0.00453	0.00742

[dist]
# distance from previous block
# <min> <max>
0	2

[block]
# block no. 5 follows, 41 sequences, length 31
# corresponding to MSA columns:
# 480-510
name=unknown_F
#
# <colnr> <probs for GDERKNQSTAVLIFYWHMCP>
#	G	D	E	R	K	N	Q	S	T	A	V	L	I	F	Y	W	H	M	C	P
0	0.01543	0.13079	0.05665	0.04748	0.28639	0.03562	0.04757	0.05408	0.01390	0.12202	0.01489	0.05395	0.01295	0.00709	0.00570	0.00177	0.00644	0.07533	0.00383	0.00811
1	0.01605	0.01404	0.01558	0.04423	0.05187	0.16029	0.07933	0.16613	0.01610	0.09352	0.03221	0.10843	0.05451	0.02602	0.07127	0.00250	0.02936	0.00697	0.00437	0.00723
2	0.01212	0.01087	0.01716	0.69233	0.03679	0.01331	0.01528	0.10241	0.01330	0.01719	0.01060	0.01507	0.00788	0.00586	0.00572	0.00188	0.00746	0.00509	0.00292	0.00676
3	0.01667	0.01304	0.05234	0.10825	0.12658	0.03271	0.03296	0.16988	0.10662	0.15474	0.06117	0.01878	0.02964	0.00770	0.02269	0.00194	0.00619	0.00585	0.02386	0.00838
4	0.01111	0.00949	0.01186	0.10492	0.08386	0.03765	0.00901	0.04978	0.15304	0.02041	0.25454	0.10411	0.06775	0.01082	0.02514	0.00207	0.00491	0.02783	0.00503	0.00667
5	0.16247	0.01169	0.01302	0.01062	0.01425	0.01238	0.00860	0.27709	0.03609	0.23524	0.03131	0.10930	0.01469	0.00819	0.00593	0.00184	0.02698	0.00642	0.00560	0.00831
6	0.01745	0.08999	0.05197	0.01145	0.01531	0.01415	0.00980	0.39781	0.02027	0.08908	0.06538	0.11153	0.02960	0.00945	0.02467	0.00196	0.00581	0.02081	0.00526	0.00826
7	0.01475	0.01268	0.01390	0.01219	0.01517	0.01496	0.00965	0.09777	0.59285	0.02388	0.02045	0.01954	0.01551	0.00794	0.00737	0.00199	0.09903	0.00616	0.00541	0.00878
8	0.05332	0.11792	0.06454	0.05309	0.10839	0.20033	0.05055	0.15320	0.01575	0.03813	0.01192	0.05808	0.01021	0.02076	0.00597	0.00174	0.01971	0.00517	0.00360	0.00762
9	0.01049	0.00763	0.01139	0.01117	0.01308	0.00755	0.07972	0.03864	0.01362	0.03315	0.04285	0.06936	0.02778	0.01311	0.00716	0.00233	0.00530	0.49548	0.10444	0.00574
10	0.01902	0.02343	0.01569	0.01423	0.01664	0.61003	0.01085	0.02052	0.01463	0.01390	0.00931	0.01176	0.00806	0.00999	0.08174	0.00235	0.10444	0.00408	0.00291	0.00644
11	0.01425	0.04897	0.08044	0.01423	0.08802	0.10252	0.07635	0.06267	0.03590	0.10123	0.07246	0.11336	0.05975	0.05464	0.00742	0.00207	0.00621	0.04805	0.00439	0.00709
12	0.01332	0.07474	0.47148	0.01552	0.02202	0.10530	0.06648	0.05308	0.01346	0.01811	0.01215	0.01708	0.00998	0.00649	0.00563	0.00182	0.00820	0.07433	0.00295	0.00786
13	0.19959	0.01494	0.01526	0.01193	0.01629	0.01667	0.00985	0.58601	0.02316	0.03379	0.01248	0.01277	0.00896	0.00653	0.00525	0.00173	0.00589	0.00470	0.00525	0.00896
14	0.01994	0.01479	0.01580	0.01227	0.01653	0.01618	0.01009	0.65566	0.02523	0.03357	0.01905	0.01870	0.10012	0.00778	0.00585	0.00174	0.00589	0.00598	0.00567	0.00914
15	0.01113	0.01050	0.01774	0.71233	0.10975	0.01279	0.01605	0.01490	0.01159	0.01501	0.01022	0.01514	0.00776	0.00566	0.00571	0.00189	0.00754	0.00508	0.00257	0.00662
16	0.02174	0.01602	0.01717	0.01316	0.01774	0.01774	0.01087	0.74423	0.02689	0.03605	0.01373	0.01373	0.00973	0.00687	0.00572	0.00172	0.00629	0.00515	0.00572	0.00973
17	0.01362	0.01294	0.01748	0.01479	0.01534	0.01755	0.01232	0.10166	0.01094	0.01645	0.00826	0.01266	0.00778	0.00963	0.01720	0.00241	0.69439	0.00502	0.00289	0.00667
18	0.02118	0.01171	0.01386	0.01120	0.01525	0.01201	0.00906	0.15739	0.26166	0.39028	0.02122	0.01906	0.01445	0.00727	0.00577	0.00182	0.00501	0.00588	0.00642	0.00951
19	0.00677	0.00576	0.00583	0.00588	0.00775	0.00482	0.00438	0.00820	0.01296	0.01542	0.05690	0.08429	0.73241	0.01462	0.00678	0.00195	0.00291	0.01224	0.00531	0.00482
20	0.00771	0.00535	0.00648	0.00697	0.00728	0.00515	0.00437	0.00835	0.01011	0.01350	0.07803	0.33783	0.05914	0.40317	0.01801	0.00386	0.00436	0.01175	0.00447	0.00412
21	0.01338	0.01396	0.04874	0.24604	0.09709	0.01403	0.35487	0.05802	0.01342	0.03342	0.01122	0.01502	0.00848	0.00551	0.00674	0.00191	0.04175	0.00585	0.00300	0.00755
22	0.00699	0.00568	0.00620	0.00634	0.00794	0.00488	0.00465	0.00855	0.01318	0.01643	0.15768	0.16775	0.54458	0.01460	0.00684	0.00197	0.00293	0.01246	0.00546	0.00488
23	0.01495	0.05737	0.14094	0.04282	0.28576	0.15459	0.03583	0.03448	0.06485	0.03425	0.06882	0.01571	0.01246	0.00607	0.00556	0.00169	0.00727	0.00515	0.00338	0.00806
24	0.00715	0.00515	0.00659	0.00759	0.00807	0.00479	0.00506	0.00818	0.01116	0.01481	0.07474	0.62126	0.09226	0.09320	0.00935	0.00258	0.00347	0.01482	0.00519	0.00459
25	0.01521	0.03421	0.03398	0.05487	0.01613	0.01305	0.02674	0.24230	0.23330	0.05210	0.02024	0.14639	0.02896	0.00887	0.00591	0.00187	0.00521	0.00747	0.04513	0.00806
26	0.01339	0.01395	0.02793	0.02160	0.07832	0.01333	0.52759	0.07259	0.01488	0.02037	0.12059	0.01918	0.01537	0.00600	0.00659	0.00188	0.00817	0.00703	0.00360	0.00763
27	0.01234	0.08865	0.03135	0.19785	0.27787	0.04845	0.02870	0.01566	0.03418	0.01671	0.04632	0.11139	0.03611	0.00766	0.00580	0.00181	0.00637	0.02219	0.00338	0.00723
28	0.01666	0.24846	0.05737	0.01333	0.01705	0.25163	0.05583	0.08610	0.01420	0.01644	0.01019	0.01218	0.02032	0.00755	0.03472	0.00187	0.10210	0.00423	0.00303	0.02674
29	0.09176	0.01213	0.10242	0.01117	0.02984	0.04416	0.04099	0.04355	0.08063	0.03890	0.08426	0.17331	0.12446	0.01036	0.00668	0.00194	0.04285	0.02721	0.00453	0.02884
30	0.01368	0.18817	0.20255	0.01253	0.03729	0.05009	0.03725	0.07023	0.03365	0.06804	0.07232	0.11478	0.03011	0.03706	0.00637	0.00186	0.00623	0.00656	0.00388	0.00735

[dist]
# distance from previous block
# <min> <max>
0	10

[block]
# block no. 6 follows, 41 sequences, length 20
# corresponding to MSA columns:
# 521-540
name=unknown_G
#
# <colnr> <probs for GDERKNQSTAVLIFYWHMCP>
#	G	D	E	R	K	N	Q	S	T	A	V	L	I	F	Y	W	H	M	C	P
0	0.02708	0.01105	0.04780	0.03079	0.01336	0.05307	0.00824	0.12759	0.11260	0.08062	0.15064	0.11329	0.16104	0.01047	0.00625	0.00189	0.00471	0.02722	0.00536	0.00695
1	0.01035	0.01069	0.09270	0.01012	0.01316	0.00885	0.05473	0.07832	0.10471	0.02038	0.18518	0.07426	0.25166	0.01106	0.00650	0.00193	0.00454	0.04924	0.00515	0.00648
2	0.01323	0.01256	0.02080	0.10071	0.47979	0.01298	0.06957	0.01824	0.10449	0.01875	0.03382	0.01724	0.02776	0.00734	0.03628	0.00207	0.00695	0.00572	0.00334	0.00835
3	0.01382	0.01459	0.09124	0.16287	0.23031	0.05449	0.09319	0.05056	0.06256	0.05150	0.03384	0.01730	0.04131	0.00702	0.02014	0.00196	0.03633	0.00567	0.00345	0.00784
4	0.19502	0.01497	0.01531	0.01197	0.01632	0.01670	0.00988	0.59007	0.02326	0.03385	0.01251	0.01279	0.00898	0.00654	0.00526	0.00173	0.00590	0.00471	0.00526	0.00898
5	0.01524	0.04564	0.01733	0.07714	0.07420	0.21038	0.08259	0.02230	0.26189	0.01834	0.04128	0.01742	0.01320	0.03621	0.00710	0.00192	0.04071	0.00558	0.00397	0.00756
6	0.00703	0.00512	0.00664	0.00782	0.00836	0.00474	0.00535	0.00813	0.01126	0.01478	0.03434	0.68888	0.11592	0.01747	0.00726	0.00229	0.00334	0.04127	0.00531	0.00469
7	0.00905	0.00592	0.00664	0.00650	0.00684	0.00602	0.00392	0.03520	0.00941	0.01317	0.01784	0.03429	0.01949	0.65681	0.05337	0.00509	0.00562	0.00780	0.09307	0.00395
8	0.00711	0.00504	0.00659	0.00778	0.00807	0.00474	0.00511	0.00800	0.01067	0.01422	0.03006	0.71323	0.03599	0.10246	0.00966	0.00267	0.00356	0.01540	0.00511	0.00452
9	0.00805	0.00584	0.00758	0.00715	0.00852	0.00538	0.00536	0.01070	0.01608	0.02267	0.73482	0.04317	0.07960	0.01179	0.00675	0.00180	0.00271	0.01041	0.00626	0.00538
10	0.01529	0.80242	0.02997	0.00979	0.01468	0.02263	0.00979	0.01713	0.01162	0.01346	0.00795	0.00918	0.00734	0.00489	0.00367	0.00122	0.00612	0.00306	0.00245	0.00734
11	0.00697	0.00498	0.00664	0.00796	0.00830	0.00465	0.00531	0.00796	0.01095	0.01460	0.03153	0.79525	0.03783	0.01792	0.00730	0.00232	0.00332	0.01626	0.00531	0.00465
12	0.02566	0.00973	0.01327	0.01018	0.01460	0.00841	0.00841	0.02788	0.01637	0.76726	0.02257	0.01947	0.01416	0.00708	0.00575	0.00177	0.00487	0.00575	0.00708	0.00973
13	0.76117	0.01154	0.00924	0.00806	0.01170	0.01330	0.00664	0.08640	0.01138	0.02666	0.00852	0.00972	0.00653	0.00546	0.00375	0.00176	0.00460	0.00329	0.00375	0.00653
14	0.02080	0.01546	0.01666	0.01271	0.01734	0.01677	0.01048	0.67442	0.02546	0.03438	0.01339	0.01355	0.00961	0.00661	0.00558	0.00163	0.00610	0.00498	0.00550	0.08857
15	0.01214	0.11170	0.61795	0.01740	0.09431	0.01433	0.01956	0.01795	0.01212	0.01767	0.01006	0.01196	0.00743	0.00534	0.00527	0.00174	0.00804	0.00418	0.00246	0.00839
16	0.01381	0.01351	0.02170	0.18313	0.58663	0.04711	0.01694	0.01720	0.01285	0.01767	0.01056	0.01420	0.00870	0.00526	0.00565	0.00173	0.00712	0.00503	0.00278	0.00842
17	0.01005	0.00630	0.00778	0.00719	0.00901	0.00562	0.00541	0.01214	0.01475	0.11981	0.40135	0.07251	0.24257	0.05055	0.00773	0.00204	0.00321	0.01034	0.00595	0.00570
18	0.16198	0.24983	0.01848	0.03919	0.04846	0.10551	0.00960	0.12196	0.06298	0.07303	0.01363	0.01424	0.04660	0.00623	0.00472	0.00159	0.00607	0.00446	0.00387	0.00759
19	0.01338	0.01280	0.02182	0.20855	0.59592	0.01339	0.01717	0.01687	0.01266	0.01775	0.01062	0.01441	0.00873	0.00524	0.00568	0.00175	0.00699	0.00509	0.00276	0.00843

[dist]
# distance from previous block
# <min> <max>
0	5

[block]
# block no. 7 follows, 41 sequences, length 28
# corresponding to MSA columns:
# 546-573
name=unknown_H
#
# <colnr> <probs for GDERKNQSTAVLIFYWHMCP>
#	G	D	E	R	K	N	Q	S	T	A	V	L	I	F	Y	W	H	M	C	P
0	0.01537	0.01233	0.01765	0.01695	0.15049	0.01277	0.12429	0.24098	0.07005	0.04146	0.06394	0.04949	0.01542	0.00730	0.00586	0.00177	0.00590	0.02936	0.11054	0.00806
1	0.66914	0.01047	0.00883	0.00794	0.01075	0.01226	0.00633	0.01549	0.00948	0.02288	0.00922	0.01315	0.00817	0.10739	0.00799	0.00231	0.06500	0.00391	0.00345	0.00585
2	0.01472	0.01145	0.01934	0.02596	0.01897	0.03539	0.28319	0.01766	0.01381	0.19561	0.04088	0.06811	0.15741	0.00859	0.00715	0.00194	0.04874	0.01925	0.00458	0.00725
3	0.01645	0.01296	0.01372	0.01171	0.01518	0.03064	0.00926	0.22573	0.44027	0.06140	0.06432	0.03889	0.01761	0.00792	0.00587	0.00186	0.00502	0.00648	0.00581	0.00890
4	0.00763	0.00601	0.00842	0.14708	0.01380	0.00612	0.00708	0.00919	0.01131	0.01471	0.03108	0.56050	0.12509	0.01529	0.00695	0.00220	0.00404	0.01372	0.00481	0.00498
5	0.01183	0.02636	0.62088	0.01875	0.10522	0.01324	0.07226	0.01788	0.01226	0.01813	0.01081	0.02732	0.00812	0.00559	0.00559	0.00182	0.00826	0.00473	0.00255	0.00839
6	0.01402	0.02603	0.63375	0.01520	0.02294	0.01241	0.01885	0.01986	0.01285	0.15246	0.01247	0.01340	0.00849	0.00573	0.00549	0.00180	0.00781	0.00450	0.00325	0.00868
7	0.02312	0.01072	0.01470	0.01362	0.11072	0.00995	0.00974	0.06012	0.07321	0.57997	0.02070	0.01866	0.01355	0.00687	0.00574	0.00177	0.00515	0.00570	0.00637	0.00960
8	0.01401	0.01238	0.01900	0.02508	0.45128	0.01254	0.03682	0.14595	0.01526	0.02102	0.01762	0.11738	0.07081	0.00777	0.00600	0.00181	0.00605	0.00713	0.00386	0.00825
9	0.07767	0.01326	0.01976	0.02806	0.55053	0.03744	0.01481	0.01886	0.10761	0.01956	0.01305	0.05096	0.01120	0.00608	0.00558	0.00176	0.00627	0.00559	0.00339	0.00856
10	0.00701	0.00585	0.00640	0.00640	0.00817	0.00524	0.00485	0.00857	0.01235	0.01506	0.05030	0.04921	0.62707	0.01958	0.14477	0.00323	0.00513	0.01101	0.00491	0.00488
11	0.02059	0.12661	0.01797	0.01410	0.01730	0.67946	0.01089	0.02211	0.01562	0.01393	0.00873	0.01017	0.00736	0.00577	0.00497	0.00144	0.00978	0.00360	0.00288	0.00672
12	0.01545	0.01264	0.01634	0.15306	0.09767	0.01354	0.03525	0.28687	0.09153	0.02456	0.01472	0.08099	0.01225	0.00710	0.00570	0.00172	0.00600	0.00603	0.00444	0.11412
13	0.01930	0.01420	0.01546	0.01209	0.01609	0.01552	0.00989	0.61270	0.02497	0.03370	0.14762	0.01893	0.01766	0.00773	0.00591	0.00173	0.00565	0.00608	0.00583	0.00895
14	0.00754	0.00534	0.00705	0.00820	0.00867	0.00511	0.00577	0.00871	0.01101	0.01460	0.02957	0.56708	0.03477	0.11764	0.01020	0.00279	0.00395	0.14231	0.00507	0.00461
15	0.02067	0.15692	0.01938	0.01249	0.01712	0.01842	0.01063	0.59877	0.02393	0.04737	0.01288	0.01304	0.00939	0.00652	0.00535	0.00163	0.00623	0.00479	0.00516	0.00930
16	0.02236	0.01164	0.01428	0.03620	0.01610	0.01165	0.00930	0.23450	0.08410	0.43676	0.04824	0.01874	0.01450	0.00721	0.00579	0.00177	0.00526	0.00580	0.00640	0.00939
17	0.00697	0.00498	0.00664	0.00796	0.00830	0.00465	0.00531	0.00796	0.01095	0.01460	0.03153	0.79525	0.03783	0.01792	0.00730	0.00232	0.00332	0.01626	0.00531	0.00465
18	0.54352	0.01455	0.01217	0.01265	0.10901	0.15006	0.00877	0.05660	0.01223	0.02323	0.00879	0.01033	0.00696	0.00547	0.00422	0.00170	0.00588	0.00357	0.00346	0.00683
19	0.01937	0.02034	0.01518	0.01331	0.01645	0.41341	0.01027	0.24301	0.04276	0.02126	0.01386	0.09541	0.01240	0.00782	0.00566	0.00169	0.00800	0.02818	0.00421	0.00741
20	0.00823	0.00598	0.00784	0.00773	0.00910	0.00558	0.00603	0.01086	0.01550	0.02154	0.59665	0.04721	0.08313	0.01256	0.00695	0.00195	0.00317	0.13855	0.00607	0.00535
21	0.00700	0.00580	0.00613	0.00605	0.00787	0.00493	0.00453	0.00867	0.01360	0.01679	0.18390	0.05284	0.63419	0.01399	0.00676	0.00191	0.00286	0.01176	0.00549	0.00493
22	0.01858	0.02254	0.01474	0.01353	0.01610	0.59662	0.01022	0.03592	0.01496	0.01433	0.01032	0.01296	0.00889	0.01375	0.16849	0.00311	0.01129	0.00423	0.00303	0.00638
23	0.02052	0.01384	0.01417	0.01169	0.01544	0.11016	0.00931	0.22721	0.15099	0.27417	0.01915	0.07682	0.01446	0.00783	0.00580	0.00179	0.00579	0.00626	0.00581	0.00882
24	0.00697	0.00498	0.00664	0.00796	0.00830	0.00465	0.00531	0.00796	0.01095	0.01460	0.03153	0.79525	0.03783	0.01792	0.00730	0.00232	0.00332	0.01626	0.00531	0.00465
25	0.08163	0.01155	0.01285	0.01093	0.01461	0.01247	0.00870	0.05622	0.44105	0.25311	0.02151	0.01954	0.01528	0.00733	0.00562	0.00187	0.00469	0.00594	0.00603	0.00907
26	0.01811	0.45769	0.02459	0.01178	0.01629	0.15509	0.05043	0.07564	0.01433	0.11217	0.01063	0.01140	0.00848	0.00550	0.00453	0.00142	0.00692	0.00388	0.00341	0.00772
27	0.26568	0.01450	0.07385	0.01322	0.04149	0.03021	0.10365	0.20943	0.01554	0.02505	0.02777	0.03054	0.00969	0.00615	0.00549	0.00172	0.03095	0.00482	0.00397	0.08629

[dist]
# distance from previous block
# <min> <max>
2	9

[block]
# block no. 8 follows, 41 sequences, length 62
# corresponding to MSA columns:
# 583-644
name=unknown_I
#
# <colnr> <probs for GDERKNQSTAVLIFYWHMCP>
#	G	D	E	R	K	N	Q	S	T	A	V	L	I	F	Y	W	H	M	C	P
0	0.01180	0.01367	0.11236	0.01651	0.10398	0.01465	0.01324	0.01413	0.00976	0.01481	0.00965	0.01444	0.00888	0.01476	0.15172	0.00352	0.45770	0.00512	0.00263	0.00666
1	0.00988	0.10838	0.01058	0.00745	0.00996	0.00873	0.00602	0.09699	0.01511	0.01910	0.18326	0.04192	0.43833	0.01182	0.00624	0.00179	0.00367	0.00977	0.00519	0.00584
2	0.01126	0.00965	0.01114	0.00816	0.01287	0.00729	0.00649	0.01367	0.01200	0.01826	0.01582	0.01697	0.09756	0.00545	0.00453	0.00098	0.00408	0.00442	0.00362	0.73579
3	0.00817	0.00613	0.00919	0.00919	0.01021	0.00715	0.00715	0.01021	0.00919	0.01328	0.01532	0.02247	0.01430	0.04290	0.77631	0.00919	0.01532	0.00613	0.00306	0.00511
4	0.01080	0.01017	0.01716	0.78523	0.03940	0.01271	0.01589	0.01461	0.01144	0.01461	0.01017	0.01525	0.00762	0.00572	0.00572	0.00191	0.00762	0.00508	0.00254	0.00635
5	0.01617	0.69054	0.02799	0.01050	0.01511	0.13137	0.00997	0.01795	0.01228	0.01354	0.00808	0.00934	0.00734	0.00504	0.00388	0.00126	0.00672	0.00315	0.00252	0.00724
6	0.02174	0.01602	0.01717	0.01316	0.01774	0.01774	0.01087	0.74423	0.02689	0.03605	0.01373	0.01373	0.00973	0.00687	0.00572	0.00172	0.00629	0.00515	0.00572	0.00973
7	0.01392	0.01359	0.02325	0.03199	0.62570	0.01411	0.06540	0.01716	0.01255	0.01808	0.01043	0.01405	0.00885	0.00566	0.00729	0.00181	0.09953	0.00520	0.00280	0.00864
8	0.00697	0.00498	0.00664	0.00796	0.00830	0.00465	0.00531	0.00796	0.01095	0.01460	0.03153	0.79525	0.03783	0.01792	0.00730	0.00232	0.00332	0.01626	0.00531	0.00465
9	0.01438	0.01236	0.01302	0.01167	0.01493	0.01430	0.00909	0.04446	0.73866	0.02417	0.02309	0.02119	0.01731	0.00774	0.00582	0.00194	0.00456	0.00644	0.00582	0.00907
10	0.01080	0.01017	0.01716	0.78523	0.03940	0.01271	0.01589	0.01461	0.01144	0.01461	0.01017	0.01525	0.00762	0.00572	0.00572	0.00191	0.00762	0.00508	0.00254	0.00635
11	0.00690	0.00572	0.00604	0.00613	0.00785	0.00486	0.00453	0.00841	0.01311	0.01603	0.11741	0.12560	0.62856	0.01457	0.00681	0.00196	0.00292	0.01232	0.00540	0.00486
12	0.00697	0.00498	0.00664	0.00796	0.00830	0.00465	0.00531	0.00796	0.01095	0.01460	0.03153	0.79525	0.03783	0.01792	0.00730	0.00232	0.00332	0.01626	0.00531	0.00465
13	0.01341	0.01364	0.02851	0.07237	0.02729	0.01312	0.56313	0.01768	0.01302	0.06214	0.01258	0.01649	0.00960	0.00952	0.09773	0.00278	0.00990	0.00651	0.00314	0.00744
14	0.01345	0.30971	0.45631	0.01385	0.02068	0.06216	0.01642	0.01804	0.01216	0.01618	0.00934	0.01092	0.00729	0.00527	0.00478	0.00158	0.00772	0.00377	0.00246	0.00794
