[name]
unknown

[dist]
# distance from previous block
# <min> <max>
0	599

[block]
# block no. 0 follows, 81 sequences, length 44
# corresponding to MSA columns:
# 653-696
name=unknown_A
#
# <colnr> <probs for GDERKNQSTAVLIFYWHMCP>
#	G	D	E	R	K	N	Q	S	T	A	V	L	I	F	Y	W	H	M	C	P
0	0.00524	0.00379	0.00429	0.00423	0.00528	0.00344	0.00317	0.02723	0.02998	0.04921	0.15497	0.16192	0.44666	0.02059	0.00422	0.00121	0.00196	0.03069	0.03866	0.00323
1	0.00884	0.05198	0.22555	0.05407	0.10051	0.05445	0.11925	0.13833	0.03003	0.04919	0.05100	0.01016	0.04188	0.00398	0.00385	0.00109	0.04544	0.00335	0.00222	0.00484
2	0.00847	0.12795	0.10672	0.09623	0.10496	0.09612	0.10438	0.07633	0.04652	0.01069	0.02732	0.01943	0.00660	0.01996	0.04252	0.03171	0.04883	0.01890	0.00196	0.00440
3	0.00733	0.00600	0.03493	0.00682	0.05021	0.03356	0.02315	0.08952	0.13627	0.05389	0.06104	0.16892	0.02298	0.10718	0.10547	0.01876	0.00380	0.04577	0.02047	0.00393
4	0.00861	0.05897	0.10934	0.09989	0.25934	0.16086	0.10406	0.02455	0.02137	0.01043	0.03005	0.03697	0.02945	0.00380	0.00353	0.00105	0.01691	0.00334	0.01292	0.00459
5	0.02469	0.04590	0.13605	0.03076	0.06772	0.05359	0.07697	0.08813	0.08120	0.13919	0.02182	0.05911	0.01848	0.08511	0.01271	0.00135	0.03362	0.01641	0.00256	0.00462
6	0.08625	0.10097	0.35667	0.04025	0.07083	0.02483	0.04158	0.13089	0.00858	0.02912	0.00759	0.04751	0.01638	0.00390	0.00324	0.00107	0.00426	0.01925	0.00203	0.00482
7	0.00745	0.00669	0.04987	0.07441	0.03760	0.06260	0.00546	0.08993	0.12723	0.05737	0.07770	0.13906	0.18027	0.00649	0.00383	0.00118	0.00305	0.06270	0.00301	0.00409
8	0.05095	0.09874	0.11065	0.01999	0.15980	0.01328	0.06971	0.03972	0.01990	0.10601	0.03451	0.11913	0.10000	0.00505	0.00349	0.00109	0.00348	0.01810	0.00249	0.02394
9	0.00830	0.03825	0.19036	0.13933	0.05484	0.10239	0.14088	0.03636	0.03470	0.05938	0.02710	0.05598	0.03966	0.00450	0.01359	0.00117	0.03195	0.01471	0.00209	0.00446
10	0.00526	0.00394	0.00496	0.02189	0.00605	0.00397	0.00390	0.00628	0.01829	0.04142	0.03157	0.25721	0.27917	0.07319	0.03295	0.00162	0.06992	0.13234	0.00297	0.00311
11	0.03253	0.06590	0.06354	0.05160	0.23058	0.20800	0.09751	0.03492	0.02505	0.01044	0.00814	0.00951	0.06146	0.00386	0.00388	0.00104	0.06525	0.00314	0.01914	0.00451
12	0.00834	0.09209	0.31876	0.05349	0.14750	0.02275	0.08039	0.08321	0.03206	0.04012	0.02901	0.02644	0.00648	0.00378	0.00357	0.00108	0.02465	0.01937	0.00199	0.00492
13	0.00756	0.03805	0.13259	0.05954	0.09677	0.02903	0.15408	0.04376	0.01760	0.06822	0.01353	0.05052	0.17765	0.00631	0.06092	0.00141	0.02292	0.00433	0.01092	0.00431
14	0.00464	0.00337	0.00447	0.00485	0.00538	0.00315	0.01968	0.00542	0.00691	0.02745	0.03676	0.57061	0.16107	0.04584	0.05474	0.00167	0.00256	0.03541	0.00309	0.00294
15	0.02406	0.01586	0.03346	0.06386	0.06804	0.00497	0.05154	0.03261	0.03887	0.06891	0.12342	0.14628	0.27520	0.00670	0.00385	0.00115	0.00271	0.01253	0.00295	0.02304
16	0.03816	0.10554	0.17560	0.02784	0.25868	0.06214	0.01860	0.06731	0.03433	0.04684	0.04027	0.04484	0.00705	0.00396	0.00374	0.00106	0.05391	0.00321	0.00207	0.00485
17	0.00738	0.02778	0.41049	0.01173	0.13734	0.03566	0.16834	0.01028	0.00751	0.01063	0.02144	0.07747	0.00670	0.00422	0.01379	0.00118	0.03802	0.00357	0.00175	0.00474
18	0.00734	0.12242	0.71119	0.00932	0.01391	0.02337	0.01163	0.01082	0.00723	0.01046	0.00595	0.00707	0.00439	0.00335	0.00346	0.00106	0.03813	0.00248	0.00147	0.00495
19	0.00909	0.00861	0.04658	0.00786	0.04161	0.12074	0.02774	0.10398	0.33049	0.04645	0.05002	0.06349	0.01018	0.04652	0.01923	0.00131	0.04505	0.01340	0.00290	0.00473
20	0.00744	0.01734	0.07513	0.00895	0.15980	0.03659	0.03451	0.03516	0.00827	0.09979	0.10256	0.16731	0.07756	0.00720	0.03789	0.00137	0.00346	0.11274	0.00280	0.00412
21	0.00648	0.00644	0.04236	0.74173	0.02155	0.00741	0.00911	0.00906	0.04432	0.00916	0.00735	0.06678	0.00607	0.00399	0.00351	0.00117	0.00437	0.00353	0.00173	0.00389
22	0.00677	0.00612	0.00982	0.74100	0.02135	0.00747	0.00885	0.06396	0.00753	0.00970	0.00773	0.06173	0.02563	0.00407	0.00353	0.00116	0.00433	0.00358	0.00180	0.00389
23	0.00770	0.00748	0.05867	0.06962	0.27174	0.05207	0.02521	0.05785	0.07290	0.03272	0.14480	0.04802	0.06609	0.05039	0.01865	0.00128	0.00361	0.00425	0.00250	0.00444
24	0.00481	0.00339	0.00427	0.00490	0.00526	0.01904	0.00333	0.00547	0.00688	0.04155	0.03342	0.79432	0.03970	0.01033	0.00434	0.00137	0.00211	0.00932	0.00323	0.00296
25	0.00745	0.00741	0.01056	0.09910	0.01061	0.01028	0.00777	0.00837	0.00546	0.00837	0.00470	0.00773	0.00454	0.00578	0.01051	0.00147	0.78156	0.00303	0.00151	0.00379
26	0.03784	0.04921	0.09880	0.00850	0.01078	0.62414	0.00706	0.03257	0.00946	0.08197	0.00617	0.00682	0.00480	0.00357	0.00311	0.00093	0.00557	0.00236	0.00200	0.00433
27	0.00771	0.01895	0.26019	0.10003	0.27900	0.00818	0.19789	0.01087	0.04581	0.01096	0.00705	0.02507	0.00557	0.00336	0.00354	0.00110	0.00472	0.00330	0.00174	0.00496
28	0.00487	0.00401	0.00443	0.00498	0.00542	0.06004	0.00346	0.00558	0.00705	0.00901	0.04746	0.65441	0.09847	0.02849	0.01582	0.00144	0.00241	0.03667	0.00309	0.00291
29	0.00798	0.00896	0.01940	0.01402	0.01733	0.00842	0.78889	0.01081	0.00814	0.01102	0.00774	0.01128	0.00621	0.00335	0.00412	0.00119	0.00565	0.05908	0.00184	0.00456
30	0.02674	0.24442	0.51003	0.00859	0.01269	0.04234	0.03102	0.01137	0.06322	0.01043	0.00631	0.00718	0.00481	0.00329	0.00301	0.00100	0.00459	0.00247	0.00163	0.00487
31	0.00426	0.00306	0.00405	0.00483	0.00508	0.00286	0.00328	0.00491	0.00671	0.00890	0.01953	0.81565	0.05003	0.01070	0.00441	0.00140	0.00204	0.04226	0.00321	0.00282
32	0.00785	0.00749	0.01275	0.31516	0.56857	0.00802	0.01025	0.00999	0.00753	0.01043	0.00637	0.00878	0.00517	0.00321	0.00343	0.00107	0.00428	0.00308	0.00165	0.00491
33	0.90299	0.00668	0.00508	0.00454	0.00668	0.00775	0.00374	0.01015	0.00588	0.01550	0.00481	0.00561	0.00374	0.00321	0.00214	0.00107	0.00267	0.00187	0.00214	0.00374
34	0.01277	0.01621	0.00992	0.00928	0.03690	0.83819	0.00680	0.01370	0.00973	0.00854	0.00538	0.00630	0.00448	0.00354	0.00312	0.00089	0.00616	0.00225	0.00178	0.00405
35	0.00424	0.00350	0.00368	0.00376	0.00479	0.00301	0.00281	0.00510	0.00765	0.00922	0.03174	0.07037	0.71277	0.06105	0.00495	0.00134	0.00195	0.06205	0.00314	0.00288
36	0.00652	0.00614	0.01036	0.87029	0.02379	0.00768	0.00959	0.00883	0.00691	0.00883	0.00614	0.00921	0.00461	0.00345	0.00345	0.00115	0.00461	0.00307	0.00154	0.00384
37	0.00489	0.00353	0.00462	0.00435	0.00516	0.00326	0.00326	0.00652	0.00978	0.01385	0.85522	0.02581	0.03260	0.00706	0.00407	0.00109	0.00163	0.00625	0.00380	0.00326
38	0.00500	0.00346	0.00431	0.00431	0.00450	0.00364	0.00277	0.00537	0.00518	0.00710	0.01039	0.01985	0.01136	0.61872	0.27583	0.00402	0.00515	0.00462	0.00202	0.00240
39	0.00642	0.00333	0.00341	0.00342	0.00422	0.00334	0.00255	0.02397	0.00738	0.01278	0.01173	0.07003	0.00972	0.00448	0.00257	0.00085	0.00168	0.00366	0.82124	0.00324
40	0.00652	0.00614	0.01036	0.87029	0.02379	0.00768	0.00959	0.00883	0.00691	0.00883	0.00614	0.00921	0.00461	0.00345	0.00345	0.00115	0.00461	0.00307	0.00154	0.00384
41	0.00456	0.00351	0.00401	0.00397	0.00496	0.00307	0.00296	0.00568	0.00844	0.02377	0.30777	0.10288	0.48455	0.00830	0.00411	0.00116	0.00177	0.01803	0.00342	0.00307
42	0.00680	0.00642	0.01086	0.75448	0.13744	0.00775	0.00973	0.00907	0.00704	0.00916	0.00619	0.00912	0.00472	0.00340	0.00345	0.00113	0.00454	0.00307	0.00156	0.00406
43	0.00774	0.00655	0.00739	0.00552	0.01980	0.03715	0.00432	0.00925	0.00738	0.04573	0.00642	0.00733	0.00524	0.00267	0.00263	0.00056	0.00273	0.00213	0.00212	0.81734

[dist]
# distance from previous block
# <min> <max>
31	71

[block]
# block no. 1 follows, 81 sequences, length 53
# corresponding to MSA columns:
# 794-846
name=unknown_B
#
# <colnr> <probs for GDERKNQSTAVLIFYWHMCP>
#	G	D	E	R	K	N	Q	S	T	A	V	L	I	F	Y	W	H	M	C	P
0	0.00641	0.00578	0.00848	0.00772	0.03775	0.02663	0.09041	0.03652	0.01802	0.00939	0.04440	0.06364	0.05319	0.04524	0.33201	0.00298	0.20156	0.00421	0.00207	0.00358
1	0.00913	0.05232	0.07621	0.10895	0.22877	0.08058	0.04749	0.13078	0.08908	0.03483	0.02549	0.00986	0.03684	0.00387	0.00365	0.00105	0.03216	0.00324	0.00225	0.02345
2	0.00502	0.00336	0.00383	0.00383	0.00386	0.00338	0.00217	0.00507	0.00504	0.00675	0.01082	0.02228	0.01242	0.84730	0.04868	0.00343	0.00357	0.00498	0.00208	0.00213
3	0.04859	0.00900	0.09677	0.03208	0.22908	0.01986	0.14231	0.14275	0.05185	0.02979	0.02611	0.04021	0.00684	0.01303	0.01378	0.01009	0.07727	0.00351	0.00221	0.00486
4	0.00501	0.00336	0.00383	0.00385	0.00387	0.00337	0.00219	0.00506	0.00507	0.00678	0.01096	0.03614	0.01259	0.83476	0.04694	0.00339	0.00353	0.00506	0.00210	0.00214
5	0.00924	0.88067	0.01810	0.00591	0.00887	0.01367	0.00591	0.01034	0.00702	0.00813	0.00480	0.00554	0.00443	0.00296	0.00222	0.00074	0.00369	0.00185	0.00148	0.00443
6	0.00804	0.00771	0.01313	0.20389	0.63359	0.00810	0.02243	0.01013	0.00760	0.01067	0.00653	0.00908	0.00545	0.00331	0.00364	0.00107	0.02497	0.01393	0.00169	0.00504
7	0.00447	0.00350	0.00396	0.00386	0.00486	0.00306	0.00289	0.00567	0.00862	0.01126	0.36981	0.04477	0.48323	0.00798	0.00404	0.00113	0.00170	0.00681	0.02531	0.00306
8	0.00502	0.00335	0.00377	0.00377	0.00377	0.00335	0.00209	0.00502	0.00502	0.00670	0.01088	0.02261	0.01256	0.87859	0.01758	0.00335	0.00335	0.00502	0.00209	0.00209
9	0.15215	0.26994	0.05970	0.00742	0.03449	0.06430	0.04048	0.20911	0.06859	0.01354	0.01493	0.00736	0.00546	0.00348	0.00285	0.00094	0.00377	0.00254	0.00227	0.03669
10	0.00750	0.00744	0.07212	0.02706	0.01970	0.00619	0.23027	0.02074	0.04762	0.04574	0.03035	0.01480	0.00899	0.00472	0.01779	0.00111	0.00392	0.15865	0.00234	0.27294
11	0.01763	0.20264	0.08561	0.04954	0.03605	0.11842	0.09377	0.09919	0.08793	0.03583	0.01667	0.02184	0.00656	0.05775	0.02313	0.00125	0.03643	0.00310	0.00214	0.00451
12	0.01001	0.11521	0.14872	0.00808	0.02568	0.05238	0.05787	0.21036	0.08989	0.09651	0.00881	0.02615	0.01544	0.00409	0.00374	0.00105	0.05604	0.00317	0.06184	0.00497
13	0.05426	0.06518	0.03939	0.02012	0.02759	0.05411	0.05351	0.26654	0.32476	0.01541	0.01810	0.02928	0.00787	0.00424	0.00337	0.00108	0.00358	0.00343	0.00297	0.00520
14	0.01290	0.01646	0.00979	0.00890	0.01068	0.86472	0.00667	0.01379	0.00979	0.00845	0.00534	0.00623	0.00445	0.00356	0.00311	0.00089	0.00623	0.00222	0.00178	0.00400
15	0.04544	0.11449	0.16357	0.03413	0.05664	0.03414	0.09879	0.12414	0.09326	0.09099	0.04468	0.02499	0.00743	0.00466	0.03467	0.00121	0.00418	0.00326	0.00244	0.01691
16	0.00822	0.34241	0.30704	0.00831	0.04628	0.01754	0.03955	0.04856	0.02040	0.02684	0.01941	0.03510	0.00619	0.00456	0.03831	0.00116	0.00441	0.01922	0.00181	0.00467
17	0.00443	0.00351	0.00398	0.00386	0.00488	0.00306	0.00290	0.00563	0.00869	0.01126	0.38550	0.03007	0.50393	0.00803	0.00408	0.00113	0.00170	0.00685	0.00346	0.00306
18	0.00502	0.00336	0.00384	0.00384	0.00386	0.00339	0.00218	0.00507	0.00504	0.00675	0.01082	0.02226	0.01241	0.84572	0.05025	0.00343	0.00358	0.00497	0.00208	0.00213
19	0.04249	0.12728	0.34401	0.04379	0.15792	0.03374	0.02745	0.02035	0.00740	0.01065	0.01899	0.04189	0.00590	0.00378	0.00347	0.02152	0.01479	0.00292	0.01976	0.05189
20	0.00699	0.04082	0.83828	0.00974	0.01479	0.00817	0.01258	0.01092	0.00729	0.01087	0.00616	0.00725	0.00438	0.00327	0.00325	0.00108	0.00507	0.00253	0.00146	0.00509
21	0.00442	0.00346	0.00402	0.00402	0.00491	0.00308	0.00296	0.00551	0.00822	0.01068	0.30507	0.12440	0.43664	0.02612	0.03965	0.00139	0.00208	0.00704	0.00333	0.00301
22	0.30056	0.00848	0.02106	0.02614	0.04606	0.00925	0.00588	0.46989	0.01186	0.04798	0.00723	0.00762	0.00525	0.00377	0.00301	0.00105	0.00343	0.00271	0.01368	0.00508
23	0.00819	0.00984	0.06062	0.01393	0.01744	0.03136	0.75920	0.01107	0.00813	0.01100	0.00688	0.00908	0.00518	0.00294	0.00397	0.00114	0.00571	0.00390	0.00174	0.02868
24	0.00424	0.00303	0.00404	0.00484	0.00506	0.00283	0.00326	0.00486	0.00664	0.00885	0.01902	0.85809	0.02278	0.01080	0.00442	0.00141	0.00203	0.02777	0.00321	0.00281
25	0.00456	0.00352	0.00416	0.00400	0.00496	0.00312	0.00300	0.00588	0.00900	0.01199	0.51784	0.02887	0.37113	0.00776	0.00408	0.00112	0.00168	0.00668	0.00356	0.00312
26	0.00811	0.00914	0.01941	0.01425	0.03693	0.00888	0.75422	0.01082	0.00790	0.01084	0.00677	0.00915	0.00519	0.00318	0.00468	0.00119	0.07904	0.00396	0.00173	0.00460
27	0.01194	0.00857	0.00915	0.00716	0.00959	0.00945	0.00587	0.69005	0.03431	0.02016	0.00891	0.00915	0.00647	0.00414	0.00329	0.00100	0.00342	0.00315	0.14881	0.00543
28	0.01339	0.00805	0.00913	0.00706	0.00965	0.00844	0.00581	0.53023	0.01364	0.27965	0.01015	0.00969	0.00691	0.00418	0.00339	0.00103	0.00338	0.00323	0.06730	0.00569
29	0.00419	0.00307	0.00394	0.00463	0.00496	0.00282	0.00313	0.00483	0.00679	0.00889	0.02121	0.76163	0.13616	0.01054	0.00436	0.00137	0.00197	0.00948	0.00321	0.00282
30	0.00910	0.77221	0.05916	0.00621	0.00914	0.04585	0.00622	0.01035	0.00709	0.00828	0.00506	0.00595	0.00459	0.00384	0.03408	0.00094	0.00407	0.00197	0.00150	0.00440
31	0.90299	0.00668	0.00508	0.00454	0.00668	0.00775	0.00374	0.01015	0.00588	0.01550	0.00481	0.00561	0.00374	0.00321	0.00214	0.00107	0.00267	0.00187	0.00214	0.00374
32	0.00615	0.00472	0.00647	0.00609	0.01681	0.00531	0.02971	0.05482	0.09164	0.02181	0.00980	0.01439	0.00910	0.16964	0.50776	0.00410	0.03217	0.00390	0.00217	0.00345
33	0.01272	0.01611	0.00997	0.00943	0.04737	0.82759	0.00685	0.01366	0.00971	0.00858	0.00539	0.00633	0.00449	0.00354	0.00313	0.00090	0.00614	0.00226	0.00178	0.00407
34	0.00489	0.00353	0.00462	0.00435	0.00516	0.00326	0.00326	0.00652	0.00978	0.01385	0.85522	0.02581	0.03260	0.00706	0.00407	0.00109	0.00163	0.00625	0.00380	0.00326
35	0.00666	0.00354	0.00357	0.00349	0.00438	0.00361	0.00264	0.02242	0.04928	0.01310	0.01136	0.01280	0.00889	0.00406	0.00249	0.00083	0.00170	0.00325	0.83857	0.00338
36	0.00433	0.00352	0.00384	0.00378	0.00484	0.00303	0.00285	0.00543	0.00841	0.01062	0.26479	0.03125	0.61208	0.00829	0.00409	0.00115	0.00174	0.01958	0.00337	0.00302
37	0.00500	0.00334	0.00378	0.00380	0.00381	0.00333	0.00213	0.00502	0.00508	0.00677	0.01117	0.05240	0.01292	0.84831	0.01712	0.00328	0.00330	0.00519	0.00213	0.00212
38	0.01477	0.00595	0.00790	0.00616	0.00874	0.00532	0.00505	0.01678	0.07618	0.77572	0.01362	0.01187	0.00871	0.00430	0.00346	0.00107	0.00290	0.00350	0.02221	0.00579
39	0.00494	0.00370	0.00555	0.00555	0.00617	0.00432	0.00432	0.00617	0.00555	0.00802	0.00925	0.01357	0.00864	0.02591	0.86490	0.00555	0.00925	0.00370	0.00185	0.00308
40	0.90299	0.00668	0.00508	0.00454	0.00668	0.00775	0.00374	0.01015	0.00588	0.01550	0.00481	0.00561	0.00374	0.00321	0.00214	0.00107	0.00267	0.00187	0.00214	0.00374
41	0.00815	0.00932	0.02038	0.01456	0.01805	0.00874	0.84450	0.01107	0.00815	0.01107	0.00699	0.00932	0.00524	0.00291	0.00408	0.00116	0.00582	0.00408	0.00175	0.00466
42	0.00859	0.00742	0.00781	0.00703	0.00898	0.00859	0.00547	0.01836	0.85080	0.01445	0.01406	0.01289	0.01055	0.00469	0.00352	0.00117	0.00273	0.00391	0.00352	0.00547
43	0.90299	0.00668	0.00508	0.00454	0.00668	0.00775	0.00374	0.01015	0.00588	0.01550	0.00481	0.00561	0.00374	0.00321	0.00214	0.00107	0.00267	0.00187	0.00214	0.00374
44	0.01313	0.00968	0.01037	0.00795	0.01071	0.01071	0.00657	0.84552	0.01624	0.02177	0.00829	0.00829	0.00587	0.00415	0.00346	0.00104	0.00380	0.00311	0.00346	0.00587
45	0.90299	0.00668	0.00508	0.00454	0.00668	0.00775	0.00374	0.01015	0.00588	0.01550	0.00481	0.00561	0.00374	0.00321	0.00214	0.00107	0.00267	0.00187	0.00214	0.00374
46	0.00855	0.00821	0.01402	0.02120	0.85704	0.00821	0.01060	0.01060	0.00787	0.01129	0.00650	0.00855	0.00547	0.00308	0.00342	0.00103	0.00410	0.00308	0.00171	0.00547
47	0.00882	0.00753	0.00794	0.00708	0.00907	0.00870	0.00552	0.05943	0.80936	0.01481	0.01377	0.01266	0.01031	0.00466	0.00351	0.00117	0.00279	0.00387	0.00351	0.00549
48	0.00514	0.00360	0.00487	0.00483	0.00512	0.00397	0.00338	0.00561	0.00523	0.00730	0.00947	0.01675	0.00985	0.36712	0.41920	0.09034	0.02961	0.00415	0.00191	0.00255
49	0.00859	0.00742	0.00781	0.00703	0.00898	0.00859	0.00547	0.01836	0.85080	0.01445	0.01406	0.01289	0.01055	0.00469	0.00352	0.00117	0.00273	0.00391	0.00352	0.00547
50	0.00557	0.00398	0.00557	0.00636	0.00716	0.00398	0.00557	0.00716	0.00795	0.01034	0.01829	0.03897	0.01988	0.00954	0.00477	0.00159	0.00318	0.83379	0.00318	0.00318
51	0.00929	0.00654	0.00745	0.00650	0.00813	0.00694	0.00505	0.43030	0.01167	0.05556	0.01334	0.37591	0.01352	0.00711	0.00389	0.00121	0.00299	0.02672	0.00338	0.00451
52	0.02384	0.01175	0.02630	0.01824	0.08738	0.38393	0.00728	0.07168	0.02509	0.05203	0.00602	0.00741	0.00498	0.00432	0.00554	0.00111	0.25408	0.00270	0.00197	0.00434

[dist]
# distance from previous block
# <min> <max>
0	1

[block]
# block no. 2 follows, 81 sequences, length 16
# corresponding to MSA columns:
# 848-863
name=unknown_C
#
# <colnr> <probs for GDERKNQSTAVLIFYWHMCP>
#	G	D	E	R	K	N	Q	S	T	A	V	L	I	F	Y	W	H	M	C	P
0	0.14093	0.11308	0.20035	0.02251	0.13616	0.09843	0.03674	0.05090	0.06930	0.02591	0.00763	0.00851	0.03655	0.00364	0.00327	0.00103	0.02512	0.00279	0.00201	0.01516
1	0.04308	0.63556	0.01545	0.00648	0.00912	0.16844	0.00594	0.01147	0.06054	0.00886	0.00548	0.00613	0.00479	0.00318	0.00246	0.00081	0.00406	0.00205	0.00169	0.00439
2	0.83508	0.00691	0.00548	0.00480	0.00699	0.00798	0.00396	0.07391	0.00667	0.01598	0.00508	0.00582	0.00390	0.00328	0.00224	0.00107	0.00276	0.00197	0.00224	0.00390
3	0.00478	0.00364	0.00450	0.00486	0.00574	0.00337	0.00392	0.00600	0.00801	0.01023	0.12581	0.11513	0.34627	0.00906	0.00439	0.00135	0.00233	0.33430	0.00327	0.00305
4	0.00422	0.00354	0.00369	0.00374	0.00487	0.00301	0.00287	0.00517	0.00793	0.00953	0.05495	0.03349	0.77055	0.00877	0.00414	0.00120	0.00186	0.07035	0.00322	0.00295
5	0.00745	0.00625	0.00727	0.00540	0.00829	0.00502	0.00435	0.05617	0.03006	0.01188	0.00715	0.00914	0.00612	0.00309	0.00276	0.00062	0.00267	0.04832	0.00223	0.77575
6	0.00823	0.00670	0.04098	0.17538	0.10571	0.00665	0.06740	0.15150	0.00903	0.09025	0.01141	0.20101	0.01092	0.00581	0.00384	0.00121	0.00365	0.09326	0.00269	0.00437
7	0.01118	0.00795	0.00871	0.00721	0.00955	0.00878	0.00578	0.29926	0.43946	0.14525	0.01204	0.01116	0.00866	0.00444	0.00349	0.00111	0.00313	0.00357	0.00361	0.00567
8	0.00548	0.00376	0.00448	0.00450	0.00551	0.00340	0.00340	0.00676	0.03311	0.08260	0.14280	0.21312	0.37233	0.02129	0.00434	0.00127	0.00207	0.08312	0.00337	0.00328
9	0.00935	0.20110	0.10466	0.04130	0.14779	0.12377	0.09008	0.08525	0.02773	0.02716	0.01626	0.00841	0.00567	0.00371	0.00387	0.00103	0.07687	0.01937	0.00192	0.00470
10	0.00687	0.00658	0.01094	0.01103	0.17201	0.00747	0.14585	0.00831	0.00659	0.00944	0.00872	0.14651	0.00880	0.00875	0.13321	0.00194	0.27076	0.03030	0.00196	0.00398
11	0.00423	0.00344	0.00373	0.00388	0.00484	0.00297	0.00287	0.00511	0.00771	0.00947	0.07342	0.17001	0.62563	0.02634	0.00443	0.00126	0.00188	0.04265	0.00322	0.00291
12	0.00499	0.00337	0.00387	0.00386	0.00395	0.00337	0.00225	0.00514	0.00537	0.00720	0.05819	0.02270	0.03108	0.78300	0.04550	0.00325	0.00342	0.00509	0.00220	0.00221
13	0.00985	0.24051	0.12514	0.00889	0.02487	0.18174	0.12396	0.09082	0.05294	0.03602	0.00674	0.02254	0.00546	0.00367	0.00358	0.00099	0.05280	0.00283	0.00199	0.00465
14	0.00760	0.16077	0.04422	0.05093	0.05625	0.04444	0.03647	0.04679	0.08747	0.00958	0.07188	0.01109	0.00832	0.05494	0.00713	0.27638	0.00350	0.00325	0.01547	0.00351
15	0.00690	0.00492	0.00564	0.05381	0.00737	0.00488	0.00414	0.06259	0.14191	0.10191	0.07858	0.04625	0.40260	0.00689	0.00384	0.00115	0.00237	0.03463	0.02571	0.00391

[dist]
# distance from previous block
# <min> <max>
0	9

[block]
# block no. 3 follows, 81 sequences, length 7
# corresponding to MSA columns:
# 873-879
name=unknown_D
#
# <colnr> <probs for GDERKNQSTAVLIFYWHMCP>
#	G	D	E	R	K	N	Q	S	T	A	V	L	I	F	Y	W	H	M	C	P
0	0.58502	0.12492	0.04066	0.00606	0.00845	0.11794	0.05312	0.01073	0.00671	0.01319	0.00505	0.00596	0.00403	0.00320	0.00243	0.00101	0.00354	0.00207	0.00196	0.00397
1	0.00667	0.00449	0.00623	0.00725	0.13123	0.04742	0.00438	0.00596	0.00532	0.00701	0.00621	0.01016	0.00598	0.01097	0.05560	0.67458	0.00365	0.00301	0.00156	0.00230
2	0.00873	0.21050	0.19242	0.04990	0.11798	0.08532	0.04884	0.07373	0.05223	0.01086	0.02816	0.00847	0.02125	0.00375	0.00379	0.00103	0.07360	0.00286	0.00189	0.00470
3	0.00486	0.00361	0.00497	0.00497	0.00553	0.00397	0.00369	0.00581	0.00570	0.00790	0.01236	0.01750	0.10091	0.19443	0.60262	0.00464	0.00726	0.00435	0.00205	0.00287
4	0.03047	0.06554	0.18504	0.10452	0.19756	0.04560	0.07018	0.09075	0.06594	0.02935	0.02674	0.00931	0.00628	0.00373	0.00369	0.00108	0.03917	0.01812	0.00205	0.00488
5	0.00443	0.00342	0.00397	0.00410	0.00489	0.00305	0.00297	0.00539	0.00784	0.01011	0.21776	0.19915	0.39932	0.07619	0.00522	0.00138	0.00196	0.04269	0.00326	0.00292
6	0.00801	0.06886	0.12986	0.04616	0.08483	0.05094	0.04096	0.14225	0.03775	0.01129	0.02383	0.01187	0.00765	0.17800	0.09312	0.00195	0.03388	0.00346	0.02117	0.00418

[dist]
# distance from previous block
# <min> <max>
0	230

# created by:
# /usr/local/bin/augustus/scripts/msa2prfl.pl /tmp/new_cug2/without_ca_b/kinesin-class-14.fasta
