[name]
unknown

[dist]
# distance from previous block
# <min> <max>
0	188

[block]
# block no. 0 follows, 42 sequences, length 22
# corresponding to MSA columns:
# 2125,2128-2130,2135-2152
name=unknown_A
#
# <colnr> <probs for GDERKNQSTAVLIFYWHMCP>
#	G	D	E	R	K	N	Q	S	T	A	V	L	I	F	Y	W	H	M	C	P
0	0.01666	0.04314	0.01845	0.01682	0.10772	0.28466	0.11447	0.09445	0.04758	0.04546	0.01346	0.10555	0.01209	0.00735	0.00634	0.00174	0.04706	0.00607	0.00367	0.00727
1	0.84197	0.01088	0.00827	0.00740	0.01088	0.01262	0.00609	0.01654	0.00958	0.02525	0.00784	0.00914	0.00609	0.00522	0.00348	0.00174	0.00435	0.00305	0.00348	0.00609
2	0.00837	0.00652	0.00942	0.00921	0.01009	0.00772	0.00713	0.01015	0.00909	0.01303	0.01614	0.02347	0.04153	0.09148	0.63371	0.00797	0.08061	0.00630	0.00308	0.00500
3	0.02102	0.02682	0.01595	0.01450	0.01740	0.77963	0.01087	0.02247	0.01595	0.01377	0.00870	0.01015	0.00725	0.00580	0.00507	0.00145	0.01015	0.00362	0.00290	0.00652
4	0.63450	0.01186	0.01029	0.00868	0.01241	0.01346	0.00716	0.17106	0.01341	0.05911	0.00964	0.01049	0.00716	0.00562	0.00403	0.00173	0.00476	0.00358	0.00408	0.00697
5	0.01441	0.01127	0.01220	0.01094	0.01397	0.01270	0.00850	0.05796	0.59005	0.07646	0.02304	0.08726	0.01827	0.00838	0.00580	0.00190	0.00440	0.00706	0.02690	0.00852
6	0.00737	0.00575	0.00681	0.00661	0.00817	0.00519	0.00498	0.00941	0.01396	0.01844	0.38089	0.04595	0.37464	0.01524	0.06925	0.00242	0.00375	0.01062	0.00550	0.00503
7	0.00707	0.00514	0.00651	0.00751	0.00807	0.00478	0.00511	0.00809	0.01091	0.01427	0.03324	0.58597	0.13511	0.09292	0.00921	0.00255	0.00352	0.05046	0.00505	0.00451
8	0.02134	0.00922	0.01171	0.00927	0.01293	0.00852	0.00756	0.09827	0.01631	0.52111	0.04466	0.01968	0.01485	0.00701	0.00534	0.00165	0.00443	0.00566	0.17189	0.00857
9	0.00825	0.00596	0.00872	0.00872	0.00975	0.00688	0.00677	0.01031	0.00928	0.01374	0.01536	0.02201	0.01410	0.03915	0.71334	0.00838	0.01401	0.00596	0.07427	0.00504
10	0.84197	0.01088	0.00827	0.00740	0.01088	0.01262	0.00609	0.01654	0.00958	0.02525	0.00784	0.00914	0.00609	0.00522	0.00348	0.00174	0.00435	0.00305	0.00348	0.00609
11	0.01328	0.01518	0.03321	0.02372	0.02941	0.01423	0.74668	0.01803	0.01328	0.01803	0.01139	0.01518	0.00854	0.00474	0.00664	0.00190	0.00949	0.00664	0.00285	0.00759
12	0.01400	0.01209	0.01273	0.01145	0.01463	0.01400	0.00891	0.02990	0.75695	0.02354	0.02291	0.02100	0.01718	0.00764	0.00573	0.00191	0.00445	0.00636	0.00573	0.00891
13	0.84197	0.01088	0.00827	0.00740	0.01088	0.01262	0.00609	0.01654	0.00958	0.02525	0.00784	0.00914	0.00609	0.00522	0.00348	0.00174	0.00435	0.00305	0.00348	0.00609
14	0.09152	0.01421	0.01525	0.01196	0.01622	0.01555	0.00982	0.52310	0.09851	0.12410	0.01506	0.01460	0.01059	0.00674	0.00546	0.00172	0.00568	0.00510	0.00562	0.00921
15	0.84197	0.01088	0.00827	0.00740	0.01088	0.01262	0.00609	0.01654	0.00958	0.02525	0.00784	0.00914	0.00609	0.00522	0.00348	0.00174	0.00435	0.00305	0.00348	0.00609
16	0.01393	0.01337	0.02284	0.03454	0.76712	0.01337	0.01727	0.01727	0.01281	0.01839	0.01059	0.01393	0.00891	0.00501	0.00557	0.00167	0.00669	0.00501	0.00279	0.00891
17	0.01840	0.01428	0.01520	0.01234	0.01631	0.01605	0.00997	0.45753	0.32216	0.03064	0.01731	0.01654	0.01265	0.00711	0.00567	0.00178	0.00549	0.00559	0.00567	0.00930
18	0.00875	0.00704	0.01026	0.00985	0.01064	0.00865	0.00773	0.01053	0.00893	0.01304	0.01393	0.02122	0.01328	0.07497	0.61611	0.00777	0.14327	0.00595	0.00294	0.00513
19	0.01400	0.01209	0.01273	0.01145	0.01463	0.01400	0.00891	0.02990	0.75695	0.02354	0.02291	0.02100	0.01718	0.00764	0.00573	0.00191	0.00445	0.00636	0.00573	0.00891
20	0.00889	0.00635	0.00886	0.01016	0.01138	0.00632	0.00876	0.01135	0.01278	0.01664	0.02990	0.12299	0.03278	0.01571	0.00773	0.00257	0.00503	0.67149	0.00519	0.00513
21	0.00954	0.00778	0.00876	0.00948	0.01051	0.07241	0.00747	0.01128	0.01171	0.01483	0.02474	0.15375	0.02722	0.16253	0.07383	0.00350	0.00619	0.37512	0.00449	0.00487

[dist]
# distance from previous block
# <min> <max>
0	73

[block]
# block no. 1 follows, 42 sequences, length 18
# corresponding to MSA columns:
# 2385-2402
name=unknown_B
#
# <colnr> <probs for GDERKNQSTAVLIFYWHMCP>
#	G	D	E	R	K	N	Q	S	T	A	V	L	I	F	Y	W	H	M	C	P
0	0.84197	0.01088	0.00827	0.00740	0.01088	0.01262	0.00609	0.01654	0.00958	0.02525	0.00784	0.00914	0.00609	0.00522	0.00348	0.00174	0.00435	0.00305	0.00348	0.00609
1	0.00823	0.00616	0.00814	0.00791	0.00952	0.00548	0.04576	0.00986	0.01259	0.05468	0.10855	0.31214	0.34324	0.01433	0.00681	0.00203	0.00350	0.03063	0.00527	0.00515
2	0.00875	0.00681	0.00721	0.00684	0.00901	0.00629	0.00521	0.01236	0.11890	0.05611	0.09982	0.04679	0.56991	0.01274	0.00647	0.00188	0.00317	0.01065	0.00545	0.00563
3	0.01234	0.01024	0.01185	0.00878	0.01340	0.00833	0.00698	0.08968	0.01314	0.01983	0.01184	0.06697	0.01049	0.00538	0.00453	0.00102	0.00431	0.00440	0.00370	0.69279
4	0.06909	0.01031	0.01670	0.67996	0.08898	0.01257	0.01508	0.01474	0.01125	0.01543	0.00989	0.01452	0.00750	0.00555	0.00547	0.00185	0.00722	0.00487	0.00259	0.00643
5	0.00712	0.00572	0.00625	0.00635	0.00793	0.00500	0.00475	0.00867	0.01281	0.01591	0.13868	0.08205	0.53878	0.06933	0.00830	0.00220	0.00321	0.06698	0.00522	0.00475
6	0.07575	0.00958	0.01082	0.00898	0.01181	0.00979	0.00698	0.18761	0.04769	0.21310	0.07190	0.02337	0.03769	0.15803	0.00976	0.00240	0.00475	0.00629	0.09646	0.00721
7	0.01408	0.26183	0.22639	0.01439	0.03994	0.10570	0.05521	0.01806	0.05483	0.01561	0.00962	0.01165	0.00793	0.00606	0.00703	0.00169	0.13571	0.00416	0.00269	0.00743
8	0.01397	0.17307	0.20506	0.03639	0.06010	0.03932	0.18341	0.03473	0.04423	0.06783	0.01309	0.03033	0.01080	0.00627	0.00556	0.00175	0.00734	0.05575	0.00330	0.00771
9	0.00682	0.00563	0.00600	0.00619	0.00785	0.00482	0.00461	0.00829	0.01271	0.01548	0.08385	0.14615	0.61719	0.01460	0.00676	0.00197	0.00298	0.03808	0.00527	0.00477
10	0.00818	0.00546	0.00614	0.00614	0.00614	0.00546	0.00341	0.00818	0.00818	0.01091	0.01773	0.03683	0.02046	0.80222	0.02864	0.00546	0.00546	0.00818	0.00341	0.00341
11	0.01456	0.09164	0.34120	0.01749	0.08487	0.04514	0.13798	0.09477	0.01403	0.06831	0.01117	0.01294	0.00823	0.00556	0.00581	0.00173	0.02843	0.00473	0.00316	0.00823
12	0.07208	0.03327	0.10132	0.22215	0.07684	0.01295	0.11799	0.08125	0.01291	0.01848	0.01324	0.01861	0.03119	0.00771	0.02676	0.00208	0.06361	0.05705	0.02353	0.00699
13	0.00685	0.00568	0.00574	0.00573	0.00758	0.00479	0.00429	0.00837	0.01288	0.01568	0.07773	0.05238	0.71084	0.01384	0.00654	0.00187	0.00283	0.01154	0.04002	0.00479
14	0.06655	0.12577	0.12957	0.01426	0.09304	0.05693	0.04216	0.06257	0.06887	0.15658	0.03373	0.03858	0.01233	0.02526	0.00630	0.00181	0.03441	0.01932	0.00408	0.00787
15	0.04976	0.09871	0.03633	0.05821	0.13416	0.16286	0.10222	0.02020	0.07173	0.13249	0.01337	0.04668	0.01069	0.00635	0.00582	0.00170	0.03201	0.00529	0.00374	0.00767
16	0.23389	0.01314	0.01259	0.04293	0.01496	0.09248	0.00856	0.23847	0.01674	0.14023	0.01648	0.04856	0.06423	0.00717	0.00512	0.00171	0.00556	0.00538	0.00476	0.02702
17	0.03725	0.15003	0.07660	0.06775	0.04894	0.01470	0.01074	0.24136	0.06703	0.02293	0.01156	0.01270	0.00894	0.00557	0.00486	0.00144	0.00580	0.00426	0.00389	0.20364

[dist]
# distance from previous block
# <min> <max>
0	4

[block]
# block no. 2 follows, 42 sequences, length 23
# corresponding to MSA columns:
# 2617-2630,2636-2644
name=unknown_C
#
# <colnr> <probs for GDERKNQSTAVLIFYWHMCP>
#	G	D	E	R	K	N	Q	S	T	A	V	L	I	F	Y	W	H	M	C	P
0	0.06232	0.32260	0.17437	0.06395	0.07438	0.06743	0.01273	0.06417	0.07704	0.01763	0.01035	0.01175	0.00829	0.00544	0.00464	0.00154	0.00668	0.00398	0.00302	0.00769
1	0.00928	0.00724	0.00823	0.00814	0.02491	0.00698	0.00610	0.08583	0.05619	0.01926	0.15958	0.10574	0.36729	0.01262	0.00652	0.00193	0.00356	0.07286	0.03205	0.00569
2	0.01167	0.02332	0.53738	0.01549	0.02227	0.01219	0.10004	0.01782	0.05512	0.04390	0.01447	0.07309	0.03473	0.00667	0.00570	0.00184	0.00755	0.00575	0.00309	0.00792
3	0.00816	0.00589	0.00834	0.00834	0.00916	0.00666	0.00621	0.00981	0.00899	0.01296	0.01571	0.02490	0.01531	0.18720	0.60470	0.00805	0.01273	0.00641	0.03574	0.00472
4	0.01370	0.01187	0.01255	0.01181	0.03880	0.03932	0.00885	0.07254	0.54498	0.02279	0.05168	0.06768	0.04649	0.00856	0.00589	0.00190	0.00466	0.02220	0.00548	0.00825
5	0.00760	0.00562	0.00710	0.00699	0.00825	0.00512	0.00514	0.00982	0.01469	0.02023	0.54810	0.15835	0.15646	0.01284	0.00672	0.00187	0.00278	0.01131	0.00590	0.00512
6	0.27702	0.01387	0.04425	0.03616	0.03143	0.05771	0.03356	0.26852	0.01681	0.09434	0.01220	0.01302	0.00887	0.00603	0.00483	0.00169	0.00572	0.00443	0.06179	0.00777
7	0.00816	0.00575	0.00715	0.00699	0.00841	0.00518	0.00517	0.01024	0.01439	0.04896	0.45237	0.16444	0.21598	0.01295	0.00669	0.00188	0.00288	0.01133	0.00584	0.00523
8	0.07274	0.01546	0.01635	0.01260	0.01704	0.01715	0.01041	0.70256	0.02540	0.03483	0.01316	0.01324	0.00935	0.00666	0.00550	0.00169	0.00608	0.00494	0.00550	0.00935
9	0.00792	0.00571	0.00763	0.00771	0.00839	0.00610	0.00546	0.00919	0.00951	0.01316	0.06607	0.09557	0.05454	0.28681	0.38395	0.00651	0.00958	0.00811	0.00363	0.00446
10	0.00843	0.00598	0.00807	0.00909	0.01002	0.00588	0.00731	0.01035	0.01204	0.01587	0.07080	0.20931	0.03298	0.12099	0.01038	0.00286	0.00468	0.44513	0.00501	0.00483
11	0.01144	0.02807	0.71786	0.01661	0.02473	0.01316	0.07495	0.01784	0.01199	0.01784	0.01020	0.01213	0.00723	0.00530	0.00544	0.00179	0.00840	0.00434	0.00241	0.00826
12	0.00680	0.00568	0.00592	0.00592	0.00771	0.00480	0.00442	0.00834	0.01309	0.01596	0.13148	0.07758	0.66486	0.01407	0.00667	0.00190	0.00284	0.01183	0.00533	0.00480
13	0.00846	0.00664	0.00985	0.00961	0.01051	0.00803	0.00755	0.01039	0.00900	0.01311	0.01432	0.02115	0.01341	0.03904	0.70535	0.00840	0.09116	0.00592	0.00296	0.00514
14	0.01182	0.01150	0.01236	0.01387	0.09920	0.16910	0.03388	0.01402	0.01325	0.01611	0.04343	0.18368	0.02514	0.01222	0.00677	0.00214	0.00610	0.31517	0.00439	0.00586
15	0.01185	0.14626	0.66088	0.01507	0.02286	0.01446	0.01911	0.01768	0.01181	0.01713	0.00976	0.01145	0.00714	0.00527	0.00508	0.00169	0.00797	0.00399	0.00238	0.00815
16	0.01341	0.01652	0.12406	0.06392	0.12609	0.07013	0.32931	0.04416	0.01341	0.01804	0.04097	0.01673	0.01082	0.00602	0.00687	0.00186	0.05566	0.03143	0.00305	0.00752
17	0.00698	0.00557	0.00625	0.00639	0.00788	0.00484	0.00467	0.00859	0.01314	0.01667	0.20805	0.18541	0.47720	0.01426	0.00674	0.00194	0.00288	0.01224	0.00544	0.00484
18	0.07437	0.01257	0.01647	0.33079	0.14587	0.11644	0.04004	0.01558	0.01182	0.01587	0.02724	0.01516	0.00949	0.01046	0.10515	0.00271	0.03558	0.00498	0.00283	0.00657
19	0.01505	0.80561	0.02949	0.00963	0.01444	0.02227	0.00963	0.01685	0.01143	0.01324	0.00782	0.00903	0.00722	0.00481	0.00361	0.00120	0.00602	0.00301	0.00241	0.00722
20	0.00692	0.00492	0.00651	0.00776	0.00807	0.00461	0.00514	0.00785	0.01066	0.01421	0.03042	0.76410	0.03646	0.05312	0.00815	0.00243	0.00336	0.01564	0.00514	0.00452
21	0.00682	0.00503	0.00639	0.00748	0.00807	0.00460	0.00507	0.00788	0.01112	0.01450	0.03533	0.67501	0.15798	0.01707	0.00709	0.00222	0.00320	0.01531	0.00522	0.00460
22	0.04792	0.19910	0.01951	0.01410	0.08383	0.14874	0.06381	0.10063	0.04109	0.06772	0.06573	0.01572	0.03315	0.00655	0.00592	0.00161	0.05494	0.00500	0.01750	0.00741

[dist]
# distance from previous block
# <min> <max>
9	46

[block]
# block no. 3 follows, 42 sequences, length 26
# corresponding to MSA columns:
# 2887-2898,2933-2946
name=unknown_D
#
# <colnr> <probs for GDERKNQSTAVLIFYWHMCP>
#	G	D	E	R	K	N	Q	S	T	A	V	L	I	F	Y	W	H	M	C	P
0	0.65705	0.01168	0.03196	0.00849	0.01190	0.03713	0.00725	0.05117	0.01104	0.02419	0.01068	0.01560	0.00930	0.00649	0.00418	0.00183	0.00484	0.08524	0.00373	0.00624
1	0.04817	0.09635	0.00944	0.00693	0.00894	0.00739	0.00550	0.01077	0.01410	0.01922	0.41043	0.04072	0.27932	0.01135	0.00615	0.00175	0.00318	0.00958	0.00532	0.00538
2	0.01076	0.00876	0.01304	0.01339	0.09725	0.01017	0.03119	0.01358	0.05157	0.04854	0.04966	0.02054	0.01438	0.05900	0.37977	0.00554	0.15735	0.00602	0.00338	0.00611
3	0.00788	0.00578	0.00756	0.00720	0.00853	0.00546	0.00543	0.01037	0.01493	0.02096	0.62825	0.04066	0.10029	0.01517	0.09401	0.00260	0.00407	0.00983	0.00577	0.00524
4	0.01380	0.01518	0.10261	0.10950	0.35775	0.01380	0.16539	0.08059	0.04997	0.01953	0.01148	0.01439	0.00895	0.00534	0.00578	0.00176	0.00737	0.00532	0.00311	0.00835
5	0.63284	0.03733	0.01074	0.00902	0.01230	0.11498	0.00734	0.04332	0.01103	0.02308	0.00813	0.00960	0.00648	0.00560	0.00460	0.00172	0.04888	0.00330	0.00339	0.00631
6	0.00844	0.00555	0.00725	0.00806	0.00882	0.00521	0.00556	0.03124	0.01175	0.06151	0.05136	0.69282	0.04815	0.01642	0.00702	0.00221	0.00342	0.01480	0.00537	0.00505
7	0.01657	0.13198	0.14942	0.01281	0.02886	0.06389	0.02393	0.22417	0.14093	0.07628	0.04729	0.01550	0.01224	0.00727	0.02268	0.00183	0.00651	0.00505	0.00441	0.00837
8	0.01262	0.01437	0.10296	0.03958	0.12187	0.05123	0.16724	0.01846	0.15478	0.03108	0.04624	0.02169	0.11625	0.00747	0.00697	0.00187	0.06745	0.00659	0.00382	0.00746
9	0.01217	0.00932	0.03163	0.09802	0.09190	0.02234	0.04935	0.01489	0.03139	0.14123	0.05981	0.08577	0.22572	0.03624	0.02296	0.00212	0.00521	0.03014	0.00462	0.02515
10	0.01075	0.00979	0.06814	0.01236	0.09682	0.00929	0.00893	0.10238	0.02712	0.01654	0.01473	0.02249	0.01385	0.19300	0.36219	0.00585	0.01025	0.00612	0.00340	0.00600
11	0.01107	0.00850	0.00883	0.00810	0.00995	0.09302	0.00613	0.01336	0.01547	0.09857	0.50487	0.05916	0.11932	0.01086	0.00638	0.00176	0.00376	0.00932	0.00577	0.00581
12	0.09522	0.01257	0.01338	0.01095	0.01455	0.03322	0.00881	0.33644	0.13225	0.13096	0.10107	0.05305	0.01709	0.00777	0.00562	0.00176	0.00514	0.00618	0.00560	0.00836
13	0.04263	0.12547	0.04038	0.01443	0.10077	0.12763	0.01088	0.31193	0.07155	0.02459	0.01243	0.01333	0.00954	0.00611	0.00508	0.00158	0.00644	0.00458	0.06240	0.00823
14	0.06526	0.01518	0.14620	0.01449	0.11574	0.04998	0.01152	0.19377	0.04062	0.05535	0.06514	0.09621	0.03935	0.00768	0.00558	0.00172	0.00583	0.00634	0.00432	0.05972
15	0.01256	0.18233	0.24435	0.01461	0.09081	0.06931	0.05300	0.01607	0.01268	0.03577	0.09782	0.11599	0.01663	0.00751	0.00545	0.00169	0.00650	0.00634	0.00340	0.00719
16	0.01321	0.26839	0.42200	0.01339	0.01986	0.01623	0.01552	0.05136	0.09657	0.01783	0.01099	0.01210	0.00840	0.00550	0.00486	0.00161	0.00707	0.00409	0.00291	0.00810
17	0.00721	0.00537	0.00672	0.00742	0.00835	0.00492	0.00533	0.00870	0.01224	0.01606	0.15645	0.42359	0.20616	0.03046	0.00743	0.00220	0.00328	0.07799	0.00535	0.00477
18	0.00956	0.04190	0.02451	0.00905	0.01028	0.05684	0.00686	0.01109	0.01094	0.04775	0.04334	0.38603	0.02518	0.04151	0.22372	0.00411	0.02727	0.01052	0.00427	0.00527
19	0.06097	0.14925	0.15400	0.07415	0.06465	0.08229	0.04640	0.09846	0.05874	0.06683	0.01253	0.05645	0.01029	0.00650	0.00567	0.00171	0.03479	0.00510	0.00356	0.00766
20	0.00965	0.00650	0.00837	0.09529	0.01211	0.00623	0.00642	0.01178	0.01336	0.09440	0.22389	0.11757	0.26778	0.01279	0.03640	0.00213	0.00403	0.00982	0.05590	0.00558
21	0.00893	0.00782	0.00795	0.00857	0.00961	0.09256	0.00627	0.01038	0.01231	0.01539	0.09769	0.39966	0.12650	0.04865	0.00784	0.00228	0.00432	0.12338	0.00497	0.00493
22	0.03494	0.06459	0.21946	0.08980	0.12489	0.09746	0.06260	0.05118	0.01268	0.01703	0.01272	0.02581	0.05015	0.00700	0.00718	0.03758	0.06969	0.00509	0.00293	0.00722
23	0.03507	0.01262	0.08891	0.07012	0.05772	0.03935	0.24267	0.01500	0.03490	0.03938	0.02042	0.22361	0.07692	0.00923	0.00633	0.00195	0.00651	0.00884	0.00382	0.00663
24	0.70396	0.01261	0.00940	0.00835	0.01181	0.09904	0.00676	0.01782	0.01066	0.06528	0.00873	0.00981	0.00666	0.00539	0.00378	0.00171	0.00503	0.00326	0.00361	0.00634
25	0.01609	0.10447	0.07492	0.01134	0.01479	0.15047	0.00967	0.19206	0.02639	0.09284	0.01798	0.16572	0.04686	0.01021	0.03885	0.00205	0.00657	0.00701	0.00444	0.00729

[dist]
# distance from previous block
# <min> <max>
0	2

[block]
# block no. 4 follows, 42 sequences, length 31
# corresponding to MSA columns:
# 2971-3001
name=unknown_E
#
# <colnr> <probs for GDERKNQSTAVLIFYWHMCP>
#	G	D	E	R	K	N	Q	S	T	A	V	L	I	F	Y	W	H	M	C	P
0	0.01517	0.12858	0.05605	0.04707	0.29553	0.03537	0.04725	0.05371	0.01367	0.12108	0.01458	0.05331	0.01266	0.00694	0.00561	0.00174	0.00635	0.07358	0.00375	0.00799
1	0.01587	0.01401	0.01536	0.04399	0.05148	0.16989	0.07897	0.16407	0.01583	0.09260	0.03164	0.10705	0.05352	0.02561	0.07031	0.00245	0.02917	0.00681	0.00428	0.00711
2	0.01189	0.01068	0.01688	0.69748	0.03625	0.01309	0.01505	0.10068	0.01304	0.01686	0.01042	0.01483	0.00775	0.00576	0.00563	0.00185	0.00735	0.00501	0.00287	0.00664
3	0.01649	0.01289	0.05209	0.10625	0.12428	0.03252	0.03274	0.17944	0.10577	0.15363	0.06046	0.01841	0.02927	0.00757	0.02249	0.00191	0.00610	0.00574	0.02370	0.00826
4	0.01089	0.00929	0.01161	0.10297	0.08315	0.03714	0.00881	0.04928	0.15159	0.02014	0.26460	0.10198	0.06718	0.01065	0.02499	0.00204	0.00480	0.02739	0.00497	0.00655
5	0.17358	0.01150	0.01274	0.01041	0.01397	0.01220	0.00843	0.27466	0.03564	0.23234	0.03075	0.10722	0.01430	0.00800	0.00580	0.00181	0.02678	0.00626	0.00547	0.00815
6	0.01725	0.08787	0.05172	0.01130	0.01512	0.01397	0.00966	0.40611	0.02006	0.08840	0.06469	0.10947	0.02907	0.00926	0.02451	0.00193	0.00573	0.02055	0.00519	0.00815
7	0.01450	0.01246	0.01365	0.01198	0.01492	0.01470	0.00948	0.09573	0.60008	0.02349	0.02019	0.01927	0.01531	0.00781	0.00722	0.00195	0.09721	0.00607	0.00533	0.00865
8	0.05289	0.11708	0.06376	0.05276	0.10627	0.21019	0.04975	0.15127	0.01550	0.03761	0.01169	0.05760	0.01001	0.02050	0.00586	0.00171	0.01950	0.00506	0.00353	0.00748
9	0.01029	0.00748	0.01115	0.01097	0.01283	0.00741	0.07788	0.03815	0.01339	0.03269	0.04243	0.06875	0.02746	0.01296	0.00706	0.00230	0.00521	0.50352	0.10242	0.00564
10	0.01864	0.02290	0.01558	0.01439	0.03032	0.60290	0.01080	0.02015	0.01438	0.01376	0.00918	0.01160	0.00794	0.00969	0.07972	0.00229	0.10247	0.00403	0.00286	0.00638
11	0.01513	0.04924	0.07791	0.01466	0.08675	0.10132	0.07603	0.06306	0.03634	0.10116	0.07297	0.11372	0.06007	0.05488	0.00778	0.00224	0.00647	0.04803	0.00470	0.00755
12	0.01424	0.07422	0.46855	0.01593	0.02234	0.10403	0.06396	0.05355	0.01394	0.01887	0.01306	0.01827	0.01087	0.00714	0.00603	0.00200	0.00840	0.07298	0.00330	0.00832
13	0.19525	0.01473	0.01506	0.01177	0.01606	0.01643	0.00972	0.59330	0.02288	0.03330	0.01231	0.01259	0.00883	0.00643	0.00517	0.00170	0.00580	0.00464	0.00517	0.00883
14	0.01966	0.01458	0.01557	0.01210	0.01629	0.01596	0.00994	0.66131	0.02486	0.03308	0.01863	0.01829	0.09837	0.00764	0.00575	0.00171	0.00580	0.00587	0.00558	0.00900
15	0.01094	0.01032	0.01744	0.71759	0.10744	0.01258	0.01578	0.01465	0.01140	0.01476	0.01006	0.01490	0.00764	0.00557	0.00562	0.00186	0.00742	0.00500	0.00253	0.00650
16	0.02139	0.01576	0.01689	0.01295	0.01745	0.01745	0.01070	0.74835	0.02646	0.03547	0.01351	0.01351	0.00957	0.00676	0.00563	0.00169	0.00619	0.00507	0.00563	0.00957
17	0.01338	0.01272	0.01720	0.01456	0.01509	0.01726	0.01212	0.09994	0.01072	0.01612	0.00811	0.01245	0.00764	0.00949	0.01696	0.00237	0.69954	0.00494	0.00283	0.00656
18	0.02093	0.01149	0.01363	0.01100	0.01500	0.01176	0.00891	0.15669	0.25734	0.39841	0.02088	0.01874	0.01420	0.00714	0.00568	0.00179	0.00493	0.00578	0.00633	0.00936
19	0.00666	0.00567	0.00573	0.00578	0.00762	0.00474	0.00431	0.00807	0.01275	0.01517	0.05599	0.08338	0.73627	0.01439	0.00667	0.00192	0.00287	0.01204	0.00523	0.00474
20	0.00759	0.00527	0.00637	0.00684	0.00714	0.00508	0.00428	0.00822	0.00992	0.01324	0.07731	0.33273	0.05848	0.41155	0.01791	0.00383	0.00431	0.01150	0.00438	0.00405
21	0.01317	0.01376	0.04825	0.24212	0.09589	0.01381	0.36402	0.05739	0.01321	0.03302	0.01105	0.01479	0.00835	0.00541	0.00664	0.00188	0.04110	0.00577	0.00295	0.00744
22	0.00687	0.00559	0.00609	0.00623	0.00780	0.00481	0.00457	0.00841	0.01297	0.01615	0.15656	0.16593	0.54966	0.01437	0.00673	0.00194	0.00289	0.01226	0.00537	0.00481
23	0.01465	0.05655	0.13868	0.05462	0.28219	0.15350	0.03559	0.03403	0.06390	0.03379	0.06831	0.01546	0.01220	0.00597	0.00548	0.00167	0.00716	0.00507	0.00332	0.00790
24	0.00703	0.00506	0.00649	0.00747	0.00794	0.00471	0.00499	0.00805	0.01098	0.01458	0.07390	0.62685	0.09165	0.09100	0.00913	0.00253	0.00341	0.01461	0.00511	0.00452
25	0.01506	0.03396	0.03375	0.05428	0.01590	0.01292	0.02656	0.25087	0.23101	0.05160	0.01981	0.14413	0.02845	0.00869	0.00581	0.00184	0.00514	0.00730	0.04497	0.00796
26	0.01331	0.01376	0.02734	0.02114	0.07762	0.01319	0.52278	0.08311	0.01482	0.02028	0.11864	0.01876	0.01500	0.00591	0.00647	0.00184	0.00802	0.00689	0.00357	0.00754
27	0.01217	0.08653	0.03101	0.19676	0.28744	0.04805	0.02849	0.01545	0.03396	0.01648	0.04553	0.10931	0.03554	0.00748	0.00571	0.00178	0.00628	0.02157	0.00332	0.00714
28	0.01647	0.24434	0.05694	0.01315	0.01680	0.26174	0.05537	0.08532	0.01401	0.01615	0.01001	0.01196	0.02007	0.00739	0.03394	0.00183	0.10087	0.00416	0.00298	0.02652
29	0.08938	0.01181	0.10054	0.01093	0.02902	0.04374	0.04049	0.04300	0.08008	0.03846	0.08368	0.18385	0.12378	0.01032	0.00660	0.00192	0.04270	0.02698	0.00447	0.02826
30	0.01343	0.18540	0.21137	0.01239	0.03706	0.04985	0.03697	0.06965	0.03306	0.06751	0.07179	0.11364	0.02959	0.03658	0.00626	0.00183	0.00616	0.00643	0.00380	0.00724

[dist]
# distance from previous block
# <min> <max>
0	10

[block]
# block no. 5 follows, 42 sequences, length 20
# corresponding to MSA columns:
# 3102-3121
name=unknown_F
#
# <colnr> <probs for GDERKNQSTAVLIFYWHMCP>
#	G	D	E	R	K	N	Q	S	T	A	V	L	I	F	Y	W	H	M	C	P
0	0.02663	0.01081	0.04737	0.03031	0.01306	0.05271	0.00805	0.12604	0.11097	0.07945	0.14987	0.11342	0.16931	0.01036	0.00615	0.00186	0.00461	0.02694	0.00527	0.00681
1	0.01014	0.01047	0.09276	0.00990	0.01288	0.00865	0.05397	0.07728	0.10327	0.01999	0.18463	0.07369	0.25830	0.01092	0.00640	0.00190	0.00444	0.04899	0.00506	0.00636
2	0.01303	0.01237	0.02047	0.10041	0.48374	0.01278	0.06918	0.01795	0.10450	0.01845	0.03335	0.01693	0.02746	0.00721	0.03618	0.00203	0.00684	0.00563	0.00328	0.00822
3	0.01361	0.01435	0.09100	0.16062	0.22836	0.05410	0.09327	0.04996	0.07083	0.05105	0.03352	0.01704	0.04065	0.00691	0.01992	0.00193	0.03615	0.00559	0.00342	0.00773
4	0.20186	0.01469	0.01499	0.01173	0.01601	0.01639	0.00968	0.58741	0.02275	0.03322	0.01226	0.01255	0.00881	0.00642	0.00516	0.00170	0.00579	0.00462	0.00516	0.00881
5	0.01506	0.04526	0.01700	0.07646	0.07325	0.21741	0.08116	0.02197	0.26159	0.01800	0.04099	0.01708	0.01295	0.03605	0.00696	0.00189	0.04011	0.00547	0.00390	0.00743
6	0.00691	0.00504	0.00653	0.00770	0.00823	0.00466	0.00526	0.00800	0.01107	0.01454	0.03378	0.69182	0.11569	0.01719	0.00715	0.00225	0.00329	0.04105	0.00522	0.00461
7	0.00890	0.00582	0.00653	0.00639	0.00673	0.00592	0.00386	0.03505	0.00926	0.01295	0.01755	0.03374	0.01918	0.65988	0.05295	0.00501	0.00553	0.00768	0.09319	0.00389
8	0.00700	0.00496	0.00649	0.00765	0.00794	0.00467	0.00503	0.00787	0.01049	0.01399	0.02958	0.71622	0.03541	0.10243	0.00950	0.00263	0.00350	0.01515	0.00503	0.00445
9	0.00792	0.00575	0.00746	0.00703	0.00838	0.00529	0.00527	0.01053	0.01582	0.02230	0.73870	0.04247	0.07871	0.01160	0.00664	0.00177	0.00266	0.01024	0.00616	0.00529
10	0.01505	0.80561	0.02949	0.00963	0.01444	0.02227	0.00963	0.01685	0.01143	0.01324	0.00782	0.00903	0.00722	0.00481	0.00361	0.00120	0.00602	0.00301	0.00241	0.00722
11	0.00686	0.00490	0.00653	0.00784	0.00816	0.00457	0.00522	0.00784	0.01077	0.01437	0.03102	0.79855	0.03722	0.01763	0.00718	0.00229	0.00326	0.01600	0.00522	0.00457
12	0.02525	0.00958	0.01306	0.01001	0.01437	0.00827	0.00827	0.02743	0.01611	0.77102	0.02220	0.01915	0.01393	0.00697	0.00566	0.00174	0.00479	0.00566	0.00697	0.00958
13	0.76377	0.01135	0.00909	0.00793	0.01151	0.01308	0.00653	0.08629	0.01119	0.02622	0.00838	0.00956	0.00643	0.00537	0.00369	0.00174	0.00453	0.00324	0.00369	0.00643
14	0.02047	0.01521	0.01639	0.01251	0.01706	0.01650	0.01031	0.67838	0.02505	0.03383	0.01318	0.01334	0.00945	0.00651	0.00549	0.00161	0.00600	0.00490	0.00541	0.08840
15	0.01195	0.11153	0.62120	0.01711	0.09408	0.01409	0.01925	0.01766	0.01192	0.01738	0.00990	0.01177	0.00731	0.00526	0.00518	0.00171	0.00791	0.00412	0.00242	0.00826
16	0.01359	0.01329	0.02136	0.18263	0.59051	0.04667	0.01667	0.01693	0.01264	0.01739	0.01039	0.01398	0.00856	0.00517	0.00556	0.00170	0.00700	0.00495	0.00273	0.00828
17	0.00986	0.00620	0.00763	0.00706	0.00885	0.00552	0.00531	0.01191	0.01449	0.11954	0.39748	0.07195	0.24962	0.05017	0.00760	0.00200	0.00316	0.01019	0.00585	0.00560
18	0.15922	0.25655	0.01832	0.03897	0.04800	0.10533	0.00945	0.12183	0.06253	0.07225	0.01336	0.01397	0.04631	0.00611	0.00463	0.00156	0.00598	0.00438	0.00380	0.00747
19	0.01317	0.01260	0.02147	0.20765	0.59993	0.01317	0.01689	0.01661	0.01246	0.01747	0.01045	0.01418	0.00859	0.00515	0.00558	0.00172	0.00687	0.00501	0.00272	0.00830

[dist]
# distance from previous block
# <min> <max>
0	5

[block]
# block no. 6 follows, 42 sequences, length 28
# corresponding to MSA columns:
# 3208-3235
name=unknown_G
#
# <colnr> <probs for GDERKNQSTAVLIFYWHMCP>
#	G	D	E	R	K	N	Q	S	T	A	V	L	I	F	Y	W	H	M	C	P
0	0.01517	0.01215	0.01734	0.01666	0.15089	0.01260	0.12302	0.24583	0.06951	0.04108	0.06350	0.04910	0.01512	0.00718	0.00576	0.00174	0.00580	0.02886	0.11073	0.00795
1	0.67142	0.01030	0.00869	0.00781	0.01057	0.01206	0.00623	0.01524	0.00933	0.02251	0.00907	0.01293	0.00803	0.10762	0.00786	0.00227	0.06506	0.00385	0.00339	0.00576
2	0.01448	0.01127	0.01909	0.02561	0.01871	0.03503	0.28682	0.01738	0.01359	0.19580	0.04040	0.06755	0.15772	0.00844	0.00703	0.00191	0.04851	0.01904	0.00450	0.00713
3	0.01612	0.01270	0.01345	0.01149	0.01488	0.03025	0.00908	0.22588	0.43770	0.06092	0.06365	0.04511	0.01747	0.00787	0.00578	0.00183	0.00493	0.00645	0.00571	0.00872
4	0.00751	0.00592	0.00828	0.14754	0.01358	0.00602	0.00697	0.00904	0.01112	0.01448	0.03058	0.56278	0.12505	0.01505	0.00684	0.00216	0.00397	0.01350	0.00474	0.00490
5	0.01163	0.02596	0.62471	0.01844	0.10500	0.01303	0.07177	0.01759	0.01206	0.01783	0.01063	0.02703	0.00798	0.00550	0.00550	0.00179	0.00813	0.00465	0.00251	0.00826
6	0.01379	0.02561	0.63683	0.01496	0.02257	0.01221	0.01855	0.01954	0.01264	0.15284	0.01227	0.01319	0.00835	0.00564	0.00540	0.00177	0.00768	0.00443	0.00320	0.00854
7	0.02276	0.01054	0.01446	0.01340	0.11091	0.00979	0.00958	0.05974	0.07314	0.58307	0.02037	0.01837	0.01334	0.00676	0.00565	0.00174	0.00507	0.00560	0.00627	0.00944
8	0.01378	0.01218	0.01870	0.02469	0.45384	0.01234	0.03660	0.14643	0.01501	0.02068	0.01732	0.11745	0.07078	0.00764	0.00590	0.00178	0.00595	0.00701	0.00380	0.00811
9	0.07751	0.01305	0.01945	0.02763	0.55375	0.03720	0.01458	0.01856	0.10784	0.01924	0.01284	0.05072	0.01102	0.00598	0.00549	0.00173	0.00617	0.00550	0.00333	0.00842
10	0.00690	0.00576	0.00630	0.00630	0.00804	0.00516	0.00477	0.00843	0.01215	0.01482	0.04949	0.04841	0.63025	0.01926	0.14527	0.00318	0.00504	0.01083	0.00483	0.00480
11	0.02026	0.12653	0.01768	0.01387	0.01702	0.68266	0.01071	0.02175	0.01537	0.01370	0.00859	0.01001	0.00725	0.00567	0.00489	0.00142	0.00962	0.00355	0.00284	0.00661
12	0.01523	0.01245	0.01607	0.15340	0.09693	0.01334	0.03489	0.29055	0.09126	0.02422	0.01447	0.08042	0.01202	0.00698	0.00561	0.00169	0.00591	0.00593	0.00437	0.11425
13	0.01899	0.01397	0.01521	0.01190	0.01583	0.01528	0.00973	0.61611	0.02457	0.03315	0.14807	0.01862	0.01737	0.00761	0.00581	0.00170	0.00556	0.00598	0.00573	0.00881
14	0.00742	0.00525	0.00693	0.00807	0.00853	0.00503	0.00568	0.00857	0.01083	0.01437	0.02910	0.56926	0.03421	0.11771	0.01004	0.00275	0.00389	0.14285	0.00498	0.00453
15	0.02034	0.15722	0.01907	0.01229	0.01685	0.01812	0.01045	0.60224	0.02355	0.04677	0.01267	0.01282	0.00924	0.00641	0.00527	0.00160	0.00613	0.00471	0.00508	0.00915
16	0.02203	0.01144	0.01404	0.03599	0.01583	0.01143	0.00915	0.23410	0.08317	0.44120	0.04796	0.01844	0.01426	0.00709	0.00569	0.00175	0.00517	0.00570	0.00630	0.00925
17	0.00686	0.00490	0.00653	0.00784	0.00816	0.00457	0.00522	0.00784	0.01077	0.01437	0.03102	0.79855	0.03722	0.01763	0.00718	0.00229	0.00326	0.01600	0.00522	0.00457
18	0.54557	0.01432	0.01197	0.01244	0.10922	0.15047	0.00862	0.05625	0.01202	0.02285	0.00864	0.01017	0.00685	0.00538	0.00415	0.00168	0.00579	0.00351	0.00340	0.00672
19	0.01908	0.02005	0.01495	0.01311	0.01619	0.41670	0.01012	0.24392	0.04246	0.02091	0.01360	0.09465	0.01216	0.00768	0.00557	0.00166	0.00788	0.02789	0.00414	0.00729
20	0.00810	0.00588	0.00772	0.00760	0.00895	0.00549	0.00594	0.01069	0.01525	0.02120	0.59973	0.04644	0.08238	0.01236	0.00684	0.00192	0.00312	0.13915	0.00597	0.00526
21	0.00689	0.00571	0.00603	0.00595	0.00775	0.00485	0.00446	0.00853	0.01338	0.01652	0.18377	0.05199	0.63725	0.01376	0.00665	0.00188	0.00282	0.01157	0.00540	0.00485
22	0.01828	0.02218	0.01451	0.01331	0.01584	0.59973	0.01006	0.03555	0.01471	0.01409	0.01015	0.01275	0.00874	0.01352	0.16898	0.00306	0.01110	0.00416	0.00298	0.00627
23	0.02017	0.01364	0.01396	0.01152	0.01521	0.11040	0.00918	0.23170	0.15144	0.27173	0.01879	0.07666	0.01420	0.00770	0.00571	0.00176	0.00570	0.00615	0.00571	0.00868
24	0.00686	0.00490	0.00653	0.00784	0.00816	0.00457	0.00522	0.00784	0.01077	0.01437	0.03102	0.79855	0.03722	0.01763	0.00718	0.00229	0.00326	0.01600	0.00522	0.00457
25	0.08141	0.01137	0.01265	0.01076	0.01437	0.01227	0.00856	0.05580	0.44367	0.25383	0.02117	0.01923	0.01504	0.00721	0.00553	0.00184	0.00462	0.00584	0.00593	0.00892
26	0.01782	0.46010	0.02419	0.01158	0.01601	0.15543	0.05009	0.07553	0.01410	0.11233	0.01045	0.01121	0.00834	0.00541	0.00446	0.00139	0.00680	0.00382	0.00335	0.00760
27	0.26922	0.01426	0.07374	0.01298	0.04106	0.02989	0.10394	0.20965	0.01526	0.02466	0.02750	0.03005	0.00950	0.00604	0.00539	0.00169	0.03081	0.00473	0.00390	0.08570

[dist]
# distance from previous block
# <min> <max>
2	9

[block]
# block no. 7 follows, 42 sequences, length 62
# corresponding to MSA columns:
# 3361-3374,3380-3383,3405-3420,3581-3596,3599-3610
name=unknown_H
#
# <colnr> <probs for GDERKNQSTAVLIFYWHMCP>
#	G	D	E	R	K	N	Q	S	T	A	V	L	I	F	Y	W	H	M	C	P
0	0.01161	0.01345	0.11247	0.01625	0.10408	0.01443	0.01304	0.01391	0.00960	0.01457	0.00948	0.01419	0.00872	0.01447	0.15081	0.00345	0.46127	0.00503	0.00259	0.00656
1	0.00971	0.10853	0.01040	0.00732	0.00979	0.00859	0.00591	0.09719	0.01486	0.01876	0.18128	0.04129	0.44275	0.01164	0.00614	0.00176	0.00361	0.00962	0.00510	0.00574
2	0.01108	0.00949	0.01096	0.00802	0.01266	0.00718	0.00639	0.01345	0.01181	0.01797	0.01556	0.01669	0.09776	0.00536	0.00446	0.00096	0.00401	0.00434	0.00356	0.73829
3	0.00804	0.00603	0.00904	0.00904	0.01005	0.00703	0.00703	0.01005	0.00904	0.01306	0.01507	0.02211	0.01407	0.04221	0.77992	0.00904	0.01507	0.00603	0.00301	0.00502
4	0.01063	0.01000	0.01688	0.78870	0.03876	0.01250	0.01563	0.01438	0.01125	0.01438	0.01000	0.01500	0.00750	0.00563	0.00563	0.00188	0.00750	0.00500	0.00250	0.00625
5	0.01591	0.69357	0.02754	0.01033	0.01487	0.13122	0.00981	0.01766	0.01208	0.01332	0.00795	0.00919	0.00723	0.00496	0.00382	0.00124	0.00661	0.00310	0.00248	0.00712
6	0.02139	0.01576	0.01689	0.01295	0.01745	0.01745	0.01070	0.74835	0.02646	0.03547	0.01351	0.01351	0.00957	0.00676	0.00563	0.00169	0.00619	0.00507	0.00563	0.00957
7	0.01369	0.01337	0.02287	0.03149	0.62923	0.01389	0.06509	0.01688	0.01235	0.01779	0.01026	0.01382	0.00871	0.00557	0.00717	0.00178	0.09969	0.00511	0.00275	0.00850
8	0.00686	0.00490	0.00653	0.00784	0.00816	0.00457	0.00522	0.00784	0.01077	0.01437	0.03102	0.79855	0.03722	0.01763	0.00718	0.00229	0.00326	0.01600	0.00522	0.00457
9	0.01414	0.01216	0.01281	0.01148	0.01469	0.01406	0.00894	0.04386	0.74277	0.02377	0.02272	0.02085	0.01703	0.00762	0.00572	0.00190	0.00449	0.00634	0.00572	0.00892
10	0.01063	0.01000	0.01688	0.78870	0.03876	0.01250	0.01563	0.01438	0.01125	0.01438	0.01000	0.01500	0.00750	0.00563	0.00563	0.00188	0.00750	0.00500	0.00250	0.00625
11	0.00679	0.00563	0.00594	0.00603	0.00773	0.00478	0.00446	0.00828	0.01290	0.01577	0.11660	0.12460	0.63245	0.01434	0.00670	0.00193	0.00287	0.01212	0.00531	0.00478
12	0.00686	0.00490	0.00653	0.00784	0.00816	0.00457	0.00522	0.00784	0.01077	0.01437	0.03102	0.79855	0.03722	0.01763	0.00718	0.00229	0.00326	0.01600	0.00522	0.00457
13	0.01320	0.01342	0.02807	0.07194	0.02685	0.01291	0.56686	0.01740	0.01281	0.06193	0.01237	0.01622	0.00944	0.00936	0.09792	0.00273	0.00974	0.00640	0.00309	0.00732
14	0.01322	0.30950	0.45945	0.01363	0.02036	0.06193	0.01617	0.01775	0.01196	0.01593	0.00919	0.01075	0.00717	0.00518	0.00470	0.00155	0.00760	0.00371	0.00242	0.00781
15	0.01986	0.01418	0.01548	0.01220	0.01621	0.01549	0.00993	0.62621	0.02411	0.06828	0.01600	0.10658	0.01305	0.00805	0.00581	0.00176	0.00578	0.00639	0.00565	0.00898
16	0.00684	0.00496	0.00646	0.00766	0.00812	0.00459	0.00515	0.00786	0.01094	0.01443	0.03311	0.73864	0.09578	0.01736	0.00714	0.00225	0.00323	0.01567	0.00522	0.00459
17	0.64166	0.01056	0.00945	0.00804	0.01174	0.01156	0.00663	0.01921	0.01118	0.20816	0.01136	0.01160	0.00802	0.00565	0.00402	0.00174	0.00446	0.00369	0.00434	0.00695
18	0.73821	0.01072	0.00888	0.00773	0.01133	0.01207	0.00637	0.01793	0.01041	0.12000	0.00966	0.01041	0.00709	0.00545	0.00376	0.00174	0.00441	0.00338	0.00393	0.00654
19	0.01992	0.02498	0.01611	0.01453	0.01706	0.68277	0.01106	0.02134	0.01502	0.01374	0.00853	0.01042	0.00727	0.00631	0.00678	0.00158	0.10948	0.00379	0.00284	0.00648
20	0.01957	0.01459	0.01621	0.01283	0.01663	0.01654	0.01054	0.53498	0.11666	0.06730	0.01441	0.01460	0.01049	0.00724	0.00716	0.00181	0.09878	0.00524	0.00533	0.00908
21	0.01204	0.01137	0.01936	0.44223	0.33874	0.01271	0.03007	0.01561	0.01195	0.01627	0.01048	0.01472	0.00828	0.00538	0.00558	0.00178	0.00708	0.00504	0.02394	0.00735
22	0.01399	0.01225	0.01401	0.01439	0.11024	0.01392	0.00997	0.02830	0.66241	0.02289	0.02134	0.02010	0.01613	0.00730	0.00571	0.00188	0.00474	0.00619	0.00535	0.00891
23	0.01697	0.01388	0.01350	0.01147	0.01465	0.10402	0.00891	0.25139	0.28951	0.06880	0.01770	0.03106	0.01414	0.10821	0.00855	0.00223	0.00580	0.00597	0.00513	0.00811
24	0.00696	0.00509	0.00658	0.00771	0.00830	0.00471	0.00533	0.00809	0.01116	0.01462	0.03425	0.66030	0.12938	0.01708	0.00715	0.00225	0.00333	0.05785	0.00522	0.00463
25	0.00665	0.00570	0.00570	0.00570	0.00760	0.00475	0.00428	0.00808	0.01283	0.01520	0.05701	0.05416	0.76483	0.01425	0.00665	0.00190	0.00285	0.01188	0.00523	0.00475
26	0.00725	0.00574	0.00631	0.00636	0.00779	0.00512	0.00456	0.00899	0.02984	0.01603	0.16713	0.13357	0.45785	0.10717	0.00929	0.00234	0.00321	0.01149	0.00519	0.00476
27	0.01942	0.02206	0.01530	0.01360	0.01676	0.51002	0.01039	0.11002	0.19093	0.01863	0.01260	0.01309	0.00985	0.00634	0.00529	0.00159	0.00835	0.00444	0.00389	0.00744
28	0.01034	0.00527	0.00538	0.00535	0.00667	0.00525	0.00401	0.01297	0.01204	0.02107	0.06208	0.02222	0.01669	0.00685	0.00409	0.00134	0.00262	0.00553	0.78496	0.00525
29	0.02165	0.01535	0.01663	0.01275	0.01725	0.01684	0.01054	0.70051	0.02577	0.08428	0.01409	0.01389	0.00986	0.00677	0.00563	0.00169	0.00610	0.00511	0.00572	0.00957
30	0.01167	0.00949	0.01098	0.00844	0.01256	0.00779	0.00662	0.05744	0.03458	0.01922	0.01363	0.10569	0.01249	0.00617	0.00464	0.00112	0.00409	0.00515	0.05886	0.60938
31	0.01932	0.23491	0.03883	0.01188	0.01628	0.10773	0.01032	0.35716	0.03143	0.08595	0.01224	0.01256	0.00916	0.00610	0.00497	0.00153	0.00645	0.00438	0.02037	0.00844
32	0.01738	0.01386	0.01763	0.04019	0.16647	0.01493	0.04748	0.43166	0.06726	0.02790	0.01537	0.07486	0.02434	0.00729	0.00581	0.00176	0.00610	0.00616	0.00480	0.00874
33	0.01111	0.15001	0.02675	0.10839	0.02913	0.01109	0.00842	0.07869	0.05482	0.01693	0.08306	0.14251	0.06288	0.11151	0.05066	0.01642	0.00568	0.02190	0.00404	0.00602
34	0.01731	0.23639	0.01902	0.01243	0.01571	0.40463	0.02875	0.04914	0.01411	0.01471	0.00976	0.01188	0.00840	0.01019	0.10316	0.00237	0.00929	0.00394	0.02217	0.00665
35	0.01099	0.10663	0.46586	0.01271	0.01839	0.01215	0.01479	0.01589	0.04225	0.01646	0.05094	0.03109	0.01290	0.15449	0.00961	0.00242	0.00700	0.00538	0.00295	0.00709
36	0.05480	0.01346	0.01540	0.01287	0.01586	0.16860	0.13889	0.10441	0.01444	0.05717	0.03782	0.15974	0.02853	0.01261	0.09743	0.00265	0.00770	0.01742	0.00408	0.03612
37	0.01129	0.02911	0.77306	0.01604	0.02436	0.01307	0.02079	0.01782	0.01188	0.01782	0.01010	0.01188	0.00713	0.00535	0.00535	0.00178	0.00832	0.00416	0.00238	0.00832
38	0.01452	0.01229	0.01296	0.01147	0.01475	0.01413	0.00898	0.09438	0.67610	0.02445	0.02274	0.02098	0.03141	0.00769	0.00574	0.00189	0.00458	0.00636	0.00571	0.00888
39	0.00729	0.00534	0.00665	0.00726	0.00806	0.00494	0.00506	0.00862	0.01186	0.01568	0.16296	0.40360	0.16679	0.10859	0.00956	0.00252	0.00345	0.05197	0.00518	0.00463
40	0.02069	0.01541	0.01649	0.01281	0.01718	0.01712	0.01053	0.68028	0.09567	0.03434	0.01440	0.01422	0.01029	0.00684	0.00564	0.00171	0.00603	0.00519	0.00564	0.00951
41	0.01444	0.01144	0.01226	0.01083	0.01378	0.01293	0.00833	0.08814	0.56348	0.05948	0.02141	0.02228	0.01679	0.10848	0.00863	0.00233	0.00475	0.00645	0.00548	0.00830
42	0.00703	0.00497	0.00648	0.00762	0.00791	0.00468	0.00499	0.00788	0.01045	0.01393	0.02933	0.70177	0.03509	0.11732	0.00991	0.00269	0.00354	0.01501	0.00499	0.00442
43	0.10924	0.01076	0.01794	0.59915	0.03428	0.01274	0.10738	0.01510	0.01131	0.01613	0.00992	0.01433	0.00747	0.00547	0.00550	0.00186	0.00738	0.00498	0.00266	0.00640
44	0.00802	0.00538	0.00619	0.00635	0.00640	0.00534	0.00364	0.00814	0.00851	0.01135	0.01942	0.13361	0.02259	0.70254	0.02592	0.00505	0.00518	0.00918	0.00364	0.00356
45	0.59035	0.01062	0.00935	0.00827	0.01152	0.01191	0.00666	0.10259	0.01211	0.06938	0.01231	0.11055	0.01093	0.00708	0.00434	0.00180	0.00446	0.00509	0.00416	0.00652
46	0.01830	0.01397	0.01804	0.01398	0.01819	0.04602	0.14695	0.30475	0.15329	0.13468	0.05990	0.01752	0.01384	0.00681	0.00588	0.00177	0.00625	0.00592	0.00524	0.00871
47	0.01032	0.00953	0.01595	0.69654	0.03537	0.01186	0.01461	0.01387	0.01099	0.01422	0.01060	0.01584	0.00828	0.00995	0.09716	0.00272	0.00840	0.00512	0.00256	0.00611
48	0.02270	0.00903	0.01222	0.00976	0.01358	0.00791	0.00790	0.02498	0.02917	0.66102	0.02333	0.11821	0.01695	0.00833	0.00585	0.00181	0.00459	0.00699	0.00672	0.00893
49	0.01481	0.01365	0.02214	0.03199	0.67850	0.01385	0.01649	0.10369	0.01443	0.02040	0.01093	0.01388	0.00899	0.00522	0.00558	0.00167	0.00663	0.00502	0.00312	0.00899
50	0.01594	0.01555	0.01986	0.08978	0.17720	0.15467	0.13166	0.15605	0.01543	0.03472	0.01131	0.01427	0.00903	0.01913	0.04429	0.00215	0.06108	0.00514	0.01507	0.00765
51	0.00718	0.00580	0.00644	0.00651	0.00823	0.00506	0.00504	0.00897	0.01342	0.01677	0.18565	0.05300	0.54554	0.01389	0.00678	0.00196	0.00309	0.09636	0.00540	0.00491
52	0.01426	0.11445	0.04889	0.13134	0.36422	0.01514	0.06097	0.10308	0.01378	0.01886	0.01034	0.01332	0.00840	0.00556	0.00616	0.00171	0.05354	0.00483	0.00300	0.00814
53	0.02102	0.02682	0.01595	0.01450	0.01740	0.77963	0.01087	0.02247	0.01595	0.01377	0.00870	0.01015	0.00725	0.00580	0.00507	0.00145	0.01015	0.00362	0.00290	0.00652
54	0.01424	0.01358	0.02907	0.04515	0.22475	0.08200	0.09874	0.12874	0.08150	0.02009	0.05181	0.01746	0.01275	0.03439	0.10501	0.00278	0.02089	0.00569	0.00370	0.00765
55	0.01622	0.00765	0.01004	0.00838	0.01128	0.00670	0.00664	0.01846	0.01546	0.38400	0.29147	0.04944	0.11714	0.00965	0.00614	0.00177	0.00375	0.00821	0.00638	0.02124
56	0.01331	0.01341	0.01628	0.05439	0.13880	0.11139	0.01185	0.05820	0.01196	0.01590	0.01497	0.01800	0.10221	0.00966	0.03445	0.00226	0.35749	0.00568	0.00312	0.00665
57	0.00833	0.00693	0.00928	0.05648	0.10628	0.00652	0.00703	0.01060	0.01388	0.01840	0.32258	0.06411	0.32538	0.01160	0.00646	0.00183	0.00355	0.01006	0.00513	0.00558
58	0.02012	0.02511	0.01682	0.01704	0.11265	0.68227	0.01169	0.02181	0.01555	0.01436	0.00894	0.01063	0.00746	0.00570	0.00514	0.00148	0.00971	0.00380	0.00289	0.00683
59	0.01589	0.11521	0.07468	0.04288	0.07767	0.03625	0.13424	0.11652	0.19493	0.09642	0.01517	0.01645	0.01146	0.00628	0.00557	0.00174	0.00649	0.01954	0.00426	0.00835
60	0.01247	0.02161	0.44642	0.01373	0.01960	0.03518	0.01538	0.10973	0.10180	0.02008	0.01599	0.11426	0.03396	0.00762	0.00569	0.00184	0.00685	0.00624	0.00364	0.00791
61	0.01071	0.06063	0.03128	0.00831	0.01043	0.02993	0.00650	0.02474	0.01281	0.10533	0.10054	0.34644	0.15813	0.01268	0.00631	0.00190	0.00395	0.01102	0.00509	0.05327

[dist]
# distance from previous block
# <min> <max>
42	664

# created by:
# /usr/local/bin/augustus/scripts/msa2prfl.pl /tmp/new_cug2/without_ca_b/kinesin-class-1.fasta
