[name]
unknown

[dist]
# distance from previous block
# <min> <max>
0	10

[block]
# block no. 0 follows, 99 sequences, length 12
# corresponding to MSA columns:
# 10-21
name=unknown_A
#
# <colnr> <probs for GDERKNQSTAVLIFYWHMCP>
#	G	D	E	R	K	N	Q	S	T	A	V	L	I	F	Y	W	H	M	C	P
0	0.00797	0.00607	0.00748	0.04460	0.02255	0.01740	0.04018	0.31202	0.07201	0.06348	0.04762	0.08727	0.00869	0.06919	0.00463	0.00113	0.09023	0.06379	0.00250	0.03120
1	0.00409	0.00291	0.00387	0.00400	0.00425	0.00309	0.00275	0.00463	0.00472	0.00651	0.01006	0.19276	0.01104	0.35532	0.37326	0.00328	0.00469	0.00462	0.00188	0.00225
2	0.00689	0.31507	0.46082	0.00669	0.00995	0.00795	0.00780	0.00909	0.00622	0.06977	0.00609	0.07030	0.00512	0.00321	0.00256	0.00084	0.00360	0.00246	0.00152	0.00404
3	0.00622	0.00410	0.00529	0.00467	0.02239	0.00383	0.02229	0.08377	0.02029	0.13006	0.45464	0.06157	0.09009	0.00527	0.00324	0.00090	0.00191	0.00458	0.00300	0.07187
4	0.80592	0.00588	0.00440	0.00396	0.00568	0.05059	0.00322	0.00865	0.00524	0.01269	0.00450	0.00524	0.00352	0.00279	0.00187	0.00088	0.00236	0.00169	0.06778	0.00315
5	0.00838	0.00642	0.00692	0.00594	0.00776	0.00720	0.00470	0.17308	0.60964	0.08787	0.01162	0.01074	0.03838	0.00398	0.00299	0.00097	0.00247	0.00326	0.00302	0.00466
6	0.00599	0.00653	0.07024	0.61246	0.07149	0.06496	0.01992	0.00800	0.02707	0.00786	0.00600	0.06081	0.00499	0.00334	0.00307	0.00097	0.01852	0.00290	0.00145	0.00342
7	0.00538	0.00276	0.00286	0.00286	0.00354	0.00279	0.00216	0.00673	0.00605	0.01066	0.00945	0.01097	0.00750	0.00465	0.06093	0.00095	0.00180	0.00276	0.85247	0.00273
8	0.00509	0.00255	0.00382	0.00382	0.00382	0.00255	0.00255	0.00382	0.00382	0.00509	0.00509	0.00891	0.00509	0.01019	0.01146	0.91469	0.00255	0.00255	0.00127	0.00127
9	0.00410	0.00319	0.00436	0.00429	0.00491	0.00334	0.01744	0.00506	0.00574	0.00786	0.11987	0.12025	0.20093	0.02697	0.40741	0.00274	0.03254	0.00468	0.02173	0.00261
10	0.00666	0.00545	0.00719	0.04832	0.00833	0.00445	0.07357	0.00830	0.03364	0.07094	0.00593	0.00674	0.00468	0.00239	0.00239	0.00056	0.00251	0.00205	0.00187	0.70404
11	0.00865	0.56522	0.01285	0.00585	0.00799	0.12238	0.00531	0.14799	0.00740	0.00882	0.00459	0.00530	0.00397	0.00296	0.00281	0.00074	0.07987	0.00187	0.00156	0.00387

[dist]
# distance from previous block
# <min> <max>
0	1

[block]
# block no. 1 follows, 99 sequences, length 12
# corresponding to MSA columns:
# 23-34
name=unknown_B
#
# <colnr> <probs for GDERKNQSTAVLIFYWHMCP>
#	G	D	E	R	K	N	Q	S	T	A	V	L	I	F	Y	W	H	M	C	P
0	0.00727	0.10385	0.25410	0.03956	0.30944	0.02699	0.10034	0.05293	0.03917	0.03051	0.00577	0.00693	0.00447	0.00277	0.00282	0.00088	0.00381	0.00249	0.00156	0.00434
1	0.00559	0.00723	0.21292	0.00705	0.03380	0.03504	0.14648	0.02008	0.00657	0.03900	0.09263	0.30928	0.03942	0.00545	0.00348	0.00103	0.02451	0.00494	0.00214	0.00339
2	0.87419	0.00579	0.00452	0.00399	0.00583	0.00670	0.00329	0.04987	0.00541	0.01341	0.00422	0.00487	0.00326	0.00276	0.00187	0.00091	0.00231	0.00164	0.00187	0.00326
3	0.00509	0.00255	0.00382	0.00382	0.00382	0.00255	0.00255	0.00382	0.00382	0.00509	0.00509	0.00891	0.00509	0.01019	0.01146	0.91469	0.00255	0.00255	0.00127	0.00127
4	0.00378	0.00299	0.00331	0.00334	0.00418	0.00265	0.00248	0.00481	0.02450	0.00886	0.20063	0.12670	0.54249	0.00715	0.00345	0.00100	0.00152	0.02155	0.03202	0.00258
5	0.70311	0.00582	0.00522	0.00437	0.00635	0.00641	0.02450	0.06816	0.00591	0.05261	0.00478	0.00536	0.00363	0.00276	0.00202	0.00086	0.00240	0.00178	0.00196	0.09199
6	0.14254	0.00442	0.00516	0.00436	0.00588	0.00433	0.00348	0.04128	0.05248	0.31533	0.26422	0.01277	0.01268	0.00418	0.00282	0.00089	0.00202	0.00342	0.11397	0.00378
7	0.00647	0.01211	0.56990	0.02021	0.09182	0.03456	0.02947	0.02622	0.07755	0.03280	0.05189	0.00800	0.01971	0.00315	0.00288	0.00092	0.00386	0.00259	0.00164	0.00425
8	0.00399	0.00297	0.00371	0.00357	0.00429	0.00269	0.00266	0.00520	0.00785	0.01080	0.67009	0.06569	0.19280	0.00643	0.00347	0.00095	0.00142	0.00562	0.00310	0.00269
9	0.00678	0.00594	0.00788	0.00803	0.15565	0.00633	0.07737	0.08152	0.38543	0.01149	0.10578	0.03186	0.09450	0.00425	0.00312	0.00096	0.00262	0.00376	0.00259	0.00415
10	0.00886	0.06632	0.06650	0.02336	0.35192	0.02490	0.02694	0.28082	0.00898	0.08176	0.00661	0.02823	0.00516	0.00315	0.00287	0.00087	0.00339	0.00269	0.00210	0.00459
11	0.00781	0.00871	0.00742	0.02333	0.09970	0.39110	0.01977	0.00872	0.00704	0.01880	0.04570	0.08336	0.10222	0.02483	0.01858	0.00102	0.10154	0.00334	0.02377	0.00326

[dist]
# distance from previous block
# <min> <max>
30	64

[block]
# block no. 2 follows, 99 sequences, length 28
# corresponding to MSA columns:
# 99-126
name=unknown_C
#
# <colnr> <probs for GDERKNQSTAVLIFYWHMCP>
#	G	D	E	R	K	N	Q	S	T	A	V	L	I	F	Y	W	H	M	C	P
0	0.00516	0.00390	0.00504	0.00439	0.00563	0.00358	0.06995	0.05459	0.00724	0.08218	0.09567	0.09501	0.50741	0.00638	0.00353	0.00098	0.02228	0.00545	0.00271	0.01893
1	0.00453	0.03990	0.00467	0.01993	0.04215	0.00329	0.00336	0.00546	0.02139	0.04504	0.13718	0.59458	0.01824	0.00770	0.00354	0.00110	0.00191	0.04054	0.00270	0.00277
2	0.00679	0.05060	0.73555	0.00792	0.01189	0.04417	0.00983	0.00979	0.00646	0.08223	0.00571	0.00641	0.00402	0.00286	0.00276	0.00091	0.00417	0.00220	0.00145	0.00433
3	0.01147	0.01773	0.00759	0.00596	0.00809	0.09323	0.00484	0.27439	0.10144	0.41254	0.02606	0.00889	0.00675	0.00360	0.00291	0.00089	0.00296	0.00282	0.00310	0.00474
4	0.08439	0.00588	0.00634	0.00544	0.00712	0.04211	0.01982	0.06170	0.38519	0.14956	0.14819	0.01165	0.02520	0.00405	0.00293	0.00093	0.00240	0.00334	0.00289	0.03088
5	0.08301	0.15580	0.55662	0.00771	0.03473	0.04504	0.02346	0.00915	0.00610	0.00905	0.00490	0.00586	0.00372	0.00283	0.00285	0.00089	0.04084	0.00206	0.00131	0.00406
6	0.00784	0.89872	0.01536	0.00502	0.00753	0.01160	0.00502	0.00878	0.00596	0.00690	0.00408	0.00470	0.00376	0.00251	0.00188	0.00063	0.00314	0.00157	0.00125	0.00376
7	0.00357	0.00255	0.00340	0.00408	0.00425	0.00238	0.00272	0.00408	0.00561	0.00748	0.01616	0.89504	0.01939	0.00919	0.00374	0.00119	0.00170	0.00834	0.00272	0.00238
8	0.00729	0.00630	0.00663	0.00597	0.00762	0.00729	0.00464	0.01558	0.87337	0.01227	0.01193	0.01094	0.00895	0.00398	0.00298	0.00099	0.00232	0.00331	0.00298	0.00464
9	0.00982	0.00836	0.07404	0.00652	0.00871	0.09135	0.00554	0.39834	0.23236	0.10394	0.00843	0.00835	0.00613	0.02070	0.00314	0.00094	0.00319	0.00277	0.00273	0.00464
10	0.00357	0.00255	0.00340	0.00408	0.00425	0.00238	0.00272	0.00408	0.00561	0.00748	0.01616	0.89504	0.01939	0.00919	0.00374	0.00119	0.00170	0.00834	0.00272	0.00238
11	0.01072	0.00796	0.00857	0.00654	0.00891	0.00866	0.00540	0.79659	0.01314	0.01773	0.00689	0.00696	0.00493	0.00341	0.00287	0.00084	0.00314	0.00256	0.00283	0.08135
12	0.00491	0.00420	0.00610	0.00568	0.00604	0.00539	0.00456	0.00583	0.00464	0.00689	0.00655	0.00986	0.00620	0.01652	0.60094	0.00360	0.29485	0.00295	0.00148	0.00281
13	0.00357	0.00255	0.00340	0.00408	0.00425	0.00238	0.00272	0.00408	0.00561	0.00748	0.01616	0.89504	0.01939	0.00919	0.00374	0.00119	0.00170	0.00834	0.00272	0.00238
14	0.01095	0.01397	0.00831	0.00755	0.00906	0.88519	0.00567	0.01171	0.00831	0.00718	0.00453	0.00529	0.00378	0.00302	0.00264	0.00076	0.00529	0.00189	0.00151	0.00340
15	0.00588	0.01517	0.88176	0.00836	0.01269	0.00681	0.01083	0.00929	0.00619	0.00929	0.00526	0.00619	0.00371	0.00279	0.00279	0.00093	0.00433	0.00217	0.00124	0.00433
16	0.00608	0.00521	0.00608	0.00434	0.00695	0.00391	0.00347	0.00738	0.00608	0.00955	0.00521	0.00608	0.00434	0.00217	0.00217	0.00043	0.00217	0.00174	0.00174	0.91488
17	0.01251	0.00586	0.00732	0.00563	0.00791	0.00562	0.00464	0.23663	0.02757	0.63855	0.01040	0.00923	0.00670	0.00361	0.00295	0.00090	0.00268	0.00288	0.00343	0.00498
18	0.00409	0.00299	0.00384	0.00363	0.00435	0.00274	0.00272	0.00542	0.00817	0.01144	0.80697	0.02242	0.09802	0.00611	0.00346	0.00093	0.00139	0.00538	0.00319	0.00274
19	0.00361	0.00258	0.00344	0.00412	0.00431	0.00241	0.00278	0.00414	0.00565	0.00753	0.01614	0.86812	0.01931	0.00915	0.00375	0.00120	0.00173	0.03490	0.00272	0.00239
20	0.00781	0.00879	0.00934	0.00797	0.00862	0.27234	0.06412	0.00861	0.00580	0.00725	0.00419	0.00618	0.00387	0.00432	0.00711	0.00110	0.56548	0.00242	0.00136	0.00332
21	0.01244	0.00545	0.00702	0.00541	0.00762	0.00505	0.00446	0.15714	0.00929	0.69963	0.04724	0.00999	0.00774	0.00371	0.00297	0.00090	0.00257	0.00300	0.00350	0.00490
22	0.00350	0.00296	0.00302	0.00303	0.00399	0.00248	0.00226	0.00426	0.00672	0.00807	0.06415	0.05337	0.81737	0.00742	0.00347	0.00099	0.00149	0.00621	0.00274	0.00248
23	0.08343	0.00663	0.01085	0.13237	0.69162	0.00687	0.00840	0.00877	0.00643	0.00960	0.00535	0.00712	0.00442	0.00266	0.00282	0.00089	0.00344	0.00253	0.00146	0.00434
24	0.00590	0.00612	0.13210	0.00732	0.07208	0.00479	0.14471	0.00800	0.07154	0.08007	0.08908	0.26659	0.02991	0.00547	0.00337	0.00104	0.00288	0.06315	0.00235	0.00352
25	0.00554	0.00521	0.00879	0.88991	0.02019	0.00651	0.00814	0.00749	0.00586	0.00749	0.00521	0.00782	0.00391	0.00293	0.00293	0.00098	0.00391	0.00261	0.00130	0.00326
26	0.00419	0.00312	0.00459	0.00459	0.00506	0.00360	0.00351	0.00515	0.00467	0.00671	0.00797	0.01216	0.00761	0.09542	0.81229	0.00456	0.00743	0.00324	0.00159	0.00255
27	0.04397	0.00689	0.00808	0.00666	0.03229	0.01794	0.04167	0.50011	0.02731	0.15375	0.00879	0.07573	0.00706	0.00412	0.00304	0.00094	0.00302	0.05127	0.00285	0.00452

[dist]
# distance from previous block
# <min> <max>
0	1

[block]
# block no. 3 follows, 99 sequences, length 23
# corresponding to MSA columns:
# 128-150
name=unknown_D
#
# <colnr> <probs for GDERKNQSTAVLIFYWHMCP>
#	G	D	E	R	K	N	Q	S	T	A	V	L	I	F	Y	W	H	M	C	P
0	0.02766	0.06650	0.06627	0.04407	0.08552	0.08531	0.51626	0.03411	0.00703	0.00930	0.00580	0.00780	0.00458	0.00274	0.00314	0.00093	0.00450	0.02302	0.00152	0.00393
1	0.04193	0.00420	0.00556	0.01695	0.14354	0.02166	0.00415	0.05319	0.00617	0.02798	0.01190	0.50077	0.01342	0.08161	0.00463	0.00124	0.04083	0.01493	0.00233	0.00299
2	0.02536	0.05685	0.04342	0.00733	0.00909	0.55225	0.09386	0.04715	0.00791	0.00828	0.02544	0.04553	0.04004	0.00346	0.00278	0.00082	0.00449	0.00261	0.01985	0.00347
3	0.00347	0.00297	0.00297	0.00297	0.00396	0.00248	0.00223	0.00421	0.00668	0.00792	0.02970	0.02822	0.87748	0.00743	0.00347	0.00099	0.00149	0.00619	0.00272	0.00248
4	0.00419	0.00314	0.00471	0.00471	0.00524	0.00367	0.00367	0.00524	0.00471	0.00681	0.00785	0.01152	0.00733	0.02199	0.88534	0.00471	0.00785	0.00314	0.00157	0.00262
5	0.00741	0.00635	0.00669	0.00599	0.00767	0.00735	0.00467	0.04046	0.84830	0.01245	0.01179	0.01083	0.00883	0.00396	0.00298	0.00099	0.00235	0.00330	0.00298	0.00465
6	0.00419	0.00313	0.00465	0.00465	0.00515	0.00363	0.00359	0.00520	0.00469	0.00676	0.00791	0.01182	0.00746	0.05692	0.85059	0.00464	0.00765	0.00319	0.00158	0.00258
7	0.01115	0.00821	0.00880	0.00675	0.00909	0.00909	0.00557	0.86889	0.01379	0.01848	0.00704	0.00704	0.00499	0.00352	0.00293	0.00088	0.00323	0.00264	0.00293	0.00499
8	0.91767	0.00567	0.00431	0.00386	0.00567	0.00658	0.00318	0.00862	0.00499	0.01316	0.00408	0.00476	0.00318	0.00272	0.00181	0.00091	0.00227	0.00159	0.00181	0.00318
9	0.00351	0.00298	0.00303	0.00306	0.00403	0.00251	0.00232	0.00427	0.00669	0.00795	0.02921	0.02839	0.84731	0.00745	0.00349	0.00100	0.00153	0.03607	0.00272	0.00248
10	0.00415	0.00300	0.00392	0.00369	0.00438	0.00277	0.00277	0.00553	0.00830	0.01176	0.87712	0.02190	0.02767	0.00599	0.00346	0.00092	0.00138	0.00530	0.00323	0.00277
11	0.00357	0.00255	0.00340	0.00408	0.00425	0.00238	0.00272	0.00408	0.00561	0.00748	0.01616	0.89504	0.01939	0.00919	0.00374	0.00119	0.00170	0.00834	0.00272	0.00238
12	0.00354	0.00297	0.00307	0.00305	0.00400	0.00251	0.00228	0.00435	0.00685	0.00832	0.11842	0.02756	0.78851	0.00728	0.00346	0.00098	0.00147	0.00610	0.00278	0.00251
13	0.01316	0.00499	0.00680	0.00522	0.00748	0.00431	0.00431	0.01429	0.00839	0.88070	0.01157	0.00998	0.00726	0.00363	0.00295	0.00091	0.00249	0.00295	0.00363	0.00499
14	0.00748	0.00555	0.00606	0.00537	0.00700	0.00607	0.00420	0.01351	0.60584	0.13286	0.03758	0.01356	0.13310	0.00447	0.00306	0.00098	0.00220	0.00373	0.00304	0.00433
15	0.01095	0.01397	0.00831	0.00755	0.00906	0.88519	0.00567	0.01171	0.00831	0.00718	0.00453	0.00529	0.00378	0.00302	0.00264	0.00076	0.00529	0.00189	0.00151	0.00340
16	0.00608	0.00521	0.00608	0.00434	0.00695	0.00391	0.00347	0.00738	0.00608	0.00955	0.00521	0.00608	0.00434	0.00217	0.00217	0.00043	0.00217	0.00174	0.00174	0.91488
17	0.00426	0.00284	0.00320	0.00320	0.00320	0.00284	0.00178	0.00426	0.00426	0.00569	0.00924	0.01919	0.01066	0.89696	0.01492	0.00284	0.00284	0.00426	0.00178	0.00178
18	0.00834	0.39445	0.05897	0.00774	0.01045	0.00867	0.30075	0.00996	0.00672	0.15833	0.00606	0.00679	0.00460	0.00270	0.00265	0.00081	0.00371	0.00248	0.00174	0.00407
19	0.00683	0.06269	0.03220	0.45920	0.23920	0.09889	0.02795	0.02374	0.00651	0.00824	0.00520	0.00716	0.00410	0.00283	0.00284	0.00090	0.00392	0.00248	0.00139	0.00374
20	0.00475	0.00405	0.00452	0.00468	0.04265	0.07571	0.00332	0.00594	0.00770	0.01028	0.54125	0.10808	0.11544	0.00619	0.00343	0.00096	0.00191	0.05344	0.00287	0.00283
21	0.00722	0.64030	0.15770	0.00544	0.00815	0.00980	0.00571	0.00855	0.00593	0.00746	0.00459	0.00569	0.00410	0.04124	0.00262	0.00076	0.00324	0.00180	0.00131	0.07839
22	0.03943	0.00957	0.20967	0.00962	0.01227	0.08340	0.40765	0.01999	0.00662	0.02025	0.00646	0.00790	0.04194	0.00315	0.00389	0.00098	0.10888	0.00296	0.00152	0.00384

[dist]
# distance from previous block
# <min> <max>
0	19

[block]
# block no. 4 follows, 99 sequences, length 14
# corresponding to MSA columns:
# 170-183
name=unknown_E
#
# <colnr> <probs for GDERKNQSTAVLIFYWHMCP>
#	G	D	E	R	K	N	Q	S	T	A	V	L	I	F	Y	W	H	M	C	P
0	0.00366	0.00262	0.00353	0.00411	0.00431	0.00253	0.00278	0.00421	0.00547	0.00735	0.01506	0.77302	0.01785	0.04373	0.09319	0.00161	0.00237	0.00766	0.00257	0.00238
1	0.00419	0.00314	0.00471	0.00471	0.00524	0.00367	0.00367	0.00524	0.00471	0.00681	0.00785	0.01152	0.00733	0.02199	0.88534	0.00471	0.00785	0.00314	0.00157	0.00262
2	0.08136	0.07542	0.00848	0.00624	0.00839	0.04375	0.00514	0.52285	0.17137	0.03657	0.00750	0.00741	0.00549	0.00345	0.00276	0.00088	0.00304	0.00258	0.00269	0.00462
3	0.00793	0.12778	0.01198	0.08734	0.02252	0.09311	0.27706	0.16168	0.00785	0.01023	0.00550	0.00675	0.00431	0.00280	0.00304	0.00083	0.03323	0.00255	0.00172	0.13180
4	0.00676	0.40115	0.22202	0.07391	0.04455	0.00906	0.00695	0.00837	0.00575	0.00764	0.00467	0.00602	0.00400	0.00404	0.05028	0.00105	0.13667	0.00207	0.00128	0.00375
5	0.00447	0.00351	0.00470	0.11446	0.00710	0.00354	0.00424	0.00589	0.02876	0.00874	0.10375	0.05424	0.23831	0.00700	0.00366	0.00115	0.00236	0.39875	0.00259	0.00276
6	0.00361	0.00300	0.00318	0.00321	0.00415	0.00257	0.00246	0.00445	0.00681	0.00828	0.09362	0.02810	0.74696	0.00737	0.00351	0.00101	0.00157	0.07087	0.00276	0.00251
7	0.00668	0.00773	0.05580	0.04029	0.08205	0.00701	0.66569	0.00903	0.00682	0.00929	0.00660	0.00975	0.00539	0.00295	0.00341	0.00100	0.00459	0.07044	0.00156	0.00391
8	0.00938	0.00655	0.07456	0.18694	0.14157	0.03877	0.01886	0.06034	0.00761	0.36432	0.00852	0.04563	0.00624	0.00351	0.00297	0.00093	0.00322	0.01330	0.00245	0.00433
9	0.00419	0.00314	0.00471	0.00471	0.00524	0.00367	0.00367	0.00524	0.00471	0.00681	0.00785	0.01152	0.00733	0.02199	0.88534	0.00471	0.00785	0.00314	0.00157	0.00262
10	0.01140	0.00578	0.00733	0.00574	0.00783	0.00562	0.02920	0.25507	0.02353	0.51312	0.01045	0.07873	0.00758	0.02044	0.00324	0.00096	0.00271	0.00333	0.00325	0.00469
11	0.40062	0.01916	0.00756	0.07273	0.06432	0.08569	0.08644	0.10671	0.02804	0.01171	0.00517	0.00622	0.00406	0.01587	0.00257	0.00089	0.00312	0.00215	0.00184	0.07514
12	0.00725	0.00641	0.00992	0.09525	0.45893	0.00682	0.02844	0.10176	0.05319	0.03500	0.00735	0.07535	0.02400	0.00363	0.00353	0.00095	0.07296	0.00319	0.00185	0.00421
13	0.08147	0.03359	0.00809	0.46774	0.07203	0.02520	0.02779	0.01682	0.06431	0.00860	0.00723	0.01783	0.03710	0.00487	0.07212	0.00126	0.00379	0.03709	0.00968	0.00338

[dist]
# distance from previous block
# <min> <max>
0	14

[block]
# block no. 5 follows, 99 sequences, length 53
# corresponding to MSA columns:
# 198-250
name=unknown_F
#
# <colnr> <probs for GDERKNQSTAVLIFYWHMCP>
#	G	D	E	R	K	N	Q	S	T	A	V	L	I	F	Y	W	H	M	C	P
0	0.04950	0.00601	0.00892	0.62162	0.15534	0.05614	0.00773	0.00823	0.03218	0.00822	0.00550	0.01818	0.00432	0.00298	0.00287	0.00095	0.00377	0.00261	0.00143	0.00351
1	0.55476	0.11099	0.11933	0.00503	0.00724	0.10118	0.00470	0.00932	0.00577	0.05252	0.00464	0.00524	0.00357	0.00278	0.00209	0.00086	0.00297	0.00176	0.00173	0.00350
2	0.00653	0.12638	0.70468	0.00785	0.01176	0.04923	0.00970	0.03519	0.00649	0.00916	0.00513	0.00599	0.00376	0.00278	0.00267	0.00088	0.00419	0.00209	0.00130	0.00424
3	0.00451	0.00437	0.05968	0.00493	0.00568	0.04792	0.02319	0.00581	0.05496	0.00807	0.01491	0.58377	0.05254	0.00782	0.00360	0.00115	0.00227	0.10950	0.00255	0.00276
4	0.03231	0.27262	0.47721	0.00667	0.01009	0.00777	0.00785	0.00890	0.00617	0.02279	0.03032	0.00622	0.00453	0.00275	0.00245	0.00079	0.00360	0.00204	0.00140	0.09352
5	0.00608	0.00521	0.00608	0.00434	0.00695	0.00391	0.00347	0.00738	0.00608	0.00955	0.00521	0.00608	0.00434	0.00217	0.00217	0.00043	0.00217	0.00174	0.00174	0.91488
6	0.00641	0.00641	0.00898	0.00770	0.00770	0.00898	0.00641	0.00706	0.00449	0.00706	0.00385	0.00641	0.00385	0.00513	0.00962	0.00128	0.89159	0.00257	0.00128	0.00321
7	0.00360	0.00260	0.00341	0.00400	0.00424	0.00241	0.00270	0.00417	0.00583	0.00775	0.06550	0.79689	0.06826	0.00891	0.00371	0.00116	0.00167	0.00804	0.00275	0.00241
8	0.00426	0.00284	0.00320	0.00320	0.00320	0.00284	0.00178	0.00426	0.00426	0.00569	0.00924	0.01919	0.01066	0.89696	0.01492	0.00284	0.00284	0.00426	0.00178	0.00178
9	0.05900	0.00502	0.00668	0.00515	0.00739	0.00442	0.00425	0.01400	0.00822	0.83673	0.01119	0.00972	0.00705	0.00358	0.00289	0.00091	0.00248	0.00288	0.00354	0.00490
10	0.00348	0.00297	0.00299	0.00298	0.00397	0.00248	0.00224	0.00423	0.00671	0.00799	0.04520	0.02810	0.86193	0.00740	0.00347	0.00099	0.00148	0.00617	0.00273	0.00248
11	0.01305	0.00515	0.00691	0.00529	0.00757	0.00455	0.00437	0.05760	0.00867	0.83700	0.01134	0.00983	0.00714	0.00362	0.00295	0.00091	0.00253	0.00293	0.00359	0.00499
12	0.01465	0.07432	0.63998	0.03335	0.01246	0.00734	0.09906	0.03497	0.00639	0.00931	0.00524	0.00633	0.00384	0.00285	0.00305	0.00093	0.03812	0.00230	0.00132	0.00419
13	0.00701	0.33508	0.44007	0.00793	0.08550	0.06085	0.00826	0.00922	0.00627	0.00832	0.00481	0.00569	0.00382	0.00268	0.00246	0.00080	0.00388	0.00197	0.00128	0.00410
14	0.01316	0.00499	0.00680	0.00522	0.00748	0.00431	0.00431	0.01429	0.00839	0.88070	0.01157	0.00998	0.00726	0.00363	0.00295	0.00091	0.00249	0.00295	0.00363	0.00499
15	0.00433	0.00332	0.00487	0.00479	0.00525	0.00393	0.00371	0.00528	0.00467	0.00675	0.00770	0.01171	0.00734	0.07741	0.77704	0.00439	0.06018	0.00318	0.00157	0.00260
16	0.00655	0.05631	0.00924	0.61288	0.08860	0.03190	0.00751	0.08527	0.04688	0.00886	0.00568	0.00763	0.00433	0.00299	0.00285	0.00093	0.00371	0.00256	0.01170	0.00362
17	0.00504	0.00409	0.05433	0.05922	0.00640	0.00364	0.07815	0.00644	0.01999	0.00909	0.01061	0.22361	0.01042	0.08281	0.01117	0.00112	0.00234	0.04726	0.36142	0.00282
18	0.00463	0.00330	0.00461	0.00529	0.00592	0.00329	0.00455	0.00590	0.00665	0.00866	0.01558	0.10763	0.01709	0.00819	0.00402	0.00134	0.00261	0.78536	0.00270	0.00267
19	0.00629	0.02008	0.00872	0.06269	0.45137	0.00576	0.00648	0.05715	0.04389	0.01001	0.12918	0.08244	0.09513	0.00420	0.00309	0.00092	0.00281	0.00381	0.00206	0.00392
20	0.00787	0.03551	0.04769	0.11850	0.07782	0.23727	0.06795	0.02968	0.09734	0.05605	0.00792	0.05003	0.04182	0.00388	0.00352	0.00094	0.07807	0.03255	0.00189	0.00370
21	0.01551	0.54314	0.11203	0.03328	0.03452	0.06102	0.06327	0.07130	0.02640	0.00846	0.00483	0.00560	0.00403	0.00269	0.00229	0.00074	0.00353	0.00196	0.00145	0.00393
22	0.22633	0.03546	0.07733	0.02421	0.26772	0.07196	0.02767	0.07389	0.01405	0.01749	0.00533	0.00657	0.01383	0.00329	0.00999	0.00096	0.11602	0.00231	0.00165	0.00392
23	0.00727	0.00843	0.15764	0.07436	0.26619	0.04739	0.24908	0.00943	0.01565	0.08016	0.00731	0.00853	0.04884	0.00298	0.00306	0.00093	0.00396	0.00296	0.00167	0.00416
24	0.01092	0.02547	0.00843	0.00748	0.00905	0.82914	0.00565	0.05511	0.00856	0.00775	0.00465	0.00537	0.00384	0.00304	0.00265	0.00076	0.00515	0.00192	0.00158	0.00348
25	0.00692	0.00791	0.01730	0.01236	0.01532	0.00741	0.86802	0.00939	0.00692	0.00939	0.00593	0.00791	0.00445	0.00247	0.00346	0.00099	0.00494	0.00346	0.00148	0.00395
26	0.00779	0.00654	0.00691	0.00607	0.00781	0.00752	0.00476	0.12496	0.76318	0.01306	0.01131	0.01044	0.00844	0.00392	0.00298	0.00098	0.00244	0.00323	0.00298	0.00469
27	0.00349	0.00297	0.00301	0.00300	0.00398	0.00249	0.00225	0.00426	0.00675	0.00808	0.06424	0.02796	0.84284	0.00737	0.00347	0.00099	0.00148	0.00615	0.00274	0.00249
28	0.00395	0.00299	0.00364	0.00348	0.00426	0.00268	0.00261	0.00514	0.00782	0.01063	0.62760	0.02376	0.27789	0.00642	0.00346	0.00094	0.00141	0.00556	0.00308	0.00268
29	0.00413	0.00300	0.00389	0.00367	0.00437	0.00276	0.00275	0.00550	0.00825	0.01165	0.85317	0.02208	0.05169	0.00603	0.00346	0.00092	0.00139	0.00533	0.00321	0.00276
30	0.01115	0.00821	0.00880	0.00675	0.00909	0.00909	0.00557	0.86889	0.01379	0.01848	0.00704	0.00704	0.00499	0.00352	0.00293	0.00088	0.00323	0.00264	0.00293	0.00499
31	0.91767	0.00567	0.00431	0.00386	0.00567	0.00658	0.00318	0.00862	0.00499	0.01316	0.00408	0.00476	0.00318	0.00272	0.00181	0.00091	0.00227	0.00159	0.00181	0.00318
32	0.00588	0.01517	0.88176	0.00836	0.01269	0.00681	0.01083	0.00929	0.00619	0.00929	0.00526	0.00619	0.00371	0.00279	0.00279	0.00093	0.00433	0.00217	0.00124	0.00433
33	0.01115	0.00821	0.00880	0.00675	0.00909	0.00909	0.00557	0.86889	0.01379	0.01848	0.00704	0.00704	0.00499	0.00352	0.00293	0.00088	0.00323	0.00264	0.00293	0.00499
34	0.91767	0.00567	0.00431	0.00386	0.00567	0.00658	0.00318	0.00862	0.00499	0.01316	0.00408	0.00476	0.00318	0.00272	0.00181	0.00091	0.00227	0.00159	0.00181	0.00318
35	0.01304	0.00517	0.00692	0.00530	0.00758	0.00458	0.00438	0.06251	0.00870	0.83205	0.01131	0.00981	0.00713	0.00362	0.00295	0.00091	0.00254	0.00293	0.00359	0.00499
36	0.91767	0.00567	0.00431	0.00386	0.00567	0.00658	0.00318	0.00862	0.00499	0.01316	0.00408	0.00476	0.00318	0.00272	0.00181	0.00091	0.00227	0.00159	0.00181	0.00318
37	0.00726	0.00697	0.01190	0.01800	0.87867	0.00697	0.00900	0.00900	0.00668	0.00958	0.00552	0.00726	0.00464	0.00261	0.00290	0.00087	0.00348	0.00261	0.00145	0.00464
38	0.00729	0.00630	0.00663	0.00597	0.00762	0.00729	0.00464	0.01558	0.87337	0.01227	0.01193	0.01094	0.00895	0.00398	0.00298	0.00099	0.00232	0.00331	0.00298	0.00464
39	0.00415	0.00300	0.00392	0.00369	0.00438	0.00277	0.00277	0.00553	0.00830	0.01176	0.87712	0.02190	0.02767	0.00599	0.00346	0.00092	0.00138	0.00530	0.00323	0.00277
40	0.01103	0.00816	0.00874	0.00672	0.00905	0.00904	0.00555	0.84409	0.03877	0.01830	0.00718	0.00715	0.00510	0.00353	0.00293	0.00088	0.00320	0.00266	0.00293	0.00498
41	0.01316	0.00499	0.00680	0.00522	0.00748	0.00431	0.00431	0.01429	0.00839	0.88070	0.01157	0.00998	0.00726	0.00363	0.00295	0.00091	0.00249	0.00295	0.00363	0.00499
42	0.00726	0.00697	0.01190	0.01800	0.87867	0.00697	0.00900	0.00900	0.00668	0.00958	0.00552	0.00726	0.00464	0.00261	0.00290	0.00087	0.00348	0.00261	0.00145	0.00464
43	0.00419	0.00314	0.00469	0.00469	0.00520	0.00365	0.00363	0.00522	0.00470	0.00679	0.00788	0.01164	0.00738	0.03604	0.87136	0.00468	0.00777	0.00316	0.00157	0.00260
44	0.00347	0.00295	0.00299	0.00302	0.00397	0.00247	0.00225	0.00420	0.00663	0.00790	0.02906	0.06941	0.83669	0.00751	0.00348	0.00100	0.00150	0.00629	0.00272	0.00247
45	0.00472	0.00337	0.00472	0.00540	0.00607	0.00337	0.00472	0.00607	0.00675	0.00877	0.01552	0.03307	0.01687	0.00810	0.00405	0.00135	0.00270	0.85893	0.00270	0.00270
46	0.00554	0.00521	0.00879	0.88991	0.02019	0.00651	0.00814	0.00749	0.00586	0.00749	0.00521	0.00782	0.00391	0.00293	0.00293	0.00098	0.00391	0.00261	0.00130	0.00326
47	0.00420	0.00311	0.00454	0.00454	0.00500	0.00357	0.00345	0.00512	0.00466	0.00668	0.00801	0.01239	0.00771	0.12183	0.78602	0.00450	0.00728	0.00327	0.00159	0.00252
48	0.00422	0.00283	0.00323	0.00329	0.00331	0.00282	0.00188	0.00428	0.00439	0.00585	0.00979	0.07889	0.01134	0.82469	0.01402	0.00271	0.00276	0.01602	0.00185	0.00183
49	0.01282	0.00506	0.00679	0.00526	0.00749	0.00448	0.00433	0.01436	0.05719	0.83170	0.01159	0.01003	0.00735	0.00365	0.00295	0.00091	0.00249	0.00297	0.00359	0.00497
50	0.01015	0.00817	0.04987	0.00667	0.00898	0.00864	0.00564	0.66366	0.17900	0.01684	0.00790	0.00775	0.00569	0.00357	0.00294	0.00090	0.00310	0.00275	0.00286	0.00489
51	0.00403	0.00294	0.00375	0.00366	0.00431	0.00269	0.00270	0.00524	0.00778	0.01083	0.67532	0.13174	0.11013	0.00650	0.00348	0.00096	0.00143	0.00574	0.01409	0.00269
52	0.01585	0.15840	0.49851	0.00865	0.01997	0.00783	0.18754	0.00910	0.00621	0.00884	0.00512	0.00631	0.00388	0.00279	0.00311	0.00091	0.04920	0.00236	0.00130	0.00409

[dist]
# distance from previous block
# <min> <max>
8	51

[block]
# block no. 6 follows, 99 sequences, length 43
# corresponding to MSA columns:
# 302-344
name=unknown_G
#
# <colnr> <probs for GDERKNQSTAVLIFYWHMCP>
#	G	D	E	R	K	N	Q	S	T	A	V	L	I	F	Y	W	H	M	C	P
0	0.00645	0.23674	0.44493	0.04040	0.02546	0.00797	0.08754	0.00904	0.03559	0.00861	0.00621	0.00712	0.03972	0.00299	0.00286	0.00087	0.02973	0.00237	0.00139	0.00402
1	0.00538	0.00449	0.00488	0.00452	0.00574	0.00474	0.00347	0.00972	0.40086	0.01090	0.24385	0.01871	0.26003	0.00548	0.00324	0.00097	0.00184	0.00465	0.00297	0.00354
2	0.00588	0.01517	0.88176	0.00836	0.01269	0.00681	0.01083	0.00929	0.00619	0.00929	0.00526	0.00619	0.00371	0.00279	0.00279	0.00093	0.00433	0.00217	0.00124	0.00433
3	0.00708	0.02950	0.17840	0.08038	0.37751	0.01814	0.16713	0.07037	0.00711	0.00992	0.02311	0.00741	0.00483	0.00278	0.00297	0.00091	0.00390	0.00271	0.00154	0.00430
4	0.02508	0.00737	0.03532	0.12953	0.30959	0.00711	0.42402	0.00899	0.00664	0.00928	0.00564	0.00757	0.00440	0.00259	0.00315	0.00094	0.00424	0.00299	0.00145	0.00409
5	0.00347	0.00297	0.00297	0.00297	0.00396	0.00248	0.00223	0.00421	0.00668	0.00792	0.02970	0.02822	0.87748	0.00743	0.00347	0.00099	0.00149	0.00619	0.00272	0.00248
6	0.00357	0.00255	0.00340	0.00408	0.00425	0.00238	0.00272	0.00408	0.00561	0.00748	0.01616	0.89504	0.01939	0.00919	0.00374	0.00119	0.00170	0.00834	0.00272	0.00238
7	0.01316	0.00499	0.00680	0.00522	0.00748	0.00431	0.00431	0.01429	0.00839	0.88070	0.01157	0.00998	0.00726	0.00363	0.00295	0.00091	0.00249	0.00295	0.00363	0.00499
8	0.00729	0.00630	0.00663	0.00597	0.00762	0.00729	0.00464	0.01558	0.87337	0.01227	0.01193	0.01094	0.00895	0.00398	0.00298	0.00099	0.00232	0.00331	0.00298	0.00464
9	0.01095	0.01397	0.00831	0.00755	0.00906	0.88519	0.00567	0.01171	0.00831	0.00718	0.00453	0.00529	0.00378	0.00302	0.00264	0.00076	0.00529	0.00189	0.00151	0.00340
10	0.00608	0.00521	0.00608	0.00434	0.00695	0.00391	0.00347	0.00738	0.00608	0.00955	0.00521	0.00608	0.00434	0.00217	0.00217	0.00043	0.00217	0.00174	0.00174	0.91488
11	0.00348	0.00296	0.00300	0.00301	0.00398	0.00248	0.00225	0.00423	0.00669	0.00799	0.04644	0.04778	0.84090	0.00744	0.00347	0.00099	0.00149	0.00622	0.00273	0.00248
12	0.00473	0.00342	0.00470	0.00533	0.00601	0.00344	0.00459	0.00625	0.03456	0.00880	0.01545	0.08878	0.01678	0.00804	0.00400	0.00133	0.00262	0.77572	0.00271	0.00274
13	0.00588	0.01517	0.88176	0.00836	0.01269	0.00681	0.01083	0.00929	0.00619	0.00929	0.00526	0.00619	0.00371	0.00279	0.00279	0.00093	0.00433	0.00217	0.00124	0.00433
14	0.01295	0.00532	0.00701	0.00537	0.00765	0.00479	0.00444	0.10098	0.00894	0.79324	0.01111	0.00968	0.00703	0.00362	0.00295	0.00090	0.00257	0.00292	0.00356	0.00499
15	0.00426	0.00284	0.00320	0.00320	0.00320	0.00284	0.00178	0.00426	0.00426	0.00569	0.00924	0.01919	0.01066	0.89696	0.01492	0.00284	0.00284	0.00426	0.00178	0.00178
16	0.91767	0.00567	0.00431	0.00386	0.00567	0.00658	0.00318	0.00862	0.00499	0.01316	0.00408	0.00476	0.00318	0.00272	0.00181	0.00091	0.00227	0.00159	0.00181	0.00318
17	0.01095	0.01397	0.00831	0.00755	0.00906	0.88519	0.00567	0.01171	0.00831	0.00718	0.00453	0.00529	0.00378	0.00302	0.00264	0.00076	0.00529	0.00189	0.00151	0.00340
18	0.01316	0.00499	0.00680	0.00522	0.00748	0.00431	0.00431	0.01429	0.00839	0.88070	0.01157	0.00998	0.00726	0.00363	0.00295	0.00091	0.00249	0.00295	0.00363	0.00499
19	0.00726	0.00697	0.01190	0.01800	0.87867	0.00697	0.00900	0.00900	0.00668	0.00958	0.00552	0.00726	0.00464	0.00261	0.00290	0.00087	0.00348	0.00261	0.00145	0.00464
20	0.00729	0.00630	0.00663	0.00597	0.00762	0.00729	0.00464	0.01558	0.87337	0.01227	0.01193	0.01094	0.00895	0.00398	0.00298	0.00099	0.00232	0.00331	0.00298	0.00464
21	0.00685	0.00581	0.00619	0.00562	0.00714	0.00658	0.00437	0.04176	0.70246	0.01191	0.04795	0.04894	0.06537	0.00456	0.00308	0.00100	0.00224	0.02091	0.00296	0.00431
22	0.00554	0.00521	0.00879	0.88991	0.02019	0.00651	0.00814	0.00749	0.00586	0.00749	0.00521	0.00782	0.00391	0.00293	0.00293	0.00098	0.00391	0.00261	0.00130	0.00326
23	0.01095	0.01397	0.00831	0.00755	0.00906	0.88519	0.00567	0.01171	0.00831	0.00718	0.00453	0.00529	0.00378	0.00302	0.00264	0.00076	0.00529	0.00189	0.00151	0.00340
24	0.00784	0.89872	0.01536	0.00502	0.00753	0.01160	0.00502	0.00878	0.00596	0.00690	0.00408	0.00470	0.00376	0.00251	0.00188	0.00063	0.00314	0.00157	0.00125	0.00376
25	0.01095	0.01397	0.00831	0.00755	0.00906	0.88519	0.00567	0.01171	0.00831	0.00718	0.00453	0.00529	0.00378	0.00302	0.00264	0.00076	0.00529	0.00189	0.00151	0.00340
26	0.01115	0.00821	0.00880	0.00675	0.00909	0.00909	0.00557	0.86889	0.01379	0.01848	0.00704	0.00704	0.00499	0.00352	0.00293	0.00088	0.00323	0.00264	0.00293	0.00499
27	0.01115	0.00821	0.00880	0.00675	0.00909	0.00909	0.00557	0.86889	0.01379	0.01848	0.00704	0.00704	0.00499	0.00352	0.00293	0.00088	0.00323	0.00264	0.00293	0.00499
28	0.00554	0.00521	0.00879	0.88991	0.02019	0.00651	0.00814	0.00749	0.00586	0.00749	0.00521	0.00782	0.00391	0.00293	0.00293	0.00098	0.00391	0.00261	0.00130	0.00326
29	0.00426	0.00284	0.00320	0.00320	0.00320	0.00284	0.00178	0.00426	0.00426	0.00569	0.00924	0.01919	0.01066	0.89696	0.01492	0.00284	0.00284	0.00426	0.00178	0.00178
30	0.91767	0.00567	0.00431	0.00386	0.00567	0.00658	0.00318	0.00862	0.00499	0.01316	0.00408	0.00476	0.00318	0.00272	0.00181	0.00091	0.00227	0.00159	0.00181	0.00318
31	0.00726	0.00697	0.01190	0.01800	0.87867	0.00697	0.00900	0.00900	0.00668	0.00958	0.00552	0.00726	0.00464	0.00261	0.00290	0.00087	0.00348	0.00261	0.00145	0.00464
32	0.00419	0.00314	0.00471	0.00471	0.00524	0.00367	0.00367	0.00524	0.00471	0.00681	0.00785	0.01152	0.00733	0.02199	0.88534	0.00471	0.00785	0.00314	0.00157	0.00262
33	0.00357	0.00256	0.00339	0.00406	0.00425	0.00238	0.00271	0.00409	0.00564	0.00749	0.01645	0.87645	0.03780	0.00915	0.00374	0.00119	0.00170	0.00829	0.00272	0.00238
34	0.00628	0.01308	0.64620	0.02508	0.01331	0.00689	0.20837	0.00939	0.00640	0.02963	0.00556	0.00670	0.00397	0.00274	0.00295	0.00094	0.00442	0.00249	0.00135	0.00424
35	0.00347	0.00297	0.00297	0.00297	0.00396	0.00248	0.00223	0.00421	0.00668	0.00792	0.02970	0.02822	0.87748	0.00743	0.00347	0.00099	0.00149	0.00619	0.00272	0.00248
36	0.00410	0.00304	0.00381	0.00435	0.00469	0.01608	0.00306	0.04015	0.00611	0.00806	0.01577	0.75127	0.03243	0.00873	0.00372	0.00118	0.00191	0.08629	0.00271	0.00254
37	0.00424	0.00283	0.00321	0.00323	0.00324	0.00282	0.00182	0.00426	0.00432	0.00576	0.00952	0.05500	0.01102	0.86066	0.01447	0.00278	0.00280	0.00443	0.00182	0.00180
38	0.00815	0.75193	0.04991	0.00547	0.00793	0.12067	0.00534	0.00917	0.00626	0.00703	0.00418	0.00484	0.00376	0.00258	0.00201	0.00066	0.00345	0.00163	0.00129	0.00374
39	0.05252	0.11397	0.13500	0.01143	0.37262	0.09026	0.02985	0.08112	0.02503	0.03491	0.02305	0.00694	0.00490	0.00287	0.00272	0.00085	0.00360	0.00241	0.00167	0.00429
40	0.01876	0.19849	0.14185	0.00903	0.17841	0.28409	0.00691	0.08588	0.02354	0.00906	0.00508	0.00595	0.00413	0.00288	0.00266	0.00080	0.01481	0.00210	0.00156	0.00402
41	0.00694	0.00578	0.00672	0.00661	0.07955	0.00641	0.00475	0.05198	0.52152	0.03294	0.08983	0.03302	0.04910	0.00438	0.00333	0.00098	0.03869	0.02300	0.00276	0.03172
42	0.00944	0.06401	0.02087	0.02850	0.04621	0.04504	0.02493	0.41749	0.13586	0.08609	0.08445	0.00897	0.00755	0.00364	0.00292	0.00089	0.00304	0.00291	0.00270	0.00451

[dist]
# distance from previous block
# <min> <max>
0	9

[block]
# block no. 7 follows, 99 sequences, length 31
# corresponding to MSA columns:
# 354-384
name=unknown_H
#
# <colnr> <probs for GDERKNQSTAVLIFYWHMCP>
#	G	D	E	R	K	N	Q	S	T	A	V	L	I	F	Y	W	H	M	C	P
0	0.00347	0.00297	0.00297	0.00297	0.00396	0.00248	0.00223	0.00421	0.00668	0.00792	0.02970	0.02822	0.87748	0.00743	0.00347	0.00099	0.00149	0.00619	0.00272	0.00248
1	0.00421	0.00351	0.00420	0.06261	0.06664	0.00326	0.00322	0.01863	0.01704	0.00877	0.11039	0.02330	0.60220	0.00633	0.00330	0.00096	0.00181	0.00534	0.05151	0.00279
2	0.91767	0.00567	0.00431	0.00386	0.00567	0.00658	0.00318	0.00862	0.00499	0.01316	0.00408	0.00476	0.00318	0.00272	0.00181	0.00091	0.00227	0.00159	0.00181	0.00318
3	0.01285	0.00548	0.00711	0.00545	0.00773	0.00503	0.00450	0.14374	0.00921	0.75009	0.01088	0.00953	0.00691	0.00361	0.00295	0.00090	0.00261	0.00290	0.00352	0.00499
4	0.00663	0.00635	0.00983	0.45663	0.26272	0.03938	0.04640	0.03530	0.09061	0.00896	0.00601	0.00785	0.00466	0.00294	0.00294	0.00094	0.00371	0.00269	0.00157	0.00388
5	0.00356	0.00299	0.00310	0.00312	0.00407	0.00253	0.00236	0.00437	0.00680	0.00822	0.08727	0.02798	0.78535	0.00735	0.00349	0.00100	0.00153	0.03966	0.00276	0.00250
6	0.00573	0.00619	0.07554	0.73049	0.07885	0.00660	0.03997	0.00780	0.00598	0.00784	0.00526	0.00766	0.00396	0.00288	0.00294	0.00097	0.00395	0.00260	0.00131	0.00346
7	0.00729	0.00630	0.00663	0.00597	0.00762	0.00729	0.00464	0.01558	0.87337	0.01227	0.01193	0.01094	0.00895	0.00398	0.00298	0.00099	0.00232	0.00331	0.00298	0.00464
8	0.00419	0.00313	0.00468	0.00468	0.00519	0.00365	0.00362	0.00521	0.00470	0.00678	0.00789	0.01170	0.00741	0.04319	0.86425	0.00467	0.00773	0.00317	0.00158	0.00260
9	0.00357	0.00255	0.00340	0.00408	0.00425	0.00238	0.00272	0.00408	0.00561	0.00748	0.01616	0.89504	0.01939	0.00919	0.00374	0.00119	0.00170	0.00834	0.00272	0.00238
10	0.00357	0.00255	0.00340	0.00408	0.00425	0.00238	0.00272	0.00408	0.00561	0.00748	0.01616	0.89504	0.01939	0.00919	0.00374	0.00119	0.00170	0.00834	0.00272	0.00238
11	0.00588	0.01517	0.88176	0.00836	0.01269	0.00681	0.01083	0.00929	0.00619	0.00929	0.00526	0.00619	0.00371	0.00279	0.00279	0.00093	0.00433	0.00217	0.00124	0.00433
12	0.00592	0.00560	0.00949	0.69565	0.21146	0.00662	0.00833	0.00783	0.00604	0.00796	0.00528	0.00769	0.00407	0.00286	0.00293	0.00095	0.00381	0.00261	0.00134	0.00357
13	0.01115	0.00821	0.00880	0.00675	0.00909	0.00909	0.00557	0.86889	0.01379	0.01848	0.00704	0.00704	0.00499	0.00352	0.00293	0.00088	0.00323	0.00264	0.00293	0.00499
14	0.00554	0.00521	0.00879	0.88991	0.02019	0.00651	0.00814	0.00749	0.00586	0.00749	0.00521	0.00782	0.00391	0.00293	0.00293	0.00098	0.00391	0.00261	0.00130	0.00326
15	0.00357	0.00255	0.00340	0.00408	0.00425	0.00238	0.00272	0.00408	0.00561	0.00748	0.01616	0.89504	0.01939	0.00919	0.00374	0.00119	0.00170	0.00834	0.00272	0.00238
16	0.00411	0.00300	0.00387	0.00365	0.00436	0.00275	0.00274	0.00546	0.00822	0.01156	0.83298	0.02223	0.07193	0.00607	0.00346	0.00093	0.00139	0.00535	0.00320	0.00275
17	0.00475	0.00349	0.00436	0.00420	0.00457	0.00386	0.00293	0.03741	0.05718	0.00700	0.00863	0.01505	0.00891	0.46673	0.32252	0.00326	0.03723	0.00369	0.00180	0.00242
18	0.00689	0.00782	0.01680	0.01208	0.01486	0.00751	0.81608	0.00925	0.00677	0.00925	0.00581	0.00782	0.00441	0.00263	0.00383	0.00101	0.05839	0.00341	0.00147	0.00391
19	0.00631	0.00524	0.00650	0.00469	0.00720	0.00404	0.04217	0.00761	0.00614	0.04138	0.00563	0.00679	0.00469	0.03537	0.00273	0.00057	0.00233	0.00195	0.00180	0.80686
20	0.00757	0.01674	0.16669	0.04186	0.22363	0.00624	0.06690	0.10526	0.03385	0.09964	0.05906	0.01690	0.00635	0.00310	0.00286	0.00084	0.00325	0.00273	0.00200	0.13453
21	0.06306	0.01646	0.00679	0.00579	0.00750	0.10202	0.00457	0.18810	0.39425	0.03976	0.03287	0.01108	0.09755	0.00410	0.00298	0.00093	0.01205	0.00323	0.00271	0.00420
22	0.00588	0.01517	0.88176	0.00836	0.01269	0.00681	0.01083	0.00929	0.00619	0.00929	0.00526	0.00619	0.00371	0.00279	0.00279	0.00093	0.00433	0.00217	0.00124	0.00433
23	0.00554	0.00521	0.00879	0.88991	0.02019	0.00651	0.00814	0.00749	0.00586	0.00749	0.00521	0.00782	0.00391	0.00293	0.00293	0.00098	0.00391	0.00261	0.00130	0.00326
24	0.01095	0.01397	0.00831	0.00755	0.00906	0.88519	0.00567	0.01171	0.00831	0.00718	0.00453	0.00529	0.00378	0.00302	0.00264	0.00076	0.00529	0.00189	0.00151	0.00340
25	0.00425	0.00323	0.00482	0.00479	0.00530	0.00381	0.00374	0.00528	0.00471	0.00681	0.00775	0.01138	0.00724	0.02154	0.86221	0.00462	0.03120	0.00313	0.00156	0.00263
26	0.00641	0.00641	0.00898	0.00770	0.00770	0.00898	0.00641	0.00706	0.00449	0.00706	0.00385	0.00641	0.00385	0.00513	0.00962	0.00128	0.89159	0.00257	0.00128	0.00321
27	0.00351	0.00297	0.00303	0.00301	0.00399	0.00249	0.00226	0.00429	0.00678	0.00815	0.08079	0.02784	0.82625	0.00734	0.00346	0.00099	0.00148	0.00613	0.00275	0.00249
28	0.00426	0.00284	0.00320	0.00320	0.00320	0.00284	0.00178	0.00426	0.00426	0.00569	0.00924	0.01919	0.01066	0.89696	0.01492	0.00284	0.00284	0.00426	0.00178	0.00178
29	0.00427	0.00326	0.00487	0.00482	0.00533	0.00386	0.00377	0.00530	0.00470	0.00682	0.00771	0.01133	0.00720	0.02137	0.85320	0.00459	0.04028	0.00312	0.00156	0.00264
30	0.00692	0.00791	0.01730	0.01236	0.01532	0.00741	0.86802	0.00939	0.00692	0.00939	0.00593	0.00791	0.00445	0.00247	0.00346	0.00099	0.00494	0.00346	0.00148	0.00395

[dist]
# distance from previous block
# <min> <max>
0	122

[block]
# block no. 8 follows, 99 sequences, length 51
# corresponding to MSA columns:
# 508-558
name=unknown_I
#
# <colnr> <probs for GDERKNQSTAVLIFYWHMCP>
#	G	D	E	R	K	N	Q	S	T	A	V	L	I	F	Y	W	H	M	C	P
0	0.00416	0.00312	0.00333	0.00336	0.00421	0.00288	0.00249	0.00558	0.06975	0.00901	0.09222	0.14441	0.47556	0.00661	0.00322	0.00096	0.00155	0.00561	0.15929	0.00269
1	0.00559	0.00455	0.00514	0.00477	0.00591	0.00490	0.00364	0.01019	0.42295	0.01153	0.36272	0.07638	0.05906	0.00531	0.00325	0.00098	0.00186	0.00460	0.00305	0.00363
2	0.00713	0.00749	0.07106	0.03253	0.80477	0.00695	0.00911	0.00899	0.00663	0.00952	0.00549	0.00719	0.00457	0.00263	0.00290	0.00088	0.00355	0.00258	0.00143	0.00460
3	0.00706	0.00677	0.01155	0.11611	0.78206	0.00692	0.00890	0.00883	0.00658	0.00934	0.00548	0.00732	0.00456	0.00265	0.00291	0.00088	0.00353	0.00261	0.00143	0.00449
4	0.00683	0.00823	0.07079	0.01197	0.04218	0.00747	0.72820	0.00921	0.00670	0.00923	0.00573	0.00768	0.00437	0.00268	0.00382	0.00100	0.06521	0.00329	0.00145	0.00395
5	0.00347	0.00295	0.00299	0.00301	0.00397	0.00247	0.00225	0.00420	0.00664	0.00790	0.02916	0.06283	0.84321	0.00750	0.00348	0.00100	0.00149	0.00627	0.00272	0.00247
6	0.00687	0.00626	0.00623	0.01888	0.05019	0.10744	0.00438	0.09630	0.33509	0.01120	0.14798	0.01460	0.17291	0.00470	0.00310	0.00094	0.00253	0.00388	0.00270	0.00382
7	0.00723	0.00623	0.00657	0.00593	0.00756	0.00721	0.00461	0.01538	0.85806	0.01218	0.01201	0.02654	0.00913	0.00407	0.00300	0.00100	0.00231	0.00340	0.00298	0.00460
8	0.00565	0.00533	0.00901	0.83056	0.07863	0.00655	0.00820	0.00759	0.00592	0.00763	0.00523	0.00778	0.00396	0.00291	0.00293	0.00097	0.00388	0.00261	0.00131	0.00335
9	0.03850	0.00787	0.00821	0.00641	0.00858	0.04098	0.00523	0.70380	0.02964	0.06461	0.00731	0.00775	0.00537	0.04787	0.00349	0.00098	0.00320	0.00269	0.00283	0.00471
10	0.00602	0.07905	0.81912	0.00812	0.01232	0.00716	0.01041	0.00925	0.00617	0.00911	0.00518	0.00608	0.00372	0.00277	0.00272	0.00091	0.00425	0.00212	0.00124	0.00429
11	0.00733	0.00710	0.01134	0.04172	0.76781	0.03499	0.00857	0.00948	0.06505	0.00962	0.00591	0.00746	0.00489	0.00273	0.00290	0.00088	0.00347	0.00264	0.00155	0.00456
12	0.00347	0.00297	0.00297	0.00297	0.00396	0.00248	0.00223	0.00421	0.00668	0.00792	0.02970	0.02822	0.87748	0.00743	0.00347	0.00099	0.00149	0.00619	0.00272	0.00248
13	0.00502	0.00418	0.00469	0.00425	0.00523	0.07204	0.03161	0.00647	0.03503	0.03829	0.55646	0.02068	0.19318	0.00579	0.00336	0.00093	0.00189	0.00501	0.00294	0.00293
14	0.01031	0.00780	0.00833	0.00658	0.00878	0.00870	0.00537	0.68451	0.19952	0.01714	0.00810	0.00788	0.00584	0.00362	0.00294	0.00090	0.00303	0.00279	0.00294	0.00491
