[name]
unknown

[dist]
# distance from previous block
# <min> <max>
0	633

[block]
# block no. 0 follows, 79 sequences, length 35
# corresponding to MSA columns:
# 4426-4430,4434-4440,4459-4481
name=unknown_A
#
# <colnr> <probs for GDERKNQSTAVLIFYWHMCP>
#	G	D	E	R	K	N	Q	S	T	A	V	L	I	F	Y	W	H	M	C	P
0	0.00887	0.04432	0.03514	0.05912	0.46787	0.05554	0.06941	0.04290	0.04823	0.01124	0.00668	0.00860	0.00553	0.00369	0.00453	0.00112	0.11713	0.00314	0.00186	0.00510
1	0.00771	0.00771	0.01079	0.00925	0.00925	0.01079	0.00771	0.00848	0.00540	0.00848	0.00463	0.00771	0.00463	0.00617	0.01157	0.00154	0.86969	0.00308	0.00154	0.00386
2	0.00503	0.00378	0.00566	0.00566	0.00629	0.00441	0.00441	0.00629	0.00566	0.00818	0.00944	0.01385	0.00881	0.02643	0.86217	0.00566	0.00944	0.00378	0.00189	0.00315
3	0.01581	0.00600	0.00818	0.00627	0.00900	0.00518	0.00518	0.01718	0.01009	0.85660	0.01390	0.01200	0.00872	0.00436	0.00354	0.00109	0.00300	0.00354	0.00436	0.00600
4	0.82016	0.00674	0.00545	0.00478	0.00702	0.00766	0.00394	0.01098	0.00637	0.09262	0.00573	0.00630	0.00427	0.00337	0.00231	0.00109	0.00275	0.00206	0.00238	0.00402
5	0.00896	0.44115	0.17795	0.00957	0.14828	0.05622	0.00811	0.03215	0.03905	0.01001	0.00641	0.03589	0.00558	0.00350	0.00288	0.00093	0.00416	0.00263	0.00175	0.00483
6	0.00499	0.00360	0.00471	0.00443	0.00527	0.00333	0.00333	0.00665	0.00998	0.01413	0.85230	0.02633	0.03325	0.00721	0.00416	0.00111	0.00166	0.00637	0.00388	0.00333
7	0.00756	0.09058	0.70863	0.00978	0.02398	0.02130	0.02625	0.02507	0.03479	0.01118	0.00650	0.00752	0.00473	0.00338	0.00328	0.00108	0.00500	0.00263	0.00160	0.00516
8	0.00503	0.00378	0.00566	0.00566	0.00629	0.00441	0.00441	0.00629	0.00566	0.00818	0.00944	0.01385	0.00881	0.02643	0.86217	0.00566	0.00944	0.00378	0.00189	0.00315
9	0.01171	0.12449	0.01104	0.00849	0.02940	0.42705	0.01828	0.17339	0.08184	0.01175	0.00698	0.00807	0.00573	0.03991	0.00401	0.00107	0.02720	0.00273	0.00226	0.00459
10	0.00569	0.00444	0.00518	0.00481	0.00597	0.00438	0.00366	0.03340	0.14833	0.01350	0.51476	0.02522	0.20293	0.00708	0.00405	0.00114	0.00194	0.00611	0.00369	0.00370
11	0.00859	0.37778	0.30535	0.01666	0.02312	0.05736	0.02734	0.02448	0.06652	0.01025	0.00668	0.02278	0.00547	0.00349	0.00292	0.00096	0.00431	0.00259	0.02858	0.00478
12	0.54593	0.12666	0.01906	0.00630	0.02275	0.16024	0.02111	0.04279	0.00736	0.01355	0.00523	0.00608	0.00419	0.00333	0.00249	0.00101	0.00367	0.00209	0.00205	0.00411
13	0.00694	0.00367	0.00519	0.00516	0.00523	0.00356	0.00343	0.00523	0.00515	0.00694	0.00693	0.01177	0.00687	0.01267	0.01400	0.88682	0.00334	0.00332	0.00181	0.00198
14	0.00431	0.00311	0.00409	0.00487	0.00514	0.00289	0.00329	0.00496	0.00684	0.00905	0.02023	0.81542	0.06494	0.01091	0.00449	0.00142	0.00206	0.02583	0.00327	0.00288
15	0.03878	0.14353	0.13374	0.00954	0.01262	0.03757	0.20686	0.25533	0.02524	0.02401	0.00733	0.03017	0.00577	0.00386	0.00385	0.00108	0.05012	0.00325	0.00231	0.00503
16	0.00872	0.00837	0.01431	0.02163	0.85415	0.00837	0.01082	0.01082	0.00802	0.01151	0.00663	0.00872	0.00558	0.00314	0.00349	0.00105	0.00419	0.00314	0.00174	0.00558
17	0.01317	0.01680	0.00999	0.00908	0.01090	0.86199	0.00681	0.01407	0.00999	0.00863	0.00545	0.00636	0.00454	0.00363	0.00318	0.00091	0.00636	0.00227	0.00182	0.00409
18	0.00885	0.00832	0.01286	0.10839	0.61521	0.04096	0.00981	0.01183	0.10595	0.03208	0.00762	0.00930	0.00613	0.00342	0.00349	0.00107	0.00413	0.00321	0.00201	0.00536
19	0.00930	0.83295	0.06269	0.00624	0.00937	0.01364	0.00640	0.01059	0.00718	0.00844	0.00497	0.00575	0.00452	0.00303	0.00232	0.00077	0.00384	0.00192	0.00151	0.00456
20	0.00742	0.00631	0.00734	0.00528	0.00836	0.00483	0.00422	0.02952	0.00758	0.01180	0.02105	0.00767	0.00573	0.00273	0.00266	0.00055	0.00263	0.00219	0.00215	0.85999
21	0.00447	0.00326	0.00423	0.00476	0.00519	0.00301	0.00332	0.00536	0.00755	0.01012	0.18531	0.59960	0.09912	0.01005	0.00442	0.00135	0.00199	0.04053	0.00339	0.00298
22	0.01371	0.01396	0.01069	0.00914	0.01138	0.46538	0.00706	0.34234	0.04511	0.01502	0.00778	0.00859	0.00612	0.00449	0.00385	0.00114	0.02312	0.00298	0.00283	0.00531
23	0.00852	0.33792	0.44903	0.00824	0.01228	0.03332	0.00960	0.03653	0.00772	0.03587	0.00614	0.00707	0.00477	0.00386	0.02435	0.00109	0.00470	0.00240	0.00166	0.00492
24	0.01178	0.02636	0.00967	0.00834	0.01003	0.48868	0.00646	0.07969	0.06845	0.06948	0.00706	0.00817	0.00572	0.02607	0.01557	0.00115	0.12143	0.00275	0.01287	0.02025
25	0.00446	0.00336	0.00415	0.00457	0.00519	0.00305	0.00328	0.00539	0.00772	0.01008	0.15858	0.44742	0.25499	0.00975	0.00438	0.00133	0.00199	0.06396	0.00337	0.00299
26	0.00486	0.00365	0.00481	0.00495	0.00565	0.00342	0.02846	0.01460	0.02581	0.01081	0.21978	0.44822	0.14356	0.00908	0.00426	0.00128	0.00208	0.02394	0.03760	0.00316
27	0.01012	0.09347	0.21182	0.02517	0.08754	0.10652	0.10252	0.20441	0.05497	0.04059	0.00734	0.00822	0.00551	0.00367	0.00357	0.00106	0.02309	0.00298	0.00226	0.00517
28	0.00475	0.00349	0.00444	0.00484	0.00541	0.00327	0.00348	0.02626	0.00793	0.01057	0.19233	0.50434	0.13157	0.00971	0.00439	0.00134	0.00207	0.07333	0.00340	0.00308
29	0.00444	0.00318	0.00420	0.00495	0.00523	0.00299	0.00340	0.00514	0.00688	0.00914	0.03368	0.73806	0.04493	0.04399	0.00503	0.00151	0.00218	0.07495	0.00324	0.00288
30	0.02843	0.00816	0.00909	0.02210	0.03171	0.02626	0.00591	0.44329	0.05818	0.09828	0.02294	0.04635	0.01919	0.00523	0.03644	0.00119	0.00369	0.00348	0.00320	0.12687
31	0.11648	0.05511	0.09451	0.00847	0.03332	0.13310	0.02693	0.23947	0.08199	0.04054	0.03190	0.02892	0.02356	0.02285	0.01259	0.00130	0.02664	0.00348	0.00289	0.01596
32	0.01282	0.00990	0.03980	0.00806	0.01082	0.01059	0.00681	0.76553	0.01567	0.02118	0.00838	0.00855	0.00600	0.00425	0.00370	0.00107	0.02692	0.00315	0.03096	0.00583
33	0.01057	0.01027	0.10843	0.01854	0.13615	0.05434	0.07184	0.32040	0.15488	0.03877	0.00892	0.02040	0.00672	0.00399	0.00354	0.00109	0.00412	0.00335	0.00279	0.02089
34	0.01146	0.15400	0.04215	0.00935	0.06876	0.55555	0.02917	0.02161	0.00915	0.00911	0.02089	0.00755	0.00547	0.03700	0.00367	0.00101	0.00551	0.00252	0.00182	0.00425

[dist]
# distance from previous block
# <min> <max>
0	5

[block]
# block no. 1 follows, 79 sequences, length 10
# corresponding to MSA columns:
# 4530-4534,4538-4542
name=unknown_B
#
# <colnr> <probs for GDERKNQSTAVLIFYWHMCP>
#	G	D	E	R	K	N	Q	S	T	A	V	L	I	F	Y	W	H	M	C	P
0	0.00962	0.12825	0.14726	0.04993	0.05876	0.10078	0.06089	0.08802	0.04528	0.09533	0.00873	0.01006	0.03311	0.00384	0.00328	0.00099	0.00415	0.03008	0.00232	0.11932
1	0.00614	0.00431	0.00510	0.00503	0.00557	0.01994	0.00350	0.03679	0.01963	0.06257	0.01538	0.27518	0.08484	0.33148	0.03790	0.00225	0.05475	0.02381	0.00276	0.00305
2	0.00508	0.00392	0.00444	0.00434	0.00533	0.00361	0.00321	0.05865	0.00870	0.01125	0.23219	0.13893	0.40900	0.06721	0.00512	0.00136	0.00207	0.02906	0.00336	0.00319
3	0.04951	0.00768	0.01030	0.10336	0.16545	0.03657	0.05909	0.21848	0.02981	0.13454	0.08512	0.06563	0.00964	0.00455	0.00361	0.00111	0.00372	0.00393	0.00290	0.00501
4	0.03400	0.17536	0.19364	0.07646	0.09555	0.02884	0.07912	0.09334	0.08284	0.06774	0.00757	0.00849	0.00573	0.00359	0.00337	0.00105	0.01792	0.00293	0.01746	0.00502
5	0.00533	0.00470	0.05893	0.00538	0.00602	0.00416	0.00412	0.03811	0.00676	0.00913	0.01512	0.40492	0.03103	0.24828	0.03648	0.00210	0.04126	0.07241	0.00273	0.00302
6	0.00518	0.00363	0.00429	0.00435	0.00462	0.00368	0.00278	0.00594	0.04286	0.00801	0.04452	0.10489	0.04487	0.58903	0.08223	0.00307	0.00361	0.03745	0.00244	0.00256
7	0.05043	0.04547	0.07838	0.03632	0.05584	0.18486	0.05537	0.13316	0.03963	0.07295	0.01029	0.01183	0.07785	0.04415	0.01384	0.00122	0.02657	0.02106	0.02133	0.01944
8	0.04999	0.14635	0.10713	0.00749	0.02777	0.18986	0.00649	0.12408	0.03367	0.07235	0.02206	0.08853	0.02358	0.00440	0.00321	0.00098	0.00405	0.00338	0.00243	0.08219
9	0.02977	0.29165	0.15444	0.03607	0.04635	0.05451	0.03466	0.09582	0.05011	0.02326	0.00776	0.07950	0.00692	0.02273	0.01958	0.00114	0.02060	0.00326	0.00209	0.01979

[dist]
# distance from previous block
# <min> <max>
4	31

[block]
# block no. 2 follows, 79 sequences, length 85
# corresponding to MSA columns:
# 4833-4842,4847-4857,4897-4910,5039-5046,5048-5064,5066-5071,5091-5109
name=unknown_C
#
# <colnr> <probs for GDERKNQSTAVLIFYWHMCP>
#	G	D	E	R	K	N	Q	S	T	A	V	L	I	F	Y	W	H	M	C	P
0	0.00897	0.00751	0.00963	0.08019	0.16670	0.04482	0.03501	0.20063	0.11864	0.03244	0.02400	0.06075	0.04909	0.01574	0.00400	0.00122	0.00369	0.12935	0.00285	0.00477
1	0.00571	0.00412	0.00510	0.00554	0.05191	0.00411	0.00344	0.05934	0.00664	0.00892	0.01318	0.22599	0.02446	0.47819	0.03028	0.00254	0.00325	0.04363	0.00253	0.02111
2	0.00759	0.00726	0.01248	0.40755	0.40050	0.00793	0.04833	0.00982	0.00765	0.01042	0.03294	0.00989	0.01530	0.00350	0.00356	0.00112	0.00440	0.00333	0.00175	0.00468
3	0.00894	0.00766	0.00807	0.00721	0.00923	0.00885	0.00562	0.05046	0.81577	0.01503	0.01412	0.01297	0.01057	0.00476	0.00358	0.00119	0.00283	0.00395	0.00358	0.00559
4	0.00952	0.00574	0.00745	0.00624	0.00809	0.00568	0.04300	0.05534	0.19271	0.25910	0.32391	0.03825	0.01831	0.00560	0.00383	0.00113	0.00262	0.00485	0.00383	0.00478
5	0.02497	0.00793	0.00911	0.00712	0.00971	0.00825	0.00583	0.46036	0.03547	0.31478	0.01103	0.04542	0.00785	0.00455	0.00352	0.00108	0.00338	0.00359	0.03027	0.00575
6	0.00997	0.00952	0.01522	0.01169	0.03974	0.06365	0.41909	0.22174	0.06140	0.03608	0.00888	0.01034	0.03166	0.00384	0.00410	0.00115	0.03095	0.01350	0.00246	0.00503
7	0.00744	0.00707	0.01200	0.54498	0.34080	0.00804	0.01018	0.00970	0.00742	0.00996	0.00640	0.00914	0.00504	0.00338	0.00351	0.00113	0.00450	0.00314	0.00163	0.00455
8	0.00765	0.00761	0.01067	0.00917	0.00918	0.01064	0.00763	0.00843	0.00540	0.00847	0.00474	0.00786	0.00473	0.00666	0.03229	0.00164	0.84873	0.00310	0.00155	0.00384
9	0.00820	0.00757	0.01280	0.31672	0.50516	0.00811	0.02529	0.01055	0.02601	0.03578	0.00689	0.00917	0.00547	0.00334	0.00352	0.00110	0.00433	0.00319	0.00180	0.00500
10	0.01850	0.14121	0.64152	0.00983	0.04963	0.00917	0.01149	0.02075	0.00742	0.01083	0.00606	0.00724	0.00454	0.00343	0.00356	0.00108	0.04460	0.00254	0.00154	0.00506
11	0.00829	0.00964	0.03565	0.01469	0.01823	0.00893	0.81430	0.01125	0.00826	0.01125	0.00708	0.00944	0.00532	0.00302	0.00425	0.00119	0.01858	0.00412	0.00177	0.00475
12	0.00508	0.00433	0.00735	0.00685	0.00771	0.00404	0.16701	0.00615	0.00705	0.00944	0.01702	0.70497	0.01980	0.00946	0.00443	0.00138	0.00281	0.00887	0.00298	0.00323
13	0.05623	0.00937	0.00928	0.00966	0.16023	0.19494	0.00649	0.19402	0.06559	0.04422	0.02098	0.01289	0.13808	0.00523	0.02128	0.00117	0.03097	0.01199	0.00266	0.00471
14	0.04432	0.17810	0.03549	0.00723	0.00962	0.06342	0.02122	0.28465	0.15512	0.04306	0.02531	0.05123	0.00796	0.03111	0.01250	0.00116	0.01723	0.00343	0.00283	0.00501
15	0.00429	0.00307	0.00409	0.00491	0.00511	0.00286	0.00327	0.00491	0.00675	0.00900	0.01943	0.87384	0.02331	0.01104	0.00450	0.00143	0.00204	0.01002	0.00327	0.00286
16	0.00498	0.00361	0.00483	0.00555	0.00616	0.00347	0.00440	0.00613	0.00760	0.00990	0.03494	0.36879	0.10108	0.01013	0.00464	0.00150	0.00260	0.41335	0.00327	0.00307
17	0.01032	0.29833	0.11308	0.00940	0.10388	0.15615	0.03568	0.11387	0.07739	0.04022	0.00694	0.00762	0.00549	0.00351	0.00305	0.00095	0.00441	0.00263	0.00211	0.00497
18	0.00824	0.03114	0.07308	0.07334	0.01713	0.06249	0.60438	0.01093	0.00818	0.01075	0.00801	0.02536	0.03400	0.00345	0.00403	0.00116	0.01392	0.00402	0.00182	0.00457
19	0.00429	0.00307	0.00409	0.00491	0.00511	0.00286	0.00327	0.00491	0.00675	0.00900	0.01943	0.87384	0.02331	0.01104	0.00450	0.00143	0.00204	0.01002	0.00327	0.00286
20	0.09146	0.01111	0.17171	0.02000	0.01152	0.07280	0.03469	0.38254	0.02552	0.11896	0.00813	0.00841	0.00575	0.00394	0.00349	0.00108	0.01766	0.00297	0.00288	0.00540
21	0.01127	0.05457	0.01050	0.04168	0.02443	0.13535	0.05928	0.33193	0.06726	0.09177	0.02308	0.06901	0.02010	0.00464	0.00375	0.00108	0.02816	0.00370	0.01339	0.00505
22	0.00905	0.00756	0.00802	0.00716	0.00919	0.00869	0.00558	0.03197	0.80951	0.03985	0.01424	0.01304	0.01062	0.00476	0.00358	0.00119	0.00281	0.00396	0.00361	0.00560
23	0.00829	0.07237	0.30773	0.02509	0.01209	0.13565	0.04992	0.01062	0.02607	0.00967	0.00605	0.00804	0.00505	0.02022	0.04275	0.00142	0.25004	0.00285	0.00164	0.00443
24	0.00731	0.00626	0.00731	0.00522	0.00835	0.00470	0.00418	0.00887	0.00731	0.01148	0.00626	0.00731	0.00522	0.00261	0.00261	0.00052	0.00261	0.00209	0.00209	0.89768
25	0.00757	0.00750	0.01051	0.00906	0.00909	0.01045	0.00753	0.00835	0.00543	0.00848	0.00503	0.02197	0.00507	0.00693	0.04008	0.00168	0.82666	0.00322	0.00158	0.00382
26	0.00513	0.00342	0.00384	0.00384	0.00384	0.00342	0.00214	0.00513	0.00513	0.00683	0.01110	0.02306	0.01281	0.87614	0.01794	0.00342	0.00342	0.00513	0.00214	0.00214
27	0.00522	0.00367	0.00470	0.00440	0.00532	0.00335	0.00332	0.00680	0.00979	0.03795	0.75041	0.02664	0.11057	0.00729	0.00414	0.00112	0.00171	0.00639	0.00384	0.00337
28	0.00666	0.00626	0.01057	0.86767	0.02427	0.00783	0.00979	0.00900	0.00705	0.00900	0.00626	0.00940	0.00470	0.00352	0.00352	0.00117	0.00470	0.00313	0.00157	0.00392
29	0.00657	0.00328	0.00328	0.00328	0.00411	0.00328	0.00246	0.00821	0.00739	0.01314	0.01150	0.01314	0.00903	0.00411	0.00246	0.00082	0.00164	0.00328	0.89571	0.00328
30	0.00417	0.00357	0.00357	0.00357	0.00476	0.00298	0.00268	0.00506	0.00803	0.00952	0.03570	0.03392	0.85272	0.00893	0.00417	0.00119	0.00179	0.00744	0.00327	0.00298
31	0.00430	0.00331	0.00385	0.00427	0.00494	0.00293	0.00299	0.00509	0.00740	0.00943	0.04458	0.46242	0.39250	0.00986	0.00430	0.00130	0.00191	0.00864	0.02304	0.00293
32	0.00731	0.00626	0.00731	0.00522	0.00835	0.00470	0.00418	0.00887	0.00731	0.01148	0.00626	0.00731	0.00522	0.00261	0.00261	0.00052	0.00261	0.00209	0.00209	0.89768
33	0.01307	0.01659	0.00994	0.00904	0.01086	0.84310	0.00678	0.01418	0.02853	0.00876	0.00564	0.00651	0.00468	0.00366	0.00319	0.00091	0.00628	0.00231	0.00186	0.00412
34	0.03231	0.02826	0.00861	0.03317	0.00951	0.36274	0.02427	0.05057	0.10650	0.01031	0.01023	0.23227	0.01021	0.00583	0.00410	0.00114	0.05884	0.00462	0.00246	0.00403
35	0.01830	0.04269	0.20189	0.03064	0.23776	0.06244	0.05650	0.08258	0.03686	0.02216	0.07621	0.05564	0.00931	0.00445	0.00360	0.00111	0.00419	0.04654	0.00226	0.00486
36	0.00863	0.00829	0.01408	0.04519	0.80221	0.00844	0.01068	0.01069	0.00791	0.01134	0.00655	0.00871	0.00553	0.00325	0.00376	0.00107	0.03333	0.00314	0.00173	0.00548
37	0.00849	0.00758	0.01261	0.14029	0.41561	0.00778	0.10494	0.08258	0.00872	0.03567	0.02323	0.02694	0.02583	0.00411	0.00369	0.00113	0.00415	0.05980	0.02194	0.00494
38	0.01148	0.00665	0.00839	0.00630	0.00911	0.00587	0.02349	0.11300	0.00958	0.35553	0.02573	0.00977	0.00726	0.00370	0.00339	0.00087	0.02511	0.00296	0.00320	0.36860
39	0.12245	0.01089	0.02050	0.11893	0.20972	0.21921	0.05696	0.05288	0.00928	0.01263	0.00817	0.03698	0.00714	0.00494	0.00456	0.00137	0.06793	0.01777	0.01251	0.00521
40	0.00867	0.12025	0.04840	0.04328	0.25261	0.07359	0.04265	0.06713	0.13140	0.01177	0.02484	0.02663	0.04849	0.00457	0.00353	0.00110	0.00393	0.07994	0.00236	0.00483
41	0.00502	0.00340	0.00389	0.00399	0.00407	0.00336	0.00234	0.00514	0.00545	0.00722	0.01293	0.11154	0.04230	0.74171	0.01585	0.00310	0.00322	0.02092	0.00231	0.00226
42	0.01003	0.73866	0.01711	0.00651	0.00935	0.13671	0.00615	0.02528	0.00773	0.00858	0.00504	0.00580	0.00455	0.00313	0.00242	0.00078	0.00415	0.00196	0.00159	0.00448
43	0.00853	0.06200	0.01317	0.28807	0.43475	0.06068	0.03334	0.03852	0.00808	0.01070	0.00641	0.00862	0.00518	0.00332	0.00343	0.00107	0.00450	0.00304	0.00174	0.00489
44	0.01941	0.01897	0.04285	0.12617	0.33761	0.12141	0.09082	0.03946	0.03940	0.07075	0.02306	0.02241	0.00643	0.00361	0.00350	0.00106	0.00447	0.00328	0.00211	0.02321
45	0.00429	0.00308	0.00407	0.00486	0.00510	0.00287	0.00325	0.00491	0.00679	0.00901	0.01997	0.84580	0.05100	0.01097	0.00449	0.00142	0.00204	0.00993	0.00327	0.00287
46	0.00464	0.00359	0.00423	0.00407	0.00505	0.00318	0.00305	0.00599	0.00916	0.01221	0.51114	0.02950	0.37561	0.00792	0.00416	0.00114	0.00171	0.00682	0.00363	0.00318
47	0.00432	0.00308	0.00411	0.00489	0.00512	0.00288	0.00327	0.00496	0.00685	0.00915	0.04483	0.84798	0.02361	0.01092	0.00449	0.00142	0.00203	0.00991	0.00329	0.00288
48	0.07867	0.44847	0.13999	0.00778	0.03844	0.08321	0.00737	0.02037	0.00724	0.00963	0.00522	0.00641	0.00453	0.00360	0.00386	0.00097	0.12589	0.00225	0.00162	0.00449
49	0.00978	0.01048	0.02154	0.01567	0.01930	0.00970	0.82348	0.01231	0.00926	0.01268	0.00859	0.01149	0.00673	0.00395	0.00478	0.00145	0.00639	0.00462	0.00229	0.00551
50	0.00429	0.00307	0.00409	0.00491	0.00511	0.00286	0.00327	0.00491	0.00675	0.00900	0.01943	0.87384	0.02331	0.01104	0.00450	0.00143	0.00204	0.01002	0.00327	0.00286
51	0.00683	0.00642	0.01070	0.79482	0.07023	0.00789	0.00972	0.00939	0.03205	0.00932	0.00652	0.00947	0.00493	0.00354	0.00352	0.00117	0.00461	0.00316	0.00164	0.00406
52	0.00651	0.00330	0.00337	0.00337	0.00419	0.00333	0.00254	0.00814	0.00733	0.01295	0.01142	0.01317	0.00903	0.00495	0.03487	0.00100	0.00194	0.00330	0.86202	0.00328
53	0.01317	0.01680	0.00999	0.00908	0.01090	0.86199	0.00681	0.01407	0.00999	0.00863	0.00545	0.00636	0.00454	0.00363	0.00318	0.00091	0.00636	0.00227	0.00182	0.00409
54	0.90103	0.00682	0.00518	0.00463	0.00682	0.00791	0.00382	0.01036	0.00600	0.01581	0.00491	0.00573	0.00382	0.00327	0.00218	0.00109	0.00273	0.00191	0.00218	0.00382
55	0.00499	0.00360	0.00471	0.00443	0.00527	0.00333	0.00333	0.00665	0.00998	0.01413	0.85230	0.02633	0.03325	0.00721	0.00416	0.00111	0.00166	0.00637	0.00388	0.00333
56	0.00429	0.00307	0.00409	0.00491	0.00511	0.00286	0.00327	0.00491	0.00675	0.00900	0.01943	0.87384	0.02331	0.01104	0.00450	0.00143	0.00204	0.01002	0.00327	0.00286
57	0.00707	0.01823	0.85788	0.01005	0.01525	0.00818	0.01302	0.01116	0.00744	0.01116	0.00632	0.00744	0.00446	0.00335	0.00335	0.00112	0.00521	0.00260	0.00149	0.00521
58	0.90103	0.00682	0.00518	0.00463	0.00682	0.00791	0.00382	0.01036	0.00600	0.01581	0.00491	0.00573	0.00382	0.00327	0.00218	0.00109	0.00273	0.00191	0.00218	0.00382
59	0.00417	0.00357	0.00357	0.00357	0.00476	0.00298	0.00268	0.00506	0.00803	0.00952	0.03570	0.03392	0.85272	0.00893	0.00417	0.00119	0.00179	0.00744	0.00327	0.00298
60	0.00670	0.00631	0.01065	0.84927	0.04232	0.00784	0.00981	0.00904	0.00707	0.00906	0.00627	0.00938	0.00472	0.00352	0.00352	0.00117	0.00469	0.00313	0.00157	0.00395
61	0.00418	0.00353	0.00361	0.00368	0.00479	0.00297	0.00273	0.00505	0.00793	0.00948	0.03439	0.10146	0.78603	0.00910	0.00419	0.00121	0.00181	0.00765	0.00327	0.00297
62	0.01340	0.00659	0.00817	0.00655	0.00901	0.00643	0.00531	0.09590	0.19772	0.54170	0.06036	0.01272	0.01029	0.00460	0.00359	0.00111	0.00296	0.00377	0.00408	0.00575
63	0.00815	0.00731	0.01154	0.84961	0.02502	0.00864	0.01032	0.01008	0.00801	0.01045	0.00774	0.01138	0.00610	0.00449	0.00416	0.00144	0.00517	0.00361	0.00208	0.00469
64	0.01140	0.04409	0.31913	0.00846	0.03014	0.00821	0.00858	0.21779	0.03906	0.26422	0.00932	0.00920	0.00634	0.00390	0.00342	0.00108	0.00407	0.00305	0.00292	0.00563
65	0.90103	0.00682	0.00518	0.00463	0.00682	0.00791	0.00382	0.01036	0.00600	0.01581	0.00491	0.00573	0.00382	0.00327	0.00218	0.00109	0.00273	0.00191	0.00218	0.00382
66	0.00505	0.00372	0.00536	0.00536	0.00588	0.00424	0.00402	0.00610	0.00557	0.00795	0.00972	0.01540	0.00949	0.16969	0.71984	0.00529	0.00842	0.00400	0.00193	0.00298
67	0.00731	0.00626	0.00731	0.00522	0.00835	0.00470	0.00418	0.00887	0.00731	0.01148	0.00626	0.00731	0.00522	0.00261	0.00261	0.00052	0.00261	0.00209	0.00209	0.89768
68	0.01452	0.01761	0.01097	0.01002	0.01194	0.84390	0.00741	0.01503	0.01089	0.01008	0.00694	0.00840	0.00594	0.00460	0.00382	0.00118	0.00680	0.00277	0.00232	0.00485
69	0.00696	0.00657	0.01112	0.74416	0.14542	0.00791	0.00994	0.00927	0.00719	0.00937	0.00632	0.00930	0.00483	0.00347	0.00352	0.00116	0.00462	0.00313	0.00159	0.00416
70	0.00617	0.00478	0.00534	0.00550	0.00659	0.00422	0.00413	0.00700	0.02243	0.01157	0.10038	0.13166	0.49285	0.00997	0.00495	0.00156	0.00265	0.17058	0.00380	0.00388
71	0.00769	0.04651	0.05924	0.00596	0.00758	0.00588	0.02598	0.03560	0.18359	0.10258	0.05888	0.10313	0.03763	0.23282	0.00740	0.00174	0.00312	0.02869	0.00292	0.04306
72	0.00512	0.00343	0.00391	0.00391	0.00393	0.00345	0.00221	0.00516	0.00514	0.00688	0.01105	0.02275	0.01268	0.84755	0.04635	0.00349	0.00362	0.00508	0.00213	0.00217
73	0.01964	0.21903	0.14273	0.03151	0.29310	0.02896	0.08065	0.03677	0.00798	0.05195	0.00646	0.00788	0.00519	0.00340	0.00364	0.00103	0.05036	0.00283	0.00183	0.00505
74	0.00837	0.21805	0.47781	0.00943	0.03701	0.06515	0.05488	0.02171	0.02128	0.02492	0.00629	0.00737	0.00481	0.00365	0.01438	0.00108	0.01465	0.00258	0.00165	0.00495
75	0.00513	0.00342	0.00384	0.00384	0.00384	0.00342	0.00214	0.00513	0.00513	0.00683	0.01110	0.02306	0.01281	0.87614	0.01794	0.00342	0.00342	0.00513	0.00214	0.00214
76	0.03301	0.00459	0.00571	0.03460	0.01939	0.03042	0.03173	0.00729	0.00643	0.08216	0.02345	0.05576	0.07364	0.40171	0.15683	0.00294	0.00439	0.00481	0.01809	0.00308
77	0.03080	0.05246	0.17033	0.02843	0.06397	0.01738	0.33764	0.14621	0.02281	0.02520	0.01623	0.00877	0.00561	0.00351	0.00400	0.00112	0.04354	0.00339	0.00208	0.01650
78	0.00735	0.00729	0.02505	0.65869	0.03743	0.04899	0.02356	0.01959	0.08280	0.00975	0.00693	0.00946	0.00527	0.00374	0.00385	0.00117	0.03994	0.00317	0.00179	0.00416
79	0.00657	0.00488	0.00674	0.00668	0.00744	0.00529	0.00506	0.00742	0.00666	0.00964	0.01085	0.01573	0.01012	0.02690	0.84380	0.00583	0.00981	0.00424	0.00239	0.00393
80	0.04725	0.00863	0.03409	0.14209	0.21364	0.04942	0.04899	0.24323	0.01028	0.09487	0.00773	0.00920	0.00585	0.00415	0.00405	0.03870	0.01907	0.01121	0.00248	0.00507
81	0.00430	0.00349	0.00374	0.00383	0.00479	0.00301	0.00277	0.00515	0.00782	0.00961	0.08867	0.15049	0.62980	0.06047	0.00503	0.00135	0.00191	0.00759	0.00325	0.00293
82	0.00431	0.00313	0.00407	0.00481	0.00512	0.00290	0.00326	0.00497	0.00690	0.00908	0.02096	0.77739	0.10244	0.01081	0.00447	0.00141	0.00204	0.02577	0.00327	0.00288
83	0.03235	0.00803	0.00799	0.00684	0.00862	0.11964	0.00541	0.30187	0.04448	0.07882	0.06540	0.09612	0.01031	0.00723	0.08387	0.00152	0.03050	0.01738	0.06899	0.00461
84	0.01889	0.24915	0.04739	0.01137	0.27073	0.07997	0.02509	0.04384	0.01899	0.02882	0.02429	0.00792	0.00583	0.00338	0.00316	0.01402	0.00395	0.00264	0.00192	0.13866

[dist]
# distance from previous block
# <min> <max>
4	21

[block]
# block no. 3 follows, 79 sequences, length 18
# corresponding to MSA columns:
# 5227-5244
name=unknown_D
#
# <colnr> <probs for GDERKNQSTAVLIFYWHMCP>
#	G	D	E	R	K	N	Q	S	T	A	V	L	I	F	Y	W	H	M	C	P
0	0.00957	0.02999	0.04185	0.09066	0.15178	0.14517	0.00716	0.13597	0.03419	0.07651	0.05116	0.08215	0.03887	0.00495	0.00396	0.00111	0.04419	0.02876	0.00257	0.01943
1	0.02431	0.17107	0.05098	0.02937	0.02301	0.34706	0.03501	0.11455	0.05231	0.01077	0.00676	0.00855	0.00577	0.07801	0.00459	0.00117	0.02749	0.00277	0.00206	0.00439
2	0.09064	0.00658	0.02301	0.00745	0.07998	0.02812	0.01462	0.14291	0.06253	0.09168	0.05768	0.09535	0.03434	0.05781	0.10492	0.00178	0.00393	0.03955	0.00286	0.05426
3	0.00847	0.00839	0.01514	0.09261	0.63532	0.00842	0.15785	0.01075	0.00799	0.01126	0.00669	0.00892	0.00547	0.00314	0.00361	0.00108	0.00454	0.00332	0.00174	0.00529
4	0.02359	0.02422	0.08925	0.04260	0.18261	0.04918	0.18567	0.02784	0.16699	0.03477	0.00925	0.08316	0.00783	0.00437	0.00412	0.00117	0.05221	0.00398	0.00230	0.00488
5	0.02707	0.01197	0.00938	0.00837	0.02536	0.45638	0.04062	0.03917	0.11375	0.10321	0.04082	0.02699	0.05025	0.00444	0.00364	0.00103	0.02721	0.00332	0.00254	0.00448
6	0.00814	0.00614	0.07785	0.00505	0.00672	0.00556	0.00440	0.18250	0.05018	0.01494	0.01056	0.01168	0.00810	0.00410	0.00281	0.00091	0.00247	0.00324	0.59053	0.00412
7	0.00772	0.08889	0.55724	0.04025	0.01491	0.00888	0.12485	0.03378	0.06935	0.01142	0.00696	0.00809	0.00510	0.00340	0.00339	0.00110	0.00496	0.00289	0.00174	0.00509
8	0.00528	0.00438	0.00488	0.04145	0.00635	0.03565	0.00373	0.01870	0.03789	0.00963	0.03083	0.28672	0.32247	0.07297	0.01703	0.00149	0.02862	0.03878	0.03000	0.00315
9	0.00441	0.00348	0.00400	0.00427	0.00512	0.00307	0.00316	0.00537	0.00788	0.00992	0.11081	0.26283	0.47421	0.00940	0.00432	0.00128	0.00197	0.07816	0.00333	0.00300
10	0.00533	0.00343	0.00443	0.00482	0.00542	0.00312	0.00337	0.00613	0.00749	0.08176	0.09874	0.62195	0.12098	0.00986	0.00435	0.00134	0.00206	0.00882	0.00342	0.00319
11	0.02177	0.06766	0.01225	0.02582	0.21556	0.07409	0.05848	0.35800	0.04816	0.07180	0.00801	0.00866	0.00599	0.00377	0.00343	0.00104	0.00415	0.00312	0.00273	0.00550
12	0.08458	0.06149	0.09215	0.00717	0.00929	0.09984	0.00625	0.20961	0.05622	0.05547	0.01043	0.03731	0.07876	0.04811	0.01998	0.00131	0.09918	0.00357	0.01472	0.00455
13	0.00618	0.07918	0.03801	0.00539	0.00658	0.00507	0.00424	0.07104	0.05453	0.03919	0.05478	0.45942	0.14595	0.00849	0.00404	0.00126	0.00247	0.00742	0.00315	0.00362
14	0.04979	0.11428	0.06695	0.03979	0.14552	0.11710	0.08975	0.12550	0.00891	0.03487	0.00726	0.04111	0.00624	0.00424	0.00436	0.00111	0.10880	0.02757	0.00212	0.00471
15	0.00498	0.00405	0.00459	0.00529	0.00564	0.06040	0.00367	0.00568	0.00705	0.00907	0.01844	0.76140	0.02186	0.01046	0.00443	0.00141	0.00241	0.06303	0.00317	0.00297
16	0.03641	0.55194	0.05828	0.00672	0.02555	0.05080	0.00623	0.11410	0.00858	0.01076	0.03833	0.04023	0.03150	0.00385	0.00275	0.00088	0.00375	0.00276	0.00200	0.00457
17	0.00956	0.05050	0.06132	0.00810	0.08504	0.00766	0.01490	0.19997	0.10522	0.07012	0.02214	0.02360	0.00697	0.00372	0.00328	0.00090	0.01361	0.00300	0.00268	0.30774

[dist]
# distance from previous block
# <min> <max>
0	2

[block]
# block no. 4 follows, 79 sequences, length 70
# corresponding to MSA columns:
# 5372-5379,5381-5386,5388-5399,5402-5445
name=unknown_E
#
# <colnr> <probs for GDERKNQSTAVLIFYWHMCP>
#	G	D	E	R	K	N	Q	S	T	A	V	L	I	F	Y	W	H	M	C	P
0	0.01934	0.16926	0.19422	0.00861	0.03778	0.14707	0.02329	0.13791	0.13338	0.04265	0.00772	0.00829	0.00593	0.00419	0.01869	0.00111	0.03043	0.00282	0.00229	0.00502
1	0.00679	0.11812	0.00766	0.00573	0.00709	0.00607	0.03080	0.05800	0.13954	0.03082	0.20752	0.26931	0.05275	0.02044	0.00405	0.00120	0.00255	0.00613	0.02150	0.00392
2	0.00506	0.00369	0.00522	0.00522	0.00569	0.00416	0.00385	0.00601	0.00553	0.00785	0.00985	0.01612	0.00980	0.23606	0.65390	0.00511	0.00795	0.00411	0.00195	0.00290
3	0.00859	0.00829	0.01389	0.10168	0.76346	0.02047	0.01066	0.01069	0.00796	0.01124	0.00658	0.00875	0.00548	0.00318	0.00349	0.00106	0.00427	0.00313	0.00173	0.00540
4	0.00469	0.00358	0.00426	0.00409	0.00503	0.00320	0.00305	0.00601	0.00910	0.01219	0.52256	0.02904	0.33670	0.03543	0.00460	0.00121	0.00176	0.00673	0.00360	0.00316
5	0.90103	0.00682	0.00518	0.00463	0.00682	0.00791	0.00382	0.01036	0.00600	0.01581	0.00491	0.00573	0.00382	0.00327	0.00218	0.00109	0.00273	0.00191	0.00218	0.00382
6	0.00831	0.00819	0.00732	0.00748	0.06840	0.22072	0.00521	0.07282	0.12811	0.02218	0.03721	0.22475	0.16168	0.00665	0.00381	0.00116	0.00348	0.00557	0.00289	0.00406
7	0.00973	0.00830	0.00850	0.00740	0.00953	0.03946	0.00582	0.16243	0.67284	0.01583	0.01300	0.01209	0.00971	0.00464	0.00356	0.00116	0.00311	0.00378	0.00351	0.00560
8	0.00872	0.00837	0.01431	0.02163	0.85415	0.00837	0.01082	0.01082	0.00802	0.01151	0.00663	0.00872	0.00558	0.00314	0.00349	0.00105	0.00419	0.00314	0.00174	0.00558
9	0.00436	0.00327	0.00404	0.00449	0.00504	0.00296	0.00312	0.00519	0.00753	0.00984	0.13763	0.53775	0.24206	0.00996	0.00436	0.00132	0.00192	0.00884	0.00336	0.00296
10	0.00510	0.00340	0.00385	0.00388	0.00389	0.00340	0.00218	0.00512	0.00518	0.00691	0.01140	0.05329	0.01319	0.84541	0.01746	0.00335	0.00337	0.00530	0.00218	0.00216
11	0.00511	0.00341	0.00385	0.00387	0.00387	0.00340	0.00216	0.00512	0.00516	0.00688	0.01129	0.04157	0.01304	0.85732	0.01765	0.00337	0.00339	0.00523	0.00216	0.00215
12	0.00834	0.00798	0.01362	0.17803	0.70074	0.00827	0.01063	0.01048	0.00784	0.01105	0.00656	0.00885	0.00542	0.00321	0.00350	0.00107	0.00428	0.00314	0.00171	0.00527
13	0.01456	0.01053	0.00910	0.00753	0.00991	0.33691	0.00595	0.09285	0.01065	0.45109	0.01013	0.00949	0.00685	0.00407	0.00340	0.00102	0.00438	0.00302	0.00330	0.00526
14	0.85883	0.00689	0.00540	0.00477	0.00698	0.00795	0.00393	0.03566	0.00639	0.03058	0.00517	0.00592	0.00397	0.00332	0.00225	0.00109	0.00277	0.00198	0.00226	0.00392
15	0.00496	0.00383	0.00480	0.00486	0.03535	0.00350	0.00346	0.00658	0.02341	0.01282	0.59066	0.02750	0.25024	0.00748	0.00413	0.00113	0.00180	0.00650	0.00364	0.00335
16	0.00429	0.00307	0.00409	0.00491	0.00511	0.00286	0.00327	0.00491	0.00675	0.00900	0.01943	0.87384	0.02331	0.01104	0.00450	0.00143	0.00204	0.01002	0.00327	0.00286
17	0.18187	0.00615	0.00762	0.00596	0.00859	0.00569	0.00492	0.01590	0.00932	0.69888	0.01222	0.01082	0.00780	0.00416	0.00329	0.00109	0.00295	0.00324	0.00395	0.00559
18	0.00901	0.15068	0.14282	0.02401	0.17910	0.14131	0.06467	0.07822	0.03700	0.01125	0.02872	0.01102	0.09917	0.00409	0.00336	0.00102	0.00435	0.00337	0.00210	0.00474
19	0.00434	0.00315	0.00409	0.00483	0.00513	0.00292	0.00328	0.00500	0.00687	0.00905	0.02063	0.76167	0.09281	0.02540	0.00471	0.00145	0.00209	0.03644	0.00325	0.00287
20	0.00707	0.01823	0.85788	0.01005	0.01525	0.00818	0.01302	0.01116	0.00744	0.01116	0.00632	0.00744	0.00446	0.00335	0.00335	0.00112	0.00521	0.00260	0.00149	0.00521
21	0.00903	0.06895	0.19485	0.03612	0.16245	0.01817	0.04937	0.10675	0.05144	0.10742	0.06479	0.07172	0.03443	0.00453	0.00356	0.00110	0.00388	0.00389	0.00255	0.00500
22	0.00701	0.01690	0.07763	0.10464	0.21156	0.00656	0.16708	0.00902	0.00776	0.02860	0.03561	0.19548	0.04183	0.00570	0.00396	0.00122	0.00394	0.06889	0.00232	0.00430
23	0.00763	0.00726	0.01226	0.40554	0.44921	0.00795	0.01008	0.00980	0.00758	0.01031	0.00741	0.00985	0.03289	0.00350	0.00353	0.00111	0.00434	0.00328	0.00171	0.00474
24	0.00877	0.35510	0.35360	0.00840	0.01225	0.01053	0.06585	0.04333	0.05809	0.04368	0.00668	0.00744	0.00515	0.00335	0.00300	0.00098	0.00441	0.00257	0.00183	0.00499
25	0.01821	0.09230	0.13361	0.05428	0.06202	0.04134	0.08912	0.08461	0.01955	0.10512	0.04730	0.14228	0.03766	0.00516	0.00360	0.00112	0.00377	0.01970	0.03472	0.00454
26	0.00815	0.02044	0.01081	0.11260	0.35471	0.00735	0.03980	0.08289	0.06862	0.03543	0.03837	0.05101	0.09469	0.00471	0.00366	0.00112	0.00363	0.02887	0.02834	0.00479
27	0.00432	0.00324	0.00402	0.00457	0.00506	0.00294	0.00316	0.00509	0.00729	0.00947	0.07598	0.60150	0.22890	0.01026	0.00440	0.00135	0.00197	0.02024	0.00331	0.00292
28	0.01045	0.05018	0.01107	0.09516	0.24822	0.17530	0.00773	0.15443	0.06243	0.06893	0.00815	0.01017	0.00661	0.03771	0.00398	0.00114	0.00434	0.02800	0.01105	0.00495
29	0.02846	0.05803	0.08725	0.05533	0.08708	0.09316	0.07702	0.14543	0.13144	0.10133	0.00977	0.02158	0.03179	0.00486	0.03027	0.00124	0.01542	0.01289	0.00263	0.00502
30	0.00570	0.00434	0.00487	0.00470	0.00590	0.00415	0.00361	0.03365	0.08329	0.05063	0.08521	0.10834	0.48538	0.01998	0.00453	0.00127	0.02537	0.06227	0.00334	0.00349
31	0.00599	0.00422	0.00494	0.00480	0.00571	0.00411	0.00354	0.05791	0.04745	0.04690	0.14301	0.10762	0.21937	0.22174	0.00758	0.00179	0.00259	0.10428	0.00316	0.00328
32	0.06684	0.00714	0.02573	0.00645	0.00841	0.00767	0.00517	0.14003	0.44674	0.01504	0.09370	0.02807	0.12325	0.00543	0.00362	0.00116	0.00275	0.00446	0.00342	0.00492
33	0.05521	0.15699	0.09331	0.09476	0.21410	0.08111	0.05396	0.05352	0.01767	0.01076	0.00763	0.05596	0.02429	0.01708	0.00398	0.03293	0.01697	0.00330	0.00192	0.00454
34	0.00470	0.00330	0.00401	0.00439	0.00461	0.00315	0.00281	0.00513	0.00629	0.00831	0.04121	0.40334	0.07989	0.37787	0.01018	0.00225	0.00263	0.03054	0.00281	0.00259
35	0.03689	0.01174	0.02693	0.01150	0.04669	0.32002	0.35882	0.02473	0.04997	0.02511	0.03730	0.00930	0.01722	0.00359	0.00366	0.00107	0.00548	0.00343	0.00205	0.00453
36	0.01403	0.00759	0.00954	0.05310	0.05822	0.00764	0.00631	0.32401	0.01223	0.45331	0.01106	0.01036	0.00732	0.00420	0.00353	0.00108	0.00348	0.00336	0.00376	0.00586
37	0.00649	0.00531	0.00670	0.08640	0.07151	0.03342	0.01344	0.01919	0.07347	0.05286	0.21161	0.10355	0.23590	0.00709	0.01545	0.00124	0.03441	0.01508	0.00308	0.00381
38	0.00704	0.00453	0.00520	0.00467	0.00614	0.00415	0.00361	0.06867	0.03446	0.14991	0.18000	0.06291	0.44019	0.00749	0.00401	0.00116	0.00215	0.00630	0.00359	0.00383
39	0.00728	0.00690	0.01101	0.69881	0.10293	0.02684	0.02056	0.03400	0.02164	0.00974	0.00646	0.00927	0.00493	0.00358	0.00369	0.00116	0.02221	0.00314	0.00168	0.00418
40	0.81675	0.00692	0.00558	0.00488	0.00711	0.00791	0.00402	0.04919	0.00669	0.05715	0.00551	0.00616	0.00416	0.00337	0.00231	0.00109	0.00279	0.00205	0.00235	0.00402
41	0.02860	0.03964	0.00915	0.01860	0.14219	0.22519	0.03756	0.06739	0.01829	0.01079	0.04243	0.02753	0.04661	0.05497	0.05557	0.04767	0.02327	0.01784	0.08270	0.00401
42	0.01864	0.00571	0.00742	0.02532	0.03818	0.03274	0.07895	0.09917	0.06003	0.05976	0.01817	0.30436	0.17771	0.01927	0.00425	0.00128	0.00299	0.03906	0.00308	0.00392
43	0.00799	0.00557	0.00787	0.04019	0.09443	0.00546	0.05806	0.03979	0.09936	0.15243	0.20684	0.09586	0.13424	0.00621	0.00393	0.00117	0.00283	0.03011	0.00332	0.00436
44	0.00666	0.00626	0.01057	0.86767	0.02427	0.00783	0.00979	0.00900	0.00705	0.00900	0.00626	0.00940	0.00470	0.00352	0.00352	0.00117	0.00470	0.00313	0.00157	0.00392
45	0.05572	0.02570	0.01054	0.15851	0.25951	0.02031	0.03367	0.11920	0.06037	0.07648	0.00956	0.07978	0.02592	0.00465	0.01470	0.00117	0.00382	0.00382	0.03172	0.00484
46	0.00867	0.02840	0.15450	0.08449	0.06239	0.08887	0.02749	0.12668	0.05436	0.05524	0.05378	0.06908	0.03766	0.01603	0.04148	0.00136	0.02322	0.04444	0.00252	0.01935
47	0.00559	0.00419	0.00482	0.00478	0.00576	0.00411	0.00354	0.00781	0.13039	0.03691	0.10712	0.13574	0.30061	0.12940	0.03950	0.00173	0.00263	0.06879	0.00320	0.00338
48	0.01821	0.01920	0.06114	0.05336	0.21652	0.13736	0.13542	0.04443	0.13025	0.03854	0.04086	0.04021	0.02573	0.00414	0.00374	0.00111	0.01889	0.00369	0.00232	0.00486
49	0.04175	0.03076	0.07363	0.05898	0.16591	0.12206	0.14903	0.08420	0.03054	0.05917	0.00827	0.04327	0.01686	0.00520	0.04761	0.00135	0.03881	0.01567	0.00219	0.00473
50	0.00855	0.00982	0.13068	0.10831	0.23694	0.03420	0.22558	0.01120	0.03444	0.05494	0.00704	0.00895	0.00546	0.00365	0.00457	0.00117	0.10438	0.00335	0.00187	0.00491
51	0.00456	0.00369	0.00502	0.00510	0.00589	0.00333	0.05630	0.00546	0.00736	0.00942	0.03521	0.47792	0.31381	0.01938	0.00452	0.00135	0.00225	0.03322	0.00317	0.00303
52	0.00923	0.02409	0.05965	0.14455	0.24785	0.03882	0.15843	0.06455	0.00854	0.10258	0.00789	0.01032	0.00623	0.00431	0.02319	0.00124	0.04729	0.03416	0.00215	0.00493
53	0.00788	0.01813	0.14809	0.12076	0.51460	0.00797	0.03651	0.01027	0.00775	0.01097	0.01674	0.01962	0.01916	0.00423	0.02926	0.00123	0.00452	0.01547	0.00177	0.00508
54	0.00527	0.00406	0.00501	0.00540	0.03259	0.00393	0.00382	0.03297	0.02010	0.02884	0.04263	0.35707	0.31823	0.01887	0.01764	0.00140	0.04035	0.05538	0.00316	0.00327
55	0.00852	0.00917	0.05095	0.17881	0.10078	0.05444	0.40154	0.03589	0.02049	0.03776	0.00723	0.01796	0.00559	0.00387	0.01952	0.00124	0.03603	0.00365	0.00190	0.00467
56	0.01476	0.00758	0.00893	0.00721	0.02966	0.06325	0.00574	0.19637	0.01137	0.58450	0.01191	0.01080	0.00778	0.00462	0.01773	0.00115	0.00355	0.00337	0.00391	0.00581
57	0.02365	0.00734	0.00868	0.00687	0.00938	0.00746	0.00560	0.30546	0.10348	0.39925	0.04861	0.03880	0.00946	0.00468	0.00358	0.00110	0.00319	0.00377	0.00390	0.00571
58	0.00816	0.02283	0.02930	0.22151	0.28213	0.00834	0.29309	0.02811	0.00804	0.02592	0.00724	0.03597	0.00587	0.00347	0.00374	0.00113	0.00482	0.00368	0.00184	0.00481
59	0.00540	0.00414	0.02016	0.03050	0.00624	0.00371	0.00377	0.01873	0.02682	0.04453	0.39306	0.15553	0.23254	0.00791	0.00415	0.00120	0.00206	0.03264	0.00351	0.00341
60	0.00433	0.00342	0.00391	0.00417	0.00500	0.00300	0.00302	0.00523	0.00780	0.00981	0.10639	0.30743	0.48038	0.00948	0.00429	0.00127	0.00190	0.03284	0.00333	0.00298
61	0.26232	0.00677	0.00811	0.00758	0.08211	0.00697	0.03192	0.12179	0.03430	0.27159	0.01069	0.07028	0.01750	0.00469	0.00332	0.00114	0.00316	0.04771	0.00316	0.00490
62	0.03217	0.02721	0.09932	0.13437	0.23512	0.09517	0.05154	0.08170	0.10067	0.02612	0.04656	0.00964	0.00706	0.00384	0.00375	0.00110	0.03430	0.00324	0.00220	0.00492
63	0.03014	0.02247	0.00905	0.00771	0.00983	0.24459	0.02362	0.07572	0.39797	0.11043	0.02494	0.01068	0.00849	0.00432	0.00344	0.00108	0.00394	0.00337	0.00309	0.00514
64	0.00509	0.00348	0.00413	0.00429	0.00448	0.00344	0.00275	0.00544	0.00590	0.00782	0.04030	0.09884	0.04190	0.63282	0.01419	0.00287	0.00317	0.11421	0.00247	0.00241
65	0.02360	0.01790	0.07948	0.28497	0.21870	0.06169	0.10652	0.02733	0.05243	0.01968	0.03642	0.02313	0.02351	0.00416	0.00382	0.00122	0.00468	0.00366	0.00216	0.00493
66	0.00837	0.03313	0.03013	0.03165	0.15869	0.04682	0.05373	0.07153	0.14506	0.06773	0.08355	0.12984	0.04654	0.03639	0.00456	0.00124	0.03893	0.00473	0.00279	0.00458
67	0.00524	0.00400	0.00565	0.00561	0.00622	0.00453	0.00431	0.02484	0.00638	0.00899	0.05896	0.11717	0.04461	0.04761	0.57856	0.00430	0.04921	0.01837	0.00227	0.00318
68	0.01115	0.18441	0.04022	0.02516	0.01086	0.35659	0.04876	0.12412	0.00957	0.04081	0.00655	0.02570	0.00547	0.00467	0.03272	0.00114	0.06275	0.00275	0.00207	0.00449
69	0.04181	0.02985	0.30951	0.11178	0.17382	0.03218	0.09172	0.03087	0.05435	0.02109	0.00734	0.02035	0.01423	0.00369	0.00381	0.00113	0.04258	0.00314	0.00185	0.00492

[dist]
# distance from previous block
# <min> <max>
0	7

[block]
# block no. 5 follows, 79 sequences, length 18
# corresponding to MSA columns:
# 5453-5461,5463-5471
name=unknown_F
#
# <colnr> <probs for GDERKNQSTAVLIFYWHMCP>
#	G	D	E	R	K	N	Q	S	T	A	V	L	I	F	Y	W	H	M	C	P
0	0.07552	0.12824	0.18461	0.03243	0.13417	0.16843	0.08047	0.10011	0.04283	0.01197	0.00653	0.00763	0.00510	0.00344	0.00321	0.00102	0.00471	0.00274	0.00197	0.00489
1	0.01133	0.44493	0.01429	0.00742	0.00998	0.31989	0.00641	0.12881	0.00951	0.01037	0.00560	0.00630	0.00474	0.00341	0.00277	0.00085	0.00472	0.00220	0.00190	0.00457
2	0.02360	0.01773	0.04630	0.00619	0.03244	0.02021	0.00500	0.01925	0.00752	0.04605	0.02930	0.03253	0.00661	0.00383	0.02284	0.00081	0.03831	0.00263	0.00221	0.63664
3	0.00612	0.00306	0.00459	0.00459	0.00459	0.00306	0.00306	0.00459	0.00459	0.00612	0.00612	0.01071	0.00612	0.01224	0.01377	0.89746	0.00306	0.00306	0.00153	0.00153
4	0.00523	0.00353	0.00457	0.00470	0.00497	0.00366	0.00324	0.00563	0.00574	0.00778	0.02982	0.05727	0.01314	0.44717	0.20102	0.08440	0.00460	0.10877	0.00225	0.00250
5	0.01044	0.05752	0.07267	0.08184	0.30235	0.27690	0.00873	0.06999	0.02073	0.04425	0.00680	0.00838	0.00547	0.00357	0.00334	0.00102	0.00486	0.01423	0.00200	0.00491
6	0.00438	0.00315	0.00417	0.00490	0.00520	0.00294	0.00336	0.00510	0.00701	0.00932	0.05868	0.76661	0.05523	0.01073	0.00449	0.00142	0.00207	0.04506	0.00330	0.00290
7	0.00545	0.00367	0.00472	0.00466	0.00515	0.00378	0.00324	0.00615	0.00610	0.04659	0.05451	0.06272	0.08092	0.37917	0.31394	0.00371	0.00524	0.00507	0.00238	0.00283
8	0.00656	0.00507	0.00613	0.00591	0.02996	0.02587	0.02537	0.09389	0.05432	0.02953	0.24138	0.12719	0.15066	0.05946	0.03843	0.00150	0.00286	0.06715	0.02507	0.00370
9	0.00891	0.06193	0.01363	0.16261	0.25102	0.06108	0.15619	0.02826	0.06157	0.04903	0.00710	0.00895	0.00563	0.00373	0.00446	0.00114	0.10474	0.00326	0.00196	0.00482
10	0.00496	0.00357	0.00430	0.00448	0.00532	0.00320	0.00332	0.00598	0.00804	0.04261	0.18125	0.26827	0.33494	0.03297	0.00468	0.00134	0.00206	0.08217	0.00339	0.00313
11	0.00833	0.00804	0.01386	0.09104	0.62746	0.00816	0.08830	0.01083	0.04607	0.01134	0.00758	0.03446	0.00649	0.00358	0.00361	0.00110	0.00425	0.01836	0.00189	0.00524
12	0.00731	0.00626	0.00731	0.00522	0.00835	0.00470	0.00418	0.00887	0.00731	0.01148	0.00626	0.00731	0.00522	0.00261	0.00261	0.00052	0.00261	0.00209	0.00209	0.89768
13	0.00517	0.00382	0.00542	0.05046	0.00695	0.00376	0.03585	0.00641	0.04100	0.03013	0.03473	0.63179	0.02031	0.05093	0.00503	0.00149	0.00251	0.05794	0.00312	0.00317
14	0.00429	0.00316	0.00402	0.00468	0.00506	0.00289	0.00318	0.00498	0.00704	0.00922	0.04420	0.71404	0.15916	0.01059	0.00443	0.00138	0.00199	0.00950	0.00329	0.00289
15	0.06202	0.10192	0.29233	0.00772	0.01095	0.07389	0.00798	0.11166	0.05146	0.12311	0.04187	0.01138	0.04195	0.00431	0.00335	0.00108	0.00406	0.04150	0.00253	0.00493
16	0.06814	0.19828	0.09109	0.00732	0.01002	0.13243	0.00657	0.24524	0.08235	0.05322	0.04411	0.00928	0.02926	0.00404	0.00315	0.00100	0.00398	0.00297	0.00262	0.00496
