[name]
unknown

[dist]
# distance from previous block
# <min> <max>
19	34

[block]
# block no. 0 follows, 96 sequences, length 128
# corresponding to MSA columns:
# 40-167
name=unknown_A
#
# <colnr> <probs for GDERKNQSTAVLIFYWHMCP>
#	G	D	E	R	K	N	Q	S	T	A	V	L	I	F	Y	W	H	M	C	P
0	0.00370	0.00310	0.00330	0.00334	0.01535	0.00264	0.00245	0.00456	0.00708	0.00868	0.14363	0.02780	0.74930	0.00736	0.00355	0.00100	0.00154	0.00618	0.00285	0.00261
1	0.00737	0.00727	0.01298	0.02816	0.73989	0.00721	0.13384	0.00927	0.00688	0.00977	0.00572	0.00755	0.00473	0.00266	0.00306	0.00091	0.00380	0.00281	0.00149	0.00464
2	0.00827	0.00771	0.01268	0.03812	0.84607	0.00762	0.00953	0.00982	0.00740	0.01061	0.00652	0.00864	0.00556	0.00326	0.00335	0.00105	0.00387	0.00297	0.00178	0.00517
3	0.01350	0.00512	0.00698	0.00535	0.00768	0.00442	0.00442	0.01466	0.00861	0.87761	0.01187	0.01024	0.00745	0.00372	0.00302	0.00093	0.00256	0.00302	0.00372	0.00512
4	0.00760	0.00876	0.21709	0.00711	0.00961	0.00727	0.06073	0.06611	0.50162	0.05407	0.02167	0.00971	0.00753	0.00367	0.00304	0.00099	0.00310	0.00309	0.00257	0.00465
5	0.00436	0.00297	0.00358	0.00358	0.00368	0.00308	0.00219	0.00456	0.00446	0.00605	0.00921	0.01818	0.01028	0.72803	0.18068	0.00328	0.00390	0.00415	0.00178	0.00199
6	0.00747	0.65781	0.19489	0.00609	0.02834	0.01042	0.00635	0.00894	0.00611	0.00760	0.00467	0.00578	0.00415	0.03734	0.00267	0.00080	0.00347	0.00187	0.00131	0.00392
7	0.02959	0.04038	0.00700	0.00547	0.00719	0.00621	0.00442	0.26771	0.07388	0.20842	0.07635	0.07525	0.10486	0.02110	0.00367	0.00100	0.04698	0.00381	0.00294	0.01375
8	0.08877	0.00788	0.00786	0.00663	0.00826	0.11074	0.00533	0.27580	0.25255	0.03472	0.00772	0.01638	0.00596	0.00395	0.00406	0.00100	0.15280	0.00277	0.00248	0.00433
9	0.00740	0.02726	0.01218	0.04677	0.82768	0.00724	0.00911	0.00918	0.00680	0.00969	0.00561	0.00740	0.00472	0.00269	0.00295	0.00089	0.00358	0.00266	0.00148	0.00470
10	0.00741	0.00707	0.01187	0.05502	0.78167	0.00717	0.01956	0.01869	0.04389	0.00995	0.00595	0.00764	0.00492	0.00276	0.00299	0.00091	0.00356	0.00272	0.00157	0.00470
11	0.00745	0.00722	0.01199	0.05747	0.81838	0.02585	0.00912	0.00922	0.00685	0.00968	0.00562	0.00743	0.00471	0.00270	0.00297	0.00090	0.00363	0.00266	0.00148	0.00467
12	0.00603	0.01556	0.87871	0.00857	0.01302	0.00699	0.01111	0.00953	0.00635	0.00953	0.00540	0.00635	0.00381	0.00286	0.00286	0.00095	0.00445	0.00222	0.00127	0.00445
13	0.00444	0.00312	0.00405	0.00379	0.00455	0.00286	0.00285	0.00582	0.00845	0.03154	0.81947	0.02246	0.06291	0.00615	0.00354	0.00095	0.00145	0.00542	0.00330	0.00288
14	0.91554	0.00582	0.00442	0.00396	0.00582	0.00675	0.00326	0.00884	0.00512	0.01350	0.00419	0.00489	0.00326	0.00279	0.00186	0.00093	0.00233	0.00163	0.00186	0.00326
15	0.00424	0.00307	0.00400	0.00377	0.00449	0.00283	0.00283	0.00565	0.00848	0.01199	0.85883	0.02258	0.04353	0.00618	0.00355	0.00095	0.00142	0.00546	0.00330	0.00283
16	0.01134	0.00838	0.00898	0.00690	0.00929	0.00928	0.00569	0.84575	0.03405	0.01881	0.00734	0.00731	0.00521	0.00362	0.00301	0.00091	0.00329	0.00272	0.00301	0.00511
17	0.00804	0.89610	0.01576	0.00515	0.00772	0.01190	0.00515	0.00901	0.00611	0.00708	0.00418	0.00483	0.00386	0.00257	0.00193	0.00064	0.00322	0.00161	0.00129	0.00386
18	0.00366	0.00262	0.00349	0.00419	0.00436	0.00244	0.00279	0.00419	0.00576	0.00768	0.01658	0.89233	0.01989	0.00942	0.00384	0.00122	0.00175	0.00855	0.00279	0.00244
19	0.00748	0.00646	0.00680	0.00612	0.00782	0.00748	0.00476	0.01598	0.87009	0.01258	0.01224	0.01122	0.00918	0.00408	0.00306	0.00102	0.00238	0.00340	0.00306	0.00476
20	0.00366	0.00262	0.00349	0.00419	0.00436	0.00244	0.00279	0.00419	0.00576	0.00768	0.01658	0.89233	0.01989	0.00942	0.00384	0.00122	0.00175	0.00855	0.00279	0.00244
21	0.00366	0.00262	0.00349	0.00419	0.00436	0.00244	0.00279	0.00419	0.00576	0.00768	0.01658	0.89233	0.01989	0.00942	0.00384	0.00122	0.00175	0.00855	0.00279	0.00244
22	0.01090	0.00811	0.00869	0.00679	0.00909	0.00901	0.00557	0.73487	0.13479	0.02898	0.00799	0.00782	0.00572	0.00368	0.00302	0.00092	0.00317	0.00281	0.00303	0.00507
23	0.00759	0.00701	0.01057	0.01421	0.56529	0.00734	0.02470	0.04215	0.26774	0.01098	0.00771	0.00859	0.00611	0.00313	0.00302	0.00093	0.00323	0.00292	0.00202	0.00476
24	0.00360	0.00305	0.00311	0.00310	0.00409	0.00256	0.00232	0.00441	0.00697	0.00839	0.08731	0.02851	0.81730	0.00752	0.00355	0.00101	0.00152	0.00629	0.00283	0.00256
25	0.01052	0.00802	0.00844	0.00671	0.00893	0.02908	0.00546	0.62301	0.22068	0.03472	0.00847	0.00821	0.00612	0.00371	0.00301	0.00093	0.00312	0.00286	0.00300	0.00499
26	0.00805	0.82898	0.05496	0.00538	0.00801	0.03822	0.00544	0.00912	0.00620	0.00720	0.00425	0.00491	0.00386	0.00260	0.00200	0.00066	0.00334	0.00165	0.00129	0.00388
27	0.00665	0.13605	0.65810	0.00825	0.02264	0.01831	0.04963	0.01961	0.00655	0.02901	0.01567	0.00651	0.00425	0.00287	0.00278	0.00091	0.00421	0.00226	0.00139	0.00434
28	0.01215	0.00679	0.02813	0.00615	0.00849	0.00668	0.00516	0.36364	0.03623	0.46140	0.00966	0.00886	0.00638	0.00370	0.00316	0.00093	0.02125	0.00288	0.00330	0.00505
29	0.00355	0.00305	0.00305	0.00305	0.00406	0.00254	0.00229	0.00432	0.00686	0.00813	0.03047	0.02895	0.87431	0.00762	0.00355	0.00102	0.00152	0.00635	0.00279	0.00254
30	0.01124	0.01434	0.00852	0.00775	0.00930	0.88222	0.00581	0.01201	0.00852	0.00736	0.00465	0.00542	0.00387	0.00310	0.00271	0.00077	0.00542	0.00194	0.00155	0.00349
31	0.00701	0.32882	0.51008	0.00735	0.01096	0.03626	0.02260	0.02009	0.01551	0.00874	0.00505	0.00587	0.00391	0.00278	0.00254	0.00084	0.00401	0.00203	0.00133	0.00421
32	0.01124	0.01434	0.00852	0.00775	0.00930	0.88222	0.00581	0.01201	0.00852	0.00736	0.00465	0.00542	0.00387	0.00310	0.00271	0.00077	0.00542	0.00194	0.00155	0.00349
33	0.00366	0.00262	0.00349	0.00419	0.00436	0.00244	0.00279	0.00419	0.00576	0.00768	0.01658	0.89233	0.01989	0.00942	0.00384	0.00122	0.00175	0.00855	0.00279	0.00244
34	0.00713	0.00819	0.10810	0.02361	0.48799	0.04143	0.08455	0.00893	0.00643	0.00913	0.00544	0.00733	0.00457	0.00386	0.03674	0.00112	0.14702	0.00269	0.00144	0.00429
35	0.00730	0.00698	0.01190	0.05512	0.82207	0.00703	0.00907	0.00907	0.00679	0.00969	0.00586	0.02485	0.00503	0.00283	0.00300	0.00090	0.00356	0.00280	0.00151	0.00466
36	0.00619	0.00571	0.00936	0.88079	0.02100	0.00697	0.00855	0.00806	0.00635	0.00818	0.00585	0.00870	0.00449	0.00334	0.00323	0.00109	0.00418	0.00284	0.00151	0.00361
37	0.00437	0.00292	0.00328	0.00328	0.00328	0.00292	0.00182	0.00437	0.00437	0.00583	0.00948	0.01968	0.01094	0.89429	0.01531	0.00292	0.00292	0.00437	0.00182	0.00182
38	0.00595	0.01585	0.18805	0.00932	0.14941	0.00569	0.15266	0.00789	0.01349	0.02007	0.00969	0.13914	0.00969	0.02529	0.00399	0.00115	0.03996	0.19709	0.00196	0.00367
39	0.01094	0.01356	0.00859	0.00772	0.00921	0.78577	0.00586	0.05092	0.00853	0.00789	0.00472	0.00558	0.00394	0.00326	0.00319	0.00082	0.06233	0.00202	0.00160	0.00355
40	0.61891	0.09976	0.00645	0.01591	0.00679	0.08139	0.00397	0.03483	0.00603	0.07512	0.00488	0.00546	0.00376	0.00295	0.00226	0.00090	0.02336	0.00182	0.00192	0.00353
41	0.00672	0.00547	0.00583	0.00526	0.00668	0.00600	0.00403	0.10796	0.47098	0.02072	0.01541	0.07802	0.18120	0.06697	0.00406	0.00115	0.00231	0.00434	0.00290	0.00399
42	0.00355	0.00305	0.00305	0.00305	0.00406	0.00254	0.00229	0.00432	0.00686	0.00813	0.03047	0.02895	0.87431	0.00762	0.00355	0.00102	0.00152	0.00635	0.00279	0.00254
43	0.00430	0.00322	0.00483	0.00483	0.00537	0.00376	0.00376	0.00537	0.00483	0.00698	0.00806	0.01182	0.00752	0.02256	0.88237	0.00483	0.00806	0.00322	0.00161	0.00269
44	0.00748	0.00646	0.00680	0.00612	0.00782	0.00748	0.00476	0.01598	0.87009	0.01258	0.01224	0.01122	0.00918	0.00408	0.00306	0.00102	0.00238	0.00340	0.00306	0.00476
45	0.00430	0.00321	0.00477	0.00477	0.00529	0.00373	0.00368	0.00533	0.00482	0.00694	0.00811	0.01212	0.00765	0.05648	0.84863	0.00476	0.00786	0.00327	0.00162	0.00265
46	0.00355	0.00305	0.00305	0.00305	0.00406	0.00254	0.00229	0.00432	0.00686	0.00813	0.03047	0.02895	0.87431	0.00762	0.00355	0.00102	0.00152	0.00635	0.00279	0.00254
47	0.91554	0.00582	0.00442	0.00396	0.00582	0.00675	0.00326	0.00884	0.00512	0.01350	0.00419	0.00489	0.00326	0.00279	0.00186	0.00093	0.00233	0.00163	0.00186	0.00326
48	0.00675	0.04143	0.00954	0.00781	0.00813	0.04876	0.03989	0.00752	0.00495	0.00732	0.00429	0.00679	0.00415	0.00586	0.05459	0.00144	0.73349	0.00263	0.00135	0.00332
49	0.00426	0.00307	0.00402	0.00378	0.00449	0.00284	0.00284	0.00568	0.00851	0.01206	0.87394	0.02247	0.02838	0.00615	0.00355	0.00095	0.00142	0.00544	0.00331	0.00284
50	0.00366	0.00262	0.00349	0.00419	0.00436	0.00244	0.00279	0.00419	0.00576	0.00768	0.01658	0.89233	0.01989	0.00942	0.00384	0.00122	0.00175	0.00855	0.00279	0.00244
51	0.00357	0.00305	0.00307	0.00306	0.00407	0.00255	0.00230	0.00434	0.00689	0.00820	0.04704	0.02882	0.85769	0.00759	0.00355	0.00101	0.00152	0.00633	0.00280	0.00255
52	0.01143	0.00843	0.00903	0.00692	0.00933	0.00933	0.00572	0.86550	0.01414	0.01896	0.00722	0.00722	0.00512	0.00361	0.00301	0.00090	0.00331	0.00271	0.00301	0.00512
53	0.00423	0.00307	0.00398	0.00376	0.00448	0.00283	0.00282	0.00562	0.00845	0.01191	0.84112	0.02272	0.06130	0.00621	0.00355	0.00095	0.00142	0.00548	0.00329	0.00283
54	0.01124	0.01434	0.00852	0.00775	0.00930	0.88222	0.00581	0.01201	0.00852	0.00736	0.00465	0.00542	0.00387	0.00310	0.00271	0.00077	0.00542	0.00194	0.00155	0.00349
55	0.00624	0.00535	0.00624	0.00446	0.00713	0.00401	0.00356	0.00757	0.00624	0.00980	0.00535	0.00624	0.00446	0.00223	0.00223	0.00045	0.00223	0.00178	0.00178	0.91268
56	0.00437	0.00292	0.00328	0.00328	0.00328	0.00292	0.00182	0.00437	0.00437	0.00583	0.00948	0.01968	0.01094	0.89429	0.01531	0.00292	0.00292	0.00437	0.00182	0.00182
57	0.00601	0.00601	0.02797	0.69282	0.11553	0.00682	0.08616	0.00807	0.00621	0.00814	0.00545	0.00793	0.00414	0.00292	0.00305	0.00099	0.00407	0.00274	0.00137	0.00359
58	0.00804	0.89610	0.01576	0.00515	0.00772	0.01190	0.00515	0.00901	0.00611	0.00708	0.00418	0.00483	0.00386	0.00257	0.00193	0.00064	0.00322	0.00161	0.00129	0.00386
59	0.00366	0.00262	0.00349	0.00419	0.00436	0.00244	0.00279	0.00419	0.00576	0.00768	0.01658	0.89233	0.01989	0.00942	0.00384	0.00122	0.00175	0.00855	0.00279	0.00244
60	0.91554	0.00582	0.00442	0.00396	0.00582	0.00675	0.00326	0.00884	0.00512	0.01350	0.00419	0.00489	0.00326	0.00279	0.00186	0.00093	0.00233	0.00163	0.00186	0.00326
61	0.00356	0.00304	0.00306	0.00307	0.00407	0.00254	0.00230	0.00431	0.00683	0.00811	0.03013	0.05005	0.85343	0.00766	0.00356	0.00102	0.00153	0.00640	0.00279	0.00254
62	0.00430	0.00322	0.00483	0.00483	0.00537	0.00376	0.00376	0.00537	0.00483	0.00698	0.00806	0.01182	0.00752	0.02256	0.88237	0.00483	0.00806	0.00322	0.00161	0.00269
63	0.03247	0.00650	0.00680	0.00608	0.00781	0.00751	0.00475	0.04021	0.82179	0.01279	0.01188	0.01093	0.00890	0.00403	0.00303	0.00101	0.00241	0.00333	0.00303	0.00473
64	0.00755	0.45628	0.09106	0.00647	0.01989	0.08046	0.07998	0.01615	0.03309	0.01661	0.00618	0.06755	0.00573	0.00354	0.01058	0.00083	0.01142	0.02908	0.00160	0.05597
65	0.00962	0.08735	0.29234	0.00759	0.03974	0.00659	0.08642	0.05675	0.01706	0.35459	0.00810	0.00806	0.00549	0.00319	0.00292	0.00092	0.00353	0.00266	0.00239	0.00468
66	0.00529	0.00460	0.00487	0.00452	0.00548	0.06847	0.00344	0.00772	0.15318	0.01096	0.49181	0.01961	0.15293	0.00598	0.01496	0.00102	0.03419	0.00485	0.00297	0.00318
67	0.00391	0.00283	0.00375	0.00438	0.00473	0.00267	0.00319	0.00464	0.00612	0.00803	0.02560	0.63631	0.08579	0.00902	0.00388	0.00124	0.00194	0.18665	0.00279	0.00252
68	0.01941	0.12724	0.27840	0.02916	0.06176	0.22837	0.11859	0.03529	0.00727	0.03405	0.00568	0.01873	0.00454	0.00305	0.00283	0.00088	0.00438	0.01477	0.00156	0.00404
69	0.00987	0.00844	0.08210	0.00873	0.14520	0.00836	0.00659	0.56210	0.05371	0.03017	0.00748	0.02437	0.00572	0.00365	0.00309	0.00093	0.01059	0.02141	0.00262	0.00487
70	0.00430	0.00322	0.00483	0.00483	0.00537	0.00376	0.00376	0.00537	0.00483	0.00698	0.00806	0.01182	0.00752	0.02256	0.88237	0.00483	0.00806	0.00322	0.00161	0.00269
71	0.00692	0.00710	0.04416	0.20248	0.54863	0.00701	0.10347	0.00889	0.00670	0.00936	0.01576	0.00800	0.00493	0.00283	0.00306	0.00094	0.00383	0.01012	0.00148	0.00433
72	0.79068	0.00699	0.00499	0.00448	0.00630	0.12763	0.00361	0.00928	0.00559	0.01265	0.00425	0.00496	0.00334	0.00283	0.00198	0.00091	0.00275	0.00167	0.00182	0.00329
73	0.00720	0.00688	0.01164	0.14125	0.73522	0.00709	0.00901	0.00916	0.02584	0.00958	0.00576	0.00761	0.00476	0.00276	0.00298	0.00091	0.00361	0.00269	0.00150	0.00456
74	0.01171	0.01463	0.00887	0.00808	0.00966	0.87592	0.00602	0.01235	0.00884	0.00786	0.00516	0.00613	0.00436	0.00343	0.00293	0.00087	0.00558	0.00211	0.00172	0.00375
75	0.00568	0.00535	0.00902	0.88706	0.02072	0.00668	0.00835	0.00769	0.00601	0.00769	0.00535	0.00802	0.00401	0.00301	0.00301	0.00100	0.00401	0.00267	0.00134	0.00334
76	0.00366	0.00262	0.00349	0.00419	0.00436	0.00244	0.00279	0.00419	0.00576	0.00768	0.01658	0.89233	0.01989	0.00942	0.00384	0.00122	0.00175	0.00855	0.00279	0.00244
77	0.00603	0.01556	0.87871	0.00857	0.01302	0.00699	0.01111	0.00953	0.00635	0.00953	0.00540	0.00635	0.00381	0.00286	0.00286	0.00095	0.00445	0.00222	0.00127	0.00445
78	0.00542	0.00346	0.00475	0.02418	0.00545	0.00320	0.02008	0.00684	0.00844	0.11235	0.73715	0.02044	0.02493	0.00573	0.00347	0.00095	0.00168	0.00506	0.00328	0.00314
79	0.00639	0.00542	0.00645	0.00462	0.00729	0.00412	0.01658	0.01670	0.00636	0.01993	0.00545	0.00632	0.00450	0.00226	0.00226	0.00046	0.00229	0.00183	0.00181	0.87895
80	0.00624	0.00535	0.00624	0.00446	0.00713	0.00401	0.00356	0.00757	0.00624	0.00980	0.00535	0.00624	0.00446	0.00223	0.00223	0.00045	0.00223	0.00178	0.00178	0.91268
81	0.00658	0.00658	0.00921	0.00790	0.00790	0.00921	0.00658	0.00724	0.00461	0.00724	0.00395	0.00658	0.00395	0.00526	0.00987	0.00132	0.88879	0.00263	0.00132	0.00329
82	0.00423	0.00307	0.00398	0.00376	0.00448	0.00283	0.00282	0.00562	0.00845	0.01191	0.84112	0.02272	0.06130	0.00621	0.00355	0.00095	0.00142	0.00548	0.00329	0.00283
83	0.00436	0.00296	0.00351	0.00351	0.00359	0.00304	0.00211	0.00452	0.00444	0.00600	0.00927	0.01851	0.01043	0.76440	0.14451	0.00320	0.00368	0.00420	0.00179	0.00195
84	0.03373	0.00531	0.00703	0.00541	0.00773	0.00474	0.00446	0.06072	0.00883	0.81150	0.01144	0.00995	0.00722	0.00370	0.00300	0.00093	0.00259	0.00298	0.00364	0.00508
85	0.00357	0.00305	0.00306	0.00306	0.00407	0.00254	0.00230	0.00434	0.00689	0.00820	0.04584	0.02883	0.85889	0.00759	0.00355	0.00101	0.00152	0.00633	0.00280	0.00254
86	0.01343	0.00522	0.00705	0.00540	0.00773	0.00458	0.00446	0.04159	0.00878	0.85044	0.01172	0.01014	0.00737	0.00372	0.00302	0.00093	0.00258	0.00301	0.00370	0.00512
87	0.00603	0.01556	0.87871	0.00857	0.01302	0.00699	0.01111	0.00953	0.00635	0.00953	0.00540	0.00635	0.00381	0.00286	0.00286	0.00095	0.00445	0.00222	0.00127	0.00445
88	0.01143	0.00823	0.00886	0.00685	0.00921	0.04258	0.02011	0.69670	0.04387	0.10970	0.00778	0.00763	0.00545	0.00360	0.00301	0.00091	0.00331	0.00275	0.00301	0.00502
89	0.00508	0.00356	0.00494	0.00556	0.00630	0.00356	0.00485	0.01813	0.00705	0.02358	0.01574	0.03317	0.01698	0.00817	0.00412	0.00137	0.00277	0.82945	0.00279	0.00284
90	0.00430	0.00319	0.00467	0.00466	0.00516	0.00364	0.00356	0.00531	0.00501	0.00719	0.05764	0.01302	0.00897	0.08746	0.76667	0.00447	0.00729	0.00344	0.00172	0.00263
91	0.00441	0.00339	0.00505	0.00499	0.00550	0.00403	0.00390	0.00546	0.00482	0.00700	0.00785	0.01155	0.00734	0.02169	0.83862	0.00466	0.05222	0.00319	0.00160	0.00272
92	0.01070	0.01345	0.00873	0.00784	0.00925	0.77981	0.01884	0.01149	0.00810	0.00738	0.00460	0.00558	0.00389	0.00331	0.00346	0.00083	0.09570	0.00203	0.00153	0.00348
93	0.00421	0.00301	0.00411	0.00481	0.00522	0.00291	0.00374	0.00513	0.00630	0.00829	0.01628	0.49731	0.01871	0.00891	0.00398	0.00130	0.00222	0.39820	0.00278	0.00259
94	0.00717	0.00689	0.01186	0.06346	0.75104	0.00693	0.04429	0.00898	0.00685	0.00972	0.02538	0.00850	0.01802	0.00292	0.00304	0.00091	0.00357	0.01434	0.00156	0.00456
95	0.01194	0.00658	0.00774	0.00598	0.00820	0.00670	0.00489	0.42539	0.01102	0.40876	0.00947	0.00936	0.00653	0.05853	0.00377	0.00104	0.00294	0.00295	0.00326	0.00491
96	0.00430	0.00322	0.00483	0.00483	0.00537	0.00376	0.00376	0.00537	0.00483	0.00698	0.00806	0.01182	0.00752	0.02256	0.88237	0.00483	0.00806	0.00322	0.00161	0.00269
97	0.20974	0.04270	0.00788	0.00670	0.00844	0.57233	0.00519	0.07553	0.00812	0.03084	0.00490	0.00554	0.00392	0.00307	0.00253	0.00082	0.00444	0.00194	0.00177	0.00361
98	0.00624	0.08154	0.77165	0.00845	0.01267	0.00738	0.04381	0.00955	0.01480	0.00938	0.00540	0.00635	0.00390	0.00284	0.00282	0.00093	0.00436	0.00224	0.00130	0.00439
99	0.02660	0.01329	0.00853	0.00756	0.00924	0.73484	0.00575	0.14154	0.00932	0.00923	0.00503	0.00569	0.00405	0.00317	0.00274	0.00080	0.00505	0.00205	0.00178	0.00373
100	0.00710	0.00811	0.01775	0.01268	0.01572	0.00761	0.86460	0.00963	0.00710	0.00963	0.00609	0.00811	0.00456	0.00254	0.00355	0.00101	0.00507	0.00355	0.00152	0.00406
101	0.00609	0.00307	0.00316	0.00303	0.00384	0.00307	0.00230	0.03349	0.00664	0.04517	0.00981	0.01105	0.00762	0.00352	0.00217	0.00072	0.00150	0.00281	0.84799	0.00296
102	0.00431	0.00306	0.00397	0.00375	0.00446	0.00284	0.00281	0.00573	0.00843	0.01203	0.84031	0.02203	0.02758	0.00605	0.00349	0.00094	0.00142	0.00534	0.03863	0.00284
103	0.00355	0.00305	0.00305	0.00305	0.00406	0.00254	0.00229	0.00432	0.00686	0.00813	0.03047	0.02895	0.87431	0.00762	0.00355	0.00102	0.00152	0.00635	0.00279	0.00254
104	0.00355	0.00305	0.00305	0.00305	0.00406	0.00254	0.00229	0.00432	0.00686	0.00813	0.03047	0.02895	0.87431	0.00762	0.00355	0.00102	0.00152	0.00635	0.00279	0.00254
105	0.01143	0.00843	0.00903	0.00692	0.00933	0.00933	0.00572	0.86550	0.01414	0.01896	0.00722	0.00722	0.00512	0.00361	0.00301	0.00090	0.00331	0.00271	0.00301	0.00512
106	0.91554	0.00582	0.00442	0.00396	0.00582	0.00675	0.00326	0.00884	0.00512	0.01350	0.00419	0.00489	0.00326	0.00279	0.00186	0.00093	0.00233	0.00163	0.00186	0.00326
107	0.00603	0.01556	0.87871	0.00857	0.01302	0.00699	0.01111	0.00953	0.00635	0.00953	0.00540	0.00635	0.00381	0.00286	0.00286	0.00095	0.00445	0.00222	0.00127	0.00445
108	0.01143	0.00843	0.00903	0.00692	0.00933	0.00933	0.00572	0.86550	0.01414	0.01896	0.00722	0.00722	0.00512	0.00361	0.00301	0.00090	0.00331	0.00271	0.00301	0.00512
109	0.91554	0.00582	0.00442	0.00396	0.00582	0.00675	0.00326	0.00884	0.00512	0.01350	0.00419	0.00489	0.00326	0.00279	0.00186	0.00093	0.00233	0.00163	0.00186	0.00326
110	0.01350	0.00512	0.00698	0.00535	0.00768	0.00442	0.00442	0.01466	0.00861	0.87761	0.01187	0.01024	0.00745	0.00372	0.00302	0.00093	0.00256	0.00302	0.00372	0.00512
111	0.91554	0.00582	0.00442	0.00396	0.00582	0.00675	0.00326	0.00884	0.00512	0.01350	0.00419	0.00489	0.00326	0.00279	0.00186	0.00093	0.00233	0.00163	0.00186	0.00326
112	0.00744	0.00715	0.01221	0.01846	0.87553	0.00715	0.00923	0.00923	0.00685	0.00983	0.00566	0.00744	0.00476	0.00268	0.00298	0.00089	0.00357	0.00268	0.00149	0.00476
113	0.00748	0.00646	0.00680	0.00612	0.00782	0.00748	0.00476	0.01598	0.87009	0.01258	0.01224	0.01122	0.00918	0.00408	0.00306	0.00102	0.00238	0.00340	0.00306	0.00476
114	0.00603	0.01556	0.87871	0.00857	0.01302	0.00699	0.01111	0.00953	0.00635	0.00953	0.00540	0.00635	0.00381	0.00286	0.00286	0.00095	0.00445	0.00222	0.00127	0.00445
115	0.01350	0.00512	0.00698	0.00535	0.00768	0.00442	0.00442	0.01466	0.00861	0.87761	0.01187	0.01024	0.00745	0.00372	0.00302	0.00093	0.00256	0.00302	0.00372	0.00512
116	0.01346	0.00517	0.00701	0.00538	0.00770	0.00450	0.00444	0.02774	0.00869	0.86441	0.01180	0.01019	0.00741	0.00372	0.00302	0.00093	0.00257	0.00302	0.00371	0.00512
117	0.00744	0.00715	0.01221	0.01846	0.87553	0.00715	0.00923	0.00923	0.00685	0.00983	0.00566	0.00744	0.00476	0.00268	0.00298	0.00089	0.00357	0.00268	0.00149	0.00476
118	0.00622	0.00634	0.01205	0.56068	0.05408	0.00701	0.29315	0.00840	0.00641	0.00842	0.00560	0.00803	0.00422	0.00284	0.00319	0.00100	0.00434	0.00296	0.00140	0.00364
119	0.00355	0.00305	0.00305	0.00305	0.00406	0.00254	0.00229	0.00432	0.00686	0.00813	0.03047	0.02895	0.87431	0.00762	0.00355	0.00102	0.00152	0.00635	0.00279	0.00254
120	0.00485	0.00346	0.00485	0.00554	0.00623	0.00346	0.00485	0.00623	0.00692	0.00900	0.01593	0.03393	0.01731	0.00831	0.00415	0.00138	0.00277	0.85528	0.00277	0.00277
121	0.00706	0.00842	0.05303	0.01251	0.01561	0.00758	0.82963	0.00963	0.00707	0.00963	0.00606	0.00804	0.00453	0.00255	0.00352	0.00101	0.00505	0.00350	0.00151	0.00407
122	0.00430	0.00322	0.00483	0.00483	0.00537	0.00376	0.00376	0.00537	0.00483	0.00698	0.00806	0.01182	0.00752	0.02256	0.88237	0.00483	0.00806	0.00322	0.00161	0.00269
123	0.00360	0.00305	0.00311	0.00309	0.00409	0.00256	0.00232	0.00440	0.00696	0.00837	0.08290	0.02854	0.82172	0.00753	0.00355	0.00101	0.00152	0.00629	0.00283	0.00256
124	0.01341	0.00525	0.00706	0.00541	0.00774	0.00462	0.00447	0.04859	0.00883	0.84337	0.01168	0.01012	0.00735	0.00372	0.00302	0.00093	0.00259	0.00301	0.00369	0.00512
125	0.01210	0.00791	0.03357	0.00633	0.00851	0.18699	0.01676	0.15284	0.00927	0.48890	0.00914	0.00857	0.00612	0.00391	0.01924	0.00097	0.01849	0.00273	0.00297	0.00467
126	0.00787	0.00423	0.00540	0.00462	0.00602	0.00398	0.00364	0.03755	0.08145	0.30415	0.45346	0.01717	0.03754	0.00513	0.00332	0.00095	0.00196	0.01432	0.00340	0.00384
127	0.01136	0.00839	0.00899	0.00691	0.00930	0.00929	0.00570	0.85002	0.02974	0.01884	0.00731	0.00729	0.00519	0.00362	0.00301	0.00090	0.00329	0.00272	0.00301	0.00511

[dist]
# distance from previous block
# <min> <max>
8	18

[block]
# block no. 1 follows, 96 sequences, length 43
# corresponding to MSA columns:
# 186-228
name=unknown_B
#
# <colnr> <probs for GDERKNQSTAVLIFYWHMCP>
#	G	D	E	R	K	N	Q	S	T	A	V	L	I	F	Y	W	H	M	C	P
0	0.00708	0.00722	0.04126	0.15306	0.62582	0.00714	0.08020	0.00900	0.00668	0.00942	0.00560	0.00754	0.00458	0.00277	0.00315	0.00093	0.01991	0.00273	0.00146	0.00445
1	0.00375	0.00321	0.00323	0.00320	0.00425	0.00278	0.00241	0.00489	0.04908	0.00834	0.02958	0.02808	0.83199	0.00744	0.00353	0.00102	0.00157	0.00620	0.00281	0.00265
2	0.00767	0.00761	0.01189	0.03586	0.79734	0.06809	0.00897	0.00939	0.00695	0.00961	0.00558	0.00732	0.00469	0.00272	0.00296	0.00089	0.00371	0.00263	0.00149	0.00465
3	0.00823	0.83085	0.03350	0.00529	0.00787	0.03368	0.00527	0.00925	0.00625	0.03092	0.00443	0.00502	0.00396	0.00262	0.00200	0.00066	0.00328	0.00167	0.00136	0.00390
4	0.00475	0.00343	0.00471	0.00535	0.00607	0.00339	0.00465	0.00609	0.00692	0.00894	0.01703	0.03355	0.08219	0.00826	0.00411	0.00136	0.00268	0.79102	0.00277	0.00275
5	0.00426	0.00307	0.00402	0.00378	0.00449	0.00284	0.00284	0.00568	0.00851	0.01206	0.87394	0.02247	0.02838	0.00615	0.00355	0.00095	0.00142	0.00544	0.00331	0.00284
6	0.00366	0.00262	0.00349	0.00419	0.00436	0.00244	0.00279	0.00419	0.00576	0.00768	0.01658	0.89233	0.01989	0.00942	0.00384	0.00122	0.00175	0.00855	0.00279	0.00244
7	0.01346	0.00518	0.00702	0.00538	0.00771	0.00452	0.00445	0.03122	0.00872	0.86090	0.01178	0.01018	0.00740	0.00372	0.00302	0.00093	0.00257	0.00302	0.00371	0.00512
8	0.00748	0.00646	0.00680	0.00612	0.00782	0.00748	0.00476	0.01598	0.87009	0.01258	0.01224	0.01122	0.00918	0.00408	0.00306	0.00102	0.00238	0.00340	0.00306	0.00476
9	0.01124	0.01434	0.00852	0.00775	0.00930	0.88222	0.00581	0.01201	0.00852	0.00736	0.00465	0.00542	0.00387	0.00310	0.00271	0.00077	0.00542	0.00194	0.00155	0.00349
10	0.00624	0.00535	0.00624	0.00446	0.00713	0.00401	0.00356	0.00757	0.00624	0.00980	0.00535	0.00624	0.00446	0.00223	0.00223	0.00045	0.00223	0.00178	0.00178	0.91268
11	0.00366	0.00262	0.00349	0.00419	0.00436	0.00244	0.00279	0.00419	0.00576	0.00768	0.01658	0.89233	0.01989	0.00942	0.00384	0.00122	0.00175	0.00855	0.00279	0.00244
12	0.00368	0.00263	0.00348	0.00416	0.00433	0.00246	0.00277	0.00419	0.00572	0.00763	0.01638	0.86848	0.01965	0.03360	0.00415	0.00127	0.00178	0.00844	0.00277	0.00243
13	0.00603	0.01556	0.87871	0.00857	0.01302	0.00699	0.01111	0.00953	0.00635	0.00953	0.00540	0.00635	0.00381	0.00286	0.00286	0.00095	0.00445	0.00222	0.00127	0.00445
14	0.01167	0.00804	0.00879	0.00674	0.00914	0.00876	0.00557	0.76766	0.01351	0.11770	0.00776	0.00757	0.00538	0.00362	0.00301	0.00091	0.00322	0.00274	0.00309	0.00512
15	0.00437	0.00292	0.00328	0.00328	0.00328	0.00292	0.00182	0.00437	0.00437	0.00583	0.00948	0.01968	0.01094	0.89429	0.01531	0.00292	0.00292	0.00437	0.00182	0.00182
16	0.91554	0.00582	0.00442	0.00396	0.00582	0.00675	0.00326	0.00884	0.00512	0.01350	0.00419	0.00489	0.00326	0.00279	0.00186	0.00093	0.00233	0.00163	0.00186	0.00326
17	0.00561	0.00280	0.00280	0.00280	0.00350	0.00280	0.00210	0.00701	0.00631	0.01121	0.00981	0.01121	0.00771	0.00350	0.00210	0.00070	0.00140	0.00280	0.91099	0.00280
18	0.01350	0.00512	0.00698	0.00535	0.00768	0.00442	0.00442	0.01466	0.00861	0.87761	0.01187	0.01024	0.00745	0.00372	0.00302	0.00093	0.00256	0.00302	0.00372	0.00512
19	0.00745	0.00713	0.01206	0.01812	0.85176	0.00716	0.00911	0.00942	0.03049	0.00990	0.00584	0.00755	0.00489	0.00272	0.00298	0.00090	0.00354	0.00270	0.00153	0.00476
20	0.00748	0.00646	0.00680	0.00612	0.00782	0.00748	0.00476	0.01598	0.87009	0.01258	0.01224	0.01122	0.00918	0.00408	0.00306	0.00102	0.00238	0.00340	0.00306	0.00476
21	0.00366	0.00262	0.00349	0.00419	0.00436	0.00244	0.00279	0.00419	0.00576	0.00768	0.01658	0.89233	0.01989	0.00942	0.00384	0.00122	0.00175	0.00855	0.00279	0.00244
22	0.00568	0.00535	0.00902	0.88706	0.02072	0.00668	0.00835	0.00769	0.00601	0.00769	0.00535	0.00802	0.00401	0.00301	0.00301	0.00100	0.00401	0.00267	0.00134	0.00334
23	0.01124	0.01434	0.00852	0.00775	0.00930	0.88222	0.00581	0.01201	0.00852	0.00736	0.00465	0.00542	0.00387	0.00310	0.00271	0.00077	0.00542	0.00194	0.00155	0.00349
24	0.01102	0.07279	0.00900	0.00758	0.00919	0.82452	0.00577	0.01181	0.00836	0.00734	0.00462	0.00538	0.00387	0.00306	0.00266	0.00077	0.00528	0.00192	0.00153	0.00351
25	0.01124	0.01434	0.00852	0.00775	0.00930	0.88222	0.00581	0.01201	0.00852	0.00736	0.00465	0.00542	0.00387	0.00310	0.00271	0.00077	0.00542	0.00194	0.00155	0.00349
26	0.01143	0.00843	0.00903	0.00692	0.00933	0.00933	0.00572	0.86550	0.01414	0.01896	0.00722	0.00722	0.00512	0.00361	0.00301	0.00090	0.00331	0.00271	0.00301	0.00512
27	0.01143	0.00843	0.00903	0.00692	0.00933	0.00933	0.00572	0.86550	0.01414	0.01896	0.00722	0.00722	0.00512	0.00361	0.00301	0.00090	0.00331	0.00271	0.00301	0.00512
28	0.00568	0.00535	0.00902	0.88706	0.02072	0.00668	0.00835	0.00769	0.00601	0.00769	0.00535	0.00802	0.00401	0.00301	0.00301	0.00100	0.00401	0.00267	0.00134	0.00334
29	0.00647	0.00640	0.00892	0.00767	0.00767	0.00890	0.00635	0.00710	0.00460	0.00717	0.00422	0.00722	0.00429	0.04875	0.01014	0.00139	0.84546	0.00272	0.00134	0.00322
30	0.91554	0.00582	0.00442	0.00396	0.00582	0.00675	0.00326	0.00884	0.00512	0.01350	0.00419	0.00489	0.00326	0.00279	0.00186	0.00093	0.00233	0.00163	0.00186	0.00326
31	0.00744	0.00715	0.01221	0.01846	0.87553	0.00715	0.00923	0.00923	0.00685	0.00983	0.00566	0.00744	0.00476	0.00268	0.00298	0.00089	0.00357	0.00268	0.00149	0.00476
32	0.00430	0.00322	0.00483	0.00483	0.00537	0.00376	0.00376	0.00537	0.00483	0.00698	0.00806	0.01182	0.00752	0.02256	0.88237	0.00483	0.00806	0.00322	0.00161	0.00269
33	0.00366	0.00262	0.00349	0.00419	0.00436	0.00244	0.00279	0.00419	0.00576	0.00768	0.01658	0.89233	0.01989	0.00942	0.00384	0.00122	0.00175	0.00855	0.00279	0.00244
34	0.00603	0.01556	0.87871	0.00857	0.01302	0.00699	0.01111	0.00953	0.00635	0.00953	0.00540	0.00635	0.00381	0.00286	0.00286	0.00095	0.00445	0.00222	0.00127	0.00445
35	0.00362	0.00307	0.00314	0.00317	0.00417	0.00258	0.00241	0.00441	0.00686	0.00817	0.02976	0.02919	0.83239	0.00765	0.00358	0.00103	0.00158	0.04787	0.00279	0.00255
36	0.00685	0.00704	0.02118	0.16098	0.33878	0.07763	0.16993	0.00866	0.01633	0.00883	0.00660	0.05173	0.00580	0.02474	0.07101	0.00130	0.00431	0.01279	0.00158	0.00392
37	0.00437	0.00292	0.00328	0.00328	0.00328	0.00292	0.00182	0.00437	0.00437	0.00583	0.00948	0.01968	0.01094	0.89429	0.01531	0.00292	0.00292	0.00437	0.00182	0.00182
38	0.01089	0.11549	0.00941	0.00736	0.00912	0.69064	0.00573	0.10076	0.00883	0.00854	0.00486	0.00554	0.00400	0.00309	0.00265	0.00077	0.00495	0.00198	0.00167	0.00370
39	0.00987	0.00922	0.17646	0.00805	0.11029	0.11263	0.00664	0.18867	0.02703	0.22917	0.00748	0.00761	0.00528	0.00321	0.00288	0.00086	0.00351	0.00253	0.00239	0.08622
40	0.08993	0.00747	0.02199	0.01803	0.02933	0.01835	0.46038	0.14037	0.04633	0.05350	0.00739	0.03427	0.01666	0.01546	0.00348	0.00102	0.01383	0.01606	0.00202	0.00411
41	0.07038	0.02751	0.00510	0.00449	0.00519	0.10783	0.00314	0.07405	0.02451	0.02088	0.00811	0.01432	0.00840	0.50063	0.10172	0.00242	0.01325	0.00351	0.00190	0.00265
42	0.00586	0.02276	0.58548	0.00825	0.01167	0.00654	0.10540	0.00869	0.00616	0.00905	0.01887	0.00773	0.00492	0.00637	0.15710	0.00164	0.02549	0.00260	0.00139	0.00404

[dist]
# distance from previous block
# <min> <max>
0	1

[block]
# block no. 2 follows, 96 sequences, length 34
# corresponding to MSA columns:
# 230-263
name=unknown_C
#
# <colnr> <probs for GDERKNQSTAVLIFYWHMCP>
#	G	D	E	R	K	N	Q	S	T	A	V	L	I	F	Y	W	H	M	C	P
0	0.00624	0.00535	0.00624	0.00446	0.00713	0.00401	0.00356	0.00757	0.00624	0.00980	0.00535	0.00624	0.00446	0.00223	0.00223	0.00045	0.00223	0.00178	0.00178	0.91268
1	0.00509	0.00326	0.00356	0.00338	0.00425	0.00314	0.00256	0.04784	0.01931	0.01119	0.25888	0.01800	0.19893	0.00515	0.00288	0.00085	0.00154	0.00431	0.40299	0.00290
2	0.10816	0.00581	0.00709	0.00550	0.00779	0.00558	0.00454	0.17284	0.00927	0.62631	0.01019	0.00911	0.00657	0.00360	0.00290	0.00093	0.00267	0.00282	0.00339	0.00492
3	0.50161	0.00550	0.00560	0.00460	0.00667	0.00568	0.00379	0.01151	0.00672	0.41002	0.00771	0.00734	0.00518	0.00322	0.00240	0.00093	0.00243	0.00227	0.00272	0.00411
4	0.00953	0.01138	0.00928	0.00826	0.02910	0.53507	0.05226	0.02458	0.02298	0.00779	0.00473	0.00608	0.00407	0.00371	0.00482	0.00095	0.25807	0.00228	0.00153	0.00354
5	0.00357	0.00305	0.00307	0.00306	0.00407	0.00255	0.00230	0.00435	0.00689	0.00822	0.04998	0.02880	0.85475	0.00758	0.00355	0.00101	0.00152	0.00633	0.00281	0.00255
6	0.00748	0.00646	0.00680	0.00612	0.00782	0.00748	0.00476	0.01598	0.87009	0.01258	0.01224	0.01122	0.00918	0.00408	0.00306	0.00102	0.00238	0.00340	0.00306	0.00476
7	0.01124	0.01434	0.00852	0.00775	0.00930	0.88222	0.00581	0.01201	0.00852	0.00736	0.00465	0.00542	0.00387	0.00310	0.00271	0.00077	0.00542	0.00194	0.00155	0.00349
8	0.00430	0.00322	0.00483	0.00483	0.00537	0.00376	0.00376	0.00537	0.00483	0.00698	0.00806	0.01182	0.00752	0.02256	0.88237	0.00483	0.00806	0.00322	0.00161	0.00269
9	0.00366	0.00262	0.00349	0.00419	0.00436	0.00244	0.00279	0.00419	0.00576	0.00768	0.01658	0.89233	0.01989	0.00942	0.00384	0.00122	0.00175	0.00855	0.00279	0.00244
10	0.00366	0.00262	0.00349	0.00419	0.00436	0.00244	0.00279	0.00419	0.00576	0.00768	0.01658	0.89233	0.01989	0.00942	0.00384	0.00122	0.00175	0.00855	0.00279	0.00244
11	0.00603	0.01556	0.87871	0.00857	0.01302	0.00699	0.01111	0.00953	0.00635	0.00953	0.00540	0.00635	0.00381	0.00286	0.00286	0.00095	0.00445	0.00222	0.00127	0.00445
12	0.00744	0.00715	0.01221	0.01846	0.87553	0.00715	0.00923	0.00923	0.00685	0.00983	0.00566	0.00744	0.00476	0.00268	0.00298	0.00089	0.00357	0.00268	0.00149	0.00476
13	0.06930	0.00827	0.01637	0.01183	0.01472	0.05192	0.76226	0.00970	0.00704	0.00978	0.00588	0.00776	0.00444	0.00258	0.00339	0.00100	0.00490	0.00334	0.00155	0.00397
14	0.00568	0.00535	0.00902	0.88706	0.02072	0.00668	0.00835	0.00769	0.00601	0.00769	0.00535	0.00802	0.00401	0.00301	0.00301	0.00100	0.00401	0.00267	0.00134	0.00334
15	0.00423	0.00307	0.00399	0.00376	0.00448	0.00283	0.00282	0.00563	0.00846	0.01193	0.84487	0.02269	0.05754	0.00620	0.00355	0.00095	0.00142	0.00547	0.00329	0.00283
16	0.00426	0.00307	0.00402	0.00378	0.00449	0.00284	0.00284	0.00568	0.00851	0.01206	0.87394	0.02247	0.02838	0.00615	0.00355	0.00095	0.00142	0.00544	0.00331	0.00284
17	0.34775	0.00762	0.03179	0.00640	0.00872	0.00814	0.08556	0.44269	0.00991	0.01579	0.00594	0.00641	0.00434	0.00318	0.00263	0.00092	0.00314	0.00237	0.00239	0.00431
18	0.00710	0.00811	0.01775	0.01268	0.01572	0.00761	0.86460	0.00963	0.00710	0.00963	0.00609	0.00811	0.00456	0.00254	0.00355	0.00101	0.00507	0.00355	0.00152	0.00406
19	0.00384	0.00337	0.00330	0.00330	0.00430	0.02286	0.00246	0.00480	0.03031	0.00820	0.02858	0.07760	0.78163	0.00752	0.00354	0.00102	0.00165	0.00629	0.00277	0.00262
20	0.00765	0.00744	0.02108	0.08643	0.44250	0.05151	0.07611	0.05326	0.20243	0.01058	0.00718	0.00827	0.00565	0.00308	0.00303	0.00094	0.00355	0.00287	0.00191	0.00454
21	0.04207	0.04483	0.01971	0.00761	0.00923	0.78092	0.01743	0.01164	0.00820	0.00762	0.00463	0.00546	0.00386	0.00310	0.00281	0.00079	0.02309	0.00195	0.00154	0.00351
22	0.00603	0.01556	0.87871	0.00857	0.01302	0.00699	0.01111	0.00953	0.00635	0.00953	0.00540	0.00635	0.00381	0.00286	0.00286	0.00095	0.00445	0.00222	0.00127	0.00445
23	0.00568	0.00535	0.00902	0.88706	0.02072	0.00668	0.00835	0.00769	0.00601	0.00769	0.00535	0.00802	0.00401	0.00301	0.00301	0.00100	0.00401	0.00267	0.00134	0.00334
24	0.01124	0.01434	0.00852	0.00775	0.00930	0.88222	0.00581	0.01201	0.00852	0.00736	0.00465	0.00542	0.00387	0.00310	0.00271	0.00077	0.00542	0.00194	0.00155	0.00349
25	0.00437	0.00293	0.00333	0.00333	0.00335	0.00294	0.00189	0.00441	0.00439	0.00587	0.00943	0.01942	0.01082	0.86464	0.04481	0.00298	0.00309	0.00433	0.00182	0.00185
26	0.00658	0.00658	0.00921	0.00790	0.00790	0.00921	0.00658	0.00724	0.00461	0.00724	0.00395	0.00658	0.00395	0.00526	0.00987	0.00132	0.88879	0.00263	0.00132	0.00329
27	0.00355	0.00305	0.00305	0.00305	0.00406	0.00254	0.00229	0.00432	0.00686	0.00813	0.03047	0.02895	0.87431	0.00762	0.00355	0.00102	0.00152	0.00635	0.00279	0.00254
28	0.00437	0.00292	0.00328	0.00328	0.00328	0.00292	0.00182	0.00437	0.00437	0.00583	0.00948	0.01968	0.01094	0.89429	0.01531	0.00292	0.00292	0.00437	0.00182	0.00182
29	0.00430	0.00322	0.00483	0.00483	0.00537	0.00376	0.00376	0.00537	0.00483	0.00698	0.00806	0.01182	0.00752	0.02256	0.88237	0.00483	0.00806	0.00322	0.00161	0.00269
30	0.00710	0.00811	0.01775	0.01268	0.01572	0.00761	0.86460	0.00963	0.00710	0.00963	0.00609	0.00811	0.00456	0.00254	0.00355	0.00101	0.00507	0.00355	0.00152	0.00406
31	0.00430	0.00290	0.00339	0.00346	0.00351	0.00292	0.00203	0.00442	0.00454	0.00608	0.01010	0.10554	0.01162	0.75483	0.06582	0.00286	0.00311	0.00472	0.00191	0.00194
32	0.00769	0.00647	0.00685	0.00612	0.00785	0.00745	0.00477	0.03159	0.83458	0.03254	0.01214	0.01113	0.00907	0.00406	0.00306	0.00102	0.00240	0.00338	0.00307	0.00478
33	0.00741	0.00711	0.01214	0.03781	0.85649	0.00714	0.00921	0.00920	0.00683	0.00978	0.00565	0.00746	0.00475	0.00269	0.00298	0.00090	0.00358	0.00268	0.00149	0.00473

[dist]
# distance from previous block
# <min> <max>
0	2

[block]
# block no. 3 follows, 96 sequences, length 21
# corresponding to MSA columns:
# 266-286
name=unknown_D
#
# <colnr> <probs for GDERKNQSTAVLIFYWHMCP>
#	G	D	E	R	K	N	Q	S	T	A	V	L	I	F	Y	W	H	M	C	P
0	0.00931	0.03195	0.00827	0.00640	0.03498	0.04019	0.00505	0.46120	0.04763	0.01459	0.00658	0.00694	0.00498	0.00309	0.00271	0.00074	0.00299	0.00237	0.00245	0.30758
1	0.00715	0.36958	0.27962	0.00653	0.00971	0.00840	0.05663	0.00918	0.02002	0.02911	0.00520	0.00598	0.00417	0.00264	0.00241	0.00074	0.00349	0.00201	0.00147	0.17598
2	0.00902	0.02296	0.09497	0.02052	0.12540	0.18350	0.17497	0.05822	0.07831	0.13909	0.02320	0.00799	0.00562	0.00325	0.00331	0.00093	0.03960	0.00280	0.00205	0.00428
3	0.00440	0.00339	0.00529	0.00511	0.00573	0.00389	0.03399	0.00552	0.00491	0.00708	0.00799	0.01169	0.00742	0.02186	0.85152	0.00470	0.00795	0.00323	0.00161	0.00273
4	0.00621	0.00593	0.01060	0.65497	0.10542	0.00683	0.13511	0.00825	0.00630	0.02359	0.00560	0.00801	0.00423	0.00292	0.00308	0.00099	0.00410	0.00281	0.00142	0.00362
5	0.00720	0.00852	0.07452	0.01232	0.06054	0.00763	0.70220	0.04020	0.01895	0.00996	0.00610	0.00794	0.00459	0.00268	0.00358	0.00101	0.02299	0.00336	0.00157	0.00415
6	0.00685	0.00557	0.00690	0.00623	0.02093	0.04129	0.08342	0.05414	0.28841	0.07265	0.04221	0.13886	0.09955	0.00555	0.00340	0.00107	0.00267	0.11370	0.00278	0.00382
7	0.00433	0.00297	0.00360	0.00362	0.00373	0.00307	0.00224	0.00456	0.00452	0.00613	0.00946	0.05053	0.01059	0.68920	0.18620	0.00323	0.00389	0.00430	0.00182	0.00202
8	0.91554	0.00582	0.00442	0.00396	0.00582	0.00675	0.00326	0.00884	0.00512	0.01350	0.00419	0.00489	0.00326	0.00279	0.00186	0.00093	0.00233	0.00163	0.00186	0.00326
9	0.00401	0.00305	0.00368	0.00355	0.00435	0.00273	0.00265	0.00518	0.00788	0.01063	0.56902	0.05105	0.30780	0.00673	0.00356	0.00098	0.00146	0.00583	0.00312	0.00273
10	0.00699	0.00779	0.01665	0.03909	0.03247	0.00739	0.77221	0.02315	0.00712	0.00965	0.00650	0.04427	0.00519	0.00285	0.00352	0.00102	0.00484	0.00370	0.00159	0.00400
11	0.24591	0.00666	0.06202	0.00818	0.11886	0.01370	0.16874	0.03116	0.04251	0.05021	0.01529	0.08017	0.00695	0.00380	0.00290	0.00097	0.00317	0.06861	0.00203	0.06816
12	0.00624	0.00535	0.00624	0.00446	0.00713	0.00401	0.00356	0.00757	0.00624	0.00980	0.00535	0.00624	0.00446	0.00223	0.00223	0.00045	0.00223	0.00178	0.00178	0.91268
13	0.00632	0.13081	0.74651	0.00821	0.01238	0.00764	0.02925	0.00946	0.00634	0.00921	0.00525	0.00619	0.00383	0.00281	0.00275	0.00091	0.00430	0.00217	0.00128	0.00436
14	0.00802	0.00775	0.02995	0.03850	0.07546	0.03427	0.39371	0.08996	0.19792	0.05989	0.00771	0.00863	0.00574	0.00316	0.00342	0.00099	0.02526	0.00322	0.00210	0.00437
15	0.00430	0.00322	0.00483	0.00483	0.00537	0.00376	0.00376	0.00537	0.00483	0.00698	0.00806	0.01182	0.00752	0.02256	0.88237	0.00483	0.00806	0.00322	0.00161	0.00269
16	0.00416	0.00338	0.00417	0.00391	0.00485	0.00310	0.03101	0.00562	0.05057	0.00985	0.34988	0.07210	0.40668	0.00724	0.02900	0.00111	0.00184	0.00579	0.00293	0.00281
17	0.00430	0.00322	0.00483	0.00483	0.00537	0.00376	0.00376	0.00537	0.00483	0.00698	0.00806	0.01182	0.00752	0.02256	0.88237	0.00483	0.00806	0.00322	0.00161	0.00269
18	0.00732	0.00630	0.00666	0.00604	0.00768	0.00727	0.00468	0.01549	0.83427	0.01238	0.01242	0.04774	0.00963	0.00430	0.00309	0.00103	0.00235	0.00361	0.00305	0.00466
19	0.02933	0.00743	0.00844	0.00678	0.03385	0.00794	0.00542	0.60703	0.01222	0.20849	0.00817	0.00800	0.00566	0.00421	0.03187	0.00104	0.00329	0.00277	0.00305	0.00499
20	0.05130	0.00553	0.00745	0.02798	0.05224	0.00515	0.01854	0.05525	0.04925	0.67843	0.01076	0.00968	0.00697	0.00360	0.00298	0.00093	0.00270	0.00295	0.00337	0.00494

[dist]
# distance from previous block
# <min> <max>
0	2

[block]
# block no. 4 follows, 96 sequences, length 8
# corresponding to MSA columns:
# 289-296
name=unknown_E
#
# <colnr> <probs for GDERKNQSTAVLIFYWHMCP>
#	G	D	E	R	K	N	Q	S	T	A	V	L	I	F	Y	W	H	M	C	P
0	0.00560	0.00297	0.00302	0.00303	0.00375	0.00301	0.00226	0.00729	0.04683	0.01110	0.01026	0.05465	0.00838	0.00382	0.00223	0.00074	0.00146	0.00311	0.82360	0.00288
1	0.00594	0.00507	0.00535	0.00493	0.00632	0.00549	0.00380	0.01134	0.51837	0.01108	0.08755	0.01793	0.29373	0.00540	0.00326	0.00101	0.00202	0.00453	0.00299	0.00388
2	0.01036	0.07029	0.03606	0.00707	0.03293	0.09932	0.00575	0.50111	0.14671	0.04879	0.00761	0.00759	0.00558	0.00352	0.00291	0.00089	0.00339	0.00266	0.00268	0.00477
3	0.00654	0.00358	0.00475	0.00417	0.00528	0.00323	0.00323	0.00790	0.00854	0.22614	0.66073	0.01944	0.02320	0.00555	0.00342	0.00094	0.00170	0.00484	0.00341	0.00340
4	0.00797	0.61025	0.18033	0.00627	0.00913	0.07467	0.03122	0.03519	0.00661	0.00800	0.00460	0.00533	0.00391	0.00270	0.00224	0.00073	0.00367	0.00184	0.00136	0.00399
5	0.35785	0.00743	0.00748	0.00657	0.04120	0.09488	0.07580	0.12882	0.22899	0.01294	0.00693	0.00725	0.00526	0.00324	0.00259	0.00094	0.00306	0.00246	0.00225	0.00405
6	0.00382	0.00306	0.00345	0.00356	0.00441	0.00268	0.00272	0.00473	0.00700	0.00877	0.15362	0.11670	0.56136	0.00766	0.00365	0.00107	0.00167	0.10460	0.00287	0.00260
7	0.00829	0.68113	0.01370	0.00560	0.00785	0.15042	0.00523	0.00926	0.00656	0.00728	0.00523	0.00733	0.00498	0.00313	0.00224	0.00073	0.00353	0.07236	0.00145	0.00371

[dist]
# distance from previous block
# <min> <max>
0	15

[block]
# block no. 5 follows, 96 sequences, length 52
# corresponding to MSA columns:
# 312-363
name=unknown_F
#
# <colnr> <probs for GDERKNQSTAVLIFYWHMCP>
#	G	D	E	R	K	N	Q	S	T	A	V	L	I	F	Y	W	H	M	C	P
0	0.91554	0.00582	0.00442	0.00396	0.00582	0.00675	0.00326	0.00884	0.00512	0.01350	0.00419	0.00489	0.00326	0.00279	0.00186	0.00093	0.00233	0.00163	0.00186	0.00326
