[name]
unknown

[dist]
# distance from previous block
# <min> <max>
2	57

[block]
# block no. 0 follows, 77 sequences, length 9
# corresponding to MSA columns:
# 58-66
name=unknown_A
#
# <colnr> <probs for GDERKNQSTAVLIFYWHMCP>
#	G	D	E	R	K	N	Q	S	T	A	V	L	I	F	Y	W	H	M	C	P
0	0.00515	0.00378	0.00479	0.00454	0.00539	0.00356	0.00337	0.00691	0.03314	0.01345	0.68858	0.02651	0.09323	0.06126	0.02940	0.00142	0.00207	0.00637	0.00374	0.00335
1	0.00615	0.00319	0.00479	0.00479	0.00485	0.00325	0.00325	0.00485	0.00479	0.00644	0.00656	0.01123	0.00650	0.01384	0.09256	0.81273	0.00373	0.00319	0.00160	0.00172
2	0.00484	0.00360	0.00450	0.00442	0.00525	0.00326	0.00326	0.00624	0.00936	0.01282	0.58289	0.14049	0.18937	0.00821	0.00429	0.00119	0.00177	0.00721	0.00376	0.00326
3	0.00886	0.00720	0.00797	0.00592	0.00895	0.03737	0.00474	0.09058	0.04760	0.06257	0.00742	0.00810	0.00585	0.00307	0.00288	0.00067	0.00296	0.00242	0.00247	0.68240
4	0.00949	0.55007	0.01607	0.00853	0.10136	0.07722	0.03823	0.02505	0.05175	0.00975	0.02876	0.00829	0.03306	0.00364	0.00303	0.00090	0.02559	0.00265	0.00187	0.00469
5	0.03704	0.17200	0.17223	0.00884	0.09222	0.02277	0.04843	0.06340	0.02752	0.04791	0.00733	0.03986	0.00605	0.00355	0.00310	0.00091	0.00386	0.00288	0.00213	0.23798
6	0.09205	0.14694	0.14708	0.04446	0.11522	0.06116	0.06135	0.08818	0.09779	0.03407	0.02727	0.00875	0.00637	0.00379	0.00357	0.00107	0.03691	0.00298	0.00223	0.01877
7	0.05398	0.17677	0.23727	0.04913	0.04598	0.09204	0.08709	0.02855	0.09073	0.01128	0.03550	0.02920	0.00680	0.00393	0.00362	0.00108	0.03712	0.00312	0.00201	0.00479
8	0.03693	0.04894	0.06382	0.00659	0.03965	0.00574	0.03173	0.03361	0.11346	0.05993	0.26636	0.16549	0.04877	0.05713	0.00475	0.00132	0.00278	0.00571	0.00321	0.00409

[dist]
# distance from previous block
# <min> <max>
22	39

[block]
# block no. 1 follows, 77 sequences, length 64
# corresponding to MSA columns:
# 110-173
name=unknown_B
#
# <colnr> <probs for GDERKNQSTAVLIFYWHMCP>
#	G	D	E	R	K	N	Q	S	T	A	V	L	I	F	Y	W	H	M	C	P
0	0.00680	0.01565	0.06445	0.15378	0.15283	0.02165	0.06357	0.00880	0.01769	0.03004	0.20224	0.05408	0.12858	0.02818	0.00438	0.00123	0.01591	0.01193	0.01406	0.00413
1	0.00679	0.04335	0.19114	0.00845	0.04081	0.00677	0.13617	0.02311	0.09465	0.01175	0.13477	0.07535	0.17622	0.00579	0.00413	0.00119	0.02744	0.00509	0.00266	0.00436
2	0.00567	0.00430	0.01578	0.00479	0.00580	0.00400	0.00358	0.00753	0.07229	0.03572	0.32114	0.07090	0.16687	0.15430	0.06143	0.00185	0.00279	0.02164	0.00327	0.03636
3	0.00945	0.17967	0.11597	0.08447	0.15936	0.05391	0.02200	0.07180	0.04460	0.08642	0.00895	0.03916	0.03755	0.00399	0.00330	0.00102	0.00404	0.00326	0.00228	0.06879
4	0.00813	0.00710	0.05617	0.01510	0.02959	0.05203	0.12400	0.05843	0.04254	0.11772	0.12717	0.06759	0.21785	0.01660	0.00423	0.00120	0.01190	0.01902	0.01937	0.00428
5	0.03111	0.21261	0.08821	0.01814	0.12667	0.10186	0.00761	0.27437	0.01103	0.05179	0.03868	0.00847	0.00651	0.00382	0.00323	0.00100	0.00423	0.00289	0.00249	0.00526
6	0.00889	0.17926	0.15586	0.01759	0.14074	0.05072	0.06478	0.07218	0.07252	0.03594	0.02606	0.06598	0.02487	0.01574	0.01501	0.00118	0.04196	0.00362	0.00223	0.00488
7	0.00514	0.00409	0.00525	0.00511	0.00606	0.00389	0.03430	0.00712	0.08170	0.01160	0.29117	0.26991	0.22905	0.00887	0.01875	0.00134	0.00224	0.00750	0.00349	0.00342
8	0.00819	0.08429	0.28868	0.00805	0.01101	0.01686	0.07413	0.06654	0.00812	0.07062	0.02966	0.01247	0.04996	0.10110	0.01616	0.02785	0.04932	0.01744	0.02212	0.03744
9	0.00943	0.00902	0.04254	0.09357	0.16381	0.12261	0.02386	0.05835	0.03963	0.06415	0.00729	0.00843	0.00570	0.00332	0.00321	0.00088	0.00396	0.00274	0.00223	0.33527
10	0.00755	0.00503	0.01762	0.00490	0.00618	0.03589	0.00385	0.07673	0.00991	0.08657	0.41006	0.01924	0.03057	0.00576	0.00358	0.00103	0.00222	0.00487	0.26455	0.00389
11	0.01322	0.01675	0.01009	0.00912	0.01102	0.82756	0.00685	0.01417	0.01009	0.00891	0.00559	0.00652	0.00466	0.00367	0.00322	0.00091	0.00635	0.00231	0.00186	0.03713
12	0.00813	0.00652	0.00763	0.00549	0.00866	0.00506	0.00441	0.04018	0.00795	0.05471	0.00687	0.00774	0.00554	0.00282	0.00275	0.00058	0.00273	0.00225	0.00230	0.81770
13	0.02152	0.02278	0.01715	0.00655	0.00925	0.03595	0.00535	0.24130	0.08811	0.13502	0.05359	0.01117	0.04642	0.00418	0.00332	0.00092	0.00319	0.00331	0.00313	0.28779
14	0.00940	0.00861	0.01168	0.06722	0.30615	0.07030	0.06911	0.08041	0.21934	0.04037	0.00992	0.01093	0.02734	0.00515	0.04692	0.00136	0.00439	0.00359	0.00253	0.00527
15	0.00523	0.00349	0.00392	0.00392	0.00392	0.00349	0.00218	0.00523	0.00523	0.00697	0.01133	0.02354	0.01308	0.87359	0.01831	0.00349	0.00349	0.00523	0.00218	0.00218
16	0.01041	0.61504	0.05523	0.00711	0.00998	0.21582	0.00667	0.01181	0.02331	0.00880	0.00538	0.00617	0.00473	0.00328	0.00261	0.00083	0.00453	0.00209	0.00165	0.00456
17	0.05254	0.00880	0.01345	0.06068	0.69436	0.06275	0.01024	0.01105	0.00817	0.01163	0.00690	0.00946	0.00589	0.00344	0.00351	0.00108	0.00434	0.02450	0.00184	0.00537
18	0.00684	0.00391	0.00469	0.00436	0.00546	0.00372	0.00333	0.00857	0.02573	0.10327	0.33847	0.02045	0.09489	0.00702	0.04538	0.00126	0.00226	0.00502	0.31168	0.00368
19	0.02464	0.50540	0.19893	0.00762	0.01107	0.07233	0.02606	0.07694	0.00841	0.03075	0.00592	0.00669	0.00483	0.00333	0.00279	0.00091	0.00437	0.00231	0.00181	0.00488
20	0.01075	0.62124	0.01628	0.00708	0.00979	0.26469	0.00639	0.01184	0.00816	0.00856	0.00517	0.00598	0.00462	0.00326	0.00259	0.00082	0.00463	0.00204	0.00163	0.00448
21	0.00558	0.00400	0.00554	0.00635	0.00710	0.00396	0.00541	0.00708	0.00810	0.01054	0.01952	0.14897	0.03892	0.01009	0.00490	0.00162	0.00312	0.70263	0.00332	0.00326
22	0.01496	0.00801	0.00952	0.00730	0.01013	0.00809	0.00603	0.41052	0.01346	0.45618	0.01153	0.01052	0.00757	0.00439	0.00361	0.00110	0.00349	0.00344	0.00404	0.00612
23	0.00873	0.01548	0.59006	0.01005	0.02786	0.00855	0.05326	0.14679	0.00932	0.05288	0.00769	0.00933	0.00568	0.00383	0.00356	0.00115	0.00493	0.03336	0.00208	0.00539
24	0.00444	0.00317	0.00424	0.00508	0.00532	0.00298	0.00345	0.00512	0.00695	0.00925	0.01979	0.83484	0.02366	0.01121	0.00461	0.00147	0.00214	0.04602	0.00334	0.00294
25	0.00887	0.00766	0.00810	0.00722	0.00931	0.00874	0.00562	0.01861	0.80230	0.01488	0.01422	0.01312	0.01069	0.00477	0.00361	0.00119	0.00284	0.00397	0.00358	0.05070
26	0.00740	0.00719	0.00937	0.00827	0.00849	0.05202	0.00670	0.00823	0.00578	0.00847	0.00627	0.01027	0.00622	0.07710	0.18323	0.00254	0.58367	0.00341	0.00171	0.00367
27	0.00438	0.00313	0.00417	0.00501	0.00522	0.00292	0.00334	0.00501	0.00689	0.00918	0.01983	0.87124	0.02379	0.01127	0.00459	0.00146	0.00209	0.01023	0.00334	0.00292
28	0.01345	0.01665	0.01024	0.00920	0.01112	0.79994	0.00694	0.07195	0.01066	0.00977	0.00577	0.00664	0.00474	0.00375	0.00327	0.00094	0.00631	0.00238	0.00198	0.00431
29	0.00721	0.01861	0.85495	0.01025	0.01557	0.00835	0.01329	0.01139	0.00759	0.01139	0.00646	0.00759	0.00456	0.00342	0.00342	0.00114	0.00532	0.00266	0.00152	0.00532
30	0.00858	0.00636	0.00757	0.00547	0.00861	0.00486	0.00439	0.01015	0.00782	0.12021	0.00740	0.00808	0.00579	0.00289	0.00279	0.00061	0.00272	0.00232	0.00243	0.78096
31	0.01377	0.00992	0.01070	0.00820	0.01108	0.01092	0.00678	0.80672	0.01665	0.05547	0.00886	0.00878	0.00623	0.00432	0.00360	0.00108	0.00392	0.00325	0.00363	0.00612
32	0.00502	0.00366	0.00472	0.00448	0.00534	0.00336	0.00335	0.00664	0.00998	0.01400	0.77747	0.04765	0.08573	0.00756	0.00425	0.00114	0.00171	0.00666	0.00391	0.00336
33	0.00456	0.00331	0.00430	0.00478	0.00523	0.00305	0.00331	0.00548	0.00784	0.01059	0.23720	0.58880	0.08805	0.01009	0.00447	0.00136	0.00197	0.00906	0.00350	0.00305
34	0.00782	0.03014	0.00798	0.00710	0.00794	0.18557	0.00554	0.00883	0.00677	0.03037	0.00796	0.01182	0.00747	0.08693	0.40038	0.00350	0.17494	0.00345	0.00192	0.00358
35	0.01344	0.01714	0.01019	0.00927	0.01112	0.85915	0.00695	0.01436	0.01019	0.00880	0.00556	0.00649	0.00463	0.00371	0.00324	0.00093	0.00649	0.00232	0.00185	0.00417
36	0.00441	0.00315	0.00420	0.00504	0.00526	0.00294	0.00338	0.00505	0.00691	0.00921	0.01981	0.85712	0.02374	0.01125	0.00460	0.00146	0.00211	0.02411	0.00334	0.00293
37	0.00748	0.02200	0.35058	0.02486	0.12714	0.00741	0.10944	0.02688	0.00771	0.03281	0.00845	0.01232	0.00721	0.04752	0.12946	0.00196	0.00555	0.06456	0.00193	0.00472
38	0.02078	0.00922	0.02298	0.04626	0.11226	0.26035	0.01975	0.04482	0.02052	0.02739	0.03560	0.27975	0.02882	0.00639	0.00424	0.00119	0.04775	0.00533	0.00253	0.00407
39	0.00679	0.00639	0.01079	0.86494	0.02477	0.00799	0.00999	0.00919	0.00719	0.00919	0.00639	0.00959	0.00480	0.00360	0.00360	0.00120	0.00480	0.00320	0.00160	0.00400
40	0.00514	0.00384	0.00569	0.00569	0.00630	0.00445	0.00438	0.00636	0.00575	0.00828	0.00972	0.01461	0.00920	0.06980	0.81679	0.00566	0.00932	0.00392	0.00194	0.00316
41	0.00912	0.06218	0.10245	0.05665	0.20343	0.10457	0.12101	0.04485	0.02555	0.06343	0.00936	0.07406	0.00840	0.00471	0.00384	0.00117	0.01378	0.08439	0.00228	0.00480
42	0.00961	0.65163	0.10817	0.00683	0.01003	0.02483	0.01819	0.07889	0.00820	0.01020	0.00577	0.00658	0.00493	0.00327	0.00258	0.00085	0.00399	0.00221	0.03848	0.00476
43	0.10144	0.69631	0.01656	0.00631	0.00920	0.08176	0.00600	0.03094	0.00765	0.00962	0.00513	0.00590	0.00458	0.00318	0.00241	0.00082	0.00395	0.00199	0.00168	0.00454
44	0.00620	0.00512	0.00619	0.00729	0.09036	0.05244	0.00480	0.06671	0.00813	0.01056	0.01747	0.51331	0.06058	0.02808	0.00467	0.00142	0.00285	0.10720	0.00309	0.00354
45	0.00429	0.00365	0.00370	0.00371	0.00491	0.00306	0.00279	0.00523	0.00824	0.00983	0.05364	0.03454	0.81951	0.00908	0.00426	0.00122	0.00184	0.02007	0.00335	0.00305
46	0.00514	0.00385	0.00578	0.00578	0.00642	0.00450	0.00450	0.00642	0.00578	0.00835	0.00963	0.01413	0.00899	0.02698	0.85933	0.00578	0.00963	0.00385	0.00193	0.00321
47	0.00895	0.00773	0.00813	0.00732	0.00935	0.00895	0.00569	0.01911	0.84465	0.01505	0.01464	0.01342	0.01098	0.00488	0.00366	0.00122	0.00285	0.00407	0.00366	0.00569
48	0.00529	0.00395	0.00583	0.00578	0.00641	0.00463	0.00451	0.00657	0.00585	0.00858	0.00959	0.01392	0.00888	0.02538	0.79733	0.00544	0.03402	0.00381	0.04099	0.00324
49	0.01367	0.01008	0.01080	0.00828	0.01115	0.01115	0.00684	0.83915	0.01691	0.02267	0.00864	0.00864	0.00612	0.00432	0.00360	0.00108	0.00396	0.00324	0.00360	0.00612
50	0.89899	0.00696	0.00529	0.00473	0.00696	0.00807	0.00390	0.01057	0.00612	0.01614	0.00501	0.00584	0.00390	0.00334	0.00223	0.00111	0.00278	0.00195	0.00223	0.00390
51	0.00438	0.00313	0.00417	0.00501	0.00522	0.00292	0.00334	0.00501	0.00689	0.00918	0.01983	0.87124	0.02379	0.01127	0.00459	0.00146	0.00209	0.01023	0.00334	0.00292
52	0.00523	0.00349	0.00392	0.00392	0.00392	0.00349	0.00218	0.00523	0.00523	0.00697	0.01133	0.02354	0.01308	0.87359	0.01831	0.00349	0.00349	0.00523	0.00218	0.00218
53	0.00438	0.00313	0.00417	0.00501	0.00522	0.00292	0.00334	0.00501	0.00689	0.00918	0.01983	0.87124	0.02379	0.01127	0.00459	0.00146	0.00209	0.01023	0.00334	0.00292
54	0.00509	0.00368	0.00481	0.00453	0.00537	0.00339	0.00339	0.00679	0.01018	0.01442	0.84925	0.02687	0.03394	0.00735	0.00424	0.00113	0.00170	0.00651	0.00396	0.00339
55	0.01579	0.00620	0.00834	0.00644	0.00919	0.00547	0.00531	0.01761	0.05110	0.81263	0.01421	0.01230	0.00901	0.00447	0.00362	0.00112	0.00305	0.00364	0.00441	0.00610
56	0.00444	0.00361	0.00393	0.00393	0.00499	0.00310	0.00292	0.00550	0.00852	0.01067	0.20738	0.09559	0.61507	0.00890	0.00427	0.00122	0.00182	0.00756	0.00347	0.00310
57	0.01344	0.01714	0.01019	0.00927	0.01112	0.85915	0.00695	0.01436	0.01019	0.00880	0.00556	0.00649	0.00463	0.00371	0.00324	0.00093	0.00649	0.00232	0.00185	0.00417
58	0.00746	0.00639	0.00746	0.00533	0.00852	0.00480	0.00426	0.00906	0.00746	0.01172	0.00639	0.00746	0.00533	0.00266	0.00266	0.00053	0.00266	0.00213	0.00213	0.89558
59	0.00514	0.00385	0.00578	0.00578	0.00642	0.00450	0.00450	0.00642	0.00578	0.00835	0.00963	0.01413	0.00899	0.02698	0.85933	0.00578	0.00963	0.00385	0.00193	0.00321
60	0.00945	0.00838	0.01258	0.06464	0.47124	0.01866	0.03370	0.13299	0.07896	0.02689	0.00802	0.01995	0.00647	0.00387	0.00406	0.00112	0.05544	0.00340	0.03479	0.00540
61	0.01118	0.06360	0.07368	0.02897	0.11899	0.32640	0.02992	0.17066	0.02562	0.01233	0.01480	0.00851	0.00581	0.00401	0.00393	0.00105	0.05977	0.01934	0.00220	0.01925
62	0.00442	0.00331	0.00416	0.00472	0.00520	0.00305	0.00326	0.00518	0.00725	0.00946	0.05364	0.60389	0.21389	0.01142	0.04773	0.00161	0.00239	0.00916	0.00329	0.00298
63	0.02478	0.03199	0.05307	0.07027	0.12097	0.26670	0.02704	0.05015	0.00886	0.02475	0.00639	0.00763	0.00514	0.00329	0.00314	0.00087	0.00450	0.00255	0.00202	0.28591

[dist]
# distance from previous block
# <min> <max>
0	1

[block]
# block no. 2 follows, 77 sequences, length 8
# corresponding to MSA columns:
# 175-182
name=unknown_C
#
# <colnr> <probs for GDERKNQSTAVLIFYWHMCP>
#	G	D	E	R	K	N	Q	S	T	A	V	L	I	F	Y	W	H	M	C	P
0	0.00476	0.00385	0.00418	0.00427	0.00531	0.00346	0.00313	0.03249	0.03392	0.01031	0.05578	0.24177	0.56537	0.00931	0.00430	0.00127	0.00198	0.00797	0.00338	0.00320
1	0.00515	0.00383	0.00565	0.00565	0.00624	0.00442	0.00433	0.00634	0.00574	0.00825	0.00976	0.01481	0.00929	0.08794	0.79877	0.00562	0.00919	0.00395	0.00195	0.00314
2	0.04789	0.19147	0.08374	0.00803	0.01082	0.15245	0.03553	0.21646	0.17672	0.03058	0.00829	0.00853	0.00633	0.00391	0.00323	0.00103	0.00426	0.00291	0.00261	0.00519
3	0.03993	0.18989	0.11310	0.05976	0.07803	0.10551	0.20200	0.04691	0.05166	0.01122	0.00669	0.00809	0.00530	0.00342	0.00350	0.00104	0.02289	0.00297	0.00191	0.04618
4	0.03152	0.28113	0.16311	0.04367	0.07540	0.04663	0.00799	0.17359	0.03839	0.06133	0.00707	0.00779	0.00546	0.00364	0.00326	0.00100	0.02146	0.00268	0.00224	0.02263
5	0.00640	0.00518	0.00673	0.00661	0.03089	0.00569	0.02043	0.04164	0.13254	0.01087	0.06975	0.05031	0.10673	0.09858	0.20917	0.00261	0.07172	0.11763	0.00277	0.00375
6	0.00457	0.00363	0.00429	0.03399	0.00581	0.00328	0.00335	0.00561	0.00817	0.01038	0.16545	0.23995	0.45139	0.00919	0.00434	0.00128	0.00202	0.03681	0.00338	0.00311
7	0.00968	0.08463	0.07691	0.08422	0.23705	0.16157	0.11621	0.08767	0.02567	0.01159	0.00720	0.02335	0.00601	0.00383	0.00377	0.00109	0.02914	0.02346	0.00201	0.00494

[dist]
# distance from previous block
# <min> <max>
0	36

[block]
# block no. 3 follows, 77 sequences, length 51
# corresponding to MSA columns:
# 219-269
name=unknown_D
#
# <colnr> <probs for GDERKNQSTAVLIFYWHMCP>
#	G	D	E	R	K	N	Q	S	T	A	V	L	I	F	Y	W	H	M	C	P
0	0.00905	0.19612	0.10003	0.08351	0.15993	0.05068	0.06197	0.10024	0.01949	0.03942	0.03616	0.02152	0.06184	0.02332	0.00370	0.00109	0.00413	0.00345	0.01954	0.00480
1	0.00865	0.00878	0.03267	0.00826	0.06499	0.20175	0.06089	0.04313	0.07695	0.03026	0.04337	0.20702	0.02603	0.00569	0.00368	0.00109	0.00382	0.01792	0.03394	0.12108
2	0.00863	0.00842	0.05980	0.04094	0.39406	0.01728	0.03433	0.05871	0.00851	0.02867	0.02374	0.01966	0.00635	0.00334	0.00333	0.00093	0.00382	0.00303	0.00209	0.27435
3	0.00746	0.00639	0.00746	0.00533	0.00852	0.00480	0.00426	0.00906	0.00746	0.01172	0.00639	0.00746	0.00533	0.00266	0.00266	0.00053	0.00266	0.00213	0.00213	0.89558
4	0.00787	0.00787	0.01102	0.00944	0.00944	0.01102	0.00787	0.00866	0.00551	0.00866	0.00472	0.00787	0.00472	0.00630	0.01180	0.00157	0.86700	0.00315	0.00157	0.00393
5	0.00432	0.00362	0.00375	0.00377	0.00491	0.00306	0.00281	0.00527	0.00828	0.01002	0.09267	0.07300	0.75405	0.00909	0.00427	0.00122	0.00183	0.00764	0.00338	0.00306
6	0.00523	0.00351	0.00403	0.00403	0.00406	0.00354	0.00231	0.00530	0.00526	0.00705	0.01124	0.02302	0.01285	0.82683	0.06476	0.00361	0.00383	0.00515	0.00217	0.00224
7	0.08025	0.00730	0.04858	0.00660	0.00936	0.03495	0.00564	0.06753	0.01026	0.63720	0.04607	0.01172	0.00901	0.00440	0.00352	0.00111	0.00327	0.00350	0.00399	0.00574
8	0.00541	0.00497	0.04197	0.00483	0.00623	0.00435	0.00390	0.00823	0.14583	0.01213	0.28537	0.04096	0.40707	0.00765	0.00412	0.00119	0.00211	0.00650	0.00351	0.00368
9	0.01496	0.00656	0.00844	0.00663	0.00931	0.00613	0.00543	0.06083	0.13202	0.68808	0.01397	0.01223	0.00906	0.00451	0.00362	0.00113	0.00308	0.00366	0.00429	0.00606
10	0.00774	0.05943	0.70259	0.01059	0.03374	0.04828	0.06582	0.01150	0.00777	0.01115	0.00640	0.00762	0.00465	0.00338	0.00341	0.00111	0.00532	0.00272	0.00156	0.00521
11	0.06982	0.01281	0.33702	0.03663	0.05801	0.12802	0.05871	0.06640	0.00862	0.05624	0.00923	0.06503	0.04576	0.02745	0.00391	0.00119	0.00465	0.00358	0.00216	0.00476
12	0.01408	0.00656	0.00828	0.00663	0.00920	0.00629	0.00539	0.03785	0.21620	0.60943	0.03112	0.01274	0.00986	0.00461	0.00364	0.00114	0.00300	0.00378	0.00423	0.00596
13	0.00522	0.00392	0.00551	0.00549	0.00597	0.00447	0.00409	0.00618	0.00579	0.00818	0.01108	0.06401	0.03483	0.18889	0.58417	0.00477	0.04778	0.00455	0.00208	0.00302
14	0.01715	0.06662	0.08333	0.28094	0.03572	0.02781	0.41474	0.01077	0.00794	0.01057	0.00671	0.00911	0.00509	0.00326	0.00379	0.00116	0.00540	0.00355	0.00171	0.00460
15	0.01221	0.05607	0.01091	0.06512	0.05322	0.64154	0.02275	0.04594	0.00985	0.00955	0.00607	0.01723	0.00510	0.00431	0.02417	0.00108	0.00606	0.00260	0.00191	0.00431
16	0.00454	0.00325	0.00435	0.00517	0.00545	0.00306	0.00359	0.00530	0.00709	0.00945	0.03561	0.76917	0.02367	0.01106	0.00462	0.00147	0.00221	0.09463	0.00335	0.00297
17	0.00485	0.00372	0.00491	0.02208	0.04603	0.00352	0.00384	0.00595	0.02414	0.01010	0.11538	0.53319	0.14964	0.02662	0.00469	0.00140	0.00223	0.03122	0.00329	0.00320
18	0.01111	0.00937	0.04171	0.06887	0.12447	0.05712	0.09551	0.29217	0.08413	0.09964	0.00884	0.00979	0.00658	0.02102	0.00427	0.00117	0.04141	0.00341	0.01400	0.00540
19	0.02264	0.14736	0.16011	0.02087	0.06875	0.33614	0.09357	0.01250	0.03100	0.02535	0.02010	0.00839	0.00581	0.00393	0.01333	0.00107	0.00536	0.01716	0.00190	0.00464
20	0.09817	0.02067	0.01293	0.10514	0.43919	0.07038	0.07148	0.04467	0.00825	0.01193	0.02168	0.00876	0.00578	0.00361	0.00401	0.00112	0.06220	0.00313	0.00191	0.00501
21	0.00856	0.00929	0.06209	0.09955	0.43958	0.03375	0.22113	0.02776	0.00836	0.01148	0.00777	0.01877	0.02810	0.00349	0.00375	0.00113	0.00481	0.00360	0.00186	0.00516
22	0.01094	0.57900	0.01586	0.00723	0.00988	0.30625	0.00643	0.01201	0.00831	0.00858	0.00519	0.00602	0.00462	0.00329	0.00263	0.00082	0.00476	0.00206	0.00165	0.00446
23	0.00849	0.00970	0.02122	0.01516	0.01880	0.00910	0.83808	0.01152	0.00849	0.01152	0.00728	0.00970	0.00546	0.00303	0.00424	0.00121	0.00606	0.00424	0.00182	0.00485
24	0.01358	0.01003	0.01074	0.00826	0.01112	0.01111	0.00681	0.82268	0.03354	0.02252	0.00876	0.00873	0.00621	0.00433	0.00360	0.00108	0.00394	0.00326	0.00360	0.00611
25	0.00431	0.00365	0.00373	0.00371	0.00490	0.00306	0.00278	0.00528	0.00834	0.01005	0.09441	0.03406	0.79151	0.00898	0.00425	0.00121	0.00181	0.00751	0.00338	0.00306
26	0.00438	0.00313	0.00417	0.00501	0.00522	0.00292	0.00334	0.00501	0.00689	0.00918	0.01983	0.87124	0.02379	0.01127	0.00459	0.00146	0.00209	0.01023	0.00334	0.00292
27	0.00509	0.00368	0.00481	0.00453	0.00537	0.00339	0.00339	0.00679	0.01018	0.01442	0.84925	0.02687	0.03394	0.00735	0.00424	0.00113	0.00170	0.00651	0.00396	0.00339
28	0.00895	0.00773	0.00813	0.00732	0.00935	0.00895	0.00569	0.01911	0.84465	0.01505	0.01464	0.01342	0.01098	0.00488	0.00366	0.00122	0.00285	0.00407	0.00366	0.00569
29	0.89899	0.00696	0.00529	0.00473	0.00696	0.00807	0.00390	0.01057	0.00612	0.01614	0.00501	0.00584	0.00390	0.00334	0.00223	0.00111	0.00278	0.00195	0.00223	0.00390
30	0.00721	0.01861	0.85495	0.01025	0.01557	0.00835	0.01329	0.01139	0.00759	0.01139	0.00646	0.00759	0.00456	0.00342	0.00342	0.00114	0.00532	0.00266	0.00152	0.00532
31	0.01367	0.01008	0.01080	0.00828	0.01115	0.01115	0.00684	0.83915	0.01691	0.02267	0.00864	0.00864	0.00612	0.00432	0.00360	0.00108	0.00396	0.00324	0.00360	0.00612
32	0.89899	0.00696	0.00529	0.00473	0.00696	0.00807	0.00390	0.01057	0.00612	0.01614	0.00501	0.00584	0.00390	0.00334	0.00223	0.00111	0.00278	0.00195	0.00223	0.00390
33	0.01614	0.00612	0.00835	0.00640	0.00918	0.00529	0.00529	0.01753	0.01030	0.85364	0.01419	0.01224	0.00890	0.00445	0.00362	0.00111	0.00306	0.00362	0.00445	0.00612
34	0.89899	0.00696	0.00529	0.00473	0.00696	0.00807	0.00390	0.01057	0.00612	0.01614	0.00501	0.00584	0.00390	0.00334	0.00223	0.00111	0.00278	0.00195	0.00223	0.00390
35	0.00890	0.00855	0.01460	0.02208	0.85115	0.00855	0.01104	0.01104	0.00819	0.01175	0.00677	0.00890	0.00570	0.00320	0.00356	0.00107	0.00427	0.00320	0.00178	0.00570
36	0.00895	0.00773	0.00813	0.00732	0.00935	0.00895	0.00569	0.01911	0.84465	0.01505	0.01464	0.01342	0.01098	0.00488	0.00366	0.00122	0.00285	0.00407	0.00366	0.00569
37	0.00724	0.01843	0.83853	0.01035	0.01563	0.00837	0.02954	0.01139	0.00761	0.01139	0.00647	0.00764	0.00457	0.00341	0.00343	0.00114	0.00533	0.00269	0.00152	0.00531
38	0.01329	0.01648	0.01015	0.00915	0.01106	0.78982	0.00690	0.05291	0.03982	0.00967	0.00602	0.00683	0.00493	0.00378	0.00327	0.00094	0.00624	0.00242	0.00200	0.00431
39	0.00895	0.00773	0.00813	0.00732	0.00935	0.00895	0.00569	0.01911	0.84465	0.01505	0.01464	0.01342	0.01098	0.00488	0.00366	0.00122	0.00285	0.00407	0.00366	0.00569
40	0.00890	0.00855	0.01460	0.02208	0.85115	0.00855	0.01104	0.01104	0.00819	0.01175	0.00677	0.00890	0.00570	0.00320	0.00356	0.00107	0.00427	0.00320	0.00178	0.00570
41	0.00859	0.00823	0.01398	0.09510	0.75657	0.00835	0.01073	0.01072	0.00810	0.01147	0.00752	0.00965	0.02806	0.00340	0.00358	0.00108	0.00425	0.00332	0.00181	0.00548
42	0.00439	0.00365	0.00383	0.00379	0.00494	0.00309	0.00284	0.00543	0.00852	0.01048	0.16869	0.03336	0.71696	0.00882	0.00425	0.00120	0.00180	0.00741	0.00344	0.00309
43	0.00431	0.00342	0.00388	0.00425	0.00502	0.00299	0.00300	0.00509	0.00761	0.00948	0.02904	0.40712	0.48196	0.01007	0.00440	0.00132	0.00194	0.00876	0.00334	0.00299
44	0.00861	0.00999	0.03165	0.01508	0.03552	0.03168	0.78839	0.01159	0.00852	0.01145	0.00721	0.00957	0.00543	0.00306	0.00419	0.00120	0.00603	0.00415	0.00182	0.00486
45	0.00514	0.00384	0.00569	0.00569	0.00631	0.00445	0.00439	0.00637	0.00576	0.00829	0.00971	0.01457	0.00918	0.06637	0.82020	0.00567	0.00935	0.00392	0.00194	0.00316
46	0.00438	0.00319	0.00411	0.00484	0.00516	0.00294	0.00325	0.00503	0.00701	0.00921	0.02157	0.76353	0.11692	0.02445	0.00477	0.00146	0.00208	0.00985	0.00332	0.00292
47	0.01317	0.00715	0.00855	0.00689	0.00934	0.00721	0.00556	0.24412	0.13519	0.41170	0.01359	0.08614	0.02426	0.00515	0.00371	0.00115	0.00317	0.00422	0.00398	0.00573
48	0.02740	0.00913	0.00969	0.00765	0.01025	0.04859	0.00622	0.54290	0.07110	0.16534	0.01017	0.03088	0.00743	0.02174	0.00387	0.00114	0.00374	0.00351	0.01347	0.00578
49	0.00475	0.00396	0.00451	0.00478	0.04444	0.00349	0.00333	0.00608	0.02496	0.01100	0.22204	0.03122	0.60598	0.00835	0.00421	0.00119	0.00193	0.00707	0.00342	0.00329
50	0.01006	0.00782	0.00820	0.00716	0.00926	0.04248	0.00562	0.08999	0.58083	0.11179	0.04353	0.03019	0.02680	0.00502	0.00368	0.00119	0.00304	0.00414	0.00367	0.00553

[dist]
# distance from previous block
# <min> <max>
3	32

[block]
# block no. 4 follows, 77 sequences, length 42
# corresponding to MSA columns:
# 302-343
name=unknown_E
#
# <colnr> <probs for GDERKNQSTAVLIFYWHMCP>
#	G	D	E	R	K	N	Q	S	T	A	V	L	I	F	Y	W	H	M	C	P
0	0.02264	0.10657	0.01113	0.00866	0.05434	0.19383	0.00670	0.38915	0.09032	0.01604	0.02594	0.00933	0.02877	0.00425	0.00351	0.00104	0.01652	0.00313	0.00286	0.00527
1	0.00483	0.00349	0.00387	0.00396	0.00436	0.00329	0.00248	0.00518	0.00633	0.00807	0.02000	0.12275	0.27097	0.51089	0.01244	0.00256	0.00282	0.00652	0.00267	0.00253
2	0.00788	0.23816	0.58153	0.00914	0.01352	0.01005	0.01108	0.01104	0.00738	0.01045	0.00596	0.00714	0.00458	0.00353	0.00371	0.00107	0.06470	0.00250	0.00153	0.00504
3	0.00873	0.07784	0.14449	0.09241	0.05421	0.07606	0.06838	0.08053	0.11731	0.04057	0.03203	0.02472	0.02830	0.00503	0.00375	0.00119	0.00422	0.13297	0.00254	0.00473
4	0.00876	0.00880	0.01621	0.03579	0.62480	0.00868	0.22086	0.01113	0.00825	0.01165	0.00689	0.00912	0.00562	0.00317	0.00374	0.00111	0.00474	0.00347	0.00179	0.00545
5	0.00425	0.00364	0.00364	0.00364	0.00486	0.00304	0.00273	0.00516	0.00820	0.00972	0.03644	0.03462	0.84969	0.00911	0.00425	0.00121	0.00182	0.00759	0.00334	0.00304
6	0.00442	0.00321	0.00418	0.00493	0.00526	0.00297	0.00336	0.00511	0.00706	0.00929	0.02137	0.76402	0.10181	0.01102	0.00457	0.00144	0.00210	0.03759	0.00334	0.00295
7	0.00842	0.01061	0.10434	0.03743	0.04381	0.02469	0.69257	0.01148	0.00839	0.01140	0.00712	0.00940	0.00534	0.00310	0.00411	0.00120	0.00591	0.00399	0.00178	0.00489
8	0.01508	0.00757	0.00921	0.00709	0.00989	0.00746	0.00585	0.30920	0.03360	0.53763	0.01223	0.01099	0.00797	0.00442	0.00361	0.00110	0.00337	0.00349	0.00413	0.00611
9	0.01325	0.01676	0.01011	0.00919	0.01105	0.82418	0.00690	0.01456	0.04451	0.00906	0.00593	0.00677	0.00489	0.00375	0.00326	0.00094	0.00634	0.00239	0.00193	0.00423
10	0.00746	0.00639	0.00746	0.00533	0.00852	0.00480	0.00426	0.00906	0.00746	0.01172	0.00639	0.00746	0.00533	0.00266	0.00266	0.00053	0.00266	0.00213	0.00213	0.89558
11	0.00430	0.00364	0.00373	0.00376	0.00493	0.00306	0.00282	0.00524	0.00821	0.00984	0.05695	0.06159	0.78816	0.00915	0.00427	0.00123	0.00185	0.02088	0.00336	0.00305
12	0.00446	0.00318	0.00426	0.00509	0.00533	0.00298	0.00347	0.00513	0.00696	0.00926	0.01979	0.82853	0.02363	0.01120	0.00461	0.00147	0.00215	0.05222	0.00334	0.00294
13	0.00721	0.01861	0.85495	0.01025	0.01557	0.00835	0.01329	0.01139	0.00759	0.01139	0.00646	0.00759	0.00456	0.00342	0.00342	0.00114	0.00532	0.00266	0.00152	0.00532
14	0.01386	0.00977	0.01061	0.00813	0.01100	0.01070	0.00672	0.77568	0.01640	0.08687	0.00907	0.00891	0.00633	0.00433	0.00360	0.00108	0.00389	0.00327	0.00366	0.00612
15	0.00523	0.00349	0.00392	0.00392	0.00392	0.00349	0.00218	0.00523	0.00523	0.00697	0.01133	0.02354	0.01308	0.87359	0.01831	0.00349	0.00349	0.00523	0.00218	0.00218
16	0.89899	0.00696	0.00529	0.00473	0.00696	0.00807	0.00390	0.01057	0.00612	0.01614	0.00501	0.00584	0.00390	0.00334	0.00223	0.00111	0.00278	0.00195	0.00223	0.00390
17	0.01344	0.01714	0.01019	0.00927	0.01112	0.85915	0.00695	0.01436	0.01019	0.00880	0.00556	0.00649	0.00463	0.00371	0.00324	0.00093	0.00649	0.00232	0.00185	0.00417
18	0.01581	0.00665	0.00868	0.00665	0.00945	0.00607	0.00549	0.12746	0.01118	0.74246	0.01345	0.01176	0.00853	0.00443	0.00361	0.00111	0.00318	0.00357	0.00434	0.00612
19	0.00865	0.00918	0.01807	0.01640	0.25758	0.00892	0.52050	0.01211	0.08818	0.01192	0.00783	0.00983	0.00605	0.00326	0.00399	0.00117	0.00524	0.00393	0.00198	0.00518
20	0.00895	0.00773	0.00813	0.00732	0.00935	0.00895	0.00569	0.01911	0.84465	0.01505	0.01464	0.01342	0.01098	0.00488	0.00366	0.00122	0.00285	0.00407	0.00366	0.00569
21	0.00481	0.00365	0.00443	0.00427	0.00521	0.00327	0.00319	0.00623	0.00947	0.01281	0.57333	0.05627	0.28389	0.00802	0.00426	0.00117	0.00175	0.00696	0.00375	0.00327
22	0.00768	0.00730	0.01239	0.51152	0.37128	0.00822	0.01043	0.00997	0.00761	0.01026	0.00655	0.00930	0.00517	0.00343	0.00358	0.00114	0.00458	0.00320	0.00167	0.00471
23	0.01344	0.01714	0.01019	0.00927	0.01112	0.85915	0.00695	0.01436	0.01019	0.00880	0.00556	0.00649	0.00463	0.00371	0.00324	0.00093	0.00649	0.00232	0.00185	0.00417
24	0.01198	0.04285	0.00973	0.00863	0.01025	0.69492	0.00649	0.01287	0.00953	0.00884	0.00734	0.11721	0.00709	0.00474	0.00366	0.00101	0.03350	0.00334	0.00202	0.00402
25	0.01344	0.01714	0.01019	0.00927	0.01112	0.85915	0.00695	0.01436	0.01019	0.00880	0.00556	0.00649	0.00463	0.00371	0.00324	0.00093	0.00649	0.00232	0.00185	0.00417
26	0.01367	0.01008	0.01080	0.00828	0.01115	0.01115	0.00684	0.83915	0.01691	0.02267	0.00864	0.00864	0.00612	0.00432	0.00360	0.00108	0.00396	0.00324	0.00360	0.00612
27	0.01367	0.01008	0.01080	0.00828	0.01115	0.01115	0.00684	0.83915	0.01691	0.02267	0.00864	0.00864	0.00612	0.00432	0.00360	0.00108	0.00396	0.00324	0.00360	0.00612
28	0.00679	0.00639	0.01079	0.86494	0.02477	0.00799	0.00999	0.00919	0.00719	0.00919	0.00639	0.00959	0.00480	0.00360	0.00360	0.00120	0.00480	0.00320	0.00160	0.00400
29	0.00523	0.00349	0.00392	0.00392	0.00392	0.00349	0.00218	0.00523	0.00523	0.00697	0.01133	0.02354	0.01308	0.87359	0.01831	0.00349	0.00349	0.00523	0.00218	0.00218
30	0.89899	0.00696	0.00529	0.00473	0.00696	0.00807	0.00390	0.01057	0.00612	0.01614	0.00501	0.00584	0.00390	0.00334	0.00223	0.00111	0.00278	0.00195	0.00223	0.00390
31	0.00890	0.00855	0.01460	0.02208	0.85115	0.00855	0.01104	0.01104	0.00819	0.01175	0.00677	0.00890	0.00570	0.00320	0.00356	0.00107	0.00427	0.00320	0.00178	0.00570
32	0.00523	0.00349	0.00392	0.00392	0.00392	0.00349	0.00218	0.00523	0.00523	0.00697	0.01133	0.02354	0.01308	0.87359	0.01831	0.00349	0.00349	0.00523	0.00218	0.00218
33	0.00434	0.00365	0.00376	0.00373	0.00491	0.00307	0.00280	0.00533	0.00840	0.01020	0.11977	0.03382	0.76606	0.00893	0.00425	0.00121	0.00181	0.00748	0.00340	0.00307
34	0.00863	0.00847	0.01504	0.10950	0.65927	0.00856	0.11556	0.01091	0.00812	0.01145	0.00679	0.00908	0.00557	0.00322	0.00365	0.00110	0.00455	0.00334	0.00177	0.00541
35	0.00439	0.00366	0.00385	0.00387	0.00502	0.00311	0.00293	0.00540	0.00836	0.01017	0.10871	0.05030	0.72609	0.00903	0.00429	0.00123	0.00188	0.04124	0.00339	0.00308
36	0.00746	0.07755	0.33508	0.02513	0.05281	0.04702	0.05834	0.03824	0.00744	0.01031	0.00749	0.01041	0.00641	0.07841	0.19539	0.00234	0.03073	0.00322	0.00178	0.00444
37	0.00501	0.00353	0.00389	0.00388	0.00418	0.00338	0.00234	0.00527	0.00605	0.00782	0.04403	0.02611	0.19952	0.65359	0.01473	0.00291	0.00306	0.00580	0.00249	0.00241
38	0.01111	0.41082	0.02769	0.00766	0.01040	0.17356	0.04583	0.18201	0.02087	0.03905	0.00691	0.03628	0.00584	0.00380	0.00300	0.00093	0.00440	0.00275	0.00222	0.00487
39	0.00948	0.03956	0.21366	0.03373	0.06971	0.08164	0.01895	0.20236	0.04927	0.02897	0.00867	0.03753	0.02852	0.00514	0.03899	0.00126	0.04003	0.00330	0.00239	0.08684
40	0.04229	0.04981	0.04242	0.09219	0.06535	0.06552	0.02696	0.09911	0.08252	0.12038	0.02205	0.05437	0.03202	0.04823	0.07018	0.00163	0.07387	0.00384	0.00263	0.00462
41	0.58648	0.00826	0.00735	0.00702	0.06502	0.07639	0.02077	0.07725	0.09711	0.01557	0.00653	0.00720	0.00504	0.00360	0.00270	0.00111	0.00334	0.00243	0.00242	0.00442

[dist]
# distance from previous block
# <min> <max>
0	5

[block]
# block no. 5 follows, 77 sequences, length 17
# corresponding to MSA columns:
# 349-365
name=unknown_F
#
# <colnr> <probs for GDERKNQSTAVLIFYWHMCP>
#	G	D	E	R	K	N	Q	S	T	A	V	L	I	F	Y	W	H	M	C	P
0	0.00428	0.00353	0.00377	0.00396	0.00494	0.00301	0.00287	0.00513	0.00790	0.00959	0.03263	0.22619	0.66057	0.00960	0.00433	0.00127	0.00188	0.00819	0.00334	0.00301
1	0.03583	0.02271	0.03116	0.00774	0.02240	0.28939	0.00607	0.14797	0.14853	0.08888	0.09858	0.02834	0.02721	0.00469	0.00351	0.00106	0.00417	0.00361	0.02334	0.00482
2	0.83747	0.00707	0.00567	0.02917	0.00763	0.00819	0.00419	0.04454	0.00659	0.01621	0.00520	0.00606	0.00401	0.00339	0.00232	0.00111	0.00289	0.00204	0.00226	0.00399
3	0.05189	0.00622	0.00817	0.00634	0.00905	0.00557	0.00522	0.03315	0.03224	0.76347	0.01417	0.01240	0.02599	0.00451	0.00357	0.00112	0.00304	0.00363	0.00430	0.00596
4	0.00971	0.01034	0.02666	0.02142	0.01013	0.23102	0.02404	0.08712	0.08412	0.01065	0.01940	0.00950	0.00642	0.06468	0.00798	0.00143	0.36577	0.00323	0.00210	0.00427
5	0.00430	0.00365	0.00371	0.00369	0.00489	0.00306	0.00277	0.00525	0.00831	0.00998	0.08159	0.03419	0.80438	0.00901	0.00425	0.00121	0.00182	0.00753	0.00337	0.00306
6	0.00876	0.47968	0.34598	0.00820	0.01214	0.03886	0.04062	0.01116	0.00756	0.00974	0.00567	0.00666	0.00463	0.00323	0.00285	0.00094	0.00459	0.00231	0.00155	0.00488
7	0.00594	0.00333	0.00499	0.00499	0.00517	0.00351	0.00351	0.00517	0.00499	0.00684	0.00720	0.01183	0.00702	0.01657	0.25174	0.64521	0.00495	0.00333	0.00166	0.00203
8	0.00514	0.00383	0.00568	0.00568	0.00629	0.00444	0.00437	0.00636	0.00575	0.00828	0.00973	0.01464	0.00921	0.07242	0.81419	0.00566	0.00930	0.00393	0.00194	0.00316
9	0.00438	0.00313	0.00417	0.00501	0.00522	0.00292	0.00334	0.00501	0.00689	0.00918	0.01983	0.87124	0.02379	0.01127	0.00459	0.00146	0.00209	0.01023	0.00334	0.00292
10	0.00445	0.00316	0.00415	0.00493	0.00512	0.00296	0.00325	0.00503	0.00676	0.00902	0.01918	0.80701	0.02298	0.07661	0.00563	0.00161	0.00219	0.00985	0.00325	0.00287
11	0.00721	0.01861	0.85495	0.01025	0.01557	0.00835	0.01329	0.01139	0.00759	0.01139	0.00646	0.00759	0.00456	0.00342	0.00342	0.00114	0.00532	0.00266	0.00152	0.00532
12	0.00890	0.00855	0.01460	0.02208	0.85115	0.00855	0.01104	0.01104	0.00819	0.01175	0.00677	0.00890	0.00570	0.00320	0.00356	0.00107	0.00427	0.00320	0.00178	0.00570
13	0.01367	0.01008	0.01080	0.00828	0.01115	0.01115	0.00684	0.83915	0.01691	0.02267	0.00864	0.00864	0.00612	0.00432	0.00360	0.00108	0.00396	0.00324	0.00360	0.00612
14	0.00679	0.00639	0.01079	0.86494	0.02477	0.00799	0.00999	0.00919	0.00719	0.00919	0.00639	0.00959	0.00480	0.00360	0.00360	0.00120	0.00480	0.00320	0.00160	0.00400
15	0.00519	0.00374	0.00461	0.00435	0.00535	0.00336	0.00328	0.00667	0.00966	0.03770	0.61131	0.02848	0.24754	0.00773	0.00423	0.00115	0.00177	0.00671	0.00381	0.00338
16	0.00570	0.00433	0.00503	0.00470	0.00588	0.00413	0.00357	0.03862	0.09152	0.02810	0.43795	0.04953	0.29213	0.00761	0.00416	0.00117	0.00197	0.00654	0.00371	0.00364

[dist]
# distance from previous block
# <min> <max>
0	1

[block]
# block no. 6 follows, 77 sequences, length 19
# corresponding to MSA columns:
# 367-385
name=unknown_G
#
# <colnr> <probs for GDERKNQSTAVLIFYWHMCP>
#	G	D	E	R	K	N	Q	S	T	A	V	L	I	F	Y	W	H	M	C	P
0	0.02239	0.00908	0.02274	0.00971	0.06808	0.14965	0.09545	0.08796	0.05232	0.01107	0.00894	0.07728	0.02597	0.02762	0.05604	0.00159	0.23803	0.02954	0.00223	0.00431
1	0.00870	0.02835	0.04569	0.05497	0.01822	0.00900	0.70637	0.01159	0.00840	0.04661	0.00741	0.00962	0.00551	0.00319	0.00425	0.00120	0.02011	0.00405	0.00190	0.00486
2	0.01204	0.07369	0.03733	0.00848	0.01068	0.20920	0.02676	0.24598	0.06272	0.11966	0.00796	0.00854	0.00601	0.00441	0.00482	0.00112	0.14976	0.00302	0.00270	0.00510
3	0.02037	0.05640	0.07217	0.02687	0.16127	0.07556	0.05038	0.21450	0.01989	0.10150	0.02464	0.02107	0.01656	0.00386	0.00341	0.00100	0.00405	0.00320	0.00263	0.12068
4	0.08099	0.06910	0.12212	0.11633	0.13799	0.14099	0.10782	0.01116	0.00814	0.05527	0.00839	0.04263	0.02536	0.00420	0.00361	0.00113	0.01542	0.04268	0.00206	0.00460
5	0.00721	0.01861	0.85495	0.01025	0.01557	0.00835	0.01329	0.01139	0.00759	0.01139	0.00646	0.00759	0.00456	0.00342	0.00342	0.00114	0.00532	0.00266	0.00152	0.00532
6	0.00679	0.00639	0.01079	0.86494	0.02477	0.00799	0.00999	0.00919	0.00719	0.00919	0.00639	0.00959	0.00480	0.00360	0.00360	0.00120	0.00480	0.00320	0.00160	0.00400
7	0.01345	0.01681	0.01022	0.00922	0.01112	0.81862	0.00694	0.05378	0.01051	0.00947	0.00571	0.00659	0.00470	0.00374	0.00326	0.00093	0.00637	0.00236	0.00194	0.00426
8	0.00515	0.00383	0.00564	0.00564	0.00624	0.00442	0.00433	0.00634	0.00574	0.00825	0.00976	0.01482	0.00929	0.08899	0.79773	0.00561	0.00918	0.00395	0.00195	0.00314
9	0.00787	0.00787	0.01102	0.00944	0.00944	0.01102	0.00787	0.00866	0.00551	0.00866	0.00472	0.00787	0.00472	0.00630	0.01180	0.00157	0.86700	0.00315	0.00157	0.00393
10	0.00506	0.00378	0.00417	0.00400	0.00520	0.00324	0.00302	0.00619	0.00879	0.05353	0.23553	0.03158	0.60625	0.00844	0.00422	0.00119	0.00185	0.00712	0.00355	0.00328
11	0.00523	0.00349	0.00392	0.00392	0.00392	0.00349	0.00218	0.00523	0.00523	0.00697	0.01133	0.02354	0.01308	0.87359	0.01831	0.00349	0.00349	0.00523	0.00218	0.00218
12	0.00514	0.00385	0.00578	0.00578	0.00642	0.00450	0.00450	0.00642	0.00578	0.00835	0.00963	0.01413	0.00899	0.02698	0.85933	0.00578	0.00963	0.00385	0.00193	0.00321
13	0.00833	0.01048	0.10347	0.01434	0.01794	0.00913	0.70814	0.01134	0.00823	0.01134	0.00705	0.00939	0.00533	0.00326	0.00460	0.00123	0.05576	0.00402	0.00178	0.00484
14	0.00483	0.00338	0.00425	0.00474	0.00499	0.00325	0.00317	0.00538	0.00658	0.00873	0.03766	0.45027	0.04671	0.30657	0.00931	0.00216	0.00267	0.08967	0.00295	0.00272
15	0.00437	0.00318	0.00413	0.00489	0.00519	0.00293	0.00329	0.00502	0.00700	0.00923	0.02129	0.79751	0.09657	0.01108	0.00456	0.00144	0.00206	0.00999	0.00334	0.00293
16	0.01122	0.00888	0.01196	0.05620	0.30096	0.04905	0.04712	0.26812	0.05331	0.11709	0.00881	0.02080	0.00667	0.00433	0.01826	0.00118	0.00423	0.00342	0.00278	0.00560
17	0.82475	0.00721	0.02749	0.00497	0.00731	0.00792	0.00422	0.01100	0.00640	0.06452	0.00558	0.00626	0.00420	0.00341	0.00234	0.00111	0.00286	0.00206	0.00234	0.00406
18	0.00671	0.00484	0.04240	0.00597	0.00709	0.00435	0.01578	0.03015	0.02387	0.10662	0.03070	0.31626	0.04447	0.02648	0.13668	0.00210	0.00385	0.16187	0.02612	0.00368

[dist]
# distance from previous block
# <min> <max>
4	12

[block]
# block no. 7 follows, 77 sequences, length 6
# corresponding to MSA columns:
# 398-403
name=unknown_H
#
# <colnr> <probs for GDERKNQSTAVLIFYWHMCP>
#	G	D	E	R	K	N	Q	S	T	A	V	L	I	F	Y	W	H	M	C	P
0	0.03361	0.04184	0.03466	0.05276	0.34794	0.07555	0.08356	0.10757	0.04928	0.05881	0.00928	0.03845	0.04256	0.00405	0.00359	0.00110	0.00426	0.00362	0.00234	0.00519
1	0.00485	0.00366	0.00502	0.00601	0.05989	0.00358	0.00385	0.00564	0.00677	0.00907	0.01810	0.54361	0.08795	0.09154	0.13062	0.00223	0.00344	0.00817	0.00293	0.00309
2	0.20356	0.03478	0.12622	0.03967	0.12727	0.04518	0.06380	0.04915	0.00766	0.01217	0.00875	0.14399	0.00832	0.03764	0.02416	0.00135	0.02517	0.00404	0.03281	0.00430
3	0.00436	0.00321	0.00410	0.00481	0.00516	0.00294	0.00325	0.00503	0.00708	0.00926	0.02229	0.74727	0.14617	0.01095	0.00454	0.00142	0.00205	0.00984	0.00334	0.00294
4	0.03137	0.06838	0.14385	0.00976	0.13749	0.14123	0.00761	0.11814	0.10850	0.03277	0.03116	0.01158	0.08824	0.00476	0.01876	0.00114	0.00422	0.00346	0.00248	0.03508
5	0.04854	0.04380	0.06580	0.11108	0.13117	0.10099	0.03848	0.30864	0.04571	0.01510	0.00851	0.03108	0.02693	0.00413	0.00350	0.00109	0.00434	0.00334	0.00257	0.00517

[dist]
# distance from previous block
# <min> <max>
0	4

[block]
# block no. 8 follows, 77 sequences, length 9
# corresponding to MSA columns:
# 408-416
name=unknown_I
#
# <colnr> <probs for GDERKNQSTAVLIFYWHMCP>
#	G	D	E	R	K	N	Q	S	T	A	V	L	I	F	Y	W	H	M	C	P
0	0.03480	0.24822	0.01298	0.03399	0.11272	0.12068	0.00704	0.27852	0.05820	0.03338	0.00728	0.00789	0.00569	0.00372	0.00314	0.00098	0.00418	0.00275	0.00249	0.02135
1	0.00770	0.00455	0.00555	0.00490	0.00647	0.00406	0.00379	0.00917	0.02989	0.19227	0.13172	0.07426	0.23478	0.04170	0.05588	0.00147	0.00276	0.02214	0.06442	0.10252
2	0.04372	0.03399	0.01126	0.04367	0.14736	0.07712	0.07378	0.30112	0.04277	0.07406	0.02112	0.04750	0.02130	0.00484	0.01700	0.00119	0.00419	0.02596	0.00285	0.00522
3	0.00950	0.35583	0.03793	0.00915	0.04489	0.04656	0.15852	0.07868	0.08199	0.02677	0.00711	0.00833	0.00583	0.00495	0.05204	0.00129	0.06082	0.00295	0.00204	0.00482
4	0.00538	0.00390	0.00556	0.00548	0.00591	0.00448	0.00407	0.00614	0.00557	0.00791	0.00947	0.01547	0.00939	0.19525	0.57989	0.07977	0.04750	0.00404	0.00193	0.00290
5	0.08867	0.01050	0.06341	0.07143	0.30080	0.18802	0.07803	0.05004	0.00878	0.05662	0.00716	0.02491	0.00578	0.00423	0.02539	0.00120	0.00487	0.00313	0.00207	0.00493
6	0.00497	0.00377	0.00516	0.00516	0.00586	0.00410	0.00391	0.00605	0.00621	0.00848	0.01516	0.01918	0.17723	0.10989	0.60273	0.00464	0.00745	0.00474	0.00223	0.00307
7	0.00437	0.00319	0.00411	0.00484	0.00517	0.00294	0.00327	0.00503	0.00705	0.00925	0.02184	0.76964	0.12409	0.01101	0.00455	0.00143	0.00205	0.00991	0.00334	0.00294
8	0.05971	0.00982	0.06779	0.10037	0.23502	0.09784	0.05523	0.18818	0.01026	0.11360	0.00788	0.00893	0.00584	0.00371	0.00348	0.00109	0.00439	0.00312	0.01846	0.00529

[dist]
# distance from previous block
# <min> <max>
0	12

[block]
# block no. 9 follows, 77 sequences, length 48
# corresponding to MSA columns:
# 429-476
name=unknown_J
#
# <colnr> <probs for GDERKNQSTAVLIFYWHMCP>
#	G	D	E	R	K	N	Q	S	T	A	V	L	I	F	Y	W	H	M	C	P
0	0.02399	0.09260	0.02926	0.01840	0.06139	0.09492	0.01509	0.23387	0.19923	0.04105	0.02049	0.02559	0.08527	0.00476	0.00371	0.00110	0.02576	0.00372	0.00295	0.01686
1	0.00471	0.02634	0.02168	0.00411	0.00540	0.00366	0.00323	0.00607	0.03403	0.01050	0.14283	0.05167	0.65616	0.00853	0.00417	0.00120	0.00197	0.00716	0.00335	0.00325
2	0.02021	0.03832	0.02562	0.00677	0.03257	0.04440	0.03963	0.05660	0.02506	0.04234	0.02056	0.00878	0.02617	0.00329	0.00314	0.00073	0.02169	0.00263	0.00231	0.57915
3	0.49890	0.02527	0.00829	0.00741	0.04808	0.18545	0.04422	0.06169	0.02206	0.01402	0.00580	0.00687	0.00463	0.00416	0.02486	0.00120	0.02828	0.00239	0.00218	0.00424
4	0.00558	0.00444	0.00501	0.00470	0.00582	0.02110	0.00355	0.03920	0.06532	0.01314	0.48241	0.04872	0.27226	0.00762	0.00417	0.00116	0.00200	0.00655	0.00368	0.00355
