[name]
unknown

[dist]
# distance from previous block
# <min> <max>
0	0

[block]
# block no. 0 follows, 86 sequences, length 39
# corresponding to MSA columns:
# 0-38
name=unknown_A
#
# <colnr> <probs for GDERKNQSTAVLIFYWHMCP>
#	G	D	E	R	K	N	Q	S	T	A	V	L	I	F	Y	W	H	M	C	P
0	0.00530	0.00379	0.00530	0.00606	0.00682	0.00379	0.00530	0.00682	0.00758	0.00985	0.01743	0.03713	0.01894	0.00909	0.00455	0.00152	0.00303	0.84163	0.00303	0.00303
1	0.00622	0.00585	0.00987	0.87641	0.02267	0.00731	0.00914	0.00841	0.00658	0.00841	0.00585	0.00878	0.00439	0.00329	0.00329	0.00110	0.00439	0.00293	0.00146	0.00366
2	0.00660	0.01703	0.86726	0.00938	0.01425	0.00764	0.01216	0.01042	0.00695	0.01042	0.00591	0.00695	0.00417	0.00313	0.00313	0.00104	0.00486	0.00243	0.00139	0.00486
3	0.00389	0.00333	0.00333	0.00333	0.00445	0.00278	0.00250	0.00472	0.00750	0.00889	0.03335	0.03168	0.86245	0.00834	0.00389	0.00111	0.00167	0.00695	0.00306	0.00278
4	0.00406	0.00334	0.00357	0.00351	0.00455	0.00285	0.00264	0.00506	0.00791	0.00985	0.21821	0.03010	0.67698	0.00798	0.00389	0.00109	0.00164	0.00673	0.00318	0.00285
5	0.00820	0.00758	0.01004	0.00844	0.00894	0.01011	0.00702	0.16698	0.00701	0.01034	0.00500	0.00733	0.00456	0.00542	0.00939	0.00136	0.71362	0.00290	0.00179	0.00398
6	0.00396	0.00307	0.00361	0.00405	0.00463	0.00272	0.00282	0.00464	0.00682	0.00861	0.02466	0.51745	0.38228	0.00947	0.00407	0.00124	0.00181	0.00832	0.00306	0.00272
7	0.01162	0.00916	0.01168	0.00876	0.01152	0.00985	0.16545	0.69424	0.01403	0.01882	0.00767	0.00809	0.00548	0.00373	0.00340	0.00101	0.00398	0.00314	0.00299	0.00538
8	0.00891	0.00591	0.00651	0.00574	0.00750	0.00640	0.00450	0.01492	0.50598	0.17611	0.01351	0.01275	0.03906	0.00441	0.00316	0.00103	0.00241	0.00363	0.17277	0.00480
9	0.90757	0.00637	0.00484	0.00433	0.00637	0.00738	0.00356	0.00968	0.00560	0.01477	0.00458	0.00535	0.00356	0.00306	0.00204	0.00102	0.00255	0.00178	0.00204	0.00356
10	0.00777	0.00888	0.01942	0.01387	0.01720	0.00832	0.85183	0.01054	0.00777	0.01054	0.00666	0.00888	0.00499	0.00277	0.00388	0.00111	0.00555	0.00388	0.00166	0.00444
11	0.00776	0.00354	0.00393	0.00359	0.00469	0.00340	0.00278	0.00925	0.00738	0.17301	0.01116	0.01207	0.00838	0.00388	0.00249	0.00081	0.00177	0.00311	0.73343	0.00354
12	0.90757	0.00637	0.00484	0.00433	0.00637	0.00738	0.00356	0.00968	0.00560	0.01477	0.00458	0.00535	0.00356	0.00306	0.00204	0.00102	0.00255	0.00178	0.00204	0.00356
13	0.01230	0.01569	0.00933	0.00848	0.01018	0.87110	0.00636	0.01314	0.00933	0.00806	0.00509	0.00594	0.00424	0.00339	0.00297	0.00085	0.00594	0.00212	0.00170	0.00382
14	0.00777	0.00888	0.01942	0.01387	0.01720	0.00832	0.85183	0.01054	0.00777	0.01054	0.00666	0.00888	0.00499	0.00277	0.00388	0.00111	0.00555	0.00388	0.00166	0.00444
15	0.00395	0.00334	0.00341	0.00339	0.00448	0.00280	0.00255	0.00483	0.00764	0.00921	0.09463	0.03115	0.80097	0.00822	0.00389	0.00111	0.00166	0.00687	0.00310	0.00280
16	0.73929	0.00655	0.00557	0.00477	0.00691	0.00739	0.00393	0.08579	0.00686	0.09935	0.00571	0.00615	0.00420	0.00324	0.00228	0.00102	0.00267	0.00204	0.00235	0.00395
17	0.01340	0.00638	0.00795	0.00625	0.00870	0.00618	0.00511	0.14393	0.14284	0.60399	0.01227	0.01087	0.00806	0.00412	0.00331	0.00103	0.00290	0.00332	0.00384	0.00554
18	0.01421	0.00627	0.04174	0.00634	0.02421	0.00527	0.00529	0.05772	0.00959	0.77441	0.01233	0.01081	0.00781	0.00401	0.00330	0.00102	0.00294	0.00325	0.00388	0.00557
19	0.00479	0.00319	0.00359	0.00359	0.00359	0.00319	0.00199	0.00479	0.00479	0.00638	0.01037	0.02154	0.01197	0.88432	0.01675	0.00319	0.00319	0.00479	0.00199	0.00199
20	0.00572	0.00286	0.00429	0.00429	0.00429	0.00286	0.00286	0.00429	0.00429	0.00572	0.00572	0.01001	0.00572	0.01144	0.01286	0.90423	0.00286	0.00286	0.00143	0.00143
21	0.00763	0.01470	0.58696	0.01004	0.01426	0.04896	0.17255	0.08607	0.00798	0.01126	0.00619	0.00736	0.00446	0.00315	0.00328	0.00104	0.00494	0.00274	0.00163	0.00480
22	0.05431	0.00714	0.00744	0.04089	0.00903	0.02349	0.00530	0.01665	0.76545	0.01351	0.01250	0.01167	0.00939	0.00433	0.00327	0.00111	0.00273	0.00356	0.00318	0.00504
23	0.00389	0.00333	0.00333	0.00333	0.00445	0.00278	0.00250	0.00472	0.00750	0.00889	0.03335	0.03168	0.86245	0.00834	0.00389	0.00111	0.00167	0.00695	0.00306	0.00278
24	0.00725	0.00439	0.00451	0.00414	0.00530	0.01434	0.00319	0.07438	0.13444	0.04662	0.01183	0.01259	0.04199	0.00412	0.00264	0.00086	0.00196	0.00331	0.61846	0.00368
25	0.60949	0.05141	0.04780	0.00558	0.00792	0.03453	0.04794	0.05377	0.01568	0.09139	0.00579	0.00635	0.00431	0.00320	0.00241	0.00100	0.00304	0.00215	0.00221	0.00402
26	0.00660	0.01703	0.86726	0.00938	0.01425	0.00764	0.01216	0.01042	0.00695	0.01042	0.00591	0.00695	0.00417	0.00313	0.00313	0.00104	0.00486	0.00243	0.00139	0.00486
27	0.00720	0.00720	0.01008	0.00864	0.00864	0.01008	0.00720	0.00792	0.00504	0.00792	0.00432	0.00720	0.00432	0.00576	0.01080	0.00144	0.87829	0.00288	0.00144	0.00360
28	0.76229	0.00642	0.00509	0.00450	0.00648	0.02291	0.00368	0.05384	0.00634	0.02810	0.00536	0.00611	0.00412	0.00318	0.00216	0.00099	0.00259	0.00197	0.07018	0.00367
29	0.00399	0.00296	0.00372	0.00432	0.00471	0.00270	0.00294	0.00461	0.00655	0.00850	0.02129	0.70619	0.19573	0.00990	0.00414	0.00129	0.00186	0.00886	0.00306	0.00270
30	0.04019	0.83117	0.01659	0.00567	0.00842	0.03697	0.00558	0.00994	0.00672	0.00800	0.00459	0.00530	0.00420	0.00284	0.00213	0.00072	0.00355	0.00177	0.00144	0.00419
31	0.08181	0.07957	0.00772	0.00661	0.05952	0.20350	0.00470	0.07243	0.00766	0.06792	0.04152	0.03928	0.00832	0.21224	0.06119	0.00172	0.00407	0.00335	0.00218	0.03470
32	0.01094	0.23054	0.06375	0.00779	0.01018	0.39210	0.02991	0.18726	0.00972	0.01084	0.00563	0.00634	0.00454	0.00336	0.00295	0.00087	0.01470	0.00228	0.00194	0.00437
33	0.90757	0.00637	0.00484	0.00433	0.00637	0.00738	0.00356	0.00968	0.00560	0.01477	0.00458	0.00535	0.00356	0.00306	0.00204	0.00102	0.00255	0.00178	0.00204	0.00356
34	0.01028	0.01139	0.03381	0.03210	0.02490	0.41956	0.07967	0.08571	0.09102	0.04342	0.04381	0.00893	0.00668	0.04555	0.00423	0.00108	0.04862	0.00292	0.00215	0.00415
35	0.00460	0.00338	0.00482	0.00492	0.00539	0.00376	0.00365	0.00554	0.00547	0.00770	0.02431	0.13693	0.02459	0.13222	0.61208	0.00433	0.00689	0.00460	0.00203	0.00278
36	0.03823	0.00628	0.00812	0.00714	0.01630	0.01787	0.02629	0.05531	0.10272	0.01069	0.16957	0.05612	0.05403	0.00583	0.00692	0.00125	0.40716	0.00407	0.00236	0.00375
37	0.73591	0.05056	0.00609	0.00528	0.05059	0.00743	0.00405	0.00972	0.00591	0.02944	0.00491	0.00570	0.00386	0.00301	0.00216	0.00096	0.00266	0.00188	0.00202	0.06786
38	0.03029	0.15153	0.10878	0.00772	0.05296	0.09011	0.00652	0.02024	0.29855	0.02198	0.04498	0.01750	0.01581	0.00417	0.00403	0.00104	0.11392	0.00307	0.00231	0.00451

[dist]
# distance from previous block
# <min> <max>
5	10

[block]
# block no. 1 follows, 86 sequences, length 13
# corresponding to MSA columns:
# 50-62
name=unknown_B
#
# <colnr> <probs for GDERKNQSTAVLIFYWHMCP>
#	G	D	E	R	K	N	Q	S	T	A	V	L	I	F	Y	W	H	M	C	P
0	0.01090	0.27623	0.13338	0.00726	0.03531	0.02517	0.00671	0.25523	0.00993	0.19802	0.00761	0.00766	0.00549	0.00348	0.00291	0.00091	0.00364	0.00258	0.00254	0.00503
1	0.06062	0.00642	0.01052	0.59069	0.25117	0.00746	0.00907	0.00895	0.00677	0.00943	0.00587	0.00840	0.00456	0.00318	0.00321	0.00106	0.00415	0.00286	0.00154	0.00408
2	0.00400	0.00290	0.00379	0.00450	0.00475	0.00268	0.00302	0.00459	0.00639	0.00844	0.01920	0.82303	0.08022	0.01018	0.00418	0.00132	0.00189	0.00919	0.00306	0.00268
3	0.11774	0.25660	0.14250	0.00718	0.00979	0.33307	0.00663	0.04745	0.00797	0.00976	0.00515	0.00595	0.00422	0.00315	0.00264	0.00085	0.00449	0.00206	0.00169	0.03111
4	0.00466	0.00336	0.00440	0.00414	0.00492	0.00311	0.00311	0.00621	0.00932	0.01320	0.86205	0.02459	0.03106	0.00673	0.00388	0.00104	0.00155	0.00595	0.00362	0.00311
5	0.00472	0.00344	0.00487	0.00487	0.00532	0.00389	0.00359	0.00561	0.00517	0.00733	0.00920	0.01504	0.00915	0.23559	0.66163	0.00478	0.00744	0.00384	0.00182	0.00271
6	0.00478	0.00323	0.00377	0.00377	0.00383	0.00329	0.00221	0.00490	0.00484	0.00651	0.01021	0.02065	0.01158	0.79517	0.10537	0.00341	0.00377	0.00466	0.00197	0.00209
7	0.01245	0.01371	0.00939	0.00815	0.01011	0.62852	0.00627	0.21329	0.01080	0.04823	0.00610	0.00663	0.00473	0.00355	0.00306	0.00089	0.00525	0.00237	0.00218	0.00432
8	0.00692	0.01584	0.74232	0.00985	0.01446	0.00780	0.10937	0.03658	0.00731	0.01076	0.00606	0.00720	0.00431	0.00311	0.00322	0.00105	0.00491	0.00262	0.00148	0.00484
9	0.01336	0.00539	0.00726	0.00569	0.00800	0.00476	0.00465	0.01495	0.03971	0.73670	0.11148	0.01279	0.01087	0.00440	0.00338	0.00102	0.00265	0.00363	0.00400	0.00530
10	0.01161	0.00920	0.00946	0.10827	0.01139	0.11629	0.00642	0.52528	0.07465	0.08221	0.00811	0.00833	0.00581	0.00385	0.00326	0.00099	0.00386	0.00294	0.00295	0.00512
11	0.04428	0.11166	0.01031	0.00730	0.00970	0.15584	0.00603	0.50705	0.01241	0.07290	0.00718	0.00738	0.00528	0.00374	0.00323	0.00094	0.02432	0.00266	0.00277	0.00502
12	0.59082	0.00690	0.00661	0.13616	0.00935	0.05308	0.00509	0.00941	0.00586	0.01244	0.00476	0.00617	0.00384	0.00351	0.00358	0.00108	0.13375	0.00214	0.00184	0.00360

[dist]
# distance from previous block
# <min> <max>
0	1

[block]
# block no. 2 follows, 86 sequences, length 115
# corresponding to MSA columns:
# 64-178
name=unknown_C
#
# <colnr> <probs for GDERKNQSTAVLIFYWHMCP>
#	G	D	E	R	K	N	Q	S	T	A	V	L	I	F	Y	W	H	M	C	P
0	0.00801	0.00768	0.01312	0.08037	0.80468	0.00779	0.01003	0.00998	0.00743	0.01059	0.00617	0.00819	0.00516	0.00296	0.00326	0.00099	0.00394	0.00293	0.00162	0.00510
1	0.00502	0.00332	0.00497	0.00497	0.00538	0.00372	0.00372	0.00538	0.00497	0.00704	0.00784	0.01201	0.00744	0.02052	0.60109	0.28823	0.00694	0.00332	0.00166	0.00246
2	0.00466	0.00336	0.00440	0.00414	0.00492	0.00311	0.00311	0.00621	0.00932	0.01320	0.86205	0.02459	0.03106	0.00673	0.00388	0.00104	0.00155	0.00595	0.00362	0.00311
3	0.00683	0.00585	0.00683	0.00488	0.00780	0.00439	0.00390	0.00829	0.00683	0.01073	0.00585	0.00683	0.00488	0.00244	0.00244	0.00049	0.00244	0.00195	0.00195	0.90444
4	0.00622	0.00585	0.00987	0.87641	0.02267	0.00731	0.00914	0.00841	0.00658	0.00841	0.00585	0.00878	0.00439	0.00329	0.00329	0.00110	0.00439	0.00293	0.00146	0.00366
5	0.01374	0.00725	0.00866	0.00664	0.00922	0.00728	0.00548	0.39666	0.01218	0.48156	0.01067	0.00970	0.00699	0.00402	0.00330	0.00100	0.00317	0.00315	0.00372	0.00560
6	0.00445	0.00336	0.00411	0.00392	0.00479	0.00302	0.00294	0.00581	0.00883	0.01204	0.63852	0.02650	0.25531	0.00716	0.00388	0.00106	0.00158	0.00622	0.00347	0.00302
7	0.00884	0.00852	0.00657	0.00634	0.00747	0.36123	0.00468	0.00967	0.00799	0.11141	0.01186	0.35823	0.01235	0.00644	0.00353	0.00108	0.00370	0.03265	0.03392	0.00352
8	0.00464	0.00336	0.00437	0.00412	0.00490	0.00310	0.00309	0.00617	0.00926	0.01307	0.83734	0.02480	0.05585	0.00678	0.00388	0.00104	0.00156	0.00598	0.00361	0.00310
9	0.00880	0.88630	0.01725	0.00563	0.00845	0.01302	0.00563	0.00986	0.00669	0.00774	0.00458	0.00528	0.00422	0.00282	0.00211	0.00070	0.00352	0.00176	0.00141	0.00422
10	0.00401	0.00286	0.00382	0.00458	0.00477	0.00267	0.00306	0.00458	0.00630	0.00840	0.01814	0.88217	0.02177	0.01031	0.00420	0.00134	0.00191	0.00936	0.00306	0.00267
11	0.00660	0.01703	0.86726	0.00938	0.01425	0.00764	0.01216	0.01042	0.00695	0.01042	0.00591	0.00695	0.00417	0.00313	0.00313	0.00104	0.00486	0.00243	0.00139	0.00486
12	0.00683	0.00585	0.00683	0.00488	0.00780	0.00439	0.00390	0.00829	0.00683	0.01073	0.00585	0.00683	0.00488	0.00244	0.00244	0.00049	0.00244	0.00195	0.00195	0.90444
13	0.73265	0.00640	0.00550	0.00472	0.00686	0.00716	0.00389	0.05428	0.00666	0.13765	0.00597	0.00632	0.00433	0.00325	0.00229	0.00102	0.00264	0.00206	0.00240	0.00396
14	0.00816	0.00693	0.00735	0.00661	0.00844	0.00798	0.00514	0.01711	0.81894	0.02549	0.04062	0.01266	0.01070	0.00453	0.00337	0.00111	0.00257	0.00379	0.00337	0.00515
15	0.00408	0.00331	0.00365	0.00385	0.00478	0.00288	0.00292	0.00496	0.00735	0.00898	0.03856	0.16393	0.62496	0.00871	0.00401	0.00119	0.00186	0.10415	0.00306	0.00280
16	0.00867	0.83356	0.06882	0.00586	0.00880	0.01270	0.00603	0.00989	0.00670	0.00791	0.00466	0.00538	0.00422	0.00283	0.00217	0.00072	0.00360	0.00180	0.00141	0.00426
17	0.05290	0.00739	0.00792	0.00643	0.00868	0.10525	0.00518	0.10662	0.13238	0.48419	0.02429	0.01026	0.00777	0.00407	0.00337	0.00102	0.02046	0.00316	0.00346	0.00517
18	0.00452	0.00336	0.00420	0.00399	0.00483	0.00304	0.00299	0.00593	0.00898	0.01239	0.70713	0.02591	0.18648	0.00703	0.00388	0.00105	0.00157	0.00614	0.00352	0.00304
19	0.00685	0.00650	0.01102	0.59561	0.29852	0.00748	0.00946	0.00896	0.00688	0.00918	0.00596	0.00857	0.00466	0.00317	0.00328	0.00106	0.00423	0.00293	0.00152	0.00417
20	0.03321	0.01101	0.00899	0.00758	0.00971	0.33699	0.00596	0.31808	0.15225	0.07176	0.00801	0.00804	0.00594	0.00381	0.00315	0.00096	0.00425	0.00276	0.00272	0.00481
21	0.21154	0.00859	0.00876	0.00685	0.00935	0.00958	0.00566	0.66533	0.01328	0.01942	0.00716	0.00733	0.00515	0.00375	0.00301	0.00099	0.00338	0.00270	0.00301	0.00515
22	0.00951	0.00942	0.06381	0.03371	0.20666	0.16617	0.06738	0.10270	0.02034	0.08506	0.00675	0.00775	0.00521	0.00324	0.00330	0.00090	0.02795	0.00268	0.00210	0.17536
23	0.00453	0.00388	0.00522	0.00486	0.00587	0.00362	0.07252	0.00552	0.00705	0.00889	0.04620	0.14753	0.47604	0.05622	0.05679	0.00154	0.03073	0.05730	0.00277	0.00292
24	0.83917	0.00644	0.00528	0.03501	0.02042	0.00746	0.00393	0.03129	0.00592	0.01464	0.00474	0.00558	0.00367	0.00308	0.00213	0.00102	0.00266	0.00187	0.00204	0.00365
25	0.08185	0.05904	0.02994	0.00796	0.00985	0.61670	0.01483	0.06559	0.04118	0.00966	0.00553	0.00631	0.00450	0.00347	0.00313	0.00090	0.03146	0.00224	0.00186	0.00401
26	0.00405	0.00289	0.00387	0.00463	0.00484	0.00271	0.00313	0.00466	0.00634	0.00845	0.01812	0.85506	0.02168	0.01027	0.00421	0.00134	0.00195	0.03606	0.00305	0.00269
27	0.00478	0.00320	0.00366	0.00366	0.00368	0.00323	0.00208	0.00483	0.00481	0.00643	0.01031	0.02121	0.01182	0.85149	0.04939	0.00327	0.00341	0.00474	0.00199	0.00203
28	0.00622	0.00585	0.00987	0.87641	0.02267	0.00731	0.00914	0.00841	0.00658	0.00841	0.00585	0.00878	0.00439	0.00329	0.00329	0.00110	0.00439	0.00293	0.00146	0.00366
29	0.00683	0.00585	0.00683	0.00488	0.00780	0.00439	0.00390	0.00829	0.00683	0.01073	0.00585	0.00683	0.00488	0.00244	0.00244	0.00049	0.00244	0.00195	0.00195	0.90444
30	0.00880	0.88630	0.01725	0.00563	0.00845	0.01302	0.00563	0.00986	0.00669	0.00774	0.00458	0.00528	0.00422	0.00282	0.00211	0.00070	0.00352	0.00176	0.00141	0.00422
31	0.01231	0.01535	0.00936	0.00843	0.01018	0.82650	0.00635	0.05665	0.00965	0.00871	0.00523	0.00604	0.00431	0.00342	0.00298	0.00086	0.00582	0.00216	0.00178	0.00391
32	0.00477	0.00347	0.00471	0.00478	0.00512	0.00381	0.00344	0.00549	0.00533	0.00741	0.01058	0.09960	0.01127	0.31715	0.42354	0.00388	0.03096	0.05007	0.00203	0.00261
33	0.00394	0.00334	0.00340	0.00339	0.00448	0.00280	0.00254	0.00482	0.00762	0.00918	0.08802	0.03121	0.80760	0.00823	0.00389	0.00111	0.00166	0.00688	0.00309	0.00280
34	0.04049	0.00459	0.00489	0.00457	0.00514	0.04063	0.00310	0.10451	0.00639	0.00880	0.00938	0.01700	0.00986	0.54404	0.16014	0.00306	0.00426	0.00409	0.02232	0.00274
35	0.86131	0.00633	0.00498	0.00441	0.00647	0.00725	0.00363	0.01001	0.00580	0.05888	0.00502	0.00565	0.00380	0.00311	0.00210	0.00102	0.00256	0.00186	0.00214	0.00367
36	0.00774	0.05491	0.07889	0.01313	0.01654	0.00852	0.74898	0.01050	0.00766	0.01039	0.00650	0.00856	0.00490	0.00280	0.00374	0.00108	0.00540	0.00367	0.00163	0.00446
37	0.01255	0.00903	0.00974	0.00748	0.01010	0.00994	0.00618	0.80322	0.02760	0.05833	0.00821	0.00811	0.00578	0.00396	0.00329	0.00099	0.00357	0.00299	0.00333	0.00559
38	0.18143	0.00868	0.00893	0.00696	0.00948	0.00967	0.00575	0.69370	0.01361	0.01962	0.00728	0.00742	0.00521	0.00378	0.00306	0.00099	0.00342	0.00274	0.00306	0.00521
39	0.01477	0.00560	0.00764	0.00586	0.00840	0.00484	0.00484	0.01604	0.00942	0.86607	0.01299	0.01120	0.00815	0.00407	0.00331	0.00102	0.00280	0.00331	0.00407	0.00560
40	0.90757	0.00637	0.00484	0.00433	0.00637	0.00738	0.00356	0.00968	0.00560	0.01477	0.00458	0.00535	0.00356	0.00306	0.00204	0.00102	0.00255	0.00178	0.00204	0.00356
41	0.01230	0.01569	0.00933	0.00848	0.01018	0.87110	0.00636	0.01314	0.00933	0.00806	0.00509	0.00594	0.00424	0.00339	0.00297	0.00085	0.00594	0.00212	0.00170	0.00382
42	0.00654	0.00643	0.00560	0.00520	0.00621	0.21926	0.00390	0.00789	0.00927	0.01179	0.62373	0.02016	0.04937	0.00595	0.00365	0.00099	0.00265	0.00503	0.00313	0.00327
43	0.00572	0.00286	0.00429	0.00429	0.00429	0.00286	0.00286	0.00429	0.00429	0.00572	0.00572	0.01001	0.00572	0.01144	0.01286	0.90423	0.00286	0.00286	0.00143	0.00143
44	0.01477	0.00560	0.00764	0.00586	0.00840	0.00484	0.00484	0.01604	0.00942	0.86607	0.01299	0.01120	0.00815	0.00407	0.00331	0.00102	0.00280	0.00331	0.00407	0.00560
45	0.00815	0.00781	0.01325	0.01996	0.84809	0.00783	0.01001	0.01024	0.02310	0.01081	0.00632	0.00822	0.00530	0.00296	0.00326	0.00098	0.00389	0.00295	0.00166	0.00521
46	0.90757	0.00637	0.00484	0.00433	0.00637	0.00738	0.00356	0.00968	0.00560	0.01477	0.00458	0.00535	0.00356	0.00306	0.00204	0.00102	0.00255	0.00178	0.00204	0.00356
47	0.00682	0.00660	0.00919	0.00798	0.00802	0.00908	0.00654	0.00751	0.00504	0.00777	0.00515	0.00883	0.00525	0.08314	0.07004	0.00185	0.74317	0.00309	0.00151	0.00342
48	0.00470	0.00353	0.00529	0.00529	0.00588	0.00411	0.00411	0.00588	0.00529	0.00764	0.00882	0.01293	0.00823	0.02469	0.87127	0.00529	0.00882	0.00353	0.00176	0.00294
49	0.00819	0.00707	0.00744	0.00670	0.00856	0.00819	0.00521	0.01749	0.85784	0.01377	0.01340	0.01228	0.01005	0.00447	0.00335	0.00112	0.00261	0.00372	0.00335	0.00521
50	0.00660	0.01703	0.86726	0.00938	0.01425	0.00764	0.01216	0.01042	0.00695	0.01042	0.00591	0.00695	0.00417	0.00313	0.00313	0.00104	0.00486	0.00243	0.00139	0.00486
51	0.90757	0.00637	0.00484	0.00433	0.00637	0.00738	0.00356	0.00968	0.00560	0.01477	0.00458	0.00535	0.00356	0.00306	0.00204	0.00102	0.00255	0.00178	0.00204	0.00356
52	0.01477	0.00560	0.00764	0.00586	0.00840	0.00484	0.00484	0.01604	0.00942	0.86607	0.01299	0.01120	0.00815	0.00407	0.00331	0.00102	0.00280	0.00331	0.00407	0.00560
53	0.00666	0.03982	0.84497	0.00928	0.01409	0.00779	0.01199	0.01041	0.00694	0.01035	0.00587	0.00691	0.00417	0.00312	0.00310	0.00103	0.00483	0.00241	0.00139	0.00485
54	0.00401	0.00286	0.00382	0.00458	0.00477	0.00267	0.00306	0.00458	0.00630	0.00840	0.01814	0.88217	0.02177	0.01031	0.00420	0.00134	0.00191	0.00936	0.00306	0.00267
55	0.00512	0.00350	0.00463	0.00443	0.00527	0.00325	0.00343	0.00666	0.00912	0.04538	0.73109	0.02554	0.02877	0.00690	0.00394	0.00109	0.00177	0.10335	0.00357	0.00319
56	0.00847	0.75518	0.14546	0.00620	0.00932	0.01221	0.00662	0.00994	0.00673	0.00815	0.00478	0.00553	0.00422	0.00286	0.00227	0.00076	0.00372	0.00186	0.00141	0.00432
57	0.05850	0.00893	0.00969	0.00750	0.01007	0.00989	0.02622	0.73713	0.06712	0.01976	0.00804	0.00807	0.00575	0.00391	0.00325	0.00100	0.00355	0.00297	0.00319	0.00544
58	0.00462	0.00336	0.00434	0.00410	0.00489	0.00309	0.00307	0.00613	0.00922	0.01298	0.81911	0.02496	0.07413	0.00681	0.00388	0.00104	0.00156	0.00600	0.00359	0.00309
59	0.00488	0.00348	0.00481	0.00557	0.00614	0.00342	0.00456	0.00608	0.00716	0.00937	0.01766	0.31641	0.01988	0.00950	0.00443	0.00146	0.00266	0.56657	0.00304	0.00291
60	0.00860	0.80683	0.09496	0.00598	0.00898	0.01253	0.00623	0.00991	0.00671	0.00799	0.00470	0.00543	0.00422	0.00284	0.00220	0.00073	0.00364	0.00182	0.00141	0.00428
61	0.00563	0.00358	0.00461	0.00423	0.00521	0.00325	0.00321	0.00709	0.00913	0.09837	0.69074	0.02368	0.10147	0.00656	0.00380	0.00104	0.00169	0.00573	0.01766	0.00333
62	0.00430	0.00333	0.00391	0.00380	0.00470	0.00295	0.00284	0.00550	0.00841	0.01112	0.46584	0.06045	0.39587	0.00757	0.00390	0.00108	0.00162	0.00652	0.00335	0.00295
63	0.00622	0.00585	0.00987	0.87641	0.02267	0.00731	0.00914	0.00841	0.00658	0.00841	0.00585	0.00878	0.00439	0.00329	0.00329	0.00110	0.00439	0.00293	0.00146	0.00366
64	0.00627	0.00590	0.00996	0.85395	0.04473	0.00733	0.00917	0.00845	0.00661	0.00847	0.00586	0.00876	0.00441	0.00328	0.00329	0.00109	0.00438	0.00293	0.00147	0.00370
65	0.00660	0.01703	0.86726	0.00938	0.01425	0.00764	0.01216	0.01042	0.00695	0.01042	0.00591	0.00695	0.00417	0.00313	0.00313	0.00104	0.00486	0.00243	0.00139	0.00486
66	0.01452	0.00566	0.00763	0.00589	0.00841	0.00497	0.00485	0.01610	0.04182	0.83352	0.01300	0.01124	0.00822	0.00409	0.00331	0.00102	0.00279	0.00333	0.00405	0.00559
67	0.00660	0.01703	0.86726	0.00938	0.01425	0.00764	0.01216	0.01042	0.00695	0.01042	0.00591	0.00695	0.00417	0.00313	0.00313	0.00104	0.00486	0.00243	0.00139	0.00486
68	0.63084	0.00759	0.00723	0.00597	0.00819	0.07303	0.08825	0.09603	0.00723	0.04176	0.00543	0.00619	0.00411	0.00318	0.00246	0.00101	0.00322	0.00219	0.00217	0.00394
69	0.00692	0.00363	0.00378	0.00356	0.00455	0.00369	0.00273	0.04014	0.05144	0.05570	0.01088	0.01206	0.00840	0.00388	0.00244	0.00081	0.00173	0.00311	0.77716	0.00340
70	0.00873	0.85841	0.04452	0.00575	0.00863	0.01285	0.00584	0.00987	0.00670	0.00783	0.00462	0.00533	0.00422	0.00283	0.00214	0.00071	0.00356	0.00178	0.00141	0.00424
71	0.01190	0.00859	0.00937	0.02958	0.01007	0.00946	0.00604	0.74729	0.01445	0.04510	0.00848	0.04155	0.00635	0.00418	0.00330	0.00100	0.00349	0.00322	0.03124	0.00536
72	0.00401	0.00288	0.00380	0.00454	0.00476	0.00268	0.00304	0.00459	0.00634	0.00842	0.01862	0.85562	0.04801	0.01025	0.00419	0.00133	0.00190	0.00928	0.00306	0.00268
73	0.00777	0.00888	0.01942	0.01387	0.01720	0.00832	0.85183	0.01054	0.00777	0.01054	0.00666	0.00888	0.00499	0.00277	0.00388	0.00111	0.00555	0.00388	0.00166	0.00444
74	0.90757	0.00637	0.00484	0.00433	0.00637	0.00738	0.00356	0.00968	0.00560	0.01477	0.00458	0.00535	0.00356	0.00306	0.00204	0.00102	0.00255	0.00178	0.00204	0.00356
75	0.00479	0.00319	0.00359	0.00359	0.00359	0.00319	0.00199	0.00479	0.00479	0.00638	0.01037	0.02154	0.01197	0.88432	0.01675	0.00319	0.00319	0.00479	0.00199	0.00199
76	0.00777	0.00888	0.01942	0.01387	0.01720	0.00832	0.85183	0.01054	0.00777	0.01054	0.00666	0.00888	0.00499	0.00277	0.00388	0.00111	0.00555	0.00388	0.00166	0.00444
77	0.00403	0.00332	0.00353	0.00352	0.00454	0.00283	0.00262	0.00497	0.00777	0.00961	0.17410	0.06006	0.69145	0.00813	0.00390	0.00111	0.00166	0.00686	0.00315	0.00283
78	0.00957	0.00724	0.00784	0.00674	0.00880	0.00814	0.00533	0.14673	0.63551	0.10711	0.01250	0.01149	0.00915	0.00434	0.00334	0.00109	0.00278	0.00356	0.00342	0.00531
79	0.00720	0.00720	0.01008	0.00864	0.00864	0.01008	0.00720	0.00792	0.00504	0.00792	0.00432	0.00720	0.00432	0.00576	0.01080	0.00144	0.87829	0.00288	0.00144	0.00360
80	0.01251	0.00922	0.00988	0.00757	0.01021	0.01021	0.00626	0.85281	0.01548	0.02074	0.00790	0.00790	0.00560	0.00395	0.00329	0.00099	0.00362	0.00296	0.00329	0.00560
81	0.00401	0.00286	0.00382	0.00458	0.00477	0.00267	0.00306	0.00458	0.00630	0.00840	0.01814	0.88217	0.02177	0.01031	0.00420	0.00134	0.00191	0.00936	0.00306	0.00267
82	0.90757	0.00637	0.00484	0.00433	0.00637	0.00738	0.00356	0.00968	0.00560	0.01477	0.00458	0.00535	0.00356	0.00306	0.00204	0.00102	0.00255	0.00178	0.00204	0.00356
83	0.90757	0.00637	0.00484	0.00433	0.00637	0.00738	0.00356	0.00968	0.00560	0.01477	0.00458	0.00535	0.00356	0.00306	0.00204	0.00102	0.00255	0.00178	0.00204	0.00356
84	0.90757	0.00637	0.00484	0.00433	0.00637	0.00738	0.00356	0.00968	0.00560	0.01477	0.00458	0.00535	0.00356	0.00306	0.00204	0.00102	0.00255	0.00178	0.00204	0.00356
85	0.00819	0.00707	0.00744	0.00670	0.00856	0.00819	0.00521	0.01749	0.85784	0.01377	0.01340	0.01228	0.01005	0.00447	0.00335	0.00112	0.00261	0.00372	0.00335	0.00521
86	0.90757	0.00637	0.00484	0.00433	0.00637	0.00738	0.00356	0.00968	0.00560	0.01477	0.00458	0.00535	0.00356	0.00306	0.00204	0.00102	0.00255	0.00178	0.00204	0.00356
87	0.01255	0.00916	0.00984	0.00755	0.01018	0.01012	0.00623	0.83983	0.01538	0.03386	0.00798	0.00795	0.00564	0.00395	0.00329	0.00099	0.00361	0.00297	0.00330	0.00560
88	0.90757	0.00637	0.00484	0.00433	0.00637	0.00738	0.00356	0.00968	0.00560	0.01477	0.00458	0.00535	0.00356	0.00306	0.00204	0.00102	0.00255	0.00178	0.00204	0.00356
89	0.00519	0.00371	0.00518	0.00593	0.00664	0.00369	0.00511	0.00663	0.00747	0.00973	0.01749	0.11032	0.01919	0.00920	0.00452	0.00150	0.00293	0.76955	0.00303	0.00300
90	0.90757	0.00637	0.00484	0.00433	0.00637	0.00738	0.00356	0.00968	0.00560	0.01477	0.00458	0.00535	0.00356	0.00306	0.00204	0.00102	0.00255	0.00178	0.00204	0.00356
91	0.00819	0.00707	0.00744	0.00670	0.00856	0.00819	0.00521	0.01749	0.85784	0.01377	0.01340	0.01228	0.01005	0.00447	0.00335	0.00112	0.00261	0.00372	0.00335	0.00521
92	0.00401	0.00286	0.00382	0.00458	0.00477	0.00267	0.00306	0.00458	0.00630	0.00840	0.01814	0.88217	0.02177	0.01031	0.00420	0.00134	0.00191	0.00936	0.00306	0.00267
93	0.00404	0.00289	0.00385	0.00462	0.00482	0.00270	0.00311	0.00464	0.00633	0.00844	0.01813	0.86202	0.02170	0.01028	0.00421	0.00134	0.00194	0.02921	0.00305	0.00268
94	0.00391	0.00324	0.00343	0.00358	0.00451	0.00276	0.00261	0.00470	0.00726	0.00879	0.03030	0.20187	0.69423	0.00873	0.00395	0.00116	0.00172	0.00743	0.00306	0.00276
95	0.01241	0.00897	0.00967	0.00746	0.01005	0.00989	0.00615	0.77834	0.05454	0.05626	0.00837	0.00825	0.00591	0.00398	0.00330	0.00100	0.00354	0.00301	0.00333	0.00558
96	0.00791	0.00758	0.01293	0.12503	0.76081	0.00776	0.00998	0.00989	0.00738	0.01047	0.00615	0.00822	0.00511	0.00298	0.00326	0.00099	0.00397	0.00293	0.00161	0.00502
97	0.00394	0.00334	0.00340	0.00344	0.00452	0.00281	0.00260	0.00478	0.00748	0.00891	0.03256	0.04862	0.82018	0.00840	0.00392	0.00113	0.00171	0.03241	0.00306	0.00278
98	0.00647	0.00611	0.01033	0.76308	0.13400	0.00738	0.00927	0.00863	0.00670	0.00872	0.00590	0.00869	0.00450	0.00324	0.00329	0.00108	0.00432	0.00293	0.00148	0.00386
99	0.00660	0.01703	0.86726	0.00938	0.01425	0.00764	0.01216	0.01042	0.00695	0.01042	0.00591	0.00695	0.00417	0.00313	0.00313	0.00104	0.00486	0.00243	0.00139	0.00486
100	0.00663	0.01687	0.85054	0.00947	0.01430	0.00766	0.02873	0.01043	0.00697	0.01043	0.00592	0.00699	0.00419	0.00312	0.00314	0.00104	0.00488	0.00246	0.00140	0.00486
101	0.00476	0.00328	0.00404	0.00404	0.00420	0.00344	0.00256	0.00508	0.00492	0.00672	0.00996	0.01925	0.01097	0.65554	0.24417	0.00375	0.00469	0.00445	0.00193	0.00225
102	0.00683	0.00585	0.00683	0.00488	0.00780	0.00439	0.00390	0.00829	0.00683	0.01073	0.00585	0.00683	0.00488	0.00244	0.00244	0.00049	0.00244	0.00195	0.00195	0.90444
103	0.00868	0.83944	0.06307	0.00583	0.00876	0.01273	0.00598	0.00989	0.00670	0.00789	0.00465	0.00537	0.00422	0.00283	0.00217	0.00072	0.00359	0.00180	0.00141	0.00426
104	0.00622	0.00585	0.00987	0.87641	0.02267	0.00731	0.00914	0.00841	0.00658	0.00841	0.00585	0.00878	0.00439	0.00329	0.00329	0.00110	0.00439	0.00293	0.00146	0.00366
105	0.00530	0.00379	0.00530	0.00606	0.00682	0.00379	0.00530	0.00682	0.00758	0.00985	0.01743	0.03713	0.01894	0.00909	0.00455	0.00152	0.00303	0.84163	0.00303	0.00303
106	0.00503	0.00359	0.00499	0.00575	0.00638	0.00355	0.00482	0.00634	0.00731	0.00954	0.01758	0.21726	0.01955	0.00935	0.00447	0.00148	0.00279	0.66422	0.00304	0.00295
107	0.01424	0.00560	0.00748	0.00577	0.00823	0.00493	0.00476	0.04473	0.00950	0.79241	0.01269	0.01114	0.00807	0.00406	0.00326	0.00100	0.00276	0.00329	0.05060	0.00547
108	0.00819	0.00707	0.00744	0.00670	0.00856	0.00819	0.00521	0.01749	0.85784	0.01377	0.01340	0.01228	0.01005	0.00447	0.00335	0.00112	0.00261	0.00372	0.00335	0.00521
109	0.00478	0.00323	0.00379	0.00379	0.00386	0.00330	0.00224	0.00491	0.00485	0.00653	0.01019	0.02054	0.01153	0.78403	0.11645	0.00344	0.00385	0.00464	0.00197	0.00210
110	0.01251	0.00922	0.00988	0.00757	0.01021	0.01021	0.00626	0.85281	0.01548	0.02074	0.00790	0.00790	0.00560	0.00395	0.00329	0.00099	0.00362	0.00296	0.00329	0.00560
111	0.00461	0.00336	0.00433	0.00409	0.00489	0.00309	0.00307	0.00612	0.00920	0.01293	0.81062	0.02503	0.08265	0.00683	0.00388	0.00104	0.00156	0.00601	0.00359	0.00309
112	0.00444	0.00321	0.00422	0.00442	0.00499	0.00299	0.00323	0.00561	0.00802	0.01106	0.46616	0.34490	0.04809	0.00827	0.00405	0.00118	0.00179	0.06707	0.00336	0.00293
113	0.00683	0.00585	0.00683	0.00488	0.00780	0.00439	0.00390	0.00829	0.00683	0.01073	0.00585	0.00683	0.00488	0.00244	0.00244	0.00049	0.00244	0.00195	0.00195	0.90444
114	0.01251	0.00922	0.00988	0.00757	0.01021	0.01021	0.00626	0.85281	0.01548	0.02074	0.00790	0.00790	0.00560	0.00395	0.00329	0.00099	0.00362	0.00296	0.00329	0.00560

[dist]
# distance from previous block
# <min> <max>
0	1

[block]
# block no. 3 follows, 86 sequences, length 255
# corresponding to MSA columns:
# 181-435
name=unknown_D
#
# <colnr> <probs for GDERKNQSTAVLIFYWHMCP>
#	G	D	E	R	K	N	Q	S	T	A	V	L	I	F	Y	W	H	M	C	P
0	0.00814	0.00785	0.01351	0.02004	0.84247	0.00783	0.03129	0.01011	0.00750	0.01075	0.00620	0.00817	0.00521	0.00293	0.00327	0.00098	0.00395	0.00296	0.00163	0.00519
1	0.00605	0.00497	0.00555	0.00517	0.00631	0.03162	0.00392	0.01016	0.29722	0.01294	0.49578	0.07234	0.02253	0.00608	0.00369	0.00108	0.00207	0.00529	0.00344	0.00382
2	0.01251	0.00922	0.00988	0.00757	0.01021	0.01021	0.00626	0.85281	0.01548	0.02074	0.00790	0.00790	0.00560	0.00395	0.00329	0.00099	0.00362	0.00296	0.00329	0.00560
3	0.00872	0.85307	0.04974	0.00578	0.00867	0.01282	0.00588	0.00988	0.00670	0.00785	0.00463	0.00534	0.00422	0.00283	0.00215	0.00072	0.00357	0.00179	0.00141	0.00425
4	0.00827	0.00705	0.00745	0.00669	0.00856	0.00815	0.00521	0.01747	0.84738	0.02427	0.01339	0.01227	0.01002	0.00446	0.00335	0.00112	0.00261	0.00372	0.00336	0.00521
5	0.00464	0.00336	0.00438	0.00412	0.00491	0.00310	0.00309	0.00618	0.00928	0.01311	0.84526	0.02473	0.04790	0.00676	0.00388	0.00104	0.00156	0.00597	0.00361	0.00310
6	0.00507	0.00398	0.00465	0.00438	0.00541	0.00388	0.00331	0.00774	0.15072	0.01227	0.52226	0.02422	0.22612	0.00673	0.00380	0.00107	0.00176	0.00582	0.00344	0.00338
7	0.00660	0.01703	0.86726	0.00938	0.01425	0.00764	0.01216	0.01042	0.00695	0.01042	0.00591	0.00695	0.00417	0.00313	0.00313	0.00104	0.00486	0.00243	0.00139	0.00486
8	0.00683	0.00585	0.00683	0.00488	0.00780	0.00439	0.00390	0.00829	0.00683	0.01073	0.00585	0.00683	0.00488	0.00244	0.00244	0.00049	0.00244	0.00195	0.00195	0.90444
9	0.00470	0.00353	0.00529	0.00529	0.00588	0.00411	0.00411	0.00588	0.00529	0.00764	0.00882	0.01293	0.00823	0.02469	0.87127	0.00529	0.00882	0.00353	0.00176	0.00294
10	0.01230	0.01569	0.00933	0.00848	0.01018	0.87110	0.00636	0.01314	0.00933	0.00806	0.00509	0.00594	0.00424	0.00339	0.00297	0.00085	0.00594	0.00212	0.00170	0.00382
11	0.01477	0.00560	0.00764	0.00586	0.00840	0.00484	0.00484	0.01604	0.00942	0.86607	0.01299	0.01120	0.00815	0.00407	0.00331	0.00102	0.00280	0.00331	0.00407	0.00560
12	0.00760	0.00645	0.00693	0.00627	0.00795	0.00734	0.00486	0.01561	0.71600	0.01367	0.15526	0.01434	0.01356	0.00484	0.00344	0.00110	0.00243	0.00409	0.00340	0.00486
13	0.00401	0.00286	0.00382	0.00458	0.00477	0.00267	0.00306	0.00458	0.00630	0.00840	0.01814	0.88217	0.02177	0.01031	0.00420	0.00134	0.00191	0.00936	0.00306	0.00267
14	0.01261	0.00906	0.00978	0.00750	0.01013	0.00997	0.00619	0.81637	0.01521	0.05756	0.00812	0.00805	0.00571	0.00396	0.00329	0.00099	0.00359	0.00298	0.00333	0.00560
15	0.00461	0.00339	0.00421	0.00415	0.00489	0.00314	0.00311	0.00584	0.00824	0.01122	0.51455	0.02688	0.17447	0.11576	0.00555	0.00137	0.00194	0.10053	0.00325	0.00290
16	0.00738	0.00750	0.00996	0.00857	0.00866	0.04747	0.00711	0.00811	0.00523	0.00792	0.00444	0.00725	0.00439	0.00600	0.02597	0.00148	0.82463	0.00286	0.00146	0.00360
17	0.00777	0.00888	0.01942	0.01387	0.01720	0.00832	0.85183	0.01054	0.00777	0.01054	0.00666	0.00888	0.00499	0.00277	0.00388	0.00111	0.00555	0.00388	0.00166	0.00444
18	0.00401	0.00286	0.00382	0.00458	0.00477	0.00267	0.00306	0.00458	0.00630	0.00840	0.01814	0.88217	0.02177	0.01031	0.00420	0.00134	0.00191	0.00936	0.00306	0.00267
19	0.00468	0.00350	0.00436	0.00412	0.00499	0.00326	0.00310	0.00643	0.04189	0.01260	0.70961	0.02513	0.15023	0.00687	0.00386	0.00105	0.00161	0.00601	0.00353	0.00314
20	0.00674	0.07313	0.81240	0.00914	0.01387	0.00799	0.01174	0.01039	0.00693	0.01025	0.00582	0.00684	0.00417	0.00311	0.00306	0.00102	0.00478	0.00239	0.00139	0.00482
21	0.00966	0.01077	0.00932	0.00818	0.00932	0.42289	0.03856	0.01061	0.00743	0.04542	0.00577	0.00761	0.00501	0.00702	0.12396	0.00165	0.26870	0.00266	0.00173	0.00373
22	0.01338	0.00783	0.00902	0.00691	0.00951	0.00814	0.00571	0.53091	0.01315	0.34594	0.00986	0.00917	0.00658	0.00400	0.00330	0.00100	0.00331	0.00310	0.00359	0.00560
23	0.00897	0.84731	0.01692	0.00572	0.00853	0.01290	0.00566	0.04732	0.00708	0.00832	0.00472	0.00540	0.00429	0.00287	0.00216	0.00072	0.00352	0.00181	0.00149	0.00429
24	0.00729	0.01606	0.79483	0.00908	0.01375	0.00741	0.01154	0.01090	0.00716	0.08252	0.00650	0.00731	0.00450	0.00321	0.00314	0.00104	0.00469	0.00251	0.00162	0.00493
25	0.00819	0.00707	0.00744	0.00670	0.00856	0.00819	0.00521	0.01749	0.85784	0.01377	0.01340	0.01228	0.01005	0.00447	0.00335	0.00112	0.00261	0.00372	0.00335	0.00521
26	0.00479	0.00319	0.00359	0.00359	0.00359	0.00319	0.00199	0.00479	0.00479	0.00638	0.01037	0.02154	0.01197	0.88432	0.01675	0.00319	0.00319	0.00479	0.00199	0.00199
27	0.00614	0.00307	0.00307	0.00307	0.00383	0.00307	0.00230	0.00767	0.00690	0.01227	0.01074	0.01227	0.00844	0.00383	0.00230	0.00077	0.00153	0.00307	0.90259	0.00307
28	0.00391	0.00326	0.00342	0.00354	0.00450	0.00276	0.00259	0.00470	0.00730	0.00881	0.03080	0.17385	0.72192	0.00867	0.00394	0.00115	0.00171	0.00735	0.00306	0.00276
29	0.00880	0.88630	0.01725	0.00563	0.00845	0.01302	0.00563	0.00986	0.00669	0.00774	0.00458	0.00528	0.00422	0.00282	0.00211	0.00070	0.00352	0.00176	0.00141	0.00422
30	0.01230	0.01569	0.00933	0.00848	0.01018	0.87110	0.00636	0.01314	0.00933	0.00806	0.00509	0.00594	0.00424	0.00339	0.00297	0.00085	0.00594	0.00212	0.00170	0.00382
31	0.00660	0.01703	0.86726	0.00938	0.01425	0.00764	0.01216	0.01042	0.00695	0.01042	0.00591	0.00695	0.00417	0.00313	0.00313	0.00104	0.00486	0.00243	0.00139	0.00486
32	0.01477	0.00560	0.00764	0.00586	0.00840	0.00484	0.00484	0.01604	0.00942	0.86607	0.01299	0.01120	0.00815	0.00407	0.00331	0.00102	0.00280	0.00331	0.00407	0.00560
33	0.00401	0.00286	0.00382	0.00458	0.00477	0.00267	0.00306	0.00458	0.00630	0.00840	0.01814	0.88217	0.02177	0.01031	0.00420	0.00134	0.00191	0.00936	0.00306	0.00267
34	0.00474	0.00358	0.00536	0.00534	0.00592	0.00420	0.00416	0.00591	0.00529	0.00765	0.00875	0.01285	0.00817	0.02441	0.85858	0.00523	0.02164	0.00352	0.00176	0.00295
35	0.00958	0.57056	0.06134	0.00700	0.01800	0.24176	0.03247	0.01079	0.00745	0.00809	0.00487	0.00569	0.00426	0.00299	0.00246	0.00078	0.00431	0.00197	0.00149	0.00417
36	0.00389	0.00333	0.00333	0.00333	0.00445	0.00278	0.00250	0.00472	0.00750	0.00889	0.03335	0.03168	0.86245	0.00834	0.00389	0.00111	0.00167	0.00695	0.00306	0.00278
37	0.00672	0.00340	0.00351	0.00335	0.00426	0.00341	0.00255	0.04031	0.00733	0.04619	0.01072	0.01206	0.00832	0.00385	0.00238	0.00079	0.00166	0.00307	0.83286	0.00326
38	0.00735	0.00738	0.01366	0.01035	0.01283	0.00726	0.48272	0.03832	0.16454	0.01169	0.11231	0.02172	0.02293	0.00422	0.00382	0.00113	0.00418	0.06687	0.00240	0.00431
39	0.04948	0.00821	0.01052	0.37304	0.24117	0.14844	0.02824	0.02184	0.06899	0.00987	0.00635	0.00823	0.00498	0.00328	0.00319	0.00102	0.00432	0.00282	0.00174	0.00425
40	0.00819	0.00707	0.00744	0.00670	0.00856	0.00819	0.00521	0.01749	0.85784	0.01377	0.01340	0.01228	0.01005	0.00447	0.00335	0.00112	0.00261	0.00372	0.00335	0.00521
41	0.00401	0.00286	0.00382	0.00458	0.00477	0.00267	0.00306	0.00458	0.00630	0.00840	0.01814	0.88217	0.02177	0.01031	0.00420	0.00134	0.00191	0.00936	0.00306	0.00267
42	0.00804	0.00773	0.01328	0.06539	0.80528	0.00780	0.02398	0.01002	0.00745	0.01063	0.00618	0.00819	0.00517	0.00295	0.00327	0.00099	0.00396	0.00295	0.00162	0.00512
43	0.00411	0.00305	0.00390	0.00454	0.01240	0.00280	0.00311	0.00482	0.00671	0.00878	0.05748	0.65004	0.17216	0.00969	0.00414	0.00129	0.00192	0.04324	0.00307	0.00275
44	0.00945	0.04472	0.02178	0.00804	0.04275	0.22097	0.11571	0.08973	0.06522	0.05349	0.00678	0.00754	0.00529	0.00312	0.00297	0.00081	0.00398	0.00256	0.00213	0.29296
45	0.00783	0.00902	0.03520	0.01299	0.01601	0.03015	0.71906	0.01069	0.04093	0.01042	0.00670	0.00878	0.00511	0.00308	0.00433	0.00113	0.06874	0.00373	0.00171	0.00440
46	0.00683	0.00585	0.00683	0.00488	0.00780	0.00439	0.00390	0.00829	0.00683	0.01073	0.00585	0.00683	0.00488	0.00244	0.00244	0.00049	0.00244	0.00195	0.00195	0.90444
47	0.06627	0.14029	0.01031	0.04008	0.00990	0.03193	0.00589	0.52688	0.03843	0.03206	0.02135	0.00776	0.00576	0.00368	0.00300	0.00093	0.00349	0.00272	0.00278	0.04647
48	0.00481	0.00372	0.00546	0.00538	0.00595	0.00439	0.00420	0.00593	0.00535	0.00769	0.00952	0.01343	0.04071	0.03359	0.77941	0.00489	0.05716	0.00364	0.00180	0.00296
49	0.14948	0.09738	0.02473	0.00730	0.05696	0.13689	0.03781	0.12313	0.05966	0.14409	0.02115	0.00832	0.00607	0.01577	0.03667	0.00112	0.00380	0.00268	0.00244	0.06455
50	0.00838	0.50756	0.21980	0.00739	0.01045	0.07652	0.05300	0.01015	0.00690	0.00857	0.00503	0.00605	0.00426	0.00312	0.00308	0.00087	0.06097	0.00214	0.00144	0.00432
51	0.00402	0.00287	0.00384	0.00459	0.00479	0.00269	0.00307	0.00460	0.00629	0.00839	0.01800	0.86935	0.02157	0.01052	0.01699	0.00140	0.00201	0.00927	0.00304	0.00268
52	0.01230	0.01569	0.00933	0.00848	0.01018	0.87110	0.00636	0.01314	0.00933	0.00806	0.00509	0.00594	0.00424	0.00339	0.00297	0.00085	0.00594	0.00212	0.00170	0.00382
53	0.01840	0.01090	0.01086	0.06196	0.05478	0.35770	0.09901	0.06960	0.01620	0.00945	0.00541	0.00710	0.00455	0.00402	0.00536	0.00108	0.25518	0.00269	0.00173	0.00402
54	0.00401	0.00286	0.00382	0.00458	0.00477	0.00267	0.00306	0.00458	0.00630	0.00840	0.01814	0.88217	0.02177	0.01031	0.00420	0.00134	0.00191	0.00936	0.00306	0.00267
55	0.00453	0.00336	0.00422	0.00401	0.00484	0.00305	0.00300	0.00596	0.00901	0.01248	0.72352	0.02577	0.17003	0.00700	0.00388	0.00105	0.00157	0.00612	0.00353	0.00305
56	0.01261	0.00906	0.00978	0.00750	0.01013	0.00997	0.00619	0.81637	0.01521	0.05756	0.00812	0.00805	0.00571	0.00396	0.00329	0.00099	0.00359	0.00298	0.00333	0.00560
57	0.02041	0.00816	0.00916	0.00765	0.04215	0.00885	0.00606	0.64736	0.01360	0.07508	0.00940	0.04868	0.00758	0.00463	0.00343	0.00105	0.00344	0.07486	0.00324	0.00522
58	0.00466	0.00336	0.00440	0.00414	0.00492	0.00311	0.00311	0.00621	0.00932	0.01320	0.86205	0.02459	0.03106	0.00673	0.00388	0.00104	0.00155	0.00595	0.00362	0.00311
59	0.00530	0.00379	0.00530	0.00606	0.00682	0.00379	0.00530	0.00682	0.00758	0.00985	0.01743	0.03713	0.01894	0.00909	0.00455	0.00152	0.00303	0.84163	0.00303	0.00303
60	0.01231	0.00912	0.00977	0.00753	0.01013	0.01011	0.00621	0.81436	0.05426	0.02042	0.00816	0.00810	0.00580	0.00398	0.00330	0.00099	0.00358	0.00300	0.00330	0.00558
61	0.90757	0.00637	0.00484	0.00433	0.00637	0.00738	0.00356	0.00968	0.00560	0.01477	0.00458	0.00535	0.00356	0.00306	0.00204	0.00102	0.00255	0.00178	0.00204	0.00356
62	0.00459	0.00336	0.00431	0.00407	0.00488	0.00308	0.00305	0.00608	0.00916	0.01283	0.79007	0.02520	0.10327	0.00687	0.00388	0.00104	0.00156	0.00604	0.00357	0.00308
63	0.00819	0.00707	0.00744	0.00670	0.00856	0.00819	0.00521	0.01749	0.85784	0.01377	0.01340	0.01228	0.01005	0.00447	0.00335	0.00112	0.00261	0.00372	0.00335	0.00521
64	0.00819	0.00707	0.00744	0.00670	0.00856	0.00819	0.00521	0.01749	0.85784	0.01377	0.01340	0.01228	0.01005	0.00447	0.00335	0.00112	0.00261	0.00372	0.00335	0.00521
65	0.08512	0.00802	0.00839	0.00660	0.00889	0.00885	0.00541	0.65039	0.01331	0.01892	0.00808	0.00838	0.00588	0.00386	0.00303	0.00096	0.00320	0.00288	0.14479	0.00503
66	0.00404	0.00288	0.00381	0.00454	0.00472	0.00270	0.00301	0.00459	0.00624	0.00831	0.01780	0.84469	0.02134	0.04838	0.00475	0.00142	0.00197	0.00916	0.00301	0.00264
67	0.00622	0.00585	0.00987	0.87641	0.02267	0.00731	0.00914	0.00841	0.00658	0.00841	0.00585	0.00878	0.00439	0.00329	0.00329	0.00110	0.00439	0.00293	0.00146	0.00366
68	0.00473	0.00342	0.00473	0.00473	0.00512	0.00381	0.00342	0.00552	0.00512	0.00723	0.00933	0.01577	0.00946	0.30813	0.58951	0.00460	0.00696	0.00394	0.00184	0.00263
69	0.00683	0.00585	0.00683	0.00488	0.00780	0.00439	0.00390	0.00829	0.00683	0.01073	0.00585	0.00683	0.00488	0.00244	0.00244	0.00049	0.00244	0.00195	0.00195	0.90444
70	0.90757	0.00637	0.00484	0.00433	0.00637	0.00738	0.00356	0.00968	0.00560	0.01477	0.00458	0.00535	0.00356	0.00306	0.00204	0.00102	0.00255	0.00178	0.00204	0.00356
71	0.00772	0.00925	0.05794	0.01367	0.01707	0.00829	0.81368	0.01054	0.00773	0.01054	0.00663	0.00879	0.00496	0.00279	0.00385	0.00111	0.00552	0.00382	0.00165	0.00446
