[name]
unknown

[dist]
# distance from previous block
# <min> <max>
2	3

[block]
# block no. 0 follows, 80 sequences, length 31
# corresponding to MSA columns:
# 3-33
name=unknown_A
#
# <colnr> <probs for GDERKNQSTAVLIFYWHMCP>
#	G	D	E	R	K	N	Q	S	T	A	V	L	I	F	Y	W	H	M	C	P
0	0.00703	0.01785	0.83960	0.01006	0.01517	0.00812	0.03239	0.01105	0.00739	0.01105	0.00628	0.00741	0.00444	0.00331	0.00333	0.00111	0.00517	0.00261	0.00148	0.00515
1	0.00510	0.00430	0.00453	0.00436	0.00564	0.00412	0.00331	0.00778	0.16960	0.01076	0.10024	0.02835	0.59480	0.00846	0.03185	0.00132	0.00219	0.00650	0.00331	0.00348
2	0.00423	0.00347	0.00373	0.00382	0.00482	0.00297	0.00281	0.00516	0.00798	0.00985	0.12349	0.15613	0.64152	0.00896	0.00417	0.00120	0.00179	0.00762	0.00331	0.00297
3	0.00923	0.00777	0.00820	0.00721	0.00928	0.00894	0.00566	0.11776	0.74919	0.01548	0.01350	0.01246	0.01008	0.00467	0.00354	0.00117	0.00289	0.00385	0.00354	0.00557
4	0.00426	0.00324	0.00385	0.00431	0.00485	0.00291	0.00295	0.00493	0.00703	0.00894	0.02446	0.51063	0.32231	0.07192	0.00528	0.00147	0.00203	0.00865	0.00316	0.00282
5	0.00849	0.00938	0.01973	0.01417	0.01755	0.00899	0.77180	0.05593	0.00858	0.01167	0.00705	0.00930	0.00531	0.00311	0.00431	0.00118	0.03282	0.00403	0.00185	0.00474
6	0.00944	0.00479	0.00614	0.00524	0.00691	0.00436	0.00412	0.02975	0.04435	0.35129	0.33049	0.06218	0.11378	0.00622	0.00385	0.00112	0.00230	0.00532	0.00391	0.00444
7	0.90202	0.00675	0.00513	0.00459	0.00675	0.00783	0.00378	0.01026	0.00594	0.01565	0.00486	0.00567	0.00378	0.00324	0.00216	0.00108	0.00270	0.00189	0.00216	0.00378
8	0.00821	0.00933	0.02011	0.01444	0.01780	0.00891	0.80261	0.01104	0.00810	0.01104	0.00694	0.00933	0.00526	0.00309	0.00447	0.00119	0.04765	0.00407	0.00175	0.00466
9	0.00650	0.00325	0.00325	0.00325	0.00407	0.00325	0.00244	0.00813	0.00732	0.01301	0.01138	0.01301	0.00894	0.00407	0.00244	0.00081	0.00163	0.00325	0.89675	0.00325
10	0.90202	0.00675	0.00513	0.00459	0.00675	0.00783	0.00378	0.01026	0.00594	0.01565	0.00486	0.00567	0.00378	0.00324	0.00216	0.00108	0.00270	0.00189	0.00216	0.00378
11	0.01303	0.01663	0.00989	0.00899	0.01079	0.86337	0.00674	0.01393	0.00989	0.00854	0.00539	0.00629	0.00449	0.00360	0.00315	0.00090	0.00629	0.00225	0.00180	0.00404
12	0.00812	0.00900	0.01829	0.01375	0.04344	0.00920	0.63960	0.01057	0.00762	0.01060	0.00652	0.00901	0.00515	0.00362	0.00564	0.00125	0.18851	0.00386	0.00171	0.00454
13	0.00479	0.00354	0.00448	0.00429	0.00514	0.00322	0.00320	0.00628	0.00945	0.01311	0.69970	0.06810	0.14662	0.00755	0.00413	0.00112	0.00168	0.00663	0.00373	0.00322
14	0.87080	0.00672	0.00523	0.00465	0.00682	0.00773	0.00383	0.01049	0.00608	0.04533	0.00517	0.00589	0.00395	0.00328	0.00221	0.00108	0.00271	0.00195	0.00224	0.00385
15	0.00740	0.00780	0.09286	0.06983	0.29671	0.00686	0.12644	0.04739	0.01888	0.02385	0.01034	0.20113	0.02329	0.04598	0.00444	0.00127	0.00393	0.00488	0.00222	0.00449
16	0.00766	0.00862	0.05996	0.02559	0.05999	0.00810	0.51139	0.02260	0.01679	0.01065	0.02340	0.03683	0.00695	0.06161	0.04440	0.00154	0.08353	0.00412	0.00188	0.00438
17	0.00495	0.00346	0.00444	0.00453	0.00476	0.00365	0.00300	0.00544	0.00544	0.00746	0.01138	0.11725	0.01255	0.49321	0.29949	0.00390	0.00522	0.00518	0.00216	0.00253
18	0.00606	0.00303	0.00455	0.00455	0.00455	0.00303	0.00303	0.00455	0.00455	0.00606	0.00606	0.01061	0.00606	0.01212	0.01364	0.89848	0.00303	0.00303	0.00152	0.00152
19	0.04597	0.01145	0.07025	0.00946	0.03359	0.18414	0.12370	0.43646	0.01256	0.01629	0.00740	0.01917	0.00558	0.00386	0.00346	0.00104	0.00466	0.00310	0.00266	0.00519
20	0.00821	0.00927	0.02001	0.03764	0.05882	0.00877	0.78070	0.01109	0.00819	0.01113	0.00701	0.00937	0.00529	0.00296	0.00407	0.00117	0.00577	0.00404	0.00176	0.00472
21	0.00435	0.00317	0.00411	0.00482	0.00518	0.00294	0.00335	0.00507	0.00697	0.00915	0.03354	0.70863	0.11558	0.01055	0.00444	0.00140	0.00208	0.06856	0.00325	0.00288
22	0.01099	0.00499	0.00619	0.00521	0.00702	0.00461	0.00413	0.06965	0.00919	0.42026	0.01450	0.11422	0.05473	0.00525	0.00335	0.00105	0.00248	0.00437	0.25314	0.00467
23	0.00893	0.03144	0.02166	0.09257	0.30162	0.08571	0.03061	0.07472	0.05261	0.07984	0.01961	0.10422	0.05208	0.02422	0.00390	0.00115	0.00385	0.00413	0.00242	0.00472
24	0.00700	0.01805	0.85930	0.00994	0.01510	0.00810	0.01289	0.01105	0.00737	0.01105	0.00626	0.00737	0.00442	0.00331	0.00331	0.00110	0.00516	0.00258	0.00147	0.00516
25	0.00763	0.00763	0.01069	0.00916	0.00916	0.01069	0.00763	0.00840	0.00534	0.00840	0.00458	0.00763	0.00458	0.00611	0.01145	0.00153	0.87099	0.00305	0.00153	0.00382
26	0.67752	0.00695	0.01964	0.01721	0.00766	0.01952	0.00436	0.02504	0.00698	0.17765	0.00668	0.00699	0.00478	0.00347	0.00249	0.00108	0.00289	0.00225	0.00257	0.00426
27	0.00414	0.00348	0.00359	0.00367	0.00475	0.00293	0.00271	0.00499	0.00782	0.00937	0.03367	0.12115	0.76771	0.00905	0.00416	0.00120	0.00179	0.00763	0.00324	0.00293
28	0.23571	0.11359	0.03744	0.02973	0.03007	0.13820	0.07881	0.14083	0.02162	0.05682	0.00762	0.08080	0.00651	0.00412	0.00308	0.00105	0.00394	0.00321	0.00237	0.00447
29	0.00984	0.00766	0.02511	0.07713	0.12727	0.06906	0.01566	0.09887	0.08952	0.16799	0.05944	0.03219	0.02012	0.01920	0.00373	0.00104	0.01354	0.00347	0.00279	0.15639
30	0.00958	0.76267	0.03299	0.00627	0.00920	0.03805	0.00614	0.06711	0.00778	0.00921	0.00522	0.00599	0.00466	0.00353	0.01860	0.00087	0.00395	0.00201	0.00164	0.00455

[dist]
# distance from previous block
# <min> <max>
11	45

[block]
# block no. 1 follows, 80 sequences, length 11
# corresponding to MSA columns:
# 80-90
name=unknown_B
#
# <colnr> <probs for GDERKNQSTAVLIFYWHMCP>
#	G	D	E	R	K	N	Q	S	T	A	V	L	I	F	Y	W	H	M	C	P
0	0.00801	0.00678	0.00801	0.00753	0.09051	0.00660	0.00531	0.01303	0.35878	0.03327	0.01085	0.03779	0.02785	0.00398	0.00319	0.00090	0.00278	0.00336	0.00277	0.36871
1	0.03852	0.14087	0.18478	0.06744	0.10217	0.21657	0.03525	0.05312	0.06796	0.02580	0.01916	0.02054	0.00586	0.00364	0.00319	0.00101	0.00465	0.00281	0.00198	0.00470
2	0.00585	0.00453	0.00541	0.00481	0.00633	0.00395	0.00363	0.00771	0.06688	0.03179	0.24491	0.19421	0.14123	0.00664	0.00370	0.00102	0.00212	0.00577	0.00312	0.25641
3	0.00507	0.00341	0.00394	0.00394	0.00398	0.00346	0.00228	0.00516	0.00511	0.00686	0.01087	0.02216	0.01239	0.81442	0.08032	0.00355	0.00382	0.00498	0.00210	0.00219
4	0.00503	0.00338	0.00391	0.00395	0.00400	0.00341	0.00229	0.00512	0.00518	0.00694	0.01131	0.06449	0.01299	0.78937	0.06198	0.00340	0.00363	0.00524	0.00216	0.00220
5	0.00843	0.00797	0.01124	0.18785	0.24827	0.06025	0.07189	0.06954	0.17973	0.01176	0.00860	0.03214	0.00697	0.00530	0.05727	0.00140	0.02081	0.00352	0.00224	0.00481
6	0.00734	0.03910	0.16253	0.06037	0.04991	0.00741	0.29458	0.05740	0.00804	0.01119	0.04592	0.11607	0.00894	0.01986	0.04972	0.00142	0.01630	0.00436	0.03519	0.00435
7	0.04007	0.01127	0.04033	0.00767	0.00974	0.32532	0.00620	0.25779	0.04712	0.03965	0.05791	0.01094	0.07710	0.00491	0.01781	0.00111	0.03445	0.00333	0.00268	0.00460
8	0.06823	0.40896	0.11479	0.00722	0.01029	0.02714	0.03568	0.21524	0.02269	0.03515	0.00660	0.02180	0.00534	0.00354	0.00284	0.00093	0.00392	0.00256	0.00218	0.00490
9	0.01116	0.12637	0.02293	0.06944	0.01179	0.19339	0.08284	0.27448	0.04643	0.06265	0.00752	0.00844	0.00577	0.01541	0.03065	0.00118	0.01922	0.00295	0.00249	0.00488
10	0.06215	0.05724	0.01000	0.05577	0.04477	0.54668	0.00670	0.05524	0.05420	0.01005	0.00621	0.00730	0.00509	0.00465	0.04115	0.00116	0.02292	0.00251	0.00196	0.00423

[dist]
# distance from previous block
# <min> <max>
0	1

[block]
# block no. 2 follows, 80 sequences, length 17
# corresponding to MSA columns:
# 92-108
name=unknown_C
#
# <colnr> <probs for GDERKNQSTAVLIFYWHMCP>
#	G	D	E	R	K	N	Q	S	T	A	V	L	I	F	Y	W	H	M	C	P
0	0.00749	0.00711	0.01090	0.55895	0.19929	0.03556	0.00929	0.02850	0.07067	0.01016	0.00750	0.00982	0.02274	0.00363	0.00349	0.00113	0.00438	0.00323	0.00182	0.00438
1	0.00501	0.00365	0.00516	0.00516	0.00562	0.00412	0.00380	0.00594	0.00547	0.00777	0.00976	0.01599	0.00971	0.23884	0.65223	0.00505	0.00786	0.00407	0.00193	0.00287
2	0.00813	0.00694	0.00740	0.00669	0.00851	0.00791	0.00519	0.01681	0.73162	0.01435	0.10259	0.01511	0.04313	0.00513	0.00363	0.00117	0.00261	0.00431	0.00357	0.00520
3	0.00724	0.00620	0.00724	0.00517	0.00827	0.00465	0.00413	0.00879	0.00724	0.01137	0.00620	0.00724	0.00517	0.00258	0.00258	0.00052	0.00258	0.00207	0.00207	0.89871
4	0.00668	0.00630	0.01064	0.82983	0.06245	0.00778	0.00974	0.00900	0.00702	0.00903	0.00622	0.00927	0.00469	0.00347	0.00349	0.00116	0.00463	0.00310	0.00156	0.00395
5	0.01490	0.00675	0.00856	0.00660	0.00929	0.00639	0.00544	0.17950	0.04533	0.65957	0.01272	0.01123	0.00819	0.00431	0.00351	0.00108	0.00313	0.00345	0.00412	0.00592
6	0.00429	0.00336	0.00388	0.00412	0.00491	0.00296	0.00295	0.00518	0.00779	0.00991	0.14835	0.32709	0.44419	0.00932	0.00424	0.00125	0.00184	0.00811	0.00333	0.00296
7	0.00464	0.00332	0.00450	0.00531	0.00568	0.00317	0.00392	0.00554	0.00707	0.00935	0.01901	0.63641	0.02222	0.01056	0.00456	0.00147	0.00236	0.24475	0.00323	0.00294
8	0.00454	0.00347	0.00402	0.00420	0.00492	0.00315	0.00302	0.00540	0.00748	0.00956	0.13475	0.18031	0.38004	0.14954	0.02277	0.00168	0.00232	0.07286	0.00311	0.00286
9	0.00933	0.87948	0.01828	0.00597	0.00896	0.01381	0.00597	0.01045	0.00709	0.00821	0.00485	0.00560	0.00448	0.00299	0.00224	0.00075	0.00373	0.00187	0.00149	0.00448
10	0.00599	0.00437	0.00542	0.00568	0.00644	0.00443	0.00425	0.13165	0.03561	0.01133	0.01731	0.56875	0.01957	0.00949	0.00434	0.00139	0.00253	0.15473	0.00328	0.00345
11	0.00700	0.01805	0.85930	0.00994	0.01510	0.00810	0.01289	0.01105	0.00737	0.01105	0.00626	0.00737	0.00442	0.00331	0.00331	0.00110	0.00516	0.00258	0.00147	0.00516
12	0.00724	0.00620	0.00724	0.00517	0.00827	0.00465	0.00413	0.00879	0.00724	0.01137	0.00620	0.00724	0.00517	0.00258	0.00258	0.00052	0.00258	0.00207	0.00207	0.89871
13	0.08472	0.00868	0.01008	0.14258	0.05309	0.00965	0.00699	0.55812	0.01330	0.06687	0.00797	0.00851	0.00569	0.00396	0.00338	0.00107	0.00384	0.00305	0.00304	0.00542
14	0.00724	0.00464	0.03175	0.00497	0.00636	0.00399	0.00400	0.03213	0.00992	0.17464	0.60856	0.02262	0.06224	0.00647	0.00396	0.00110	0.00207	0.00562	0.00382	0.00391
15	0.00428	0.00353	0.00376	0.00373	0.00482	0.00301	0.00279	0.00530	0.00827	0.01026	0.18656	0.05620	0.67828	0.00858	0.00413	0.00117	0.00175	0.00724	0.00335	0.00301
16	0.11391	0.01020	0.00999	0.00818	0.01043	0.25593	0.09779	0.12245	0.08909	0.18047	0.00845	0.00891	0.00623	0.01799	0.00391	0.00110	0.04443	0.00302	0.00272	0.00481

[dist]
# distance from previous block
# <min> <max>
0	2

[block]
# block no. 3 follows, 80 sequences, length 6
# corresponding to MSA columns:
# 112-117
name=unknown_D
#
# <colnr> <probs for GDERKNQSTAVLIFYWHMCP>
#	G	D	E	R	K	N	Q	S	T	A	V	L	I	F	Y	W	H	M	C	P
0	0.06735	0.25605	0.02972	0.04888	0.25953	0.07287	0.00740	0.08744	0.03835	0.03501	0.00830	0.00920	0.05851	0.00369	0.00305	0.00097	0.00388	0.00291	0.00207	0.00481
1	0.00668	0.00428	0.00502	0.00474	0.00593	0.00408	0.00360	0.04526	0.07071	0.10859	0.18964	0.16832	0.23112	0.00729	0.00386	0.00115	0.00211	0.02592	0.10801	0.00370
2	0.00812	0.00849	0.09073	0.13440	0.06182	0.04460	0.16653	0.05995	0.15331	0.04015	0.02525	0.05712	0.04197	0.02144	0.00394	0.00117	0.00408	0.02549	0.00243	0.04901
3	0.06813	0.01255	0.08030	0.00818	0.01071	0.33632	0.00687	0.31704	0.04188	0.07416	0.00743	0.00774	0.00548	0.00386	0.00326	0.00100	0.00472	0.00273	0.00265	0.00500
4	0.05806	0.03144	0.03099	0.09341	0.09286	0.12528	0.02223	0.11778	0.11062	0.05800	0.00793	0.00919	0.00625	0.02518	0.03759	0.00125	0.04608	0.00298	0.01752	0.10535
5	0.05038	0.00526	0.03605	0.00529	0.00607	0.06004	0.00398	0.00747	0.06180	0.00916	0.01223	0.16949	0.01298	0.29047	0.14158	0.00261	0.00416	0.07721	0.04069	0.00308

[dist]
# distance from previous block
# <min> <max>
0	3

[block]
# block no. 4 follows, 80 sequences, length 25
# corresponding to MSA columns:
# 121-145
name=unknown_E
#
# <colnr> <probs for GDERKNQSTAVLIFYWHMCP>
#	G	D	E	R	K	N	Q	S	T	A	V	L	I	F	Y	W	H	M	C	P
0	0.00490	0.00346	0.00443	0.00496	0.00533	0.00336	0.00360	0.00566	0.00672	0.00884	0.02896	0.33044	0.05644	0.26000	0.00838	0.00202	0.00275	0.25407	0.00292	0.00275
1	0.00499	0.00340	0.00395	0.00398	0.00409	0.00342	0.00236	0.00515	0.00530	0.00707	0.01221	0.06136	0.04624	0.73642	0.08321	0.00338	0.00373	0.00528	0.00219	0.00226
2	0.01177	0.27398	0.03507	0.00811	0.01036	0.58719	0.00668	0.01282	0.00899	0.00851	0.00525	0.00611	0.00449	0.00341	0.00288	0.00086	0.00550	0.00214	0.00170	0.00420
3	0.00762	0.06189	0.07764	0.02895	0.00944	0.02118	0.00533	0.02636	0.04302	0.01133	0.00646	0.00746	0.00527	0.00290	0.00288	0.00066	0.01886	0.00225	0.00205	0.65847
4	0.00689	0.00760	0.09209	0.68024	0.12778	0.00785	0.01012	0.00934	0.00714	0.00943	0.00625	0.00903	0.00474	0.00342	0.00347	0.00114	0.00464	0.00305	0.00157	0.00421
5	0.01267	0.01589	0.00966	0.00879	0.01055	0.80619	0.00659	0.03381	0.00991	0.00888	0.00605	0.04307	0.00531	0.00392	0.00321	0.00092	0.00605	0.00259	0.00190	0.00404
6	0.00636	0.00486	0.00544	0.00500	0.00634	0.00493	0.00384	0.05757	0.20370	0.03285	0.27470	0.03649	0.26861	0.00721	0.02388	0.00123	0.00228	0.00568	0.04512	0.00391
7	0.00634	0.00481	0.00709	0.00646	0.00678	0.00584	0.02764	0.01841	0.00536	0.00768	0.00674	0.01083	0.00651	0.03112	0.25482	0.33632	0.24949	0.00331	0.00167	0.00278
8	0.00526	0.00396	0.00508	0.00504	0.00593	0.00377	0.01900	0.04857	0.01984	0.01190	0.33836	0.23559	0.15934	0.00841	0.00425	0.00126	0.00217	0.11550	0.00345	0.00330
9	0.03294	0.04574	0.01019	0.00751	0.01023	0.00985	0.00624	0.64602	0.01466	0.14752	0.02835	0.00913	0.00685	0.00420	0.00343	0.00104	0.00363	0.00319	0.00351	0.00576
10	0.01024	0.03957	0.20160	0.03876	0.08963	0.04906	0.04979	0.23692	0.01028	0.10645	0.00762	0.00829	0.00555	0.00353	0.00330	0.00098	0.00414	0.00287	0.00247	0.12894
11	0.05118	0.30291	0.22099	0.00836	0.01165	0.05587	0.10801	0.04235	0.07450	0.05635	0.00683	0.00762	0.00530	0.00345	0.00327	0.00100	0.03093	0.00267	0.00196	0.00481
12	0.65587	0.00865	0.12792	0.02252	0.02156	0.03795	0.00540	0.02666	0.00650	0.01430	0.00546	0.00683	0.00436	0.04023	0.00309	0.00117	0.00329	0.00220	0.00205	0.00399
13	0.13380	0.01845	0.00772	0.03366	0.00887	0.10891	0.00530	0.25026	0.05728	0.07589	0.01084	0.20320	0.01013	0.00639	0.03349	0.00130	0.00364	0.02347	0.00296	0.00445
14	0.78455	0.00715	0.00583	0.00504	0.00729	0.00822	0.00416	0.12046	0.00732	0.01649	0.00532	0.00603	0.00406	0.00336	0.00234	0.00108	0.00285	0.00205	0.00234	0.00406
15	0.01559	0.00605	0.00817	0.00626	0.00896	0.00529	0.00517	0.04086	0.01017	0.83391	0.01361	0.01177	0.00856	0.00431	0.00351	0.00108	0.00299	0.00350	0.00429	0.00594
16	0.66085	0.00653	0.00594	0.00503	0.00734	0.00709	0.00415	0.01209	0.00704	0.24486	0.00728	0.00736	0.00510	0.00353	0.00253	0.00108	0.00277	0.00233	0.00275	0.00437
17	0.01303	0.01663	0.00989	0.00899	0.01079	0.86337	0.00674	0.01393	0.00989	0.00854	0.00539	0.00629	0.00449	0.00360	0.00315	0.00090	0.00629	0.00225	0.00180	0.00404
18	0.01064	0.01054	0.00892	0.03796	0.03663	0.31695	0.02003	0.20563	0.09367	0.04276	0.02909	0.01287	0.14973	0.00480	0.00350	0.00104	0.00427	0.00370	0.00273	0.00455
19	0.00602	0.00305	0.00451	0.00451	0.00451	0.00305	0.00299	0.00457	0.00457	0.00609	0.00628	0.01115	0.00636	0.05077	0.01382	0.85851	0.00305	0.00312	0.00154	0.00154
20	0.01245	0.00719	0.00934	0.04682	0.02969	0.01728	0.05578	0.24035	0.03752	0.38286	0.02626	0.04533	0.04173	0.00458	0.00358	0.00108	0.00340	0.00383	0.00355	0.02737
21	0.00918	0.04413	0.06495	0.06756	0.20334	0.17835	0.05800	0.06876	0.05332	0.02389	0.00828	0.00998	0.03604	0.00499	0.04267	0.00127	0.06422	0.01446	0.04201	0.00459
22	0.90202	0.00675	0.00513	0.00459	0.00675	0.00783	0.00378	0.01026	0.00594	0.01565	0.00486	0.00567	0.00378	0.00324	0.00216	0.00108	0.00270	0.00189	0.00216	0.00378
23	0.00511	0.00388	0.00566	0.00560	0.00613	0.00456	0.00429	0.00622	0.00554	0.00798	0.00929	0.01431	0.00892	0.10779	0.74261	0.00521	0.04813	0.00384	0.00188	0.00305
24	0.00933	0.33385	0.07291	0.03714	0.07983	0.06612	0.05670	0.10636	0.02744	0.04620	0.00813	0.06379	0.02677	0.00416	0.00340	0.00100	0.03434	0.01577	0.00212	0.00464

[dist]
# distance from previous block
# <min> <max>
5	53

[block]
# block no. 5 follows, 80 sequences, length 13
# corresponding to MSA columns:
# 199-211
name=unknown_F
#
# <colnr> <probs for GDERKNQSTAVLIFYWHMCP>
#	G	D	E	R	K	N	Q	S	T	A	V	L	I	F	Y	W	H	M	C	P
0	0.04030	0.00811	0.00897	0.03867	0.00990	0.05236	0.00583	0.28638	0.02585	0.05226	0.00716	0.00806	0.00556	0.00418	0.01778	0.00101	0.11839	0.00272	0.00256	0.30397
1	0.00872	0.00825	0.01384	0.06211	0.78208	0.00836	0.01050	0.04326	0.00823	0.01169	0.00662	0.00866	0.00550	0.00317	0.00346	0.00104	0.00416	0.00311	0.00179	0.00546
2	0.00871	0.00834	0.01351	0.01954	0.73686	0.03218	0.02798	0.04317	0.00827	0.01160	0.00726	0.05322	0.00641	0.00356	0.00351	0.00106	0.00412	0.00346	0.00188	0.00534
3	0.00446	0.00327	0.00395	0.00438	0.00480	0.00303	0.00296	0.00506	0.00676	0.00874	0.03911	0.45206	0.21397	0.19200	0.00717	0.00177	0.00229	0.03846	0.00302	0.00273
4	0.00533	0.00399	0.00450	0.00460	0.00552	0.02251	0.00336	0.00671	0.04998	0.05386	0.13997	0.32317	0.33164	0.00879	0.00417	0.00125	0.00208	0.02196	0.00336	0.00327
5	0.00959	0.00880	0.01045	0.00914	0.05422	0.10796	0.13249	0.08637	0.40141	0.05444	0.01186	0.01216	0.04142	0.00446	0.00380	0.00114	0.02382	0.01842	0.00295	0.00510
6	0.00928	0.00779	0.00823	0.00722	0.00930	0.00896	0.00567	0.12621	0.74067	0.01556	0.01344	0.01241	0.01004	0.00466	0.00354	0.00117	0.00290	0.00384	0.00354	0.00558
7	0.00582	0.00480	0.00576	0.00559	0.00620	0.06346	0.00417	0.02539	0.00610	0.00827	0.02458	0.01507	0.00953	0.20545	0.56281	0.00450	0.03352	0.00393	0.00198	0.00305
8	0.01326	0.00977	0.01047	0.00803	0.01082	0.01082	0.00663	0.84398	0.01640	0.02199	0.00838	0.00838	0.00593	0.00419	0.00349	0.00105	0.00384	0.00314	0.00349	0.00593
9	0.00464	0.00355	0.00425	0.00407	0.00503	0.00316	0.00305	0.00600	0.00916	0.01230	0.55046	0.02885	0.33729	0.00776	0.00412	0.00113	0.00169	0.00670	0.00362	0.00316
10	0.00503	0.00337	0.00382	0.00386	0.00387	0.00336	0.00217	0.00506	0.00515	0.00687	0.01139	0.06392	0.01319	0.83561	0.01712	0.00329	0.00332	0.00531	0.00217	0.00215
11	0.06188	0.03496	0.03639	0.00532	0.00843	0.00526	0.00447	0.00901	0.00716	0.01152	0.00608	0.00709	0.00504	0.00266	0.00257	0.00058	0.00272	0.00207	0.00203	0.78478
12	0.08776	0.08016	0.07289	0.03520	0.01052	0.02426	0.00651	0.39766	0.03554	0.16527	0.00862	0.00872	0.00613	0.00456	0.02781	0.00116	0.00386	0.00296	0.00305	0.01737

[dist]
# distance from previous block
# <min> <max>
0	6

[block]
# block no. 6 follows, 80 sequences, length 44
# corresponding to MSA columns:
# 218-261
name=unknown_G
#
# <colnr> <probs for GDERKNQSTAVLIFYWHMCP>
#	G	D	E	R	K	N	Q	S	T	A	V	L	I	F	Y	W	H	M	C	P
0	0.01335	0.00964	0.01039	0.00796	0.01075	0.01062	0.00658	0.81527	0.01618	0.05101	0.00856	0.00850	0.00603	0.00419	0.00349	0.00105	0.00381	0.00315	0.00352	0.00593
1	0.04599	0.42634	0.40041	0.00778	0.01171	0.01087	0.00905	0.03389	0.00743	0.01020	0.00559	0.00648	0.00446	0.00318	0.00276	0.00093	0.00434	0.00223	0.00157	0.00480
2	0.00490	0.00357	0.00462	0.00435	0.00519	0.00328	0.00327	0.00652	0.00980	0.01380	0.81929	0.02638	0.06753	0.00720	0.00412	0.00110	0.00165	0.00635	0.00382	0.00328
3	0.00491	0.00357	0.00463	0.00436	0.00520	0.00328	0.00327	0.00653	0.00981	0.01384	0.82697	0.02631	0.05982	0.00719	0.00412	0.00110	0.00165	0.00634	0.00382	0.00328
4	0.00488	0.00356	0.00458	0.00433	0.00518	0.00327	0.00325	0.00647	0.00974	0.01367	0.79595	0.02659	0.09095	0.00725	0.00412	0.00110	0.00165	0.00638	0.00380	0.00327
5	0.04659	0.00955	0.01920	0.01388	0.01718	0.04484	0.74865	0.01118	0.00813	0.01118	0.00683	0.00907	0.00518	0.00307	0.00420	0.00117	0.02981	0.00391	0.00178	0.00461
6	0.00790	0.00684	0.00757	0.00552	0.00855	0.03576	0.00442	0.07218	0.00802	0.01207	0.00634	0.00729	0.00520	0.00274	0.00267	0.00057	0.00281	0.00215	0.00217	0.79921
7	0.00498	0.00374	0.00561	0.00561	0.00623	0.00436	0.00436	0.00623	0.00561	0.00810	0.00935	0.01371	0.00872	0.02617	0.86355	0.00561	0.00935	0.00374	0.00187	0.00312
8	0.01303	0.01663	0.00989	0.00899	0.01079	0.86337	0.00674	0.01393	0.00989	0.00854	0.00539	0.00629	0.00449	0.00360	0.00315	0.00090	0.00629	0.00225	0.00180	0.00404
9	0.00973	0.00771	0.00827	0.00714	0.00926	0.00873	0.00563	0.16724	0.63207	0.05660	0.03939	0.01253	0.01040	0.00469	0.00356	0.00115	0.00293	0.00385	0.00359	0.00555
10	0.00466	0.00356	0.00431	0.00443	0.00528	0.00324	0.00334	0.00597	0.02028	0.01115	0.32514	0.18396	0.30908	0.00863	0.00424	0.00124	0.00193	0.09297	0.00346	0.00311
11	0.00425	0.00304	0.00405	0.00486	0.00506	0.00283	0.00324	0.00486	0.00668	0.00891	0.01923	0.87510	0.02308	0.01093	0.00445	0.00142	0.00202	0.00992	0.00324	0.00283
12	0.00969	0.00735	0.00798	0.00701	0.00910	0.00828	0.00550	0.03902	0.72083	0.12292	0.01400	0.01276	0.01027	0.00467	0.00354	0.00117	0.00281	0.00387	0.00365	0.00559
13	0.00430	0.00307	0.00410	0.00491	0.00514	0.00287	0.00332	0.00494	0.00673	0.00896	0.01920	0.84626	0.02297	0.01089	0.00447	0.00142	0.00207	0.03829	0.00324	0.00285
14	0.00786	0.03605	0.01300	0.34042	0.48101	0.00832	0.02969	0.01000	0.00752	0.01030	0.00635	0.00879	0.00514	0.00329	0.00357	0.00109	0.01804	0.00309	0.00165	0.00482
15	0.00665	0.00627	0.01058	0.84223	0.05029	0.00777	0.00972	0.00897	0.00701	0.00899	0.00621	0.00928	0.00468	0.00348	0.00349	0.00116	0.00464	0.00310	0.00156	0.00393
16	0.00425	0.00304	0.00405	0.00486	0.00506	0.00283	0.00324	0.00486	0.00668	0.00891	0.01923	0.87510	0.02308	0.01093	0.00445	0.00142	0.00202	0.00992	0.00324	0.00283
17	0.00629	0.00418	0.01395	0.00415	0.00562	0.00353	0.00325	0.00757	0.02938	0.14962	0.05318	0.02811	0.62489	0.00768	0.00393	0.00114	0.00202	0.00638	0.04158	0.00355
18	0.00764	0.18998	0.55328	0.03086	0.01430	0.00934	0.10592	0.01107	0.02720	0.01052	0.00625	0.00742	0.00468	0.00324	0.00320	0.00104	0.00488	0.00266	0.00156	0.00495
19	0.00851	0.14262	0.07378	0.00688	0.00853	0.21377	0.02467	0.05150	0.00760	0.00931	0.00750	0.01105	0.00698	0.16416	0.13618	0.00210	0.05853	0.00315	0.05943	0.00375
20	0.01329	0.00875	0.00970	0.00747	0.01018	0.00937	0.00616	0.63033	0.03369	0.17721	0.00956	0.00924	0.00661	0.00419	0.00345	0.00104	0.00356	0.00321	0.02901	0.02398
21	0.00953	0.79353	0.01748	0.00628	0.00909	0.07123	0.00607	0.01062	0.00722	0.00824	0.00488	0.00571	0.00448	0.00312	0.00259	0.00078	0.03129	0.00193	0.00151	0.00443
22	0.07194	0.00620	0.00785	0.00616	0.00864	0.00580	0.00504	0.09162	0.03763	0.63742	0.03631	0.01157	0.00875	0.00458	0.00376	0.03047	0.00297	0.00345	0.01433	0.00553
23	0.01006	0.00884	0.00818	0.00711	0.00906	0.15350	0.00555	0.17606	0.39305	0.04175	0.08983	0.01216	0.01061	0.00461	0.00346	0.00108	0.00341	0.00367	0.05299	0.00503
24	0.00493	0.00375	0.00431	0.00421	0.00502	0.00353	0.00302	0.00641	0.05658	0.01072	0.30929	0.04256	0.29396	0.20232	0.00716	0.00166	0.00219	0.03213	0.00321	0.00303
25	0.00488	0.00362	0.00458	0.00432	0.00523	0.00327	0.00323	0.00640	0.00947	0.01320	0.70320	0.05057	0.13500	0.00733	0.00408	0.00110	0.00170	0.00642	0.00370	0.02869
26	0.00495	0.00341	0.00395	0.00401	0.00418	0.00337	0.00244	0.00519	0.00559	0.00741	0.03256	0.07896	0.07655	0.67696	0.05751	0.00311	0.00343	0.02179	0.00232	0.00232
27	0.00907	0.65050	0.06945	0.00685	0.00945	0.04875	0.00670	0.01031	0.00695	0.00843	0.00492	0.00606	0.00449	0.00353	0.00381	0.00090	0.14181	0.00212	0.00151	0.00440
28	0.01303	0.01663	0.00989	0.00899	0.01079	0.86337	0.00674	0.01393	0.00989	0.00854	0.00539	0.00629	0.00449	0.00360	0.00315	0.00090	0.00629	0.00225	0.00180	0.00404
29	0.03541	0.31863	0.03566	0.00777	0.03780	0.24306	0.02536	0.07818	0.02982	0.11986	0.00685	0.00729	0.00534	0.00347	0.00290	0.00090	0.00435	0.00245	0.00220	0.03270
30	0.01477	0.00735	0.00897	0.00688	0.00961	0.00723	0.00568	0.32242	0.01236	0.54927	0.01178	0.01058	0.00764	0.00427	0.00350	0.00107	0.00329	0.00337	0.00401	0.00594
31	0.00429	0.00308	0.00408	0.00486	0.00512	0.00288	0.00330	0.00494	0.00677	0.00897	0.01974	0.82017	0.05073	0.01082	0.00445	0.00142	0.00205	0.03623	0.00324	0.00285
32	0.03017	0.00855	0.00723	0.00691	0.00813	0.26087	0.00524	0.12432	0.05204	0.01119	0.01253	0.32506	0.01327	0.00705	0.00406	0.00121	0.02787	0.08764	0.00278	0.00385
33	0.02572	0.02647	0.01078	0.09973	0.06709	0.36376	0.03922	0.23862	0.03288	0.03381	0.00683	0.00777	0.00525	0.00378	0.00350	0.00101	0.02392	0.00279	0.00233	0.00475
34	0.00463	0.00395	0.00408	0.00425	0.00519	0.03294	0.00312	0.00565	0.02156	0.00959	0.06551	0.24078	0.53882	0.00906	0.00419	0.00124	0.00205	0.03715	0.00322	0.00302
35	0.01144	0.03710	0.18792	0.00784	0.01096	0.00776	0.04774	0.13081	0.19130	0.31388	0.01093	0.01037	0.00752	0.00407	0.00346	0.00110	0.00367	0.00333	0.00323	0.00558
36	0.09477	0.01029	0.02166	0.00727	0.00954	0.26897	0.00582	0.20046	0.07553	0.15887	0.00981	0.02020	0.04205	0.00427	0.00329	0.00102	0.00410	0.01665	0.00289	0.04253
37	0.00789	0.08046	0.12000	0.17786	0.17111	0.03133	0.05614	0.06508	0.06618	0.02612	0.00980	0.11297	0.03793	0.00464	0.00355	0.00112	0.00401	0.01705	0.00219	0.00457
38	0.00707	0.00611	0.00606	0.02692	0.00715	0.11412	0.00431	0.07237	0.09360	0.02527	0.31456	0.15446	0.07899	0.03230	0.00428	0.00120	0.00275	0.01662	0.02810	0.00373
39	0.00509	0.00377	0.00477	0.00475	0.00504	0.01767	0.03808	0.00552	0.00601	0.00798	0.04637	0.27897	0.01620	0.50647	0.02542	0.00258	0.00315	0.01710	0.00251	0.00255
40	0.12560	0.03612	0.01122	0.24780	0.05464	0.15782	0.13624	0.05134	0.03516	0.03752	0.04732	0.00909	0.00638	0.00370	0.00354	0.00109	0.02595	0.00311	0.00207	0.00430
41	0.03741	0.21980	0.02736	0.00711	0.03592	0.13379	0.05648	0.07291	0.05507	0.01127	0.12471	0.06106	0.11143	0.00497	0.00332	0.00100	0.00356	0.00403	0.00248	0.02632
42	0.05514	0.07284	0.03142	0.03065	0.04760	0.09605	0.06790	0.20197	0.06775	0.01352	0.00762	0.02831	0.00625	0.00376	0.00329	0.00093	0.01749	0.02100	0.00241	0.22409
43	0.11042	0.05893	0.06614	0.00809	0.02432	0.27351	0.04131	0.22100	0.02524	0.01333	0.03056	0.00904	0.00644	0.01374	0.04919	0.00127	0.00482	0.02423	0.00236	0.01605

[dist]
# distance from previous block
# <min> <max>
0	20

[block]
# block no. 7 follows, 80 sequences, length 52
# corresponding to MSA columns:
# 282-333
name=unknown_H
#
# <colnr> <probs for GDERKNQSTAVLIFYWHMCP>
#	G	D	E	R	K	N	Q	S	T	A	V	L	I	F	Y	W	H	M	C	P
0	0.04429	0.12052	0.01038	0.00714	0.00972	0.00962	0.00598	0.45997	0.08819	0.14780	0.00971	0.03723	0.00736	0.00440	0.00335	0.00105	0.00348	0.02103	0.00330	0.00547
1	0.00500	0.00358	0.00457	0.00461	0.00496	0.00379	0.00314	0.00576	0.02287	0.00773	0.01242	0.08065	0.05997	0.42919	0.33254	0.00390	0.00541	0.00503	0.00220	0.00266
2	0.01748	0.13728	0.15038	0.00900	0.05630	0.08196	0.14414	0.06383	0.04468	0.05750	0.04408	0.09126	0.02461	0.04542	0.01588	0.00124	0.00425	0.00393	0.00228	0.00450
3	0.16243	0.09772	0.07527	0.03060	0.01270	0.02862	0.29862	0.02801	0.01865	0.01125	0.01597	0.00801	0.00512	0.00382	0.00502	0.00117	0.18775	0.00310	0.00181	0.00435
4	0.00961	0.00718	0.02811	0.00672	0.00884	0.00752	0.00542	0.09726	0.49313	0.14830	0.01526	0.04059	0.08053	0.00517	0.00362	0.00116	0.00286	0.01846	0.00356	0.01670
5	0.01303	0.01663	0.00989	0.00899	0.01079	0.86337	0.00674	0.01393	0.00989	0.00854	0.00539	0.00629	0.00449	0.00360	0.00315	0.00090	0.00629	0.00225	0.00180	0.00404
6	0.00835	0.00925	0.04284	0.01708	0.33196	0.00860	0.50664	0.01100	0.00810	0.01126	0.00685	0.00906	0.00536	0.00301	0.00385	0.00112	0.00521	0.00369	0.00174	0.00503
7	0.00428	0.00309	0.00405	0.00476	0.00505	0.00286	0.00321	0.00496	0.00692	0.00921	0.06511	0.78210	0.07026	0.01061	0.00442	0.00139	0.00199	0.00958	0.00327	0.00286
8	0.00442	0.00383	0.00381	0.00376	0.00491	0.02213	0.00282	0.00540	0.00823	0.00996	0.13324	0.03207	0.73639	0.00851	0.00410	0.00116	0.00185	0.00712	0.00328	0.00301
9	0.01396	0.00805	0.00932	0.00718	0.00988	0.00831	0.00592	0.47826	0.02590	0.36015	0.01124	0.01042	0.02597	0.00435	0.00351	0.00107	0.00342	0.00340	0.00382	0.00586
10	0.00997	0.00691	0.00776	0.00666	0.00851	0.01722	0.00521	0.16732	0.34821	0.15952	0.01233	0.03820	0.00983	0.09992	0.05750	0.00166	0.02036	0.01455	0.00334	0.00500
11	0.00637	0.00426	0.00527	0.00479	0.00596	0.00407	0.00368	0.00855	0.08239	0.10665	0.53157	0.02421	0.16546	0.00688	0.00416	0.00113	0.02125	0.00590	0.00372	0.00373
12	0.00713	0.00481	0.00603	0.00605	0.00727	0.00480	0.00502	0.12150	0.02003	0.07896	0.01903	0.13596	0.12967	0.00846	0.00438	0.00140	0.00293	0.42947	0.00335	0.00375
13	0.01371	0.00827	0.00940	0.00726	0.00993	0.00868	0.00598	0.53239	0.03021	0.29079	0.01033	0.00976	0.00700	0.00424	0.00346	0.00105	0.00346	0.00328	0.03498	0.00583
14	0.08712	0.00839	0.00904	0.00713	0.00970	0.02586	0.00584	0.47249	0.08569	0.21347	0.00986	0.00945	0.00684	0.00417	0.00335	0.00106	0.00344	0.00318	0.02831	0.00561
15	0.00632	0.00450	0.00508	0.00465	0.00597	0.00427	0.00355	0.07863	0.06820	0.07588	0.22120	0.07419	0.39330	0.03307	0.00440	0.00122	0.00214	0.00630	0.00347	0.00366
16	0.01018	0.00824	0.00874	0.00740	0.00965	0.00938	0.00589	0.28903	0.57637	0.01702	0.01229	0.01150	0.00911	0.00456	0.00353	0.00114	0.00311	0.00368	0.00353	0.00566
17	0.01303	0.01549	0.00977	0.00875	0.01064	0.75367	0.00662	0.05426	0.03764	0.04962	0.00622	0.00688	0.00496	0.00370	0.00319	0.00092	0.00590	0.00241	0.00206	0.00427
18	0.01000	0.00795	0.00869	0.00680	0.00949	0.00813	0.00548	0.34376	0.22545	0.01642	0.00911	0.00916	0.00687	0.00377	0.00319	0.00090	0.00313	0.00297	0.00301	0.31570
19	0.00437	0.00331	0.00403	0.00447	0.00508	0.00299	0.00319	0.00520	0.00740	0.00953	0.08868	0.46135	0.29647	0.02670	0.00460	0.00136	0.00202	0.06306	0.00326	0.00292
20	0.00659	0.00620	0.01047	0.86899	0.02403	0.00775	0.00969	0.00891	0.00698	0.00891	0.00620	0.00930	0.00465	0.00349	0.00349	0.00116	0.00465	0.00310	0.00155	0.00388
21	0.00504	0.00341	0.00401	0.00403	0.00411	0.00348	0.00239	0.00520	0.00518	0.00697	0.01104	0.04546	0.01254	0.75940	0.11074	0.00357	0.00400	0.00506	0.00212	0.00224
22	0.00724	0.00620	0.00724	0.00517	0.00827	0.00465	0.00413	0.00879	0.00724	0.01137	0.00620	0.00724	0.00517	0.00258	0.00258	0.00052	0.00258	0.00207	0.00207	0.89871
23	0.31436	0.00924	0.00842	0.00689	0.00931	0.09123	0.00560	0.42272	0.07182	0.01802	0.00731	0.00759	0.00540	0.00385	0.00301	0.00105	0.00361	0.00269	0.00288	0.00499
24	0.00532	0.00398	0.00580	0.00570	0.00641	0.00462	0.00445	0.03979	0.00604	0.00866	0.00931	0.01349	0.00861	0.02529	0.82909	0.00542	0.00913	0.00371	0.00193	0.00323
25	0.00660	0.00474	0.00617	0.00651	0.00754	0.00488	0.00558	0.11838	0.00901	0.01181	0.01684	0.04599	0.01794	0.04370	0.00516	0.00160	0.00329	0.67752	0.00321	0.00353
26	0.04125	0.00428	0.00601	0.00581	0.00636	0.00515	0.00450	0.00653	0.00554	0.00831	0.00877	0.01357	0.00843	0.10732	0.64454	0.00472	0.11021	0.00372	0.00186	0.00313
27	0.02792	0.01237	0.00971	0.00821	0.01043	0.38568	0.00644	0.35132	0.11543	0.01493	0.00776	0.00805	0.00588	0.00398	0.00331	0.00100	0.00474	0.00283	0.01506	0.00498
28	0.01278	0.10043	0.01124	0.00781	0.01060	0.02155	0.00655	0.73355	0.02888	0.02027	0.00807	0.00814	0.00584	0.00406	0.00336	0.00102	0.00384	0.00301	0.00326	0.00575
29	0.00509	0.00410	0.00489	0.00534	0.00591	0.03717	0.00397	0.00620	0.02734	0.00924	0.01907	0.44809	0.12657	0.02631	0.08458	0.00182	0.02544	0.15279	0.00299	0.00307
30	0.00878	0.03447	0.20130	0.01612	0.01125	0.00753	0.08249	0.09560	0.18197	0.07633	0.03638	0.00970	0.00736	0.00368	0.00329	0.00097	0.00367	0.00311	0.00256	0.21342
31	0.04843	0.00937	0.01009	0.02263	0.01067	0.01046	0.00650	0.75146	0.01528	0.02089	0.00816	0.00837	0.00586	0.00419	0.00365	0.00106	0.02925	0.00309	0.02491	0.00568
32	0.00416	0.00350	0.00361	0.00366	0.00475	0.00295	0.00271	0.00504	0.00792	0.00952	0.05827	0.09579	0.76833	0.00894	0.00415	0.00119	0.00178	0.00752	0.00326	0.00295
33	0.00484	0.00354	0.00443	0.00457	0.00495	0.00357	0.00314	0.00550	0.00647	0.00868	0.10328	0.22226	0.11796	0.31273	0.12396	0.00261	0.02990	0.03224	0.00268	0.00272
34	0.01366	0.00914	0.01008	0.00773	0.01050	0.00988	0.00638	0.70748	0.01535	0.15999	0.00927	0.00895	0.00638	0.00421	0.00349	0.00105	0.00370	0.00320	0.00363	0.00593
35	0.02207	0.00823	0.00827	0.00715	0.00931	0.07109	0.00561	0.10922	0.58116	0.07563	0.01235	0.01154	0.00916	0.00443	0.00344	0.00111	0.00315	0.00358	0.00338	0.05013
36	0.00427	0.00310	0.00403	0.00472	0.00504	0.00286	0.00319	0.00495	0.00694	0.00919	0.05911	0.76366	0.09491	0.01058	0.00441	0.00138	0.00198	0.00953	0.00327	0.00286
37	0.00454	0.00355	0.00412	0.00397	0.00497	0.00312	0.00298	0.00582	0.00894	0.01178	0.45685	0.02971	0.43122	0.00796	0.00412	0.00114	0.00170	0.00682	0.00355	0.00312
38	0.00724	0.00620	0.00724	0.00517	0.00827	0.00465	0.00413	0.00879	0.00724	0.01137	0.00620	0.00724	0.00517	0.00258	0.00258	0.00052	0.00258	0.00207	0.00207	0.89871
39	0.00942	0.00759	0.00814	0.00707	0.00909	0.00861	0.00555	0.18993	0.58607	0.03059	0.02423	0.02965	0.01017	0.02649	0.03010	0.00134	0.00318	0.00394	0.00346	0.00538
40	0.00754	0.00626	0.00731	0.00524	0.00833	0.00477	0.00420	0.02371	0.00746	0.03193	0.00642	0.00737	0.00526	0.00265	0.00262	0.00054	0.00262	0.00212	0.00215	0.86148
41	0.00863	0.47802	0.28625	0.05689	0.03767	0.03665	0.00858	0.03378	0.00754	0.00965	0.00554	0.00656	0.00454	0.00317	0.00275	0.00091	0.00433	0.00225	0.00156	0.00472
42	0.00456	0.00314	0.00409	0.00481	0.00510	0.00297	0.00332	0.00530	0.00678	0.00929	0.01830	0.71918	0.02142	0.03576	0.00471	0.00144	0.00212	0.07009	0.07473	0.00287
43	0.00824	0.00806	0.01185	0.01288	0.26404	0.02110	0.02004	0.04268	0.00667	0.00988	0.00537	0.00797	0.00493	0.00505	0.00852	0.00135	0.55220	0.00308	0.00167	0.00443
44	0.00506	0.00339	0.00387	0.00388	0.00390	0.00341	0.00220	0.00511	0.00512	0.00684	0.01106	0.03540	0.01271	0.83648	0.04520	0.00343	0.00356	0.00510	0.00212	0.00216
45	0.00424	0.00308	0.00401	0.00475	0.00503	0.00284	0.00319	0.00487	0.00678	0.00895	0.02052	0.80777	0.08957	0.01076	0.00443	0.00140	0.00200	0.00971	0.00324	0.00284
46	0.00800	0.00624	0.00689	0.00608	0.00777	0.00668	0.00482	0.20375	0.26628	0.02189	0.19156	0.02923	0.15524	0.00620	0.00385	0.00116	0.00264	0.06367	0.00352	0.00454
47	0.00904	0.00689	0.00783	0.00607	0.00881	0.00639	0.00485	0.10065	0.22650	0.09340	0.00922	0.00929	0.00700	0.00347	0.00302	0.00080	0.00280	0.00280	0.00282	0.48834
48	0.05002	0.00919	0.00990	0.00765	0.01038	0.01871	0.00630	0.68061	0.02860	0.12979	0.00899	0.00877	0.00626	0.00417	0.00344	0.00105	0.00369	0.00314	0.00353	0.00582
49	0.00484	0.00352	0.00429	0.00427	0.00474	0.00354	0.00291	0.00547	0.00617	0.00820	0.07478	0.02294	0.19357	0.40420	0.23837	0.00334	0.00450	0.00530	0.00241	0.00264
50	0.03596	0.00722	0.00802	0.00686	0.00905	0.00791	0.00545	0.08333	0.54612	0.21225	0.01327	0.01219	0.00957	0.00498	0.02064	0.00123	0.00303	0.00372	0.00365	0.00555
51	0.00755	0.00634	0.00734	0.00529	0.00833	0.00496	0.00424	0.05462	0.00774	0.01198	0.00642	0.00741	0.00528	0.00270	0.00263	0.00055	0.00263	0.00215	0.01924	0.83259

[dist]
# distance from previous block
# <min> <max>
3	19

[block]
# block no. 8 follows, 80 sequences, length 22
# corresponding to MSA columns:
# 353-374
name=unknown_I
#
# <colnr> <probs for GDERKNQSTAVLIFYWHMCP>
#	G	D	E	R	K	N	Q	S	T	A	V	L	I	F	Y	W	H	M	C	P
0	0.06802	0.00745	0.01040	0.31069	0.17187	0.04665	0.03783	0.14651	0.00870	0.02361	0.00742	0.00957	0.01704	0.00644	0.11150	0.00166	0.00494	0.00317	0.00206	0.00447
1	0.01019	0.01054	0.00862	0.00783	0.02238	0.33829	0.00596	0.16924	0.09674	0.01198	0.02388	0.11325	0.06495	0.00544	0.00420	0.00111	0.07384	0.02464	0.00261	0.00431
2	0.01093	0.01085	0.00921	0.00831	0.03583	0.28027	0.00628	0.17429	0.39837	0.01399	0.01006	0.00986	0.00764	0.00422	0.00341	0.00106	0.00413	0.00323	0.00293	0.00513
3	0.04582	0.00925	0.20661	0.00834	0.08137	0.00685	0.00733	0.09249	0.08202	0.31936	0.07409	0.01169	0.03045	0.00429	0.00347	0.00109	0.00350	0.00351	0.00314	0.00533
4	0.00682	0.00469	0.00637	0.00595	0.00695	0.00524	0.00466	0.11244	0.00736	0.07272	0.01021	0.07746	0.00941	0.03258	0.59595	0.00426	0.02680	0.00411	0.00235	0.00366
5	0.00838	0.66570	0.08962	0.00620	0.00896	0.01169	0.00623	0.00972	0.00697	0.00851	0.00652	0.07956	0.00635	0.00540	0.06618	0.00119	0.00413	0.00274	0.00167	0.00430
6	0.00604	0.06951	0.00607	0.00505	0.00619	0.07658	0.00398	0.00749	0.01869	0.02391	0.41604	0.05810	0.17900	0.00721	0.00398	0.00114	0.00244	0.10186	0.00329	0.00342
7	0.00460	0.00349	0.00421	0.00444	0.00520	0.00318	0.00331	0.00564	0.00793	0.01029	0.20821	0.21364	0.32256	0.06400	0.00515	0.00141	0.00210	0.12436	0.00330	0.00298
8	0.00519	0.00384	0.00507	0.06989	0.00697	0.00388	0.00401	0.07582	0.00752	0.01001	0.01734	0.73723	0.02025	0.00981	0.00430	0.00137	0.00237	0.00884	0.00313	0.00317
9	0.00779	0.37968	0.35827	0.07253	0.03131	0.01010	0.00897	0.01017	0.00718	0.00954	0.00663	0.07093	0.00587	0.00375	0.00296	0.00098	0.00426	0.00287	0.00162	0.00461
10	0.00466	0.06789	0.00509	0.00480	0.00533	0.00368	0.00339	0.00539	0.00701	0.00920	0.06933	0.68931	0.09227	0.00994	0.00424	0.00133	0.00211	0.00889	0.00315	0.00299
11	0.00554	0.00400	0.00485	0.00506	0.00564	0.00396	0.00352	0.11381	0.00793	0.01056	0.04920	0.58627	0.05988	0.11536	0.00592	0.00158	0.00240	0.00819	0.00316	0.00317
12	0.00921	0.49863	0.01450	0.00704	0.00941	0.15977	0.06842	0.03571	0.00788	0.00902	0.00749	0.14357	0.00753	0.00438	0.00293	0.00092	0.00407	0.00341	0.00190	0.00420
13	0.03504	0.37758	0.01357	0.05014	0.14271	0.01984	0.02523	0.02271	0.04226	0.03332	0.00621	0.00724	0.00519	0.00311	0.00282	0.00082	0.01250	0.00238	0.00188	0.19546
14	0.00886	0.03030	0.01079	0.15911	0.29357	0.08229	0.00787	0.14491	0.03936	0.01213	0.00809	0.08183	0.00716	0.02816	0.00383	0.00110	0.00399	0.00359	0.00221	0.07085
15	0.00946	0.00967	0.00772	0.00705	0.00854	0.32848	0.00539	0.11187	0.10763	0.01115	0.01016	0.07303	0.04067	0.00925	0.18194	0.00197	0.00542	0.00368	0.06284	0.00407
16	0.00989	0.08215	0.01228	0.12807	0.28687	0.08310	0.04302	0.21238	0.00988	0.03387	0.00715	0.01820	0.00578	0.02619	0.00389	0.01412	0.00426	0.00310	0.00221	0.01360
17	0.00643	0.00485	0.00602	0.00610	0.00724	0.00489	0.00490	0.08844	0.09871	0.01164	0.01623	0.27007	0.01731	0.00836	0.00426	0.00136	0.00283	0.35816	0.00319	0.07901
18	0.00724	0.00666	0.00579	0.00545	0.00653	0.20544	0.00405	0.00847	0.00914	0.04747	0.40000	0.10512	0.09474	0.03126	0.00420	0.00114	0.00289	0.00551	0.04543	0.00347
19	0.00962	0.04214	0.00983	0.14191	0.06500	0.11540	0.02793	0.23076	0.11114	0.03108	0.01889	0.02496	0.08828	0.00458	0.00381	0.00109	0.04006	0.00364	0.02517	0.00470
20	0.03865	0.00708	0.00834	0.08843	0.01005	0.04391	0.04874	0.21249	0.12533	0.02386	0.18905	0.01411	0.05069	0.00493	0.00385	0.00108	0.03635	0.00405	0.05550	0.03351
21	0.12315	0.06139	0.02585	0.03521	0.04899	0.06271	0.02973	0.26370	0.07337	0.06658	0.02162	0.08249	0.04061	0.00460	0.00331	0.00106	0.00351	0.00367	0.00282	0.04563

[dist]
# distance from previous block
# <min> <max>
0	12

[block]
# block no. 9 follows, 80 sequences, length 11
# corresponding to MSA columns:
# 387-397
name=unknown_J
#
# <colnr> <probs for GDERKNQSTAVLIFYWHMCP>
#	G	D	E	R	K	N	Q	S	T	A	V	L	I	F	Y	W	H	M	C	P
0	0.00820	0.00722	0.02062	0.05462	0.06322	0.08937	0.02779	0.08870	0.19985	0.04766	0.13037	0.05639	0.09967	0.00573	0.00377	0.00115	0.00325	0.07055	0.01747	0.00440
1	0.00575	0.00491	0.00597	0.00582	0.00647	0.07416	0.00445	0.00687	0.00612	0.00834	0.05210	0.01422	0.00976	0.09150	0.64569	0.00464	0.04425	0.00383	0.00197	0.00315
2	0.00456	0.00347	0.00396	0.00416	0.00477	0.00322	0.00284	0.00543	0.02917	0.00894	0.05660	0.27234	0.33902	0.21427	0.02982	0.00188	0.00244	0.00733	0.00297	0.00280
3	0.01359	0.01043	0.00965	0.00779	0.01028	0.21763	0.00625	0.40705	0.04868	0.21964	0.00919	0.00891	0.00643	0.00410	0.00341	0.00102	0.00418	0.00305	0.00328	0.00546
4	0.00547	0.00392	0.00483	0.00491	0.00590	0.00370	0.00388	0.00725	0.05397	0.04304	0.25543	0.10281	0.24549	0.00825	0.00424	0.00127	0.00222	0.21733	0.02271	0.00336
5	0.00488	0.00345	0.00465	0.00506	0.00542	0.00352	0.00366	0.00563	0.00625	0.00843	0.01460	0.31948	0.01642	0.20317	0.21385	0.02603	0.00430	0.14581	0.00262	0.00277
6	0.03137	0.34072	0.01251	0.00719	0.00950	0.32849	0.00604	0.10704	0.05218	0.01070	0.00634	0.00701	0.00522	0.00351	0.00280	0.00087	0.00449	0.00235	0.05723	0.00444
7	0.00676	0.00517	0.00595	0.00546	0.00674	0.00551	0.00419	0.10710	0.18641	0.02684	0.09177	0.04124	0.19221	0.07736	0.20065	0.00233	0.00408	0.00496	0.02137	0.00390
8	0.00430	0.00326	0.00396	0.00439	0.00497	0.00293	0.00306	0.00512	0.00748	0.00971	0.12872	0.50583	0.28407	0.00980	0.00431	0.00130	0.00190	0.00867	0.00331	0.00293
