[name]
unknown

[dist]
# distance from previous block
# <min> <max>
2	5

[block]
# block no. 0 follows, 100 sequences, length 6
# corresponding to MSA columns:
# 5-10
name=unknown_A
#
# <colnr> <probs for GDERKNQSTAVLIFYWHMCP>
#	G	D	E	R	K	N	Q	S	T	A	V	L	I	F	Y	W	H	M	C	P
0	0.00583	0.01504	0.88275	0.00829	0.01258	0.00675	0.01074	0.00921	0.00614	0.00921	0.00522	0.00614	0.00368	0.00276	0.00276	0.00092	0.00430	0.00215	0.00123	0.00430
1	0.00412	0.00297	0.00389	0.00366	0.00434	0.00274	0.00274	0.00549	0.00823	0.01166	0.87814	0.02172	0.02743	0.00594	0.00343	0.00091	0.00137	0.00526	0.00320	0.00274
2	0.00350	0.00286	0.00310	0.00322	0.00402	0.00245	0.00235	0.00424	0.00652	0.00802	0.08395	0.20673	0.64369	0.00763	0.00349	0.00102	0.00151	0.00652	0.00273	0.00245
3	0.01024	0.00828	0.00872	0.00691	0.00878	0.07601	0.00568	0.65665	0.01168	0.01553	0.00625	0.00674	0.00466	0.00373	0.00402	0.00093	0.15561	0.00255	0.00252	0.00452
4	0.00365	0.00295	0.00324	0.00317	0.00406	0.00254	0.00238	0.00458	0.00713	0.00904	0.29401	0.02603	0.61321	0.00692	0.00343	0.00096	0.00144	0.00586	0.00286	0.00254
5	0.01089	0.01288	0.00832	0.00735	0.00899	0.73597	0.00560	0.15857	0.00917	0.00904	0.00492	0.00554	0.00395	0.00308	0.00267	0.00077	0.00489	0.00200	0.00174	0.00364

[dist]
# distance from previous block
# <min> <max>
0	3

[block]
# block no. 1 follows, 100 sequences, length 28
# corresponding to MSA columns:
# 14-41
name=unknown_B
#
# <colnr> <probs for GDERKNQSTAVLIFYWHMCP>
#	G	D	E	R	K	N	Q	S	T	A	V	L	I	F	Y	W	H	M	C	P
0	0.01305	0.00495	0.00675	0.00517	0.00742	0.00427	0.00427	0.01417	0.00832	0.88169	0.01147	0.00990	0.00720	0.00360	0.00292	0.00090	0.00247	0.00292	0.00360	0.00495
1	0.91835	0.00562	0.00427	0.00382	0.00562	0.00652	0.00315	0.00855	0.00495	0.01305	0.00405	0.00472	0.00315	0.00270	0.00180	0.00090	0.00225	0.00157	0.00180	0.00315
2	0.00642	0.00300	0.00324	0.00303	0.00392	0.00291	0.00233	0.00774	0.00639	0.12473	0.00974	0.01072	0.00742	0.00342	0.00215	0.00071	0.00150	0.00274	0.79490	0.00300
3	0.00686	0.00784	0.01716	0.01225	0.01520	0.00735	0.86912	0.00931	0.00686	0.00931	0.00588	0.00784	0.00441	0.00245	0.00343	0.00098	0.00490	0.00343	0.00147	0.00392
4	0.00344	0.00295	0.00295	0.00295	0.00393	0.00245	0.00221	0.00417	0.00663	0.00785	0.02946	0.02798	0.87850	0.00736	0.00344	0.00098	0.00147	0.00614	0.00270	0.00245
5	0.79919	0.00570	0.00457	0.00410	0.00588	0.00662	0.00334	0.00945	0.11866	0.01293	0.00507	0.00552	0.00390	0.00286	0.00195	0.00091	0.00226	0.00180	0.00195	0.00334
6	0.01089	0.01311	0.00830	0.00739	0.00899	0.77143	0.00561	0.12387	0.00895	0.00858	0.00482	0.00547	0.00390	0.00306	0.00266	0.00077	0.00498	0.00197	0.00168	0.00358
7	0.01255	0.00574	0.00724	0.00555	0.00782	0.00545	0.00458	0.22572	0.00964	0.66827	0.01036	0.00918	0.00664	0.00357	0.00292	0.00089	0.00265	0.00285	0.00343	0.00495
8	0.00554	0.00303	0.00318	0.00314	0.00386	0.00307	0.00234	0.06175	0.00651	0.01087	0.01018	0.12635	0.00883	0.00414	0.00231	0.00076	0.00152	0.00343	0.73638	0.00281
9	0.00505	0.00253	0.00379	0.00379	0.00379	0.00253	0.00253	0.00379	0.00379	0.00505	0.00505	0.00884	0.00505	0.01010	0.01136	0.91540	0.00253	0.00253	0.00126	0.00126
10	0.00612	0.14415	0.75612	0.00780	0.01184	0.00745	0.00990	0.00913	0.00611	0.00886	0.00505	0.00592	0.00369	0.00272	0.00263	0.00088	0.00412	0.00206	0.00123	0.00421
11	0.00354	0.00253	0.00337	0.00405	0.00422	0.00236	0.00270	0.00405	0.00557	0.00742	0.01603	0.89592	0.01923	0.00911	0.00371	0.00118	0.00169	0.00827	0.00270	0.00236
12	0.00415	0.00312	0.00467	0.00467	0.00519	0.00363	0.00363	0.00519	0.00467	0.00675	0.00779	0.01142	0.00727	0.02181	0.88629	0.00467	0.00779	0.00312	0.00156	0.00260
13	0.00952	0.00697	0.00742	0.00594	0.00789	0.00773	0.00482	0.58976	0.15935	0.01611	0.00820	0.00824	0.00601	0.00355	0.00278	0.00086	0.00276	0.00275	0.14480	0.00454
14	0.00471	0.00409	0.00685	0.02837	0.15561	0.00395	0.11975	0.00576	0.00598	0.00809	0.01258	0.56162	0.01427	0.00691	0.00353	0.00110	0.00252	0.04903	0.00229	0.00299
15	0.00583	0.01504	0.88275	0.00829	0.01258	0.00675	0.01074	0.00921	0.00614	0.00921	0.00522	0.00614	0.00368	0.00276	0.00276	0.00092	0.00430	0.00215	0.00123	0.00430
16	0.00636	0.00636	0.00891	0.00763	0.00763	0.00891	0.00636	0.00700	0.00445	0.00700	0.00382	0.00636	0.00382	0.00509	0.00954	0.00127	0.89249	0.00254	0.00127	0.00318
17	0.91835	0.00562	0.00427	0.00382	0.00562	0.00652	0.00315	0.00855	0.00495	0.01305	0.00405	0.00472	0.00315	0.00270	0.00180	0.00090	0.00225	0.00157	0.00180	0.00315
18	0.00344	0.00295	0.00295	0.00295	0.00393	0.00245	0.00221	0.00417	0.00663	0.00785	0.02946	0.02798	0.87850	0.00736	0.00344	0.00098	0.00147	0.00614	0.00270	0.00245
19	0.13438	0.04248	0.00984	0.28674	0.17765	0.02895	0.13223	0.00933	0.09620	0.03665	0.00610	0.00769	0.00474	0.00292	0.00279	0.00092	0.00350	0.01141	0.00168	0.00379
20	0.00611	0.00537	0.03509	0.00494	0.02978	0.00420	0.00394	0.03569	0.00617	0.02642	0.00570	0.00688	0.00476	0.00483	0.11786	0.00104	0.00304	0.00199	0.00175	0.69446
21	0.00779	0.82026	0.03507	0.00513	0.00763	0.01116	0.00511	0.03062	0.04128	0.00740	0.00446	0.00501	0.00397	0.00258	0.00196	0.00065	0.00311	0.00167	0.00135	0.00381
22	0.91835	0.00562	0.00427	0.00382	0.00562	0.00652	0.00315	0.00855	0.00495	0.01305	0.00405	0.00472	0.00315	0.00270	0.00180	0.00090	0.00225	0.00157	0.00180	0.00315
23	0.00501	0.00426	0.00639	0.00692	0.11994	0.00510	0.00478	0.00599	0.00486	0.00710	0.00675	0.01027	0.00640	0.06706	0.53970	0.00337	0.18868	0.00299	0.00150	0.00293
24	0.00479	0.00285	0.00382	0.00420	0.00464	0.00261	0.00290	0.00537	0.00593	0.12176	0.01543	0.78004	0.01766	0.00839	0.00361	0.00114	0.00179	0.00757	0.00282	0.00270
25	0.00646	0.03804	0.31077	0.00901	0.02800	0.00659	0.33535	0.03975	0.02751	0.03178	0.12025	0.00928	0.01721	0.00317	0.00310	0.00093	0.00393	0.00314	0.00176	0.00396
26	0.12608	0.27757	0.38472	0.00623	0.00941	0.00789	0.00707	0.03125	0.00615	0.02985	0.00490	0.00561	0.00380	0.00265	0.00232	0.00078	0.00341	0.00189	0.00145	0.08697
27	0.65780	0.14865	0.08106	0.00449	0.00662	0.00741	0.00417	0.02889	0.02139	0.01184	0.00436	0.00500	0.00343	0.00271	0.00194	0.00086	0.00258	0.00168	0.00171	0.00341

[dist]
# distance from previous block
# <min> <max>
1	8

[block]
# block no. 2 follows, 100 sequences, length 116
# corresponding to MSA columns:
# 50-165
name=unknown_C
#
# <colnr> <probs for GDERKNQSTAVLIFYWHMCP>
#	G	D	E	R	K	N	Q	S	T	A	V	L	I	F	Y	W	H	M	C	P
0	0.00700	0.09271	0.63257	0.00783	0.01142	0.17077	0.00922	0.02048	0.00660	0.00873	0.00500	0.00585	0.00371	0.00279	0.00266	0.00086	0.00435	0.00205	0.00130	0.00408
1	0.17577	0.02421	0.68679	0.00734	0.01110	0.00671	0.00910	0.00920	0.00597	0.03141	0.00514	0.00595	0.00367	0.00277	0.00258	0.00091	0.00386	0.00205	0.00139	0.00409
2	0.73596	0.00719	0.00508	0.00455	0.00630	0.17017	0.00364	0.02202	0.00569	0.01202	0.00418	0.00485	0.00329	0.00277	0.00197	0.00087	0.00282	0.00165	0.00176	0.00322
3	0.00421	0.00288	0.00347	0.00347	0.00358	0.00298	0.00214	0.00442	0.00432	0.00586	0.00888	0.01749	0.00990	0.72100	0.19070	0.00319	0.00382	0.00400	0.00172	0.00193
4	0.03506	0.00794	0.00853	0.00655	0.00886	0.00875	0.00541	0.81144	0.01322	0.05433	0.00709	0.00704	0.00499	0.00347	0.00288	0.00087	0.00314	0.00260	0.00291	0.00490
5	0.00723	0.00625	0.00657	0.00592	0.00756	0.00723	0.00460	0.01545	0.87442	0.01216	0.01183	0.01085	0.00888	0.00394	0.00296	0.00099	0.00230	0.00329	0.00296	0.00460
6	0.00408	0.00284	0.00313	0.00313	0.00331	0.00275	0.00185	0.00422	0.00467	0.00605	0.01294	0.02069	0.17201	0.73219	0.01269	0.00248	0.00257	0.00458	0.00194	0.00189
7	0.00423	0.00282	0.00317	0.00317	0.00317	0.00282	0.00176	0.00423	0.00423	0.00564	0.00916	0.01903	0.01057	0.89782	0.01480	0.00282	0.00282	0.00423	0.00176	0.00176
8	0.00825	0.00746	0.00983	0.00780	0.00936	0.08454	0.17291	0.28618	0.00834	0.03044	0.00595	0.00744	0.00478	0.00587	0.11135	0.00144	0.22949	0.00276	0.00194	0.00388
9	0.00587	0.01479	0.85320	0.00842	0.01267	0.00677	0.04004	0.00921	0.00616	0.00921	0.00524	0.00620	0.00371	0.00275	0.00279	0.00092	0.00432	0.00219	0.00124	0.00428
10	0.00731	0.00628	0.00662	0.00593	0.00759	0.00727	0.00462	0.03273	0.85702	0.01229	0.01174	0.01077	0.00880	0.00394	0.00296	0.00098	0.00232	0.00327	0.00296	0.00461
11	0.68490	0.00615	0.00698	0.02347	0.00786	0.00680	0.16444	0.05182	0.00576	0.01250	0.00456	0.00548	0.00349	0.00270	0.00218	0.00091	0.00282	0.00199	0.00178	0.00338
12	0.04028	0.00723	0.00848	0.02628	0.17045	0.05866	0.00584	0.40974	0.03543	0.06838	0.00684	0.00763	0.00521	0.00537	0.10162	0.00131	0.03194	0.00263	0.00233	0.00437
13	0.91835	0.00562	0.00427	0.00382	0.00562	0.00652	0.00315	0.00855	0.00495	0.01305	0.00405	0.00472	0.00315	0.00270	0.00180	0.00090	0.00225	0.00157	0.00180	0.00315
14	0.00791	0.00714	0.01123	0.01577	0.71773	0.00730	0.00829	0.16908	0.00793	0.01114	0.00575	0.00716	0.00467	0.00276	0.00288	0.00087	0.00341	0.00260	0.00171	0.00467
15	0.00418	0.00299	0.00406	0.00406	0.00437	0.00330	0.00287	0.00480	0.00449	0.00630	0.00835	0.01452	0.00862	0.37901	0.53093	0.00392	0.00576	0.00357	0.00164	0.00226
16	0.00409	0.00297	0.00385	0.00363	0.00433	0.00273	0.00273	0.00544	0.00818	0.01153	0.84917	0.02193	0.05649	0.00599	0.00343	0.00092	0.00138	0.00529	0.00318	0.00273
17	0.00603	0.00517	0.00603	0.00431	0.00689	0.00388	0.00345	0.00732	0.00603	0.00947	0.00517	0.00603	0.00431	0.00215	0.00215	0.00043	0.00215	0.00172	0.00172	0.91559
18	0.00549	0.00517	0.00872	0.89083	0.02003	0.00646	0.00807	0.00743	0.00581	0.00743	0.00517	0.00775	0.00388	0.00291	0.00291	0.00097	0.00388	0.00258	0.00129	0.00323
19	0.01983	0.00581	0.00714	0.00559	0.00777	0.00569	0.00458	0.20267	0.11405	0.57904	0.01046	0.00932	0.00687	0.00361	0.00291	0.00090	0.00261	0.00289	0.00335	0.00489
20	0.00362	0.00272	0.00335	0.00369	0.00416	0.00245	0.00258	0.00434	0.00632	0.00829	0.17346	0.50980	0.24848	0.00808	0.00359	0.00108	0.00157	0.00716	0.00279	0.00245
21	0.00440	0.00323	0.00453	0.00446	0.00495	0.00367	0.00335	0.03453	0.00490	0.00694	0.00802	0.01269	0.00780	0.18412	0.69404	0.00420	0.00671	0.00331	0.00164	0.00252
22	0.00412	0.00295	0.00373	0.00356	0.00413	0.00275	0.00256	0.00521	0.00742	0.01038	0.68015	0.02153	0.05326	0.17190	0.00555	0.00127	0.00166	0.01242	0.00291	0.00255
23	0.00777	0.89956	0.01524	0.00498	0.00746	0.01150	0.00498	0.00871	0.00591	0.00684	0.00404	0.00466	0.00373	0.00249	0.00187	0.00062	0.00311	0.00155	0.00124	0.00373
24	0.00494	0.00357	0.00437	0.00454	0.00511	0.00360	0.00322	0.16511	0.00707	0.00945	0.01434	0.73057	0.01657	0.00806	0.00356	0.00112	0.00197	0.00722	0.00274	0.00284
25	0.00619	0.17956	0.72139	0.00767	0.01163	0.00764	0.00967	0.00911	0.00610	0.00877	0.00500	0.00586	0.00369	0.00271	0.00260	0.00087	0.00408	0.00204	0.00123	0.00419
26	0.00696	0.00572	0.00653	0.00475	0.00729	0.00483	0.00383	0.16778	0.00745	0.01112	0.00551	0.00621	0.00443	0.00240	0.00229	0.00051	0.00235	0.00189	0.00194	0.74621
27	0.01121	0.01203	0.00810	0.00712	0.00879	0.69610	0.01846	0.02447	0.00831	0.16998	0.00585	0.00617	0.00441	0.00311	0.00269	0.00078	0.00469	0.00210	0.00191	0.00370
28	0.00578	0.00334	0.00442	0.00394	0.00492	0.00303	0.00303	0.00710	0.00825	0.17349	0.71694	0.01952	0.02367	0.00551	0.00334	0.00091	0.00158	0.00482	0.00327	0.00315
29	0.00353	0.00287	0.00313	0.00323	0.00403	0.00247	0.00236	0.00430	0.00661	0.00820	0.12185	0.18872	0.62351	0.00753	0.00349	0.00101	0.00150	0.00643	0.00276	0.00247
30	0.00782	0.88614	0.01513	0.00501	0.00749	0.02476	0.00498	0.00875	0.00594	0.00684	0.00405	0.00467	0.00373	0.00250	0.00188	0.00062	0.00314	0.00156	0.00125	0.00373
31	0.00539	0.01279	0.71910	0.00729	0.01097	0.00595	0.00916	0.00827	0.00623	0.00896	0.00973	0.01020	0.16640	0.00362	0.00289	0.00093	0.00377	0.00289	0.00150	0.00395
32	0.00398	0.00289	0.00375	0.00370	0.00430	0.00266	0.00271	0.00516	0.00766	0.01070	0.67903	0.18461	0.06478	0.00660	0.00348	0.00097	0.00143	0.00586	0.00308	0.00266
33	0.00549	0.00517	0.00872	0.89083	0.02003	0.00646	0.00807	0.00743	0.00581	0.00743	0.00517	0.00775	0.00388	0.00291	0.00291	0.00097	0.00388	0.00258	0.00129	0.00323
34	0.00848	0.00769	0.00723	0.00629	0.00804	0.13158	0.00492	0.18004	0.58587	0.01264	0.00986	0.00931	0.00739	0.00372	0.00290	0.00093	0.00289	0.00296	0.00274	0.00449
35	0.74898	0.17190	0.00631	0.00404	0.00597	0.00745	0.00349	0.00858	0.00513	0.01189	0.00405	0.00471	0.00326	0.00266	0.00181	0.00085	0.00241	0.00157	0.00170	0.00326
36	0.00757	0.00594	0.03151	0.07034	0.34611	0.00554	0.00626	0.01860	0.06727	0.16109	0.04589	0.02209	0.03591	0.00329	0.00284	0.00083	0.00285	0.01319	0.00212	0.15076
37	0.00584	0.00345	0.00488	0.00458	0.00533	0.00369	0.00351	0.00674	0.00528	0.16933	0.00863	0.01221	0.00771	0.14778	0.58388	0.00366	0.01539	0.00324	0.00196	0.00292
38	0.02212	0.00668	0.01126	0.12761	0.74797	0.00687	0.00869	0.01743	0.00656	0.00939	0.00542	0.00722	0.00449	0.00264	0.00286	0.00088	0.00348	0.00257	0.00144	0.00441
39	0.17744	0.52572	0.06997	0.00548	0.00780	0.13682	0.01807	0.00913	0.00609	0.00823	0.00421	0.00492	0.00363	0.00264	0.00211	0.00072	0.01036	0.00168	0.00139	0.00361
40	0.00361	0.00256	0.00335	0.00396	0.00411	0.00241	0.00260	0.00407	0.00543	0.00724	0.01533	0.80699	0.01835	0.09923	0.00484	0.00135	0.00180	0.00786	0.00260	0.00230
41	0.00423	0.00282	0.00317	0.00317	0.00317	0.00282	0.00176	0.00423	0.00423	0.00564	0.00916	0.01903	0.01057	0.89782	0.01480	0.00282	0.00282	0.00423	0.00176	0.00176
42	0.00614	0.00604	0.00875	0.17182	0.00987	0.00830	0.00660	0.00703	0.00471	0.00707	0.00418	0.00677	0.00393	0.00517	0.03384	0.00131	0.70144	0.00257	0.00128	0.00317
43	0.00605	0.00525	0.00635	0.00454	0.00713	0.00398	0.02866	0.00738	0.00605	0.00947	0.00519	0.00608	0.00431	0.00216	0.00219	0.00045	0.00223	0.00177	0.00172	0.88904
44	0.00628	0.22093	0.68082	0.00752	0.01139	0.00786	0.00940	0.00909	0.00609	0.00866	0.00494	0.00580	0.00369	0.00270	0.00255	0.00085	0.00402	0.00201	0.00123	0.00417
45	0.00646	0.00675	0.01439	0.01051	0.01285	0.00635	0.69041	0.00818	0.00626	0.00848	0.00593	0.02599	0.00483	0.00401	0.00491	0.17107	0.00439	0.00336	0.00146	0.00340
46	0.00352	0.00261	0.00329	0.00384	0.00416	0.00238	0.00261	0.00407	0.00576	0.00750	0.01852	0.73448	0.17906	0.00878	0.00366	0.00114	0.00165	0.00787	0.00270	0.00238
47	0.00485	0.00391	0.00402	0.00364	0.00487	0.00368	0.00283	0.16522	0.00794	0.00980	0.02527	0.02408	0.71602	0.00664	0.00334	0.00096	0.00179	0.00548	0.00274	0.00292
48	0.01084	0.00889	0.00811	0.00660	0.00864	0.22053	0.00528	0.45314	0.10789	0.12941	0.00752	0.00738	0.00539	0.00344	0.00285	0.00086	0.00350	0.00255	0.00266	0.00453
49	0.74888	0.00574	0.00470	0.00421	0.00598	0.00665	0.00342	0.00983	0.16667	0.01288	0.00550	0.00586	0.00421	0.00293	0.00201	0.00092	0.00226	0.00189	0.00201	0.00342
50	0.00655	0.00626	0.00996	0.01460	0.68059	0.01942	0.00751	0.00825	0.02953	0.00923	0.01008	0.01113	0.16725	0.00352	0.00298	0.00089	0.00308	0.00326	0.00171	0.00419
51	0.00583	0.01504	0.88275	0.00829	0.01258	0.00675	0.01074	0.00921	0.00614	0.00921	0.00522	0.00614	0.00368	0.00276	0.00276	0.00092	0.00430	0.00215	0.00123	0.00430
52	0.17714	0.73329	0.01320	0.00476	0.00712	0.01058	0.00464	0.00868	0.00573	0.00799	0.00404	0.00468	0.00362	0.00253	0.00185	0.00067	0.00295	0.00156	0.00135	0.00362
53	0.01267	0.00554	0.00712	0.00546	0.00772	0.00516	0.00451	0.17335	0.00932	0.72110	0.01064	0.00935	0.00678	0.00358	0.00292	0.00089	0.00261	0.00287	0.00347	0.00495
54	0.01305	0.00495	0.00675	0.00517	0.00742	0.00427	0.00427	0.01417	0.00832	0.88169	0.01147	0.00990	0.00720	0.00360	0.00292	0.00090	0.00247	0.00292	0.00360	0.00495
55	0.01090	0.01279	0.00833	0.00734	0.00899	0.72300	0.00560	0.17127	0.00925	0.00920	0.00496	0.00557	0.00397	0.00309	0.00268	0.00077	0.00486	0.00201	0.00176	0.00366
56	0.01019	0.01244	0.00793	0.00720	0.00872	0.72266	0.00543	0.01232	0.16935	0.00805	0.00586	0.00629	0.00470	0.00317	0.00268	0.00079	0.00470	0.00214	0.00177	0.00360
57	0.00415	0.00312	0.00467	0.00467	0.00519	0.00363	0.00363	0.00519	0.00467	0.00675	0.00779	0.01142	0.00727	0.02181	0.88629	0.00467	0.00779	0.00312	0.00156	0.00260
58	0.01305	0.00495	0.00675	0.00517	0.00742	0.00427	0.00427	0.01417	0.00832	0.88169	0.01147	0.00990	0.00720	0.00360	0.00292	0.00090	0.00247	0.00292	0.00360	0.00495
59	0.00554	0.00521	0.00880	0.86780	0.04270	0.00647	0.00810	0.00747	0.00584	0.00748	0.00518	0.00774	0.00390	0.00290	0.00291	0.00097	0.00386	0.00258	0.00130	0.00327
60	0.91835	0.00562	0.00427	0.00382	0.00562	0.00652	0.00315	0.00855	0.00495	0.01305	0.00405	0.00472	0.00315	0.00270	0.00180	0.00090	0.00225	0.00157	0.00180	0.00315
61	0.00610	0.00600	0.00869	0.17178	0.00983	0.00823	0.00656	0.00700	0.00472	0.00707	0.00424	0.00684	0.00398	0.00540	0.04583	0.00136	0.68935	0.00258	0.00129	0.00316
62	0.00415	0.00312	0.00467	0.00467	0.00519	0.00363	0.00363	0.00519	0.00467	0.00675	0.00779	0.01142	0.00727	0.02181	0.88629	0.00467	0.00779	0.00312	0.00156	0.00260
63	0.00665	0.00564	0.00607	0.00550	0.00696	0.00640	0.00426	0.01360	0.71331	0.01207	0.17297	0.01287	0.01233	0.00432	0.00305	0.00097	0.00213	0.00365	0.00300	0.00426
64	0.00407	0.00298	0.00383	0.00377	0.00439	0.00278	0.00277	0.00544	0.03053	0.01076	0.66630	0.18425	0.05414	0.00653	0.00347	0.00097	0.00146	0.00580	0.00308	0.00271
65	0.91835	0.00562	0.00427	0.00382	0.00562	0.00652	0.00315	0.00855	0.00495	0.01305	0.00405	0.00472	0.00315	0.00270	0.00180	0.00090	0.00225	0.00157	0.00180	0.00315
66	0.00588	0.00539	0.00848	0.62920	0.08930	0.00609	0.00722	0.03057	0.00613	0.00827	0.00524	0.00736	0.00405	0.00276	0.00276	0.00086	0.00350	0.00243	0.00143	0.17309
67	0.00637	0.24306	0.62615	0.00758	0.01136	0.00800	0.04168	0.00908	0.00611	0.00860	0.00494	0.00582	0.00372	0.00268	0.00256	0.00085	0.00401	0.00204	0.00124	0.00414
68	0.00422	0.00351	0.00480	0.00621	0.16695	0.00327	0.00368	0.00503	0.00613	0.00794	0.01874	0.38129	0.32795	0.03069	0.00375	0.00109	0.00198	0.01753	0.00244	0.00280
69	0.00366	0.00279	0.00337	0.00374	0.00424	0.00255	0.00262	0.00450	0.02900	0.00798	0.07882	0.53995	0.28297	0.00821	0.00359	0.00110	0.00162	0.01407	0.00274	0.00248
70	0.07565	0.63201	0.21104	0.00564	0.00849	0.01005	0.00615	0.00881	0.00589	0.00784	0.00431	0.00500	0.00368	0.00257	0.00206	0.00071	0.00331	0.00169	0.00128	0.00382
71	0.00690	0.44996	0.32664	0.00654	0.00968	0.00897	0.05189	0.00906	0.03569	0.00816	0.00490	0.00565	0.00396	0.00261	0.00232	0.00075	0.00354	0.00194	0.00134	0.05949
72	0.00562	0.00337	0.00419	0.00377	0.00484	0.00300	0.00290	0.00685	0.01675	0.17246	0.47677	0.02111	0.25536	0.00587	0.00333	0.00093	0.00161	0.00504	0.00314	0.00309
73	0.00456	0.01094	0.06409	0.00463	0.00544	0.01056	0.00375	0.05003	0.02728	0.00928	0.18864	0.44124	0.02719	0.00730	0.00353	0.00109	0.00206	0.12278	0.01278	0.00282
74	0.00800	0.57775	0.16798	0.00603	0.00866	0.17335	0.00612	0.00934	0.00638	0.00731	0.00434	0.00503	0.00373	0.00263	0.00217	0.00070	0.00372	0.00172	0.00129	0.00376
75	0.00658	0.00578	0.00883	0.69658	0.04732	0.00695	0.00763	0.16792	0.00730	0.00953	0.00552	0.00759	0.00410	0.00300	0.00291	0.00095	0.00374	0.00259	0.00160	0.00360
76	0.00360	0.00291	0.00320	0.00321	0.00405	0.00251	0.00238	0.00446	0.00690	0.00869	0.22343	0.10337	0.60673	0.00719	0.00346	0.00098	0.00147	0.00612	0.00282	0.00251
77	0.03196	0.00518	0.00859	0.86510	0.01961	0.00646	0.00793	0.00746	0.00579	0.00759	0.00514	0.00766	0.00385	0.00290	0.00287	0.00097	0.00383	0.00255	0.00131	0.00323
78	0.00676	0.00646	0.01101	0.24250	0.65846	0.00679	0.00871	0.00854	0.00641	0.00897	0.00539	0.00734	0.00442	0.00267	0.00289	0.00089	0.00356	0.00259	0.00140	0.00425
79	0.00432	0.00312	0.00406	0.00434	0.00505	0.00294	0.00353	0.00547	0.00696	0.02306	0.22713	0.11634	0.18580	0.00744	0.00371	0.00114	0.00202	0.38807	0.00283	0.00265
80	0.01107	0.00602	0.00716	0.00572	0.00782	0.00613	0.00465	0.21123	0.23524	0.45665	0.01053	0.00947	0.00712	0.00366	0.00293	0.00092	0.00260	0.00295	0.00327	0.00486
81	0.00739	0.72525	0.18620	0.00563	0.00847	0.01057	0.00611	0.00881	0.00595	0.00731	0.00427	0.00495	0.00372	0.00254	0.00204	0.00068	0.00334	0.00167	0.00124	0.00384
82	0.00693	0.00730	0.01373	0.01007	0.01248	0.06610	0.63550	0.02274	0.00692	0.00959	0.00648	0.00821	0.00494	0.00268	0.00311	0.00091	0.00424	0.00318	0.17122	0.00368
83	0.00548	0.00276	0.00277	0.00275	0.00344	0.00277	0.00207	0.01540	0.00617	0.01091	0.00946	0.01080	0.00743	0.00339	0.00204	0.00068	0.00137	0.00271	0.90485	0.00273
84	0.18777	0.66989	0.02380	0.00490	0.00724	0.03853	0.00472	0.02168	0.00591	0.00828	0.00412	0.00475	0.00363	0.00256	0.00190	0.00069	0.00302	0.00159	0.00139	0.00363
85	0.74862	0.00737	0.16767	0.00465	0.00692	0.00657	0.00456	0.00867	0.00517	0.01233	0.00427	0.00499	0.00325	0.00271	0.00198	0.00090	0.00263	0.00168	0.00169	0.00336
86	0.00354	0.00253	0.00337	0.00405	0.00422	0.00236	0.00270	0.00405	0.00557	0.00742	0.01603	0.89592	0.01923	0.00911	0.00371	0.00118	0.00169	0.00827	0.00270	0.00236
87	0.00692	0.00767	0.01616	0.01330	0.17599	0.00727	0.70912	0.00924	0.00682	0.00935	0.00581	0.00772	0.00445	0.00248	0.00333	0.00096	0.00463	0.00328	0.00146	0.00405
88	0.91835	0.00562	0.00427	0.00382	0.00562	0.00652	0.00315	0.00855	0.00495	0.01305	0.00405	0.00472	0.00315	0.00270	0.00180	0.00090	0.00225	0.00157	0.00180	0.00315
89	0.00408	0.00284	0.00313	0.00313	0.00331	0.00275	0.00185	0.00422	0.00467	0.00605	0.01294	0.02069	0.17201	0.73219	0.01269	0.00248	0.00257	0.00458	0.00194	0.00189
90	0.00364	0.00263	0.00345	0.00392	0.00423	0.00244	0.00268	0.00432	0.00612	0.00823	0.17708	0.68791	0.06571	0.00843	0.00364	0.00112	0.00162	0.00760	0.00279	0.00244
91	0.00408	0.00284	0.00313	0.00313	0.00331	0.00275	0.00185	0.00422	0.00467	0.00605	0.01294	0.02069	0.17201	0.73219	0.01269	0.00248	0.00257	0.00458	0.00194	0.00189
92	0.00687	0.00594	0.00618	0.00557	0.00705	0.03644	0.00431	0.03438	0.66268	0.01205	0.17260	0.01258	0.01206	0.00427	0.00303	0.00096	0.00225	0.00359	0.00295	0.00422
93	0.00620	0.00614	0.00887	0.17191	0.00994	0.00845	0.00668	0.00708	0.00471	0.00708	0.00407	0.00662	0.00383	0.00468	0.00831	0.00122	0.72721	0.00255	0.00128	0.00319
94	0.17981	0.00768	0.00790	0.00616	0.00839	0.00855	0.00508	0.70975	0.01205	0.01734	0.00644	0.00656	0.00461	0.00334	0.00270	0.00088	0.00302	0.00242	0.00270	0.00461
95	0.00383	0.00271	0.00359	0.00419	0.00444	0.00260	0.00296	0.00444	0.00563	0.00746	0.01513	0.63638	0.01779	0.10924	0.00502	0.00140	0.00200	0.16625	0.00259	0.00235
96	0.91835	0.00562	0.00427	0.00382	0.00562	0.00652	0.00315	0.00855	0.00495	0.01305	0.00405	0.00472	0.00315	0.00270	0.00180	0.00090	0.00225	0.00157	0.00180	0.00315
97	0.91835	0.00562	0.00427	0.00382	0.00562	0.00652	0.00315	0.00855	0.00495	0.01305	0.00405	0.00472	0.00315	0.00270	0.00180	0.00090	0.00225	0.00157	0.00180	0.00315
98	0.91835	0.00562	0.00427	0.00382	0.00562	0.00652	0.00315	0.00855	0.00495	0.01305	0.00405	0.00472	0.00315	0.00270	0.00180	0.00090	0.00225	0.00157	0.00180	0.00315
99	0.00723	0.00625	0.00657	0.00592	0.00756	0.00723	0.00460	0.01545	0.87442	0.01216	0.01183	0.01085	0.00888	0.00394	0.00296	0.00099	0.00230	0.00329	0.00296	0.00460
100	0.91835	0.00562	0.00427	0.00382	0.00562	0.00652	0.00315	0.00855	0.00495	0.01305	0.00405	0.00472	0.00315	0.00270	0.00180	0.00090	0.00225	0.00157	0.00180	0.00315
101	0.01108	0.00810	0.00870	0.00667	0.00900	0.00896	0.00551	0.85908	0.01360	0.02932	0.00704	0.00702	0.00497	0.00349	0.00291	0.00087	0.00319	0.00262	0.00292	0.00494
102	0.91835	0.00562	0.00427	0.00382	0.00562	0.00652	0.00315	0.00855	0.00495	0.01305	0.00405	0.00472	0.00315	0.00270	0.00180	0.00090	0.00225	0.00157	0.00180	0.00315
103	0.00366	0.00258	0.00334	0.00389	0.00403	0.00244	0.00253	0.00408	0.00533	0.00711	0.01481	0.74107	0.01770	0.16604	0.00567	0.00147	0.00189	0.00755	0.00253	0.00226
104	0.91835	0.00562	0.00427	0.00382	0.00562	0.00652	0.00315	0.00855	0.00495	0.01305	0.00405	0.00472	0.00315	0.00270	0.00180	0.00090	0.00225	0.00157	0.00180	0.00315
105	0.01131	0.00773	0.00847	0.00649	0.00881	0.00840	0.00536	0.75788	0.01297	0.13142	0.00757	0.00736	0.00524	0.00350	0.00291	0.00088	0.00310	0.00266	0.00300	0.00495
106	0.17370	0.00311	0.00354	0.00401	0.00448	0.00314	0.00278	0.00489	0.00545	0.00847	0.01380	0.73015	0.01624	0.00792	0.00336	0.00113	0.00179	0.00702	0.00253	0.00251
107	0.00352	0.00263	0.00327	0.00378	0.00415	0.00238	0.00258	0.00408	0.00582	0.00753	0.01925	0.68726	0.22581	0.00869	0.00365	0.00113	0.00164	0.00775	0.00270	0.00238
108	0.00352	0.00261	0.00329	0.00384	0.00416	0.00238	0.00261	0.00407	0.00576	0.00750	0.01852	0.73448	0.17906	0.00878	0.00366	0.00114	0.00165	0.00787	0.00270	0.00238
109	0.00585	0.01491	0.86845	0.00844	0.02682	0.00676	0.01071	0.00920	0.00615	0.00921	0.00522	0.00616	0.00370	0.00276	0.00276	0.00092	0.00428	0.00216	0.00123	0.00430
110	0.00680	0.01027	0.28946	0.06046	0.01346	0.06721	0.39794	0.03184	0.00666	0.00908	0.00540	0.00698	0.00407	0.00285	0.00360	0.00097	0.07484	0.00278	0.00141	0.00393
111	0.00360	0.00255	0.00336	0.00398	0.00414	0.00240	0.00263	0.00406	0.00546	0.00728	0.01549	0.82736	0.01855	0.07859	0.00458	0.00131	0.00178	0.00795	0.00263	0.00231
112	0.01142	0.00755	0.00836	0.00641	0.00872	0.00813	0.00529	0.71080	0.01268	0.17891	0.00782	0.00752	0.00536	0.00351	0.00291	0.00088	0.00306	0.00267	0.00304	0.00495
113	0.00718	0.00734	0.05943	0.00557	0.00692	0.26871	0.01823	0.00846	0.03706	0.10044	0.04838	0.14237	0.15643	0.00639	0.06336	0.00120	0.00349	0.05354	0.00227	0.00323
114	0.00691	0.44530	0.43738	0.00665	0.01000	0.03255	0.00780	0.00903	0.00608	0.00800	0.00463	0.00540	0.00371	0.00263	0.00232	0.00077	0.00374	0.00185	0.00124	0.00400
115	0.00417	0.00304	0.00428	0.00428	0.00466	0.00342	0.00314	0.00494	0.00456	0.00646	0.00815	0.01342	0.00814	0.25168	0.65760	0.00419	0.00648	0.00341	0.00161	0.00238

[dist]
# distance from previous block
# <min> <max>
0	1

[block]
# block no. 3 follows, 100 sequences, length 116
# corresponding to MSA columns:
# 167-282
name=unknown_D
#
# <colnr> <probs for GDERKNQSTAVLIFYWHMCP>
#	G	D	E	R	K	N	Q	S	T	A	V	L	I	F	Y	W	H	M	C	P
0	0.71585	0.00593	0.00574	0.00633	0.15446	0.00665	0.00423	0.03818	0.01265	0.01258	0.00447	0.00528	0.00352	0.00271	0.00203	0.00089	0.00249	0.00180	0.00178	0.01243
1	0.00720	0.00691	0.01180	0.01785	0.87968	0.00691	0.00892	0.00892	0.00662	0.00950	0.00547	0.00720	0.00461	0.00259	0.00288	0.00086	0.00345	0.00259	0.00144	0.00461
2	0.00700	0.00661	0.01082	0.01554	0.73120	0.00639	0.00799	0.00865	0.00652	0.00949	0.00542	0.00700	0.00455	0.00252	0.00276	0.00079	0.00323	0.00244	0.00149	0.15958
3	0.01046	0.00733	0.00801	0.00633	0.00850	0.00804	0.00517	0.57591	0.20286	0.12349	0.00861	0.00819	0.00609	0.00360	0.00292	0.00090	0.00291	0.00280	0.00300	0.00487
4	0.00720	0.00691	0.01180	0.01785	0.87968	0.00691	0.00892	0.00892	0.00662	0.00950	0.00547	0.00720	0.00461	0.00259	0.00288	0.00086	0.00345	0.00259	0.00144	0.00461
5	0.00354	0.00253	0.00337	0.00405	0.00422	0.00236	0.00270	0.00405	0.00557	0.00742	0.01603	0.89592	0.01923	0.00911	0.00371	0.00118	0.00169	0.00827	0.00270	0.00236
6	0.00592	0.05333	0.84519	0.00814	0.01236	0.00696	0.01049	0.00919	0.00613	0.00911	0.00517	0.00607	0.00369	0.00275	0.00272	0.00091	0.00425	0.00212	0.00123	0.00427
7	0.00422	0.00287	0.00343	0.00343	0.00352	0.00296	0.00208	0.00439	0.00430	0.00583	0.00893	0.01773	0.01001	0.74879	0.16306	0.00313	0.00366	0.00404	0.00173	0.00190
8	0.01305	0.00495	0.00675	0.00517	0.00742	0.00427	0.00427	0.01417	0.00832	0.88169	0.01147	0.00990	0.00720	0.00360	0.00292	0.00090	0.00247	0.00292	0.00360	0.00495
9	0.00400	0.00297	0.00373	0.00354	0.00427	0.00269	0.00265	0.00526	0.00796	0.01101	0.73376	0.02278	0.17222	0.00619	0.00343	0.00093	0.00139	0.00541	0.00312	0.00269
10	0.00415	0.00312	0.00467	0.00467	0.00519	0.00363	0.00363	0.00519	0.00467	0.00675	0.00779	0.01142	0.00727	0.02181	0.88629	0.00467	0.00779	0.00312	0.00156	0.00260
11	0.00603	0.00517	0.00603	0.00431	0.00689	0.00388	0.00345	0.00732	0.00603	0.00947	0.00517	0.00603	0.00431	0.00215	0.00215	0.00043	0.00215	0.00172	0.00172	0.91559
12	0.04407	0.00563	0.00707	0.00544	0.00769	0.00533	0.00449	0.19071	0.00931	0.67323	0.01029	0.00911	0.00659	0.00355	0.00288	0.00089	0.00262	0.00281	0.00339	0.00489
13	0.00617	0.00516	0.00604	0.00432	0.00690	0.00388	0.00346	0.00746	0.00607	0.02668	0.00529	0.00611	0.00436	0.00218	0.00217	0.00044	0.00216	0.00175	0.00176	0.89763
14	0.16192	0.00740	0.01467	0.02094	0.04658	0.00718	0.67929	0.00915	0.00652	0.00993	0.00555	0.00729	0.00420	0.00250	0.00313	0.00096	0.00438	0.00307	0.00152	0.00381
15	0.00437	0.00342	0.00405	0.00405	0.00467	0.03411	0.00296	0.00585	0.05540	0.01028	0.54307	0.27038	0.02310	0.00666	0.00346	0.00099	0.00167	0.01578	0.00298	0.00276
16	0.01140	0.00766	0.00831	0.00641	0.00869	0.03110	0.00528	0.67299	0.02068	0.18576	0.00783	0.00754	0.00539	0.00350	0.00290	0.00088	0.00310	0.00266	0.00301	0.00490
17	0.00760	0.00632	0.00670	0.00594	0.00764	0.00725	0.00465	0.06306	0.80370	0.03533	0.01155	0.01061	0.00861	0.00391	0.00295	0.00098	0.00236	0.00324	0.00297	0.00463
18	0.16540	0.00772	0.00797	0.00620	0.00844	0.00859	0.00512	0.72343	0.01219	0.01743	0.00648	0.00660	0.00464	0.00336	0.00272	0.00088	0.00304	0.00244	0.00272	0.00464
19	0.00410	0.00297	0.00387	0.00364	0.00434	0.00274	0.00273	0.00546	0.00820	0.01158	0.86049	0.02185	0.04514	0.00597	0.00343	0.00092	0.00137	0.00528	0.00319	0.00274
20	0.00412	0.00297	0.00389	0.00366	0.00434	0.00274	0.00274	0.00549	0.00823	0.01166	0.87814	0.02172	0.02743	0.00594	0.00343	0.00091	0.00137	0.00526	0.00320	0.00274
21	0.00583	0.01504	0.88275	0.00829	0.01258	0.00675	0.01074	0.00921	0.00614	0.00921	0.00522	0.00614	0.00368	0.00276	0.00276	0.00092	0.00430	0.00215	0.00123	0.00430
22	0.00603	0.00517	0.00603	0.00431	0.00689	0.00388	0.00345	0.00732	0.00603	0.00947	0.00517	0.00603	0.00431	0.00215	0.00215	0.00043	0.00215	0.00172	0.00172	0.91559
23	0.00415	0.00312	0.00467	0.00467	0.00519	0.00363	0.00363	0.00519	0.00467	0.00675	0.00779	0.01142	0.00727	0.02181	0.88629	0.00467	0.00779	0.00312	0.00156	0.00260
24	0.01086	0.01386	0.00824	0.00749	0.00899	0.88614	0.00562	0.01161	0.00824	0.00712	0.00449	0.00524	0.00375	0.00300	0.00262	0.00075	0.00524	0.00187	0.00150	0.00337
25	0.00833	0.00675	0.00716	0.00612	0.00795	0.00768	0.00485	0.24646	0.63229	0.02329	0.01052	0.00979	0.00779	0.00382	0.00294	0.00095	0.00255	0.00310	0.00295	0.00470
26	0.00563	0.00331	0.00437	0.00392	0.00487	0.00300	0.00300	0.00696	0.00825	0.15967	0.73070	0.01971	0.02399	0.00555	0.00334	0.00091	0.00156	0.00486	0.00327	0.00312
27	0.00354	0.00253	0.00337	0.00405	0.00422	0.00236	0.00270	0.00405	0.00557	0.00742	0.01603	0.89592	0.01923	0.00911	0.00371	0.00118	0.00169	0.00827	0.00270	0.00236
28	0.00867	0.00619	0.00681	0.00585	0.00767	0.00685	0.00463	0.09637	0.63182	0.17424	0.01131	0.01030	0.00819	0.00384	0.00295	0.00096	0.00242	0.00316	0.00307	0.00470
29	0.00822	0.00603	0.00660	0.00579	0.00754	0.00673	0.00455	0.01523	0.72708	0.16009	0.01177	0.01069	0.00859	0.00389	0.00295	0.00097	0.00233	0.00323	0.00307	0.00466
30	0.00713	0.00764	0.00879	0.00761	0.00786	0.15814	0.00623	0.00778	0.00510	0.00702	0.00393	0.00617	0.00380	0.00473	0.00836	0.00118	0.74155	0.00243	0.00131	0.00321
31	0.00857	0.00614	0.00677	0.00584	0.00764	0.00681	0.00462	0.08720	0.63706	0.16881	0.01140	0.01058	0.00833	0.00389	0.00296	0.00096	0.00241	0.01227	0.00307	0.00467
32	0.00788	0.00657	0.00694	0.00605	0.00781	0.00754	0.00476	0.16083	0.72799	0.01321	0.01101	0.01019	0.00821	0.00387	0.00295	0.00097	0.00245	0.00317	0.00295	0.00466
33	0.00479	0.00446	0.00420	0.00463	0.00503	0.15271	0.00320	0.00534	0.00602	0.00737	0.01406	0.74439	0.01660	0.00807	0.00353	0.00111	0.00229	0.00718	0.00249	0.00253
34	0.16106	0.02331	0.67319	0.00733	0.01099	0.00663	0.00904	0.00904	0.01765	0.00985	0.00553	0.00710	0.00423	0.00299	0.00264	0.00093	0.00384	0.03920	0.00141	0.00403
35	0.00685	0.00718	0.00896	0.00769	0.00790	0.10195	0.01975	0.00752	0.00489	0.00705	0.00392	0.00627	0.00382	0.00483	0.00871	0.00121	0.78451	0.00249	0.00130	0.00321
36	0.01121	0.00513	0.00658	0.00516	0.00715	0.00477	0.00421	0.15006	0.00917	0.59510	0.15819	0.01144	0.01028	0.00398	0.00301	0.00090	0.00240	0.00327	0.00342	0.00457
37	0.00777	0.89956	0.01524	0.00498	0.00746	0.01150	0.00498	0.00871	0.00591	0.00684	0.00404	0.00466	0.00373	0.00249	0.00187	0.00062	0.00311	0.00155	0.00124	0.00373
38	0.00538	0.00272	0.00275	0.00274	0.00342	0.00271	0.00206	0.00673	0.00617	0.01087	0.03838	0.01120	0.00812	0.00347	0.00208	0.00069	0.00136	0.00279	0.88366	0.00271
39	0.00788	0.00657	0.00694	0.00605	0.00781	0.00754	0.00476	0.16083	0.72799	0.01321	0.01101	0.01019	0.00821	0.00387	0.00295	0.00097	0.00245	0.00317	0.00295	0.00466
40	0.00423	0.00282	0.00317	0.00317	0.00317	0.00282	0.00176	0.00423	0.00423	0.00564	0.00916	0.01903	0.01057	0.89782	0.01480	0.00282	0.00282	0.00423	0.00176	0.00176
41	0.00447	0.00328	0.00439	0.00494	0.00567	0.00319	0.00426	0.00571	0.00668	0.00856	0.01779	0.03198	0.16334	0.00792	0.00392	0.00128	0.00247	0.71483	0.00268	0.00264
42	0.00410	0.00297	0.00387	0.00365	0.00434	0.00273	0.00274	0.00545	0.00817	0.01154	0.85276	0.03504	0.03968	0.00601	0.00343	0.00092	0.00138	0.00532	0.00319	0.00273
43	0.00777	0.89956	0.01524	0.00498	0.00746	0.01150	0.00498	0.00871	0.00591	0.00684	0.00404	0.00466	0.00373	0.00249	0.00187	0.00062	0.00311	0.00155	0.00124	0.00373
44	0.01086	0.01386	0.00824	0.00749	0.00899	0.88614	0.00562	0.01161	0.00824	0.00712	0.00449	0.00524	0.00375	0.00300	0.00262	0.00075	0.00524	0.00187	0.00150	0.00337
45	0.00606	0.03742	0.71234	0.00887	0.01289	0.00698	0.15662	0.00921	0.00626	0.00916	0.00530	0.00639	0.00381	0.00270	0.00285	0.00092	0.00437	0.00235	0.00127	0.00422
46	0.01305	0.00495	0.00675	0.00517	0.00742	0.00427	0.00427	0.01417	0.00832	0.88169	0.01147	0.00990	0.00720	0.00360	0.00292	0.00090	0.00247	0.00292	0.00360	0.00495
47	0.00351	0.00292	0.00307	0.00318	0.00403	0.00251	0.00233	0.00432	0.01906	0.00784	0.02691	0.17539	0.71968	0.00761	0.00348	0.00102	0.00152	0.00646	0.00270	0.00247
48	0.00415	0.00312	0.00467	0.00467	0.00519	0.00363	0.00363	0.00519	0.00467	0.00675	0.00779	0.01142	0.00727	0.02181	0.88629	0.00467	0.00779	0.00312	0.00156	0.00260
49	0.00723	0.67579	0.08437	0.15595	0.01001	0.01026	0.00597	0.00853	0.00591	0.00713	0.00433	0.00531	0.00375	0.00258	0.00212	0.00071	0.00334	0.00178	0.00125	0.00369
50	0.00444	0.00327	0.00434	0.00488	0.00561	0.00317	0.00420	0.00566	0.00668	0.00854	0.01815	0.03185	0.18555	0.00790	0.00390	0.00127	0.00244	0.69282	0.00268	0.00263
51	0.00693	0.00323	0.00357	0.00324	0.00424	0.00313	0.00251	0.02608	0.00666	0.16989	0.00980	0.01059	0.00735	0.00343	0.00221	0.00072	0.00160	0.00275	0.72889	0.00316
52	0.00659	0.15802	0.01092	0.37716	0.34262	0.00752	0.00774	0.00851	0.03827	0.00829	0.00534	0.00713	0.00431	0.00275	0.00272	0.00087	0.00353	0.00244	0.00140	0.00389
53	0.00619	0.00588	0.00998	0.53419	0.37122	0.00664	0.00842	0.00804	0.00614	0.00827	0.00529	0.00752	0.00417	0.00278	0.00290	0.00093	0.00370	0.00259	0.00135	0.00379
54	0.01004	0.01220	0.00899	0.02277	0.16806	0.67621	0.01320	0.03079	0.00798	0.00783	0.00474	0.00571	0.00394	0.00295	0.00276	0.00078	0.01385	0.00205	0.00151	0.00363
55	0.00354	0.00253	0.00337	0.00405	0.00422	0.00236	0.00270	0.00405	0.00557	0.00742	0.01603	0.89592	0.01923	0.00911	0.00371	0.00118	0.00169	0.00827	0.00270	0.00236
56	0.17445	0.67328	0.01273	0.00491	0.00722	0.05093	0.00467	0.02165	0.00598	0.01667	0.00418	0.00479	0.00368	0.00258	0.00191	0.00068	0.00305	0.00160	0.00140	0.00364
57	0.00361	0.00309	0.00311	0.00308	0.00409	0.00266	0.00232	0.00467	0.04421	0.00808	0.03677	0.02718	0.83275	0.00720	0.00342	0.00098	0.00151	0.00600	0.00272	0.00255
58	0.03417	0.00601	0.00729	0.00552	0.00784	0.00568	0.04114	0.24013	0.04921	0.21780	0.04080	0.00806	0.00623	0.00311	0.00267	0.00074	0.00261	0.00252	0.00259	0.31588
59	0.00555	0.00685	0.15741	0.74069	0.01876	0.00651	0.00853	0.00773	0.00587	0.00773	0.00518	0.00748	0.00384	0.00288	0.00288	0.00096	0.00395	0.00251	0.00128	0.00341
60	0.00722	0.00513	0.00615	0.00445	0.00698	0.00394	0.00359	0.00849	0.00642	0.15786	0.00624	0.00669	0.00480	0.00240	0.00228	0.00051	0.00221	0.00193	0.00204	0.76067
61	0.02126	0.01982	0.00905	0.00861	0.15697	0.15275	0.00602	0.50330	0.06951	0.01436	0.00657	0.00694	0.00492	0.00326	0.00283	0.00086	0.00351	0.00251	0.00240	0.00457
62	0.00419	0.00283	0.00330	0.00333	0.00338	0.00286	0.00196	0.00429	0.00433	0.00582	0.00940	0.06273	0.01075	0.78412	0.08269	0.00288	0.00315	0.00434	0.00179	0.00186
63	0.04072	0.28409	0.06951	0.00618	0.02744	0.07759	0.00546	0.26604	0.00884	0.16926	0.00642	0.00652	0.00472	0.00305	0.00251	0.00079	0.00324	0.00221	0.00221	0.01320
64	0.00963	0.01073	0.00753	0.00665	0.00813	0.55692	0.00509	0.14241	0.02704	0.02231	0.15375	0.00851	0.00812	0.00363	0.00292	0.00081	0.01760	0.00262	0.00206	0.00355
65	0.00354	0.00253	0.00337	0.00405	0.00422	0.00236	0.00270	0.00405	0.00557	0.00742	0.01603	0.89592	0.01923	0.00911	0.00371	0.00118	0.00169	0.00827	0.00270	0.00236
66	0.01086	0.01386	0.00824	0.00749	0.00899	0.88614	0.00562	0.01161	0.00824	0.00712	0.00449	0.00524	0.00375	0.00300	0.00262	0.00075	0.00524	0.00187	0.00150	0.00337
67	0.07331	0.01121	0.00824	0.10544	0.01988	0.57582	0.02367	0.10072	0.01647	0.03181	0.00509	0.00592	0.00401	0.00303	0.00266	0.00081	0.00454	0.00209	0.00171	0.00358
68	0.00364	0.00269	0.00342	0.00393	0.00431	0.00247	0.00277	0.00428	0.00596	0.00778	0.05570	0.63738	0.17269	0.00858	0.00367	0.00115	0.00171	0.07275	0.00272	0.00242
69	0.00360	0.00295	0.00317	0.00312	0.00403	0.00252	0.00234	0.00449	0.00701	0.00877	0.23449	0.02647	0.67289	0.00702	0.00343	0.00097	0.00145	0.00592	0.00282	0.00252
70	0.01206	0.00517	0.00672	0.00530	0.00745	0.00478	0.00433	0.01439	0.15567	0.73377	0.01153	0.01006	0.00748	0.00366	0.00293	0.00091	0.00244	0.00299	0.00349	0.00489
71	0.00686	0.00784	0.01716	0.01225	0.01520	0.00735	0.86912	0.00931	0.00686	0.00931	0.00588	0.00784	0.00441	0.00245	0.00343	0.00098	0.00490	0.00343	0.00147	0.00392
72	0.15974	0.00344	0.00398	0.00370	0.00459	0.00340	0.00283	0.00610	0.00767	0.02106	0.72031	0.01870	0.02309	0.00537	0.00315	0.00091	0.00153	0.00461	0.00297	0.00284
73	0.00392	0.00295	0.00362	0.00349	0.00423	0.00265	0.00260	0.00509	0.00770	0.01050	0.62221	0.06118	0.24630	0.00645	0.00344	0.00094	0.00141	0.00561	0.00305	0.00265
74	0.01105	0.00814	0.00873	0.00669	0.00902	0.00902	0.00553	0.86998	0.01367	0.01832	0.00698	0.00698	0.00494	0.00349	0.00291	0.00087	0.00320	0.00262	0.00291	0.00494
75	0.16540	0.00772	0.00797	0.00620	0.00844	0.00859	0.00512	0.72343	0.01219	0.01743	0.00648	0.00660	0.00464	0.00336	0.00272	0.00088	0.00304	0.00244	0.00272	0.00464
76	0.00400	0.00290	0.00377	0.00371	0.00431	0.00267	0.00272	0.00521	0.00773	0.01084	0.70868	0.17061	0.04890	0.00652	0.00348	0.00096	0.00143	0.00579	0.00310	0.00267
77	0.00788	0.00657	0.00694	0.00605	0.00781	0.00754	0.00476	0.16083	0.72799	0.01321	0.01101	0.01019	0.00821	0.00387	0.00295	0.00097	0.00245	0.00317	0.00295	0.00466
78	0.01305	0.00495	0.00675	0.00517	0.00742	0.00427	0.00427	0.01417	0.00832	0.88169	0.01147	0.00990	0.00720	0.00360	0.00292	0.00090	0.00247	0.00292	0.00360	0.00495
79	0.01105	0.00814	0.00873	0.00669	0.00902	0.00902	0.00553	0.86998	0.01367	0.01832	0.00698	0.00698	0.00494	0.00349	0.00291	0.00087	0.00320	0.00262	0.00291	0.00494
80	0.00374	0.00267	0.00360	0.00427	0.00452	0.00253	0.00304	0.00438	0.00576	0.00764	0.01592	0.74908	0.01881	0.00893	0.00376	0.00121	0.00186	0.15318	0.00270	0.00242
81	0.00549	0.00517	0.00872	0.89083	0.02003	0.00646	0.00807	0.00743	0.00581	0.00743	0.00517	0.00775	0.00388	0.00291	0.00291	0.00097	0.00388	0.00258	0.00129	0.00323
82	0.00423	0.00282	0.00317	0.00317	0.00317	0.00282	0.00176	0.00423	0.00423	0.00564	0.00916	0.01903	0.01057	0.89782	0.01480	0.00282	0.00282	0.00423	0.00176	0.00176
83	0.00767	0.67762	0.02395	0.00502	0.00753	0.00998	0.00482	0.06536	0.00644	0.00808	0.00444	0.00507	0.00391	0.00250	0.00199	0.00061	0.00297	0.00166	0.00144	0.15895
84	0.91835	0.00562	0.00427	0.00382	0.00562	0.00652	0.00315	0.00855	0.00495	0.01305	0.00405	0.00472	0.00315	0.00270	0.00180	0.00090	0.00225	0.00157	0.00180	0.00315
85	0.01040	0.00793	0.00925	0.00859	0.15714	0.00866	0.00610	0.72350	0.01247	0.01682	0.00672	0.00702	0.00489	0.00334	0.00290	0.00087	0.00324	0.00261	0.00266	0.00489
86	0.00354	0.00253	0.00337	0.00405	0.00422	0.00236	0.00270	0.00405	0.00557	0.00742	0.01603	0.89592	0.01923	0.00911	0.00371	0.00118	0.00169	0.00827	0.00270	0.00236
87	0.01086	0.01386	0.00824	0.00749	0.00899	0.88614	0.00562	0.01161	0.00824	0.00712	0.00449	0.00524	0.00375	0.00300	0.00262	0.00075	0.00524	0.00187	0.00150	0.00337
88	0.00421	0.00304	0.00402	0.00395	0.00463	0.00285	0.00307	0.00558	0.00797	0.01116	0.73137	0.02360	0.02561	0.00630	0.00353	0.00099	0.00159	0.15069	0.00311	0.00273
