[name]
unknown

[dist]
# distance from previous block
# <min> <max>
1	3

[block]
# block no. 0 follows, 34 sequences, length 141
# corresponding to MSA columns:
# 3-143
name=unknown_A
#
# <colnr> <probs for GDERKNQSTAVLIFYWHMCP>
#	G	D	E	R	K	N	Q	S	T	A	V	L	I	F	Y	W	H	M	C	P
0	0.00786	0.00569	0.00743	0.00882	0.00933	0.00526	0.00592	0.00902	0.01254	0.01656	0.03775	0.71803	0.09203	0.01996	0.00820	0.00259	0.00371	0.01803	0.00600	0.00526
1	0.02070	0.02358	0.01661	0.01500	0.01845	0.44136	0.01141	0.04682	0.26783	0.02053	0.01791	0.01799	0.03829	0.00778	0.00617	0.00188	0.00891	0.00566	0.00466	0.00848
2	0.02312	0.01728	0.01819	0.01510	0.04163	0.06306	0.01186	0.45023	0.15778	0.10698	0.01811	0.01757	0.01295	0.00784	0.00645	0.00198	0.00687	0.00606	0.00634	0.01061
3	0.02372	0.01467	0.04294	0.01597	0.02148	0.01350	0.17014	0.16658	0.03662	0.37325	0.01983	0.01919	0.01324	0.00724	0.00669	0.00200	0.00715	0.00651	0.00630	0.03300
4	0.01685	0.70401	0.10296	0.01178	0.01770	0.02453	0.01231	0.01946	0.01318	0.01572	0.00924	0.01069	0.00828	0.00559	0.00434	0.00145	0.00717	0.00358	0.00276	0.00842
5	0.01599	0.01535	0.02623	0.03966	0.73262	0.01535	0.01983	0.01983	0.01471	0.02111	0.01215	0.01599	0.01023	0.00576	0.00640	0.00192	0.00768	0.00576	0.00320	0.01023
6	0.01337	0.10435	0.67212	0.01771	0.02688	0.01601	0.02265	0.02036	0.01359	0.01996	0.01135	0.01333	0.00820	0.00608	0.00595	0.00198	0.00930	0.00465	0.00273	0.00943
7	0.01320	0.01200	0.01833	0.02571	0.41329	0.01178	0.01375	0.04232	0.03200	0.02077	0.04923	0.08404	0.21651	0.01013	0.00692	0.00205	0.00595	0.00908	0.00450	0.00845
8	0.00796	0.00656	0.00699	0.00688	0.00892	0.00559	0.00516	0.00989	0.01548	0.01925	0.20651	0.05923	0.58782	0.01569	0.00763	0.00215	0.00323	0.01322	0.00624	0.00559
9	0.01599	0.01535	0.02623	0.03966	0.73262	0.01535	0.01983	0.01983	0.01471	0.02111	0.01215	0.01599	0.01023	0.00576	0.00640	0.00192	0.00768	0.00576	0.00320	0.01023
10	0.01228	0.01156	0.01901	0.65659	0.04049	0.01458	0.01712	0.01625	0.01283	0.01677	0.03829	0.01810	0.01058	0.00719	0.00795	0.00221	0.08210	0.00596	0.00303	0.00713
11	0.02469	0.01069	0.01407	0.01112	0.01545	0.00968	0.00905	0.07003	0.03705	0.54345	0.15599	0.02654	0.02416	0.00897	0.00671	0.00201	0.00513	0.00744	0.00770	0.01006
12	0.00802	0.00611	0.00738	0.00801	0.00920	0.00547	0.00565	0.00966	0.01422	0.01849	0.16851	0.40243	0.27816	0.01769	0.00793	0.00237	0.00346	0.01559	0.00620	0.00547
13	0.01340	0.01148	0.01340	0.00957	0.01531	0.00861	0.00766	0.01627	0.01340	0.02105	0.01148	0.01340	0.00957	0.00479	0.00479	0.00096	0.00479	0.00383	0.00383	0.81242
14	0.06567	0.01518	0.02519	0.03773	0.68805	0.01530	0.01904	0.01978	0.01448	0.02160	0.01196	0.01565	0.01003	0.00577	0.00625	0.00192	0.00751	0.00562	0.00325	0.01003
15	0.05485	0.01368	0.01536	0.01223	0.01686	0.07778	0.00993	0.10471	0.06769	0.49944	0.04425	0.02089	0.01608	0.00799	0.00638	0.00198	0.00611	0.00632	0.00714	0.01033
16	0.02476	0.01900	0.01823	0.01455	0.01928	0.14819	0.01176	0.44285	0.06258	0.14832	0.01671	0.01632	0.01178	0.00765	0.00636	0.00191	0.00756	0.00571	0.00616	0.01032
17	0.02414	0.03079	0.01831	0.01665	0.01998	0.74698	0.01248	0.02580	0.01831	0.01581	0.00999	0.01165	0.00832	0.00666	0.00583	0.00166	0.01165	0.00416	0.00333	0.00749
18	0.01599	0.01535	0.02623	0.03966	0.73262	0.01535	0.01983	0.01983	0.01471	0.02111	0.01215	0.01599	0.01023	0.00576	0.00640	0.00192	0.00768	0.00576	0.00320	0.01023
19	0.00790	0.00656	0.00692	0.00683	0.00889	0.00557	0.00512	0.00979	0.01536	0.01895	0.18299	0.05972	0.61153	0.01581	0.00763	0.00216	0.00323	0.01329	0.00620	0.00557
20	0.00774	0.00648	0.00674	0.00682	0.00883	0.00548	0.00506	0.00943	0.01477	0.01789	0.10306	0.11203	0.64063	0.01645	0.00768	0.00220	0.00329	0.01386	0.00607	0.00548
21	0.01812	0.72188	0.03251	0.01109	0.01658	0.02441	0.01094	0.02022	0.01351	0.06698	0.01017	0.01120	0.00884	0.00571	0.00431	0.00143	0.00681	0.00367	0.00314	0.00849
22	0.01678	0.00816	0.01063	0.00909	0.01192	0.00733	0.00714	0.01959	0.01772	0.28886	0.36910	0.03615	0.05781	0.01072	0.00685	0.00196	0.00396	0.00917	0.09915	0.00788
23	0.02045	0.01290	0.01474	0.01259	0.01670	0.01385	0.00998	0.03337	0.48312	0.26743	0.02603	0.02339	0.01846	0.00851	0.00655	0.00213	0.00524	0.00703	0.00706	0.01049
24	0.00889	0.00659	0.00828	0.00786	0.00950	0.00599	0.00590	0.01170	0.01769	0.02448	0.61694	0.05062	0.17412	0.01374	0.00762	0.00206	0.00309	0.01202	0.00692	0.00599
25	0.02899	0.01100	0.01499	0.01150	0.01649	0.00950	0.00950	0.03149	0.01849	0.73709	0.02549	0.02199	0.01599	0.00800	0.00650	0.00200	0.00550	0.00650	0.00800	0.01100
26	0.01247	0.01176	0.01987	0.70591	0.09386	0.01443	0.01808	0.01675	0.01305	0.01684	0.01153	0.01714	0.00873	0.00641	0.00646	0.00214	0.00855	0.00574	0.00289	0.00740
27	0.00787	0.00562	0.00750	0.00900	0.00937	0.00525	0.00600	0.00900	0.01237	0.01649	0.03561	0.76871	0.04274	0.02024	0.00825	0.00262	0.00375	0.01837	0.00600	0.00525
28	0.00923	0.00692	0.01038	0.01038	0.01154	0.00808	0.00808	0.01154	0.01038	0.01500	0.01731	0.02538	0.01615	0.04846	0.74732	0.01038	0.01731	0.00692	0.00346	0.00577
29	0.00764	0.00655	0.00655	0.00655	0.00873	0.00545	0.00491	0.00927	0.01473	0.01745	0.06546	0.06218	0.73000	0.01636	0.00764	0.00218	0.00327	0.01364	0.00600	0.00545
30	0.02899	0.01100	0.01499	0.01150	0.01649	0.00950	0.00950	0.03149	0.01849	0.73709	0.02549	0.02199	0.01599	0.00800	0.00650	0.00200	0.00550	0.00650	0.00800	0.01100
31	0.00943	0.00716	0.01054	0.01043	0.01147	0.00841	0.00805	0.01156	0.01030	0.01487	0.01716	0.02600	0.01632	0.09192	0.67543	0.00984	0.04494	0.00703	0.00347	0.00570
32	0.01340	0.01148	0.01340	0.00957	0.01531	0.00861	0.00766	0.01627	0.01340	0.02105	0.01148	0.01340	0.00957	0.00479	0.00479	0.00096	0.00479	0.00383	0.00383	0.81242
33	0.01899	0.46850	0.10156	0.01341	0.01881	0.19547	0.01280	0.07092	0.01566	0.01773	0.00996	0.01138	0.00848	0.00602	0.00492	0.00156	0.00832	0.00393	0.00316	0.00843
34	0.01415	0.01267	0.01729	0.04197	0.17181	0.01100	0.03472	0.01835	0.05873	0.02128	0.01263	0.01490	0.01034	0.00533	0.00540	0.00132	0.00577	0.00466	0.00382	0.53388
35	0.01883	0.22243	0.06943	0.01595	0.04142	0.23800	0.06734	0.04826	0.17765	0.01990	0.01406	0.01501	0.01118	0.00672	0.00575	0.00179	0.00843	0.00511	0.00398	0.00876
36	0.01506	0.04414	0.43412	0.02211	0.15810	0.05446	0.04397	0.06098	0.01485	0.02107	0.01161	0.01418	0.00882	0.00652	0.00727	0.00204	0.06306	0.00512	0.00309	0.00942
37	0.01122	0.00561	0.00842	0.00842	0.00842	0.00561	0.00561	0.00842	0.00842	0.01122	0.01122	0.01964	0.01122	0.02245	0.02525	0.81201	0.00561	0.00561	0.00281	0.00281
38	0.01478	0.01408	0.02277	0.04129	0.06496	0.03486	0.26149	0.02315	0.22403	0.04133	0.13815	0.04963	0.02253	0.00838	0.00715	0.00214	0.00725	0.00828	0.00509	0.00867
39	0.00961	0.00715	0.01010	0.00982	0.01118	0.00785	0.00746	0.01170	0.01055	0.01534	0.01734	0.02653	0.01658	0.13185	0.59094	0.00901	0.01475	0.00698	0.02184	0.06341
40	0.01633	0.01401	0.01475	0.01320	0.01690	0.01619	0.01029	0.05473	0.70014	0.02744	0.02597	0.02385	0.01946	0.00874	0.00657	0.00218	0.00517	0.00726	0.00657	0.01025
41	0.79305	0.01316	0.03262	0.00881	0.01299	0.01451	0.00753	0.01904	0.01108	0.02872	0.00908	0.01060	0.00704	0.00600	0.00407	0.00200	0.00514	0.00354	0.00396	0.00708
42	0.00787	0.00562	0.00750	0.00900	0.00937	0.00525	0.00600	0.00900	0.01237	0.01649	0.03561	0.76871	0.04274	0.02024	0.00825	0.00262	0.00375	0.01837	0.00600	0.00525
43	0.02035	0.01434	0.01605	0.01307	0.01713	0.01545	0.01066	0.43612	0.06928	0.08511	0.12807	0.04987	0.02259	0.00986	0.00690	0.00208	0.00605	0.06077	0.00662	0.00962
44	0.81856	0.01250	0.00950	0.00850	0.01250	0.01449	0.00700	0.01899	0.01100	0.02899	0.00900	0.01050	0.00700	0.00600	0.00400	0.00200	0.00500	0.00350	0.00400	0.00700
45	0.02899	0.01100	0.01499	0.01150	0.01649	0.00950	0.00950	0.03149	0.01849	0.73709	0.02549	0.02199	0.01599	0.00800	0.00650	0.00200	0.00550	0.00650	0.00800	0.01100
46	0.00913	0.00666	0.00771	0.00771	0.00957	0.00583	0.00576	0.01110	0.01536	0.05352	0.20882	0.16673	0.41277	0.01590	0.00772	0.00224	0.00350	0.03778	0.00635	0.00585
47	0.02289	0.00964	0.01296	0.01045	0.01438	0.00842	0.00842	0.02545	0.01813	0.52127	0.19371	0.05224	0.05302	0.00990	0.00686	0.00203	0.00479	0.00834	0.00766	0.00946
48	0.00797	0.00566	0.00747	0.00888	0.00923	0.00531	0.00587	0.00902	0.01219	0.01625	0.03467	0.72375	0.04154	0.06683	0.00977	0.00285	0.00390	0.01781	0.00587	0.00517
49	0.00933	0.00685	0.00877	0.00824	0.00986	0.00641	0.00620	0.01284	0.04188	0.02566	0.68284	0.04792	0.08240	0.01317	0.00759	0.00204	0.00313	0.01160	0.00706	0.00621
50	0.01727	0.77681	0.03386	0.01106	0.01658	0.02557	0.01106	0.01935	0.01313	0.01520	0.00898	0.01036	0.00829	0.00553	0.00415	0.00138	0.00691	0.00345	0.00276	0.00829
51	0.01727	0.77681	0.03386	0.01106	0.01658	0.02557	0.01106	0.01935	0.01313	0.01520	0.00898	0.01036	0.00829	0.00553	0.00415	0.00138	0.00691	0.00345	0.00276	0.00829
52	0.00821	0.00603	0.00773	0.00883	0.00956	0.00566	0.00604	0.01005	0.03347	0.01776	0.10290	0.62024	0.10168	0.01893	0.00809	0.00252	0.00368	0.01703	0.00612	0.00549
53	0.00914	0.00660	0.00864	0.00813	0.00965	0.00610	0.00610	0.01219	0.01829	0.02591	0.72921	0.04827	0.06097	0.01321	0.00762	0.00203	0.00305	0.01169	0.00711	0.00610
54	0.81856	0.01250	0.00950	0.00850	0.01250	0.01449	0.00700	0.01899	0.01100	0.02899	0.00900	0.01050	0.00700	0.00600	0.00400	0.00200	0.00500	0.00350	0.00400	0.00700
55	0.01905	0.02149	0.01913	0.01670	0.01844	0.33024	0.01332	0.06317	0.01476	0.01723	0.00956	0.01316	0.00857	0.00910	0.01372	0.00228	0.39428	0.00503	0.00327	0.00749
56	0.01665	0.01417	0.01493	0.01327	0.01702	0.01634	0.01037	0.08011	0.67423	0.02796	0.02557	0.02353	0.01913	0.00870	0.00657	0.00217	0.00525	0.00720	0.00657	0.01028
57	0.00931	0.00626	0.00720	0.00728	0.00734	0.00628	0.00418	0.00946	0.00959	0.01283	0.02104	0.07981	0.02422	0.70580	0.05879	0.00623	0.00655	0.00977	0.00401	0.00406
58	0.00940	0.00626	0.00705	0.00705	0.00705	0.00626	0.00392	0.00940	0.00940	0.01253	0.02036	0.04228	0.02349	0.77292	0.03289	0.00626	0.00626	0.00940	0.00392	0.00392
59	0.00787	0.00562	0.00750	0.00900	0.00937	0.00525	0.00600	0.00900	0.01237	0.01649	0.03561	0.76871	0.04274	0.02024	0.00825	0.00262	0.00375	0.01837	0.00600	0.00525
60	0.01599	0.01535	0.02623	0.03966	0.73262	0.01535	0.01983	0.01983	0.01471	0.02111	0.01215	0.01599	0.01023	0.00576	0.00640	0.00192	0.00768	0.00576	0.00320	0.01023
61	0.00810	0.00579	0.00776	0.00926	0.00974	0.00545	0.00640	0.00939	0.01260	0.01675	0.03549	0.70570	0.04223	0.02003	0.00831	0.00266	0.00395	0.07911	0.00599	0.00531
62	0.00898	0.00660	0.00841	0.00796	0.00955	0.00603	0.00597	0.01188	0.01790	0.02499	0.65688	0.04978	0.13387	0.01355	0.00762	0.00205	0.00307	0.01190	0.00699	0.00603
63	0.01727	0.77681	0.03386	0.01106	0.01658	0.02557	0.01106	0.01935	0.01313	0.01520	0.00898	0.01036	0.00829	0.00553	0.00415	0.00138	0.00691	0.00345	0.00276	0.00829
64	0.00773	0.00655	0.00668	0.00665	0.00879	0.00550	0.00499	0.00946	0.01496	0.01800	0.10797	0.06129	0.68715	0.01616	0.00764	0.00217	0.00326	0.01351	0.00607	0.00550
65	0.01612	0.01713	0.06450	0.01606	0.06181	0.14545	0.04687	0.11106	0.07219	0.02234	0.11435	0.07459	0.05595	0.00997	0.00932	0.00216	0.13973	0.00770	0.00470	0.00801
66	0.76161	0.01290	0.01021	0.00895	0.01304	0.01489	0.00738	0.06864	0.01239	0.02983	0.00946	0.01086	0.00728	0.00612	0.00418	0.00199	0.00515	0.00367	0.00418	0.00728
67	0.01541	0.01519	0.02085	0.01741	0.01836	0.04160	0.05694	0.07620	0.01225	0.01805	0.00942	0.01438	0.00878	0.01050	0.01863	0.00268	0.62693	0.00575	0.00318	0.00752
68	0.01247	0.01176	0.01987	0.70591	0.09386	0.01443	0.01808	0.01675	0.01305	0.01684	0.01153	0.01714	0.00873	0.00641	0.00646	0.00214	0.00855	0.00574	0.00289	0.00740
69	0.81856	0.01250	0.00950	0.00850	0.01250	0.01449	0.00700	0.01899	0.01100	0.02899	0.00900	0.01050	0.00700	0.00600	0.00400	0.00200	0.00500	0.00350	0.00400	0.00700
70	0.00914	0.00660	0.00864	0.00813	0.00965	0.00610	0.00610	0.01219	0.01829	0.02591	0.72921	0.04827	0.06097	0.01321	0.00762	0.00203	0.00305	0.01169	0.00711	0.00610
71	0.00789	0.00610	0.00721	0.00789	0.00913	0.00541	0.00555	0.00941	0.01390	0.01776	0.11208	0.40733	0.33126	0.01797	0.00793	0.00238	0.00349	0.01578	0.00610	0.00541
72	0.01122	0.00561	0.00842	0.00842	0.00842	0.00561	0.00561	0.00842	0.00842	0.01122	0.01122	0.01964	0.01122	0.02245	0.02525	0.81201	0.00561	0.00561	0.00281	0.00281
73	0.01727	0.77681	0.03386	0.01106	0.01658	0.02557	0.01106	0.01935	0.01313	0.01520	0.00898	0.01036	0.00829	0.00553	0.00415	0.00138	0.00691	0.00345	0.00276	0.00829
74	0.01525	0.01743	0.03813	0.02723	0.03377	0.01634	0.70915	0.02070	0.01525	0.02070	0.01307	0.01743	0.00980	0.00545	0.00763	0.00218	0.01089	0.00763	0.00327	0.00871
75	0.01296	0.03342	0.73944	0.01842	0.02797	0.01501	0.02387	0.02046	0.01364	0.02046	0.01160	0.01364	0.00818	0.00614	0.00614	0.00205	0.00955	0.00477	0.00273	0.00955
76	0.00786	0.00565	0.00747	0.00891	0.00935	0.00526	0.00596	0.00901	0.01245	0.01653	0.03661	0.74502	0.06578	0.02011	0.00823	0.00261	0.00373	0.01821	0.00600	0.00526
77	0.00931	0.00687	0.01031	0.01031	0.01142	0.00798	0.00798	0.01142	0.01031	0.01486	0.01708	0.02517	0.01597	0.04747	0.71983	0.04090	0.01686	0.00687	0.00344	0.00566
78	0.00942	0.00667	0.00853	0.00808	0.00971	0.00608	0.00605	0.01224	0.01771	0.04164	0.61896	0.07488	0.12842	0.01366	0.00762	0.00207	0.00315	0.01200	0.00698	0.00612
79	0.10921	0.17682	0.02044	0.01465	0.01849	0.52415	0.01160	0.02378	0.01649	0.01713	0.00968	0.01127	0.00817	0.00636	0.00529	0.00164	0.00999	0.00395	0.00329	0.00760
80	0.00938	0.00628	0.00713	0.00710	0.00718	0.00626	0.00403	0.00954	0.00986	0.01323	0.05761	0.04260	0.02546	0.73300	0.03156	0.00604	0.00610	0.00952	0.00408	0.00403
81	0.01496	0.10152	0.48838	0.01883	0.02698	0.05450	0.13628	0.02109	0.01429	0.04703	0.01203	0.01417	0.00877	0.00606	0.00619	0.00198	0.00948	0.00516	0.00305	0.00923
82	0.00923	0.00692	0.01038	0.01038	0.01154	0.00808	0.00808	0.01154	0.01038	0.01500	0.01731	0.02538	0.01615	0.04846	0.74732	0.01038	0.01731	0.00692	0.00346	0.00577
83	0.01863	0.02154	0.01664	0.01497	0.01751	0.42519	0.03737	0.03955	0.01550	0.01630	0.01251	0.01716	0.01120	0.05758	0.19190	0.00417	0.06644	0.00540	0.00344	0.00699
84	0.01525	0.01743	0.03813	0.02723	0.03377	0.01634	0.70915	0.02070	0.01525	0.02070	0.01307	0.01743	0.00980	0.00545	0.00763	0.00218	0.01089	0.00763	0.00327	0.00871
85	0.01723	0.74800	0.03313	0.01113	0.01659	0.02521	0.01102	0.01991	0.03986	0.01565	0.00964	0.01088	0.00872	0.00565	0.00424	0.00141	0.00684	0.00360	0.00291	0.00836
86	0.01220	0.01148	0.01938	0.75739	0.04450	0.01436	0.01794	0.01651	0.01292	0.01651	0.01148	0.01723	0.00861	0.00646	0.00646	0.00215	0.00861	0.00574	0.00287	0.00718
87	0.01749	0.01498	0.01847	0.02041	0.20547	0.01655	0.01310	0.14519	0.41833	0.02779	0.02075	0.02052	0.01575	0.00780	0.00651	0.00208	0.00613	0.00665	0.00567	0.01036
88	0.00938	0.00631	0.00730	0.00730	0.00739	0.00640	0.00423	0.00956	0.00947	0.01272	0.02013	0.04100	0.02293	0.71773	0.08731	0.00658	0.00711	0.00921	0.00388	0.00406
89	0.00940	0.00626	0.00705	0.00705	0.00705	0.00626	0.00392	0.00940	0.00940	0.01253	0.02036	0.04228	0.02349	0.77292	0.03289	0.00626	0.00626	0.00940	0.00392	0.00392
90	0.01414	0.01414	0.01979	0.01696	0.01696	0.01979	0.01414	0.01555	0.00990	0.01555	0.00848	0.01414	0.00848	0.01131	0.02120	0.00283	0.76110	0.00565	0.00283	0.00707
91	0.01738	0.01453	0.01535	0.01341	0.01730	0.01668	0.01054	0.13883	0.61431	0.02914	0.02463	0.02278	0.01837	0.00861	0.00656	0.00215	0.00542	0.00708	0.00656	0.01034
92	0.00938	0.00628	0.00713	0.00710	0.00718	0.00626	0.00403	0.00954	0.00986	0.01323	0.05761	0.04260	0.02546	0.73300	0.03156	0.00604	0.00610	0.00952	0.00408	0.00403
93	0.01296	0.03342	0.73944	0.01842	0.02797	0.01501	0.02387	0.02046	0.01364	0.02046	0.01160	0.01364	0.00818	0.00614	0.00614	0.00205	0.00955	0.00477	0.00273	0.00955
94	0.00924	0.00688	0.00829	0.00905	0.01063	0.00650	0.00714	0.01191	0.03950	0.01870	0.04416	0.20908	0.27758	0.01677	0.00793	0.00249	0.00432	0.24046	0.06359	0.00579
95	0.01312	0.06150	0.71280	0.01814	0.02754	0.01540	0.02339	0.02042	0.01362	0.02026	0.01150	0.01352	0.00819	0.00612	0.00606	0.00202	0.00945	0.00472	0.00273	0.00950
96	0.01553	0.38474	0.32184	0.01561	0.02286	0.02028	0.07890	0.03868	0.01400	0.01853	0.01059	0.01248	0.00846	0.00583	0.00533	0.00174	0.00835	0.00443	0.00289	0.00892
97	0.01204	0.00602	0.00602	0.00602	0.00753	0.00602	0.00452	0.01506	0.01355	0.02409	0.02108	0.02409	0.01656	0.00753	0.00452	0.00151	0.00301	0.00602	0.80879	0.00602
98	0.00920	0.00694	0.00847	0.00899	0.00957	0.02877	0.00612	0.01037	0.01134	0.01520	0.04558	0.32101	0.02974	0.24801	0.20494	0.00564	0.00818	0.01217	0.00469	0.00508
99	0.02237	0.00950	0.01276	0.01029	0.01402	0.00837	0.00820	0.02484	0.01779	0.49837	0.20991	0.03035	0.02834	0.06424	0.00869	0.00231	0.00491	0.00807	0.00747	0.00920
100	0.81856	0.01250	0.00950	0.00850	0.01250	0.01449	0.00700	0.01899	0.01100	0.02899	0.00900	0.01050	0.00700	0.00600	0.00400	0.00200	0.00500	0.00350	0.00400	0.00700
101	0.00795	0.00566	0.00747	0.00889	0.00925	0.00530	0.00589	0.00902	0.01221	0.01629	0.03481	0.73054	0.04172	0.05979	0.00954	0.00282	0.00388	0.01790	0.00589	0.00518
102	0.00794	0.00567	0.00758	0.00908	0.00948	0.00531	0.00612	0.00912	0.01244	0.01657	0.03557	0.74935	0.04258	0.02018	0.00827	0.00263	0.00381	0.03703	0.00600	0.00527
103	0.00940	0.00626	0.00705	0.00705	0.00705	0.00626	0.00392	0.00940	0.00940	0.01253	0.02036	0.04228	0.02349	0.77292	0.03289	0.00626	0.00626	0.00940	0.00392	0.00392
104	0.01339	0.05088	0.44490	0.01488	0.02168	0.01294	0.01732	0.01999	0.06020	0.06704	0.18760	0.02313	0.02224	0.00812	0.00648	0.00203	0.00734	0.00668	0.00437	0.00880
105	0.01765	0.73589	0.03301	0.01136	0.01677	0.06514	0.01113	0.01970	0.01341	0.01524	0.00904	0.01044	0.00829	0.00559	0.00424	0.00140	0.00717	0.00349	0.00279	0.00825
106	0.01113	0.01060	0.04914	0.01206	0.06424	0.00982	0.00882	0.01815	0.22521	0.02083	0.06374	0.18681	0.26705	0.01347	0.00727	0.00224	0.00456	0.01160	0.00584	0.00742
107	0.09876	0.06416	0.01896	0.01618	0.06301	0.33629	0.01212	0.22798	0.02070	0.06485	0.01247	0.01346	0.00953	0.00688	0.00582	0.00180	0.00883	0.00478	0.00454	0.00889
108	0.01448	0.29565	0.49055	0.01582	0.02395	0.01873	0.01935	0.02007	0.01346	0.01861	0.01067	0.01249	0.00822	0.00592	0.00544	0.00181	0.00862	0.00431	0.00274	0.00911
109	0.02899	0.01100	0.01499	0.01150	0.01649	0.00950	0.00950	0.03149	0.01849	0.73709	0.02549	0.02199	0.01599	0.00800	0.00650	0.00200	0.00550	0.00650	0.00800	0.01100
110	0.02379	0.01546	0.01799	0.01393	0.01873	0.01639	0.03441	0.45265	0.06071	0.19530	0.04000	0.01948	0.01450	0.03684	0.00755	0.00214	0.00662	0.00642	0.00663	0.01046
111	0.01488	0.01442	0.01976	0.01681	0.01718	0.01981	0.01400	0.06544	0.01136	0.01736	0.00899	0.01424	0.00866	0.01105	0.02015	0.00276	0.70701	0.00567	0.00309	0.00735
112	0.00932	0.00623	0.00707	0.00715	0.00717	0.00621	0.00402	0.00938	0.00955	0.01274	0.02116	0.08045	0.02450	0.73337	0.03159	0.00607	0.00613	0.00987	0.00402	0.00399
113	0.00934	0.00727	0.00994	0.01021	0.01067	0.00821	0.00739	0.01065	0.01107	0.01539	0.02480	0.36370	0.02820	0.13719	0.20185	0.00517	0.11660	0.01230	0.00459	0.00545
114	0.01599	0.01535	0.02623	0.03966	0.73262	0.01535	0.01983	0.01983	0.01471	0.02111	0.01215	0.01599	0.01023	0.00576	0.00640	0.00192	0.00768	0.00576	0.00320	0.01023
115	0.01247	0.01176	0.01987	0.70591	0.09386	0.01443	0.01808	0.01675	0.01305	0.01684	0.01153	0.01714	0.00873	0.00641	0.00646	0.00214	0.00855	0.00574	0.00289	0.00740
116	0.00897	0.00660	0.00839	0.00794	0.00954	0.00602	0.00596	0.01185	0.01787	0.02491	0.65083	0.04991	0.13997	0.01358	0.00762	0.00205	0.00307	0.01192	0.00698	0.00602
117	0.01622	0.01635	0.04632	0.02176	0.07639	0.03465	0.34442	0.06596	0.18558	0.04520	0.01823	0.02026	0.03294	0.00847	0.03503	0.00244	0.00889	0.00724	0.00447	0.00918
118	0.04309	0.01658	0.02224	0.04947	0.36598	0.07542	0.03734	0.12265	0.11535	0.02415	0.01414	0.01651	0.01125	0.00687	0.00718	0.00201	0.05008	0.00583	0.00415	0.00970
119	0.01231	0.01159	0.01957	0.73716	0.06390	0.01438	0.01800	0.01660	0.01297	0.01664	0.01150	0.01719	0.00866	0.00644	0.00646	0.00215	0.00859	0.00574	0.00288	0.00726
120	0.01481	0.08090	0.41992	0.01956	0.02733	0.04398	0.19630	0.05904	0.01527	0.02127	0.03365	0.01545	0.01036	0.00624	0.00643	0.00201	0.00945	0.00565	0.00323	0.00914
121	0.04548	0.01441	0.02412	0.19337	0.55693	0.01510	0.01894	0.01908	0.01419	0.02041	0.01189	0.01605	0.00976	0.00592	0.00632	0.00197	0.00778	0.00567	0.00316	0.00945
122	0.01096	0.00947	0.01371	0.01271	0.01345	0.01222	0.01022	0.01296	0.01021	0.01519	0.01419	0.02141	0.01344	0.03533	0.49077	0.00771	0.28010	0.00647	0.00324	0.00623
123	0.52827	0.01194	0.01152	0.00960	0.01397	0.01266	0.00792	0.02359	0.01375	0.28933	0.01506	0.01472	0.01031	0.00673	0.00492	0.00200	0.00518	0.00460	0.00547	0.00847
124	0.02450	0.01998	0.01923	0.01513	0.02003	0.12801	0.01231	0.60929	0.02859	0.03702	0.01469	0.01494	0.01059	0.00759	0.00637	0.00190	0.00778	0.00557	0.00600	0.01047
125	0.01627	0.01519	0.02384	0.19136	0.49218	0.03409	0.01845	0.09104	0.01604	0.02202	0.01230	0.01610	0.00991	0.00614	0.00640	0.00197	0.00792	0.00572	0.00347	0.00958
126	0.01754	0.05510	0.02692	0.03158	0.45833	0.01547	0.13321	0.02129	0.01502	0.11293	0.01372	0.01664	0.01074	0.00619	0.00706	0.00198	0.03657	0.00604	0.00379	0.00986
127	0.01607	0.01388	0.01461	0.01315	0.01680	0.01607	0.01023	0.03433	0.72094	0.02703	0.02630	0.02411	0.01972	0.00877	0.00657	0.00219	0.00511	0.00731	0.00657	0.01023
128	0.00972	0.00635	0.00842	0.00882	0.00994	0.00585	0.00626	0.01169	0.01509	0.06631	0.30715	0.43819	0.04818	0.01670	0.00789	0.00235	0.00359	0.01499	0.00656	0.00595
129	0.07209	0.01604	0.02084	0.02023	0.14930	0.12693	0.14932	0.10042	0.01686	0.08959	0.01784	0.15723	0.01637	0.00902	0.00675	0.00208	0.00774	0.00817	0.00464	0.00851
130	0.02414	0.03079	0.01831	0.01665	0.01998	0.74698	0.01248	0.02580	0.01831	0.01581	0.00999	0.01165	0.00832	0.00666	0.00583	0.00166	0.01165	0.00416	0.00333	0.00749
131	0.01599	0.01535	0.02623	0.03966	0.73262	0.01535	0.01983	0.01983	0.01471	0.02111	0.01215	0.01599	0.01023	0.00576	0.00640	0.00192	0.00768	0.00576	0.00320	0.01023
132	0.02347	0.02811	0.01854	0.01646	0.01977	0.60977	0.01258	0.10524	0.01912	0.01871	0.01053	0.01228	0.00865	0.00712	0.00700	0.00178	0.06488	0.00446	0.00366	0.00787
133	0.08563	0.01110	0.01460	0.01128	0.01621	0.00986	0.00932	0.03059	0.01796	0.68630	0.02431	0.02117	0.01535	0.00785	0.00632	0.00200	0.00546	0.00628	0.00771	0.01071
134	0.00802	0.00658	0.00708	0.00701	0.00903	0.00564	0.00529	0.00999	0.01549	0.01929	0.20524	0.05949	0.57191	0.01573	0.00766	0.00217	0.00329	0.02925	0.00623	0.00560
135	0.02774	0.01277	0.06706	0.01207	0.01740	0.01013	0.01059	0.04630	0.01842	0.66970	0.02427	0.02124	0.01532	0.00786	0.00647	0.00200	0.00583	0.00636	0.00758	0.01089
136	0.00801	0.00572	0.00766	0.00916	0.00959	0.00537	0.00624	0.00924	0.01251	0.01665	0.03554	0.73051	0.04243	0.02011	0.00828	0.00264	0.00387	0.05519	0.00600	0.00529
137	0.01649	0.01637	0.09152	0.05334	0.31375	0.01533	0.04084	0.04106	0.25334	0.06429	0.01772	0.01893	0.01350	0.00700	0.00649	0.00205	0.00701	0.00629	0.00463	0.01005
138	0.01595	0.17685	0.14124	0.05374	0.38240	0.06241	0.01776	0.01988	0.01447	0.01942	0.03069	0.01510	0.01070	0.00605	0.00589	0.00182	0.00797	0.00518	0.00314	0.00933
139	0.01555	0.01539	0.07485	0.25518	0.39008	0.01489	0.03964	0.04139	0.01480	0.05789	0.01274	0.01654	0.00990	0.00617	0.00644	0.00201	0.00806	0.00578	0.00342	0.00927
140	0.01238	0.00857	0.00999	0.00906	0.01150	0.03040	0.00685	0.03542	0.01655	0.10485	0.30053	0.17118	0.14534	0.01307	0.00721	0.00203	0.00407	0.01132	0.00635	0.09333

[dist]
# distance from previous block
# <min> <max>
4	8

[block]
# block no. 1 follows, 34 sequences, length 7
# corresponding to MSA columns:
# 152-158
name=unknown_B
#
# <colnr> <probs for GDERKNQSTAVLIFYWHMCP>
#	G	D	E	R	K	N	Q	S	T	A	V	L	I	F	Y	W	H	M	C	P
0	0.01366	0.00993	0.01418	0.01559	0.15098	0.00948	0.03588	0.04221	0.04291	0.10874	0.28009	0.03916	0.16271	0.01125	0.00722	0.00208	0.00490	0.03521	0.00603	0.00778
1	0.01202	0.01102	0.01546	0.01272	0.01523	0.01189	0.06410	0.01444	0.01312	0.01905	0.12663	0.02685	0.11663	0.01318	0.06921	0.00271	0.24452	0.00748	0.00423	0.19951
2	0.81856	0.01250	0.00950	0.00850	0.01250	0.01449	0.00700	0.01899	0.01100	0.02899	0.00900	0.01050	0.00700	0.00600	0.00400	0.00200	0.00500	0.00350	0.00400	0.00700
3	0.01285	0.01077	0.01252	0.00922	0.01418	0.00829	0.00714	0.01532	0.01285	0.01988	0.01271	0.01737	0.01149	0.11048	0.00865	0.00169	0.00499	0.00459	0.00384	0.70117
4	0.01220	0.01148	0.01938	0.75739	0.04450	0.01436	0.01794	0.01651	0.01292	0.01651	0.01148	0.01723	0.00861	0.00646	0.00646	0.00215	0.00861	0.00574	0.00287	0.00718
5	0.81856	0.01250	0.00950	0.00850	0.01250	0.01449	0.00700	0.01899	0.01100	0.02899	0.00900	0.01050	0.00700	0.00600	0.00400	0.00200	0.00500	0.00350	0.00400	0.00700
6	0.01396	0.20635	0.57531	0.01670	0.02532	0.01746	0.02089	0.02020	0.01352	0.01924	0.01099	0.01288	0.00821	0.00600	0.00568	0.00189	0.00894	0.00447	0.00274	0.00926

[dist]
# distance from previous block
# <min> <max>
0	11

[block]
# block no. 2 follows, 34 sequences, length 9
# corresponding to MSA columns:
# 170-178
name=unknown_C
#
# <colnr> <probs for GDERKNQSTAVLIFYWHMCP>
#	G	D	E	R	K	N	Q	S	T	A	V	L	I	F	Y	W	H	M	C	P
0	0.01901	0.16599	0.10222	0.01394	0.01952	0.15881	0.05768	0.05800	0.01604	0.11618	0.01292	0.01403	0.00988	0.00608	0.00552	0.00157	0.00770	0.00464	0.00406	0.20621
1	0.01450	0.01597	0.03352	0.20648	0.03640	0.01585	0.53947	0.01967	0.01468	0.01967	0.01268	0.01738	0.00951	0.00570	0.00734	0.00217	0.01033	0.00716	0.00317	0.00834
2	0.01315	0.01207	0.01821	0.57469	0.03770	0.01478	0.01605	0.02088	0.18673	0.01909	0.01512	0.01892	0.01134	0.00703	0.00649	0.00216	0.00775	0.00613	0.00378	0.00793
3	0.01563	0.01513	0.06065	0.23602	0.11808	0.01507	0.16347	0.13100	0.04914	0.04172	0.03670	0.02053	0.05292	0.00725	0.00679	0.00209	0.00809	0.00682	0.00417	0.00874
4	0.01114	0.01005	0.01646	0.57367	0.03588	0.01212	0.01501	0.01466	0.01279	0.01651	0.01741	0.20171	0.01699	0.00984	0.00690	0.00227	0.00742	0.00884	0.00364	0.00670
5	0.20897	0.00989	0.01301	0.19498	0.02028	0.01197	0.01065	0.01486	0.01113	0.01884	0.01325	0.01897	0.01154	0.02521	0.33402	0.00579	0.06102	0.00571	0.00341	0.00650
6	0.01884	0.01593	0.01607	0.06401	0.03922	0.19108	0.03037	0.05495	0.12714	0.15188	0.01771	0.01973	0.01369	0.01748	0.18823	0.00402	0.01033	0.00609	0.00484	0.00840
7	0.01491	0.01206	0.01640	0.04153	0.17641	0.01307	0.01203	0.18646	0.05746	0.02371	0.01950	0.04271	0.05178	0.02203	0.25502	0.00485	0.01027	0.02691	0.00457	0.00833
8	0.41836	0.09476	0.15467	0.01281	0.01796	0.04973	0.04793	0.05582	0.01322	0.02479	0.01006	0.01197	0.00785	0.00638	0.00581	0.00198	0.05010	0.00423	0.00363	0.00794

[dist]
# distance from previous block
# <min> <max>
0	7

[block]
# block no. 3 follows, 34 sequences, length 7
# corresponding to MSA columns:
# 186-192
name=unknown_D
#
# <colnr> <probs for GDERKNQSTAVLIFYWHMCP>
#	G	D	E	R	K	N	Q	S	T	A	V	L	I	F	Y	W	H	M	C	P
0	0.08063	0.04366	0.07817	0.05982	0.01602	0.01049	0.00968	0.01886	0.08902	0.12121	0.24545	0.08711	0.05830	0.01032	0.00663	0.00203	0.00502	0.00872	0.00579	0.04307
1	0.01482	0.09472	0.14032	0.01624	0.09476	0.04441	0.04246	0.07478	0.01529	0.06429	0.05160	0.10855	0.07630	0.01286	0.06783	0.00275	0.05763	0.00789	0.00438	0.00812
2	0.01599	0.11026	0.01823	0.01338	0.01660	0.12211	0.05084	0.04946	0.06845	0.06219	0.01476	0.01824	0.01243	0.02004	0.23852	0.00450	0.07897	0.00570	0.00396	0.07537
3	0.01102	0.01400	0.18359	0.01165	0.01535	0.00981	0.01133	0.07118	0.01470	0.02015	0.08925	0.07657	0.16893	0.02240	0.21859	0.00452	0.00921	0.03609	0.00463	0.00704
4	0.01570	0.16875	0.07977	0.01393	0.07635	0.01422	0.01144	0.01871	0.01357	0.07762	0.01191	0.01379	0.00968	0.00598	0.00653	0.00147	0.07438	0.00437	0.00372	0.37813
5	0.01822	0.23427	0.06940	0.08030	0.02050	0.06074	0.01224	0.16620	0.11628	0.05422	0.01563	0.01639	0.02993	0.00697	0.00565	0.00175	0.00698	0.00525	0.00451	0.07456
6	0.01691	0.01439	0.07399	0.01460	0.01900	0.01351	0.10789	0.02771	0.35191	0.14562	0.08959	0.05581	0.02165	0.00887	0.00684	0.00215	0.00608	0.00789	0.00608	0.00950

[dist]
# distance from previous block
# <min> <max>
153	470

[block]
# block no. 4 follows, 34 sequences, length 17
# corresponding to MSA columns:
# 831-847
name=unknown_E
#
# <colnr> <probs for GDERKNQSTAVLIFYWHMCP>
#	G	D	E	R	K	N	Q	S	T	A	V	L	I	F	Y	W	H	M	C	P
0	0.01682	0.01328	0.01534	0.01272	0.01699	0.01393	0.03543	0.08384	0.41190	0.08067	0.06085	0.02230	0.01871	0.00799	0.00632	0.00191	0.00534	0.00671	0.00606	0.16289
1	0.46409	0.01095	0.01168	0.00996	0.01343	0.01175	0.06021	0.01763	0.01398	0.06344	0.23547	0.02342	0.02455	0.00831	0.00553	0.00202	0.00486	0.00653	0.00512	0.00705
2	0.01817	0.57329	0.02887	0.01145	0.01651	0.02243	0.01076	0.11575	0.01575	0.05561	0.01276	0.06931	0.01168	0.00708	0.00490	0.00159	0.00663	0.00507	0.00379	0.00857
3	0.17350	0.07009	0.01560	0.01127	0.01593	0.01269	0.02587	0.06405	0.07321	0.28723	0.03562	0.02017	0.01464	0.00751	0.00577	0.00187	0.00556	0.03383	0.00584	0.11976
4	0.59846	0.11996	0.01425	0.00972	0.01409	0.01680	0.00828	0.11338	0.01394	0.02866	0.00988	0.01116	0.00772	0.00617	0.00436	0.00190	0.00555	0.00381	0.00416	0.00772
5	0.01220	0.01148	0.01938	0.75739	0.04450	0.01436	0.01794	0.01651	0.01292	0.01651	0.01148	0.01723	0.00861	0.00646	0.00646	0.00215	0.00861	0.00574	0.00287	0.00718
6	0.06250	0.62958	0.03042	0.01157	0.01684	0.07493	0.01102	0.06806	0.01458	0.01779	0.00951	0.01082	0.00841	0.00579	0.00442	0.00147	0.00715	0.00367	0.00313	0.00835
7	0.02899	0.01100	0.01499	0.01150	0.01649	0.00950	0.00950	0.03149	0.01849	0.73709	0.02549	0.02199	0.01599	0.00800	0.00650	0.00200	0.00550	0.00650	0.00800	0.01100
8	0.00787	0.00562	0.00750	0.00900	0.00937	0.00525	0.00600	0.00900	0.01237	0.01649	0.03561	0.76871	0.04274	0.02024	0.00825	0.00262	0.00375	0.01837	0.00600	0.00525
9	0.00787	0.00562	0.00750	0.00900	0.00937	0.00525	0.00600	0.00900	0.01237	0.01649	0.03561	0.76871	0.04274	0.02024	0.00825	0.00262	0.00375	0.01837	0.00600	0.00525
10	0.02786	0.01281	0.01612	0.01236	0.01740	0.01219	0.01021	0.20496	0.02153	0.55933	0.02294	0.02034	0.01472	0.00794	0.00649	0.00198	0.00591	0.00632	0.00761	0.01099
11	0.02456	0.01810	0.01939	0.01487	0.02004	0.02004	0.01228	0.71107	0.03038	0.04072	0.01551	0.01551	0.01099	0.00776	0.00646	0.00194	0.00711	0.00582	0.00646	0.01099
12	0.00764	0.00655	0.00655	0.00655	0.00873	0.00545	0.00491	0.00927	0.01473	0.01745	0.06546	0.06218	0.73000	0.01636	0.00764	0.00218	0.00327	0.01364	0.00600	0.00545
13	0.01301	0.01278	0.02277	0.57352	0.04086	0.01484	0.15217	0.01832	0.05298	0.01791	0.01262	0.01765	0.00947	0.00639	0.00669	0.00216	0.00886	0.00620	0.00316	0.00765
14	0.58450	0.01472	0.01209	0.01032	0.01452	0.07079	0.00842	0.13310	0.01513	0.06951	0.01106	0.01205	0.00825	0.00645	0.00468	0.00196	0.00588	0.00410	0.00457	0.00791
15	0.02804	0.01119	0.01498	0.01154	0.01642	0.00990	0.00951	0.06479	0.01908	0.67598	0.05097	0.02264	0.01740	0.00818	0.00654	0.00200	0.00549	0.00666	0.00789	0.01081
16	0.81856	0.01250	0.00950	0.00850	0.01250	0.01449	0.00700	0.01899	0.01100	0.02899	0.00900	0.01050	0.00700	0.00600	0.00400	0.00200	0.00500	0.00350	0.00400	0.00700

[dist]
# distance from previous block
# <min> <max>
0	1

[block]
# block no. 5 follows, 34 sequences, length 27
# corresponding to MSA columns:
# 849-875
name=unknown_F
#
# <colnr> <probs for GDERKNQSTAVLIFYWHMCP>
#	G	D	E	R	K	N	Q	S	T	A	V	L	I	F	Y	W	H	M	C	P
0	0.00793	0.00643	0.00704	0.00715	0.00897	0.00554	0.00526	0.00975	0.01504	0.01881	0.17797	0.15280	0.52210	0.01632	0.00771	0.00221	0.00330	0.01392	0.00620	0.00554
1	0.61817	0.01440	0.01269	0.01076	0.01482	0.05407	0.03608	0.10328	0.01386	0.02888	0.00998	0.01158	0.00772	0.00642	0.00518	0.00201	0.03426	0.00406	0.00419	0.00758
2	0.05016	0.01334	0.01598	0.01248	0.01722	0.01333	0.01029	0.28224	0.02258	0.39753	0.06113	0.02203	0.01694	0.00840	0.00653	0.00200	0.00596	0.02420	0.00720	0.01046
3	0.00787	0.00562	0.00750	0.00900	0.00937	0.00525	0.00600	0.00900	0.01237	0.01649	0.03561	0.76871	0.04274	0.02024	0.00825	0.00262	0.00375	0.01837	0.00600	0.00525
4	0.01411	0.01343	0.02283	0.39583	0.39114	0.01486	0.01889	0.01818	0.01382	0.01883	0.01182	0.01660	0.00943	0.00611	0.00643	0.00204	0.00814	0.00575	0.00304	0.00872
5	0.01599	0.01535	0.02623	0.03966	0.73262	0.01535	0.01983	0.01983	0.01471	0.02111	0.01215	0.01599	0.01023	0.00576	0.00640	0.00192	0.00768	0.00576	0.00320	0.01023
6	0.01364	0.01097	0.01226	0.01129	0.01394	0.01153	0.00854	0.02337	0.34920	0.02698	0.35191	0.03863	0.07548	0.01197	0.00762	0.00234	0.00450	0.00999	0.00716	0.00867
7	0.01727	0.77681	0.03386	0.01106	0.01658	0.02557	0.01106	0.01935	0.01313	0.01520	0.00898	0.01036	0.00829	0.00553	0.00415	0.00138	0.00691	0.00345	0.00276	0.00829
8	0.01599	0.01535	0.02623	0.03966	0.73262	0.01535	0.01983	0.01983	0.01471	0.02111	0.01215	0.01599	0.01023	0.00576	0.00640	0.00192	0.00768	0.00576	0.00320	0.01023
9	0.02454	0.01757	0.01900	0.01463	0.01974	0.01933	0.01206	0.65217	0.05157	0.07871	0.01640	0.01614	0.01154	0.00780	0.00647	0.00195	0.00696	0.00590	0.00655	0.01096
10	0.01530	0.01729	0.03733	0.02807	0.08080	0.01627	0.66276	0.02064	0.01521	0.02072	0.01301	0.01733	0.00983	0.00547	0.00754	0.00216	0.01068	0.00750	0.00326	0.00882
11	0.00787	0.00562	0.00750	0.00900	0.00937	0.00525	0.00600	0.00900	0.01237	0.01649	0.03561	0.76871	0.04274	0.02024	0.00825	0.00262	0.00375	0.01837	0.00600	0.00525
12	0.01500	0.38557	0.40521	0.01493	0.02257	0.02001	0.01780	0.01993	0.01340	0.01797	0.01036	0.01209	0.00824	0.00585	0.00519	0.00173	0.00830	0.00415	0.00275	0.00895
13	0.01582	0.01518	0.02592	0.07207	0.70155	0.01531	0.01974	0.01968	0.01463	0.02090	0.01212	0.01605	0.01016	0.00579	0.00640	0.00193	0.00772	0.00576	0.00318	0.01010
14	0.01340	0.01148	0.01340	0.00957	0.01531	0.00861	0.00766	0.01627	0.01340	0.02105	0.01148	0.01340	0.00957	0.00479	0.00479	0.00096	0.00479	0.00383	0.00383	0.81242
15	0.02454	0.01874	0.01934	0.01496	0.02003	0.05673	0.01229	0.67649	0.02977	0.03946	0.01523	0.01532	0.01085	0.00770	0.00643	0.00193	0.00734	0.00573	0.00631	0.01081
16	0.01094	0.00737	0.00944	0.00853	0.01061	0.00672	0.00649	0.01430	0.03686	0.07684	0.59836	0.04436	0.07722	0.01238	0.00736	0.00198	0.00338	0.01085	0.00695	0.04906
17	0.00800	0.00582	0.00757	0.00887	0.00950	0.00539	0.00610	0.00931	0.01287	0.01697	0.05765	0.65079	0.10763	0.01957	0.00820	0.00258	0.00378	0.04802	0.00603	0.00532
18	0.00787	0.00562	0.00750	0.00900	0.00937	0.00525	0.00600	0.00900	0.01237	0.01649	0.03561	0.76871	0.04274	0.02024	0.00825	0.00262	0.00375	0.01837	0.00600	0.00525
19	0.01563	0.01746	0.03736	0.02673	0.03321	0.01649	0.68062	0.04896	0.01587	0.02152	0.01317	0.01735	0.00985	0.00554	0.00758	0.00217	0.01074	0.00755	0.00340	0.00881
20	0.07124	0.03191	0.68664	0.01770	0.02685	0.01497	0.02265	0.02036	0.01345	0.02108	0.01141	0.01341	0.00810	0.00613	0.00598	0.00204	0.00922	0.00468	0.00282	0.00936
21	0.02376	0.01107	0.01552	0.01362	0.06782	0.01011	0.03033	0.02770	0.07046	0.50665	0.12780	0.02545	0.02229	0.00858	0.00669	0.00202	0.00542	0.00730	0.00727	0.01010
22	0.01333	0.01284	0.02009	0.47557	0.17635	0.04160	0.01711	0.01708	0.01306	0.01722	0.01175	0.01713	0.00946	0.00974	0.06116	0.00274	0.06733	0.00577	0.00299	0.00769
23	0.71863	0.01300	0.01123	0.01109	0.06499	0.01485	0.00820	0.05555	0.01229	0.02904	0.00957	0.01116	0.00744	0.00607	0.00430	0.00199	0.00530	0.00378	0.00407	0.00744
24	0.01362	0.10137	0.60309	0.01910	0.05523	0.01609	0.06351	0.02035	0.01373	0.02001	0.01146	0.01365	0.00837	0.00602	0.00605	0.00199	0.00931	0.00486	0.00278	0.00941
25	0.02001	0.01322	0.03276	0.01153	0.01681	0.01166	0.00959	0.17194	0.04335	0.22180	0.04402	0.01792	0.01391	0.00680	0.00582	0.00157	0.00555	0.00543	0.00574	0.34056
26	0.01456	0.01075	0.01266	0.01028	0.01435	0.00968	0.00804	0.06319	0.11419	0.08700	0.13546	0.10454	0.02372	0.00890	0.00614	0.00164	0.00464	0.00756	0.00553	0.35717

[dist]
# distance from previous block
# <min> <max>
9	28

[block]
# block no. 6 follows, 34 sequences, length 25
# corresponding to MSA columns:
# 904-928
name=unknown_G
#
# <colnr> <probs for GDERKNQSTAVLIFYWHMCP>
#	G	D	E	R	K	N	Q	S	T	A	V	L	I	F	Y	W	H	M	C	P
0	0.23859	0.01315	0.01844	0.01372	0.01910	0.01219	0.17694	0.01957	0.01367	0.09271	0.01254	0.01440	0.00954	0.00559	0.00542	0.00164	0.00639	0.00491	0.00415	0.31733
1	0.19660	0.01225	0.01473	0.01091	0.01633	0.01064	0.07041	0.01729	0.01302	0.02283	0.01106	0.01310	0.00901	0.00512	0.00486	0.00130	0.00538	0.00409	0.00382	0.55726
2	0.18396	0.01420	0.04039	0.01168	0.01651	0.08045	0.00983	0.04821	0.01702	0.46009	0.01953	0.01798	0.01286	0.00730	0.00587	0.00194	0.00615	0.00552	0.00640	0.03411
3	0.02421	0.01792	0.01919	0.01479	0.01990	0.01987	0.01220	0.68273	0.05930	0.04015	0.01596	0.01587	0.01135	0.00780	0.00647	0.00195	0.00703	0.00588	0.00647	0.01096
4	0.00787	0.00562	0.00750	0.00900	0.00937	0.00525	0.00600	0.00900	0.01237	0.01649	0.03561	0.76871	0.04274	0.02024	0.00825	0.00262	0.00375	0.01837	0.00600	0.00525
5	0.02899	0.01100	0.01499	0.01150	0.01649	0.00950	0.00950	0.03149	0.01849	0.73709	0.02549	0.02199	0.01599	0.00800	0.00650	0.00200	0.00550	0.00650	0.00800	0.01100
6	0.01727	0.77681	0.03386	0.01106	0.01658	0.02557	0.01106	0.01935	0.01313	0.01520	0.00898	0.01036	0.00829	0.00553	0.00415	0.00138	0.00691	0.00345	0.00276	0.00829
7	0.02899	0.01100	0.01499	0.01150	0.01649	0.00950	0.00950	0.03149	0.01849	0.73709	0.02549	0.02199	0.01599	0.00800	0.00650	0.00200	0.00550	0.00650	0.00800	0.01100
8	0.00787	0.00562	0.00750	0.00900	0.00937	0.00525	0.00600	0.00900	0.01237	0.01649	0.03561	0.76871	0.04274	0.02024	0.00825	0.00262	0.00375	0.01837	0.00600	0.00525
9	0.02856	0.01168	0.01542	0.01182	0.01684	0.01051	0.00977	0.09705	0.01964	0.66992	0.02453	0.02137	0.01551	0.00797	0.00649	0.00199	0.00565	0.00643	0.00785	0.01100
10	0.05669	0.01261	0.01520	0.01189	0.01660	0.03770	0.00974	0.13762	0.02008	0.52829	0.06760	0.02183	0.01745	0.00817	0.00645	0.00198	0.00580	0.00652	0.00738	0.01041
11	0.02899	0.01100	0.01499	0.01150	0.01649	0.00950	0.00950	0.03149	0.01849	0.73709	0.02549	0.02199	0.01599	0.00800	0.00650	0.00200	0.00550	0.00650	0.00800	0.01100
12	0.00787	0.00562	0.00750	0.00900	0.00937	0.00525	0.00600	0.00900	0.01237	0.01649	0.03561	0.76871	0.04274	0.02024	0.00825	0.00262	0.00375	0.01837	0.00600	0.00525
13	0.02352	0.06489	0.01995	0.01655	0.02034	0.59267	0.03872	0.11173	0.01947	0.01911	0.01075	0.01229	0.00871	0.00670	0.00589	0.00170	0.01082	0.00447	0.00369	0.00802
14	0.01649	0.01720	0.02866	0.03448	0.49044	0.07729	0.19882	0.02056	0.01516	0.02056	0.01221	0.01600	0.00996	0.00575	0.00667	0.00197	0.00885	0.00611	0.00323	0.00961
15	0.01220	0.01148	0.01938	0.75739	0.04450	0.01436	0.01794	0.01651	0.01292	0.01651	0.01148	0.01723	0.00861	0.00646	0.00646	0.00215	0.00861	0.00574	0.00287	0.00718
16	0.01599	0.01535	0.02623	0.03966	0.73262	0.01535	0.01983	0.01983	0.01471	0.02111	0.01215	0.01599	0.01023	0.00576	0.00640	0.00192	0.00768	0.00576	0.00320	0.01023
17	0.12881	0.06927	0.08726	0.01515	0.01968	0.32190	0.04917	0.06667	0.11946	0.04404	0.01331	0.01429	0.01027	0.00680	0.00577	0.00186	0.00880	0.00490	0.00413	0.00845
18	0.01577	0.01526	0.02644	0.07392	0.66730	0.01535	0.05122	0.01971	0.01465	0.02087	0.01216	0.01612	0.01014	0.00578	0.00646	0.00194	0.00787	0.00584	0.00319	0.01002
19	0.00914	0.00660	0.00864	0.00813	0.00965	0.00610	0.00610	0.01219	0.01829	0.02591	0.72921	0.04827	0.06097	0.01321	0.00762	0.00203	0.00305	0.01169	0.00711	0.00610
20	0.30862	0.01229	0.01352	0.01080	0.01546	0.01241	0.00891	0.10026	0.01711	0.41088	0.01856	0.01722	0.01226	0.00726	0.00561	0.00199	0.00549	0.00536	0.00641	0.00958
21	0.09041	0.01579	0.02115	0.12003	0.07971	0.11737	0.14147	0.02327	0.01542	0.22436	0.01515	0.01689	0.01087	0.00706	0.00763	0.00207	0.07208	0.00588	0.00459	0.00881
22	0.07162	0.17505	0.03926	0.01397	0.01841	0.04263	0.01209	0.34904	0.06813	0.02920	0.01327	0.01435	0.01028	0.00764	0.00774	0.00195	0.10582	0.00518	0.00488	0.00947
23	0.01709	0.74431	0.06471	0.01138	0.01708	0.02510	0.01162	0.01940	0.01315	0.01543	0.00910	0.01051	0.00829	0.00555	0.00423	0.00141	0.00703	0.00351	0.00276	0.00835
24	0.01736	0.72070	0.06061	0.01155	0.01715	0.05158	0.01160	0.01963	0.01334	0.01543	0.00912	0.01054	0.00829	0.00559	0.00428	0.00142	0.00719	0.00353	0.00278	0.00831

[dist]
# distance from previous block
# <min> <max>
5	8

# created by:
# /usr/local/bin/augustus/scripts/msa2prfl.pl /tmp/new_cug2/without_ca_b/wiskott-aldrich-sydrome-protein.fasta
